0.5 31.9495 42.2663 53.4199 79.7464
0.75 45.7466 64.8521 85.3259 105.71
1 68.0286 87.2618 116.281 150.153
1.25 95.6042 115.743 152.908 179.86
1.5 133.336 142.048 183.827 216.455
1.75 155.283 191.575 217.396 261.785
2 190.844 210.088 289.023 364.971
2.25 285.72 250.005 295.864 384.623
2.5 357.15 384.623 375.947 450.459
2.75 367.654 375.947 595.25 537.645
3 375.947 458.725 423.737 431.043
4 925.944 675.689 657.908 793.667
5 1219.54 847.475 684.945 943.415
6 1562.53 1111.13 1315.82 1470.62
7 1388.92 1190.5 2000.04 1851.89
8 4166.75 2272.77 2941.24 2173.96
9 5555.67 1666.7 3571.5 2500.05
10 3846.23 3846.23 7143 3125.06
11 4166.75 3846.23 3571.5 4166.75
12 8333.5 5555.67 4545.55 3333.4
13 10000.2 10000.2 5555.67 4545.55
14 7143 4166.75 3846.23 7143
15 8333.5 6250.12 7143 10000.2
