 0.005135 -0.005135 0.000026 0.000000 -0.005135 -0.005135 0.005135
 0.254048 0.254048 0.131717 0.259183 0.513232 -0.005135 0.513232
 0.109476 -0.109476 0.321069 0.555953 0.513232 -0.836524 0.836524
 0.169630 -0.169630 0.271443 0.492614 0.513232 -0.836524 0.836524
 0.023992 -0.023992 0.279552 0.528182 0.558559 -0.836524 0.836524
 0.146973 0.146973 0.400226 0.615325 1.001797 -0.836524 1.001797
 0.030842 0.030842 0.406405 0.636752 1.001797 -0.836524 1.001797
 0.000132 0.000132 0.361374 0.601144 1.001797 -0.836524 1.001797
 0.165535 -0.165535 0.568187 0.735381 1.001797 -1.490871 1.490871
 0.142070 -0.142070 0.511846 0.701186 1.001797 -1.490871 1.490871
 0.074212 -0.074212 0.498519 0.702148 1.001797 -1.490871 1.490871
 0.114662 -0.114662 0.483073 0.685511 1.001797 -1.490871 1.490871
 0.007809 -0.007809 0.570849 0.755505 1.274428 -1.490871 1.490871
 0.158243 0.158243 0.913511 0.942587 2.316918 -1.490871 2.316918
 0.061132 0.061132 0.965002 0.980441 2.316918 -1.490871 2.316918
 0.023245 0.023245 0.923258 0.960582 2.316918 -1.490871 2.316918
 0.105033 0.105033 0.986501 0.987658 2.316918 -1.490871 2.316918
 0.085817 0.085817 0.934918 0.963096 2.316918 -1.490871 2.316918
 0.066546 0.066546 0.889848 0.940967 2.316918 -1.490871 2.316918
 0.114246 0.114246 0.897431 0.940414 2.316918 -1.490871 2.316918
 0.105762 0.105762 0.854891 0.918534 2.316918 -1.490871 2.316918
 0.056931 0.056931 0.858672 0.924895 2.316918 -1.490871 2.316918
 0.047119 -0.047119 1.058637 1.027821 2.316918 -2.336208 2.336208
 0.076422 -0.076422 1.037989 1.015947 2.316918 -2.336208 2.336208
 0.010691 -0.010691 1.094673 1.046212 2.316918 -2.336208 2.336208
 0.004873 -0.004873 1.053331 1.026307 2.316918 -2.336208 2.336208
 0.023014 -0.023014 1.023381 1.011361 2.316918 -2.336208 2.336208
 0.021187 -0.021187 0.986860 0.993182 2.316918 -2.336208 2.336208
 0.022836 -0.022836 0.952995 0.975947 2.316918 -2.336208 2.336208
 0.005656 0.005656 0.944299 0.971734 2.316918 -2.336208 2.336208
 0.074109 -0.074109 1.110172 1.051037 2.316918 -2.467054 2.467054
 0.094991 -0.094991 1.092701 1.040998 2.316918 -2.467054 2.467054
 0.067551 -0.067551 1.079496 1.036790 2.316918 -2.467054 2.467054
 0.091710 -0.091710 1.070987 1.030814 2.316918 -2.467054 2.467054
 0.031189 -0.031189 1.157723 1.075523 2.316918 -2.467054 2.467054
 0.026506 -0.026506 1.126088 1.060842 2.316918 -2.467054 2.467054
 0.034422 -0.034422 1.098411 1.047485 2.316918 -2.467054 2.467054
 0.000341 -0.000341 1.111328 1.054195 2.316918 -2.467054 2.467054
 0.006277 -0.006277 1.084211 1.041235 2.316918 -2.467054 2.467054
 0.005140 0.005140 1.062177 1.030607 2.316918 -2.467054 2.467054
 0.053522 -0.053522 1.176757 1.083463 2.316918 -2.467054 2.467054
 0.066567 -0.066567 1.157351 1.073741 2.316918 -2.467054 2.467054
 0.031531 -0.031531 1.178657 1.085202 2.316918 -2.467054 2.467054
 0.016972 0.016972 1.252346 1.118954 2.316918 -2.467054 2.467054
 0.061755 0.061755 1.316289 1.145633 2.316918 -2.467054 2.467054
 0.041671 0.041671 1.303831 1.141093 2.316918 -2.467054 2.467054
 0.051117 0.051117 1.281107 1.130705 2.316918 -2.467054 2.467054
 0.006026 0.006026 1.347457 1.160785 2.316918 -2.467054 2.467054
 0.006851 -0.006851 1.327928 1.152337 2.316918 -2.467054 2.467054
 0.037829 0.037829 1.400576 1.182855 2.316918 -2.467054 2.467054
 0.024167 0.024167 1.381627 1.175178 2.316918 -2.467054 2.467054
 0.020789 -0.020789 1.457991 1.207294 2.316918 -2.467054 2.467054
 0.027731 -0.027731 1.433333 1.196898 2.316918 -2.467054 2.467054
 0.014450 0.014450 1.500544 1.224882 2.316918 -2.467054 2.467054
 0.024797 0.024797 1.479453 1.216075 2.316918 -2.467054 2.467054
 0.016080 0.016080 1.456867 1.206900 2.316918 -2.467054 2.467054
 0.006298 -0.006298 1.459138 1.207931 2.316918 -2.467054 2.467054
 0.002500 0.002500 1.438359 1.199313 2.316918 -2.467054 2.467054
 0.012548 -0.012548 1.427264 1.194616 2.316918 -2.467054 2.467054
 0.041745 -0.041745 1.455359 1.205660 2.316918 -2.467054 2.467054
 0.030859 -0.030859 1.437849 1.198706 2.316918 -2.467054 2.467054
 0.015533 -0.015533 1.428290 1.195010 2.316918 -2.467054 2.467054
 0.018123 -0.018123 1.406125 1.185663 2.316918 -2.467054 2.467054
 0.010980 -0.010980 1.387166 1.177729 2.316918 -2.467054 2.467054
 0.001812 0.001812 1.376182 1.173107 2.316918 -2.467054 2.467054
 0.007480 -0.007480 1.360996 1.166593 2.316918 -2.467054 2.467054
 0.011520 -0.011520 1.341838 1.158320 2.316918 -2.467054 2.467054
 0.004303 0.004303 1.338768 1.157043 2.316918 -2.467054 2.467054
 0.000246 -0.000246 1.320754 1.149241 2.316918 -2.467054 2.467054
 0.004666 0.004666 1.303573 1.141732 2.316918 -2.467054 2.467054
 0.010991 0.010991 1.288112 1.134897 2.316918 -2.467054 2.467054
 0.016899 0.016899 1.272866 1.128087 2.316918 -2.467054 2.467054
 0.023389 0.023389 1.258728 1.121686 2.316918 -2.467054 2.467054
 0.025449 0.025449 1.242136 1.114221 2.316918 -2.467054 2.467054
 0.016780 0.016780 1.230778 1.109278 2.316918 -2.467054 2.467054
 0.024935 0.024935 1.219916 1.104217 2.316918 -2.467054 2.467054
 0.011769 0.011769 1.216771 1.103011 2.316918 -2.467054 2.467054
 0.015419 -0.015419 1.258190 1.121585 2.316918 -2.467054 2.467054
 0.025174 -0.025174 1.250086 1.117789 2.316918 -2.467054 2.467054
 0.015380 -0.015380 1.241650 1.114187 2.316918 -2.467054 2.467054
 0.013038 -0.013038 1.226696 1.107486 2.316918 -2.467054 2.467054
 0.022403 -0.022403 1.219174 1.103935 2.316918 -2.467054 2.467054
 0.040391 -0.040391 1.232155 1.109290 2.316918 -2.467054 2.467054
 0.033653 -0.033653 1.220776 1.104375 2.316918 -2.467054 2.467054
 0.003107 -0.003107 1.283681 1.132992 2.562755 -2.467054 2.562755
 0.008213 -0.008213 1.271029 1.127369 2.562755 -2.467054 2.562755
 0.007619 -0.007619 1.256441 1.120885 2.562755 -2.467054 2.562755
 0.008541 0.008541 1.264898 1.124645 2.562755 -2.467054 2.562755
 0.004786 0.004786 1.251878 1.118863 2.562755 -2.467054 2.562755
 0.010947 -0.010947 1.260094 1.122486 2.562755 -2.467054 2.562755
 0.015985 -0.015985 1.248669 1.117324 2.562755 -2.467054 2.562755
 0.011702 -0.011702 1.236651 1.111986 2.562755 -2.467054 2.562755
 0.004031 -0.004031 1.228647 1.108436 2.562755 -2.467054 2.562755
 0.010531 -0.010531 1.219600 1.104305 2.562755 -2.467054 2.562755
 0.026731 -0.026731 1.232036 1.109649 2.562755 -2.467054 2.562755
 0.008495 -0.008495 1.250160 1.118073 2.562755 -2.467054 2.562755
 0.000104 -0.000104 1.243958 1.115329 2.562755 -2.467054 2.562755
 0.012418 -0.012418 1.246126 1.116231 2.562755 -2.467054 2.562755
 0.015480 -0.015480 1.234545 1.110993 2.562755 -2.467054 2.562755
 0.006954 -0.006954 1.229208 1.108675 2.562755 -2.467054 2.562755
 0.014707 -0.014707 1.223217 1.105894 2.562755 -2.467054 2.562755
 0.015944 -0.015944 1.211419 1.100530 2.562755 -2.467054 2.562755
 0.019457 -0.019457 1.201044 1.095749 2.562755 -2.467054 2.562755
 0.020593 -0.020593 1.189677 1.090529 2.562755 -2.467054 2.562755
 0.020116 -0.020116 1.178356 1.085334 2.562755 -2.467054 2.562755
 0.026648 -0.026648 1.172029 1.082275 2.562755 -2.467054 2.562755
 0.029840 -0.029840 1.162343 1.077707 2.562755 -2.467054 2.562755
 0.021528 -0.021528 1.158555 1.076147 2.562755 -2.467054 2.562755
 0.026749 -0.026749 1.151127 1.072572 2.562755 -2.467054 2.562755
 0.036532 -0.036532 1.151720 1.072560 2.562755 -2.467054 2.562755
 0.032120 -0.032120 1.143194 1.068720 2.562755 -2.467054 2.562755
 0.022291 -0.022291 1.143185 1.068966 2.562755 -2.467054 2.562755
 0.021641 -0.021641 1.133091 1.064248 2.562755 -2.467054 2.562755
 0.005962 -0.005962 1.150501 1.072598 2.562755 -2.467054 2.562755
 0.006428 0.006428 1.158005 1.076087 2.562755 -2.467054 2.562755
 0.010288 0.010288 1.149801 1.072238 2.562755 -2.467054 2.562755
 0.029702 0.029702 1.184469 1.087928 2.562755 -2.467054 2.562755
 0.030041 0.030041 1.174472 1.083314 2.562755 -2.467054 2.562755
 0.029346 0.029346 1.164626 1.078779 2.562755 -2.467054 2.562755
 0.038439 0.038439 1.165385 1.078845 2.562755 -2.467054 2.562755
 0.044169 0.044169 1.160178 1.076210 2.562755 -2.467054 2.562755
 0.055388 0.055388 1.167031 1.078871 2.562755 -2.467054 2.562755
 0.053498 0.053498 1.157798 1.074679 2.562755 -2.467054 2.562755
 0.058260 0.058260 1.151805 1.071639 2.562755 -2.467054 2.562755
 0.061671 0.061671 1.144469 1.068020 2.562755 -2.467054 2.562755
 0.059322 0.059322 1.135822 1.064097 2.562755 -2.467054 2.562755
 0.047426 0.047426 1.143468 1.068278 2.562755 -2.467054 2.562755
 0.041318 0.041318 1.138749 1.066322 2.562755 -2.467054 2.562755
 0.037224 0.037224 1.131759 1.063190 2.562755 -2.467054 2.562755
 0.037848 0.037848 1.123161 1.059117 2.562755 -2.467054 2.562755
 0.036580 0.036580 1.114713 1.055166 2.562755 -2.467054 2.562755
 0.038546 0.038546 1.106932 1.051402 2.562755 -2.467054 2.562755
 0.031566 0.031566 1.104562 1.050507 2.562755 -2.467054 2.562755
 0.028596 0.028596 1.097321 1.047141 2.562755 -2.467054 2.562755
 0.033751 0.033751 1.093082 1.044961 2.562755 -2.467054 2.562755
 0.040667 0.040667 1.092025 1.044209 2.562755 -2.467054 2.562755
 0.046289 0.046289 1.088852 1.042454 2.562755 -2.467054 2.562755
 0.047643 0.047643 1.081356 1.038791 2.562755 -2.467054 2.562755
 0.047456 0.047456 1.073580 1.035050 2.562755 -2.467054 2.562755
 0.047581 0.047581 1.065942 1.031348 2.562755 -2.467054 2.562755
 0.051082 0.051082 1.060460 1.028519 2.562755 -2.467054 2.562755
 0.061924 0.061924 1.070809 1.032944 2.562755 -2.467054 2.562755
 0.065397 0.065397 1.065503 1.030158 2.562755 -2.467054 2.562755
 0.070540 0.070540 1.062614 1.028416 2.562755 -2.467054 2.562755
 0.088551 0.088551 1.104897 1.047404 2.682075 -2.467054 2.682075
 0.095249 0.095249 1.105119 1.046922 2.682075 -2.467054 2.682075
 0.107124 0.107124 1.120654 1.053175 2.682075 -2.467054 2.682075
 0.124197 0.124197 1.159957 1.069828 2.682075 -2.467054 2.682075
 0.128695 0.128695 1.156408 1.067636 2.682075 -2.467054 2.682075
 0.127449 0.127449 1.148721 1.064179 2.682075 -2.467054 2.682075
 0.130662 0.130662 1.143598 1.061379 2.682075 -2.467054 2.682075
 0.143750 0.143750 1.165648 1.070039 2.682075 -2.467054 2.682075
 0.146620 0.146620 1.160249 1.067123 2.682075 -2.467054 2.682075
 0.156178 0.156178 1.169727 1.070204 2.682075 -2.467054 2.682075
 0.158423 0.158423 1.163820 1.067109 2.682075 -2.467054 2.682075
 0.149729 0.149729 1.165556 1.069176 2.682075 -2.467054 2.682075
 0.147498 0.147498 1.158388 1.066130 2.682075 -2.467054 2.682075
 0.141526 0.141526 1.155069 1.065382 2.682075 -2.467054 2.682075
 0.143801 0.143801 1.149396 1.062411 2.682075 -2.467054 2.682075
 0.141475 0.141475 1.142539 1.059492 2.682075 -2.467054 2.682075
 0.136395 0.136395 1.138284 1.058149 2.682075 -2.467054 2.682075
 0.134859 0.134859 1.131335 1.055058 2.682075 -2.467054 2.682075
 0.129190 0.129190 1.128215 1.054289 2.682075 -2.467054 2.682075
 0.131959 0.131959 1.123411 1.051664 2.682075 -2.467054 2.682075
 0.124581 0.124581 1.123741 1.052721 2.682075 -2.467054 2.682075
 0.117972 0.117972 1.122671 1.052974 2.682075 -2.467054 2.682075
 0.117037 0.117037 1.115957 1.049885 2.682075 -2.467054 2.682075
 0.111551 0.111551 1.113168 1.049154 2.682075 -2.467054 2.682075
 0.105238 0.105238 1.111982 1.049241 2.682075 -2.467054 2.682075
 0.098675 0.098675 1.111448 1.049624 2.682075 -2.467054 2.682075
 0.096224 0.096224 1.105548 1.047038 2.682075 -2.467054 2.682075
 0.084099 0.084099 1.122128 1.055962 2.682075 -2.467054 2.682075
 0.075264 0.075264 1.127699 1.059261 2.682075 -2.467054 2.682075
 0.074217 0.074217 1.121284 1.056303 2.682075 -2.467054 2.682075
 0.072571 0.072571 1.115138 1.053504 2.682075 -2.467054 2.682075
 0.071170 0.071170 1.108974 1.050670 2.682075 -2.467054 2.682075
 0.072235 0.072235 1.103089 1.047793 2.682075 -2.467054 2.682075
 0.072238 0.072238 1.096922 1.044846 2.682075 -2.467054 2.682075
 0.069043 0.069043 1.092188 1.042795 2.682075 -2.467054 2.682075
 0.065847 0.065847 1.087544 1.040773 2.682075 -2.467054 2.682075
 0.066344 0.066344 1.081670 1.037915 2.682075 -2.467054 2.682075
 0.069633 0.069633 1.078156 1.036005 2.682075 -2.467054 2.682075
 0.074279 0.074279 1.076887 1.035070 2.682075 -2.467054 2.682075
 0.079034 0.079034 1.075932 1.034256 2.682075 -2.467054 2.682075
 0.082839 0.082839 1.073430 1.032748 2.682075 -2.467054 2.682075
 0.087299 0.087299 1.072135 1.031753 2.682075 -2.467054 2.682075
 0.086901 0.086901 1.066402 1.029005 2.682075 -2.467054 2.682075
 0.086450 0.086450 1.060730 1.026283 2.682075 -2.467054 2.682075
 0.085886 0.085886 1.055120 1.023593 2.682075 -2.467054 2.682075
 0.084542 0.084542 1.049717 1.021063 2.682075 -2.467054 2.682075
 0.083209 0.083209 1.044373 1.018553 2.682075 -2.467054 2.682075
 0.082439 0.082439 1.038955 1.015952 2.682075 -2.467054 2.682075
 0.082931 0.082931 1.033735 1.013340 2.682075 -2.467054 2.682075
 0.080543 0.080543 1.029152 1.011269 2.682075 -2.467054 2.682075
 0.080713 0.080713 1.023941 1.008675 2.682075 -2.467054 2.682075
 0.085808 0.085808 1.024660 1.008611 2.682075 -2.467054 2.682075
 0.087763 0.087763 1.020584 1.006420 2.682075 -2.467054 2.682075
 0.083997 0.083997 1.017615 1.005266 2.682075 -2.467054 2.682075
 0.090179 0.090179 1.021179 1.006502 2.682075 -2.467054 2.682075
 0.099288 0.099288 1.034354 1.012174 2.682075 -2.467054 2.682075
 0.088581 0.088581 1.050175 1.020945 2.682075 -2.467054 2.682075
 0.084723 0.084723 1.047338 1.019882 2.682075 -2.467054 2.682075
 0.081734 0.081734 1.043521 1.018254 2.682075 -2.467054 2.682075
 0.075106 0.075106 1.046315 1.020134 2.682075 -2.467054 2.682075
 0.072526 0.072526 1.042216 1.018310 2.682075 -2.467054 2.682075
 0.071920 0.071920 1.037170 1.015873 2.682075 -2.467054 2.682075
 0.071394 0.071394 1.032166 1.013444 2.682075 -2.467054 2.682075
 0.071527 0.071527 1.027251 1.011007 2.682075 -2.467054 2.682075
 0.070965 0.070965 1.022346 1.008618 2.682075 -2.467054 2.682075
 0.068533 0.068533 1.018399 1.006828 2.682075 -2.467054 2.682075
 0.063161 0.063161 1.018947 1.007451 2.682075 -2.467054 2.682075
 0.055384 0.055384 1.025999 1.011401 2.682075 -2.467054 2.682075
 0.051601 0.051601 1.023826 1.010526 2.682075 -2.467054 2.682075
 0.047689 0.047689 1.021925 1.009778 2.682075 -2.467054 2.682075
 0.041612 0.041612 1.024543 1.011342 2.682075 -2.467054 2.682075
 0.033780 0.033780 1.032406 1.015512 2.682075 -2.467054 2.682075
 0.032573 0.032573 1.027888 1.013325 2.682075 -2.467054 2.682075
 0.038063 0.038063 1.030107 1.014228 2.682075 -2.467054 2.682075
 0.042808 0.042808 1.030702 1.014332 2.682075 -2.467054 2.682075
 0.043618 0.043618 1.026239 1.012095 2.682075 -2.467054 2.682075
 0.043058 0.043058 1.021625 1.009837 2.682075 -2.467054 2.682075
 0.041243 0.041243 1.017606 1.007921 2.682075 -2.467054 2.682075
 0.034336 0.034336 1.023119 1.010910 2.682075 -2.467054 2.682075
 0.032777 0.032777 1.018994 1.008920 2.682075 -2.467054 2.682075
 0.038467 0.038467 1.022126 1.010270 2.682075 -2.467054 2.682075
 0.035535 0.035535 1.019327 1.008992 2.682075 -2.467054 2.682075
 0.032050 0.032050 1.017352 1.008129 2.682075 -2.467054 2.682075
 0.031473 0.031473 1.012933 1.005954 2.682075 -2.467054 2.682075
 0.030988 0.030988 1.008537 1.003781 2.682075 -2.467054 2.682075
 0.025471 0.025471 1.010816 1.005071 2.682075 -2.467054 2.682075
 0.013455 0.013455 1.039182 1.019314 2.682075 -2.750152 2.750152
 0.002625 0.002625 1.061623 1.030348 2.682075 -2.750152 2.750152
 0.000944 -0.000944 1.060017 1.029571 2.682075 -2.750152 2.750152
 0.009744 -0.009744 1.073626 1.036114 2.682075 -2.750152 2.750152
 0.014047 -0.014047 1.073492 1.035999 2.682075 -2.750152 2.750152
 0.007704 -0.007704 1.078261 1.038365 2.682075 -2.750152 2.750152
 0.000092 0.000092 1.087994 1.043069 2.682075 -2.750152 2.750152
 0.000586 0.000586 1.083480 1.040903 2.682075 -2.750152 2.750152
 0.003093 0.003093 1.080452 1.039444 2.682075 -2.750152 2.750152
 0.001478 0.001478 1.076567 1.037576 2.682075 -2.750152 2.750152
 0.003046 0.003046 1.072698 1.035707 2.682075 -2.750152 2.750152
 0.002973 0.002973 1.068266 1.033565 2.682075 -2.750152 2.750152
 0.002914 0.002914 1.063870 1.031437 2.682075 -2.750152 2.750152
 0.006369 0.006369 1.062442 1.030729 2.682075 -2.750152 2.750152
 0.015240 0.015240 1.077500 1.037915 2.682075 -2.750152 2.750152
 0.020367 0.020367 1.079743 1.038907 2.682075 -2.750152 2.750152
 0.018168 0.018168 1.076478 1.037375 2.682075 -2.750152 2.750152
 0.019481 0.019481 1.072613 1.035487 2.682075 -2.750152 2.750152
 0.022363 0.022363 1.070487 1.034402 2.682075 -2.750152 2.750152
 0.019072 0.019072 1.068767 1.033636 2.682075 -2.750152 2.750152
 0.016026 0.016026 1.066723 1.032699 2.682075 -2.750152 2.750152
 0.010435 0.010435 1.070190 1.034447 2.682075 -2.750152 2.750152
 0.014193 0.014193 1.069613 1.034124 2.682075 -2.750152 2.750152
 0.019136 0.019136 1.071748 1.035076 2.682075 -2.750152 2.750152
 0.019171 0.019171 1.067548 1.033044 2.682075 -2.750152 2.750152
 0.022932 0.022932 1.067145 1.032773 2.682075 -2.750152 2.750152
 0.022472 0.022472 1.063028 1.030788 2.682075 -2.750152 2.750152
 0.028859 0.028859 1.069722 1.033871 2.682075 -2.750152 2.750152
 0.031748 0.031748 1.067923 1.032916 2.682075 -2.750152 2.750152
 0.032788 0.032788 1.064167 1.031063 2.682075 -2.750152 2.750152
 0.025521 0.025521 1.073401 1.035736 2.682075 -2.750152 2.750152
 0.024948 0.024948 1.069363 1.033799 2.682075 -2.750152 2.750152
 0.026026 0.026026 1.065659 1.031980 2.682075 -2.750152 2.750152
 0.025712 0.025712 1.061635 1.030036 2.682075 -2.750152 2.750152
 0.022363 0.022363 1.060432 1.029530 2.682075 -2.750152 2.750152
 0.023112 0.023112 1.056630 1.027665 2.682075 -2.750152 2.750152
 0.027775 0.027775 1.058694 1.028554 2.682075 -2.750152 2.750152
 0.025049 0.025049 1.056586 1.027599 2.682075 -2.750152 2.750152
 0.026178 0.026178 1.053061 1.025853 2.682075 -2.750152 2.750152
 0.027400 0.027400 1.049630 1.024148 2.682075 -2.750152 2.750152
 0.025841 0.025841 1.046333 1.022578 2.682075 -2.750152 2.750152
 0.018632 0.018632 1.056253 1.027573 2.682075 -2.750152 2.750152
 0.011443 0.011443 1.066224 1.032518 2.682075 -2.750152 2.750152
 0.012949 0.012949 1.062988 1.030932 2.682075 -2.750152 2.750152
 0.014011 0.014011 1.059461 1.029206 2.682075 -2.750152 2.750152
 0.015289 0.015289 1.056110 1.027558 2.682075 -2.750152 2.750152
 0.014092 0.014092 1.052659 1.025895 2.682075 -2.750152 2.750152
 0.012610 0.012610 1.049442 1.024345 2.682075 -2.750152 2.750152
 0.012091 0.012091 1.045743 1.022544 2.682075 -2.750152 2.750152
 0.010660 0.010660 1.042547 1.020996 2.682075 -2.750152 2.750152
 0.006560 0.006560 1.043474 1.021485 2.682075 -2.750152 2.750152
 0.008038 0.008038 1.040410 1.019973 2.682075 -2.750152 2.750152
 0.008466 0.008466 1.036792 1.018195 2.682075 -2.750152 2.750152
 0.008719 0.008719 1.033164 1.016409 2.682075 -2.750152 2.750152
 0.006655 0.006655 1.030718 1.015221 2.682075 -2.750152 2.750152
 0.005489 0.005489 1.027488 1.013636 2.682075 -2.750152 2.750152
 0.000267 0.000267 1.031674 1.015714 2.682075 -2.750152 2.750152
 0.003518 -0.003518 1.032217 1.015975 2.682075 -2.750152 2.750152
 0.002170 -0.002170 1.029161 1.014473 2.682075 -2.750152 2.750152
 0.001170 -0.001170 1.025898 1.012865 2.682075 -2.750152 2.750152
 0.006810 -0.006810 1.031641 1.015675 2.682075 -2.750152 2.750152
 0.010824 -0.010824 1.032869 1.016244 2.682075 -2.750152 2.750152
 0.011618 -0.011618 1.029546 1.014599 2.682075 -2.750152 2.750152
 0.009246 -0.009246 1.027643 1.013685 2.682075 -2.750152 2.750152
 0.006679 -0.006679 1.026056 1.012922 2.682075 -2.750152 2.750152
 0.003767 -0.003767 1.025061 1.012446 2.682075 -2.750152 2.750152
 0.002849 -0.002849 1.021853 1.010863 2.682075 -2.750152 2.750152
 0.006832 -0.006832 1.023173 1.011497 2.682075 -2.750152 2.750152
 0.007323 -0.007323 1.019830 1.009840 2.682075 -2.750152 2.750152
 0.010277 -0.010277 1.019092 1.009448 2.682075 -2.750152 2.750152
 0.010108 -0.010108 1.015711 1.007774 2.682075 -2.750152 2.750152
 0.006327 -0.006327 1.016590 1.008241 2.682075 -2.750152 2.750152
 0.007089 -0.007089 1.013421 1.006663 2.682075 -2.750152 2.750152
 0.007230 -0.007230 1.010096 1.005009 2.682075 -2.750152 2.750152
 0.006651 -0.006651 1.006878 1.003411 2.682075 -2.750152 2.750152
 0.007373 -0.007373 1.003757 1.001850 2.682075 -2.750152 2.750152
 0.004747 -0.004747 1.002566 1.001271 2.682075 -2.750152 2.750152
 0.005030 -0.005030 0.999339 0.999657 2.682075 -2.750152 2.750152
 0.003548 -0.003548 0.996768 0.998376 2.682075 -2.750152 2.750152
 0.004507 -0.004507 0.993844 0.996907 2.682075 -2.750152 2.750152
 0.000618 0.000618 0.998774 0.999386 2.682075 -2.750152 2.750152
 0.004799 0.004799 1.001031 1.000504 2.682075 -2.750152 2.750152
 0.007361 0.007361 0.999912 0.999929 2.682075 -2.750152 2.750152
 0.012118 0.012118 1.003902 1.001876 2.682075 -2.750152 2.750152
 0.011688 0.011688 1.000763 1.000313 2.682075 -2.750152 2.750152
 0.014807 0.014807 1.000744 1.000262 2.682075 -2.750152 2.750152
 0.016605 0.016605 0.998665 0.999194 2.682075 -2.750152 2.750152
 0.013854 0.013854 0.997840 0.998823 2.682075 -2.750152 2.750152
 0.015442 0.015442 0.995561 0.997659 2.682075 -2.750152 2.750152
 0.013712 0.013712 0.993355 0.996578 2.682075 -2.750152 2.750152
 0.012001 0.012001 0.991154 0.995495 2.682075 -2.750152 2.750152
 0.011673 0.011673 0.988103 0.993965 2.682075 -2.750152 2.750152
 0.007925 0.007925 0.989495 0.994702 2.682075 -2.750152 2.750152
 0.007176 0.007176 0.986611 0.993257 2.682075 -2.750152 2.750152
 0.008808 0.008808 0.984463 0.992162 2.682075 -2.750152 2.750152
 0.004114 0.004114 0.988542 0.994246 2.682075 -2.750152 2.750152
 0.004786 0.004786 0.985673 0.992799 2.682075 -2.750152 2.750152
 0.003865 0.003865 0.982937 0.991424 2.682075 -2.750152 2.750152
 0.002695 0.002695 0.980391 0.990143 2.682075 -2.750152 2.750152
 0.004698 0.004698 0.978755 0.989310 2.682075 -2.750152 2.750152
 0.004369 0.004369 0.975831 0.987832 2.682075 -2.750152 2.750152
 0.006971 0.006971 0.975164 0.987479 2.682075 -2.750152 2.750152
 0.009346 0.009346 0.974147 0.986945 2.682075 -2.750152 2.750152
 0.011887 0.011887 0.973434 0.986556 2.682075 -2.750152 2.750152
 0.010719 0.010719 0.970958 0.985314 2.682075 -2.750152 2.750152
 0.013690 0.013690 0.971097 0.985347 2.682075 -2.750152 2.750152
 0.014774 0.014774 0.968641 0.984085 2.682075 -2.750152 2.750152
 0.015062 0.015062 0.965813 0.982642 2.682075 -2.750152 2.750152
 0.017484 0.017484 0.965025 0.982201 2.682075 -2.750152 2.750152
 0.018051 0.018051 0.962317 0.980812 2.682075 -2.750152 2.750152
 0.018701 0.018701 0.959664 0.979446 2.682075 -2.750152 2.750152
 0.021533 0.021533 0.959706 0.979409 2.682075 -2.750152 2.750152
 0.020811 0.020811 0.957058 0.978072 2.682075 -2.750152 2.750152
 0.019925 0.019925 0.954510 0.976787 2.682075 -2.750152 2.750152
 0.017076 0.017076 0.954431 0.976801 2.682075 -2.750152 2.750152
 0.019946 0.019946 0.954621 0.976843 2.682075 -2.750152 2.750152
 0.021296 0.021296 0.952558 0.975758 2.682075 -2.750152 2.750152
 0.021048 0.021048 0.949833 0.974366 2.682075 -2.750152 2.750152
 0.022971 0.022971 0.948483 0.973630 2.682075 -2.750152 2.750152
 0.026784 0.026784 0.951038 0.974844 2.682075 -2.750152 2.750152
 0.025822 0.025822 0.948604 0.973620 2.682075 -2.750152 2.750152
 0.025988 0.025988 0.945929 0.972241 2.682075 -2.750152 2.750152
 0.027701 0.027701 0.944376 0.971395 2.682075 -2.750152 2.750152
 0.027264 0.027264 0.941754 0.970057 2.682075 -2.750152 2.750152
 0.029172 0.029172 0.940499 0.969355 2.682075 -2.750152 2.750152
 0.027093 0.027093 0.939277 0.968784 2.682075 -2.750152 2.750152
 0.026635 0.026635 0.936699 0.967465 2.682075 -2.750152 2.750152
 0.026381 0.026381 0.934094 0.966125 2.682075 -2.750152 2.750152
 0.026214 0.026214 0.931495 0.964784 2.682075 -2.750152 2.750152
 0.025085 0.025085 0.929309 0.963680 2.682075 -2.750152 2.750152
 0.027252 0.027252 0.928540 0.963222 2.682075 -2.750152 2.750152
 0.029569 0.029569 0.928046 0.962898 2.682075 -2.750152 2.750152
 0.028416 0.028416 0.925906 0.961820 2.682075 -2.750152 2.750152
 0.029321 0.029321 0.923714 0.960653 2.682075 -2.750152 2.750152
 0.027616 0.027616 0.922147 0.959887 2.682075 -2.750152 2.750152
 0.028438 0.028438 0.919922 0.958704 2.682075 -2.750152 2.750152
 0.028575 0.028575 0.917432 0.957400 2.682075 -2.750152 2.750152
 0.028026 0.028026 0.915021 0.956157 2.682075 -2.750152 2.750152
 0.033670 0.033670 0.924614 0.960979 2.682075 -2.750152 2.750152
 0.033141 0.033141 0.922187 0.959733 2.682075 -2.750152 2.750152
 0.031400 0.031400 0.920713 0.959024 2.682075 -2.750152 2.750152
 0.031139 0.031139 0.918250 0.957747 2.682075 -2.750152 2.750152
 0.031467 0.031467 0.915851 0.956484 2.682075 -2.750152 2.750152
 0.031531 0.031531 0.913411 0.955205 2.682075 -2.750152 2.750152
 0.032722 0.032722 0.911585 0.954208 2.682075 -2.750152 2.750152
 0.031052 0.031052 0.910102 0.953487 2.682075 -2.750152 2.750152
 0.030082 0.030082 0.907985 0.952408 2.682075 -2.750152 2.750152
 0.034253 0.034253 0.912411 0.954588 2.682075 -2.750152 2.750152
 0.034871 0.034871 0.910194 0.953403 2.682075 -2.750152 2.750152
 0.033802 0.033802 0.908162 0.952376 2.682075 -2.750152 2.750152
 0.035725 0.035725 0.907321 0.951864 2.682075 -2.750152 2.750152
 0.037803 0.037803 0.906748 0.951482 2.682075 -2.750152 2.750152
 0.038520 0.038520 0.904635 0.950343 2.682075 -2.750152 2.750152
 0.040313 0.040313 0.903655 0.949753 2.682075 -2.750152 2.750152
 0.038509 0.038509 0.902419 0.949177 2.682075 -2.750152 2.750152
 0.038060 0.038060 0.900129 0.947987 2.682075 -2.750152 2.750152
 0.039847 0.039847 0.899179 0.947413 2.682075 -2.750152 2.750152
 0.040396 0.040396 0.897026 0.946253 2.682075 -2.750152 2.750152
 0.041280 0.041280 0.895100 0.945196 2.682075 -2.750152 2.750152
 0.040227 0.040227 0.893154 0.944212 2.682075 -2.750152 2.750152
 0.041232 0.041232 0.891350 0.943212 2.682075 -2.750152 2.750152
 0.042996 0.042996 0.890446 0.942655 2.682075 -2.750152 2.750152
 0.041009 0.041009 0.889566 0.942276 2.682075 -2.750152 2.750152
 0.042298 0.042298 0.888071 0.941426 2.682075 -2.750152 2.750152
 0.043345 0.043345 0.886349 0.940463 2.682075 -2.750152 2.750152
 0.044446 0.044446 0.884692 0.939530 2.682075 -2.750152 2.750152
 0.043346 0.043346 0.882852 0.938602 2.682075 -2.750152 2.750152
 0.043754 0.043754 0.880740 0.937457 2.682075 -2.750152 2.750152
 0.044025 0.044025 0.878590 0.936297 2.682075 -2.750152 2.750152
 0.043438 0.043438 0.876485 0.935199 2.682075 -2.750152 2.750152
 0.043251 0.043251 0.874302 0.934040 2.682075 -2.750152 2.750152
 0.044417 0.044417 0.872779 0.933170 2.682075 -2.750152 2.750152
 0.044086 0.044086 0.870633 0.932035 2.682075 -2.750152 2.750152
 0.044440 0.044440 0.868565 0.930908 2.682075 -2.750152 2.750152
 0.045359 0.045359 0.866849 0.929941 2.682075 -2.750152 2.750152
 0.042406 0.042406 0.867992 0.930695 2.682075 -2.750152 2.750152
 0.038394 0.038394 0.872074 0.933059 2.682075 -2.750152 2.750152
 0.039667 0.039667 0.870698 0.932269 2.682075 -2.750152 2.750152
 0.038817 0.038817 0.868801 0.931286 2.682075 -2.750152 2.750152
 0.037398 0.037398 0.867401 0.930593 2.682075 -2.750152 2.750152
 0.036288 0.036288 0.865718 0.929732 2.682075 -2.750152 2.750152
 0.036482 0.036482 0.863649 0.928611 2.682075 -2.750152 2.750152
 0.035541 0.035541 0.861859 0.927683 2.682075 -2.750152 2.750152
 0.031824 0.031824 0.865235 0.929635 2.682075 -2.750152 2.750152
 0.032956 0.032956 0.863756 0.928800 2.682075 -2.750152 2.750152
 0.031923 0.031923 0.862059 0.927922 2.682075 -2.750152 2.750152
 0.031376 0.031376 0.860083 0.926876 2.682075 -2.750152 2.750152
 0.033480 0.033480 0.860010 0.926763 2.682075 -2.750152 2.750152
 0.035515 0.035515 0.859831 0.926591 2.682075 -2.750152 2.750152
 0.034951 0.034951 0.857881 0.925559 2.682075 -2.750152 2.750152
 0.034442 0.034442 0.855919 0.924518 2.682075 -2.750152 2.750152
 0.036670 0.036670 0.856142 0.924553 2.682075 -2.750152 2.750152
 0.033893 0.033893 0.857181 0.925220 2.682075 -2.750152 2.750152
 0.034325 0.034325 0.855271 0.924171 2.682075 -2.750152 2.750152
 0.033742 0.033742 0.853365 0.923161 2.682075 -2.750152 2.750152
 0.032668 0.032668 0.851784 0.922343 2.682075 -2.750152 2.750152
 0.032031 0.032031 0.849923 0.921356 2.682075 -2.750152 2.750152
 0.027731 0.027731 0.855579 0.924559 2.682075 -2.750152 2.750152
 0.024177 0.024177 0.858809 0.926404 2.682075 -2.750152 2.750152
 0.023055 0.023055 0.857299 0.925618 2.682075 -2.750152 2.750152
 0.021898 0.021898 0.855836 0.924855 2.682075 -2.750152 2.750152
 0.020333 0.020333 0.854844 0.924354 2.682075 -2.750152 2.750152
 0.017874 0.017874 0.855390 0.924700 2.682075 -2.750152 2.750152
 0.017481 0.017481 0.853473 0.923670 2.682075 -2.750152 2.750152
 0.017013 0.017013 0.851590 0.922660 2.682075 -2.750152 2.750152
 0.016770 0.016770 0.849655 0.921615 2.682075 -2.750152 2.750152
 0.016521 0.016521 0.847730 0.920574 2.682075 -2.750152 2.750152
 0.017496 0.017496 0.846245 0.919749 2.682075 -2.750152 2.750152
 0.016496 0.016496 0.844722 0.918940 2.682075 -2.750152 2.750152
 0.017373 0.017373 0.843171 0.918079 2.682075 -2.750152 2.750152
 0.015611 0.015611 0.842568 0.917782 2.682075 -2.750152 2.750152
 0.016842 0.016842 0.841371 0.917108 2.682075 -2.750152 2.750152
 0.017286 0.017286 0.839574 0.916120 2.682075 -2.750152 2.750152
 0.016897 0.016897 0.837738 0.915124 2.682075 -2.750152 2.750152
 0.017191 0.017191 0.835904 0.914116 2.682075 -2.750152 2.750152
 0.017734 0.017734 0.834180 0.913163 2.682075 -2.750152 2.750152
 0.016478 0.016478 0.832975 0.912526 2.682075 -2.750152 2.750152
 0.016879 0.016879 0.831202 0.911547 2.682075 -2.750152 2.750152
 0.020696 0.020696 0.836023 0.914108 2.682075 -2.750152 2.750152
 0.021710 0.021710 0.834670 0.913345 2.682075 -2.750152 2.750152
 0.019397 0.019397 0.835132 0.913649 2.682075 -2.750152 2.750152
 0.016279 0.016279 0.837559 0.915038 2.682075 -2.750152 2.750152
 0.015592 0.015592 0.835902 0.914144 2.682075 -2.750152 2.750152
 0.016980 0.016980 0.834978 0.913614 2.682075 -2.750152 2.750152
 0.016016 0.016016 0.833534 0.912840 2.682075 -2.750152 2.750152
 0.017587 0.017587 0.832882 0.912454 2.682075 -2.750152 2.750152
 0.020704 0.020704 0.835609 0.913882 2.682075 -2.750152 2.750152
 0.021507 0.021507 0.834115 0.913046 2.682075 -2.750152 2.750152
 0.019668 0.019668 0.833773 0.912900 2.682075 -2.750152 2.750152
 0.019261 0.019261 0.832022 0.911949 2.682075 -2.750152 2.750152
 0.019859 0.019859 0.830406 0.911050 2.682075 -2.750152 2.750152
 0.019792 0.019792 0.828609 0.910064 2.682075 -2.750152 2.750152
 0.019012 0.019012 0.827071 0.909236 2.682075 -2.750152 2.750152
 0.019313 0.019313 0.825343 0.908279 2.682075 -2.750152 2.750152
 0.019604 0.019604 0.823620 0.907323 2.682075 -2.750152 2.750152
 0.020693 0.020693 0.822449 0.906653 2.682075 -2.750152 2.750152
 0.018486 0.018486 0.822872 0.906935 2.682075 -2.750152 2.750152
 0.020936 0.020936 0.824015 0.907511 2.682075 -2.750152 2.750152
 0.022050 0.022050 0.822887 0.906863 2.682075 -2.750152 2.750152
 0.020587 0.020587 0.822079 0.906452 2.682075 -2.750152 2.750152
 0.020778 0.020778 0.820359 0.905499 2.682075 -2.750152 2.750152
 0.018155 0.018155 0.821759 0.906328 2.682075 -2.750152 2.750152
 0.018873 0.018873 0.820292 0.905503 2.682075 -2.750152 2.750152
 0.020015 0.020015 0.819223 0.904888 2.682075 -2.750152 2.750152
 0.019353 0.019353 0.817681 0.904050 2.682075 -2.750152 2.750152
 0.016731 0.016731 0.819136 0.904907 2.682075 -2.750152 2.750152
 0.013039 0.013039 0.823796 0.907538 2.682075 -2.750152 2.750152
 0.011352 0.011352 0.823390 0.907337 2.682075 -2.750152 2.750152
 0.008040 0.008040 0.826850 0.909278 2.682075 -2.750152 2.750152
 0.008876 0.008876 0.825476 0.908514 2.682075 -2.750152 2.750152
 0.007383 0.007383 0.824805 0.908158 2.682075 -2.750152 2.750152
 0.006094 0.006094 0.823876 0.907655 2.682075 -2.750152 2.750152
 0.004502 0.004502 0.823375 0.907389 2.682075 -2.750152 2.750152
 0.005581 0.005581 0.822247 0.906761 2.682075 -2.750152 2.750152
 0.006323 0.006323 0.820827 0.905973 2.682075 -2.750152 2.750152
 0.004526 0.004526 0.820685 0.905906 2.682075 -2.750152 2.750152
 0.000935 0.000935 0.825246 0.908430 2.682075 -2.750152 2.750152
 0.002588 0.002588 0.824891 0.908232 2.682075 -2.750152 2.750152
 0.001926 0.001926 0.823416 0.907421 2.682075 -2.750152 2.750152
 0.002878 0.002878 0.822183 0.906739 2.682075 -2.750152 2.750152
 0.002774 0.002774 0.820513 0.905818 2.682075 -2.750152 2.750152
 0.001127 0.001127 0.820171 0.905632 2.682075 -2.750152 2.750152
 0.001142 -0.001142 0.821041 0.906112 2.682075 -2.750152 2.750152
 0.001167 0.001167 0.822007 0.906645 2.682075 -2.750152 2.750152
 0.001595 0.001595 0.820439 0.905779 2.682075 -2.750152 2.750152
 0.002691 -0.002691 0.827883 0.909877 2.682075 -2.750152 2.750152
 0.004127 -0.004127 0.827249 0.909523 2.682075 -2.750152 2.750152
 0.006980 -0.006980 0.829668 0.910834 2.682075 -2.750152 2.750152
 0.007474 -0.007474 0.828133 0.909988 2.682075 -2.750152 2.750152
 0.007612 -0.007612 0.826489 0.909082 2.682075 -2.750152 2.750152
 0.003551 -0.003551 0.833039 0.912703 2.682075 -2.750152 2.750152
 0.001564 -0.001564 0.833347 0.912877 2.682075 -2.750152 2.750152
 0.003096 -0.003096 0.832875 0.912615 2.682075 -2.750152 2.750152
 0.004416 -0.004416 0.832109 0.912189 2.682075 -2.750152 2.750152
 0.007703 -0.007703 0.835944 0.914268 2.682075 -2.750152 2.750152
 0.005636 -0.005636 0.836421 0.914543 2.682075 -2.750152 2.750152
 0.009138 -0.009138 0.841029 0.917031 2.682075 -2.750152 2.750152
 0.009614 -0.009614 0.839497 0.916190 2.682075 -2.750152 2.750152
 0.010239 -0.010239 0.838059 0.915398 2.682075 -2.750152 2.750152
 0.012107 -0.012107 0.838234 0.915471 2.682075 -2.750152 2.750152
 0.011770 -0.011770 0.836644 0.914607 2.682075 -2.750152 2.750152
 0.010946 -0.010946 0.835338 0.913903 2.682075 -2.750152 2.750152
 0.013128 -0.013128 0.836198 0.914344 2.682075 -2.750152 2.750152
 0.013979 -0.013979 0.834966 0.913658 2.682075 -2.750152 2.750152
 0.014068 -0.014068 0.833352 0.912773 2.682075 -2.750152 2.750152
 0.012566 -0.012566 0.832859 0.912525 2.682075 -2.750152 2.750152
 0.011621 -0.011621 0.831686 0.911894 2.682075 -2.750152 2.750152
 0.010803 -0.010803 0.830409 0.911204 2.682075 -2.750152 2.750152
 0.009559 -0.009559 0.829585 0.910765 2.682075 -2.750152 2.750152
 0.008513 -0.008513 0.828539 0.910202 2.682075 -2.750152 2.750152
 0.007749 -0.007749 0.827240 0.909494 2.682075 -2.750152 2.750152
 0.010289 -0.010289 0.829061 0.910470 2.682075 -2.750152 2.750152
 0.008686 -0.008686 0.828787 0.910336 2.682075 -2.750152 2.750152
 0.010777 -0.010777 0.829535 0.910724 2.682075 -2.750152 2.750152
 0.008711 -0.008711 0.830152 0.911085 2.682075 -2.750152 2.750152
 0.009514 -0.009514 0.828927 0.910405 2.682075 -2.750152 2.750152
 0.008920 -0.008920 0.827529 0.909642 2.682075 -2.750152 2.750152
 0.009184 -0.009184 0.826003 0.908801 2.682075 -2.750152 2.750152
 0.009590 -0.009590 0.824536 0.907989 2.682075 -2.750152 2.750152
 0.009371 -0.009371 0.823002 0.907146 2.682075 -2.750152 2.750152
 0.006226 -0.006226 0.826644 0.909178 2.682075 -2.750152 2.750152
 0.006603 -0.006603 0.825171 0.908365 2.682075 -2.750152 2.750152
 0.006058 -0.006058 0.823773 0.907599 2.682075 -2.750152 2.750152
 0.005282 -0.005282 0.822544 0.906927 2.682075 -2.750152 2.750152
 0.004648 -0.004648 0.821214 0.906197 2.682075 -2.750152 2.750152
 0.004072 -0.004072 0.819855 0.905449 2.682075 -2.750152 2.750152
 0.003966 -0.003966 0.818333 0.904609 2.682075 -2.750152 2.750152
 0.005669 -0.005669 0.818386 0.904629 2.682075 -2.750152 2.750152
 0.008071 -0.008071 0.820004 0.905505 2.682075 -2.750152 2.750152
 0.010062 -0.010062 0.820660 0.905847 2.682075 -2.750152 2.750152
 0.010328 -0.010328 0.819186 0.905030 2.682075 -2.750152 2.750152
 0.008843 -0.008843 0.818839 0.904854 2.682075 -2.750152 2.750152
 0.008912 -0.008912 0.817335 0.904022 2.682075 -2.750152 2.750152
 0.011049 -0.011049 0.818354 0.904562 2.682075 -2.750152 2.750152
 0.009755 -0.009755 0.817736 0.904235 2.682075 -2.750152 2.750152
 0.007325 -0.007325 0.819416 0.905186 2.682075 -2.750152 2.750152
 0.003896 -0.003896 0.824300 0.907901 2.682075 -2.750152 2.750152
 0.002795 -0.002795 0.823451 0.907438 2.682075 -2.750152 2.750152
 0.001922 -0.001922 0.822365 0.906841 2.682075 -2.750152 2.750152
 0.002338 -0.002338 0.820966 0.906069 2.682075 -2.750152 2.750152
 0.001778 -0.001778 0.819646 0.905341 2.682075 -2.750152 2.750152
 0.002872 -0.002872 0.818826 0.904885 2.682075 -2.750152 2.750152
 0.003686 -0.003686 0.817716 0.904269 2.682075 -2.750152 2.750152
 0.004122 -0.004122 0.816349 0.903511 2.682075 -2.750152 2.750152
 0.006145 -0.006145 0.817166 0.903952 2.682075 -2.750152 2.750152
 0.008306 -0.008306 0.818319 0.904571 2.682075 -2.750152 2.750152
 0.008214 -0.008214 0.816853 0.903762 2.682075 -2.750152 2.750152
 0.008823 -0.008823 0.815606 0.903066 2.682075 -2.750152 2.750152
 0.009362 -0.009362 0.814319 0.902348 2.682075 -2.750152 2.750152
 0.012977 -0.012977 0.820251 0.905584 2.682075 -2.750152 2.750152
 0.014559 -0.014559 0.820233 0.905550 2.682075 -2.750152 2.750152
 0.016331 -0.016331 0.820591 0.905718 2.682075 -2.750152 2.750152
 0.017168 -0.017168 0.819556 0.905130 2.682075 -2.750152 2.750152
 0.016899 -0.016899 0.818135 0.904350 2.682075 -2.750152 2.750152
 0.015765 -0.015765 0.817375 0.903951 2.682075 -2.750152 2.750152
 0.017067 -0.017067 0.816932 0.903682 2.682075 -2.750152 2.750152
 0.019006 -0.019006 0.817688 0.904061 2.682075 -2.750152 2.750152
 0.019113 -0.019113 0.816260 0.903269 2.682075 -2.750152 2.750152
 0.020203 -0.020203 0.815544 0.902849 2.682075 -2.750152 2.750152
 0.020301 -0.020301 0.814123 0.902060 2.682075 -2.750152 2.750152
 0.019843 -0.019843 0.812799 0.901336 2.682075 -2.750152 2.750152
 0.019723 -0.019723 0.811383 0.900552 2.682075 -2.750152 2.750152
 0.020881 -0.020881 0.810782 0.900192 2.682075 -2.750152 2.750152
 0.019412 -0.019412 0.810547 0.900094 2.682075 -2.750152 2.750152
 0.019512 -0.019512 0.809147 0.899315 2.682075 -2.750152 2.750152
 0.017775 -0.017775 0.809415 0.899499 2.682075 -2.750152 2.750152
 0.017331 -0.017331 0.808111 0.898783 2.682075 -2.750152 2.750152
 0.017920 -0.017920 0.806934 0.898116 2.682075 -2.750152 2.750152
 0.016875 -0.016875 0.806136 0.897692 2.682075 -2.750152 2.750152
 0.015953 -0.015953 0.805209 0.897192 2.682075 -2.750152 2.750152
 0.012922 -0.012922 0.809066 0.899388 2.682075 -2.750152 2.750152
 0.013026 -0.013026 0.807685 0.898619 2.682075 -2.750152 2.750152
 0.013045 -0.013045 0.806301 0.897848 2.682075 -2.750152 2.750152
 0.014783 -0.014783 0.806731 0.898060 2.682075 -2.750152 2.750152
 0.014628 -0.014628 0.805361 0.897300 2.682075 -2.750152 2.750152
 0.014603 -0.014603 0.803987 0.896534 2.682075 -2.750152 2.750152
 0.015872 -0.015872 0.803599 0.896296 2.682075 -2.750152 2.750152
 0.016103 -0.016103 0.802272 0.895551 2.682075 -2.750152 2.750152
 0.014871 -0.014871 0.801764 0.895289 2.682075 -2.750152 2.750152
 0.015237 -0.015237 0.800495 0.894574 2.682075 -2.750152 2.750152
 0.015675 -0.015675 0.799268 0.893880 2.682075 -2.750152 2.750152
 0.012183 -0.012183 0.805026 0.897150 2.682075 -2.750152 2.750152
 0.012128 -0.012128 0.803669 0.896394 2.682075 -2.750152 2.750152
 0.011175 -0.011175 0.802832 0.895939 2.682075 -2.750152 2.750152
 0.010806 -0.010806 0.801556 0.895232 2.682075 -2.750152 2.750152
 0.010289 -0.010289 0.800360 0.894569 2.682075 -2.750152 2.750152
 0.011692 -0.011692 0.800223 0.894476 2.682075 -2.750152 2.750152
 0.011514 -0.011514 0.798900 0.893738 2.682075 -2.750152 2.750152
 0.011731 -0.011731 0.797599 0.893007 2.682075 -2.750152 2.750152
 0.011459 -0.011459 0.796308 0.892287 2.682075 -2.750152 2.750152
 0.012121 -0.012121 0.795262 0.891692 2.682075 -2.750152 2.750152
 0.012061 -0.012061 0.793941 0.890952 2.682075 -2.750152 2.750152
 0.011127 -0.011127 0.793129 0.890508 2.682075 -2.750152 2.750152
 0.011434 -0.011434 0.791880 0.889803 2.682075 -2.750152 2.750152
 0.011033 -0.011033 0.790659 0.889122 2.682075 -2.750152 2.750152
 0.011843 -0.011843 0.789769 0.888611 2.682075 -2.750152 2.750152
 0.011710 -0.011710 0.788476 0.887885 2.682075 -2.750152 2.750152
 0.011054 -0.011054 0.787426 0.887301 2.682075 -2.750152 2.750152
 0.011989 -0.011989 0.786686 0.886872 2.682075 -2.750152 2.750152
 0.012103 -0.012103 0.785407 0.886149 2.682075 -2.750152 2.750152
 0.010741 -0.010741 0.785223 0.886063 2.682075 -2.750152 2.750152
 0.010731 -0.010731 0.783940 0.885339 2.682075 -2.750152 2.750152
 0.011865 -0.011865 0.783474 0.885061 2.682075 -2.750152 2.750152
 0.011582 -0.011582 0.782241 0.884368 2.682075 -2.750152 2.750152
 0.011599 -0.011599 0.780970 0.883649 2.682075 -2.750152 2.750152
 0.011450 -0.011450 0.779712 0.882939 2.682075 -2.750152 2.750152
 0.011324 -0.011324 0.778456 0.882229 2.682075 -2.750152 2.750152
 0.011901 -0.011901 0.777415 0.881631 2.682075 -2.750152 2.750152
 0.012357 -0.012357 0.776299 0.880992 2.682075 -2.750152 2.750152
 0.011902 -0.011902 0.775165 0.880354 2.682075 -2.750152 2.750152
 0.011244 -0.011244 0.774170 0.879797 2.682075 -2.750152 2.750152
 0.011475 -0.011475 0.772964 0.879109 2.682075 -2.750152 2.750152
 0.011172 -0.011172 0.771773 0.878435 2.682075 -2.750152 2.750152
 0.010658 -0.010658 0.770690 0.877825 2.682075 -2.750152 2.750152
 0.010284 -0.010284 0.769537 0.877172 2.682075 -2.750152 2.750152
 0.009827 -0.009827 0.768429 0.876546 2.682075 -2.750152 2.750152
 0.009474 -0.009474 0.767275 0.875891 2.682075 -2.750152 2.750152
 0.006870 -0.006870 0.770265 0.877621 2.682075 -2.750152 2.750152
 0.007296 -0.007296 0.769161 0.876988 2.682075 -2.750152 2.750152
 0.006437 -0.006437 0.768393 0.876557 2.682075 -2.750152 2.750152
 0.006751 -0.006751 0.767242 0.875897 2.682075 -2.750152 2.750152
 0.006494 -0.006494 0.766066 0.875228 2.682075 -2.750152 2.750152
 0.005082 -0.005082 0.766100 0.875256 2.682075 -2.750152 2.750152
 0.004361 -0.004361 0.765214 0.874754 2.682075 -2.750152 2.750152
 0.005287 -0.005287 0.764561 0.874376 2.682075 -2.750152 2.750152
 0.006170 -0.006170 0.763864 0.873971 2.682075 -2.750152 2.750152
 0.006883 -0.006883 0.762998 0.873470 2.682075 -2.750152 2.750152
 0.008105 -0.008105 0.762772 0.873331 2.682075 -2.750152 2.750152
 0.008843 -0.008843 0.761938 0.872846 2.682075 -2.750152 2.750152
 0.008212 -0.008212 0.760991 0.872310 2.682075 -2.750152 2.750152
 0.008790 -0.008790 0.760028 0.871752 2.682075 -2.750152 2.750152
 0.008565 -0.008565 0.758873 0.871091 2.682075 -2.750152 2.750152
 0.004841 -0.004841 0.766547 0.875513 2.682075 -2.750152 2.750152
 0.003673 -0.003673 0.766224 0.875335 2.682075 -2.750152 2.750152
 0.004992 -0.004992 0.766170 0.875297 2.682075 -2.750152 2.750152
 0.006770 -0.006770 0.767042 0.875783 2.682075 -2.750152 2.750152
 0.006559 -0.006559 0.765882 0.875122 2.682075 -2.750152 2.750152
 0.005542 -0.005542 0.765357 0.874829 2.682075 -2.750152 2.750152
 0.006291 -0.006291 0.764550 0.874363 2.682075 -2.750152 2.750152
 0.007063 -0.007063 0.763770 0.873911 2.682075 -2.750152 2.750152
 0.005984 -0.005984 0.763339 0.873673 2.682075 -2.750152 2.750152
 0.006606 -0.006606 0.762428 0.873147 2.682075 -2.750152 2.750152
 0.005186 -0.005186 0.762559 0.873231 2.682075 -2.750152 2.750152
 0.005142 -0.005142 0.761394 0.872564 2.682075 -2.750152 2.750152
 0.006195 -0.006195 0.760968 0.872313 2.682075 -2.750152 2.750152
 0.005352 -0.005352 0.760264 0.871915 2.682075 -2.750152 2.750152
 0.003890 -0.003890 0.760496 0.872055 2.682075 -2.750152 2.750152
 0.004343 -0.004343 0.759479 0.871470 2.682075 -2.750152 2.750152
 0.002734 -0.002734 0.760019 0.871786 2.682075 -2.750152 2.750152
 0.001973 -0.001973 0.759246 0.871345 2.682075 -2.750152 2.750152
 0.000405 0.000405 0.761825 0.872826 2.682075 -2.750152 2.750152
 0.000531 0.000531 0.760685 0.872172 2.682075 -2.750152 2.750152
 0.000148 0.000148 0.759634 0.871570 2.682075 -2.750152 2.750152
 0.000610 0.000610 0.758632 0.870995 2.682075 -2.750152 2.750152
 0.000373 -0.000373 0.758133 0.870708 2.682075 -2.750152 2.750152
 0.002696 -0.002696 0.760589 0.872114 2.682075 -2.750152 2.750152
 0.001214 -0.001214 0.760906 0.872298 2.682075 -2.750152 2.750152
 0.000432 -0.000432 0.760173 0.871879 2.682075 -2.750152 2.750152
 0.001077 -0.001077 0.759316 0.871387 2.682075 -2.750152 2.750152
 0.000739 0.000739 0.760389 0.872002 2.682075 -2.750152 2.750152
 0.001103 0.001103 0.759345 0.871403 2.682075 -2.750152 2.750152
 0.002233 0.002233 0.759075 0.871246 2.682075 -2.750152 2.750152
 0.002361 0.002361 0.757959 0.870605 2.682075 -2.750152 2.750152
 0.004520 0.004520 0.759989 0.871762 2.682075 -2.750152 2.750152
 0.004010 0.004010 0.759034 0.871216 2.682075 -2.750152 2.750152
 0.003570 0.003570 0.758038 0.870647 2.682075 -2.750152 2.750152
 0.003890 0.003890 0.756990 0.870043 2.682075 -2.750152 2.750152
 0.003566 0.003566 0.755943 0.869442 2.682075 -2.750152 2.750152
 0.004599 0.004599 0.755561 0.869218 2.682075 -2.750152 2.750152
 0.003976 0.003976 0.754708 0.868730 2.682075 -2.750152 2.750152
 0.004615 0.004615 0.753883 0.868252 2.682075 -2.750152 2.750152
 0.005818 0.005818 0.753774 0.868182 2.682075 -2.750152 2.750152
 0.006749 0.006749 0.753274 0.867887 2.682075 -2.750152 2.750152
 0.006047 0.006047 0.752500 0.867446 2.682075 -2.750152 2.750152
 0.005393 0.005393 0.751687 0.866982 2.682075 -2.750152 2.750152
 0.007225 0.007225 0.752915 0.867677 2.682075 -2.750152 2.750152
 0.006977 0.006977 0.751858 0.867069 2.682075 -2.750152 2.750152
 0.006386 0.006386 0.750997 0.866577 2.682075 -2.750152 2.750152
 0.006986 0.006986 0.750163 0.866091 2.682075 -2.750152 2.750152
 0.006793 0.006793 0.749099 0.865478 2.682075 -2.750152 2.750152
 0.007825 0.007825 0.748764 0.865276 2.682075 -2.750152 2.750152
 0.007548 0.007548 0.747731 0.864681 2.682075 -2.750152 2.750152
 0.008457 0.008457 0.747239 0.864388 2.682075 -2.750152 2.750152
 0.008891 0.008891 0.746300 0.863841 2.682075 -2.750152 2.750152
 0.009107 0.009107 0.745263 0.863238 2.682075 -2.750152 2.750152
 0.007412 0.007412 0.746160 0.863774 2.682075 -2.750152 2.750152
 0.007122 0.007122 0.745144 0.863188 2.682075 -2.750152 2.750152
 0.007411 0.007411 0.744139 0.862603 2.682075 -2.750152 2.750152
 0.007815 0.007815 0.743194 0.862052 2.682075 -2.750152 2.750152
 0.007645 0.007645 0.742150 0.861448 2.682075 -2.750152 2.750152
 0.007162 0.007162 0.741248 0.860928 2.682075 -2.750152 2.750152
 0.007562 0.007562 0.740310 0.860379 2.682075 -2.750152 2.750152
 0.007875 0.007875 0.739330 0.859807 2.682075 -2.750152 2.750152
 0.008794 0.008794 0.738889 0.859542 2.682075 -2.750152 2.750152
 0.009496 0.009496 0.738201 0.859134 2.682075 -2.750152 2.750152
 0.008587 0.008587 0.737723 0.858865 2.682075 -2.750152 2.750152
 0.007234 0.007234 0.737950 0.859010 2.682075 -2.750152 2.750152
 0.006744 0.006744 0.737071 0.858502 2.682075 -2.750152 2.750152
 0.007792 0.007792 0.736824 0.858349 2.682075 -2.750152 2.750152
 0.006924 0.006924 0.736307 0.858056 2.682075 -2.750152 2.750152
 0.006748 0.006748 0.735291 0.857465 2.682075 -2.750152 2.750152
 0.006516 0.006516 0.734294 0.856885 2.682075 -2.750152 2.750152
 0.009281 0.009281 0.738750 0.859456 2.682075 -2.750152 2.750152
 0.007716 0.007716 0.739436 0.859870 2.682075 -2.750152 2.750152
 0.008324 0.008324 0.738675 0.859422 2.682075 -2.750152 2.750152
 0.008099 0.008099 0.737676 0.858843 2.682075 -2.750152 2.750152
 0.009072 0.009072 0.737343 0.858639 2.682075 -2.750152 2.750152
 0.006164 0.006164 0.742338 0.861568 2.682075 -2.750152 2.750152
 0.005884 0.005884 0.741358 0.861002 2.682075 -2.750152 2.750152
 0.006320 0.006320 0.740470 0.860483 2.682075 -2.750152 2.750152
 0.005957 0.005957 0.739534 0.859941 2.682075 -2.750152 2.750152
 0.005921 0.005921 0.738510 0.859346 2.682075 -2.750152 2.750152
 0.006149 0.006149 0.737529 0.858773 2.682075 -2.750152 2.750152
 0.005674 0.005674 0.736668 0.858275 2.682075 -2.750152 2.750152
 0.005068 0.005068 0.735911 0.857838 2.682075 -2.750152 2.750152
 0.005697 0.005697 0.735191 0.857414 2.682075 -2.750152 2.750152
 0.005517 0.005517 0.734201 0.856838 2.682075 -2.750152 2.750152
 0.004765 0.004765 0.733596 0.856489 2.682075 -2.750152 2.750152
 0.003700 0.003700 0.733407 0.856384 2.682075 -2.750152 2.750152
 0.003381 0.003381 0.732474 0.855840 2.682075 -2.750152 2.750152
 0.004793 0.004793 0.732938 0.856105 2.682075 -2.750152 2.750152
 0.003871 0.003871 0.732550 0.855883 2.682075 -2.750152 2.750152
 0.004530 0.004530 0.731875 0.855485 2.682075 -2.750152 2.750152
 0.002762 0.002762 0.733156 0.856241 2.682075 -2.750152 2.750152
 0.004969 0.004969 0.735751 0.857745 2.682075 -2.750152 2.750152
 0.004036 0.004036 0.735384 0.857536 2.682075 -2.750152 2.750152
 0.003436 0.003436 0.734647 0.857108 2.682075 -2.750152 2.750152
 0.005190 0.005190 0.735935 0.857851 2.682075 -2.750152 2.750152
 0.006563 0.006563 0.736345 0.858080 2.682075 -2.750152 2.750152
 0.005708 0.005708 0.735879 0.857815 2.682075 -2.750152 2.750152
 0.005966 0.005966 0.734938 0.857265 2.682075 -2.750152 2.750152
 0.005685 0.005685 0.734003 0.856721 2.682075 -2.750152 2.750152
 0.005901 0.005901 0.733053 0.856165 2.682075 -2.750152 2.750152
 0.005409 0.005409 0.732242 0.855694 2.682075 -2.750152 2.750152
 0.004504 0.004504 0.731859 0.855476 2.682075 -2.750152 2.750152
 0.004072 0.004072 0.731013 0.854983 2.682075 -2.750152 2.750152
 0.003433 0.003433 0.730335 0.854589 2.682075 -2.750152 2.750152
 0.006184 0.006184 0.735036 0.857320 2.682075 -2.750152 2.750152
 0.004008 0.004008 0.737574 0.858812 2.682075 -2.750152 2.750152
 0.003443 0.003443 0.736826 0.858379 2.682075 -2.750152 2.750152
 0.003676 0.003676 0.735887 0.857831 2.682075 -2.750152 2.750152
 0.003049 0.003049 0.735200 0.857432 2.682075 -2.750152 2.750152
 0.002140 0.002140 0.734840 0.857226 2.682075 -2.750152 2.750152
 0.001719 0.001719 0.733997 0.856735 2.682075 -2.750152 2.750152
 0.002524 0.002524 0.733516 0.856452 2.682075 -2.750152 2.750152
 0.003776 0.003776 0.733737 0.856576 2.682075 -2.750152 2.750152
 0.003235 0.003235 0.732985 0.856139 2.682075 -2.750152 2.750152
 0.002967 0.002967 0.732071 0.855606 2.682075 -2.750152 2.750152
 0.004367 0.004367 0.732602 0.855911 2.682075 -2.750152 2.750152
 0.004796 0.004796 0.731782 0.855429 2.682075 -2.750152 2.750152
 0.004016 0.004016 0.731276 0.855138 2.682075 -2.750152 2.750152
 0.005305 0.005305 0.731594 0.855316 2.682075 -2.750152 2.750152
 0.005015 0.005015 0.730696 0.854793 2.682075 -2.750152 2.750152
 0.004909 0.004909 0.729747 0.854238 2.682075 -2.750152 2.750152
 0.002758 0.002758 0.732314 0.855749 2.682075 -2.750152 2.750152
 0.004727 0.004727 0.734338 0.856922 2.682075 -2.750152 2.750152
 0.002645 0.002645 0.736683 0.858299 2.682075 -2.750152 2.750152
 0.003139 0.003139 0.735914 0.857849 2.682075 -2.750152 2.750152
 0.001661 0.001661 0.736630 0.858270 2.682075 -2.750152 2.750152
 0.002211 0.002211 0.735908 0.857848 2.682075 -2.750152 2.750152
 0.001429 0.001429 0.735422 0.857566 2.682075 -2.750152 2.750152
 0.002508 0.002508 0.735372 0.857535 2.682075 -2.750152 2.750152
 0.003290 0.003290 0.734898 0.857255 2.682075 -2.750152 2.750152
 0.003731 0.003731 0.734102 0.856789 2.682075 -2.750152 2.750152
 0.004638 0.004638 0.733798 0.856608 2.682075 -2.750152 2.750152
 0.003660 0.003660 0.733586 0.856488 2.682075 -2.750152 2.750152
 0.002551 0.002551 0.733589 0.856494 2.682075 -2.750152 2.750152
 0.002130 0.002130 0.732782 0.856024 2.682075 -2.750152 2.750152
 0.001950 0.001950 0.731865 0.855489 2.682075 -2.750152 2.750152
 0.002373 0.002373 0.731068 0.855022 2.682075 -2.750152 2.750152
 0.001902 0.001902 0.730303 0.854576 2.682075 -2.750152 2.750152
 0.001929 0.001929 0.729370 0.854029 2.682075 -2.750152 2.750152
 0.002091 0.002091 0.728459 0.853496 2.682075 -2.750152 2.750152
 0.002442 0.002442 0.727628 0.853008 2.682075 -2.750152 2.750152
 0.001880 0.001880 0.726947 0.852610 2.682075 -2.750152 2.750152
 0.001671 0.001671 0.726055 0.852087 2.682075 -2.750152 2.750152
 0.001542 0.001542 0.725145 0.851553 2.682075 -2.750152 2.750152
 0.000255 0.000255 0.725528 0.851779 2.682075 -2.750152 2.750152
 0.000248 -0.000248 0.724807 0.851356 2.682075 -2.750152 2.750152
 0.000218 0.000218 0.724060 0.850917 2.682075 -2.750152 2.750152
 0.000306 0.000306 0.723151 0.850383 2.682075 -2.750152 2.750152
 0.001030 -0.001030 0.723651 0.850676 2.682075 -2.750152 2.750152
 0.000890 0.000890 0.725658 0.851855 2.682075 -2.750152 2.750152
 0.001040 0.001040 0.724762 0.851329 2.682075 -2.750152 2.750152
 0.003117 0.003117 0.727282 0.852802 2.682075 -2.750152 2.750152
 0.002549 0.002549 0.726621 0.852417 2.682075 -2.750152 2.750152
 0.003814 0.003814 0.726992 0.852630 2.682075 -2.750152 2.750152
 0.004131 0.004131 0.726164 0.852143 2.682075 -2.750152 2.750152
 0.004628 0.004628 0.725456 0.851725 2.682075 -2.750152 2.750152
 0.004940 0.004940 0.724630 0.851238 2.682075 -2.750152 2.750152
 0.006667 0.006667 0.726131 0.852107 2.682075 -2.750152 2.750152
 0.008593 0.008593 0.728228 0.853320 2.682075 -2.750152 2.750152
 0.008977 0.008977 0.727447 0.852858 2.682075 -2.750152 2.750152
 0.008909 0.008909 0.726545 0.852329 2.682075 -2.750152 2.750152
 0.009186 0.009186 0.725709 0.851836 2.682075 -2.750152 2.750152
 0.007831 0.007831 0.726265 0.852176 2.682075 -2.750152 2.750152
 0.007705 0.007705 0.725376 0.851655 2.682075 -2.750152 2.750152
 0.008249 0.008249 0.724726 0.851268 2.682075 -2.750152 2.750152
 0.006112 0.006112 0.727490 0.852908 2.682075 -2.750152 2.750152
 0.007374 0.007374 0.727898 0.853137 2.682075 -2.750152 2.750152
 0.007052 0.007052 0.727079 0.852660 2.682075 -2.750152 2.750152
 0.007584 0.007584 0.726421 0.852270 2.682075 -2.750152 2.750152
 0.008004 0.008004 0.725677 0.851829 2.682075 -2.750152 2.750152
 0.007774 0.007774 0.724825 0.851331 2.682075 -2.750152 2.750152
 0.007096 0.007096 0.724300 0.851029 2.682075 -2.750152 2.750152
 0.006920 0.006920 0.723435 0.850522 2.682075 -2.750152 2.750152
 0.007017 0.007017 0.722559 0.850006 2.682075 -2.750152 2.750152
 0.007166 0.007166 0.721696 0.849497 2.682075 -2.750152 2.750152
 0.005678 0.005678 0.722607 0.850044 2.682075 -2.750152 2.750152
 0.005438 0.005438 0.721770 0.849553 2.682075 -2.750152 2.750152
 0.005026 0.005026 0.721026 0.849117 2.682075 -2.750152 2.750152
 0.005257 0.005257 0.720195 0.848627 2.682075 -2.750152 2.750152
 0.004547 0.004547 0.719727 0.848355 2.682075 -2.750152 2.750152
 0.004116 0.004116 0.719003 0.847930 2.682075 -2.750152 2.750152
 0.002175 0.002175 0.721224 0.849246 2.682075 -2.750152 2.750152
 0.001232 0.001232 0.721081 0.849164 2.682075 -2.750152 2.750152
 0.000185 -0.000185 0.721866 0.849627 2.682075 -2.750152 2.750152
 0.001318 -0.001318 0.722058 0.849739 2.682075 -2.750152 2.750152
 0.001504 -0.001504 0.721216 0.849243 2.682075 -2.750152 2.750152
 0.003149 -0.003149 0.722599 0.850052 2.682075 -2.750152 2.750152
 0.003847 -0.003847 0.722138 0.849779 2.682075 -2.750152 2.750152
 0.003977 -0.003977 0.721286 0.849276 2.682075 -2.750152 2.750152
 0.003307 -0.003307 0.720788 0.848986 2.682075 -2.750152 2.750152
 0.003899 -0.003899 0.720220 0.848649 2.682075 -2.750152 2.750152
 0.004136 -0.004136 0.719406 0.848168 2.682075 -2.750152 2.750152
 0.005035 -0.005035 0.719228 0.848058 2.682075 -2.750152 2.750152
 0.005910 -0.005910 0.719018 0.847929 2.682075 -2.750152 2.750152
 0.006558 -0.006558 0.718520 0.847630 2.682075 -2.750152 2.750152
 0.006549 -0.006549 0.717663 0.847125 2.682075 -2.750152 2.750152
 0.006718 -0.006718 0.716836 0.846635 2.682075 -2.750152 2.750152
 0.007903 -0.007903 0.717179 0.846828 2.682075 -2.750152 2.750152
 0.007183 -0.007183 0.716753 0.846582 2.682075 -2.750152 2.750152
 0.007862 -0.007862 0.716300 0.846309 2.682075 -2.750152 2.750152
 0.008875 -0.008875 0.716334 0.846319 2.682075 -2.750152 2.750152
 0.009207 -0.009207 0.715586 0.845873 2.682075 -2.750152 2.750152
 0.009716 -0.009716 0.714968 0.845502 2.682075 -2.750152 2.750152
 0.009931 -0.009931 0.714168 0.845026 2.682075 -2.750152 2.750152
 0.011197 -0.011197 0.714710 0.845331 2.682075 -2.750152 2.750152
 0.011839 -0.011839 0.714233 0.845040 2.682075 -2.750152 2.750152
 0.011783 -0.011783 0.713394 0.844544 2.682075 -2.750152 2.750152
 0.013758 -0.013758 0.715921 0.846009 2.682075 -2.750152 2.750152
 0.013750 -0.013750 0.715081 0.845513 2.682075 -2.750152 2.750152
 0.013831 -0.013831 0.714251 0.845020 2.682075 -2.750152 2.750152
 0.014308 -0.014308 0.713622 0.844640 2.682075 -2.750152 2.750152
 0.014501 -0.014501 0.712825 0.844165 2.682075 -2.750152 2.750152
 0.014229 -0.014229 0.712048 0.843709 2.682075 -2.750152 2.750152
 0.014890 -0.014890 0.711610 0.843439 2.682075 -2.750152 2.750152
 0.015172 -0.015172 0.710858 0.842987 2.682075 -2.750152 2.750152
 0.016220 -0.016220 0.711006 0.843056 2.682075 -2.750152 2.750152
 0.016785 -0.016785 0.710473 0.842728 2.682075 -2.750152 2.750152
 0.016973 -0.016973 0.709685 0.842257 2.682075 -2.750152 2.750152
 0.016858 -0.016858 0.708869 0.841775 2.682075 -2.750152 2.750152
 0.018298 -0.018298 0.709886 0.842348 2.682075 -2.750152 2.750152
 0.020608 -0.020608 0.713758 0.844591 2.682075 -2.750152 2.750152
 0.021485 -0.021485 0.713636 0.844497 2.682075 -2.750152 2.750152
 0.021781 -0.021781 0.712901 0.844054 2.682075 -2.750152 2.750152
 0.022640 -0.022640 0.712756 0.843945 2.682075 -2.750152 2.750152
 0.022112 -0.022112 0.712153 0.843602 2.682075 -2.750152 2.750152
 0.022766 -0.022766 0.711736 0.843337 2.682075 -2.750152 2.750152
 0.024537 -0.024537 0.713727 0.844467 2.682075 -2.750152 2.750152
 0.023618 -0.023618 0.713600 0.844418 2.682075 -2.750152 2.750152
 0.023968 -0.023968 0.712906 0.843997 2.682075 -2.750152 2.750152
 0.023997 -0.023997 0.712092 0.843514 2.682075 -2.750152 2.750152
 0.024274 -0.024274 0.711358 0.843071 2.682075 -2.750152 2.750152
 0.026264 -0.026264 0.714110 0.844642 2.682075 -2.750152 2.750152
 0.026749 -0.026749 0.713526 0.844281 2.682075 -2.750152 2.750152
 0.026412 -0.026412 0.712795 0.843859 2.682075 -2.750152 2.750152
 0.026959 -0.026959 0.712276 0.843534 2.682075 -2.750152 2.750152
 0.026078 -0.026078 0.712103 0.843459 2.682075 -2.750152 2.750152
 0.027008 -0.027008 0.712105 0.843431 2.682075 -2.750152 2.750152
 0.026250 -0.026250 0.711763 0.843252 2.682075 -2.750152 2.750152
 0.025476 -0.025476 0.711444 0.843087 2.682075 -2.750152 2.750152
 0.025306 -0.025306 0.710656 0.842624 2.682075 -2.750152 2.750152
 0.024385 -0.024385 0.710557 0.842592 2.682075 -2.750152 2.750152
 0.023976 -0.023976 0.709882 0.842204 2.682075 -2.750152 2.750152
 0.023232 -0.023232 0.709536 0.842019 2.682075 -2.750152 2.750152
 0.022288 -0.022288 0.709485 0.842014 2.682075 -2.750152 2.750152
 0.021681 -0.021681 0.708986 0.841734 2.682075 -2.750152 2.750152
 0.022431 -0.022431 0.708722 0.841558 2.682075 -2.750152 2.750152
 0.022290 -0.022290 0.707938 0.841095 2.682075 -2.750152 2.750152
 0.023308 -0.023308 0.708112 0.841171 2.682075 -2.750152 2.750152
 0.022881 -0.022881 0.707461 0.840795 2.682075 -2.750152 2.750152
 0.021444 -0.021444 0.708448 0.841420 2.682075 -2.750152 2.750152
 0.021983 -0.021983 0.707938 0.841103 2.682075 -2.750152 2.750152
 0.020144 -0.020144 0.710095 0.842431 2.682075 -2.750152 2.750152
 0.018244 -0.018244 0.712461 0.843877 2.682075 -2.750152 2.750152
 0.017364 -0.017364 0.712330 0.843818 2.682075 -2.750152 2.750152
 0.016990 -0.016990 0.711649 0.843422 2.682075 -2.750152 2.750152
 0.017291 -0.017291 0.710950 0.843001 2.682075 -2.750152 2.750152
 0.018259 -0.018259 0.711037 0.843032 2.682075 -2.750152 2.750152
 0.018175 -0.018175 0.710251 0.842568 2.682075 -2.750152 2.750152
 0.018043 -0.018043 0.709475 0.842110 2.682075 -2.750152 2.750152
 0.016553 -0.016553 0.710642 0.842833 2.682075 -2.750152 2.750152
 0.017116 -0.017116 0.710162 0.842537 2.682075 -2.750152 2.750152
 0.018294 -0.018294 0.710672 0.842815 2.682075 -2.750152 2.750152
 0.016919 -0.016919 0.711548 0.843363 2.682075 -2.750152 2.750152
 0.016626 -0.016626 0.710832 0.842945 2.682075 -2.750152 2.750152
 0.016600 -0.016600 0.710049 0.842481 2.682075 -2.750152 2.750152
 0.016485 -0.016485 0.709277 0.842024 2.682075 -2.750152 2.750152
 0.017028 -0.017028 0.708785 0.841721 2.682075 -2.750152 2.750152
 0.018666 -0.018666 0.710506 0.842708 2.682075 -2.750152 2.750152
 0.019297 -0.019297 0.710114 0.842462 2.682075 -2.750152 2.750152
 0.019097 -0.019097 0.709366 0.842022 2.682075 -2.750152 2.750152
 0.019029 -0.019029 0.708592 0.841564 2.682075 -2.750152 2.750152
 0.018612 -0.018612 0.707961 0.841198 2.682075 -2.750152 2.750152
 0.018347 -0.018347 0.707243 0.840777 2.682075 -2.750152 2.750152
 0.019162 -0.019162 0.707112 0.840681 2.682075 -2.750152 2.750152
 0.020300 -0.020300 0.707573 0.840929 2.682075 -2.750152 2.750152
 0.019695 -0.019695 0.707115 0.840671 2.682075 -2.750152 2.750152
 0.019346 -0.019346 0.706445 0.840280 2.682075 -2.750152 2.750152
 0.019698 -0.019698 0.705806 0.839892 2.682075 -2.750152 2.750152
 0.019583 -0.019583 0.705049 0.839443 2.682075 -2.750152 2.750152
 0.020879 -0.020879 0.705887 0.839912 2.682075 -2.750152 2.750152
 0.021425 -0.021425 0.705422 0.839621 2.682075 -2.750152 2.750152
 0.021798 -0.021798 0.704805 0.839244 2.682075 -2.750152 2.750152
 0.019938 -0.019938 0.707167 0.840696 2.682075 -2.750152 2.750152
 0.020103 -0.020103 0.706436 0.840257 2.682075 -2.750152 2.750152
 0.019485 -0.019485 0.706004 0.840015 2.682075 -2.750152 2.750152
 0.018708 -0.018708 0.705775 0.839896 2.682075 -2.750152 2.750152
 0.017531 -0.017531 0.706261 0.840211 2.682075 -2.750152 2.750152
 0.016022 -0.016022 0.707571 0.841020 2.682075 -2.750152 2.750152
 0.014860 -0.014860 0.708032 0.841315 2.682075 -2.750152 2.750152
 0.014039 -0.014039 0.707879 0.841238 2.682075 -2.750152 2.750152
 0.013142 -0.013142 0.707848 0.841234 2.682075 -2.750152 2.750152
 0.011342 -0.011342 0.710071 0.842581 2.682075 -2.750152 2.750152
 0.010347 -0.010347 0.710217 0.842680 2.682075 -2.750152 2.750152
 0.010818 -0.010818 0.709678 0.842354 2.682075 -2.750152 2.750152
 0.010050 -0.010050 0.709459 0.842234 2.682075 -2.750152 2.750152
 0.010472 -0.010472 0.708879 0.841885 2.682075 -2.750152 2.750152
 0.010803 -0.010803 0.708236 0.841498 2.682075 -2.750152 2.750152
 0.011466 -0.011466 0.707910 0.841296 2.682075 -2.750152 2.750152
 0.011236 -0.011236 0.707204 0.840879 2.682075 -2.750152 2.750152
 0.010976 -0.010976 0.706511 0.840471 2.682075 -2.750152 2.750152
 0.010706 -0.010706 0.705826 0.840066 2.682075 -2.750152 2.750152
 0.011477 -0.011477 0.705658 0.839956 2.682075 -2.750152 2.750152
 0.011750 -0.011750 0.704989 0.839554 2.682075 -2.750152 2.750152
 0.012554 -0.012554 0.704876 0.839475 2.682075 -2.750152 2.750152
 0.013381 -0.013381 0.704801 0.839418 2.682075 -2.750152 2.750152
 0.011452 -0.011452 0.707540 0.841076 2.682075 -2.750152 2.750152
 0.011451 -0.011451 0.706795 0.840633 2.682075 -2.750152 2.750152
 0.011905 -0.011905 0.706258 0.840307 2.682075 -2.750152 2.750152
 0.011942 -0.011942 0.705519 0.839867 2.682075 -2.750152 2.750152
 0.012225 -0.012225 0.704862 0.839471 2.682075 -2.750152 2.750152
 0.012987 -0.012987 0.704695 0.839361 2.682075 -2.750152 2.750152
 0.012924 -0.012924 0.703960 0.838924 2.682075 -2.750152 2.750152
 0.013352 -0.013352 0.703410 0.838589 2.682075 -2.750152 2.750152
 0.013722 -0.013722 0.702816 0.838229 2.682075 -2.750152 2.750152
 0.013472 -0.013472 0.702136 0.837827 2.682075 -2.750152 2.750152
 0.014399 -0.014399 0.702252 0.837881 2.682075 -2.750152 2.750152
 0.014651 -0.014651 0.701590 0.837481 2.682075 -2.750152 2.750152
 0.014510 -0.014510 0.700875 0.837057 2.682075 -2.750152 2.750152
 0.014570 -0.014570 0.700152 0.836624 2.682075 -2.750152 2.750152
 0.014617 -0.014617 0.699428 0.836191 2.682075 -2.750152 2.750152
 0.015689 -0.015689 0.699842 0.836418 2.682075 -2.750152 2.750152
 0.015996 -0.015996 0.699217 0.836039 2.682075 -2.750152 2.750152
 0.016771 -0.016771 0.699098 0.835953 2.682075 -2.750152 2.750152
 0.016215 -0.016215 0.698656 0.835699 2.682075 -2.750152 2.750152
 0.018124 -0.018124 0.701526 0.837375 2.682075 -2.750152 2.750152
 0.017966 -0.017966 0.700821 0.836958 2.682075 -2.750152 2.750152
 0.016011 -0.016011 0.703737 0.838737 2.682075 -2.750152 2.750152
 0.014426 -0.014426 0.705402 0.839758 2.682075 -2.750152 2.750152
 0.014064 -0.014064 0.704793 0.839402 2.682075 -2.750152 2.750152
 0.014496 -0.014496 0.704263 0.839079 2.682075 -2.750152 2.750152
 0.016114 -0.016114 0.706137 0.840165 2.682075 -2.750152 2.750152
 0.017530 -0.017530 0.707414 0.840896 2.682075 -2.750152 2.750152
 0.019368 -0.019368 0.710048 0.842421 2.682075 -2.750152 2.750152
 0.020470 -0.020470 0.710553 0.842694 2.682075 -2.750152 2.750152
 0.019528 -0.019528 0.710656 0.842778 2.682075 -2.750152 2.750152
 0.017412 -0.017412 0.714233 0.844944 2.682075 -2.750152 2.750152
 0.016273 -0.016273 0.714736 0.845264 2.682075 -2.750152 2.750152
 0.015051 -0.015051 0.715434 0.845700 2.682075 -2.750152 2.750152
 0.013771 -0.013771 0.716276 0.846219 2.682075 -2.750152 2.750152
 0.013458 -0.013458 0.715635 0.845845 2.682075 -2.750152 2.750152
 0.012850 -0.012850 0.715255 0.845630 2.682075 -2.750152 2.750152
 0.012551 -0.012551 0.714609 0.845252 2.682075 -2.750152 2.750152
 0.011264 -0.011264 0.715487 0.845790 2.682075 -2.750152 2.750152
 0.011903 -0.011903 0.715180 0.845599 2.682075 -2.750152 2.750152
 0.011127 -0.011127 0.715033 0.845523 2.682075 -2.750152 2.750152
 0.010431 -0.010431 0.714774 0.845379 2.682075 -2.750152 2.750152
 0.010072 -0.010072 0.714172 0.845027 2.682075 -2.750152 2.750152
 0.010845 -0.010845 0.714059 0.844951 2.682075 -2.750152 2.750152
 0.010683 -0.010683 0.713362 0.844540 2.682075 -2.750152 2.750152
 0.010959 -0.010959 0.712725 0.844159 2.682075 -2.750152 2.750152
 0.009770 -0.009770 0.713385 0.844565 2.682075 -2.750152 2.750152
 0.011440 -0.011440 0.715476 0.845781 2.682075 -2.750152 2.750152
 0.011177 -0.011177 0.714820 0.845397 2.682075 -2.750152 2.750152
 0.011811 -0.011811 0.714518 0.845209 2.682075 -2.750152 2.750152
