 0
 0
 -0.480147
 -2.46689
 -0.101712
 -2.13582
 -0.956288
 -1.80148
 -1.65145
 -1.28373
 -1.03032
 -0.468409
 0.0885984
 -0.949119
 -0.167098
 0.37019
 -0.329581
 -0.305789
 -0.612537
 -1.05261
 -0.992393
 -0.408755
 -1.74165
 -0.541872
 -1.64589
 -1.68076
 0.99522
 0.913768
 0.908076
 -0.0373033
 1.49144
 0.640846
 0.269168
 -1.018
 0.374779
 1.83555
 0.259234
 0.992919
 0.403937
 0.380667
 0.820738
 1.2843
 0.87504
 1.13759
 0.801875
 -0.131509
 0.192765
 1.13462
 -0.639248
 -0.465824
 0.387584
 -1.30824
 0.588387
 -0.458516
 0.292404
 0.0113481
 -2.49236
 -0.654106
 -0.923265
 -2.0979
 -0.66454
 -0.424447
 0.982785
 -1.16861
 0.224483
 -1.2908
 -0.749802
 0.0352156
 -0.182704
 1.09181
 -0.663779
 0.578264
 -0.948182
 -0.827006
 0.403717
 -1.9659
 -1.06555
 1.17136
 0.999004
 0.535132
 -0.656817
 -0.858861
 0.630232
 -0.509165
 1.23143
 0.526952
 -0.795378
 0.54678
 0.943678
 0.197235
 1.93459
 0.389019
 1.03847
 -0.599588
 1.88395
 0.962126
 1.01885
 0.718658
 0.0495095
 1.13553
 0.74565
 0.869435
 1.25825
 -0.50341
 2.08431
 -0.781927
 0.847339
 1.09495
 1.19579
 0.577351
 0.810602
 -0.644425
 1.05773
 -1.44118
 0.458008
 -0.52319
 0.733696
 -1.06271
 -2.46255
 -1.12593
 -2.47034
 -2.12382
 -1.72721
 -2.7872
 -1.27859
 -1.31807
 -1.39552
 -1.0825
 -1.77635
 -1.78215
 -1.68716
 -1.47792
 -1.43667
 -0.315384
 -0.522131
 0.432773
 -0.123372
 -1.55376
 -1.38377
 0.94748
 0.752977
 1.52334
 2.72629
 -0.454602
 0.0576374
 -0.831734
 -0.0899504
 0.826849
 0.605339
 0.749593
 -0.0947151
 0.938627
 -0.0500849
 -0.361363
 1.24703
 0.260142
 0.21114
 0.707743
 -1.50866
 -0.0732766
 -1.19472
 -0.0734013
 1.87216
 2.11077
 1.2008
 -0.342657
 2.33568
 1.67055
 0.848135
 1.56142
 -0.547667
 2.11153
 -0.101493
 -0.572659
 1.18776
 -1.00264
 0.457513
 -0.404658
 -0.641003
 -1.48134
 -0.510844
 -2.38076
 -1.23228
 -0.181957
 -1.11056
 -0.212314
 0.253861
 1.21384
 -0.314894
 0.303311
 1.08114
 0.608861
 -0.658711
 0.934801
 0.494536
 0.375521
 -0.0928096
 0.551118
 -0.419451
 -1.19178
 -1.20651
 -1.56699
 -1.39404
 0.00609499
 -0.157998
 -0.311087
 0.368185
 1.59054
 1.06843
 1.17217
 1.02586
 1.1476
 -1.09892
 -0.933372
 -1.11017
 -1.179
 -0.800927
 -1.20534
 -1.16742
 -0.892794
 -1.34035
 -0.05369
 -2.15061
 -0.0270712
 -1.76762
 0.00704394
 -2.60861
 -0.00259774
 -0.644816
 0.224613
 -1.21731
 0.719961
 1.76542
 -2.24593
 -0.207707
 -1.08485
 -0.388434
 -1.23131
 0.276528
 0.677975
 -1.26764
 0.315073
 0.672506
 -0.132974
 0.32235
 0.837456
 0.423958
 0.37407
 -2.08484
 -0.0519361
 0.0192094
 0.89923
 1.46085
 1.35636
 -0.536895
 0.417471
 -0.362208
 0.349696
 0.0752862
 -0.954586
 0.350527
 -0.357216
 -1.44186
 -0.397566
 0.557062
 -0.455406
 -1.04216
 0.373801
 -0.761007
 1.24103
 0.112204
 -0.361674
 0.546
 -0.52463
 0.698734
 0.470781
 0.659344
 1.20117
 1.40672
 -0.881718
 2.34556
 0.563984
 2.86084
 2.81656
 0.255303
 0.105244
 -0.696959
 0.365496
 -1.90962
 -0.204078
 -2.05216
 -1.40161
 0.154222
 -0.463828
 -1.58791
 -1.27723
 -1.30547
 -1.68275
 -0.339577
 -0.892413
 0.275502
 0.555039
 0.592374
 -0.329306
 -1.44914
 0.598016
 -0.76983
 -1.09999
 -0.0183098
 -0.973734
 0.206544
 -0.870979
 0.653792
 -0.938539
 -1.19318
 -1.0596
 -1.63625
 -1.57683
 -1.53182
 -1.63736
 -1.43793
 -0.818972
 -1.19951
 0.888486
 0.479289
 0.11351
 1.64205
 -1.39243
 0.437296
 -1.13454
 -0.13628
 0.596277
 0.689843
 0.648277
 -0.924195
 2.07132
 2.18014
 -0.364346
 -0.885055
 0.188954
 -0.581638
 -0.29778
 -1.03378
 0.061746
 -0.535731
 -1.14413
 -1.07793
 -0.474622
 -0.319318
 -1.45618
 -0.289927
 -0.00818098
 0.421307
 1.40351
 -0.689267
 2.22913
 -0.571099
 1.83088
 1.79827
 0.228791
 2.87586
 1.28954
 2.99839
 1.85604
 0.759045
 -0.73052
 0.766379
 0.63234
 0.933006
 -0.217706
 -0.540542
 -1.3002
 -0.826659
 -0.441682
 -0.218827
 0.722553
 -1.56369
 0.839033
 2.68708
 2.02423
 1.94235
 1.57871
 0.383932
 0.871338
 2.88316
 1.44906
 0.708364
 2.65676
 1.70138
 -0.590705
 1.1908
 1.05908
 0.641004
 0.109066
 0.518007
 -0.546011
 -1.41165
 -1.41154
 -2.00072
 0.313137
 -0.739226
 1.06162
 1.07372
 -1.54975
 -0.841948
 -1.52804
 0.6546
 -0.720805
 1.20322
 -1.0839
 -1.13064
 -0.977486
 -1.35931
 -1.21176
 0.61217
 -0.509017
 -0.58976
 -0.613067
 -0.0582468
 -0.731574
 -1.29415
 -1.36807
 0.17014
 -0.137226
 -1.04199
 -0.293655
 -0.973212
 0.370319
 -0.938995
 0.201232
 -0.959972
 -1.26954
 -1.31374
 -2.75745
 -0.719588
 -1.94384
 -0.56476
 -1.43568
 -1.09743
 0.661449
 -1.66199
 -1.25853
 -0.947204
 -1.16651
 -2.70731
 -2.88361
 -0.176254
 -0.200688
 -1.24657
 -0.151171
 -1.30202
 -1.4207
 -1.20788
 -2.77081
 -0.590977
 -1.11648
 -1.9406
 -0.501766
 -2.68285
 -0.408695
 -0.23862
 -2.63458
 0.0403777
 -2.57989
 -0.415722
 -0.980402
 -1.30033
 0.55247
 2.72205
 0.503733
 0.241011
 1.65127
 1.21361
 0.250047
 0.283028
 -0.671309
 -1.31214
 -0.231841
 -2.27909
 -2.84966
 -0.327438
 -0.8452
 -0.4532
 -0.756587
 0.404343
 0.66522
 -0.541109
 0.691178
 0.152715
 0.643643
 -0.655454
 -1.09966
 -0.848884
 0.352399
 -2.23934
 -1.27877
 -2.1724
 0.56236
 -0.77611
 0.113977
 -0.880051
 -2.48323
 -0.850334
 -0.720828
 -1.277
 -2.1337
 -0.748823
 -1.82882
 0.184777
 1.18143
 -0.904018
 1.77134
 0.0476097
 0.413487
 -1.06781
 -2.44424
 0.236988
 -2.20173
 0.226789
 -1.59564
 -0.315717
 -1.5469
 0.125948
 -1.99236
 -0.675843
 -1.8569
 -0.581408
 -2.44585
 -2.29755
 -0.670545
 -0.258784
 -2.87392
 -0.989501
 -1.22354
 0.795473
 0.351558
 -2.79583
 1.62368
 0.677919
 -0.152117
 -1.82329
 -1.84123
 -0.0163499
 -2.30947
 -1.07642
 -3.24779
 0.639636
 -3.16863
 -2.42017
 -2.14922
 -2.88273
 -2.22293
 -2.99815
 0.478382
 -3.05951
 -0.0555107
 -1.73858
 -0.608453
 0.149639
 0.228552
 -0.564593
 -0.0959003
 1.31869
 0.473732
 0.421571
 2.46585
 -1.26956
 2.23342
 -1.67585
 0.301902
 -1.61436
 1.05808
 -0.660712
 -1.12235
 0.55687
 1.24277
 0.0987554
 -2.16468
 0.480245
 -1.70647
 -0.510331
 -1.13772
 -1.2912
 -1.39817
 0.10071
 -0.522053
 -0.891132
 -1.06396
 -0.00836454
 -1.16287
 1.38282
 -1.28772
 -1.72659
 1.30324
 -1.23928
 -0.698748
 -2.62777
 0.557348
 0.284896
 -1.06672
 1.41309
 1.17551
 -1.93089
 2.73621
 -2.25517
 0.881544
 -2.27448
 2.60395
 -2.42847
 2.12437
 -0.664827
 -1.10906
 0.211144
 -3.01082
 1.92839
 -1.08032
 -1.45965
 0.606914
 -1.8785
 -0.225485
 -1.41327
 0.828269
 0.0196936
 0.578424
 -0.922967
 -0.170804
 -1.39583
 -0.907324
 -0.553596
 -0.19001
 -2.24763
 -2.09256
 -0.690332
 0.547194
 0.532837
 -0.552612
 -0.365943
 -0.801321
 1.78184
 -1.076
 1.59547
 -1.11361
 0.31717
 -1.71674
 0.194991
 0.651322
 -0.738485
 0.751899
 2.66912
 0.00781239
 0.909785
 -2.51577
 -1.02755
 -1.60636
 -0.446805
 0.287727
 0.87455
 2.82469
 -0.811115
 -0.00526845
 -0.458478
 1.19699
 -0.802548
 0.643203
 -0.0110151
 0.575733
 0.635421
 1.5491
 0.165335
 -1.15574
 1.17047
 0.691709
 0.64286
 -0.107843
 -1.3468
 -0.308557
 -3.07608
 0.0737921
 -0.582069
 -2.66623
 -0.691951
 -0.262765
 -0.164121
 -0.185297
 1.70158
 -0.764126
 -1.61741
 0.537054
 -1.53086
 1.43926
 0.642163
 -0.170447
 1.236
 1.88361
 0.301028
 2.59777
 -1.03029
 2.03212
 -0.359216
 -0.207215
 1.48096
 -0.722253
 2.61071
 0.201023
 1.85195
 -0.360818
 0.68197
 0.79782
 0.0804514
 -1.83207
 -0.638957
 -1.99998
 -0.78822
 -1.41645
 -0.972254
 0.163832
 0.305728
 -0.90508
 0.459334
 0.0183373
 0.664215
 -0.692081
 0.99756
 -1.12607
 0.374933
 -0.0517508
 -0.708295
 0.222951
 -0.796739
 0.985911
 -2.50177
 1.53549
 0.844985
 1.07671
 1.03784
 -0.956967
 -0.00317995
 1.38565
 -1.86939
 1.45991
 -0.0169835
 0.810717
 -1.36965
 1.3308
 -2.65901
 0.553883
 0.0329988
 -0.193424
 -0.961773
 -1.38179
 -1.08498
 -1.4703
 0.235458
 0.0501552
 -0.0334096
 0.376699
 -1.4146
 -0.167878
 0.872883
 -0.375984
 0.692371
 1.38424
 -0.494125
 1.79852
 2.20338
 -0.75275
 -1.01217
 0.770637
 -0.189092
 0.701087
 -0.469159
 -1.50833
 0.73868
 1.03608
 0.188827
 -0.0417543
 0.322868
 0.27089
 1.14542
 1.30738
 1.21736
 -0.522409
 2.2364
 -2.01134
 2.69143
 0.0290343
 1.57954
 -0.930355
 -1.48076
 -0.081395
 0.287589
 -1.53437
 1.25316
 0.933156
 -0.277281
 -0.379924
 0.137963
 1.94749
 -1.09201
 2.86987
 -0.554544
 -1.21641
 1.07158
 -2.27953
 -1.16514
 -0.812784
 -1.23776
 2.02707
 -2.35232
 -0.397792
 1.40005
 -0.834267
 0.230622
 0.957405
 -0.344507
 0.300651
 0.745735
 2.46292
 -2.27708
 2.90812
 -0.124827
 -1.12262
 0.0810421
 0.366555
 -0.221747
 0.402092
 -1.30246
 2.14097
 -1.39014
 0.396371
 1.94031
 -0.252661
 0.674696
 -0.77351
 1.07489
 1.90872
 1.08117
 -1.20555
 2.03438
 -1.78138
 -0.070902
 -0.616572
 0.293689
 -0.249851
 -1.19806
 -0.633416
 -1.49986
 -1.14394
 0.389935
 0.427539
 -0.515567
 -0.0467976
 2.7669
 -2.29599
 1.49704
 1.26281
 0.313789
 -1.00013
 1.31746
 -0.601795
 -1.43893
 -0.884994
 2.5699
 -2.36286
 2.19585
 -1.12488
 1.39606
 1.64642
 -2.28475
 0.177011
 -0.456761
 -1.32004
 2.25323
 0.840645
 -1.81092
 -1.94544
 -0.5111
 -0.707992
 0.34947
 -1.92407
 -0.427622
 -1.77601
 0.882009
 -2.05492
 1.44991
 -0.187263
 1.0507
 -1.34535
 2.07945
 -0.819164
 -0.684769
 1.29597
 -0.771653
 -0.571482
 0.0387825
 -2.53928
 2.73632
 -0.699369
 -0.357849
 -1.02794
 -1.7505
 0.0968366
 -1.6631
 -1.9652
 -1.46212
 1.02294
 -2.80546
 1.81689
 -2.73872
 2.58414
 -2.60268
 -0.151694
 -1.78462
 -1.23793
 0.843341
 -1.18683
 2.95557
 -2.31164
 -0.225627
 -1.46168
 -0.0837114
 -1.5202
 -1.18262
 0.060715
 -0.223981
 -1.73776
 2.05513
 -2.8028
 -0.311548
 -1.24624
 0.751982
 -0.565497
 1.09985
 -1.08052
 -0.405029
 -1.18892
 -1.00597
 -2.08046
 -1.66412
 -0.23664
 -0.230515
 2.44443
 0.384385
 2.65388
 -0.259206
 2.56909
 1.32221
 3.08802
 -1.4308
 1.65346
 1.64827
 2.47752
 -1.58145
 2.75577
 0.430873
 0.501533
 1.60749
 1.33666
 1.28052
 1.55993
 -1.01393
 -0.143542
 -0.311697
 -0.19913
 1.39354
 2.9122
 1.17685
 0.244586
 -0.337327
 -0.449198
 1.30172
 1.63574
 1.4253
 1.31713
 -1.5356
 0.934779
 3.04587
 -1.88955
 2.61525
 -0.279993
 1.54685
 1.3135
 -0.345849
 2.98385
 0.15204
 1.71779
 -0.771599
 1.13179
 1.67214
 2.23011
 -1.00475
 2.92484
 -2.1126
 -0.079447
 -1.30216
 -0.422419
 -1.22239
 2.35082
 -0.58882
 0.586635
 1.76692
 1.88367
 -0.137232
 2.7583
 -0.735863
 1.09518
 -1.17293
 1.1636
 -0.304843
 2.33817
 1.44656
 0.619648
 1.15988
 0.920761
 1.20657
 -1.69889
 1.12436
 0.279311
 -1.45015
 1.10368
 -0.548413
 0.586744
 -1.10388
 0.621139
 -0.733447
 -0.980307
 0.208844
 -1.44522
 1.40674
 -1.00566
 -1.58724
 -0.231713
 0.368975
 0.896012
 0.00759157
 0.483419
 -0.663254
 -1.53666
 0.0772022
 0.208599
 -0.798914
 2.96513
 0.109884
 2.52666
 -1.74122
 2.4662
 -0.0299792
 1.39283
 0.116902
 -0.147805
 -1.06337
 2.96857
 -1.58759
 0.839191
 -1.59791
 2.00737
 -1.66863
 -2.4079
 0.95363
 -1.07189
 -0.748625
 -1.70461
 -0.556676
 -2.37253
 -2.11645
 -1.09369
 -2.38531
 -0.385562
 -1.62496
 -0.140731
 1.40519
 -0.0362956
 2.04107
 0.907168
 -0.481048
 1.15943
 -2.4253
 0.425509
 -1.69449
 0.167668
 -1.22229
 2.507
 -0.0726966
 -0.612835
 0.272624
 -0.0644942
 1.02294
 -0.373087
 0.649428
 0.531341
 2.251
 -0.968813
 2.7922
 -1.63308
 2.13774
 -0.698283
 -0.566742
 -1.37316
 -2.05668
 0.0735327
 -1.54721
 -0.267673
 -1.86008
 -0.169646
 -2.83739
 -2.11946
 -2.25392
 -0.890507
 -0.270557
 -1.74769
 0.352892
 -2.9497
 1.01411
 1.53931
 1.20679
 -2.33592
 2.36849
 -2.52388
 1.03894
 -1.78063
 1.23853
 -0.0163625
 -0.267313
 0.821403
 1.36603
 0.40503
 0.618966
 -0.0252678
 0.803466
 0.237917
 0.858107
 -0.288868
 1.10026
 -0.716791
 -0.834218
 -1.1635
 0.1708
 -0.356877
 -0.687903
 -1.59032
 -0.0931055
 2.04526
 -2.65201
 0.483649
 0.0850564
 0.212407
 -0.234836
 -1.49686
 0.0706366
 -1.0696
 1.56789
 0.117641
 0.592205
 0.689765
 -0.500169
 0.651939
 0.750455
 0.70567
 -2.16085
 1.89665
 -2.70647
 0.0597939
 0.337899
 2.15226
 -0.991818
 3.07374
 1.97567
 1.65953
 2.61898
 -1.85312
 2.36331
 1.68849
 -0.183641
 1.44104
 1.20591
 1.73235
 -0.74159
 2.74881
 -1.526
 2.50888
 -1.77168
 -0.586409
 0.521421
 -0.632841
 -0.540765
 1.18022
 0.656442
 -0.0623634
 0.806067
 0.982767
 0.390687
 -0.909073
 2.34481
 -2.15582
 0.122006
 -0.483003
 0.897582
 -0.487174
 1.01252
 -1.10606
 2.57679
 -1.35282
 3.12233
 0.151942
 1.26669
 3.15043
 -0.860796
 2.98069
 -2.17014
 1.93846
 -1.74475
 0.862184
 -0.026227
 0.749589
 0.674426
 0.0252757
 0.991131
 0.879726
 1.32177
 -1.94609
 2.08279
 2.07874
 1.12228
 2.24213
 -2.26761
 1.34262
 1.12221
 0.667411
 1.27724
 -0.997796
 -1.01877
 1.12973
 -0.151369
 2.08744
 0.00168393
 -0.816382
 0.0974058
 0.669873
 -1.40333
 3.02336
 -0.151534
 0.458254
 -0.0989269
 -0.530862
 -1.25774
 -0.825028
 -1.36888
 -0.932427
 1.69652
 -1.04453
 -0.677786
 -1.81131
 -1.99548
 -0.766909
 -1.07408
 -2.02857
 0.340538
 -0.220766
 -1.02257
 -2.88549
 2.06802
 -1.34004
 0.494198
 -1.21755
 -0.938527
 0.00970225
 1.01167
 -1.00359
 2.09441
 0.390792
 -0.902793
 0.788489
 -0.807417
 2.75241
 -0.115374
 0.00669644
 -0.478146
 0.525508
 -1.16048
 -1.18441
 0.364665
 -1.37719
 0.401715
 -3.07871
 1.48703
 -2.32984
 0.416784
 -0.416113
 -1.57185
 1.18056
 0.106938
 -0.492332
 -1.76127
 1.35308
 -1.43703
 -0.410656
 1.42432
 -2.60173
 -0.203711
 -1.52213
 -0.748722
 -0.229975
 -0.630835
 -1.95673
 -1.09457
 -0.575175
 -0.207487
 0.967488
 1.49596
 0.153676
 0.762773
 0.778483
 -1.23623
 0.0902824
 -1.41644
 0.541325
 -0.673607
 0.85514
 0.940685
 0.860619
 -0.767068
 -0.568283
 -1.61389
 -0.753876
 -2.13145
 0.351077
 -1.03698
 0.660013
 1.01215
 0.41325
 1.79878
 0.755585
 1.41329
 1.01431
 2.1755
 -0.644722
 2.60528
 0.605701
 2.35257
 -2.24386
 0.843465
 -1.30441
 1.01759
 -2.07386
 1.71956
 -2.69455
 -0.223916
 0.175593
 -1.18641
 -1.84829
 -0.619171
 -2.85882
 -0.961643
 0.0559694
 0.230789
 -0.24542
 2.15946
 -0.831749
 0.894779
 -0.130727
 1.51242
 -0.906587
 2.89212
 -0.344703
 -0.69412
 0.810356
 -0.940343
 -1.73125
 -0.41505
 1.00825
 0.00314841
 0.858655
 1.82678
 -1.10512
 2.38365
 -2.4922
 2.68594
 -2.5851
 2.95463
 -2.54998
 2.01201
 -0.985854
 1.18143
 -1.41275
 2.65028
 -1.654
 -0.472001
 0.704602
 -0.533863
 -0.899589
 -1.6719
 1.27803
 -3.0043
 -0.351262
 -1.25713
 0.397966
 -0.894382
 0.157053
 -0.153816
 -0.130004
 -1.48849
 -0.305942
 -1.90523
 0.405779
 -1.75211
 -0.0353573
 -1.64604
 -0.369134
 -0.38734
 0.165517
 0.75617
 1.54089
 1.22586
 -1.52312
 2.20393
 -0.640593
 2.02352
 1.0729
 0.821972
 -0.359512
 2.11885
 0.87019
 -0.656096
 2.817
 -0.313204
 3.18948
 -1.94884
 3.19823
 -2.20269
 0.415997
 -1.2397
 -1.22794
 0.112181
 -0.342217
 -0.462226
 0.844841
 -1.16816
 0.10413
 -1.84915
 2.12612
 -0.916457
 2.41878
 -0.545905
 1.6816
 -0.378837
 1.04344
 1.83195
 0.156748
 0.274099
 -0.643169
 1.59743
 0.373521
 1.06301
 1.50047
 1.71857
 -2.39444
 1.80246
 1.1713
 -1.63723
 0.604515
 0.0424935
 0.474663
 0.693123
 0.510873
 0.591296
 1.41534
 0.257112
 0.633084
 1.19563
 0.930499
 1.70785
 -0.57512
 -1.34919
 0.732181
 2.93268
 -1.69012
 2.41498
 -2.10979
 1.98752
 -1.07741
 1.06746
 -0.972148
 2.64386
 -2.3305
 0.0113078
 -1.37957
 0.167482
 1.26779
 1.5868
 -0.281549
 1.62123
 0.901209
 -1.83338
 1.11249
 -2.82924
 2.55761
 0.226194
 -0.804357
 -0.251002
 -2.68036
 0.563063
 -3.14435
 -1.54653
 -2.3726
 -2.0093
 -1.12433
 -1.74778
 -1.9819
 -2.20157
 0.67353
 -2.22276
 -1.76102
 -0.182701
 -1.85898
 0.867445
 0.579927
 -0.113233
 -1.68477
 -0.0987992
 -1.98825
 0.34174
 -0.799211
 -0.00921062
 -1.55904
 -1.53412
 -2.58853
 0.683915
 -1.20393
 0.205139
 0.168361
 -1.41126
 1.33752
 -0.824867
 -1.19621
 -0.445192
 -1.39562
 0.782669
 -2.31061
 2.08248
 -1.21571
 1.1743
 0.118219
 -1.18078
 0.18065
 0.320318
 1.67656
 -2.63931
 -0.347184
 0.128595
 -0.735717
 0.152935
 -0.143284
 -1.22796
 0.320336
 -2.51773
 -1.01656
 -1.1789
 -1.6549
 0.299043
 2.41042
 -2.11432
 1.38372
 0.363213
 1.90204
 1.93691
 -0.343573
 2.47765
 2.6698
 3.24193
 0.760824
 2.14926
 3.07983
 -1.74517
 2.62851
 -2.32395
 1.69602
 1.81596
 0.318405
 1.29113
 -1.09199
 1.15564
 -0.577862
 1.32288
 -2.5848
 2.14816
 0.476863
 -0.407945
 0.326254
 -0.350884
 -1.84454
 1.44807
 -1.35149
 2.43715
 -0.851561
 0.790127
 1.04849
 -1.07078
 -1.45209
 -0.134782
 -1.80142
 0.0199396
 -2.33058
 0.967758
 -1.57142
 0.594999
 -0.547709
 1.17519
 -0.680101
 0.222418
 0.617544
 1.3678
 -0.420024
 0.0325913
 2.23397
 -0.463476
 2.46894
 -0.666896
 2.23144
 0.0662009
 3.03139
 -2.03158
 2.99842
 0.0346394
 -1.46227
 1.02733
 1.55265
 -0.617092
 1.95944
 -0.156024
 0.849885
 -2.05713
 1.7618
 1.33797
 2.70178
 0.605887
 -0.188194
 0.563136
 -1.06006
 0.516111
 1.13103
 -1.08822
 -2.41603
 2.01334
 -1.95094
 -1.70123
 -2.0617
 1.62904
 -1.63076
 -1.25995
 -1.51888
 -0.137825
 0.601928
 -2.03709
 2.04034
 -1.8785
 0.504271
 -1.52973
 -0.34669
 -3.06053
 0.525027
 -0.887748
 1.08458
 0.417686
 0.529856
 -0.812485
 -1.11956
 -2.50252
 1.57297
 -2.98109
 0.590201
 -0.743186
 1.23757
 -0.558574
 0.713696
 1.07586
 0.52605
 -1.39662
 2.78522
 -1.08593
 -1.20693
 2.85677
 -1.06224
 3.1394
 -1.44947
 1.29017
 -1.33552
 -0.81119
 -0.102855
 0.00609892
 -0.368903
 -1.62063
 0.400244
 0.713133
 0.857179
 1.73247
 -0.748816
 1.59542
 0.92229
 -1.20322
 1.58592
 -1.04554
 2.76025
 -2.41404
 2.83618
 -0.995877
 0.600155
 0.827658
 0.230612
 -0.336481
 -0.203251
 -2.17372
 0.288472
 -0.502629
 -3.13149
 0.622007
 -1.80029
 0.121019
 -1.84034
 -1.71512
 -1.1728
 -1.44435
 -0.540791
 -1.46264
 0.669538
 1.16041
 -1.8362
 0.10699
 -1.29055
 0.237965
 -1.15428
 -0.130051
 -0.160446
 -0.911654
 0.253799
 0.115872
 0.999419
 0.919457
 -0.98504
 0.656593
 1.28674
 0.976754
 0.830363
 1.92172
 1.64656
 2.49032
 0.305193
 0.463524
 -0.589478
 -1.44904
 -0.119848
 1.29955
 -2.31711
 3.03451
 0.251251
 0.349562
 1.85835
 0.76322
 0.420317
 -2.71113
 0.994532
 -3.12467
 -0.437379
 -0.950014
 0.384839
 -1.30577
 -1.47597
 -0.034601
 -1.79224
 0.138199
 -1.54684
 -1.20709
 -0.608577
 -0.187539
 -1.29504
 -0.34966
 -1.85236
 -1.03267
 -1.70371
 0.21272
 -1.13262
 -0.357853
 -1.47563
 1.06928
 -1.68937
 -0.214562
 -1.84165
 1.10163
 -2.17497
 1.57996
 0.700744
 1.39124
 -0.491185
 0.839876
 -1.17143
 0.411368
 -1.78486
 -0.0648833
 -0.120463
 0.275696
 -1.00421
 0.311198
 1.19134
 -0.312646
 0.0743308
 1.33592
 1.5974
 -1.32992
 2.02039
 -0.942905
 0.896807
 0.900303
 0.848269
 0.401202
 0.430532
 -1.86869
 2.35933
 -1.07889
 0.428095
 -0.877998
 1.83077
 -0.362237
 2.36665
 1.52816
 0.785741
 1.42034
 0.545154
 0.435783
 -1.20707
 -0.496851
 1.18171
 0.370543
 1.19406
 1.3685
 2.76729
 -1.69309
 1.01933
 0.330745
 1.0909
 0.663767
 -0.16557
 -0.590194
 -1.74083
 -2.77913
 1.90862
 -3.13455
 0.0441886
 -1.70582
 1.30527
 -0.951798
 -0.374983
 0.0505445
 0.811754
 0.829292
 -1.27137
 -0.800312
 0.194184
 -1.81481
 1.70081
 1.16881
 1.36688
 1.7858
 1.53579
 -1.79936
 0.918907
 -2.39515
 0.447872
 -2.57685
 -0.357907
 -0.352742
 -1.67592
 0.26016
 0.941029
 1.45899
 1.1138
 -1.91547
 0.0282851
 -2.16961
 -0.413577
 -2.56358
 2.62425
 -0.20599
 -0.876628
 -1.2385
 2.48857
 2.53583
 -2.22457
 1.23014
 0.551054
 0.285163
 1.33769
 -0.811806
 -1.68491
 1.53637
 -1.87388
 -0.56806
 -1.59301
 3.08806
 -2.55537
 0.15454
 -0.396585
 -1.78832
 1.41007
 -1.37909
 1.32443
 -0.105538
 -1.44158
 -1.20684
 0.324444
 0.682428
 -1.63884
 -0.975371
 -2.2676
 -0.458516
 -2.09261
 0.181908
 -0.643244
 -0.00870284
 -1.33685
 -0.883958
 -1.21982
 0.249782
 1.22034
 -1.40884
 0.414141
 -0.24989
 -1.22722
 0.657668
 0.886607
 -3.00881
 0.449056
 -1.86048
 -0.262483
 0.196529
 0.740176
 -0.495584
 1.23978
 0.778841
 -0.796745
 -0.234747
 -1.43739
 -2.0596
 -2.77499
 -1.4189
 -2.16419
 -0.78471
 -1.75358
 -1.63987
 -0.49257
 -0.310923
 0.015188
 0.389363
 0.216403
 1.19309
 1.80795
 0.316338
 0.998825
 -1.87227
 0.570255
 -1.90343
 -0.0155886
 0.438133
 0.951126
 0.0387652
 1.50475
 0.846876
 -0.118017
 0.0360188
 1.25296
 -1.80869
 0.305815
 -0.829721
 0.841018
 0.463974
 -0.339619
 -2.02641
 0.855392
 -0.696699
 1.58538
 0.347335
 2.97262
 0.0159725
 1.89246
 -0.894804
 3.23383
 -2.21277
 2.30775
 -0.409339
 -0.846669
 -0.882101
 -0.684912
 -0.527006
 0.763732
 2.01267
 0.169267
 1.70168
 -2.82149
 -1.6491
 0.0529282
 0.687889
 -1.1498
 0.244136
 1.75385
 0.528269
 0.5866
 1.29668
 -1.28116
 2.50749
 -2.21911
 0.999671
 -2.00018
 1.14963
 1.27532
 -1.13988
 2.21177
 0.220494
 -0.841587
 -0.177085
 0.287981
 0.852623
 -2.50231
 -0.0281759
 -2.17747
 -0.699634
 -0.797606
 -1.65277
 -2.14937
 -0.372946
 -1.99836
 0.145799
 -0.54367
 -0.209495
 -1.36941
 1.17744
 0.930559
 2.1282
 -0.543028
 0.640735
 0.710858
 -0.932541
 1.64066
 1.25637
 0.0659556
 -1.14084
 0.282718
 -1.85261
 -0.614287
 -1.29048
 -0.138408
 -0.537219
 -0.686669
 1.94813
 -1.00055
 1.99505
 -0.0126764
 -1.55808
 0.555311
 0.497804
 0.557093
 -2.92616
 2.959
 -2.33813
 3.19024
 -1.36819
 1.65384
 -0.378627
 0.711059
 1.26276
 -1.63899
 1.05484
 -1.68562
 -1.65993
 -0.365213
 -1.27502
 0.60426
 0.421367
 -0.599626
 0.533476
 -0.000829119
 -0.765582
 -0.193594
 0.282109
 2.66926
 1.01385
 2.68284
 2.82713
 2.21545
 1.4083
 1.2133
 -0.159975
 0.994239
 0.246988
 0.599985
 -0.351418
 0.682403
 0.538568
 -1.77451
 1.83094
 1.33235
 2.40825
 1.59953
 1.25687
 1.80265
 1.78194
 2.03487
 -1.61183
 0.764604
 -1.28394
 3.0475
 -2.414
 0.59319
 -0.698155
 0.538998
 -0.544246
 1.17581
 0.786856
 -2.79332
 -1.11109
 -3.28657
 1.23363
 -3.16654
 1.06728
 -2.13231
 -1.11744
 -0.653042
 -0.208068
 -0.286146
 0.568386
 -0.83691
 -0.845723
 2.93131
 -0.613976
 1.63482
 0.749974
 2.51738
 -1.03597
 0.444828
 1.61064
 0.696027
 -1.66394
 -0.201878
 -1.86609
 -0.370084
 -0.497889
 -0.0910698
 -0.839685
 1.49931
 -0.17551
 0.527398
 -0.0474777
 -2.97388
 0.642371
 -2.45363
 0.569723
 0.249699
 -1.5714
 1.68755
 1.06684
 -1.51361
 3.23953
 -0.0320958
 3.10734
 -1.31283
 1.85219
 -0.636252
 0.66434
 -1.21576
 1.07363
 0.739213
 1.61617
 0.40988
 2.11367
 -0.611945
 -0.36493
 -0.328491
 -1.32514
 0.836084
 -1.55382
 0.0545279
 -0.463773
 -0.685014
 -1.34202
 -1.54382
 0.40121
 0.601894
 -0.945719
 2.51512
 -2.14094
 0.649094
 -0.992135
 -3.12922
 1.3092
 -2.28511
 -1.60548
 -1.54525
 -1.93264
 -1.86903
 -1.42613
 -2.25084
 -2.06635
 -0.555656
 -2.77862
 1.58581
 -1.79978
 -0.455914
 -0.0151258
 0.227518
 0.509416
 -0.801377
 -1.97697
 -1.58393
 0.139816
 -0.144266
 2.9655
 -0.635979
 -0.477798
 0.640686
 0.848508
 0.158634
 -0.877407
 0.00571024
 -1.38081
 -0.580306
 2.13494
 0.632808
 1.37656
 2.81967
 -0.5256
 1.12895
 1.09463
 1.38657
 -1.00419
 3.12365
 -0.647617
 3.00543
 -1.62833
 1.32542
 0.543545
 -0.83707
 1.9232
 0.202782
 -1.22089
 0.624792
 -1.61079
 -0.266002
 -2.0456
 0.319377
 -2.2745
 0.877441
 -0.247897
 -2.08119
 1.22212
 -1.65181
 0.933897
 1.09499
 -1.23018
 -1.16708
 1.12938
 -0.509528
 1.50729
 0.595039
 0.329562
 -1.8862
 2.73152
 -0.876464
 -1.40485
 0.456196
 1.29216
 -1.65427
 2.03316
 -2.28636
 0.157606
 0.940862
 2.78226
 -1.95355
 2.47188
 -0.961151
 0.958205
 2.15461
 0.347697
 0.0639895
 -1.73045
 -1.70348
 0.463696
 -1.47534
 2.26969
 -1.79597
 1.0664
 -1.10823
 -0.19475
 -0.0450083
 1.40555
 -1.41943
 0.0260704
 0.435742
 0.931209
 -2.5998
 0.609417
 -0.979207
 0.419333
 -0.423381
 -0.524879
 0.30227
 -1.39125
 -0.716981
 0.43149
 -3.01369
 1.73698
 -0.0323145
 2.06887
 -2.34519
 2.08954
 -1.72519
 -0.884067
 -0.153585
 -1.01905
 -0.856859
 -0.348447
 0.822109
 -1.11043
 0.6724
 3.27774
 0.264908
 0.819252
 -2.07078
 2.79706
 -1.65581
 1.05068
 1.44075
 0.508583
 1.13518
 1.15973
 0.564129
 1.61
 0.644878
 1.25768
 -0.793067
 0.12539
 -3.03458
 2.02011
 -1.40229
 1.91159
 -1.12062
 1.80723
 -1.18266
 0.570125
 0.624605
 0.484608
 0.703243
 0.119788
 2.24284
 -0.417563
 -1.08213
 0.704749
 -0.911891
 -1.6471
 -2.17447
 0.271468
 -1.97008
 0.634192
 0.589682
 3.14904
 -2.26494
 3.12049
 -2.31617
 1.89504
 1.43212
 1.24409
 0.598781
 -1.12656
 -0.159209
 -1.55205
 1.53739
 0.100207
 -1.26566
 1.51404
 1.54558
 1.60992
 -0.528478
 0.172369
 0.131114
 0.216941
 -1.15777
 -0.694269
 -0.557703
 0.369069
 0.211722
 0.223394
 -3.10263
 -1.46047
 -1.62643
 -0.425193
 -1.95524
 -2.08038
 -2.09328
 -0.886604
 -0.827241
 2.26549
 -0.700466
 1.28069
 -0.385703
 -0.659322
 2.39838
 -1.58798
 2.9851
 -0.466717
 2.2433
 -0.34354
 -1.10596
 1.14898
 -2.88461
 0.533723
 -1.86403
 0.19547
 -0.549321
 -1.3482
 -2.27212
 2.18201
 -1.58408
 0.023984
 -2.57014
 2.00623
 -1.68994
 -0.874744
 -0.280856
 -1.34151
 -1.85614
 -1.03792
 -1.85085
 -0.699924
 -1.48896
 0.78003
 -2.79231
 1.69172
 -2.89879
 0.225823
 -1.69137
 0.908193
 -1.48347
 1.21119
 2.19149
 -0.833692
 2.44035
 1.24342
 -0.761768
 1.97242
 -2.56043
 1.57774
 -1.65244
 0.314017
 -3.06816
 2.80404
 -2.80856
 2.93507
 -2.15023
 0.991019
 -2.18276
 2.80452
 0.0814378
 -1.3898
 2.08933
 -1.28624
 1.88827
 -2.8199
 1.56706
 -2.15193
 2.18519
 -0.262554
 -0.236427
 1.94401
 -0.84087
 0.934026
 2.01823
 -0.441299
 0.685865
 1.46587
 -1.81127
 0.821758
 -0.925627
 0.430276
 -0.9298
 0.890965
 -1.01215
 -0.234458
 1.10994
 -1.60259
 1.02484
 0.840325
 -2.55804
 1.28089
 0.504435
 -1.23436
 1.32939
 0.996568
 -0.0476047
 1.1844
 -1.00301
 2.50751
 0.342792
 -1.19796
 0.88832
 -2.19602
 -0.205973
 -0.0746428
 -2.42628
 -0.0382481
 -0.359564
 1.26551
 -0.478729
 -0.209564
 1.10273
 1.20683
 1.35515
 0.826447
 -1.53925
 0.274554
 -2.53166
 1.6385
 -2.36628
 1.97812
 -1.3929
 0.958819
 1.44901
 2.51405
 -0.0272397
 2.98899
 -1.07789
 -1.01829
 -1.64575
 -0.248776
 0.798668
 -0.135573
 0.95631
 -1.33359
 -1.69128
 1.08505
 0.173494
 -0.586614
 0.715922
 -1.27772
 1.20852
 1.68051
 0.703017
 1.27247
 -1.58816
 3.19896
 -2.31406
 3.2474
 -2.34204
 2.72307
 -0.348622
 -0.24324
 2.24382
 -0.462324
 0.157311
 0.77812
 1.50646
 -0.679057
 -0.700087
 -2.05712
 0.179604
 -0.41312
 -0.316795
 -0.0624309
 0.436538
 2.75813
 1.59132
 -0.798984
 -0.37373
 0.718297
 1.136
 0.855602
 -0.608286
 0.778089
 0.419054
 -1.01032
 2.01061
 -1.61565
 3.23961
 -1.43037
 2.95342
 -2.04018
 3.28923
 -2.31428
 2.34664
 0.338298
 2.31604
 1.2955
 2.00372
 0.492959
 1.37371
 2.73186
 -0.734437
 -1.05063
 0.730492
 -1.13177
 2.41208
 -2.67939
 0.57082
 0.670061
 -0.599532
 -0.22152
 -0.929493
 -0.264823
 -1.45361
 1.40335
 -0.93846
 -1.28972
 0.439528
 -0.306913
 -0.00661523
 -1.41263
 0.716685
 0.574126
 -0.667215
 1.01765
 -1.95794
 0.17167
 1.42278
 0.26251
 0.468255
 -2.64142
 2.63684
 -2.91671
 -0.264496
 -1.14699
 -0.130407
 1.57121
 1.40217
 0.430429
 0.894978
 1.26834
 0.60559
 2.07361
 -2.20442
 3.09195
 1.86359
 0.803981
 -0.198123
 1.94865
 1.47339
 2.09369
 -0.519547
 0.258159
 1.59317
 0.0685415
 -1.81868
 0.872911
 -1.20712
 -0.064079
 0.071579
 1.53018
 -1.04393
 -1.65757
 0.244433
 -1.36715
 1.45186
 -1.30809
 0.297608
 0.555431
 2.18024
 0.175242
 0.947901
 2.20828
 -0.855587
 0.40774
 0.293547
 -1.36284
 0.208692
 -0.148262
 0.0775023
 -1.33543
 0.679116
 -1.21671
 0.188194
 -2.95708
 1.20896
 0.191061
 -1.82972
 -1.75443
 -2.14322
 -0.454756
 -0.127221
 -3.16819
 0.569678
 -0.130478
 -0.340885
 1.44047
 -0.0021641
 1.08261
 -2.10733
 0.293822
 -1.44542
 0.00888141
 1.32507
 0.727792
 0.171168
 -1.33469
 0.841718
 0.221086
 -2.28419
 -1.90852
 -3.29281
 -1.58889
 -3.05658
 -0.660034
 -2.39288
 -2.15949
 -2.06798
 -0.182237
 -2.14031
 -0.35471
 -1.42414
 1.08627
 0.261997
 -1.14619
 0.545695
 0.976361
 -1.2218
 -1.02325
 -1.06434
 1.85402
 2.08172
 0.039254
 3.01781
 -2.32435
 1.67808
 -1.10573
 -1.29294
 0.480818
 0.839145
 0.161119
 0.879411
 -2.48703
 2.42099
 -0.802424
 0.722996
 -1.02916
 0.168596
 -0.755155
 -2.09657
 -0.577787
 -1.9778
 1.34849
 0.136871
 -1.73225
 0.0220862
 0.948326
 -2.93262
 1.42201
 -1.51849
 2.08551
 0.450195
 -0.11695
 0.877281
 2.79838
 1.87209
 2.26815
 0.60935
 -0.347633
 1.69341
 0.769033
 1.13375
 0.239594
 -0.860194
 0.417759
 -0.315117
 -1.28996
 0.79868
 0.871808
 0.839943
 -0.867686
 -0.752642
 -0.935511
 -1.0598
 2.91812
 1.09687
 1.4276
 -1.4976
 2.66408
 -0.118374
 -1.13371
 0.0229595
 -1.76277
 2.22725
 -0.726661
 -1.1297
 0.331943
 2.11491
 -0.182737
 1.97782
 -1.65832
 2.25966
 0.232772
 -0.801356
 0.760143
 1.79463
 0.908102
 -2.36111
 2.19757
 -2.96137
 0.199609
 -0.977771
 -1.44693
 -1.58978
 2.09995
 -1.45684
 2.20054
 -0.897198
 1.96006
 0.403525
 2.96996
 -0.473231
 0.193838
 0.850756
 2.11355
 0.971055
 0.179938
 1.42634
 -1.20327
 0.483244
 1.89966
 -0.736622
 -1.17214
 2.69249
 -2.72368
 0.225159
 2.42685
 -0.0309898
 0.901773
 1.27863
 0.91893
 -0.0332239
 1.18086
 -1.82885
 1.21786
 0.909249
 -0.00981597
 -0.206559
 -2.7
 -0.204302
 -1.70977
 -0.0124576
 -1.76865
 -1.5945
 -1.48102
 -0.709836
 2.18999
 -1.37022
 1.08512
 1.33134
 0.518596
 -0.114584
 -0.0180344
 -0.587269
 1.1541
 0.127269
 -0.242149
 0.475814
 0.570498
 -1.58087
 -1.01945
 -0.0381534
 -2.13252
 0.115871
 -1.84567
 0.844352
 -1.79191
 0.808554
 0.537888
 1.17489
 -2.81622
 1.07727
 -1.60982
 -1.60122
 0.560894
 -0.856566
 0.362829
 0.719865
 2.17242
 0.911909
 2.6149
 -0.373262
 -1.42931
 0.371677
 -1.01279
 -0.0580753
 0.452997
 -1.55671
 -2.58393
 0.0618662
 1.4585
 -1.21242
 -1.08992
 1.77547
 0.756209
 0.771561
 -0.874867
 0.230614
 -1.80337
 -1.54504
 0.702454
 0.713017
 1.39391
 -1.05365
 3.21875
 -0.803024
 -0.690912
 1.66367
 1.45948
 -0.150935
 1.13288
 1.48432
 0.0883863
 1.93769
 0.215654
 -0.638669
 2.29683
 -0.10594
 0.137965
 -0.374784
 2.26055
 -0.182876
 3.3575
 -0.74961
 1.87465
 0.244432
 2.02924
 0.61589
 -0.848371
 0.541623
 -1.66021
 -0.187595
 -3.16466
 1.49581
 -2.9257
 1.96853
 -0.377525
 -1.38724
 0.0236072
 -1.60336
 -1.97527
 0.234686
 1.17084
 -2.14205
 -2.11271
 0.12458
 -1.78793
 0.547875
 -1.69492
 -0.24294
 0.369809
 -1.08472
 -0.40337
 -1.33804
 -0.954697
 0.913318
 -0.305255
 0.868743
 1.76115
 2.87711
 -1.61482
 2.66114
 -1.92368
 2.40965
 -2.19166
 0.0145783
 -1.87321
 -0.0772673
 0.784541
 0.867237
 1.18615
 1.74167
 0.659985
 0.409549
 1.15461
 -0.696898
 0.496135
 1.2488
 -0.425239
 2.37959
 -0.0274094
 -0.281409
 0.237669
 -1.40581
 -0.236159
 1.40114
 -1.20917
 2.68615
 -0.537851
 2.67019
 -0.890395
 3.21654
 0.582454
 0.602495
 1.15954
 0.101784
 2.36072
 1.13277
 -1.73902
 1.3044
 -0.374172
 2.42067
 -2.70109
 2.67071
 -1.05845
 1.01561
 0.600272
 0.0261735
 2.25594
 -2.13295
 1.72955
 1.11007
 1.22935
 -0.524947
 2.63171
 -1.26628
 0.58172
 0.194586
 -3.01289
 2.76161
 -0.534399
 2.93971
 -0.387172
 0.610303
 0.760096
 -0.784407
 2.34908
 -2.03636
 -1.30648
 -3.24772
 -0.386476
 -1.69522
 -1.61164
 -1.25509
 -1.89645
 -1.52321
 -1.04051
 -1.41981
 -0.944738
 -0.00324334
 -1.39086
 1.17848
 -1.83507
 0.0805299
 -2.00185
 -0.333073
 -0.226128
 -1.50861
 2.36274
 -2.79457
 1.95134
 -1.01295
 -0.527402
 0.897445
 -1.67624
 -1.84952
 -1.26321
 -0.800122
 -0.197633
 -1.79671
 -2.42743
 0.278919
 -2.97552
 1.78745
 -1.97973
 -0.563411
 1.51604
 -2.63437
 0.753911
 -0.797776
 -2.4285
 0.0180932
 -1.9107
 -0.306929
 -1.76926
 -0.668871
 0.409377
 0.204671
 -1.12252
 -1.3641
 1.3047
 1.19621
 -0.789665
 0.738671
 -0.849035
 0.485699
 -1.38737
 0.503449
 -1.40319
 1.0356
 -2.69064
 1.32058
 -1.75619
 0.471136
 -0.72236
 -0.941231
 0.943648
 0.105148
 -1.36309
 0.191459
 -0.936349
 0.834458
 2.12397
 2.28848
 0.699468
 1.5942
 0.822809
 0.183739
 1.29353
 1.45061
 -1.39189
 -0.232248
 0.113161
 0.010055
 0.507691
 1.10791
 1.341
 -0.676095
 -0.235552
 -0.46873
 -2.12733
 2.36878
 -1.77107
 -1.90413
 2.74544
 -2.70594
 3.20479
 -0.812473
 2.0485
 0.691603
 1.15909
 -0.1787
 1.06822
 0.359147
 -0.664823
 1.60514
 -1.10952
 1.2611
 -0.481457
 -1.33409
 1.39573
 -0.414804
 -0.579649
 1.41947
 0.0371131
 0.614798
 -2.58124
 2.25785
 -1.66869
 -1.02338
 1.06059
 -0.209901
 -0.64302
 0.200015
 -1.75369
 0.946588
 -1.31232
 0.590611
 -2.88484
 1.5523
 -2.27905
 2.79877
 0.29309
 2.96519
 -2.50477
 1.95055
 0.623569
 2.43413
 -2.48489
 2.28522
 -0.571421
 0.169612
 0.52561
 -1.41699
 0.130664
 -1.33554
 2.0901
 -1.15322
 2.78687
 -0.939405
 0.923869
 -0.939206
 1.29623
 0.501459
 1.60417
 0.131333
 -1.49946
 3.02276
 0.676482
 2.41991
 -1.69988
 2.9262
 -2.60516
 2.60804
 -2.92167
 0.894236
 -1.64408
 2.1453
 -1.05129
 0.0866079
 -1.13687
 1.26895
 -1.79712
 0.28297
 1.75866
 0.614604
 0.380954
 -1.39785
 -1.85662
 0.224807
 -1.06001
 1.30349
 1.17219
 -0.933753
 -0.562695
 -2.08457
 0.449121
 0.356178
 -0.209441
 -0.510886
 0.228319
 0.657624
 -1.41008
 2.66663
 -2.16164
 0.485438
 -1.06492
 -0.207663
 -0.736748
 -0.773902
 1.74154
 -2.14899
 0.640868
 -1.77205
 -0.032217
 -0.547902
 1.25854
 1.02946
 -1.13343
 0.46727
 -1.32378
 0.520325
 -2.03263
 1.61583
 0.946746
 -0.10912
 0.545471
 -0.812017
 0.385939
 1.06175
 -1.43799
 -0.182549
 -0.0169383
 -1.56887
 -0.675255
 -0.208406
 1.65409
 -1.79183
 1.1546
 -1.57248
 1.18353
 -0.418637
 2.16064
 -2.95892
 0.963075
 -1.62302
 0.0036628
 0.67083
 -0.48676
 -0.415392
 0.544456
 -0.404967
 1.34294
 2.09412
 0.508474
 0.79962
 -0.178392
 0.681797
 -0.133238
 0.920584
 -1.06588
 1.64285
 2.05008
 0.252239
 -1.32519
 1.51514
 -1.90248
 1.36571
 -1.03795
 0.723069
 0.454815
 0.635131
 0.409022
 2.2408
 0.44247
 0.163079
 1.667
 2.17177
 -0.227267
 2.54035
 -2.34204
 2.65725
 -1.36381
 1.19759
 0.431122
 0.764856
 0.769609
 -1.27389
 -0.414233
 -0.0751448
 1.71931
 -1.35529
 -0.864081
 0.999392
 0.913631
 0.875756
 -1.34683
 -1.61396
 1.5118
 0.632967
 -1.71007
 -1.8778
 0.405303
 0.965266
 -0.599325
 0.632412
 0.490334
 2.49664
 -1.41953
 -0.662554
 -0.542683
 -1.84506
 -0.23367
 -0.590569
 0.430038
 -0.509916
 0.233991
 -1.43305
 0.861361
 -3.04619
 2.65339
 -2.96906
 0.253602
 -1.00007
 -1.86485
 -1.61846
 -2.02372
 -0.494965
 -0.330582
 1.87913
 -1.70805
 0.635578
 -1.0703
 2.51682
 0.850362
 -1.93801
 -0.4253
 -1.91768
 -3.29932
 0.742717
 -3.27479
 0.319041
 -0.547358
 1.30059
 -1.23515
 -0.306193
 0.81505
 0.584213
 -1.00622
 2.77235
 -0.732281
 0.453509
 1.39458
 2.15809
 -1.22331
 1.54828
 -1.71049
 -1.40725
 0.36288
 1.08017
 -2.34457
 -0.453353
 -1.92968
 -0.774597
 -2.79074
 0.870498
 -1.35977
 -0.502287
 1.53213
 1.37453
 -1.3791
 1.75593
 0.00389911
 -2.13637
 2.64404
 -1.44036
 -0.863381
 -0.00128428
 -0.929613
 0.283322
 2.46251
 1.0261
 2.70058
 -0.783804
 -0.692245
 0.97519
 -0.290702
 -0.828301
 -2.34516
 -0.400396
 -0.274338
 0.667029
 -1.48906
 -0.00661789
 0.0884275
 2.30151
 -2.90284
 0.134221
 0.664455
 1.2649
 1.23367
 -1.62622
 -0.630488
 -1.73355
 -0.301889
 0.266826
 -2.8077
 2.28823
 -2.93331
 1.77222
 0.220424
 -0.192672
 -0.578752
 0.139405
 2.69116
 -1.17355
 2.35874
 -2.70531
 2.26031
 -2.56799
 0.629206
 1.65157
 -0.684018
 0.0238624
 -1.34823
 0.936979
 2.30776
 -0.569669
 0.149359
 0.782953
 -1.60723
 -1.17267
 0.018626
 -1.47838
 -3.22772
 0.663325
 0.452894
 -2.4652
 -1.43411
 -3.22313
 -0.240203
 0.0989597
 -1.67505
 0.949809
 -0.098206
 0.301753
 -1.34816
 1.15284
 1.07489
 -0.156239
 1.20161
 1.77075
 -0.520379
 -0.635078
 -1.0587
 -0.0304757
 -1.76871
 -0.904893
 0.67002
 1.31042
 0.940017
 -0.271443
 1.6956
 -1.95576
 0.864649
 -2.17964
 -0.617303
 -1.69312
 -0.297535
 0.0172
 -1.01748
 0.287555
 -1.73898
 -1.53624
 -0.901833
 0.521814
 -0.88577
 0.0783893
 -2.34112
 2.6038
 -2.95852
 0.484038
 0.848599
 -3.15971
 0.469356
 -0.508393
 0.288658
 1.09874
 0.026472
 0.813206
 -0.754646
 2.51923
 0.876974
 -1.64039
 2.84369
 1.08781
 1.42943
 0.972502
 1.02428
 0.451093
 0.593745
 1.42189
 -0.780027
 1.96244
 0.3756
 2.16194
 1.50542
 -0.931611
 1.74748
 0.42079
 -0.94662
 -0.478788
 -1.48965
 1.52639
 0.0484541
 0.697584
 -2.31485
 2.8169
 -2.7035
 -0.502525
 -2.25059
 2.49436
 -2.65121
 0.99623
 -0.460857
 2.20262
 -1.05768
 2.08587
 -1.01573
 2.94506
 -1.51029
 3.25439
 -0.822159
 2.41138
 -0.648306
 2.48177
 1.57503
 2.1286
 1.1251
 1.76158
 0.89907
 -0.620158
 0.153458
 -1.82955
 -0.903341
 -0.782558
 1.0957
 -3.05627
 1.08416
 1.71054
 -0.641576
 -1.47362
 -2.1902
 -1.00445
 0.764876
 1.3933
 -0.40416
 0.594392
 0.490071
 0.274278
 0.493944
 -0.702377
 -0.16722
 0.583664
 -0.817956
 0.221566
 0.433773
 0.275027
 2.53551
 -1.2391
 2.24507
 2.59413
 0.396515
 1.76484
 -0.639441
 -0.780528
 2.32279
 -1.02108
 -0.88974
 1.42324
 -0.764923
 0.34255
 1.16089
 1.19844
 0.585272
 -0.524943
 -3.16866
 0.46314
 0.207542
 0.453762
 0.71911
 1.92773
 -0.836113
 1.85733
 -0.969818
 1.67609
 -1.35378
 -2.44995
 -1.30758
 0.354568
 -0.817953
 2.95726
 -1.54438
 2.37331
 -1.1015
 -1.15715
 -0.0815331
 -1.75463
 -0.170047
 -0.630965
 0.472159
 -0.908117
 0.950068
 -0.277767
 1.40024
 1.05647
 0.399758
 -2.2752
 2.97072
 -1.60004
 1.16144
 -0.967675
 0.924085
 0.235464
 -0.248437
 -2.54255
 0.40394
 1.21018
 2.42901
 -0.30154
 1.44235
 -1.38394
 2.34869
 -2.47112
 1.1747
 -2.43406
 -1.50239
 -0.61364
 -1.73768
 1.40146
 -1.17179
 0.184125
 2.15847
 -0.598339
 -1.46192
 -2.38199
 0.42856
 0.722832
 -1.92941
 1.72841
 -1.23633
 2.50752
 -2.08073
 1.16206
 -1.42734
 1.76785
 0.730152
 0.327368
 2.47896
 0.890543
 2.37471
 0.920547
 0.489295
 2.45715
 -0.611832
 3.0927
 -0.308208
 0.308678
 0.642264
 0.145146
 1.46639
 -1.94179
 1.40369
 -0.611815
 0.945968
 0.117473
 1.37696
 -0.411787
 -0.700944
 0.624993
 0.805584
 0.632294
 0.478569
 -0.742155
 -1.74896
 -0.0321429
 -1.67347
 -1.62473
 1.03539
 -3.11331
 1.19972
 0.601346
 0.357616
 -1.41706
 -0.375153
 -1.37651
 -0.299962
 -1.75533
 0.175052
 -3.0601
 2.29409
 -3.18583
 0.34031
 -1.08525
 -1.63964
 2.18202
 -1.66236
 1.49137
 0.262395
 -1.69153
 -1.89785
 -1.71335
 0.191336
 -1.76816
 -0.0260106
 -1.94103
 -0.125201
 -1.88961
 -2.30171
 -0.594657
 -2.05534
 -0.0237764
 -2.77501
 0.0138653
 -0.113082
 -1.85441
 0.355666
 0.401247
 0.904134
 -0.165849
 -3.09667
 2.3467
 -3.08917
 1.93916
 -2.95445
 0.754606
 -1.52647
 1.10605
 -1.83071
 -1.83903
 1.47045
 -1.05038
 0.72141
 -3.10794
 -0.167442
 -2.67969
 1.65629
 -2.79916
 0.595441
 -1.11525
 -2.28861
 -0.0576024
 -0.658213
 0.335809
 0.981891
 -1.2332
 2.3232
 0.463611
 -1.11316
 2.59582
 0.921225
 1.08514
 0.711048
 2.0277
 -0.735519
 2.4748
 -1.81094
 1.79922
 0.529552
 1.68197
 1.79174
 -0.229224
 -3.02092
 0.860612
 0.896659
 0.0709085
 -3.01222
 2.28897
 -2.63205
 1.29539
 0.501678
 -0.158279
 -1.05963
 1.71058
 -0.183039
 -0.804206
 -1.28289
 -2.09763
 -1.7982
 0.230749
 -1.82768
 -0.636288
 0.837959
 1.0168
 -1.35633
 0.048293
 -1.1188
 1.59923
 -0.429877
 0.30393
 2.04515
 -0.975456
 3.28296
 1.39919
 1.39109
 1.58313
 1.98511
 1.70098
 0.664181
 -0.308867
 1.0948
 2.79056
 -2.49864
 1.39916
 -0.568004
 -0.0913077
 0.998947
 -2.10633
 1.18216
 -3.08144
 1.44451
 -2.18205
 -2.68214
 2.94524
 -0.404413
 1.43751
 0.119861
 -0.932896
 0.662564
 0.46262
 0.873053
 -1.45736
 0.313223
 0.280726
 0.820617
 -1.51559
 -1.47705
 -0.558232
 0.441143
 0.744299
 -0.618996
 -0.76649
 -1.07533
 0.386348
 -1.33288
 0.843266
 -0.634383
 0.969568
 0.0346869
 0.382806
 -1.6383
 -1.53391
 -1.73383
 2.2594
 -1.00882
 2.9316
 -2.67195
 2.93734
 -2.62317
 3.33806
 0.108324
 0.661673
 -0.5118
 0.541604
 0.368013
 -1.47147
 1.64992
 -1.33446
 1.71672
 -3.05206
 1.13286
 -3.20633
 1.12748
 -0.950683
 2.89356
 -0.943523
 2.72631
 -2.29281
 3.38571
 0.149767
 1.24134
 0.00223909
 0.706249
 0.802333
 1.29727
 0.887013
 -2.72332
 2.70796
 0.221747
 1.43667
 1.53996
 1.36454
 0.850231
 -0.957291
 1.1354
 1.85809
 0.992799
 -1.18174
 1.35719
 0.286081
 -1.30068
 1.07474
 -0.488334
 3.19335
 -1.74239
 3.18937
 -2.62867
 1.51143
 1.09938
 -1.14258
 3.13417
 -1.27957
 1.0654
 2.40345
 2.79239
 -0.748814
 -0.66286
 3.03826
 -1.94825
 -1.11916
 0.450698
 -0.350743
 0.969119
 -2.03022
 1.6383
 -1.32154
 0.232851
 1.0007
 -2.34457
 0.334517
 1.30767
 2.91871
 -2.45147
 2.65013
 0.567593
 0.924538
 1.71023
 1.77639
 2.58673
 -0.629001
 0.190873
 -0.399822
 0.0497939
 0.879902
 0.437516
 0.1574
 -0.391705
 -0.0317596
 2.29164
 0.801137
 0.380418
 1.21278
 1.9242
 2.87539
 -0.0377929
 0.869214
 1.62646
 1.93897
 -0.288243
 0.584265
 2.77398
 1.04035
 1.58393
 1.29393
 -1.23577
 1.33035
 -2.19445
 -1.34022
 1.68142
 -0.966304
 1.15257
 -1.03371
 1.22503
 -1.53987
 0.0249056
 -1.88565
 0.423323
 2.37345
 0.440896
 -1.0792
 -2.096
 2.40115
 0.263389
 -1.42674
 -1.04412
 1.13976
 0.967182
 -0.769628
 0.141032
 0.835348
 0.758103
 -0.758739
 1.83513
 -1.71405
 0.411447
 0.0412284
 -1.24909
 -1.73715
 -1.33246
 -0.322719
 -1.22332
 1.47902
 -1.69858
 -0.548378
 -0.385015
 0.318727
 2.85611
 0.0444148
 -0.593297
 0.679651
 -0.0050825
 -0.368367
 -0.476794
 1.03007
 0.28593
 0.80301
 0.60925
 1.58221
 0.926797
 1.25396
 1.5062
 -0.10654
 -0.68998
 0.674688
 -1.0412
 1.87746
 -1.21132
 1.31251
 -2.33078
 0.442461
 2.77871
 0.467655
 1.60697
 3.15211
 -1.73867
 1.74199
 1.15917
 -0.337263
 -1.25819
 -0.568231
 0.196667
 -3.01041
 0.545168
 -1.33681
 -1.85387
 -3.29554
 -0.447217
 -2.74594
 -0.851801
 -2.06449
 -0.201951
 -2.40084
 -0.807223
 -0.890736
 -0.310521
 -0.63588
 0.353905
 -1.39831
 2.21426
 0.49856
 1.56812
 2.27443
 -0.762655
 0.0645919
 0.147513
 1.18152
 0.436308
 -1.14368
 -0.425398
 0.278002
 2.15887
 -1.18719
 1.44171
 -0.0530969
 2.81462
 -2.42025
 3.09766
 -2.53943
 3.22869
 -1.31106
 -1.10998
 -1.10287
 0.372266
 -1.67231
 -0.331781
 2.43014
 -1.34683
 1.07638
 2.46825
 -1.13703
 0.469124
 -0.287067
 -0.187006
 0.510106
 0.888896
 2.23192
 0.864836
 0.907818
 -1.1742
 -0.476324
 0.319532
 -1.57441
 0.283346
 0.035463
 -1.53906
 0.501833
 -1.07007
 -1.01463
 1.53191
 -0.474644
 3.14009
 -2.67905
 1.88441
 2.6353
 -2.6363
 1.01056
 -0.754809
 2.75778
 -2.80794
 1.22619
 -1.64172
 0.732683
 -1.71475
 0.217072
 -2.56154
 1.31296
 -2.08916
 -1.74215
 1.8354
 -3.22134
 -0.695934
 -0.10658
 -2.28795
 -0.753799
 -1.02557
 0.0478166
 1.51126
 0.978243
 2.3794
 -2.66671
 0.906768
 -0.922854
 -0.789379
 -1.78103
 -0.0798181
 -0.26159
 -0.282373
 -1.49
 0.318393
 -0.839113
 2.04961
 -0.142884
 -1.1526
 -1.81128
 0.435553
 -1.17934
 -1.63839
 0.259497
 -1.21275
 -0.263432
 -3.04326
 1.07346
 -1.61322
 0.0542694
 -0.951803
 -0.906722
 -0.810595
 2.6244
 -1.23841
 0.951653
 -1.58663
 0.906533
 -0.0382893
 2.46435
 -0.330654
 1.58843
 0.757129
 -0.0434195
 0.0958063
 0.614209
 -2.63385
 -0.13399
 1.57327
 -1.00976
 -0.881565
 0.844827
 1.46271
 0.378115
 -0.177192
 2.7558
 -2.72407
 2.23101
 -2.10033
 1.48363
 -1.68375
 0.362688
 1.35575
 -2.08955
 1.45545
 -0.896436
 0.687879
 -0.867354
 -1.17282
 -0.354824
 -1.30818
 1.4759
 0.621508
 -2.05795
 1.07378
 0.297468
 1.42639
 0.0369777
 0.827304
 1.54899
 -0.0359686
 -1.54133
 -0.734445
 -1.67909
 0.121393
 -1.44533
 -1.08864
 -1.50569
 0.319835
 0.54315
 -1.71091
 -0.860751
 0.33206
 -1.825
 -0.769428
 -2.0647
 1.2647
 1.02395
 -0.62093
 2.32648
 -2.93608
 1.27553
 -1.09708
 1.99581
 0.0157201
 0.394193
 -0.421022
 0.732644
 1.43114
 1.77927
 1.8699
 -0.197027
 1.89999
 -0.828926
 1.5732
 -0.328749
 -1.74423
 0.0853532
 0.906926
 0.327172
 0.924306
 -1.72615
 1.26782
 -2.76197
 2.13778
 -3.21799
 -0.935312
 -0.465267
 -1.2308
 0.107786
 -1.62302
 1.45415
 2.6699
 -2.4857
 2.35709
 -1.32959
 2.28529
 -1.55576
 1.47804
 -2.64074
 0.774984
 -3.24913
 0.525423
 -2.11618
 1.77238
 0.303462
 -0.248401
 -1.89563
 -0.273321
 0.885695
 -0.0348733
 0.585204
 -0.42132
 1.08269
 1.73492
 -1.2958
 -0.11455
 -1.92634
 1.25733
 1.03521
 1.28832
 2.47612
 -1.33775
 0.208371
 -0.736971
 -0.0779274
 -0.177401
 1.49461
 1.35221
 1.14469
 2.02187
 -1.70331
 -1.51623
 1.13724
 0.184294
 1.50943
 0.423588
 -1.36408
 -0.913216
 -1.42011
 1.56732
 -0.167272
 0.0139383
 -2.21263
 -1.06564
 -0.661549
 0.312836
 0.681844
 0.476588
 0.28379
 -0.594116
 -0.890662
 2.45609
 1.38833
 1.67334
 2.60903
 0.887702
 0.346778
 2.22443
 -1.05129
 1.42464
 2.41044
 -1.29582
 2.6466
 3.12768
 -2.19051
 3.35633
 -1.2948
 -0.496331
 1.82183
 0.493451
 -1.40528
 -0.474867
 -1.76196
 0.223171
 -3.14573
 0.229783
 -1.9749
 -1.77559
 -2.21236
 -0.830453
 2.64635
 -1.97456
 2.75907
 -2.91254
 0.665892
 0.351132
 -1.53881
 2.04951
 -1.44808
 0.239455
 -2.43808
 3.18881
 -1.67789
 2.69397
 -2.74867
 0.878229
 -1.47762
 -2.46813
 -0.161351
 0.00925738
 1.55341
 3.01606
 -1.26445
 1.28775
 0.896937
 0.223689
 1.88678
 -0.255569
 1.79232
 1.13897
 -2.61976
 2.90924
 1.24182
 -0.322431
 -0.858763
 1.32008
 2.83113
 -2.52297
 0.750906
 -0.973717
 1.02011
 -1.01436
 1.22316
 -1.4035
 1.955
 -0.526678
 1.7439
 1.43889
 0.360665
 0.301572
 3.21764
 0.67723
 2.48912
 -2.30853
 3.4116
 -1.22359
 1.90039
 -2.05841
 2.348
 -1.3269
 -0.794095
 -0.836753
 1.16792
 -1.99022
 1.34245
 -0.84977
 1.94457
 0.862498
 -0.699877
 -0.457376
 -0.750231
 0.351963
 -0.266591
 -0.12325
 -0.00984142
 -0.99183
 0.497729
 -2.91887
 0.882255
 -1.45982
 1.20903
 -1.54337
 1.29279
 0.510436
 -0.161775
 -1.89737
 1.15435
 -2.18175
 -2.44872
 0.218638
 -0.884327
 0.771174
 -0.299532
 -0.809344
 -2.17299
 0.389069
 -0.677147
 -1.93733
 1.07842
 0.181154
 -0.626932
 1.03409
 1.41364
 -0.485409
 0.609324
 0.924792
 1.56871
 1.05252
 -0.400788
 1.99621
 0.779431
 -1.31218
 -1.11795
 -2.55488
 -1.38708
 -0.0363874
 0.645901
 -1.9054
 -3.35365
 -0.417137
 -1.41342
 2.23274
 0.88751
 2.29106
 -0.499361
 2.2323
 -0.699054
 -1.94065
 0.443421
 1.79363
 -1.23277
 0.932256
 -1.75446
 -2.42379
 1.38454
 -1.93199
 -0.975002
 -1.11368
 -1.18924
 -0.370098
 -1.98111
 1.00854
 -3.09454
 0.343653
 -0.278041
 0.484246
 -0.634219
 3.00258
 -1.99368
 1.97189
 -2.58029
 0.804772
 1.65351
 0.60804
 -1.30061
 -1.8062
 0.287083
 -1.02598
 -0.000649048
 0.362172
 -1.90772
 -1.74604
 -2.16549
 -1.85699
 0.33312
 -2.26482
 0.390682
 0.750592
 -1.74516
 1.21809
 1.16634
 1.38581
 0.0422447
 0.150262
 1.0163
 2.19972
 2.00477
 -0.513955
 -1.15957
 0.278202
 0.157778
 -0.174676
 1.01161
 2.03305
 -0.339764
 1.83685
 -0.0390717
 3.12296
 -2.56041
 2.83143
 1.19027
 2.48999
 -1.0541
 1.72368
 -0.17797
 0.648735
 -1.44273
 2.97453
 -2.77941
 2.52282
 -0.242391
 -1.50702
 -0.580609
 -1.74024
 -0.682405
 0.553291
 -1.04808
 0.0120121
 0.0784922
 1.1038
 0.837164
 -1.95674
 1.30917
 -0.139817
 -2.27841
 1.96279
 -1.38705
 2.26739
 0.787312
 0.904111
 -0.410065
 1.19379
 0.160938
 1.83533
 1.55618
 -0.152989
 -0.946432
 -0.336873
 -0.0521418
 0.089615
 -0.664609
 -2.18427
 0.781249
 -0.229125
 -3.01679
 0.208259
 -2.09609
 -0.653206
 -1.47972
 -2.10749
 -2.27306
 -1.62963
 -3.25687
 0.546206
 -1.77803
 -0.0878394
 0.132997
 -0.736635
 0.789811
 -1.39281
 -0.353477
 0.925755
 -2.17021
 0.0798361
 -1.83087
 -0.628608
 1.8644
 -0.628901
 0.302972
 0.104165
 0.34439
 -1.48371
 1.40466
 1.20106
 2.3736
 -0.962874
 0.00419757
 -0.556669
 -2.41188
 0.60398
 -1.33782
 0.0386713
 -0.472222
 0.854245
 -3.11993
 0.690491
 -1.61113
 0.586105
 -0.182692
 -0.266384
 0.462006
 0.782408
 0.197925
 0.225781
 -0.542438
 0.692662
 2.48299
 -1.84947
 -0.709449
 0.811754
 -0.2693
 -0.0079593
 0.176917
 -1.60215
 1.6815
 1.61519
 1.61922
 -2.9004
 1.5595
 -1.59386
 -0.903131
 0.177905
 -1.5815
 1.47398
 0.885418
 0.439066
 -1.03798
 2.51659
 -1.085
 2.34953
 1.20487
 0.401055
 -2.86554
 1.5185
 0.0778834
 -0.335083
 0.195506
 1.22773
 0.263768
 -1.70274
 0.94493
 0.538223
 -2.31976
 -1.65957
 1.29481
 -1.3923
 -0.168662
 0.403109
 1.88152
 0.895294
 0.356392
 -1.10556
 0.608919
 1.11566
 0.766226
 -1.79146
 0.844586
 0.316466
 0.543458
 -0.237073
 -0.14
 -1.11473
 -2.11757
 0.662316
 -1.3565
 0.762409
 -0.938193
 0.743404
 1.94035
 1.34474
 -0.498437
 1.2935
 1.08958
 -1.19069
 -3.18552
 0.972603
 0.00111664
 0.972097
 0.447832
 3.13173
 -2.43838
 3.24048
 -2.17289
 1.74604
 -1.24239
 1.09027
 1.5531
 0.592443
 0.913194
 -2.01884
 0.0106551
 0.00700518
 -1.63423
 -0.695813
 -0.649839
 -1.50467
 1.67532
 2.36007
 -1.27859
 -0.811923
 2.01624
 -0.558669
 1.61635
 -0.841768
 -0.376537
 -2.66892
 -0.441734
 0.421482
 -1.6389
 0.00212346
 -0.0160895
 0.709478
 -1.57909
 -0.18184
 0.980177
 0.953168
 0.533424
 -1.43844
 1.31422
 0.159441
 -1.12786
 2.07529
 0.600992
 -0.585365
 0.308758
 0.878817
 0.950995
 2.91158
 -0.899278
 1.86569
 3.1854
 -0.742072
 2.98268
 -1.28215
 1.13237
 -0.158734
 1.09276
 -1.41124
 -1.87281
 -1.57985
 0.351815
 -0.375992
 -0.991206
 -1.87409
 0.671322
 0.899325
 1.01829
 -1.89155
 0.27981
 -0.0311895
 1.16447
 1.99248
 0.555691
 1.86967
 -1.71735
 2.38172
 -1.98653
 0.73023
 2.40186
 -1.54984
 -0.14335
 1.12131
 -3.16094
 0.259023
 -2.20266
 -2.23656
 0.13276
 -0.0338724
 -3.20319
 2.25941
 -2.92392
 0.594533
 0.187406
 -1.61415
 1.34186
 0.879507
 0.0841284
 2.49515
 0.66609
 -1.56461
 1.36616
 -0.468571
 0.798452
 2.0463
 -2.82952
 3.43984
 0.336839
 0.198336
 -1.22816
 2.12025
 -1.80788
 -1.17395
 0.823987
 -1.56945
 -1.21589
 -0.248221
 -1.98173
 -1.80859
 -1.08314
 0.491087
 -2.67064
 -1.16522
 0.480365
 -2.38169
 -0.377252
 -1.33756
 -3.3042
 1.451
 -2.09579
 0.529705
 -2.44491
 2.37597
 -1.4465
 2.14809
 1.32371
 -1.62686
 -2.66129
 2.90689
 -2.07053
 -2.31263
 -0.850768
 2.72434
 2.20483
 -1.75694
 -1.23501
 -1.43517
 -0.678588
 -1.76513
 0.83152
 0.276689
 -0.710602
 -1.66213
 -0.673532
 2.26993
 -2.03185
 0.656784
 1.01367
 2.62158
 2.65397
 -0.245474
 0.617738
 -0.665983
 0.899324
 -0.355371
 -2.63246
 2.38103
 0.404938
 -2.59954
 2.49591
 -1.6091
 0.797544
 0.958494
 1.61234
 2.19229
 0.618531
 1.08988
 0.693061
 -1.79972
 1.00289
 0.719111
 -0.743581
 1.03451
 -1.30183
 2.82806
 -0.93122
 2.57847
 -1.32205
 2.15232
 -0.679557
 1.26838
 2.03627
 2.09197
 2.9671
 2.1997
 1.60845
 -0.516215
 3.43094
 -0.784256
 0.700472
 2.88436
 -0.801332
 0.305137
 -0.332716
 1.86179
 0.57167
 -0.0922007
 1.66662
 -0.639454
 0.0369752
 -2.64148
 2.43611
 -3.08533
 2.16304
 0.460099
 -0.384521
 1.35613
 -1.21101
 0.37671
 -1.30956
 1.82209
 0.819904
 -0.110083
 -1.32992
 3.29208
 -2.82894
 1.15918
 -1.55221
 0.313771
 0.0865198
 -2.59102
 2.64763
 -0.0271152
 -0.817002
 2.6513
 -1.13428
 -0.869563
 -1.72238
 -0.842793
 1.24615
 0.350898
 3.03359
 1.31563
 1.81094
 -2.64497
 1.25922
 -2.80265
 2.74396
 -2.92781
 2.04851
 -2.07596
 -0.149626
 -0.215759
 -1.60211
 0.0456506
 -2.35888
 0.082351
 1.70325
 1.10375
 -0.954602
 -1.00845
 1.65767
 -2.59784
 1.21813
 -0.797739
 2.7988
 -0.778138
 -1.32261
 0.738114
 -0.905229
 -0.901603
 0.47403
 -1.33532
 -1.43274
 1.49598
 -1.40675
 -2.00689
 0.349474
 -1.8219
 -0.373508
 -2.36906
 0.192369
 -0.96148
 0.64782
 -3.20914
 1.82239
 -0.308558
 0.0203798
 -3.28052
 -0.436089
 -0.00262616
 2.92896
 -2.94741
 3.01594
 -2.28649
 -0.164651
 -1.34623
 1.26498
 0.339965
 -1.93771
 -1.12634
 0.221809
 0.749751
 -0.550872
 2.80422
 0.433269
 -1.06191
 1.55364
 -1.68841
 -1.83883
 -1.88768
 0.498827
 2.01191
 -2.24558
 0.890841
 0.661927
 -1.13038
 1.25004
 -2.70255
 -1.35549
 0.0887107
 -1.49153
 1.38019
 -0.0636345
 -1.47646
 -2.01818
 -2.94896
 1.54199
 -3.14838
 1.13369
 -1.85352
 1.25456
 0.315311
 -2.77062
 -1.27628
 -2.02571
 -0.963086
 -1.83861
 -0.615024
 -2.87042
 1.96787
 -1.75435
 0.889837
 2.17308
 -1.37875
 2.69664
 -2.7
 3.30583
 -2.56105
 2.92315
 -2.24139
 3.38843
 -0.980691
 0.788136
 -2.65766
 3.20637
 -2.98218
 0.147731
 -0.0843812
 -2.80891
 1.79266
 -3.21128
 0.843474
 -2.1948
 0.464041
 -2.36202
 -1.88067
 0.629522
 -1.62519
 0.219894
 -1.41937
 -1.24936
 -0.410159
 -1.36474
 -1.32442
 0.137225
 -0.984564
 -0.529391
 -1.09781
 -0.0187041
 1.87488
 -0.944613
 2.36522
 0.734054
 -1.64766
 0.51027
 -1.61445
 0.546115
 -1.62907
 0.734522
 -2.00365
 3.18843
 -2.625
 2.69263
 -1.31771
 0.58689
 -1.30105
 1.99218
 -1.15547
 0.581932
 -0.907252
 0.995716
 -0.103339
 1.76371
 -1.25469
 3.01128
 -1.04428
 1.82434
 -2.08543
 0.874411
 -0.653514
 -0.0250203
 0.676416
 -1.0188
 -1.40723
 -0.129005
 -0.695814
 0.0731351
 -1.41386
 -0.798323
 0.935277
 -2.19289
 -0.861664
 0.0952497
 -1.37222
 -1.07835
 0.50185
 -1.32313
 -0.917448
 -1.23684
 -0.155098
 -1.96427
 -0.145459
 1.09495
 -1.11294
 1.32899
 0.869347
 -0.711734
 0.926131
 -1.07285
 0.647851
 1.05199
 0.831719
 -2.30847
 1.37912
 0.967712
 0.489421
 -1.50151
 0.403522
 -1.41373
 2.06104
 -0.193878
 1.47323
 -0.173256
 1.20976
 2.27779
 -1.00949
 0.0561459
 -3.14281
 2.45003
 -0.984301
 2.40264
 1.73002
 -0.0317681
 2.06611
 0.262389
 3.22877
 -0.716113
 2.20385
 0.543463
 -0.954712
 0.793029
 0.609669
 -2.11762
 1.35287
 -1.66488
 -1.41375
 -0.930277
 -0.0198957
 2.26782
 -1.70277
 1.32371
 0.491656
 -2.46236
 0.927443
 -2.71597
 1.37708
 -1.77511
 0.0334289
 0.174958
 0.32815
 0.282636
 1.44807
 -0.898856
 0.509842
 -1.30342
 -1.35763
 1.62198
 1.77933
 2.53922
 -1.55977
 -0.713906
 -1.304
 1.56463
 0.559911
 0.589022
 0.185434
 -1.64704
 0.345251
 -1.5375
 -0.807181
 -1.70123
 1.3209
 -0.445535
 1.32089
 -2.05564
 0.973925
 0.116995
 1.5564
 -0.100925
 -1.77685
 -1.70293
 0.784151
 0.523516
 0.747967
 -1.68298
 2.04163
 2.51442
 1.70491
 -0.033215
 0.448663
 -2.39471
 0.383544
 0.129863
 -1.59543
 -1.24946
 1.15235
 -1.15422
 2.88508
 1.20032
 0.681188
 1.42637
 -1.95609
 2.69667
 -0.869307
 1.69967
 -2.16158
 0.223444
 -1.59405
 0.508126
 -2.10256
 -2.95258
 1.03286
 -1.42808
 2.49062
 -0.695183
 0.615386
 -0.228466
 1.15818
 -1.19444
 1.39158
 -0.997055
 -1.17821
 0.456555
 -1.34122
 2.74659
 -0.333557
 0.10941
 0.0592002
 -1.07152
 -1.02114
 3.17967
 -2.78463
 2.76602
 -0.43657
 1.12533
 -2.7159
 1.68058
 1.96034
 -3.04907
 1.79729
 -1.26268
 2.34605
 1.32508
 0.537828
 0.553605
 -1.12449
 0.646928
 -2.15973
 -1.87274
 1.56931
 -1.40326
 -0.976507
 -1.72226
 0.158573
 -1.62788
 1.12638
 0.846631
 -0.259812
 0.135499
 -0.859181
 0.420012
 -0.903872
 -2.05137
 -1.10039
 -0.326302
 -1.90256
 -1.1365
 0.735301
 -1.44482
 0.389401
 -1.67648
 -1.41457
 -1.7227
 -0.547689
 -1.92589
 -1.41489
 0.4121
 0.428892
 0.416407
 -1.48862
 -0.663489
 2.40029
 0.000930651
 0.668755
 -2.08422
 2.1867
 -1.00082
 0.591092
 0.0522116
 -0.730577
 -1.33689
 1.58447
 0.716411
 0.717814
 -1.27112
 0.74572
 0.500235
 0.485055
 -1.57649
 -0.660317
 2.4782
 2.77281
 1.85147
 -0.288259
 1.84279
 1.28083
 0.978158
 -0.0624303
 -0.498701
 3.41554
 -0.168734
 1.70526
 2.27743
 -2.42708
 3.03783
 -2.37177
 3.26601
 0.6765
 1.96747
 -2.4609
 3.24431
 -2.79419
 2.25839
 -1.55675
 -0.625656
 -3.30002
 1.24503
 0.173185
 0.0195043
 -2.3041
 -0.332144
 1.5825
 -0.937845
 0.114377
 -1.07754
 -1.1649
 0.564801
 -2.49717
 -1.46782
 1.166
 -1.25706
 -0.324737
 -0.66514
 0.275772
 0.636349
 -1.83899
 -1.23727
 0.414335
 -0.548667
 -1.6293
 -0.554473
 -1.96937
 -0.866847
 -0.611155
 1.29017
 1.73741
 -2.00177
 1.06766
 1.04485
 3.35978
 1.22822
 2.38456
 0.738577
 -0.952935
 -1.17338
 2.28834
 -0.00933003
 -1.51343
 0.904029
 1.77235
 0.862062
 1.46168
 0.32453
 -2.95946
 0.349654
 -1.85831
 -0.035626
 -1.19372
 -0.181024
 -2.12756
 1.1525
 0.558514
 0.397491
 0.315269
 -0.701606
 1.55205
 2.71796
 -0.57637
 2.89391
 -1.17972
 0.518271
 1.4876
 1.53336
 -1.36656
 0.440422
 0.765363
 1.92342
 -0.230023
 -0.507524
 -2.84828
 1.24668
 -2.8133
 2.50701
 -2.73138
 1.36665
 0.188295
 -0.0505573
 -1.02345
 1.42725
 -1.75097
 -1.16366
 0.302825
 -0.317138
 1.31476
 -1.92427
 -0.428247
 1.04183
 -0.868298
 2.78837
 2.81143
 -0.196841
 -2.79152
 3.08189
 -2.9815
 2.42204
 -3.22768
 -0.547102
 0.352023
 -0.121657
 2.84099
 0.687049
 -1.50553
 -1.96592
 0.507846
 -1.24968
 0.776502
 -2.47813
 0.907557
 -0.839907
 1.57819
 -0.919923
 -1.0802
 -1.22976
 -0.036445
 -2.85179
 -1.19538
 0.33058
 -1.69428
 0.772073
 -1.76611
 -0.862544
 1.32415
 -1.91412
 -2.16232
 -1.48616
 0.943978
 0.0509258
 -1.16133
 2.40898
 -2.98328
 3.18929
 0.686137
 -1.04225
 1.79152
 0.928062
 -1.34917
 -1.06382
 0.0608077
 -1.54337
 0.323274
 -2.23153
 3.01332
 0.205712
 0.844441
 -2.78051
 3.18201
 -2.86683
 2.29854
 -1.58744
 0.678453
 -2.21493
 -0.385771
 -0.260815
 -1.97871
 0.515175
 -0.686749
 -0.472076
 -0.339666
 -0.132317
 -1.30757
 -1.21481
 1.33989
 -0.278007
 1.23789
 0.626622
 -1.1649
 2.45527
 -3.05005
 1.70897
 0.701157
 -0.806876
 0.334073
 0.949751
 0.23469
 -0.884787
 -1.23423
 -1.43082
 1.06272
 1.3183
 0.507827
 2.27123
 0.444223
 0.0266454
 -0.694028
 1.6084
 -0.368663
 3.2397
 -1.00994
 0.570195
 -1.41992
 -0.19533
 -1.22017
 2.68049
 -1.52853
 1.54046
 1.33878
 -1.21558
 1.04267
 -0.454972
 0.437473
 -0.551896
 -1.02478
 -2.76537
 1.79143
 -0.903388
 -2.19027
 -0.712489
 1.43068
 -0.996238
 1.90127
 -2.43056
 0.6132
 1.51222
 1.59711
 -0.837653
 2.41344
 -2.91222
 1.78545
 -1.36653
 -1.6648
 -0.538072
 -0.726841
 1.47714
 -0.860034
 2.82622
 -0.464807
 0.55197
 0.433796
 -2.5581
 1.54119
 -1.72234
 -0.563729
 0.593051
 -1.70938
 2.81988
 -3.13515
 1.16966
 -1.6292
 0.763257
 -0.522688
 -1.00715
 1.65597
 -1.68626
 -0.603466
 1.43822
 -0.213486
 2.10506
 1.40798
 2.45802
 1.14789
 2.34923
 0.801213
 2.43789
 -1.48801
 1.33792
 0.9373
 -0.312758
 0.497833
 -1.12175
 1.96353
 -2.29357
 1.1624
 -1.36706
 -0.695214
 0.897551
 0.455166
 -0.669256
 0.537343
 0.0890519
 -0.613503
 2.27841
 -0.373513
 1.2306
 0.641419
 -2.54055
 1.46762
 -1.38156
 1.02658
 1.81706
 -0.0860505
 2.25728
 -1.14677
 3.29814
 -0.0952006
 0.62742
 -1.34211
 -0.655368
 1.70373
 0.575775
 -1.28339
 1.94938
 -0.30847
 -1.49813
 2.12844
 -0.597651
 -0.850223
 -1.36236
 -1.43735
 -0.0853663
 -1.77206
 -1.2602
 -0.353884
 1.03915
 0.754811
 -1.60411
 -0.0760415
 -1.30199
 1.9481
 -2.39165
 2.41489
 -2.90638
 3.18963
 0.255048
 0.249109
 -0.0597677
 -2.79619
 2.7434
 -1.38409
 -1.42104
 -0.0256861
 -2.34669
 -0.143883
 -1.25442
 0.630712
 1.3867
 -1.28117
 0.463584
 -2.42964
 -0.82598
 2.52286
 0.159636
 -1.75819
 -1.25788
 -0.43093
 -1.17407
 -2.06477
 -3.37106
 -0.332407
 -3.34539
 1.17478
 -3.4183
 -0.29701
 -0.326867
 -0.838013
 -3.24176
 1.31127
 -2.05245
 -1.20617
 -2.78345
 -0.538192
 0.155147
 -1.47606
 2.45249
 -3.05897
 1.27149
 1.16357
 -1.0583
 0.758664
 2.27959
 -2.13283
 2.37865
 -2.78013
 2.57133
 0.889119
 1.08861
 0.0682034
 -1.23327
 0.523136
 -2.09814
 0.343584
 0.617556
 0.588347
 -1.88046
 2.56497
 0.502081
 -3.00887
 1.04026
 -0.580875
 0.778101
 0.4524
 2.16484
 -0.26144
 -1.38821
 0.60444
 1.425
 0.721726
 0.00304919
 -0.68978
 0.745052
 1.0052
 0.081928
 1.67727
 -1.42407
 0.239181
 0.258383
 -1.22582
 0.698221
 0.901296
 1.45269
 -0.732728
 -2.2841
 2.43645
 -3.03123
 3.12318
 -2.41415
 1.97846
 -1.8756
 -0.329872
 0.326517
 0.00738464
 0.224385
 -0.928252
 1.23287
 -2.49966
 1.19856
 -1.73731
 -1.22906
 -0.386013
 -0.325947
 0.937818
 -0.871162
 0.375254
 -0.0638704
 -1.40728
 -0.110677
 -0.907343
 0.664244
 0.342417
 1.43495
 -0.144443
 -0.606492
 -2.15635
 2.1546
 -1.88496
 1.20167
 0.607751
 -1.4843
 0.160381
 -0.310956
 0.285285
 -3.23503
 0.855134
 0.117172
 1.15163
 0.341343
 2.65003
 -2.24363
 1.89542
 0.71944
 -1.28942
 2.72936
 -1.01804
 3.03669
 -2.31532
 3.34562
 0.628905
 -0.149012
 1.27505
 -2.64587
 0.192147
 -1.82019
 -0.572699
 -1.63596
 -0.727437
 2.80438
 -0.431956
 3.37831
 -0.829467
 2.69371
 -0.579586
 0.73098
 -0.740011
 0.854467
 -0.101023
 1.62624
 -1.60252
 0.633069
 1.40014
 -2.21736
 0.486107
 -1.04935
 0.612569
 -2.1645
 2.37857
 -2.22331
 3.32026
 -2.58131
 1.42431
 -1.745
 -0.223325
 2.26703
 0.684104
 -0.407214
 2.22561
 1.06712
 0.294429
 -0.690063
 -0.366766
 -1.84922
 -0.135889
 -1.55118
 0.97898
 -0.627065
 -0.310456
 1.11946
 -0.847559
 1.44342
 0.0319296
 -0.268424
 -2.99917
 1.63225
 -0.0378532
 1.26277
 -2.62344
 3.19823
 0.746191
 1.55296
 2.80697
 1.17124
 -0.147403
 2.09742
 -2.3381
 1.72552
 0.712931
 -0.143527
 -2.1757
 -0.3166
 -3.30072
 0.451613
 -1.87794
 2.19701
 -2.56933
 -0.773881
 2.37576
 -0.683118
 -0.221127
 0.120281
 1.24997
 -1.54122
 1.58135
 -1.54443
 -1.47112
 2.04145
 -1.71838
 1.17002
 -1.40942
 0.9558
 3.22768
 -2.88321
 2.11572
 1.15404
 1.06115
 1.52175
 1.86055
 -0.283455
 1.88476
 2.53555
 1.04768
 -0.218522
 2.15817
 3.28826
 -1.49802
 1.18074
 0.415324
 -1.90124
 -1.68427
 0.451883
 -2.11272
 -2.84695
 -0.375119
 0.664032
 -1.14258
 0.531964
 2.60093
 0.627762
 -2.16905
 2.47207
 -0.703549
 0.46799
 -0.385885
 1.43884
 0.395549
 1.50285
 -1.40643
 -1.80691
 -0.573988
 -2.09462
 -1.71836
 1.01366
 -1.54232
 1.55659
 -2.45341
 0.4724
 -2.25883
 0.803273
 -1.40605
 1.35817
 -0.374681
 0.551761
 -3.03367
 3.21753
 -1.03328
 1.92365
 -2.14624
 -1.16481
 0.574308
 -0.487745
 0.198916
 1.12219
 -1.84339
 -0.265819
 1.06631
 -1.03936
 1.02198
 -1.4278
 2.40436
 -1.47968
 0.880115
 1.10752
 2.18867
 0.399814
 -1.64651
 -1.46111
 -1.05227
 -1.90862
 0.397429
 0.320828
 0.309474
 -2.40639
 -0.414859
 -0.82179
 -2.22263
 -2.28013
 0.549499
 -2.68198
 1.03928
 0.298078
 -0.83518
 -2.997
 0.439894
 -1.93463
 1.31143
 0.649306
 0.63874
 -0.977543
 -0.0769469
 2.06309
 -0.697535
 0.317457
 0.940899
 0.62416
 -0.165867
 0.728223
 0.0493191
 0.510503
 -1.8043
 0.751525
 -2.06226
 1.31294
 -2.04352
 2.87079
 -0.676412
 0.0510779
 -1.61066
 1.91913
 -1.24379
 0.0694255
 -1.53912
 -0.534964
 -0.141213
 -1.90017
 1.92694
 1.6361
 0.532635
 0.71298
 -0.372739
 -0.722118
 0.953065
 -1.03543
 3.13045
 -1.45837
 1.32129
 2.52376
 -2.19272
 2.13583
 -0.88498
 3.28821
 -0.423878
 3.05442
 -2.52497
 3.37343
 -2.80466
 2.17679
 -1.02272
 -0.940482
 0.023248
 -1.15087
 0.658558
 -1.74937
 0.849779
 0.737374
 0.988609
 -0.649294
 2.85036
 -1.27673
 -1.05884
 0.839157
 0.681265
 0.2875
 -1.04178
 0.384507
 0.114662
 -1.05921
 1.74514
 2.47063
 -2.72737
 3.34279
 -2.38377
 3.33682
 -2.89148
 1.57483
 -0.632351
 0.469359
 -2.03341
 -0.195693
 1.22254
 -0.906999
 -2.03654
 -0.741987
 0.378241
 1.32554
 -1.7284
 0.826486
 1.91835
 -0.21944
 2.21763
 1.22897
 -0.543813
 1.51758
 1.04861
 2.89823
 1.20943
 1.2594
 0.557254
 -0.968469
 1.28472
 -0.835205
 -0.408082
 2.04651
 -1.44766
 0.273716
 1.41305
 0.114476
 -2.32701
 3.32181
 -2.75521
 -1.67139
 0.25179
 -1.28396
 0.750522
 -1.17682
 0.129222
 1.23591
 -0.74579
 3.32409
 -2.21545
 2.833
 -2.90629
 2.83079
 -1.5942
 -0.0426365
 -2.76035
 2.74722
 -0.0286986
 1.94925
 3.29665
 1.15951
 -1.50602
 0.165582
 -0.311678
 0.844781
 0.690021
 -1.27064
 2.80935
 -0.407781
 2.36826
 1.91135
 -0.139187
 -2.28056
 -0.446205
 1.64333
 1.3091
 -1.88159
 -1.3615
 0.568948
 -0.28943
 0.748635
 -1.6829
 -0.173135
 1.21627
 1.16248
 -1.27244
 2.51934
 0.61244
 -0.885564
 1.6387
 0.165476
 -1.67925
 -1.69792
 -1.71325
 -0.666688
 0.463854
 0.480526
 1.84569
 -1.99986
 0.373224
 0.431694
 -1.16766
 0.384908
 -0.868651
 -2.88736
 -3.20386
 2.03854
 -0.811601
 0.727904
 -2.16908
 0.783906
 -3.01767
 2.30411
 -1.65116
 0.464594
 -1.55605
 0.908144
 -1.54515
 1.48506
 -0.4987
 -0.943134
 0.80955
 -2.40112
 -0.964875
 -0.349044
 -1.07296
 -0.996092
 -1.56054
 0.555109
 -0.980916
 -3.13948
 3.02562
 -1.92494
 -1.67919
 -0.164877
 -2.57591
 1.17187
 -1.23386
 -3.5292e-05
 2.28296
 2.36008
 0.874335
 0.336546
 -0.879045
 2.55231
 -3.0423
 2.19582
 -2.8755
 -0.695181
 -1.80753
 1.25622
 -1.46055
 -0.798255
 0.551646
 -0.588809
 -1.07754
 0.00177027
 -1.50336
 -2.1503
 -2.19628
 -1.19616
 -0.189922
 -0.594323
 1.24348
 1.80849
 0.770924
 -1.61262
 -1.55322
 -1.2463
 2.37067
 0.794741
 1.06202
 2.19783
 1.38316
 0.140463
 0.874997
 -0.422738
 2.76749
 -1.61511
 1.49636
 0.877342
 1.87679
 -0.552738
 1.2657
 -1.9559
 0.106686
 0.469
 1.94488
 -2.3083
 2.68232
 0.373992
 -0.310782
 -0.436665
 1.33233
 -1.82123
 1.63495
 0.227646
 -3.09904
 0.994322
 1.53081
 -2.44191
 0.871472
 -1.7051
 0.857158
 -0.998616
 0.923191
 1.27859
 0.634995
 -2.7666
 1.08819
 -1.21607
 -0.333433
 -0.0306107
 -2.17248
 1.75293
 -0.838748
 -0.472977
 0.387518
 -3.23464
 1.07889
 0.568574
 -1.15126
 0.148859
 -1.74105
 0.0922697
 -1.3943
 2.11761
 0.573814
 1.32805
 1.7128
 0.655523
 -0.711284
 1.74568
 -0.311932
 1.56092
 0.0475791
 -1.84827
 1.61095
 1.2522
 -2.88794
 2.99424
 -0.826976
 -1.29738
 -1.58342
 -1.68615
 -0.608571
 -2.00166
 -1.85793
 -0.0114868
 -2.01588
 -0.530705
 -3.36834
 1.39044
 -0.0815168
 -1.43293
 2.05388
 0.348439
 -1.15797
 0.350928
 0.169872
 -1.42376
 -1.68463
 0.00541142
 1.06097
 0.653946
 1.93183
 -0.0619724
 -1.88184
 -0.0230271
 0.965953
 -0.463126
 -1.3475
 1.86679
 -0.100374
 -2.03507
 -1.31964
 1.51999
 0.40394
 -1.03823
 1.25952
 -0.326729
 -1.05163
 -0.622813
 -1.04557
 1.53452
 -1.36106
 -0.697571
 0.712301
 -0.629828
 1.55398
 -1.44275
 -0.948409
 -0.923109
 3.12454
 -0.640133
 3.40808
 -2.01488
 2.6067
 -2.17841
 0.843597
 -1.68797
 0.850099
 0.20436
 0.749386
 -1.75071
 -1.38012
 1.36833
 0.29137
 1.16
 -0.913736
 -0.832854
 1.54146
 1.4903
 1.74461
 -1.83398
 -1.46863
 0.153691
 -0.184482
 2.14358
 -0.0607981
 0.737876
 -1.50166
 -0.852395
 0.598409
 0.0293734
 3.13275
 0.133937
 0.930046
 0.643459
 0.360874
 -2.8466
 -0.517835
 -0.604867
 1.9079
 1.30516
 -0.733014
 -2.27175
 0.0109998
 -2.47705
 0.50418
 0.0620652
 -0.265963
 0.681815
 1.17206
 0.0734147
 -1.05006
 0.724098
 -1.67703
 -1.11826
 0.813967
 -3.15296
 1.57648
 -1.27387
 0.172974
 -0.745109
 -0.826588
 2.45411
 1.09277
 -3.05998
 2.02941
 -1.68012
 -0.783574
 2.10747
 2.46811
 -0.673864
 -1.62259
 1.86662
 0.343527
 -2.75505
 2.92722
 -0.370538
 0.233244
 -0.975562
 3.31019
 -2.76808
 3.26194
 -0.471687
 1.45821
 0.348352
 -0.361619
 2.84956
 -1.79556
 1.59051
 -0.150266
 -2.16762
 -0.478828
 -1.33803
 0.566201
 1.95202
 -1.00432
 0.380923
 0.595687
 -2.32892
 3.17871
 -2.94842
 2.63816
 -1.67014
 -1.93827
 0.881549
 -1.57692
 -0.990159
 -0.0816674
 -1.20024
 -1.65432
 -1.24644
 3.21961
 -2.79938
 3.12425
 -2.27557
 -1.30556
 -0.0559311
 -1.32878
 2.80789
 -3.0908
 2.68008
 -1.91273
 2.32567
 2.08928
 -2.09112
 -1.04602
 -1.5554
 2.01625
 -2.09916
 3.00452
 -1.18402
 3.22437
 -1.83443
 1.70478
 0.246468
 2.6302
 0.101142
 2.98049
 -2.75156
 2.47616
 -2.31001
 3.17482
 0.805021
 1.07214
 0.265601
 -0.431915
 3.30813
 -2.68937
 3.04502
 -1.44371
 -1.62565
 -0.246162
 -2.62515
 2.06344
 -0.679495
 1.86162
 1.81851
 2.48947
 0.176313
 3.1111
 -1.29013
 2.79327
 -2.05648
 0.351138
 -1.25577
 1.86337
 0.689664
 -2.71494
 1.87885
 -1.1934
 2.37392
 -1.56364
 2.36293
 -1.47943
 2.36792
 1.00747
 -0.194018
 2.50028
 -0.229902
 -1.3512
 0.529001
 -0.102054
 0.870568
 -1.88634
 -0.119328
 -3.05149
 1.6003
 0.961157
 3.23288
 -2.09516
 2.05898
 -1.67638
 -0.883569
 2.81846
 -0.768603
 -0.13497
 0.104772
 0.695977
 1.62644
 1.1703
 1.25635
 -0.836462
 1.41806
 -0.15722
 2.55821
 -0.914417
 1.53499
 -0.280437
 0.133077
 2.55755
 1.80109
 -0.39983
 0.138824
 -1.57697
 1.54176
 2.41853
 0.292572
 -0.842201
 -0.601454
 -1.89115
 0.546425
 -0.556876
 1.1263
 -0.0868968
 -2.29982
 -0.997004
 -1.93255
 -1.54696
 -0.631032
 -2.38926
 -1.53075
 0.127457
 -1.3383
 -0.215364
 0.89977
 -1.63092
 -0.225235
 -2.03189
 -0.302292
 -2.06978
 0.869778
 -0.249441
 1.4814
 0.61281
 0.868449
 -1.55811
 0.433398
 0.340084
 -2.05046
 -0.736901
 0.504971
 0.525234
 1.14511
 0.374118
 -0.940708
 -0.0459856
 0.293447
 0.996241
 -0.39005
 0.652521
 -2.16662
 0.229351
 0.128617
 -1.74419
 -0.358937
 0.188867
 0.774301
 0.1411
 -1.23295
 0.722783
 -3.26339
 1.20351
 -1.84554
 0.708074
 -0.777014
 -1.47931
 1.07767
 -1.5262
 1.52061
 -0.244923
 -2.7964
 1.5675
 -3.04041
 2.85254
 -1.36013
 0.140543
 -2.88545
 0.384401
 0.427623
 -0.240439
 -0.649676
 1.70718
 -2.94832
 3.36595
 -3.19326
 0.166019
 -1.13511
 2.3423
 -0.621336
 0.64942
 -1.66472
 -0.040991
 -1.54101
 1.25287
 0.240316
 -0.585927
 -1.98343
 2.23517
 -2.31841
 -0.508525
 -0.240977
 -2.27561
 -1.1411
 -1.25398
 1.52964
 0.0660808
 0.991045
 -1.09174
 1.764
 1.28791
 0.950143
 -1.30989
 2.80862
 -3.09156
 2.25547
 0.2763
 0.7064
 -1.00896
 1.58708
 -1.61494
 2.37713
 0.947781
 1.12449
 -0.844883
 0.48173
 0.591283
 -2.86491
 3.10238
 -3.05686
 1.85384
 -3.22022
 1.58204
 -0.933616
 -0.452062
 -0.720246
 0.813467
 -0.210617
 1.29372
 1.95125
 -2.90682
 2.28122
 -3.38249
 -1.40908
 0.485065
 0.627047
 0.143169
 -1.81446
 -0.75181
 -1.70443
 -1.57323
 0.562268
 -1.85965
 -0.514223
 0.0813633
 1.36538
 -2.13733
 -1.45466
 1.26019
 -0.885697
 2.75939
 -3.07954
 2.86155
 -0.0502413
 1.54662
 0.317249
 1.53802
 -1.97245
 0.921643
 -2.56328
 0.8335
 0.799805
 -0.11683
 -0.503074
 -1.72296
 0.966246
 1.52697
 0.259494
 -0.639881
 -1.67798
 1.04617
 -0.481581
 -1.04356
 0.190149
 -0.586145
 -1.56966
 0.987636
 -0.783914
 0.84014
 2.81311
 -1.0738
 0.737241
 -1.26232
 1.18058
 -0.970263
 -2.74787
 -0.256022
 1.11485
 -0.591453
 -3.17811
 1.36882
 -0.902207
 0.821359
 -2.19782
 1.79281
 -2.29841
 1.7126
 -0.532733
 0.836612
 0.319956
 1.64346
 0.14621
 1.22679
 -0.868225
 1.91128
 -2.27461
 2.79792
 -1.71613
 2.3452
 -0.697383
 3.16826
 -0.0826699
 1.76406
 -0.359635
 1.00508
 0.560002
 -1.72981
 1.24308
 -1.36011
 -0.333022
 -3.25427
 0.642653
 -1.01047
 -1.26464
 1.88097
 -1.84471
 -2.63544
 0.459925
 -0.892797
 -1.62778
 0.248536
 -2.3838
 0.534805
 -1.16718
 1.41545
 -0.697841
 -2.95956
 0.581882
 -1.04211
 -0.288154
 -1.24575
 0.208886
 -0.165934
 2.6274
 -1.97033
 1.94525
 -1.64333
 0.988158
 -0.965496
 -0.238671
 -3.08641
 1.39459
 -1.03896
 1.80783
 2.09072
 -3.16103
 0.786303
 -1.45631
 -0.0469635
 -0.312873
 -1.90994
 -0.503649
 -1.7404
 0.350321
 -2.09863
 -1.66677
 1.06985
 -1.10417
 -1.04876
 1.85763
 0.157185
 1.69429
 -1.03223
 0.840887
 0.310862
 2.77344
 -1.47321
 2.46635
 -1.94839
 2.04708
 -1.1357
 0.581827
 -2.20457
 -0.933671
 1.87492
 0.166632
 -0.868586
 -1.78233
 -1.50099
 -0.759579
 -0.635485
 -0.312879
 -0.182109
 0.911043
 0.903512
 0.586905
 -1.52338
 0.512433
 -0.895256
 2.00045
 -1.78525
 0.639543
 -1.47338
 -0.0104432
 1.20364
 -1.11835
 0.825699
 0.0341026
 1.01879
 1.78096
 1.13651
 -2.10119
 1.77495
 -2.20172
 2.30032
 -0.499188
 1.68412
 0.28095
 1.27283
 -1.54604
 -0.0969441
 -0.06557
 0.658558
 -2.05208
 -1.04085
 1.18483
 -2.98262
 1.60937
 -2.71592
 2.51091
 -3.28191
 0.658719
 -2.04839
 0.152509
 -1.84512
 -0.0296918
 0.492226
 2.91192
 1.78611
 -0.545187
 -1.34237
 1.5586
 -0.951308
 -0.332964
 -1.81596
 0.723916
 0.25943
 -1.48619
 -0.413857
 2.55608
 2.96614
 -2.61231
 3.38818
 -2.00424
 2.18994
 -1.85647
 0.447595
 2.11917
 -2.72999
 2.93971
 -3.08615
 2.82842
 -2.07337
 1.90473
 0.785478
 0.743865
 0.374747
 0.144608
 -1.53318
 0.628391
 -2.58172
 2.36394
 -3.15716
 2.85457
 -1.03228
 1.98389
 1.63529
 -1.19163
 1.24574
 -0.859202
 1.14656
 -2.88414
 1.32087
 2.15361
 -0.0120118
 1.33509
 -1.28592
 -0.738052
 2.24363
 -0.660697
 -1.13184
 0.317202
 1.18261
 -0.416028
 -1.88835
 -0.530421
 3.01737
 -2.29928
 2.94874
 -0.0715933
 -0.141171
 1.51319
 0.578828
 -2.82652
 3.37876
 -0.773602
 3.5585
 1.47359
 -0.16194
 1.43242
 -3.01993
 -0.289774
 -3.22158
 0.160197
 -1.72719
 1.01402
 0.254945
 1.3723
 2.19561
 -0.918444
 -0.116691
 2.69519
 0.924869
 -3.01639
 2.02824
 -2.44062
 0.0105779
 -0.253597
 -0.982733
 2.02998
 1.26325
 1.06248
 1.53807
 1.23979
 0.199867
 1.39263
 0.457631
 2.39384
 1.94148
 -2.8044
 2.65631
 -0.250098
 -0.0296795
 2.87748
 -2.53446
 1.97601
 -1.32627
 1.04371
 1.36468
 0.659129
 1.28483
 2.49108
 1.48633
 1.12383
 0.220322
 0.914689
 -0.779244
 0.549169
 -2.08793
 2.01677
 -3.31077
 0.258689
 0.79218
 0.729267
 -2.0003
 1.90784
 -0.789657
 2.14549
 -1.92106
 -1.04258
 2.78288
 -1.59906
 -1.87864
 0.737446
 -2.30339
 -1.63703
 -1.63255
 -0.151075
 -1.52409
 1.86299
 -2.40638
 0.796093
 -1.6672
 0.269104
 0.300216
 1.0595
 2.76713
 -1.54724
 1.12431
 0.591457
 -1.19771
 0.904499
 1.16221
 -0.302058
 -1.72396
 1.49769
 -1.02291
 0.127144
 0.989706
 1.85629
 0.250205
 -2.29571
 -1.90222
 -1.44549
 0.968366
 -1.61323
 2.63764
 -2.49105
 1.07259
 -0.0912379
 -1.32216
 2.00489
 -0.94822
 0.197996
 -2.98386
 2.96529
 -1.86797
 -0.178862
 -0.748127
 0.255151
 -1.46774
 -0.198714
 -0.30921
 -1.26043
 -1.89816
 2.20244
 -0.463965
 1.86009
 -1.63967
 0.130486
 -1.29305
 1.01985
 -0.866444
 -0.841473
 1.57649
 -1.63313
 0.497915
 0.6107
 0.608127
 -1.49755
 2.09899
 -1.86467
 -0.975028
 -0.737969
 -3.0127
 1.70904
 -3.22316
 2.50228
 -1.2608
 1.47756
 -1.44926
 -2.08893
 1.49355
 -2.34752
 -2.24444
 -2.01252
 -1.9707
 -0.606498
 -0.762477
 -1.83972
 0.462788
 0.96832
 0.590475
 -2.24536
 0.427734
 -1.33812
 -0.459502
 0.820207
 0.871194
 0.935392
 0.266512
 0.0212034
 -0.343999
 2.89802
 0.250769
 1.40084
 -0.300145
 0.444156
 -3.11827
 0.828035
 1.42564
 -0.943231
 2.95953
 -3.05554
 2.5963
 -2.9976
 1.23092
 2.32447
 0.401045
 0.835711
 0.433525
 1.94889
 -1.13159
 0.869463
 0.657904
 -1.75704
 1.69608
 -0.12611
 0.0513341
 1.47158
 1.15855
 -0.637623
 1.26519
 0.651148
 1.53899
 0.555505
 1.34445
 0.573011
 -1.21398
 2.08592
 -0.0498153
 -1.01983
 -3.13799
 1.26417
 -1.00799
 1.20168
 2.68927
 -2.24002
 0.479141
 -0.612632
 2.4627
 0.948241
 -1.64931
 1.04914
 -1.30443
 0.672448
 -0.66603
 -0.899568
 0.231452
 -1.9958
 -0.40575
 1.19124
 0.97215
 -0.309523
 0.61523
 -1.45644
 0.548447
 -1.67402
 -0.642981
 -0.636425
 0.941799
 -0.334259
 0.203201
 0.792384
 -2.11998
 1.15737
 2.77647
 -2.64109
 3.34163
 -2.81915
 2.62925
 -0.511352
 2.27635
 -2.19252
 2.65766
 -1.85566
 1.14687
 0.901038
 0.165986
 1.12953
 3.05369
 -1.40639
 1.85547
 2.07617
 -1.23626
 -0.604173
 2.23802
 -2.64731
 2.81692
 -3.14152
 2.29586
 -3.11575
 2.97368
 -2.83965
 2.7132
 -1.50944
 1.50254
 -3.07967
 2.98129
 -3.00097
 2.34087
 -1.04475
 1.89759
 -1.50401
 0.474248
 -1.47238
 -0.780983
 3.05034
 -0.995944
 0.182024
 -1.20109
 1.58895
 -2.16404
 -0.801851
 0.759753
 -2.61206
 -0.328242
 2.16864
 0.694695
 -1.41718
 1.61294
 -1.07517
 -1.13073
 0.780353
 -1.27089
 -0.723874
 -1.61424
 0.801054
 -0.615119
 -2.36114
 1.29097
 -0.875888
 0.641563
 -0.628356
 1.81688
 2.47721
 -0.271061
 -0.320086
 -1.06362
 -0.00629432
 -0.406633
 1.2795
 -0.35675
 -0.0689907
 -1.69885
 1.09751
 -2.56664
 0.776115
 -2.62056
 0.3336
 -1.38682
 -0.545428
 -1.44364
 1.73296
 2.28097
 0.968238
 -1.91965
 -1.74168
 -1.2573
 -2.69215
 3.01745
 -3.29906
 1.54055
 0.737062
 -0.741965
 -1.99466
 -1.36229
 1.56481
 -0.737033
 -1.71453
 0.85441
 0.732284
 -0.778173
 0.350421
 1.38252
 0.180961
 -1.45146
 -0.962538
 3.22123
 -0.884966
 1.00434
 1.63057
 -2.62456
 3.47069
 -1.52401
 -0.140834
 0.424776
 1.55306
 -1.3116
 2.23384
 -1.42853
 1.72887
 -0.987123
 -1.56772
 -1.46006
 -1.57417
 -0.507462
 -0.237269
 2.76217
 -2.70375
 -1.88838
 0.680237
 -0.672068
 2.86903
 -1.70149
 2.16365
 1.22318
 1.06558
 0.570777
 0.257978
 2.14601
 2.41751
 0.457463
 1.94671
 2.10983
 -0.724847
 1.93469
 0.0895576
 0.336343
 0.190775
 1.77682
 -1.57106
 1.15227
 -0.653059
 -1.9127
 1.10096
 -1.36306
 0.880082
 -1.23389
 0.616107
 2.43031
 -0.430465
 0.622242
 -1.89352
 -1.56591
 -1.47749
 2.79972
 -0.046964
 -0.137138
 -0.476271
 -1.0087
 1.79165
 -0.414339
 1.62758
 -2.75922
 2.55005
 0.940993
 1.64417
 0.0218091
 0.228194
 -1.58846
 1.48123
 0.678377
 0.530649
 0.289597
 0.42939
 0.903997
 -1.89421
 -0.475158
 1.58236
 0.6552
 0.209935
 -1.55546
 -1.16903
 -2.90009
 -0.207258
 -1.86919
 -1.7849
 -0.199929
 -1.72383
 1.43749
 0.578861
 -1.17588
 2.0427
 0.612828
 2.58808
 -2.36074
 3.00705
 -2.11577
 3.07808
 -2.5832
 3.36942
 -2.92829
 3.3914
 0.520888
 0.491578
 0.081812
 -0.427058
 -1.37847
 -0.586812
 -0.824028
 1.05313
 -0.1889
 2.54368
 -1.76059
 -1.30387
 -2.40493
 0.286795
 -1.45783
 1.48975
 -1.06252
 1.98958
 -1.55946
 0.269099
 -0.523129
 1.68333
 2.69197
 2.69018
 -0.11135
 -2.46583
 1.85811
 1.64737
 0.0600322
 3.02078
 -2.83434
 3.17647
 -0.769148
 -1.36827
 3.2558
 -0.725549
 2.56322
 -0.968972
 1.38213
 -0.188656
 1.76488
 -2.03437
 0.718013
 -0.890608
 1.25328
 0.901742
 -0.897746
 1.53192
 -0.817899
 3.43885
 -0.743738
 3.4153
 -0.689626
 0.87194
 -1.54488
 1.15577
 -0.572959
 -1.2321
 2.14277
 0.482698
 1.42333
 0.340833
 0.420369
 0.606219
 0.259984
 -2.66202
 1.55703
 1.14976
 -2.04724
 0.0981974
 -1.10972
 3.045
 -1.9944
 1.22735
 -1.9281
 1.47403
 -1.26789
 -0.118589
 0.0445728
 -1.45467
 0.918852
 -1.23645
 1.59414
 1.63855
 -0.616591
 3.32229
 -1.85696
 -1.26896
 2.21636
 -1.35355
 -1.60616
 -0.194403
 -1.17196
 2.36406
 0.601309
 0.385733
 0.0640505
 2.17572
 -1.05759
 1.13606
 -1.49521
 -1.49718
 1.69087
 -0.169486
 -1.27978
 1.21313
 -0.546396
 1.66898
 1.17783
 1.40109
 0.193815
 -1.059
 0.959118
 -3.26805
 1.66551
 -0.877621
 -1.41769
 0.573991
 -0.140401
 0.413511
 0.526114
 0.747055
 2.56022
 -1.62466
 2.10944
 0.405875
 0.299745
 2.51088
 -1.16226
 0.956837
 1.2896
 0.0188625
 -2.92038
 3.39695
 -2.70452
 1.82708
 -0.245417
 2.98544
 -0.318883
 -1.54739
 1.42701
 1.65621
 -0.0719124
 3.11276
 -1.1587
 -0.173171
 2.92946
 -2.1253
 2.32457
 0.178366
 0.70877
 0.276276
 0.784464
 0.195196
 0.556889
 0.00310666
 -2.40039
 1.49548
 0.55189
 -1.19762
 1.21034
 -1.98841
 -0.554644
 -0.488874
 -0.0344435
 -1.42526
 0.548021
 -0.512584
 -1.63398
 -0.527862
 -2.32755
 -1.88988
 -0.931874
 1.78714
 -0.542777
 0.838468
 -0.359952
 -1.86952
 1.00434
 1.20333
 -0.540588
 3.37364
 -3.0139
 1.50012
 -2.80805
 2.74507
 -1.18515
 1.40172
 -1.41971
 1.61528
 0.954818
 0.191997
 1.73163
 -0.385783
 -0.492702
 3.35103
 -3.01474
 1.27433
 -1.29352
 0.415936
 2.78712
 -3.23878
 0.941989
 0.636714
 1.7833
 -1.81985
 -1.15206
 -0.655162
 1.44879
 -0.806883
 -1.83177
 -3.01675
 2.03239
 -2.90295
 2.39971
 -1.9971
 1.33563
 -0.719422
 -0.1781
 -0.946574
 -1.54429
 -0.669616
 -0.2101
 1.98527
 0.966565
 -2.90955
 3.12869
 1.01898
 0.269256
 0.967989
 -1.7728
 -1.44028
 0.559403
 0.613998
 -1.85257
 2.35707
 0.315091
 0.980041
 0.640458
 0.885017
 1.3799
 2.82692
 -3.03289
 1.9844
 -2.70383
 2.75578
 -3.28014
 1.59776
 -0.966517
 2.53414
 0.0490963
 0.226819
 2.00937
 2.81951
 -1.78428
 0.0603711
 -0.0581971
 0.373198
 -3.10359
 3.39153
 -2.11831
 1.1257
 -1.90529
 0.846338
 0.138664
 -2.28311
 2.86115
 -3.10819
 1.70868
 -2.797
 2.75471
 -1.16925
 2.32461
 -1.63402
 0.957502
 1.52507
 1.65771
 -2.47577
 2.02917
 0.586256
 -1.45432
 -0.15338
 -3.34732
 1.39838
 0.639433
 0.408855
 -1.40612
 -1.86648
 -0.481732
 2.15473
 1.46219
 -0.710547
 -2.82862
 3.22263
 -3.08812
 3.02827
 -3.23261
 1.40505
 -0.660849
 -0.543368
 -0.866988
 3.22528
 -2.8386
 3.3227
 -2.05292
 1.06292
 -2.82908
 1.08177
 1.64712
 0.0299337
 1.00953
 -3.00422
 3.25409
 -2.92713
 1.55904
 -2.81433
 2.21511
 -0.259152
 2.86551
 -3.16863
 -0.00115
 -2.58987
 -1.79398
 0.964668
 -3.44557
 0.0283042
 -1.34805
 2.22618
 -0.203081
 2.1681
 -1.42079
 3.14439
 -2.21633
 1.78199
 -2.57444
 0.873047
 0.554424
 0.0603131
 2.228
 -1.59694
 2.3233
 -1.05808
 0.397635
 -0.596746
 -0.173548
 2.68651
 -3.15106
 1.00952
 -1.68818
 1.63923
 -1.43199
 0.366663
 -0.844274
 0.0025092
 -1.04616
 1.88009
 -2.32295
 2.77628
 -1.42452
 1.81788
 2.17005
 -0.103992
 1.00683
 -2.16234
 -2.33947
 0.111612
 -2.91096
 2.11163
 -3.14407
 2.00545
 -3.40372
 1.06761
 0.938486
 1.33576
 0.690493
 -0.315125
 -2.28404
 2.26051
 -0.777154
 2.43851
 -2.95575
 3.04295
 -1.71567
 -0.190005
 -1.19766
 -1.6061
 0.583379
 -0.694626
 -0.295239
 0.937307
 -2.41137
 1.01432
 -0.121923
 -1.35835
 2.14223
 0.837745
 -2.11163
 0.213012
 0.140936
 0.902054
 0.138276
 -1.45037
 1.63446
 -2.87909
 3.27603
 -2.57071
 0.424046
 -1.43317
 1.9962
 1.17397
 -0.266935
 1.04779
 0.0428881
 0.692298
 -2.67908
 1.93752
 0.17559
 -1.32272
 2.43551
 0.317851
 -1.00642
 0.340318
 -1.06388
 0.8038
 -3.13333
 2.04164
 -1.63073
 -1.78522
 -1.03848
 1.17912
 -0.898436
 0.411528
 -1.39031
 1.06839
 1.02759
 0.245816
 0.371334
 -0.231211
 0.616775
 -0.867403
 0.0550741
 -2.32522
 -1.81889
 -1.86918
 -2.20459
 0.531911
 -0.150339
 -1.18953
 0.905487
 -1.54599
 0.94966
 -0.0861562
 -2.2353
 2.52249
 -0.675682
 0.621483
 -2.36767
 -1.7994
 -2.04193
 1.39005
 -1.31676
 -2.94545
 2.54826
 -2.04261
 0.700081
 0.437756
 0.426934
 1.51441
 0.27566
 -1.01734
 -0.358057
 -0.0902948
 -0.280049
 -0.638129
 0.974699
 -0.124501
 -1.96555
 -2.16676
 -3.27915
 0.368735
 -2.09856
 0.881283
 -0.506099
 0.327329
 -1.2245
 -0.485158
 -0.125021
 2.58701
 -1.66583
 -0.267785
 -0.335164
 1.39884
 -1.14676
 3.2894
 -0.50347
 -0.193215
 0.0726772
 -1.3356
 -0.82127
 0.765641
 -0.563213
 -0.381113
 3.4331
 -1.30825
 0.336405
 -1.64097
 0.878576
 -3.16791
 2.64435
 1.83882
 0.884061
 -1.16498
 1.44451
 -0.820328
 -0.881371
 -0.650953
 2.32971
 -0.355103
 -3.43112
 -1.46194
 0.363287
 -1.21456
 1.3638
 -0.498176
 -1.4274
 2.63517
 -1.36003
 2.52328
 1.50217
 2.29553
 0.71955
 -1.08158
 -2.26574
 -1.21301
 -1.05561
 1.14668
 -1.97135
 2.01612
 -3.07022
 3.16407
 -1.39891
 -0.0706655
 -2.93308
 2.31196
 -1.10608
 -0.429928
 -2.52845
 3.26836
 -3.24076
 1.67741
 -0.207916
 -0.32221
 1.68089
 -0.345111
 -1.41032
 1.97018
 -1.32799
 0.528135
 0.675439
 1.48741
 -2.76126
 -0.0862259
 -1.49559
 -0.499306
 1.12381
 1.74513
 -2.06809
 -1.96889
 0.0128445
 0.325748
 0.91327
 0.352565
 1.04146
 3.34179
 -1.98764
 -0.0712578
 -2.43917
 1.70561
 -0.0121294
 0.0441357
 -0.73832
 2.60742
 -0.895255
 2.861
 -2.96626
 2.84706
 -3.11098
 3.16745
 -1.4617
 3.34992
 -1.36725
 0.224448
 1.36265
 1.07149
 2.61414
 -2.25959
 -1.85041
 1.60266
 -0.761391
 0.588919
 0.353903
 -1.03814
 0.965285
 1.35751
 -0.93773
 -0.203208
 0.543168
 -1.12129
 -1.85613
 1.71618
 -1.47748
 0.808097
 -0.249714
 -1.75813
 0.938309
 -0.813723
 1.29641
 1.26973
 -2.25979
 0.277788
 -1.20818
 -1.90624
 1.13539
 -2.84856
 2.22635
 -3.41023
 0.354183
 -0.783719
 1.18361
 -1.50737
 0.938301
 -0.351207
 1.51435
 -3.16292
 2.9395
 -3.0603
 2.38233
 -3.23816
 2.38694
 -0.204011
 1.78148
 0.961477
 -1.44782
 1.23061
 -0.0126676
 1.76417
 -0.438578
 3.37532
 -0.840977
 0.765241
 -1.2096
 1.08283
 -0.683083
 -2.6665
 1.97718
 1.39284
 0.819561
 -1.44505
 1.90771
 -1.71111
 2.85567
 -2.28277
 -1.12717
 2.90607
 -0.235033
 -2.46067
 1.74912
 2.24288
 -0.901081
 0.285158
 0.782827
 -1.36645
 -0.0178578
 -3.11193
 3.1824
 -2.73189
 2.97841
 -2.61271
 3.23804
 -0.205819
 1.0527
 -0.247903
 1.06953
 -1.4367
 1.44282
 -0.68625
 -1.41407
 0.674366
 0.967282
 0.952585
 -1.50496
 0.381864
 -1.63386
 0.622331
 -1.65691
 0.291809
 -1.98705
 0.363626
 -1.97291
 1.37406
 1.14503
 -1.48897
 0.304966
 -0.382709
 -1.37928
 1.36458
 -0.332616
 1.10903
 0.829102
 -0.209018
 -1.53378
 0.428038
 -1.25941
 -2.4378
 1.29511
 -0.326697
 0.649539
 1.50256
 0.6355
 -1.61719
 -0.480477
 1.6092
 -1.00183
 -0.59182
 -2.24704
 -2.48907
 0.816893
 -1.42701
 -0.363196
 -0.610614
 0.716135
 0.449007
 -0.495404
 0.51675
 0.932064
 2.25597
 0.283676
 -2.12045
 2.47426
 0.530776
 0.729282
 -0.853985
 2.76437
 -2.58682
 0.774324
 -1.79435
 1.3436
 -1.07649
 -2.54055
 -0.759454
 -1.98403
 -0.290548
 -3.34563
 1.73865
 -1.85892
 0.840145
 0.768361
 -0.843084
 1.24074
 -2.96743
 1.89446
 0.205112
 0.799615
 -0.437228
 2.8439
 1.30087
 -1.64434
 -1.03689
 2.2547
 -1.44451
 0.918615
 -1.23499
 1.79121
 -1.33955
 0.307896
 1.63714
 -1.76946
 -0.914998
 -0.53176
 -0.213121
 -0.192722
 -1.2877
 2.24647
 1.29885
 -1.31029
 0.541552
 1.11061
 -1.15553
 -1.69099
 0.366255
 0.141243
 0.97436
 -0.131494
 -0.524569
 3.20146
 -1.24835
 1.1739
 -1.85532
 1.03007
 -1.68279
 3.14579
 -1.38704
 0.453154
 -0.757577
 0.0528753
 0.327039
 -0.844686
 -0.476726
 1.78153
 -0.305047
 1.47825
 -1.91181
 1.32992
 0.345537
 -3.0331
 0.373812
 -1.14682
 -0.934267
 2.53155
 -0.583024
 3.25
 -2.14445
 1.90957
 1.5785
 0.198456
 2.47979
 0.470591
 0.68398
 -1.52793
 0.829796
 -0.552281
 -1.32361
 2.32324
 -0.312338
 -0.782382
 1.20066
 -0.160742
 -2.16226
 -0.176485
 0.904901
 2.82845
 -1.09484
 3.46601
 -0.503838
 -0.78117
 -1.01632
 -0.24196
 -3.33605
 0.943513
 -2.24991
 0.973302
 1.14633
 -0.63732
 0.701204
 -2.55374
 0.156888
 0.209071
 -2.79837
 2.13054
 -1.01559
 2.4452
 -0.4062
 1.129
 1.43399
 -0.687748
 -1.48458
 0.704268
 0.1872
 -2.78885
 2.08778
 -1.88113
 -2.67936
 -3.32889
 0.933909
 -2.23419
 1.72058
 -0.061652
 -1.3914
 0.768382
 -2.0579
 0.685827
 -0.804162
 0.436663
 0.104418
 0.160438
 2.39526
 0.29318
 0.745622
 0.927156
 0.339107
 1.10443
 1.83344
 1.6839
 1.67497
 -0.925299
 -0.643881
 -1.89395
 0.375345
 -0.936505
 0.485294
 -0.155016
 3.02731
 -1.48091
 0.210264
 -0.546228
 1.93735
 -0.312814
 -1.35296
 -1.36042
 -0.2568
 -0.300017
 1.51544
 -2.03002
 1.91164
 -0.6117
 1.73369
 2.04137
 -1.28267
 1.15242
 0.750115
 -0.334388
 -1.86475
 0.409446
 0.948046
 -1.11462
 0.26256
 0.360324
 -2.95271
 -1.38398
 -0.144038
 -2.46282
 -1.34684
 0.31796
 -3.04613
 -0.349687
 -1.79121
 -0.992416
 1.07264
 0.26734
 2.29873
 -1.65819
 2.01456
 1.93327
 -2.16975
 1.70303
 0.775056
 0.405985
 0.629222
 2.92586
 0.456312
 1.35828
 1.01608
 3.00692
 -0.214621
 0.938883
 -1.8279
 3.20735
 -1.98383
 -1.21323
 1.71213
 -0.232839
 -1.99768
 2.13397
 -2.33975
 -0.270107
 -1.19506
 2.98429
 -1.91993
 2.1893
 -1.48286
 1.23586
 -1.22122
 0.744887
 -0.614055
 -0.450496
 2.97522
 -3.108
 2.08792
 0.307387
 0.517063
 -1.4707
 1.95938
 0.894882
 0.418381
 2.31009
 -0.0870097
 -1.06749
 -1.56421
 -0.115247
 -0.831212
 1.99868
 -3.09455
 0.872083
 0.973941
 -2.74578
 -0.994744
 0.958489
 -0.578734
 2.08795
 -2.5441
 1.91049
 -0.316859
 3.21518
 -0.702032
 1.12189
 0.416879
 -1.47128
 2.23603
 -0.114026
 0.662922
 1.05778
 1.79791
 0.223904
 1.08695
 -0.135316
 0.306308
 0.483851
 -0.914861
 3.28994
 -3.03207
 2.50135
 -2.32288
 -1.81613
 1.78665
 -2.5378
 -0.317899
 -2.22225
 1.63601
 -0.50631
 2.33267
 -3.36056
 1.07688
 -1.26724
 -3.24615
 1.14479
 -0.466639
 0.473268
 -0.274002
 -0.287691
 1.33914
 1.44624
 0.452665
 0.596617
 -0.0663887
 -3.35252
 -0.608962
 -3.03164
 3.00032
 -1.58171
 2.67025
 -2.86955
 -0.789076
 0.510992
 0.484973
 1.05086
 -2.56789
 1.73411
 1.28001
 -0.626576
 3.23329
 -1.92801
 0.268499
 -1.457
 -0.692103
 -2.77663
 -3.30914
 0.749148
 -1.16416
 0.836418
 0.676273
 0.932216
 -1.63191
 -0.101831
 -0.431425
 2.14781
 -1.49528
 0.921847
 -1.45096
 -0.158035
 -1.02153
 -1.40859
 0.196688
 1.66747
 -1.83649
 -1.92529
 -1.10526
 1.12082
 -2.36532
 -2.5134
 -3.1022
 1.38233
 -1.75637
 -1.59158
 0.989863
 -1.47322
 1.30993
 0.260155
 2.0741
 0.855853
 1.42466
 1.40266
 -1.96537
 -2.58826
 1.18069
 -2.97461
 2.94857
 -2.89393
 0.780873
 0.219099
 -0.93912
 -1.43952
 -1.55849
 1.88426
 -2.35437
 1.66004
 1.94629
 -1.69959
 -1.6765
 0.89337
 1.08155
 -0.624963
 0.187738
 -0.334963
 2.05901
 -1.5416
 2.11393
 -1.96303
 2.37061
 1.28017
 -0.85476
 -2.07945
 2.99491
 -1.36839
 0.669197
 -1.375
 1.08377
 -0.735301
 0.679878
 1.37453
 -2.78702
 3.15016
 -2.93377
 -0.232994
 1.9984
 0.355091
 -0.654134
 -2.42917
 0.688771
 1.76853
 -2.90754
 0.0334743
 -1.47702
 0.487912
 -1.153
 0.991237
 -2.27647
 2.05166
 0.708784
 0.706067
 0.537123
 0.611696
 1.70234
 1.08431
 -1.9882
 0.728796
 -1.23733
 1.24434
 -3.18408
 3.17808
 -0.428129
 0.496172
 0.0591764
 -1.56914
 0.616255
 -2.08693
 0.771435
 0.159881
 2.26116
 0.465774
 -1.47264
 -2.40562
 -0.062308
 -0.3382
 -0.87138
 1.92655
 1.58662
 -2.35193
 2.81449
 0.17187
 0.169281
 -3.19534
 2.83838
 -1.96134
 -0.337401
 -2.78148
 -0.25525
 -1.02229
 0.240464
 -2.07588
 -2.31604
 1.17844
 1.89836
 0.207398
 -0.540214
 -3.196
 3.11194
 0.889781
 -2.01759
 -0.0873829
 -0.061758
 -1.51358
 1.40431
 -1.53758
 1.44766
 -2.36513
 2.20884
 -3.10994
 2.64007
 -1.70566
 2.42491
 0.877314
 -0.684816
 -1.91469
 0.160107
 -1.36932
 2.81036
 1.22418
 0.22661
 0.712014
 1.0156
 -0.407056
 3.19003
 -2.43455
 2.96476
 0.982731
 2.49365
 -2.84992
 2.32368
 1.79968
 -0.196515
 -2.38476
 0.0867482
 -1.39059
 -0.791724
 0.9404
 -0.962987
 -0.6472
 -0.943227
 2.4952
 -2.38998
 1.14262
 -2.11397
 2.44356
 -0.5294
 -1.07923
 2.7238
 -0.772303
 1.10969
 -3.03045
 3.3137
 -3.16083
 1.57433
 -0.979591
 -3.19362
 2.09391
 -2.21238
 0.721697
 -2.03019
 0.168959
 1.40056
 2.18965
 0.286632
 2.8109
 -3.0275
 3.07056
 -2.6839
 2.73903
 -3.34018
 0.716571
 -0.261906
 -1.81016
 0.526934
 -1.84887
 1.25333
 1.20471
 -0.408172
 -2.4339
 -1.02403
 -0.870125
 -3.06493
 0.506184
 -1.70268
 -0.241401
 -3.28049
 1.61095
 -0.170854
 -0.927525
 -3.12109
 1.71409
 -1.11306
 0.717253
 -1.78701
 1.76165
 -1.23724
 0.34715
 1.84369
 2.05617
 2.1413
 -2.88705
 0.863641
 0.353591
 1.91481
 0.574192
 -0.509533
 -1.16633
 1.73084
 -2.82437
 2.30425
 -0.0416291
 0.793962
 -1.2783
 0.418834
 1.01628
 -0.873218
 -1.31292
 1.40444
 0.811436
 1.33856
 -0.695353
 1.20696
 -0.914016
 -0.830017
 3.37762
 -0.934598
 1.10168
 -1.47331
 -1.68851
 1.30003
 -1.86031
 1.49195
 -0.233017
 0.506718
 -1.93662
 0.28146
 -3.28189
 1.69802
 0.149003
 -1.52009
 1.51639
 -3.11725
 1.23999
 0.514737
 -3.24283
 2.92792
 -2.12552
 -0.810652
 0.46479
 0.312896
 2.15236
 0.561011
 -3.23336
 2.10814
 -3.08327
 -0.0344459
 -1.67867
 2.18835
 -1.15862
 1.14895
 -1.45506
 -0.299939
 -0.849184
 -0.0883328
 0.295173
 1.59933
 -1.74369
 1.67516
 -2.31686
 1.44398
 2.05724
 0.115433
 -0.848264
 2.14074
 0.607344
 -0.539762
 1.68637
 0.356115
 -1.69428
 -1.73397
 0.592293
 0.430707
 1.61562
 -1.37141
 -1.36478
 -1.23418
 -1.1811
 -0.24597
 0.727374
 -1.40187
 0.0263681
 -0.49654
 0.667384
 -0.869925
 -2.09742
 -1.50389
 1.21783
 -0.343167
 -1.38039
 0.957393
 0.281298
 0.404555
 -1.81992
 0.787487
 0.187563
 -1.59864
 0.845405
 -1.10365
 -1.40009
 1.00055
 1.10152
 0.74408
 1.35159
 2.0749
 -2.84647
 1.44122
 0.0474049
 2.00618
 -1.87914
 -2.87004
 -0.222193
 -2.25464
 -2.16917
 -0.846394
 -1.49385
 -1.29311
 1.4885
 -2.85415
 1.28971
 0.614796
 1.37055
 -1.89505
 1.1466
 0.419212
 -0.596584
 1.24389
 0.710836
 -0.221488
 0.0174643
 1.20798
 1.7166
 1.07537
 0.0332326
 -2.16999
 2.24935
 -0.890439
 1.01367
 0.869031
 -1.49642
 -1.98227
 -1.34325
 0.280262
 -1.94857
 1.47614
 -1.87811
 0.353648
 -0.588477
 -3.11592
 2.88439
 -2.34335
 1.23313
 1.81446
 0.71098
 3.30897
 -2.09263
 0.143894
 -0.49205
 2.36532
 -1.42
 1.0546
 1.26305
 0.056142
 -2.9514
 3.2148
 -2.24681
 -2.19034
 -2.36905
 0.876504
 2.18514
 0.857704
 -0.634204
 -0.023026
 0.444083
 1.87108
 -0.812239
 1.89479
 -1.15698
 1.07622
 0.589222
 -2.21715
 -0.927328
 2.00469
 -2.40265
 -0.434695
 2.70695
 -2.00676
 -0.80588
 -1.76019
 1.56465
 -1.49493
 0.436981
 -1.87102
 0.540412
 -1.07337
 0.483019
 -2.3169
 1.67958
 -1.19895
 -1.96826
 -1.67276
 -1.50204
 -0.28524
 -0.426798
 -0.972544
 1.71783
 -0.557587
 1.0644
 1.21931
 0.679139
 -1.81362
 -1.44924
 1.35359
 -0.681201
 -2.04221
 -0.835025
 1.75209
 1.30317
 -1.31205
 0.472109
 2.88346
 -0.891111
 1.88392
 0.26061
 1.79617
 -1.51449
 -2.25733
 -0.699087
 0.538386
 0.780065
 -0.983638
 0.285861
 -2.21779
 2.22242
 -0.335115
 0.367618
 -1.62709
 -1.62567
 -0.993227
 1.24924
 0.122887
 -2.48211
 -1.6658
 2.42544
 -0.384964
 -1.03437
 -3.50382
 -1.44114
 -2.42018
 2.78826
 -3.51209
 0.811677
 0.92686
 -0.264569
 -0.0635002
 -1.98422
 -0.761965
 1.04364
 2.20567
 2.15843
 -1.11316
 1.2107
 1.24462
 -1.80471
 0.619713
 -1.70524
 2.74308
 1.00696
 -1.78331
 -2.84474
 2.91021
 -3.37983
 0.935316
 -3.1307
 2.73071
 -1.85906
 0.674986
 -1.79176
 -0.810816
 0.345055
 -1.31356
 -0.134366
 -1.80264
 0.186689
 0.231927
 -1.58395
 0.511205
 -0.0906691
 -0.0980479
 -3.20398
 2.66955
 -3.11599
 2.72118
 -3.35276
 2.24604
 -1.80255
 -1.665
 2.97663
 -2.41899
 -1.91233
 2.42766
 1.77996
 -1.84256
 -0.513843
 -0.565844
 -2.36392
 0.635407
 -2.5523
 0.883349
 -1.43316
 -2.09279
 0.107998
 -1.36902
 -0.0468731
 -1.30049
 2.09027
 1.68293
 -1.66102
 0.417306
 1.89037
 1.8336
 -1.96293
 0.886399
 -1.99201
 1.54564
 1.03875
 2.36039
 0.119425
 -0.726136
 1.83336
 1.69085
 -1.36556
 2.26536
 -1.44115
 2.6394
 -3.2757
 2.60303
 0.947633
 2.10644
 -2.14202
 -0.376642
 0.0619776
 -2.13288
 0.776705
 -1.66075
 1.18023
 1.73663
 0.901575
 -1.82835
 -0.807862
 -2.8184
 1.89718
 -0.0351276
 1.48545
 -0.517113
 -1.33498
 1.53866
 0.800755
 1.65572
 1.36206
 -1.35414
 0.385965
 -1.16701
 -1.55003
 -1.35526
 -0.217421
 -2.31236
 1.01207
 0.214393
 -2.66085
 2.7134
 -1.83209
 0.185552
 0.171658
 -1.76745
 -0.265221
 1.00767
 -0.0862114
 -0.925087
 0.168334
 -1.04765
 -0.346351
 -1.73313
 -1.49233
 -2.44906
 2.85319
 -1.55359
 -0.0328329
 -1.71216
 0.0288341
 2.54408
 -1.7673
 1.07395
 -0.33467
 -1.4614
 0.219717
 1.52614
 -2.47089
 0.0581582
 1.10928
 0.948273
 0.481663
 -1.59448
 2.77855
 -2.54267
 1.12969
 -0.746981
 -0.00191724
 -1.30193
 -0.883959
 0.741027
 1.12195
 -0.0500832
 -0.0107529
 1.01982
 0.506774
 -2.38324
 1.24703
 0.121601
 0.259478
 2.18305
 3.03713
 -1.10474
 -0.885036
 0.773403
 -3.23575
 1.6379
 -1.76004
 1.1854
 -2.23451
 -1.2631
 1.31699
 1.40875
 2.03693
 0.0112584
 0.596223
 0.301686
 0.0847232
 -0.895756
 -0.912045
 -0.0106541
 0.703861
 -1.17212
 1.82742
 -1.64641
 1.50338
 2.48359
 -1.51839
 1.61886
 -1.77159
 0.82356
 -0.920672
 -0.757454
 -2.79196
 -0.789735
 -1.01929
 -0.955265
 3.18872
 -1.44878
 1.93889
 2.23269
 -0.743581
 -2.23647
 1.68637
 0.356129
 -0.645229
 -1.70692
 2.29468
 -0.339939
 2.59171
 -2.23926
 -0.414127
 2.73715
 -2.90339
 2.70923
 -1.50443
 0.115175
 -1.10173
 1.03946
 -2.07625
 0.733603
 -0.997742
 1.39498
 -1.9635
 1.41549
 0.161636
 -0.680505
 -1.12774
 0.28053
 -0.449204
 -1.87797
 -0.426253
 -0.0277476
 2.3929
 -3.19485
 1.93118
 -1.42833
 0.767513
 1.35216
 0.266688
 -0.947403
 1.09881
 -2.48863
 -0.734267
 1.13901
 0.823299
 -1.26966
 0.64271
 1.53572
 -0.278624
 -2.43151
 -1.93556
 -0.478713
 0.343157
 -1.63449
 1.02374
 -1.42314
 1.54143
 -0.223683
 -1.24529
 -0.677878
 -1.90128
 0.361516
 -0.152423
 -1.06566
 -3.10613
 0.568036
 -2.18814
 -0.698641
 2.1193
 2.11187
 2.49154
 -0.375586
 3.17336
 -1.38913
 -1.04122
 2.0893
 1.10462
 -0.0252
 -0.486554
 -2.11312
 -0.348948
 0.704975
 0.997706
 -1.21863
 -1.34024
 -2.01622
 0.0946705
 -3.09106
 1.57604
 -0.534498
 -0.873495
 -2.00331
 1.48703
 -0.720424
 1.04064
 1.00935
 -0.815571
 1.91537
 0.235213
 -0.0889463
 1.9783
 -0.586732
 3.09371
 -1.36875
 2.26374
 1.29882
 -0.270252
 0.705943
 0.305217
 -3.40343
 1.43382
 0.86597
 -2.12591
 2.33447
 -1.83849
 2.15909
 -0.850641
 0.568359
 -0.791151
 2.08062
 -2.42065
 1.45354
 0.747059
 -3.04592
 2.94859
 -3.15953
 2.87345
 -1.47975
 -1.87576
 -0.298777
 1.27803
 0.203571
 0.553282
 -1.75297
 -0.104367
 -2.21159
 3.39321
 -3.26425
 2.65538
 -0.308939
 1.14039
 -1.34936
 1.66999
 1.97369
 3.15488
 -1.24149
 1.52509
 1.74052
 2.44936
 -2.78222
 3.54278
 -1.75959
 1.41823
 0.514653
 -1.12447
 -2.54102
 3.13225
 -2.77222
 2.48507
 -1.30886
 0.790071
 -1.4963
 1.67278
 0.301963
 -3.01017
 3.39969
 -3.09825
 3.37631
 -0.0196377
 1.14873
 -3.29998
 2.04582
 -0.261585
 -2.20689
 -3.30203
 1.58091
 -0.724815
 1.34619
 -0.637503
 -0.560205
 -0.22997
 1.08963
 0.121107
 1.96749
 -2.87886
 2.83362
 -3.1508
 2.98304
 -1.676
 1.05781
 -1.08852
 -0.361053
 -1.23874
 -3.34854
 2.46816
 0.185618
 -1.45019
 2.26683
 -1.48064
 -1.23345
 2.05955
 -2.25154
 -0.445593
 3.4689
 -1.15914
 2.14493
 -2.02137
 1.09732
 -1.9954
 2.53124
 3.22432
 -0.636422
 1.0267
 0.0226092
 0.168345
 -0.134753
 -1.34196
 -3.19047
 1.52793
 -3.2073
 0.750111
 -1.0615
 0.403101
 -1.38634
 1.41443
 -0.042597
 0.336647
 0.0820684
 2.61923
 0.678946
 1.01398
 0.316992
 0.814478
 1.0208
 -0.600116
 -0.174178
 -3.04939
 3.54113
 -1.63581
 0.199945
 0.172213
 -2.80664
 2.1178
 0.174135
 -1.35004
 1.322
 1.89617
 0.950756
 -0.110732
 -1.21915
 -2.60369
 1.25016
 0.299736
 0.642442
 -2.45177
 -0.535806
 2.19316
 -0.179587
 3.25414
 -3.24714
 -0.690908
 -2.71677
 0.251063
 3.32436
 -0.137728
 2.14633
 -1.03072
 -2.00174
 0.363908
 1.45384
 -1.45329
 0.875243
 -1.53532
 1.97537
 -0.434889
 -0.142648
 -1.99478
 0.762037
 1.59122
 0.985967
 -0.158587
 1.06301
 1.73535
 1.13996
 2.16122
 0.319361
 -1.15494
 0.578762
 -1.79068
 -0.0424755
 -0.669792
 1.1522
 0.523993
 -0.531706
 -3.16097
 3.18094
 -1.7972
 2.57508
 -2.31933
 1.52855
 0.958085
 0.369221
 -1.71667
 -2.66019
 -1.17574
 0.2875
 -1.22429
 0.342524
 0.602837
 -1.35748
 0.433192
 -1.49124
 1.00155
 0.577958
 1.31479
 2.47623
 -3.22514
 -0.555737
 -3.3618
 2.46818
 -1.31597
 -0.916403
 -0.269918
 -0.970207
 -0.351908
 -0.226807
 -1.74259
 1.21736
 0.625151
 -1.84024
 -0.419145
 -1.06305
 -0.805203
 -1.36366
 0.339524
 -2.69106
 3.52397
 -1.53011
 1.85545
 -3.39276
 -0.309168
 3.15061
 0.713997
 -1.04083
 -0.292734
 1.73365
 0.732296
 -2.07851
 1.88624
 -1.17637
 1.12128
 1.60644
 0.467171
 0.0147322
 -0.653718
 2.06761
 1.98502
 -2.10511
 -0.823754
 1.99814
 -1.82212
 0.818915
 -1.00533
 -0.223617
 0.918922
 -1.50738
 -1.19097
 0.773715
 -0.92473
 1.13959
 -0.381982
 -0.481274
 2.637
 0.0579759
 -0.214586
 1.89477
 -1.77398
 0.447069
 -0.458808
 2.42675
 0.905292
 0.103335
 -0.726671
 -0.595472
 -0.693351
 -0.840693
 0.935591
 -1.44338
 2.10744
 -2.15257
 3.28327
 -3.23855
 2.02154
 -0.896007
 0.47804
 -1.34374
 1.29296
 2.03371
 -1.30998
 2.21788
 1.51244
 0.64793
 -0.469804
 2.60397
 -0.846319
 -0.925086
 1.46175
 1.01373
 0.366716
 -1.64138
 1.9829
 -2.30559
 0.749707
 0.46483
 1.77234
 -2.60563
 1.8585
 1.04706
 0.378475
 -2.79438
 1.08601
 2.10162
 -1.7949
 -1.56609
 0.385765
 -0.544738
 2.13764
 -2.97749
 0.905778
 -1.13666
 -1.82427
 3.24656
 -1.57004
 2.82174
 -1.79471
 -1.35568
 1.02409
 -2.03456
 0.581095
 1.36753
 -1.70722
 0.323426
 -0.417013
 0.126649
 0.14396
 -1.63184
 -3.34029
 2.50674
 -0.657268
 -1.3935
 -1.53189
 2.11014
 0.135379
 0.416569
 -0.59152
 1.89747
 -3.47458
 1.1848
 1.8229
 3.5885
 0.327598
 0.0493112
 1.2544
 0.823709
 -1.2889
 -1.80232
 0.181239
 2.53822
 -0.399026
 -1.52122
 1.74447
 1.44217
 0.488115
 0.739547
 0.09891
 2.54386
 -3.2092
 2.94083
 -1.1576
 -0.519844
 0.747848
 -1.95519
 1.94464
 -1.69736
 -0.715427
 0.355519
 -1.54941
 1.05041
 1.4757
 -0.574467
 2.93121
 -1.40323
 0.921657
 -1.44099
 -0.433297
 2.07705
 -1.69558
 0.809332
 -1.91753
 0.443607
 0.720009
 -2.03281
 2.56368
 -2.29211
 -2.66913
 -0.535481
 2.36129
 -1.93694
 1.77775
 0.686552
 -0.395385
 -1.29544
 1.47353
 -1.51664
 1.12084
 -0.909045
 1.97464
 -2.80981
 2.89638
 -0.34947
 -1.52873
 0.809773
 1.04475
 -2.26653
 -0.735718
 1.27902
 1.31338
 -1.25866
 0.400234
 -1.50501
 1.08818
 -0.76796
 2.91765
 -1.98767
 1.21494
 -0.286528
 -0.205738
 -2.12596
 2.78567
 -2.64501
 -2.16273
 0.757043
 -0.884928
 -0.607054
 1.53169
 -1.93027
 0.711521
 -1.2896
 2.10208
 -0.564886
 -0.185025
 -0.142445
 -0.0789284
 -1.48918
 -1.01873
 0.482392
 -1.89394
 0.974678
 1.09377
 0.208456
 0.466683
 -1.41647
 -1.8331
 0.549027
 -0.452949
 -1.03707
 -2.37633
 0.539077
 -1.11208
 1.73681
 -2.71977
 -0.971717
 -0.400834
 -1.67803
 -3.06875
 -0.8162
 1.11563
 0.667829
 -0.138964
 0.339913
 0.836746
 -2.32574
 -1.20743
 1.76002
 -1.62049
 0.741503
 0.228054
 -0.716389
 -1.63119
 0.747554
 -1.57648
 -2.35586
 -2.42302
 -1.3251
 1.04929
 -1.95716
 -1.90557
 1.50538
 2.17763
 0.0683323
 0.92383
 -1.90517
 -0.71189
 2.13612
 1.32482
 -1.58137
 -1.49335
 0.961469
 -2.03291
 0.346745
 0.228381
 -1.09388
 0.466418
 3.25966
 -1.23777
 2.38475
 1.22629
 -0.612616
 -0.620426
 0.570859
 -0.152045
 0.811891
 1.59422
 0.66097
 -1.82252
 0.434211
 0.779443
 1.81446
 -0.263282
 0.0687201
 2.31348
 1.14242
 0.0132921
 0.287439
 -0.548775
 1.22178
 -0.231306
 -2.99445
 3.1988
 -1.37682
 -2.56355
 -1.8852
 -0.620319
 1.95851
 -2.2544
 1.20414
 2.5823
 0.258688
 1.45397
 0.815539
 0.195035
 0.897748
 1.02606
 3.04937
 -2.51381
 1.98765
 1.53274
 0.0533759
 -1.49814
 0.541905
 0.313605
 1.07694
 0.264376
 0.929521
 -2.38432
 3.08196
 -1.86725
 -1.39437
 1.4947
 -1.60883
 0.00355624
 1.5471
 0.560919
 1.91351
 -1.5333
 1.41768
 1.69027
 -0.332878
 -0.774811
 -0.532886
 -1.03585
 -2.08117
 -0.0262012
 -1.89295
 -1.73892
 -1.8534
 -1.31728
 0.459465
 0.678955
 1.67563
 1.01311
 -1.02435
 1.13295
 -0.9954
 2.25985
 -2.5447
 1.69057
 0.746292
 -1.30379
 0.551098
 -2.86339
 2.50976
 -2.56506
 -2.40869
 -0.273795
 -1.59793
 1.58374
 1.21844
 -0.56529
 -0.339852
 0.209235
 -1.43817
 2.59592
 2.32998
 -0.758547
 0.275217
 -0.305149
 -1.9536
 0.449334
 1.48997
 -0.832242
 0.386042
 1.48328
 0.470156
