 -0.0251526
 -0.308588
 -1.95899
 -0.714797
 -1.79627
 -1.13997
 -1.67342
 -1.65211
 -1.334
 -1.07487
 -0.643899
 -0.246323
 -0.635223
 -0.435891
 0.296772
 -0.213149
 -0.264847
 -0.397525
 -0.824465
 -0.978695
 -0.513401
 -1.26218
 -0.774346
 -1.2589
 -1.67442
 0.0794002
 0.679187
 0.592742
 0.205278
 0.926473
 0.676528
 0.458293
 -0.485167
 -0.05108
 1.2245
 0.602591
 0.84315
 0.497524
 0.385363
 0.628266
 0.958471
 0.955605
 1.05656
 0.740423
 0.172671
 0.275243
 0.748648
 -0.11579
 -0.381367
 0.00424901
 -0.706447
 0.165855
 -0.121549
 0.000141699
 0.066356
 -1.85808
 -0.918133
 -0.909348
 -1.69682
 -0.987609
 -0.68553
 0.392661
 -0.60198
 -0.102816
 -0.822373
 -0.709427
 -0.217098
 -0.272864
 0.623167
 -0.263156
 0.288562
 -0.455225
 -0.678888
 -0.0578467
 -1.33151
 -1.0309
 0.361059
 0.744118
 0.529885
 -0.241836
 -0.582907
 0.284417
 -0.175212
 0.732825
 0.577454
 -0.31959
 0.247096
 0.729701
 0.253967
 1.35798
 0.747931
 0.911589
 0.0291864
 1.18713
 1.11247
 1.00897
 0.842707
 0.233776
 0.711619
 0.694006
 0.717147
 1.1171
 0.0484926
 1.3884
 0.0898338
 0.528147
 0.753127
 0.939874
 0.728818
 0.773871
 -0.256409
 0.58621
 -0.639537
 0.0116346
 -0.403654
 0.200602
 -0.707872
 -1.97071
 -1.38047
 -2.18305
 -2.26183
 -1.85974
 -2.71706
 -1.78549
 -1.52658
 -1.37098
 -1.1697
 -1.48363
 -1.66136
 -1.76594
 -1.51637
 -1.33352
 -0.637071
 -0.630749
 -0.093433
 0.026662
 -1.19643
 -1.17163
 0.20601
 0.512351
 1.20122
 2.53964
 0.508371
 0.291943
 -0.431887
 -0.19781
 0.405287
 0.523322
 0.699096
 0.10529
 0.714326
 0.226324
 -0.248904
 0.721049
 0.442075
 0.408585
 0.49484
 -0.745728
 -0.25117
 -0.770496
 -0.3649
 1.17148
 1.8102
 1.42468
 0.369251
 1.77078
 1.64219
 1.06189
 1.38664
 0.1447
 1.49087
 0.354005
 -0.239597
 0.649978
 -0.302248
 0.0852712
 -0.269632
 -0.442532
 -1.17471
 -0.686356
 -1.89427
 -1.41929
 -0.527479
 -0.928496
 -0.46279
 -0.0645141
 0.766584
 0.0690698
 0.221882
 0.666958
 0.675214
 -0.227026
 0.464824
 0.419841
 0.270853
 0.094825
 0.303326
 -0.128047
 -0.7171
 -1.06881
 -1.39994
 -1.36115
 -0.479667
 -0.31609
 -0.227909
 0.0675632
 1.19972
 1.13204
 1.01417
 1.12413
 1.09163
 -0.468667
 -0.652743
 -0.960317
 -1.13754
 -0.866263
 -1.03349
 -1.01057
 -0.9861
 -1.19395
 -0.335257
 -1.64102
 -0.678753
 -1.35263
 -0.504223
 -2.01631
 -0.708337
 -0.753289
 -0.0423394
 -0.806661
 0.279827
 1.18072
 -1.29657
 -0.48947
 -0.805761
 -0.45746
 -0.91163
 -0.127269
 0.294
 -0.631938
 -0.10441
 0.401491
 0.0094665
 0.229803
 0.449372
 0.512944
 0.301671
 -1.32944
 -0.446426
 -0.106507
 0.409255
 1.17289
 1.27246
 -0.0201898
 0.170543
 -0.101046
 0.175757
 0.0258526
 -0.463689
 -0.0171948
 -0.222692
 -0.94596
 -0.648914
 0.163447
 -0.268787
 -0.708573
 -0.0120032
 -0.509253
 0.618495
 0.190962
 -0.179688
 0.342964
 -0.20431
 0.339854
 0.286017
 0.623826
 0.879443
 1.2063
 -0.178682
 1.58564
 0.944572
 2.43231
 3.04956
 1.20624
 0.54806
 -0.243107
 0.147951
 -1.23318
 -0.563645
 -1.46357
 -1.48367
 -0.393405
 -0.413172
 -1.12816
 -1.2928
 -1.40227
 -1.43506
 -0.723473
 -0.799909
 -0.0466677
 0.301428
 0.479977
 -0.147518
 -1.0426
 0.0469786
 -0.475374
 -0.805114
 -0.345335
 -0.771952
 -0.0659369
 -0.711803
 0.0750521
 -0.507465
 -0.892507
 -0.918817
 -1.40269
 -1.52209
 -1.50307
 -1.60127
 -1.55017
 -1.00659
 -1.18217
 0.273244
 0.298395
 0.163849
 1.07618
 -0.542542
 -0.00256809
 -0.740489
 -0.247393
 0.278458
 0.610795
 0.401234
 -0.341854
 1.27574
 1.87361
 0.420225
 -0.404808
 -0.0365099
 -0.212323
 -0.356092
 -0.69208
 -0.251289
 -0.446563
 -0.897966
 -0.941921
 -0.641729
 -0.370673
 -1.16371
 -0.562361
 -0.0861557
 0.228242
 0.95079
 -0.0875062
 1.47937
 0.176262
 1.26875
 1.66125
 0.622326
 2.58557
 1.78682
 3.10482
 2.32976
 1.33597
 -0.0260913
 0.477551
 0.460916
 0.766495
 0.179675
 -0.303203
 -0.900059
 -0.866808
 -0.467292
 -0.351968
 0.366987
 -0.919296
 0.326001
 2.13626
 2.05228
 1.96892
 1.66237
 0.881029
 0.814795
 2.64288
 1.86506
 1.05636
 2.41723
 1.99276
 0.352753
 0.68579
 0.981614
 0.741237
 0.380283
 0.426192
 -0.30879
 -1.00208
 -1.31727
 -1.66405
 -0.347718
 -0.655875
 0.471039
 0.92721
 -0.762888
 -0.731234
 -1.3159
 -0.0990695
 -0.493687
 0.596771
 -0.451157
 -0.810501
 -0.872452
 -1.18623
 -1.2119
 0.0950418
 -0.327106
 -0.516604
 -0.44688
 -0.0637147
 -0.527455
 -0.97031
 -1.27359
 -0.163986
 -0.271445
 -0.749836
 -0.456624
 -0.772139
 -0.188033
 -0.638561
 -0.0804994
 -0.648368
 -1.0012
 -1.17666
 -2.55355
 -1.22266
 -1.56478
 -0.952583
 -1.19932
 -1.15345
 0.0847514
 -0.998048
 -1.23512
 -0.8426
 -1.07054
 -2.49483
 -3.15328
 -1.14021
 -0.574829
 -0.745152
 -0.379945
 -1.07847
 -1.24251
 -1.07949
 -2.62318
 -1.22564
 -1.07595
 -1.70083
 -0.968482
 -2.3142
 -1.05786
 -0.438216
 -2.16874
 -0.651994
 -2.20967
 -0.965854
 -0.849725
 -1.0931
 -0.0270002
 2.09944
 0.944714
 0.478147
 1.17608
 1.12525
 0.602886
 0.340166
 -0.244454
 -0.895555
 -0.505889
 -1.87314
 -2.77501
 -1.22923
 -0.936546
 -0.563866
 -0.594259
 -0.0864648
 0.427065
 -0.14197
 0.256653
 0.250966
 0.433149
 -0.172073
 -0.803452
 -0.852818
 -0.0361424
 -1.69494
 -1.37197
 -2.03478
 -0.225239
 -0.655709
 -0.202283
 -0.625607
 -2.70591
 -1.77398
 -1.24232
 -1.64795
 -2.81204
 -1.72305
 -2.36897
 -0.571328
 0.870409
 -0.565026
 1.5084
 0.577601
 0.543553
 -0.734967
 -3.00522
 -0.741003
 -2.6074
 -0.697716
 -1.89628
 -0.887769
 -1.72267
 -0.509818
 -2.24626
 -1.34137
 -2.43002
 -1.38434
 -3.08388
 -3.46144
 -1.92912
 -0.941889
 -3.71734
 -2.32937
 -1.88782
 0.062622
 0.30653
 -3.18208
 0.457134
 0.828683
 0.181863
 -1.78751
 -2.44291
 -0.826864
 -2.77149
 -2.03559
 -5.28963
 -1.1716
 -4.59175
 -4.35049
 -3.81997
 -5.03352
 -4.34221
 -5.38415
 -1.29678
 -4.38061
 -1.49382
 -2.21798
 -1.37994
 -0.381408
 0.205601
 -0.512847
 -0.297553
 1.239
 0.810535
 0.671391
 2.93164
 -0.309993
 2.26034
 -1.05845
 -0.186835
 -1.56488
 0.457903
 -0.422825
 -1.21124
 0.0824626
 1.22134
 0.451819
 -2.1936
 -0.3399
 -1.73501
 -1.04802
 -1.43987
 -1.6978
 -1.97085
 -0.561327
 -0.728905
 -1.03974
 -1.34585
 -0.517551
 -1.27529
 0.871942
 -1.00776
 -2.04677
 0.594112
 -1.02548
 -0.990421
 -3.39681
 -0.490821
 -0.0158723
 -1.03041
 1.03077
 1.53757
 -1.649
 2.72791
 -1.55659
 0.255512
 -2.42449
 2.11971
 -2.02847
 1.4715
 -0.0703344
 -1.12974
 -0.210638
 -3.86341
 0.682757
 -0.818422
 -1.72064
 -0.0441341
 -1.88767
 -0.923021
 -1.68916
 0.137308
 0.049322
 0.485882
 -0.698693
 -0.383916
 -1.35104
 -1.42061
 -0.963388
 -0.636514
 -2.46257
 -3.15268
 -1.78078
 -0.0820839
 0.41184
 -0.307328
 -0.554086
 -0.916976
 1.4328
 -0.561484
 1.34596
 -0.532497
 0.0815123
 -1.65443
 -0.38663
 0.380418
 -0.558484
 0.430576
 3.19242
 1.2627
 1.33571
 -2.24072
 -1.8397
 -2.25818
 -1.21794
 -0.149849
 0.680989
 3.67875
 0.551271
 0.167687
 -0.307605
 1.03261
 -0.383441
 0.442203
 0.157976
 0.580215
 0.85743
 1.70591
 0.810953
 -0.721007
 0.776285
 0.89599
 0.937397
 0.361136
 -1.22834
 -0.733591
 -4.11729
 -1.47915
 -1.15717
 -3.40225
 -1.87139
 -0.964061
 -0.579539
 -0.419977
 1.63976
 -0.166541
 -1.66187
 -0.103253
 -1.53631
 0.804477
 0.918938
 0.19287
 1.12991
 2.40321
 1.13797
 3.46588
 0.105759
 2.15082
 0.481033
 0.04744
 1.37054
 -0.192755
 2.84182
 1.2649
 2.30292
 0.539001
 0.903954
 1.05116
 0.47196
 -1.70079
 -1.21825
 -2.45094
 -1.59237
 -1.87387
 -1.64137
 -0.415874
 0.165053
 -0.866525
 0.0541365
 -0.0105778
 0.653398
 -0.422682
 0.719629
 -0.828714
 0.152663
 -0.035421
 -0.64023
 -0.0654918
 -0.761593
 0.696105
 -2.64906
 0.574947
 0.989402
 1.37166
 1.35965
 -0.307818
 -0.0499036
 1.23034
 -1.42383
 0.864723
 0.31723
 0.933153
 -1.04732
 0.879094
 -2.74943
 -0.57443
 -0.0965004
 -0.249489
 -1.03567
 -1.56276
 -1.70007
 -1.96768
 -0.558388
 -0.197134
 -0.128473
 0.294617
 -1.20513
 -0.557254
 0.43021
 -0.067992
 0.5311
 1.5947
 0.0649833
 1.79841
 2.91657
 0.435277
 -0.894391
 0.466411
 -0.0321605
 0.553238
 -0.2238
 -1.48512
 0.104977
 1.00847
 0.529057
 0.17452
 0.354821
 0.379396
 1.22535
 1.66022
 1.81702
 0.273929
 2.40244
 -1.38514
 2.55876
 1.01719
 1.99379
 -0.238239
 -1.49478
 -0.679808
 0.115572
 -1.39447
 0.582828
 1.00378
 0.177675
 -0.258844
 0.11348
 1.92836
 -0.456161
 3.29942
 0.81977
 -1.01719
 0.727877
 -2.20716
 -1.89716
 -1.39571
 -1.74202
 1.46998
 -2.12743
 -1.04382
 0.932041
 -0.522479
 0.0264747
 0.789977
 0.0536748
 0.214134
 0.845692
 3.11277
 -1.82979
 3.00861
 1.09417
 -0.650034
 -0.119562
 0.185662
 -0.0439792
 0.298968
 -1.14624
 1.79328
 -0.673737
 0.0163982
 1.98298
 0.522036
 0.873787
 -0.539475
 0.855213
 2.15516
 1.92135
 -0.461521
 1.82465
 -1.16033
 -0.455745
 -0.762453
 0.0234033
 -0.202994
 -1.20417
 -1.03433
 -1.81083
 -1.79443
 -0.184536
 0.292698
 -0.377241
 -0.0968356
 3.29825
 -1.72783
 0.909107
 1.46478
 0.824546
 -0.608762
 1.0229
 -0.20091
 -1.40713
 -1.38878
 2.44088
 -1.80356
 1.55445
 -0.483826
 1.15283
 2.09039
 -1.85244
 -0.546031
 -0.63875
 -1.3951
 1.78409
 1.50721
 -1.31409
 -2.29631
 -1.41618
 -1.22787
 -0.145253
 -2.01273
 -0.951979
 -2.14489
 -0.0386626
 -2.06172
 0.555283
 0.095121
 1.04174
 -0.974842
 1.68405
 -0.0490204
 -0.639564
 0.954316
 -0.38448
 -0.65003
 -0.230943
 -2.99816
 2.18125
 0.285327
 -0.312563
 -0.95183
 -2.19243
 -0.613141
 -1.86492
 -2.66746
 -2.4069
 0.117723
 -3.34051
 0.699221
 -3.10994
 2.03754
 -2.25705
 -1.10881
 -2.09061
 -1.93262
 0.0799907
 -1.17879
 3.43194
 -1.56564
 -0.731022
 -1.5968
 -0.793849
 -1.6456
 -1.82965
 -0.611427
 -0.420391
 -1.7846
 1.42637
 -2.91891
 -1.44017
 -1.65451
 0.035618
 -0.493509
 0.86892
 -0.722682
 -0.690343
 -1.38929
 -1.37971
 -2.63785
 -2.62325
 -1.21526
 -0.711007
 2.4278
 1.34178
 3.50993
 1.02434
 3.14789
 2.60773
 5.02128
 0.358428
 1.5724
 2.18381
 3.64713
 -0.432108
 2.99768
 1.59347
 1.05523
 1.98087
 1.99545
 2.00828
 2.41488
 -0.157705
 -0.174167
 -0.34579
 -0.308779
 1.19135
 3.95455
 2.78781
 1.32048
 0.180444
 -0.397396
 1.04048
 1.94562
 2.0608
 2.11241
 -0.764848
 0.565318
 4.20849
 -0.776015
 2.61326
 0.715263
 1.78348
 1.98849
 0.39161
 3.85847
 1.64182
 2.43255
 0.126907
 1.03712
 1.93414
 3.18681
 0.0764242
 3.74889
 -1.1163
 -0.546003
 -1.40594
 -0.93669
 -1.47525
 1.9223
 0.237993
 0.569245
 1.9555
 2.59217
 0.883791
 3.49865
 0.526151
 1.35088
 -0.571396
 0.817244
 0.155658
 2.31156
 2.35265
 1.51873
 1.5609
 1.53073
 1.87663
 -1.18056
 0.604854
 0.573842
 -1.32012
 0.576203
 -0.327196
 0.405229
 -0.866114
 0.280104
 -0.474519
 -1.22389
 -0.223958
 -1.50592
 0.800072
 -0.600403
 -1.71057
 -0.887229
 0.0206027
 0.802967
 0.339836
 0.530767
 -0.458734
 -1.68966
 -0.416285
 -0.0235379
 -0.776471
 3.33271
 1.35469
 3.40624
 -0.654534
 2.3588
 0.819425
 1.73243
 0.750989
 0.11946
 -1.04334
 3.40465
 -0.400008
 0.563811
 -1.35017
 1.56811
 -1.20128
 -2.95111
 -0.214203
 -1.06851
 -1.04243
 -2.02078
 -1.24704
 -2.92871
 -3.38689
 -2.27604
 -3.38876
 -1.68507
 -2.16414
 -0.837706
 0.898769
 0.323965
 2.02331
 1.6885
 0.233126
 1.10401
 -2.13243
 -0.423033
 -2.02669
 -0.495729
 -1.34913
 2.2187
 0.771628
 -0.21852
 0.0827591
 -0.00454727
 0.851572
 0.0341688
 0.621555
 0.718582
 2.59759
 -0.0213806
 3.32357
 -0.570516
 1.94112
 0.145332
 -0.455299
 -1.53298
 -2.63343
 -0.909834
 -1.81868
 -0.881977
 -2.25997
 -0.969173
 -3.56943
 -3.66033
 -3.773
 -2.27434
 -1.02848
 -2.15666
 -0.465854
 -3.74156
 -0.322582
 1.21986
 1.68836
 -2.1222
 1.95951
 -2.20829
 0.0285498
 -1.75882
 0.601051
 0.131352
 -0.0442865
 0.565975
 1.47367
 1.00027
 0.915162
 0.417582
 0.883367
 0.525516
 1.04721
 0.0305553
 1.0825
 -0.274511
 -0.822534
 -1.4262
 -0.303397
 -0.387722
 -0.793737
 -1.84314
 -0.737984
 1.76519
 -2.50154
 -0.609549
 -0.145751
 0.128565
 -0.0646719
 -1.56184
 -0.496151
 -1.12107
 1.09491
 0.535926
 0.719785
 0.920193
 -0.154102
 0.499038
 0.861118
 0.977295
 -1.97859
 1.28684
 -2.69787
 -1.01483
 -0.0928493
 2.14911
 -0.228354
 3.84297
 3.59454
 3.0766
 4.2557
 -0.659724
 2.23923
 2.5669
 0.759854
 1.71654
 1.7502
 2.43113
 0.0931992
 3.38968
 -0.392214
 2.61028
 -0.908489
 -0.943042
 0.11051
 -0.580338
 -0.653247
 0.759119
 1.02441
 0.263001
 0.841955
 1.24367
 0.848943
 -0.567281
 2.26665
 -1.57437
 -0.441129
 -0.675218
 0.564082
 -0.169591
 0.820298
 -0.755945
 2.53105
 -0.414528
 3.84234
 1.80158
 1.99827
 4.86775
 1.19627
 4.18477
 -0.946949
 1.55066
 -1.09338
 0.24719
 0.128823
 0.674923
 0.927222
 0.338473
 1.02191
 1.14689
 1.85351
 -1.35106
 1.46339
 2.64317
 2.17781
 3.4902
 -1.34707
 0.610284
 1.29749
 1.13408
 1.69069
 -0.20869
 -1.0737
 0.526776
 0.141992
 2.05319
 0.895963
 -0.305944
 -0.0434306
 0.582773
 -1.0523
 3.1911
 1.25913
 0.945554
 0.267946
 -0.250902
 -1.33285
 -1.24943
 -1.75875
 -1.61526
 0.96282
 -0.632311
 -0.822991
 -2.02469
 -2.81293
 -1.81665
 -1.7703
 -2.80005
 -0.772852
 -0.569184
 -1.01139
 -3.91536
 0.620175
 -0.908147
 -0.0322444
 -1.09438
 -1.18742
 -0.557001
 0.671041
 -0.704568
 1.67242
 1.17916
 -0.273162
 0.574616
 -0.538627
 2.83442
 1.21348
 0.442457
 -0.280427
 0.466929
 -0.99015
 -1.45093
 -0.184882
 -1.54014
 -0.157358
 -4.02325
 -0.0986945
 -2.50828
 -0.566461
 -0.581939
 -1.71236
 0.272026
 0.21711
 -0.214988
 -1.88104
 0.57364
 -1.17678
 -0.925135
 0.989168
 -2.44766
 -1.28368
 -1.86922
 -1.48885
 -0.848867
 -0.834418
 -2.22097
 -2.00215
 -1.24092
 -0.818495
 0.483187
 1.49665
 0.822027
 0.961423
 1.19208
 -0.747053
 -0.151531
 -1.43086
 -0.196549
 -0.671159
 0.465667
 1.0184
 1.18901
 -0.170599
 -0.509114
 -1.72519
 -1.37633
 -2.73845
 -0.818133
 -1.25069
 0.013747
 0.897237
 0.650774
 2.09551
 1.50195
 1.93816
 1.8302
 3.00578
 0.603793
 3.03161
 1.83881
 3.28747
 -1.16481
 0.255483
 -1.13372
 0.501143
 -1.88646
 0.929926
 -2.73696
 -1.29464
 -0.459245
 -1.24469
 -2.25417
 -1.4225
 -3.78275
 -2.64172
 -1.02579
 -0.169532
 -0.374227
 2.06764
 0.0422101
 0.843437
 0.256286
 1.56315
 -0.421909
 3.27272
 1.10423
 -0.127755
 0.695269
 -0.536399
 -1.88932
 -1.23018
 0.433478
 0.158719
 0.767577
 2.15735
 -0.207589
 2.51395
 -2.08547
 2.45576
 -2.32044
 2.88856
 -2.07494
 1.2435
 -0.368734
 0.890646
 -1.10615
 2.54126
 -0.645125
 -0.666333
 0.199898
 -0.27904
 -0.840435
 -2.03988
 0.481693
 -3.53596
 -1.77482
 -1.9713
 -0.471163
 -1.04145
 -0.309527
 -0.256979
 -0.191984
 -1.46176
 -0.784904
 -2.28345
 -0.483663
 -1.90241
 -0.819943
 -1.8755
 -1.19029
 -0.864244
 -0.180476
 0.562411
 1.58849
 1.95544
 -0.839843
 1.92144
 0.222581
 2.09306
 1.8034
 1.53829
 0.327111
 2.17728
 1.80032
 0.137536
 3.17376
 0.984173
 4.81343
 -0.545215
 4.23402
 -0.947209
 -0.0519435
 -1.08095
 -1.6113
 -0.616745
 -0.631874
 -0.597036
 0.492525
 -0.841408
 -0.150356
 -1.99693
 1.418
 -0.267901
 2.50022
 0.420852
 1.77833
 0.391759
 1.06023
 2.19018
 1.17555
 0.774581
 -0.323976
 1.28157
 0.931613
 1.37699
 1.88447
 2.62677
 -1.77017
 1.02821
 1.52385
 -0.934012
 0.0910407
 0.110426
 0.427723
 0.828381
 0.820948
 0.81567
 1.64618
 0.855415
 0.959957
 1.50557
 1.43869
 2.27758
 0.426414
 -1.13483
 0.167769
 3.63167
 -0.402063
 2.47989
 -1.31907
 1.36416
 -0.464164
 0.772979
 -0.660839
 2.82931
 -1.53886
 -0.685674
 -1.51659
 -0.556554
 0.86005
 1.95453
 0.563562
 1.75162
 1.64019
 -1.21826
 0.579215
 -3.15863
 1.5458
 0.932238
 -0.345177
 -0.248004
 -3.14456
 -0.709194
 -4.28823
 -3.41855
 -3.81174
 -3.64594
 -2.62917
 -2.77642
 -3.09013
 -3.61588
 -0.750893
 -2.54852
 -2.7553
 -1.27442
 -2.44005
 -0.192616
 0.504488
 0.116893
 -1.55869
 -0.753713
 -2.27846
 -0.624555
 -1.05868
 -0.323705
 -1.54802
 -2.17123
 -3.83822
 -0.880705
 -1.37317
 -0.543216
 -0.0391378
 -1.35717
 0.76049
 -0.430982
 -1.26985
 -0.952982
 -1.69664
 0.00233031
 -2.50736
 1.10347
 -0.664089
 0.841209
 0.450003
 -0.929856
 -0.237469
 0.168731
 1.64096
 -2.35963
 -1.26524
 -0.379838
 -0.85075
 -0.17008
 -0.213959
 -1.26164
 -0.170065
 -2.75143
 -2.07138
 -1.93169
 -2.34488
 -0.796498
 2.33436
 -1.40977
 0.662693
 0.529364
 2.03869
 2.85486
 0.831682
 2.90008
 4.18237
 6.28509
 3.80936
 3.74397
 5.89328
 0.13281
 3.08984
 -1.6195
 0.917974
 2.17501
 1.31494
 1.76747
 -0.463436
 0.959702
 -0.195151
 1.2247
 -2.56246
 1.23119
 1.06338
 -0.0672503
 0.349261
 -0.115275
 -1.89462
 0.57569
 -1.05869
 2.1302
 0.102315
 0.703168
 1.40377
 -0.410419
 -1.48
 -0.777443
 -2.13344
 -0.715091
 -2.75772
 -0.305015
 -1.58729
 -0.0791644
 -0.64717
 0.874808
 -0.231225
 0.0296877
 0.579226
 1.4483
 0.290066
 0.0230517
 2.21748
 0.500869
 2.83627
 0.509089
 2.45913
 1.06233
 4.29235
 -0.694504
 3.33271
 1.45165
 -0.889973
 0.593094
 1.75508
 0.122208
 1.88452
 0.726848
 1.09419
 -1.65758
 0.941473
 1.36602
 3.69806
 2.28062
 0.796472
 0.806046
 -0.651055
 0.166425
 1.10499
 -0.517513
 -2.81202
 0.985773
 -1.53851
 -2.23617
 -3.16143
 0.373111
 -1.32434
 -1.7761
 -2.07417
 -0.91293
 0.12841
 -2.1799
 1.23224
 -1.32153
 -0.192102
 -1.51361
 -0.869668
 -4.13383
 -1.23345
 -1.22046
 0.398018
 0.494494
 0.712531
 -0.447691
 -1.1686
 -3.17257
 0.261535
 -3.56002
 -0.915735
 -1.08699
 0.72686
 -0.166738
 0.529833
 1.10253
 0.984794
 -0.997005
 2.83544
 0.153933
 -1.11821
 2.9126
 0.0257679
 4.20154
 0.14205
 1.17395
 -0.677545
 -1.04154
 -0.495198
 -0.218456
 -0.336135
 -1.67984
 -0.449025
 0.335101
 0.933646
 2.10148
 0.216487
 1.54321
 1.43656
 -0.574559
 1.32185
 -0.425678
 2.94624
 -1.70827
 2.69371
 0.121128
 0.686851
 0.912082
 0.627568
 -0.0393436
 -0.051037
 -2.35392
 -0.732611
 -0.725173
 -4.30141
 -1.07311
 -2.23334
 -0.943746
 -2.04462
 -2.51936
 -2.14635
 -2.1519
 -1.31829
 -1.9838
 -0.201656
 0.96808
 -1.39411
 -0.513411
 -1.45481
 -0.380153
 -1.07646
 -0.691923
 -0.367636
 -0.986151
 -0.246454
 -0.0523765
 0.879188
 1.22176
 -0.392861
 0.318105
 1.33225
 1.49646
 1.27528
 2.36765
 2.6585
 3.78164
 1.95264
 1.34724
 -0.054653
 -1.34449
 -0.759507
 0.943063
 -2.18682
 2.95154
 1.52664
 0.991068
 2.16789
 1.55236
 1.20909
 -2.65362
 -0.0562185
 -4.09748
 -2.0738
 -1.71146
 -0.449328
 -1.31769
 -2.00651
 -0.80393
 -2.08831
 -0.782476
 -1.77643
 -1.82212
 -1.32747
 -0.718878
 -1.47362
 -0.957474
 -2.14171
 -1.83405
 -2.43634
 -0.752084
 -1.46832
 -0.785729
 -1.80736
 0.323793
 -1.52492
 -0.740994
 -2.2408
 0.191868
 -2.15681
 0.609235
 0.830053
 1.64178
 0.233347
 0.915616
 -0.745394
 0.120867
 -1.77652
 -0.752522
 -0.456002
 0.120693
 -0.86744
 -0.151229
 1.07035
 0.144367
 0.0726514
 1.1944
 2.06774
 -0.447933
 1.64666
 -0.123936
 0.811551
 1.18487
 1.17704
 0.965225
 0.865736
 -1.45786
 1.76533
 -0.256708
 0.249799
 -0.730766
 1.49544
 0.158506
 2.4542
 2.47348
 1.79924
 2.18369
 1.45516
 1.06769
 -0.546032
 -0.764698
 0.690897
 0.65951
 1.32868
 1.65715
 3.97764
 -0.127793
 0.845988
 0.591554
 1.14683
 1.19255
 0.353857
 -0.221916
 -1.60929
 -3.88884
 0.416147
 -3.88885
 -1.52619
 -2.22832
 0.147048
 -0.73635
 -0.653218
 -0.33511
 0.49713
 1.07986
 -0.819622
 -1.03148
 -0.274341
 -1.88617
 0.778098
 1.37565
 1.75078
 2.4151
 2.61632
 -0.768177
 0.551135
 -2.27533
 -0.450172
 -2.95287
 -1.59194
 -0.975159
 -1.91624
 -0.68654
 0.546202
 1.44453
 1.70091
 -1.16189
 -0.341551
 -2.35076
 -1.3857
 -3.35955
 1.4723
 0.562665
 -0.540437
 -1.38873
 1.79436
 3.68491
 -1.04263
 0.639644
 0.749438
 0.51763
 1.46971
 0.00562217
 -1.64104
 0.737087
 -1.42603
 -1.00677
 -2.15182
 3.22912
 -1.68857
 -0.628695
 -0.516274
 -2.0525
 0.355278
 -1.0243
 0.742394
 0.206251
 -1.14927
 -1.56617
 -0.546331
 0.443497
 -1.22036
 -1.31135
 -2.82113
 -1.66083
 -2.70784
 -1.03499
 -1.08017
 -0.413668
 -1.35964
 -1.37109
 -1.69148
 -0.574422
 0.906702
 -0.886067
 -0.0505182
 -0.151396
 -1.21222
 -0.0367998
 0.992635
 -3.30119
 -1.02325
 -2.16701
 -1.18314
 -0.366726
 0.459669
 -0.225894
 0.987288
 1.14946
 -0.198789
 -0.244487
 -1.33036
 -2.47494
 -4.08702
 -3.11915
 -3.51835
 -2.28778
 -2.53616
 -2.59749
 -1.68922
 -0.941077
 -0.39322
 0.207935
 0.137245
 1.01331
 2.12565
 1.20529
 1.50925
 -1.08789
 0.0205595
 -1.81303
 -0.820033
 -0.0344818
 0.80879
 0.312822
 1.49721
 1.46833
 0.527937
 0.20044
 1.28895
 -1.1883
 -0.19683
 -0.877732
 0.305195
 0.657066
 -0.00676413
 -1.98047
 -0.133556
 -0.680049
 1.22276
 0.730222
 3.72614
 1.76099
 2.57239
 0.120223
 4.57227
 -0.865676
 1.96482
 0.553093
 -0.514205
 -0.93486
 -1.11445
 -0.783137
 0.193667
 1.88404
 1.05186
 2.30491
 -2.45613
 -2.53628
 -1.15303
 0.110415
 -0.960243
 -0.364974
 1.40973
 1.16252
 0.967538
 1.62641
 -0.641942
 2.52885
 -1.425
 0.416672
 -1.82338
 0.133791
 1.25476
 -0.561537
 1.85759
 1.09084
 -0.14231
 -0.292708
 0.0475779
 0.93826
 -2.22884
 -0.988106
 -2.54494
 -1.68971
 -1.44824
 -2.08598
 -2.95724
 -1.61807
 -2.57556
 -1.02751
 -0.934068
 -0.533418
 -1.50767
 0.379192
 0.875318
 2.51851
 0.688065
 0.803411
 1.08112
 -0.460516
 1.2491
 1.68497
 0.867941
 -0.614336
 -0.0536558
 -1.6655
 -1.17374
 -1.67427
 -0.870346
 -0.82922
 -1.05082
 1.46694
 -0.372838
 1.66299
 0.83597
 -1.12594
 0.0377629
 0.348092
 0.871928
 -3.37638
 2.36868
 -1.71142
 3.51883
 0.210252
 1.56611
 0.35469
 0.752773
 1.56252
 -0.99103
 0.640178
 -1.35299
 -2.03769
 -1.24375
 -1.71104
 -0.239083
 0.198532
 -0.267709
 0.174735
 0.0432844
 -0.614293
 -0.319209
 -0.046728
 2.78665
 2.20602
 3.77859
 4.93705
 4.6081
 3.41992
 2.74137
 1.07883
 1.3689
 0.814338
 0.953658
 0.11109
 0.617851
 0.839305
 -1.471
 1.01916
 1.61444
 3.1308
 3.00179
 2.366
 2.77001
 2.9346
 3.403
 -0.15898
 0.646339
 -1.06385
 3.41838
 -1.2868
 -0.0942209
 -0.589181
 0.0748816
 -0.424827
 0.723958
 1.3137
 -2.66246
 -2.10425
 -5.42246
 -0.842062
 -4.46517
 -0.860364
 -2.41591
 -1.9759
 -1.47971
 -0.752399
 -0.636476
 0.236652
 -0.482985
 -1.15927
 2.84414
 0.716946
 1.77863
 1.4364
 3.31567
 0.511998
 0.452162
 1.74568
 1.37682
 -0.859071
 -0.565874
 -1.98366
 -1.26368
 -0.895554
 -0.414927
 -1.13744
 0.885097
 0.285377
 0.576551
 0.240747
 -3.38331
 -0.844115
 -2.95647
 -0.724628
 0.0166065
 -1.62787
 0.797652
 1.407
 -1.04093
 3.93643
 1.65091
 4.66715
 0.634378
 2.03202
 0.29554
 0.774457
 -0.775356
 0.547254
 0.874851
 1.85
 1.10948
 2.59668
 0.64603
 -0.0483735
 -0.179296
 -1.25783
 0.179624
 -1.32976
 -0.532162
 -0.616506
 -0.852271
 -1.40282
 -2.1275
 -0.673894
 0.252667
 -0.879252
 2.4546
 -1.24349
 -0.0197674
 -0.801139
 -4.32082
 -0.45575
 -2.47104
 -2.5694
 -2.45373
 -2.82282
 -3.03072
 -2.67453
 -3.27556
 -3.48873
 -1.94494
 -4.00049
 -0.149055
 -1.69411
 -1.14962
 -0.509832
 -0.0654236
 0.4148
 -0.434599
 -1.96844
 -2.33004
 -0.896313
 -0.647253
 3.2436
 0.84372
 -0.059364
 0.454159
 1.06602
 0.58349
 -0.386852
 -0.194747
 -1.28212
 -1.19278
 1.57959
 1.17775
 1.62029
 3.97944
 1.22292
 1.57365
 1.60536
 2.03462
 -0.252576
 3.98493
 0.921047
 4.12548
 0.191447
 1.19618
 0.987735
 -0.312239
 1.62263
 0.886152
 -0.64268
 0.346657
 -1.45843
 -0.753386
 -2.30392
 -0.710955
 -2.57377
 -0.352701
 -0.296928
 -2.26233
 0.207817
 -1.447
 0.143379
 1.05267
 -0.590166
 -1.34184
 0.349991
 -0.204737
 1.1659
 1.04448
 0.887179
 -1.6271
 2.30457
 0.246248
 -1.13286
 -0.246162
 1.20889
 -1.20155
 1.50677
 -1.77018
 -0.660056
 0.373675
 3.33349
 -0.749857
 2.27003
 0.179815
 0.816359
 2.38448
 1.40097
 0.741689
 -1.29395
 -2.10895
 -0.517209
 -1.65827
 1.62553
 -1.11937
 0.52148
 -0.760198
 -0.492556
 -0.324877
 1.22285
 -0.802381
 -0.354899
 0.0696942
 1.03796
 -2.45773
 -0.525506
 -1.04933
 -0.0246548
 -0.42476
 -0.625001
 0.0766285
 -1.33231
 -1.2612
 0.00501661
 -3.60094
 0.0557782
 -0.0630564
 2.15053
 -1.62681
 1.37826
 -1.19153
 -1.21947
 -0.659832
 -1.19497
 -1.25385
 -0.920447
 0.328656
 -0.818907
 0.00944056
 4.44633
 2.38803
 1.79856
 -1.42539
 2.61661
 -0.529964
 0.602481
 1.58719
 1.13988
 1.53295
 1.66677
 1.18853
 1.95076
 1.44571
 1.79039
 0.134063
 0.253991
 -3.62089
 0.537317
 -1.18333
 1.41481
 -0.534009
 1.60772
 -0.483725
 0.234114
 0.649617
 0.740145
 0.892607
 0.495454
 2.41851
 0.742914
 -0.60119
 0.362452
 -0.606941
 -1.71369
 -2.85327
 -1.06599
 -2.33935
 -0.504255
 0.161953
 4.2984
 -1.21419
 3.73919
 -1.1556
 1.16061
 1.80272
 1.95141
 1.44078
 -0.298352
 -0.280087
 -1.66617
 0.630385
 0.459249
 -0.998155
 0.916245
 1.78017
 2.24478
 0.622498
 0.378571
 0.228978
 0.386375
 -0.803396
 -0.965661
 -0.869831
 -0.145678
 0.0743715
 0.336743
 -3.62917
 -2.9193
 -2.91479
 -1.58116
 -2.4991
 -3.05278
 -3.374
 -2.33081
 -1.77971
 1.50767
 -0.0167683
 1.16254
 0.213834
 -0.602488
 2.25366
 -0.632274
 3.11537
 1.02345
 2.70832
 1.01398
 -0.596422
 0.955721
 -2.82867
 -0.767105
 -2.14233
 -0.82925
 -0.861653
 -1.47314
 -3.06576
 0.864979
 -1.06349
 -0.255745
 -3.02869
 0.611323
 -1.1404
 -1.27531
 -0.786975
 -1.44575
 -2.39431
 -2.0114
 -2.60874
 -1.79945
 -2.10144
 -0.184693
 -3.22347
 0.230367
 -3.06693
 -1.22918
 -2.16904
 -0.148413
 -1.41089
 0.24012
 2.34547
 0.161819
 2.40974
 2.40081
 0.317773
 2.22825
 -1.95625
 0.617343
 -1.2328
 -0.0479716
 -4.02904
 1.79176
 -2.66987
 2.33541
 -1.18241
 0.379427
 -2.19506
 2.12196
 1.26628
 -0.916366
 1.72429
 -0.531727
 1.80301
 -2.47808
 0.301374
 -2.21355
 1.20535
 0.383936
 -0.103942
 1.80304
 0.108854
 0.711694
 2.27648
 0.694285
 0.857801
 1.87885
 -0.885399
 0.242777
 -0.686866
 0.066456
 -0.788853
 0.433168
 -0.639905
 -0.57307
 0.690884
 -1.09185
 0.292008
 1.00027
 -2.29431
 -0.010932
 0.522141
 -0.93164
 0.673209
 1.19139
 0.450862
 1.29946
 -0.485305
 2.34716
 1.41889
 -0.416764
 0.596377
 -1.86835
 -1.05534
 -0.386643
 -2.67769
 -1.21501
 -1.07503
 0.796821
 -0.103921
 -0.313225
 0.818059
 1.39028
 1.70563
 1.6536
 -0.631111
 0.0879185
 -2.71584
 0.527595
 -2.31748
 0.806115
 -0.878231
 0.303574
 1.27836
 3.18062
 1.3978
 4.27816
 1.00428
 -0.448089
 -1.64427
 -1.14334
 0.211094
 0.00350753
 0.895047
 -0.726493
 -1.95768
 -0.00552899
 0.192111
 -0.454441
 0.552109
 -1.02367
 0.553893
 1.70962
 1.32473
 1.9007
 -0.909921
 3.95014
 -1.13959
 3.95366
 -1.11655
 2.40963
 0.866385
 0.103201
 2.24996
 0.648623
 0.41977
 0.710738
 1.7749
 0.339112
 -0.296825
 -2.13612
 -0.915149
 -0.701578
 -0.638716
 -0.37691
 0.00381702
 2.78024
 2.87639
 0.765038
 0.0146163
 0.641863
 1.20197
 1.42315
 0.0833428
 0.66333
 0.852478
 -0.660619
 1.67461
 -1.02007
 3.86791
 0.235454
 3.70374
 -0.768562
 4.29052
 -0.944837
 1.82665
 1.06189
 2.6067
 2.40829
 3.07327
 1.82152
 1.95604
 3.98007
 1.33166
 -0.406418
 0.5126
 -1.06566
 2.22533
 -2.02568
 -0.50486
 0.363088
 -0.468985
 -0.365228
 -0.871275
 -0.577939
 -1.6381
 0.470763
 -0.471656
 -1.40151
 -0.237697
 -0.44358
 -0.14142
 -1.32402
 -0.148908
 0.399398
 -0.378762
 0.801073
 -1.47032
 -0.607645
 0.871919
 0.731796
 0.973333
 -2.64208
 1.96969
 -2.68089
 -1.47031
 -1.69608
 -0.945684
 0.881703
 1.72362
 1.12994
 1.24358
 1.75431
 1.21086
 2.74361
 -1.25139
 3.01225
 3.21033
 2.32814
 0.906857
 2.10168
 2.17855
 3.15646
 1.08174
 0.684969
 1.66857
 1.04427
 -1.27586
 0.134036
 -0.977293
 -0.485213
 -0.216013
 1.23555
 -0.312173
 -1.56804
 -0.47049
 -1.53475
 0.734263
 -0.827879
 -0.190911
 0.319443
 2.16043
 1.19075
 1.21881
 2.86276
 0.523211
 0.615696
 0.682365
 -0.91284
 -0.220042
 -0.291027
 0.0132839
 -1.14978
 0.136029
 -1.07127
 -0.202182
 -3.45078
 -0.564993
 0.00517158
 -1.60372
 -2.20915
 -3.17011
 -1.89304
 -0.762388
 -4.2911
 -1.56455
 -0.843363
 -0.772867
 0.933138
 0.369126
 1.2397
 -1.53064
 -0.397165
 -1.47335
 -0.765324
 0.689373
 0.980722
 0.66959
 -0.890269
 0.243047
 0.418619
 -1.98536
 -2.56468
 -5.35036
 -3.89713
 -5.55131
 -3.17823
 -3.83038
 -3.93166
 -3.82919
 -1.84663
 -2.90995
 -1.60413
 -2.12472
 -0.072686
 0.24296
 -0.917124
 -0.0528302
 0.918647
 -0.602142
 -1.19978
 -1.62215
 0.82842
 2.37712
 0.989274
 4.24267
 -0.823216
 1.13787
 -0.371089
 -1.20868
 -0.316598
 0.589467
 0.33619
 1.13576
 -2.31363
 1.37247
 0.0401279
 0.594751
 -0.556541
 -0.100405
 -0.553975
 -2.29478
 -1.44675
 -2.63509
 -0.00733202
 0.198141
 -1.48967
 -0.83788
 0.690111
 -3.10511
 -0.0713224
 -1.53706
 1.28173
 0.947487
 0.369652
 0.713228
 3.23468
 3.28565
 3.95166
 2.43138
 0.835876
 1.91619
 1.52024
 1.78557
 1.04287
 -0.259392
 0.299533
 -0.0651985
 -1.18903
 0.0021049
 0.723766
 1.16687
 -0.236759
 -0.650283
 -0.992784
 -1.61872
 2.42403
 2.10644
 2.40729
 -0.400553
 2.63892
 1.22763
 -0.440336
 -0.0304734
 -1.82345
 1.3228
 0.0228998
 -0.950003
 -0.30849
 1.95917
 0.64349
 2.19475
 -0.75435
 1.85609
 1.21007
 -0.173834
 0.530323
 1.70315
 1.87771
 -1.815
 1.65254
 -2.87567
 -1.1374
 -1.3198
 -1.80408
 -2.54083
 0.995704
 -1.00139
 1.58322
 -0.0279508
 1.80848
 1.0015
 3.93275
 1.59979
 0.807267
 1.05867
 2.49703
 2.06394
 1.06021
 1.8693
 -0.158558
 0.328302
 1.84035
 0.269413
 -1.09279
 2.68542
 -1.93168
 -0.966961
 2.03801
 0.859021
 1.08231
 1.61696
 1.54831
 0.691443
 1.40125
 -1.16789
 0.480361
 1.08122
 0.506615
 0.257904
 -2.77326
 -1.3895
 -2.18357
 -0.953246
 -2.02442
 -2.21826
 -2.28354
 -1.92431
 1.38255
 -0.682243
 0.50248
 1.39222
 1.10054
 0.350659
 0.160551
 -0.325979
 0.775038
 0.498978
 -0.0261948
 0.411381
 0.757527
 -1.13525
 -1.31334
 -0.617103
 -2.33924
 -0.978361
 -2.19149
 -0.147383
 -1.70485
 -0.160204
 0.362466
 1.31952
 -2.60908
 -0.303492
 -1.39827
 -2.22749
 -0.466705
 -0.966622
 -0.163793
 0.36375
 2.2295
 1.71252
 3.62772
 1.52158
 -0.662283
 0.0705362
 -0.784705
 -0.503225
 0.174156
 -1.04035
 -3.18748
 -1.56911
 0.610463
 -0.793944
 -1.36857
 0.98692
 0.98617
 1.19041
 -0.201949
 0.282446
 -1.50318
 -2.17521
 -0.416838
 0.330907
 1.41985
 -0.508374
 3.95288
 1.14682
 -0.0974331
 1.33655
 1.99129
 0.884878
 1.21033
 2.05505
 0.858755
 2.25865
 1.24596
 -0.0124331
 2.14953
 1.01119
 0.587861
 -0.0874922
 2.09144
 0.575121
 4.99303
 1.65215
 2.49082
 1.31971
 2.51585
 1.83461
 0.0570729
 0.529325
 -1.20659
 -0.482594
 -4.26953
 -0.344157
 -3.5678
 0.293105
 -0.127232
 -1.24792
 -0.514602
 -1.69956
 -2.51567
 -1.0792
 0.515615
 -1.52895
 -2.9117
 -1.14265
 -2.23947
 -0.461261
 -1.73598
 -1.11352
 -0.164073
 -1.0256
 -0.746283
 -1.41749
 -1.58814
 0.148896
 -0.374643
 0.558819
 1.57296
 4.22218
 0.200178
 3.0566
 -0.680505
 2.21371
 -1.42606
 -0.542184
 -1.88396
 -1.06108
 0.209023
 0.74846
 1.3153
 2.12954
 1.68695
 1.10565
 1.59547
 0.21017
 0.449699
 1.21346
 0.139988
 2.43906
 1.19325
 0.292915
 0.3333
 -1.071
 -0.709815
 0.952073
 -0.877106
 2.43237
 0.512945
 3.11833
 0.401255
 4.2991
 2.68714
 1.71432
 1.9232
 0.894573
 2.64178
 2.56495
 -0.628239
 0.881684
 -0.0160243
 2.5937
 -1.99691
 1.87398
 -0.024099
 0.760819
 0.894676
 0.370131
 2.53064
 -1.05029
 0.963761
 1.36985
 1.73938
 0.219929
 2.87474
 0.320735
 0.489871
 0.74835
 -3.40632
 1.41363
 0.0201356
 3.22413
 1.37178
 1.08693
 1.33304
 -0.174997
 2.31519
 -0.74602
 -1.2035
 -4.60409
 -2.70926
 -2.70692
 -2.72087
 -2.36225
 -2.82742
 -2.78026
 -2.18638
 -2.26962
 -1.88904
 -0.970625
 -1.708
 0.122187
 -1.61132
 -0.640324
 -2.05527
 -1.3274
 -0.822325
 -1.93412
 1.65484
 -2.44567
 0.67452
 -0.497152
 -0.676482
 0.493343
 -1.12352
 -2.16521
 -2.15734
 -1.76978
 -0.965453
 -1.9006
 -3.35563
 -1.17865
 -4.09106
 -0.195519
 -1.8312
 -1.59439
 0.793667
 -2.40212
 -0.569787
 -0.754051
 -2.65054
 -1.21485
 -2.30342
 -1.32482
 -2.22992
 -1.68148
 -0.696947
 -0.0579201
 -0.882217
 -1.78764
 0.257818
 1.15453
 -0.106964
 0.526143
 -0.450977
 0.196026
 -1.03418
 -0.0679557
 -1.40185
 0.366093
 -2.70042
 -0.032547
 -1.67443
 -0.338165
 -0.801928
 -1.35066
 0.0786444
 0.306093
 -1.08387
 -0.340999
 -1.02863
 0.0460642
 1.81607
 3.04392
 2.12774
 2.4207
 2.00822
 1.11964
 1.57587
 2.22905
 -0.103393
 -0.250458
 -0.0193603
 -0.107941
 0.350763
 0.969083
 1.70506
 0.196521
 0.0498028
 -0.0999952
 -2.32787
 1.27173
 -0.892449
 -2.39871
 2.12363
 -2.2901
 2.93756
 0.650648
 2.14105
 1.65803
 1.87666
 0.748447
 1.19415
 1.08961
 -0.12892
 1.37676
 -0.459176
 0.92787
 0.1819
 -1.17022
 0.564995
 0.0265472
 -0.511798
 0.974998
 0.392435
 0.989259
 -2.39118
 1.09778
 -0.865343
 -1.4201
 0.165585
 -0.0939252
 -0.579295
 -0.0304151
 -1.62583
 0.0451833
 -1.10216
 0.151923
 -3.31205
 -0.0571499
 -2.36038
 1.84653
 0.96383
 4.15173
 -1.12048
 1.19039
 0.933412
 3.15403
 -1.34726
 1.56332
 0.308113
 0.153119
 0.668907
 -0.896643
 -0.16895
 -1.52658
 1.2625
 -0.556542
 2.7491
 0.447022
 1.09647
 -0.353323
 0.98658
 0.848216
 1.77506
 1.18017
 -1.07158
 2.80982
 1.95091
 3.63991
 -0.213312
 3.49293
 -1.64864
 2.1925
 -2.47692
 -0.372502
 -1.78895
 1.1806
 -0.373623
 0.0476041
 -1.05874
 0.594979
 -1.33009
 -0.524405
 1.21174
 1.09522
 0.976483
 -0.620612
 -2.0282
 -0.779037
 -1.34511
 0.384653
 1.27655
 -0.225807
 -0.338233
 -2.26386
 -0.786333
 -0.132105
 -0.169515
 -0.470167
 -0.0236815
 0.600651
 -1.26994
 2.25294
 -1.07589
 -0.108128
 -0.930634
 -0.610185
 -0.817682
 -1.14789
 1.08576
 -1.66743
 -0.118221
 -1.6429
 -0.889144
 -1.02807
 0.545702
 1.23381
 -0.317162
 0.18454
 -1.08462
 0.118247
 -1.95692
 0.355761
 0.973664
 0.392798
 0.726769
 -0.371366
 0.0665468
 1.00463
 -0.732504
 -0.530911
 -0.151331
 -1.40505
 -1.30829
 -0.92924
 1.15572
 -1.17972
 0.500752
 -1.13624
 0.329787
 -0.431579
 2.21459
 -2.64426
 -0.292028
 -1.62884
 -0.908228
 0.0461616
 -0.181312
 -0.573288
 0.212805
 -0.252344
 0.822176
 2.43225
 1.57485
 1.53941
 0.635379
 0.883806
 0.276622
 0.923698
 -0.490419
 0.983364
 2.37811
 1.52867
 -0.521379
 1.21043
 -1.27932
 0.673915
 -0.584669
 0.301448
 0.519577
 0.754924
 0.554656
 2.25931
 1.54316
 0.940464
 1.73984
 2.98014
 1.03818
 3.38785
 -1.09338
 2.23746
 -0.0619806
 0.88784
 0.609371
 1.04145
 1.15076
 -0.350946
 -0.549796
 -0.539578
 1.33235
 -0.516614
 -1.01073
 0.247935
 0.806939
 1.21381
 -0.405555
 -1.72827
 0.504278
 0.76394
 -1.03398
 -2.20189
 -0.767618
 0.448099
 -0.297977
 0.340064
 0.348755
 2.74108
 0.221019
 -0.449855
 -0.65364
 -1.92494
 -1.17343
 -1.05728
 -0.0906781
 -0.560653
 -0.0556912
 -1.33696
 0.424711
 -3.69763
 1.39558
 -2.78199
 -1.14767
 -1.30813
 -2.19029
 -2.40982
 -3.0704
 -2.05272
 -1.4164
 1.19526
 -1.08425
 0.0907976
 -1.08176
 1.91952
 1.88969
 -0.942306
 -0.741125
 -1.68233
 -5.26338
 -1.60665
 -4.98762
 -2.23392
 -1.58924
 0.425394
 -0.875706
 -0.729302
 0.231202
 0.720765
 -0.754254
 2.56977
 0.724923
 0.604563
 1.40001
 2.84143
 0.208398
 1.62566
 -0.731105
 -1.59253
 -0.625827
 0.887143
 -1.79234
 -1.29498
 -2.34271
 -1.65111
 -3.84036
 -1.0573
 -1.55365
 -1.38684
 0.562398
 1.58384
 -0.620624
 1.21618
 0.751287
 -1.87713
 1.88624
 -0.179055
 -0.867139
 -0.400094
 -0.950348
 -0.352838
 2.1199
 1.70206
 3.84558
 1.29185
 0.0724313
 0.716411
 0.243338
 -0.358189
 -2.41066
 -1.59197
 -0.943912
 0.0927853
 -1.23536
 -0.678249
 -0.475018
 2.2651
 -2.36058
 -1.07581
 -0.0165119
 0.911466
 1.67023
 -0.70236
 -0.747933
 -1.89999
 -1.27456
 -0.209463
 -3.39688
 0.979829
 -3.02963
 0.146898
 0.184292
 0.00952816
 -0.468563
 -0.363154
 2.73203
 0.0431414
 2.63924
 -2.06492
 1.3616
 -1.98309
 -0.618211
 1.15017
 -0.0254467
 0.157193
 -1.09377
 0.043173
 2.23861
 0.758405
 0.369315
 0.954509
 -0.85614
 -1.41784
 -0.607475
 -1.37432
 -4.70032
 -1.76116
 -0.333965
 -2.52105
 -2.24362
 -4.97138
 -2.82806
 -1.2941
 -2.06742
 -0.281436
 -0.372025
 0.260351
 -1.07657
 0.266942
 1.12442
 0.379204
 1.07213
 2.15193
 0.723105
 -0.0844608
 -0.94671
 -0.472146
 -1.77443
 -1.73181
 -0.358446
 0.913045
 1.28651
 0.310864
 1.82677
 -1.07914
 0.36777
 -1.90135
 -1.32269
 -2.23923
 -1.43531
 -0.650654
 -1.21041
 -0.23127
 -1.63436
 -2.12554
 -1.95419
 -0.419256
 -0.848196
 -0.254327
 -2.68706
 1.61127
 -2.56618
 -1.01903
 0.525509
 -3.68116
 -1.45777
 -1.00526
 -0.400679
 0.677657
 0.264691
 0.880948
 -0.495964
 2.19336
 2.06486
 -0.749314
 2.76545
 2.21073
 2.34194
 1.98721
 1.89606
 1.42934
 1.12144
 1.85994
 0.232867
 1.79917
 1.05846
 2.42473
 2.76107
 0.488103
 1.65043
 1.33415
 -0.142632
 -0.346449
 -1.67623
 0.582097
 0.239283
 0.813159
 -2.22945
 2.42161
 -1.94792
 -1.21438
 -3.10646
 1.32476
 -2.23119
 -0.293049
 -0.639247
 1.76327
 -0.164335
 1.94618
 -0.152193
 3.32081
 -0.0913684
 4.17671
 1.1543
 3.03783
 0.758231
 2.64277
 2.67348
 3.37547
 2.80525
 2.96369
 2.43832
 0.673167
 0.571687
 -1.28952
 -1.35654
 -1.43236
 0.504485
 -3.44817
 -0.694073
 1.16864
 0.118361
 -1.10143
 -2.51679
 -2.16799
 -0.487139
 0.961635
 0.146742
 0.470565
 0.632042
 0.548778
 0.70594
 -0.296929
 -0.296611
 0.380333
 -0.470509
 -0.166404
 0.266715
 0.0870399
 2.7294
 0.148394
 2.01081
 3.63463
 2.17718
 2.76898
 0.960271
 -0.324291
 2.10312
 0.223893
 -0.756179
 0.881249
 -0.177568
 0.0215006
 0.984812
 1.48451
 1.37587
 0.57323
 -3.6031
 -1.57565
 -0.672166
 0.0407599
 0.368344
 1.98963
 0.243003
 1.87711
 -0.0453548
 1.56752
 -0.171283
 -2.32068
 -2.44562
 -0.924795
 -1.56916
 2.58468
 -0.21381
 2.13083
 0.34744
 -0.700438
 -0.366313
 -1.70193
 -1.02663
 -1.10787
 -0.17956
 -0.929296
 0.283924
 -0.118384
 1.00719
 1.31969
 1.39334
 -2.0154
 2.45233
 -0.242181
 1.00581
 -0.370477
 0.508834
 0.487008
 0.299643
 -2.38135
 -0.953171
 0.206605
 2.46215
 0.999455
 1.99169
 -0.433136
 2.3721
 -1.55994
 0.349267
 -2.12702
 -2.23967
 -1.64812
 -2.47202
 -0.0605333
 -1.0927
 -0.668947
 1.63735
 0.55615
 -0.644214
 -2.63168
 -1.25338
 0.154584
 -1.70922
 0.622536
 -0.987321
 2.16335
 -0.966331
 0.583068
 -1.0238
 0.912195
 1.217
 0.689524
 2.69436
 2.04642
 3.31993
 2.6527
 1.71632
 3.35597
 0.973476
 4.03937
 2.0233
 1.24459
 1.30006
 0.578445
 1.83414
 -0.964438
 0.668063
 -0.238381
 0.661296
 0.376986
 1.28
 0.390753
 -0.412266
 0.263331
 0.738593
 0.912093
 0.936373
 0.0820984
 -1.58901
 -0.684161
 -1.68415
 -2.40432
 -0.0911342
 -3.69807
 -0.932395
 -0.0287298
 0.351178
 -1.02936
 -0.659988
 -1.56861
 -0.933726
 -2.04468
 -0.555068
 -3.98401
 0.599972
 -3.5369
 -1.56098
 -1.51579
 -2.49264
 0.909623
 -1.12451
 0.724341
 0.655976
 -1.01623
 -2.07782
 -2.60611
 -1.02305
 -2.13687
 -1.02661
 -2.32998
 -1.24994
 -2.11955
 -3.26708
 -2.12758
 -3.03778
 -1.3316
 -3.62508
 -1.94467
 -0.875714
 -2.1372
 -0.89645
 -0.30534
 0.576539
 0.544094
 -3.64699
 0.766228
 -3.37898
 0.393838
 -3.11357
 -0.858871
 -1.844
 -0.00939044
 -1.448
 -2.50513
 0.086207
 -0.960916
 0.328037
 -3.42784
 -1.76972
 -3.78015
 -0.210671
 -3.09039
 -1.0231
 -1.25311
 -2.80673
 -1.53515
 -1.41885
 -0.620736
 0.57981
 -0.893685
 1.62149
 1.34732
 -0.423522
 2.21313
 1.89823
 1.89722
 1.53037
 2.67128
 0.553907
 2.98752
 -0.368505
 1.34171
 1.06161
 1.85074
 2.65106
 1.5608
 -2.72705
 -0.896551
 0.296126
 0.555876
 -3.31694
 0.771076
 -2.38496
 -0.155975
 0.315829
 0.0374337
 -0.905075
 0.951985
 0.409008
 -0.298604
 -1.08225
 -2.32573
 -2.84432
 -1.24982
 -2.11356
 -1.77339
 -0.23979
 0.760351
 -0.808764
 -0.27311
 -1.21249
 0.649406
 0.0251729
 0.127963
 2.00148
 -0.125719
 3.80033
 3.36883
 3.04818
 2.89192
 3.30459
 3.33637
 2.50019
 1.07655
 1.23072
 3.85757
 -0.895452
 0.743237
 -0.129943
 -0.161659
 0.914436
 -1.63929
 0.482071
 -3.33037
 -0.442101
 -2.08137
 -4.224
 1.42134
 0.284979
 1.32831
 0.838466
 -0.341943
 0.393999
 0.526437
 1.12413
 -0.75079
 -0.134131
 0.0911055
 0.695795
 -0.735021
 -1.593
 -1.36867
 -0.503254
 0.368143
 -0.19807
 -0.625129
 -1.34235
 -0.232738
 -1.37407
 0.0491248
 -0.590682
 0.47604
 0.221858
 0.528481
 -1.01289
 -1.5904
 -2.73714
 0.841434
 -0.760069
 3.225
 -1.70219
 2.72282
 -1.9175
 3.37835
 1.89635
 1.69847
 0.499672
 0.596107
 0.83897
 -1.0096
 1.03382
 -0.703269
 1.49799
 -2.9167
 -0.203275
 -4.1315
 -1.1012
 -1.69037
 2.33753
 0.196458
 3.29024
 -1.06241
 3.87029
 2.21061
 2.38099
 1.23713
 1.19214
 1.2471
 1.75042
 1.97429
 -2.13629
 1.70104
 0.929622
 1.6788
 2.11794
 2.40482
 2.12029
 0.21932
 0.915205
 2.02571
 1.96818
 0.0802958
 1.11538
 0.878522
 -0.674281
 0.636726
 -0.433021
 3.77538
 -0.193277
 4.14063
 -1.12149
 0.576713
 1.30367
 -0.572253
 3.42244
 0.731853
 0.982807
 2.47461
 4.41286
 1.86445
 0.11977
 3.64884
 0.0939615
 -0.928321
 -0.118985
 -0.455766
 0.714455
 -1.54293
 0.614738
 -0.798645
 -0.370442
 0.852949
 -1.78731
 -0.661337
 0.335649
 3.65925
 -1.08696
 2.11168
 1.60223
 1.4897
 2.21914
 2.53672
 4.08174
 1.64126
 1.07187
 0.327182
 0.00438896
 0.674232
 0.799645
 0.580968
 -0.0315421
 -0.211691
 1.95012
 1.82941
 1.22898
 1.52962
 2.262
 4.28927
 2.26352
 1.82917
 2.25
 2.96717
 1.51606
 1.01328
 3.32106
 2.69255
 2.75126
 2.72212
 0.313958
 1.38018
 -1.18638
 -1.94917
 0.500758
 -0.565408
 0.792882
 -0.673161
 0.854988
 -0.866433
 -0.313765
 -1.84371
 -0.912366
 1.65922
 1.38092
 0.0260929
 -2.0471
 1.22755
 1.00101
 -0.645886
 -1.30133
 0.129254
 0.93929
 -0.114331
 -0.0731825
 0.564227
 1.04459
 -0.164533
 1.68218
 -0.590712
 -0.105486
 0.0821696
 -0.903295
 -1.86365
 -2.13662
 -1.30499
 -1.75798
 0.35723
 -1.27378
 -1.00072
 -0.873779
 -0.629552
 2.71698
 1.60208
 0.481924
 0.742787
 0.37536
 -0.0645622
 -0.396468
 0.527665
 0.458217
 0.846065
 0.821851
 1.80762
 1.63014
 1.79363
 2.30029
 1.24639
 0.0496001
 0.757622
 -0.68606
 1.30157
 -0.464096
 1.09373
 -1.66467
 -0.830135
 2.3412
 1.6816
 1.99289
 5.00045
 0.730189
 1.84689
 2.05584
 0.980438
 -0.544915
 -0.817576
 -0.0249291
 -3.34334
 -1.2537
 -1.60215
 -2.29211
 -5.23897
 -2.98525
 -4.28153
 -2.90706
 -3.48702
 -1.8553
 -3.11737
 -2.28923
 -2.02855
 -1.37622
 -1.31603
 -0.291226
 -1.43311
 1.25105
 1.07178
 1.63398
 3.0678
 1.10768
 0.555483
 0.325835
 1.11922
 1.07226
 -0.311527
 -0.484876
 -0.311698
 1.97816
 -0.0146855
 1.19
 0.276631
 3.47605
 -1.35144
 3.21375
 -1.47733
 3.25153
 0.622318
 -0.456426
 -1.16104
 -0.264531
 -1.55963
 -1.34318
 1.74409
 -0.326129
 0.51528
 2.65568
 0.539084
 0.585721
 0.128517
 -0.132935
 0.307661
 0.698397
 2.34387
 1.92879
 1.86208
 0.157498
 -0.323003
 0.0680085
 -1.30715
 -0.471277
 -0.0751457
 -1.35136
 -0.337206
 -0.978694
 -1.51909
 0.725254
 -0.507531
 3.90486
 -1.33513
 0.710814
 3.36561
 -1.30888
 0.17507
 -0.847237
 2.82244
 -1.86094
 0.0996408
 -1.42116
 -0.0316754
 -1.60679
 -0.48597
 -2.80154
 -0.25172
 -1.88033
 -2.84811
 0.625336
 -3.57938
 -2.53708
 -1.24088
 -2.92772
 -1.96373
 -1.88148
 -1.22148
 0.546406
 0.858432
 3.19161
 -1.47423
 -0.0592194
 -0.670916
 -0.900082
 -2.03192
 -1.17324
 -0.709825
 -0.539661
 -1.62018
 -0.560176
 -1.08057
 1.25719
 0.647505
 -0.350388
 -1.8662
 -0.619219
 -1.17396
 -2.06208
 -0.776226
 -1.48528
 -0.726873
 -3.84672
 -1.06714
 -1.87672
 -0.833006
 -1.287
 -1.32084
 -1.625
 1.88495
 -0.152763
 0.86131
 -1.14643
 0.287104
 -0.128445
 2.22578
 0.965585
 1.73804
 1.57072
 0.851634
 0.493343
 0.995735
 -2.21964
 -1.42452
 0.671104
 -0.397036
 -1.00938
 -0.0222331
 1.12234
 1.03554
 0.0169638
 3.18871
 -1.50741
 1.38045
 -1.26717
 0.692395
 -1.11142
 -0.53897
 1.05544
 -1.46101
 0.402254
 -0.482751
 0.261197
 -0.41762
 -1.20083
 -0.841794
 -1.75704
 0.249749
 0.856669
 -1.43477
 -0.00737686
 0.0875901
 1.19278
 0.651664
 0.984673
 1.84268
 1.183
 -0.636316
 -0.902217
 -1.91604
 -0.864501
 -1.52721
 -1.61786
 -2.12964
 -1.04585
 0.0449893
 -1.42946
 -1.45572
 -0.395391
 -1.72444
 -1.43863
 -2.78365
 -0.494949
 0.642624
 -0.470093
 2.28476
 -2.11051
 -0.0694199
 -1.12751
 1.16714
 0.611141
 0.758731
 -0.109239
 0.489056
 1.31547
 2.02548
 2.8496
 1.29683
 2.58413
 0.546739
 1.57108
 0.858058
 -0.95766
 -0.676861
 0.311786
 0.372402
 1.15669
 -1.00237
 0.861119
 -2.61029
 0.896346
 -3.25267
 -2.58697
 -1.71677
 -1.94765
 -0.878476
 -1.9911
 -0.112339
 2.95839
 -1.21717
 1.56678
 -0.48489
 1.98132
 -0.323429
 1.26048
 -2.09715
 -0.0957744
 -3.90954
 -1.58739
 -2.93966
 -0.182011
 0.0832887
 0.0809345
 -1.49665
 -1.14576
 0.0535262
 0.0344371
 0.485631
 -0.202865
 0.579476
 1.97631
 -0.00336291
 0.0984855
 -1.78484
 0.0143986
 0.774354
 1.18661
 3.20923
 0.552843
 0.545048
 -0.315571
 -0.214227
 -0.306243
 0.843836
 1.57915
 1.60187
 2.94634
 0.171975
 -1.28193
 0.252873
 0.0550787
 1.19269
 1.15937
 -0.458049
 -0.728941
 -1.78144
 0.299103
 -0.062796
 0.304898
 -1.80097
 -1.90144
 -1.64572
 -0.666919
 0.0871837
 0.419234
 0.53669
 -0.0811547
 -0.973432
 1.57048
 1.94428
 2.34989
 3.68025
 2.95414
 1.68242
 3.03135
 0.833376
 1.38858
 3.29936
 0.455932
 2.37684
 5.41801
 -0.0792697
 4.33036
 1.33871
 0.243126
 1.55126
 1.44139
 -0.390127
 -0.406307
 -1.70698
 -0.450684
 -3.85052
 -1.71776
 -2.53975
 -2.72468
 -3.421
 -3.0103
 1.32127
 -1.3698
 2.46915
 -1.97827
 -0.647991
 0.0204617
 -1.55447
 1.19677
 -0.63938
 0.1032
 -2.69072
 2.56868
 -0.442804
 2.82856
 -1.56283
 -0.0429243
 -1.05202
 -2.85059
 -1.55471
 -1.09116
 0.349618
 3.61434
 0.681779
 1.43411
 1.55548
 0.832974
 2.21508
 0.842835
 1.70789
 2.39856
 -1.80259
 1.92434
 2.14811
 1.05279
 -0.113219
 0.582413
 3.63234
 -0.833823
 0.0965198
 -0.825325
 0.380646
 -0.723191
 0.714749
 -0.888407
 1.21436
 0.0745767
 1.35124
 1.94607
 1.51466
 0.683787
 4.10307
 2.68441
 4.42716
 -0.759406
 4.29978
 1.13823
 2.48632
 -0.718192
 1.87001
 -0.0579098
 -0.638967
 -1.04907
 0.436813
 -1.60514
 0.346611
 -0.665359
 1.22503
 1.41885
 0.208873
 -0.0765939
 -0.70744
 -0.150108
 -0.187573
 -0.257448
 -0.148521
 -0.873158
 0.314602
 -3.0067
 -0.875865
 -1.75972
 0.111981
 -1.38457
 0.206234
 0.546812
 0.471264
 -1.58446
 0.235795
 -1.55444
 -3.22575
 -1.52127
 -1.66052
 -0.338946
 -0.367288
 -0.728709
 -2.32204
 -0.906165
 -0.871692
 -2.2061
 -0.393459
 -0.0767277
 -0.550427
 0.363882
 1.33835
 0.364617
 0.58371
 0.98638
 1.75646
 1.90225
 0.632647
 1.84345
 1.95027
 0.0431696
 -0.717824
 -2.65981
 -2.72781
 -1.57975
 -0.190878
 -1.43501
 -4.92171
 -2.92004
 -3.11895
 0.401865
 0.64179
 2.44756
 0.78481
 2.5341
 0.882787
 -1.16479
 -0.466403
 1.36574
 -0.330952
 0.762509
 -0.963548
 -2.94314
 -0.299803
 -1.72237
 -1.71785
 -1.67384
 -1.86996
 -1.1631
 -2.53414
 -0.2503
 -3.54227
 -1.70087
 -1.31269
 -0.265008
 -0.940581
 2.88302
 -0.511201
 1.74661
 -1.69511
 -0.464836
 1.0396
 1.14787
 -0.204776
 -1.81676
 -0.608114
 -1.19707
 -0.705563
 0.0234796
 -1.41739
 -2.0454
 -2.97635
 -3.38468
 -1.34056
 -2.82875
 -1.39863
 0.0521785
 -1.53186
 -0.0100167
 0.855102
 1.56655
 0.969879
 0.53947
 0.927635
 2.32113
 3.03924
 1.41651
 -0.109292
 0.143402
 0.215649
 -0.121517
 0.571892
 2.04849
 0.78131
 2.15988
 0.755331
 4.38634
 -0.879407
 2.3029
 1.94992
 3.71623
 0.989129
 1.94507
 0.964987
 1.19922
 -0.964713
 3.11794
 -1.6622
 1.51723
 0.789608
 -0.856643
 -0.76228
 -1.75527
 -1.67879
 -0.303241
 -1.0069
 -0.610316
 -0.396558
 0.593255
 1.20798
 -1.25696
 0.453205
 0.350115
 -2.089
 0.687434
 -0.945992
 1.46633
 1.34919
 1.54152
 0.504193
 1.2874
 0.575114
 1.77079
 2.3841
 1.31166
 -0.0610026
 -0.320096
 -0.207295
 0.0433827
 -0.289792
 -2.19658
 -0.687041
 -0.201641
 -3.35765
 -1.58277
 -2.70283
 -1.83809
 -2.14614
 -2.84154
 -3.56167
 -2.96661
 -5.64788
 -2.48528
 -2.87246
 -1.69148
 -0.815948
 -1.09083
 0.149736
 -1.08071
 -1.03446
 0.379347
 -1.73288
 -0.78104
 -1.93529
 -1.74397
 0.638917
 -0.185864
 0.154853
 0.156947
 0.468735
 -1.07643
 0.540279
 0.994962
 2.85642
 0.801956
 0.431651
 0.0299917
 -2.26978
 -0.663166
 -1.475
 -0.704451
 -0.905263
 0.562304
 -3.33573
 -1.09438
 -1.98783
 -0.768631
 -0.509128
 -0.46026
 -0.0822916
 0.650571
 0.442875
 0.444651
 -0.151858
 0.220352
 2.65159
 -0.201273
 -0.753
 0.275352
 -0.169652
 -0.100151
 0.301816
 -1.35424
 0.450988
 1.4629
 2.66659
 -1.9911
 0.406256
 -1.08157
 -1.40158
 -0.453314
 -1.62316
 0.264012
 0.775073
 0.810707
 -0.658806
 2.22504
 0.0507191
 1.9846
 2.16359
 1.90431
 -2.19137
 0.0030762
 0.148345
 -0.248227
 -0.105716
 0.914158
 0.852503
 -1.04459
 0.032717
 0.759294
 -1.63284
 -2.52368
 -0.188483
 -1.23122
 -0.854501
 -0.295803
 1.32643
 1.41714
 1.19763
 -0.234334
 0.335187
 0.948128
 1.33085
 -0.909156
 0.0908881
 0.237572
 0.566506
 0.106863
 0.0212226
 -0.664659
 -2.36994
 -0.562241
 -1.47794
 -0.169226
 -0.853667
 -0.0982775
 1.47461
 2.05778
 0.621591
 1.27895
 1.5996
 0.273576
 -3.62816
 -1.1679
 -0.752669
 0.442536
 0.121069
 4.00509
 -0.957645
 3.66433
 -0.344187
 1.40142
 -0.340233
 0.453003
 1.47877
 1.24999
 1.70825
 -0.876057
 -0.513378
 -0.260944
 -1.48854
 -1.3279
 -1.1185
 -2.00651
 0.0662441
 2.43669
 0.346098
 -0.750338
 1.45313
 0.176846
 1.58613
 0.200485
 0.0191269
 -2.49871
 -1.73927
 -0.54674
 -1.75761
 -1.03646
 -0.673559
 0.393793
 -1.09746
 -0.870217
 0.140263
 0.779814
 0.973231
 -0.683371
 0.578173
 0.661113
 -0.808378
 1.33928
 1.34385
 0.213922
 0.296056
 0.742584
 0.845805
 3.67567
 1.18204
 1.87709
 4.84854
 1.82706
 4.44586
 1.05566
 1.6417
 0.723941
 1.3112
 -0.288794
 -1.67166
 -2.21805
 -0.992243
 -0.782705
 -1.04782
 -2.27067
 -0.746379
 0.13876
 1.06319
 -1.00461
 -0.352836
 -0.30442
 0.397845
 1.99145
 1.33477
 2.61111
 -0.291327
 2.30974
 -0.490536
 -0.118258
 2.302
 0.00711617
 -0.246174
 1.232
 -2.90518
 -1.36305
 -2.41857
 -3.47059
 -1.90453
 -0.670957
 -4.41351
 0.153967
 -3.0616
 -1.30349
 -0.415383
 -1.73024
 -0.029022
 0.71033
 0.205183
 2.24731
 2.08622
 -0.199727
 0.980967
 0.225997
 0.434336
 2.56497
 -2.28082
 3.39248
 2.25923
 1.61033
 -0.301248
 1.82744
 -0.394497
 -1.2304
 0.0748462
 -1.07747
 -1.64777
 -1.00279
 -2.05717
 -2.54537
 -2.42027
 -0.75866
 -2.842
 -2.79971
 -0.971722
 -2.62
 -1.83906
 -1.58058
 -5.07216
 -1.35005
 -2.62207
 -0.80503
 -3.03692
 0.659147
 -0.988212
 1.15333
 1.79916
 0.00515956
 -2.96542
 1.59609
 -0.684856
 -2.31331
 -2.42479
 1.14086
 2.85297
 0.116644
 -0.700557
 -1.52664
 -1.33256
 -2.30485
 -0.687438
 -0.0967291
 -0.53503
 -1.60401
 -1.6901
 1.25801
 -1.07212
 -0.233569
 0.413566
 2.44839
 4.03994
 2.22677
 1.85909
 0.453347
 0.988197
 0.644117
 -2.42869
 0.71809
 1.10427
 -2.19033
 1.22039
 -0.807645
 0.112317
 0.640131
 1.52355
 2.68108
 2.01857
 2.04362
 1.97617
 -0.618014
 0.338818
 0.804085
 -0.0948043
 0.935177
 -0.958613
 2.34452
 0.297766
 2.75437
 0.257922
 2.07049
 0.710178
 1.21155
 2.20684
 2.83226
 4.63571
 4.60957
 4.40007
 1.58611
 5.61622
 2.66417
 1.731
 4.032
 1.69693
 1.30117
 0.325027
 1.72486
 1.64344
 0.647607
 1.77676
 0.539299
 0.628235
 -2.46591
 1.27468
 -2.90295
 0.260659
 0.509033
 -0.11984
 1.01389
 -0.380114
 0.26384
 -1.07545
 0.816037
 1.08346
 0.830084
 -1.27393
 3.85008
 -1.31049
 0.343005
 -1.12343
 -0.48962
 0.158849
 -2.68215
 1.06659
 0.714896
 -0.594605
 2.31286
 0.449083
 -0.224866
 -1.45627
 -1.59663
 0.0678186
 -0.0711688
 2.96769
 2.64542
 3.60687
 -1.01184
 0.872791
 -2.81328
 1.63403
 -2.3788
 0.568875
 -1.43047
 -0.952726
 -0.563901
 -1.60302
 -0.635103
 -2.4959
 -1.53775
 0.381209
 1.15844
 0.0168257
 -0.959566
 1.14173
 -2.04558
 -0.0689648
 -1.0447
 2.24978
 0.796393
 -0.639687
 0.250005
 -0.500977
 -1.12987
 -0.217806
 -1.01329
 -1.95653
 0.184458
 -0.776924
 -2.2723
 -0.90839
 -2.0019
 -1.14157
 -2.89072
 -1.43804
 -1.73766
 -0.0500673
 -3.83015
 -0.605444
 -0.588745
 0.178178
 -3.7945
 -2.57057
 -1.84987
 2.51599
 -2.39367
 2.22176
 -0.939305
 -0.461653
 -1.50811
 0.105853
 0.456462
 -1.34499
 -1.69189
 -0.857724
 0.199535
 -0.654951
 2.18913
 1.81802
 0.0243505
 1.43363
 -0.448684
 -1.59835
 -2.49643
 -1.30191
 1.24837
 -1.42584
 -0.25085
 0.502929
 -0.779657
 0.808154
 -1.95795
 -2.27879
 -1.1136
 -2.07311
 -0.0416074
 0.10699
 -1.03515
 -1.83386
 -4.41106
 -0.709171
 -4.04038
 -1.18544
 -2.38611
 -0.346882
 0.367403
 -2.49204
 -2.28122
 -2.98126
 -2.39321
 -3.00705
 -1.84473
 -4.1841
 -0.371638
 -1.7908
 -0.555602
 1.66012
 -0.524239
 2.79256
 -1.79656
 3.48131
 -1.15164
 2.73825
 -1.16237
 3.70161
 1.25987
 1.82379
 -2.23739
 3.09224
 -1.75118
 -1.06707
 -0.318189
 -3.20979
 0.182211
 -3.64634
 -1.11419
 -2.71465
 -0.965275
 -2.41992
 -3.19491
 -1.12769
 -2.00236
 -0.86348
 -1.61558
 -1.94123
 -1.24215
 -1.76132
 -2.1231
 -1.13433
 -1.34307
 -1.01836
 -1.51017
 -1.1513
 1.05306
 -0.355612
 1.75889
 1.84433
 -0.493755
 0.311713
 -1.25344
 -0.12722
 -1.53885
 -0.00958361
 -2.21896
 2.88653
 -1.53821
 1.79926
 -0.144276
 0.575779
 -0.904106
 1.2568
 -0.251213
 0.420805
 -0.583886
 0.490314
 0.0641491
 1.6741
 -0.534258
 3.08223
 0.648014
 2.22265
 -0.758069
 0.270984
 -0.215961
 -0.329525
 0.428271
 -0.391683
 -1.36838
 -0.857194
 -1.08183
 -0.449643
 -1.24094
 -1.47575
 0.0917525
 -1.84351
 -1.74541
 -0.76095
 -1.41973
 -1.88401
 -0.559774
 -1.32814
 -1.42537
 -1.74313
 -1.01083
 -2.16284
 -1.46539
 0.0506522
 -0.929493
 0.371368
 1.00946
 -0.0740686
 0.741159
 -0.400767
 0.10279
 0.860342
 1.43661
 -1.47026
 0.104942
 0.762723
 0.927139
 -0.701632
 0.104279
 -1.28211
 1.08037
 0.25931
 1.3541
 0.560345
 1.0189
 2.77152
 0.703593
 0.968361
 -3.36564
 0.527672
 -0.658115
 1.56164
 2.38567
 1.23015
 2.48102
 1.28517
 4.52158
 1.98592
 3.05981
 2.37819
 0.523054
 0.81081
 1.21013
 -1.32748
 0.456097
 -0.990355
 -1.66167
 -1.61632
 -1.22056
 1.55052
 -0.761637
 0.519512
 0.902268
 -1.83885
 0.0251682
 -2.77055
 -0.33785
 -1.70014
 -0.967428
 -0.544956
 -0.106283
 0.0576884
 1.27535
 0.0534419
 0.535759
 -0.630585
 -1.71862
 0.236784
 1.42479
 3.34342
 0.606125
 0.000882156
 -1.2468
 0.487391
 0.68509
 0.843857
 0.712236
 -0.976563
 -0.197712
 -1.23905
 -1.14762
 -2.32308
 -0.202134
 -0.545577
 0.90879
 -1.34432
 0.0518048
 -0.114048
 1.23148
 0.907602
 -0.874137
 -2.03841
 -0.572946
 -0.123928
 0.786607
 -1.20194
 0.793885
 2.62136
 3.06763
 1.78278
 1.64954
 -1.39676
 -0.528598
 -0.0210709
 -1.18544
 -1.81637
 -0.00626095
 -1.27373
 1.9619
 2.16226
 1.69241
 2.48212
 -0.695099
 2.36003
 0.42504
 1.93277
 -0.897878
 -0.159945
 -1.4811
 -0.344431
 -1.72036
 -4.11299
 -1.31369
 -2.27265
 1.15694
 -0.0240711
 0.473888
 0.0450584
 1.14195
 -0.467822
 0.880481
 -0.175376
 -1.03981
 -0.0862739
 -1.51516
 1.83281
 0.816464
 0.624222
 0.431051
 -0.42807
 -1.55608
 3.28029
 -1.54265
 1.81414
 0.580868
 1.60435
 -1.93864
 -0.0248993
 2.19706
 -2.47517
 0.268163
 -1.11726
 1.32966
 1.90066
 1.42238
 1.38292
 -0.119122
 0.664382
 -1.38388
 -2.65025
 -0.0354027
 -1.1202
 -1.19854
 -2.1216
 -0.925868
 -2.06071
 -0.281087
 0.466502
 0.0899792
 0.172082
 -0.607828
 -0.0408157
 -0.43713
 -1.91206
 -2.04317
 -1.24373
 -2.10598
 -2.31786
 -0.637628
 -1.61454
 -0.474389
 -1.52781
 -1.87284
 -2.51766
 -1.71869
 -2.45541
 -2.59006
 -1.26483
 -0.466237
 0.144956
 -0.97093
 -1.45216
 1.38444
 0.661896
 1.15911
 -1.41746
 1.23643
 -0.0835797
 0.352368
 0.312542
 -0.215426
 -1.35828
 0.522848
 0.697631
 1.15452
 -0.40845
 0.269721
 0.443237
 0.77558
 -0.739713
 -1.29173
 1.29222
 3.26156
 3.57696
 1.78344
 2.53999
 2.48733
 2.21436
 1.52769
 -0.0610945
 4.44212
 2.39288
 2.49043
 4.0555
 -0.77986
 3.22472
 -1.02346
 3.19021
 2.21561
 3.53953
 -1.15426
 3.67839
 -1.34446
 1.34802
 -0.443754
 -0.186609
 -4.23563
 -1.40128
 -0.765716
 -0.104691
 -2.07235
 -1.73934
 0.380577
 -0.460149
 -0.109361
 -0.863193
 -1.5427
 -0.240845
 -2.22703
 -2.71815
 -0.486993
 -1.21983
 -0.985218
 -1.13052
 -0.533361
 0.404675
 -1.28278
 -1.70714
 -0.731667
 -0.750806
 -1.6814
 -1.20672
 -2.31135
 -2.04557
 -1.70324
 -0.298628
 1.41886
 -0.98333
 0.255491
 0.44215
 4.24421
 3.38708
 4.13884
 3.39699
 1.50277
 -0.368392
 1.6754
 1.25682
 -0.540671
 0.217304
 1.47659
 1.44029
 1.93997
 1.90161
 -2.09994
 -0.73871
 -1.96322
 -1.08032
 -1.62253
 -0.862259
 -2.47777
 -0.578154
 -0.0166514
 0.188294
 0.507932
 -0.35391
 0.569988
 3.04685
 1.07804
 3.63235
 1.21984
 1.02301
 1.61022
 2.36486
 0.263034
 0.526672
 0.610488
 2.07207
 1.07224
 0.713444
 -2.57773
 -0.0347648
 -3.21937
 0.798047
 -2.27621
 -0.443819
 -0.125608
 0.129311
 -0.882953
 0.71515
 -0.930922
 -1.45755
 -0.622089
 -0.881507
 0.792363
 -1.08915
 -1.01633
 0.222903
 -0.923794
 1.7168
 3.91921
 2.75146
 -1.95065
 2.80416
 -2.08842
 1.47488
 -2.76202
 -2.1484
 -0.952708
 -1.13251
 2.05305
 1.95925
 0.248958
 -1.70423
 -0.480269
 -1.38756
 0.0914082
 -2.2975
 -0.562971
 -1.2292
 0.625922
 -0.280247
 -0.852138
 -1.51456
 -0.65233
 -2.94701
 -2.84431
 -1.26961
 -2.22636
 -0.542768
 -1.68176
 -1.81198
 0.0409115
 -1.32157
 -2.48838
 -2.75776
 -0.86711
 -0.338506
 -1.54515
 1.74117
 -2.6617
 1.92825
 1.94577
 0.177547
 1.42459
 1.79434
 0.0802806
 -0.843753
 -0.267714
 -1.44302
 -0.250213
 -2.48701
 1.5933
 0.961223
 1.78198
 -2.33842
 2.65709
 -1.75644
 1.17453
 -0.699728
 0.289568
 -1.73541
 -1.29213
 -0.735115
 -2.06405
 -0.88426
 -1.06484
 -0.955628
 -0.967596
 -0.577172
 -1.15813
 -1.75912
 0.0232643
 -0.330772
 0.675061
 1.09425
 -0.603578
 2.42074
 -2.22507
 -0.0194701
 0.646625
 -0.358622
 -0.0306809
 0.70016
 0.69504
 -0.151445
 -0.940005
 -1.81487
 -0.304803
 0.775288
 0.617522
 2.22256
 1.70663
 1.25439
 0.0186874
 1.47963
 0.0810267
 3.81349
 1.40114
 1.44126
 -0.269079
 -0.107844
 -1.41904
 1.85839
 -0.264575
 0.925138
 1.84053
 -0.102379
 0.807269
 0.168136
 0.50848
 -0.0955554
 -0.480578
 -3.15275
 -0.404524
 -0.597077
 -2.09703
 -2.05662
 0.0564763
 -0.97809
 1.25209
 -1.46373
 -0.598848
 0.577663
 1.84991
 0.0707183
 2.73971
 -1.76313
 0.50123
 -0.693498
 -1.68745
 -1.25695
 -1.56067
 0.41084
 -0.794401
 2.2499
 1.03904
 0.90961
 1.28041
 -1.80477
 0.3215
 -1.17113
 -1.25146
 -0.0361155
 -1.93328
 2.20985
 -2.42355
 -0.246529
 -1.5231
 -0.359517
 -0.4773
 -1.29853
 0.712624
 -0.789576
 -1.12317
 0.493737
 -0.0911247
 1.48233
 1.87864
 3.22391
 2.69783
 3.72935
 2.68181
 4.24531
 1.04481
 1.7257
 1.78185
 0.827464
 1.04865
 -0.494312
 1.56566
 -1.1934
 0.269076
 -0.879207
 -1.1227
 -0.0708059
 0.416855
 -0.369924
 0.247585
 0.278888
 -0.588723
 1.62681
 0.678088
 1.1963
 1.60197
 -1.66333
 0.337027
 -0.936531
 0.0942727
 1.49257
 0.46286
 2.46674
 0.0188487
 3.84923
 2.29356
 2.11576
 0.14145
 -0.546787
 0.95347
 1.14565
 -0.4273
 1.32531
 0.818958
 -1.04826
 1.28056
 0.456787
 -0.35899
 -1.11196
 -1.83468
 -0.945087
 -1.95039
 -2.09605
 -1.71519
 -0.292834
 0.583551
 -0.964999
 -0.491562
 -1.55285
 0.938835
 -1.93674
 1.54386
 -2.59004
 2.10084
 1.49369
 1.05932
 1.02276
 -2.64616
 1.24429
 -0.167585
 -1.21355
 -0.532027
 -2.3582
 -1.33183
 -1.90384
 -0.882989
 0.746693
 -0.667586
 0.353649
 -1.82392
 -2.12664
 0.950989
 0.894713
 -0.83972
 -1.38015
 -1.10072
 -1.44455
 -2.10655
 -5.33428
 -2.875
 -6.07414
 -1.95628
 -5.34883
 -3.51569
 -2.32462
 -1.57683
 -4.77644
 -1.46852
 -2.54574
 -2.21767
 -3.91288
 -2.9702
 -1.37284
 -2.48207
 1.28774
 -2.54604
 -0.697599
 0.542683
 -0.558014
 -0.224679
 2.2541
 -0.912035
 2.04217
 -1.93544
 1.09101
 1.28965
 1.52537
 1.27502
 -0.37428
 0.349002
 -1.51841
 -0.677945
 -0.198098
 0.654965
 -1.57049
 1.32912
 1.73957
 -2.32433
 -0.596335
 -0.780636
 0.0321227
 0.134754
 1.95177
 1.02304
 -0.484421
 0.0173645
 1.12166
 1.24131
 0.956648
 -0.0453372
 0.41504
 1.10527
 0.500621
 1.80867
 -0.024311
 0.170086
 0.466187
 -0.744395
 -0.00653119
 0.534472
 1.51633
 0.603315
 -2.00291
 1.63016
 -2.86412
 2.16756
 -1.35631
 1.17535
 -0.885093
 -0.900382
 -0.318132
 -0.183424
 0.229974
 -0.807235
 0.828862
 -1.96451
 -0.140366
 -1.4209
 -1.71058
 -1.24037
 -1.1772
 0.0471439
 -0.641278
 -0.109217
 0.0167178
 -1.10501
 -0.698285
 -1.15449
 -0.20183
 -0.0242106
 1.12435
 0.596779
 0.23998
 -1.95008
 0.843776
 -1.08047
 0.161859
 0.72744
 -0.779344
 -0.304894
 -0.581892
 0.327257
 -3.42161
 -1.42267
 -0.880318
 0.399455
 0.09977
 2.92147
 -0.555384
 0.934254
 1.39097
 -0.591836
 2.54883
 0.200862
 3.69546
 -0.662585
 3.57611
 2.88666
 1.29272
 2.35279
 -1.31055
 -0.560577
 -1.73519
 -1.32966
 -1.95062
 -2.22409
 1.61075
 -0.0320169
 4.36858
 1.6838
 3.6527
 1.68322
 1.75421
 0.441611
 1.05513
 0.347641
 1.7016
 -0.471069
 0.0907719
 1.5954
 -1.13377
 -0.226871
 -1.00631
 0.244853
 -2.17705
 1.25366
 -1.97828
 3.37872
 -0.894692
 0.702341
 -1.0202
 -0.973765
 1.30259
 1.36584
 0.351401
 1.96591
 1.98775
 1.5451
 0.438202
 0.19676
 -1.4061
 -0.754877
 -1.81857
 -0.254441
 -0.658952
 -0.770873
 0.566909
 -0.510777
 0.811411
 0.585953
 0.545189
 -2.88278
 -0.368407
 -0.533823
 1.13578
 -2.25711
 2.16042
 1.88012
 2.03142
 3.85585
 3.43307
 1.7626
 3.352
 -0.458287
 1.14368
 1.12752
 0.826539
 -1.43474
 -0.656431
 -4.24158
 -1.8568
 -3.1287
 0.398336
 -1.96379
 -2.173
 0.833669
 0.0584294
 -0.12277
 -0.189776
 1.10667
 -0.769672
 0.914332
 -0.432373
 -1.75567
 0.870478
 -1.03222
 0.493017
 -0.909848
 -0.399894
 4.06378
 -1.26546
 1.04659
 1.34497
 1.51114
 1.93694
 2.81171
 1.34822
 2.07088
 3.4577
 3.06624
 1.63634
 2.34817
 5.54847
 1.88294
 2.03547
 1.79879
 -0.353858
 -1.62261
 -0.471771
 -1.73544
 -3.76863
 -2.63757
 -0.999807
 -1.47812
 -0.781723
 1.72228
 1.87135
 -1.09865
 1.59538
 0.463295
 0.65586
 -0.00288059
 1.23658
 0.825686
 1.75772
 0.220078
 -1.38436
 -1.09308
 -2.1605
 -2.8623
 -0.769347
 -1.99128
 0.406292
 -2.00787
 -0.692027
 -2.35688
 -0.661105
 -1.63706
 0.139054
 -0.404076
 0.82367
 -3.23395
 1.78128
 0.0843756
 1.95581
 -0.609912
 -1.32592
 -0.355317
 -0.560012
 -0.292325
 0.842488
 -0.928514
 -0.953299
 0.454438
 -0.704125
 0.544344
 -1.0962
 1.61712
 -0.289673
 0.410754
 0.829857
 2.21394
 1.98559
 0.0379361
 -1.08489
 -1.15795
 -2.33803
 -1.21058
 -0.598767
 0.237069
 -1.95806
 -1.49805
 -1.31208
 -2.41547
 -3.54737
 -1.35712
 -3.43856
 -1.41767
 -0.673897
 -0.590299
 -3.33256
 -1.63532
 -2.72951
 -0.673319
 0.0289556
 0.569086
 -0.328067
 -0.54155
 1.40748
 0.327901
 0.298659
 0.839672
 1.11328
 0.500118
 0.837577
 0.461059
 0.987703
 -1.02365
 0.188408
 -1.71226
 0.347047
 -2.01699
 1.60559
 0.489406
 0.615893
 -1.17837
 1.02695
 -0.314112
 0.0306382
 -1.13293
 -1.13996
 -0.536782
 -2.12918
 0.041836
 1.30525
 1.13226
 1.25142
 0.776247
 -0.184963
 0.764412
 -0.926463
 2.94724
 0.575123
 1.01157
 3.3726
 -0.291022
 1.8467
 -0.123063
 3.73906
 1.43842
 4.78021
 -0.482533
 4.41224
 -0.849879
 1.43788
 0.224826
 -0.537986
 -0.22637
 -1.06018
 -0.0603114
 -1.38463
 -0.32507
 0.129481
 0.952061
 -0.276472
 2.7433
 0.83737
 -0.389758
 0.335747
 0.664574
 0.789858
 -0.360264
 -0.00234441
 0.265664
 -0.746942
 0.557859
 3.11565
 -1.63491
 3.56286
 -0.846785
 3.98981
 -0.983692
 0.55992
 -0.0762015
 0.623363
 -1.35778
 -1.095
 0.314023
 -0.315819
 -1.70821
 -1.67333
 -0.969058
 0.707164
 -1.08075
 -0.300337
 1.37501
 0.435818
 2.06137
 2.34952
 0.857878
 1.70556
 1.48988
 3.61495
 3.33443
 3.00827
 2.6136
 0.760879
 1.58109
 0.377894
 -0.382061
 1.65613
 -0.130071
 -0.0299065
 0.923581
 1.21479
 -2.03804
 3.08957
 -0.73982
 -1.88823
 -0.816266
 -1.61499
 -0.329171
 -1.09263
 -0.841246
 0.706839
 -0.796646
 3.8875
 -0.30541
 3.14491
 -1.60302
 1.92607
 -0.112117
 0.325328
 -2.81992
 0.970342
 0.420353
 1.31946
 4.489
 4.14431
 1.32632
 0.977488
 0.301713
 0.763278
 1.2657
 -0.663239
 2.34591
 0.919913
 2.33841
 3.08904
 2.27707
 -0.555519
 -0.90568
 0.499966
 1.52096
 -0.530654
 -1.40144
 -0.411834
 -0.578704
 0.405474
 -1.0925
 -0.942136
 0.111411
 1.21502
 -0.490069
 1.77393
 1.72557
 0.264861
 1.36153
 1.22916
 -0.450403
 -1.54434
 -2.15246
 -1.90256
 -0.89002
 -0.46611
 1.35835
 -0.817898
 -0.424304
 0.256037
 -0.729106
 -0.114644
 -0.401045
 -2.49821
 -5.54157
 -1.32707
 -1.59502
 -0.165567
 -2.03114
 -0.150215
 -3.51719
 0.146683
 -1.23986
 -0.257004
 -1.60123
 -0.175938
 -1.38181
 0.293887
 -0.0830107
 -0.821738
 0.324794
 -1.76072
 -1.87247
 -1.31508
 -1.58841
 -1.50582
 -2.25395
 -1.03188
 -0.839433
 -4.44504
 0.878811
 -0.887383
 -1.84665
 -0.915999
 -3.01869
 -0.859727
 -1.36764
 -1.07175
 0.943246
 2.55215
 2.2012
 1.89776
 0.134655
 3.06706
 -2.01632
 1.07597
 -2.12382
 -1.54999
 -2.61744
 -0.454489
 -1.33002
 -1.52397
 -0.555548
 -0.696818
 -1.19168
 -0.744819
 -1.35036
 -2.3343
 -3.26701
 -2.97316
 -1.95058
 -1.7702
 -0.352527
 1.10024
 1.45986
 -0.220074
 -1.11858
 -1.98476
 0.792043
 0.977432
 1.20132
 2.49402
 2.71201
 1.68562
 1.92399
 0.466972
 3.09742
 0.442334
 1.41657
 1.36272
 2.47263
 0.912871
 1.90175
 -0.57108
 -0.230638
 -0.13753
 1.90056
 -1.29214
 1.6413
 1.40577
 0.676156
 -0.108445
 1.23939
 -0.907315
 0.655959
 1.07735
 -2.6951
 -1.10338
 0.841445
 -1.77224
 -0.243908
 -1.72588
 -0.241156
 -0.975156
 -0.0572499
 0.711907
 1.35435
 -1.92417
 -0.243527
 -1.01891
 -0.893635
 -0.269543
 -2.19381
 -0.0312995
 -0.47713
 -0.721484
 0.436085
 -3.45945
 -1.33682
 -0.384233
 -1.17124
 -0.334759
 -1.6608
 -0.903334
 -1.81672
 0.51273
 0.610429
 1.30237
 2.13217
 2.0428
 0.51367
 1.76928
 0.666138
 1.62308
 1.34148
 -0.838579
 0.462671
 1.9294
 -2.35129
 1.77696
 0.566907
 -0.529461
 -1.35141
 -2.12005
 -1.64413
 -2.38472
 -3.1267
 -1.64895
 -2.77441
 -1.53739
 -5.12339
 -1.93158
 -1.04013
 -1.95044
 0.384454
 0.568288
 -0.482569
 -0.125718
 0.255259
 -0.846757
 -1.85326
 -1.25082
 0.000652363
 0.24566
 1.75897
 1.28754
 -0.744537
 -0.546465
 0.386165
 0.126278
 -1.30115
 0.63857
 0.619715
 -1.14477
 -1.9577
 -0.102542
 0.415775
 -0.69783
 0.547707
 0.2437
 -0.633005
 -0.684869
 -1.44662
 0.42435
 -0.674386
 -0.960946
 -0.0199696
 -0.757695
 0.995616
 -0.462124
 -0.802513
 -1.74473
 2.4349
 0.259375
 4.80934
 0.595064
 3.0729
 -0.100147
 0.717213
 -0.969368
 0.0038816
 0.126245
 0.793369
 -0.735043
 -1.69409
 -0.109572
 -0.0529207
 1.0003
 0.0707224
 -0.783452
 0.509141
 1.28617
 2.41055
 0.0863675
 -1.10851
 -0.505719
 -0.805478
 1.32668
 0.804098
 1.25539
 -0.403543
 -0.926542
 -0.233107
 -0.54525
 2.91923
 1.89935
 2.00041
 1.62594
 1.75263
 -1.82527
 -1.43111
 -1.57315
 0.475229
 1.30161
 0.695391
 -1.64483
 -0.6644
 -2.63451
 -1.30015
 -0.730229
 -0.724525
 -0.0739928
 0.825603
 0.69349
 -0.463776
 0.441467
 -0.859162
 -1.57756
 0.140828
 -3.41937
 -0.711308
 -1.46208
 -0.732965
 -0.850137
 -1.45153
 1.07208
 2.11276
 -2.30981
 0.452972
 -0.948391
 -1.38926
 0.63233
 2.60482
 1.40102
 -0.781007
 0.902585
 1.34876
 -2.24253
 1.63361
 0.584629
 0.837218
 -0.956524
 3.91706
 -1.18663
 2.98964
 1.47281
 2.13938
 1.64305
 0.239726
 3.16647
 0.236369
 1.39487
 1.07505
 -1.08896
 -0.933167
 -1.66235
 -0.797036
 1.18293
 -0.0849763
 0.185183
 0.962255
 -2.11073
 2.78856
 -1.87246
 1.422
 -0.147439
 -1.93119
 -0.356089
 -1.28844
 -1.71586
 -1.00272
 -1.34054
 -1.85401
 -2.82554
 2.5312
 -1.85897
 2.46676
 -0.468137
 -1.30007
 -0.731963
 -1.91645
 2.19715
 -2.52682
 1.19308
 -1.00422
 1.11875
 2.7542
 -0.146623
 -0.629492
 -1.86767
 0.888323
 -1.82063
 2.09223
 -0.218101
 3.72911
 0.485184
 1.67723
 0.932564
 3.02259
 1.31578
 4.63926
 -0.703485
 2.17371
 -1.24813
 2.64012
 2.16172
 2.21152
 1.79174
 0.0999742
 4.59303
 -0.615618
 2.80519
 0.707291
 -0.917933
 -0.329434
 -2.86572
 0.0148359
 -0.720456
 0.818175
 1.61072
 3.33335
 1.79568
 4.73023
 1.44551
 3.99214
 0.486149
 0.69109
 -0.731729
 0.907706
 1.62769
 -1.88181
 0.534827
 -0.972969
 1.66666
 -0.570797
 1.84816
 -0.327532
 1.67818
 2.00737
 0.864752
 2.72134
 1.76184
 -0.016572
 0.453909
 0.0630733
 0.853604
 -0.967828
 -0.160912
 -3.3881
 -0.894912
 -0.423344
 3.67933
 0.159027
 1.86032
 0.132513
 -0.990536
 2.10609
 0.812306
 0.397118
 0.326889
 0.580609
 1.46305
 1.67673
 2.2869
 0.63749
 1.61679
 0.524474
 2.78523
 0.980725
 1.96652
 1.08278
 0.522665
 2.30364
 3.10121
 1.68133
 1.46004
 -0.406625
 0.494876
 2.39402
 1.90786
 0.592467
 0.270855
 -1.38142
 -0.432266
 -0.820186
 0.279833
 0.435329
 -1.5691
 -1.62266
 -2.32765
 -2.77032
 -2.08006
 -3.22566
 -3.29382
 -1.92354
 -2.22136
 -1.81269
 -0.23036
 -1.51692
 -0.96021
 -2.25948
 -1.31935
 -2.69917
 -1.01521
 -1.04808
 0.320219
 0.53304
 1.2182
 -0.401517
 -0.0986984
 0.436352
 -1.3191
 -1.47903
 -0.62188
 -0.127702
 0.730384
 0.814421
 -0.195055
 -0.124842
 0.0346544
 0.733835
 0.142037
 0.937132
 -1.27878
 -0.641595
 -0.065849
 -1.43749
 -1.21798
 -0.707307
 0.0652969
 0.274192
 -0.932128
 0.603135
 -3.41312
 -0.97534
 -2.27758
 -0.885655
 -0.875857
 -1.8921
 -0.245037
 -1.57605
 0.104465
 0.378838
 -2.73123
 0.123866
 -3.5322
 0.711987
 -0.643726
 0.236019
 -2.65854
 -1.58631
 -0.698783
 -0.462898
 -1.15456
 1.23947
 -3.06846
 2.9353
 -1.92234
 -1.01468
 -1.88581
 0.910626
 -0.0102566
 0.640196
 -0.869334
 -0.357138
 -1.6462
 -0.153763
 0.0238592
 -0.0186479
 -2.00898
 0.884675
 -1.34365
 -1.31168
 -0.654631
 -2.27315
 -2.13314
 -2.64981
 -0.509434
 -0.4274
 0.691632
 -0.58905
 0.864546
 1.35466
 1.95823
 -0.384011
 3.1489
 -1.82639
 0.713792
 0.551445
 1.10285
 -0.238411
 1.32261
 -0.773872
 1.4103
 1.499
 1.99059
 0.670204
 0.590606
 1.43744
 -2.5921
 2.32807
 -2.0941
 0.686294
 -3.20989
 -0.726888
 -1.18136
 -1.08046
 -1.30157
 -0.243724
 -0.423169
 0.348631
 2.55544
 -1.8888
 1.44833
 -3.0027
 -3.15914
 -1.78859
 -0.769534
 -0.127584
 -1.43462
 -1.36584
 -1.99031
 -2.62596
 -1.10186
 -2.1213
 -1.77615
 -1.27644
 0.428308
 -1.26068
 -2.14014
 -0.243813
 -1.45239
 2.28102
 -2.28584
 1.28231
 0.669246
 1.56727
 1.10055
 2.24607
 -0.326582
 0.863246
 -1.84048
 -0.703258
 0.141053
 0.0648749
 -0.114229
 -1.54448
 -0.448344
 0.91081
 0.829543
 0.257579
 -1.27078
 0.00918007
 -0.20535
 -0.895531
 -0.45914
 -0.533069
 -1.66496
 -0.295487
 -0.832815
 -0.495509
 2.48972
 0.679826
 1.18122
 -0.305342
 0.739091
 0.205807
 -2.31283
 -1.87886
 -0.432147
 -0.149615
 -3.6046
 -1.12595
 -1.61709
 -0.0967466
 -2.19448
 0.401353
 -1.96493
 0.184406
 -0.410028
 0.342434
 0.176937
 1.48625
 0.918591
 1.69399
 0.127447
 2.10756
 -1.2496
 2.22317
 -0.393988
 1.98674
 0.203061
 3.42372
 2.10251
 2.84651
 1.51098
 1.77351
 1.89536
 -0.450835
 0.842694
 -0.491141
 0.0187687
 -3.62739
 -1.80742
 -1.69286
 -2.39997
 0.0989346
 -1.04078
 -3.04503
 -1.47075
 -1.40778
 -2.24362
 -0.963112
 -2.75236
 -1.13139
 -1.76851
 -0.160063
 -0.0959331
 -3.05823
 -1.48
 -1.71248
 -1.2239
 -1.65324
 -0.895274
 -1.12134
 1.97702
 -0.724558
 1.32245
 -0.632362
 0.454598
 -0.521451
 0.0484819
 -3.28354
 -0.861818
 -1.44814
 0.0708635
 2.50808
 -2.00626
 -0.635666
 -1.59652
 -0.990449
 -0.654501
 -1.95484
 -1.4005
 -2.43027
 -0.991583
 -2.20217
 -2.93962
 -0.980137
 -1.33473
 -1.87389
 0.308883
 -0.0010279
 1.41911
 0.211183
 0.69512
 0.167449
 2.94891
 0.383781
 2.68788
 -0.268143
 1.64158
 0.116339
 0.794187
 -1.15496
 -1.76024
 0.338285
 0.316619
 -0.130791
 -1.3287
 -1.95448
 -1.72583
 -1.64389
 -1.26561
 -1.09599
 -0.178584
 0.512373
 0.994592
 -0.606001
 0.132904
 -0.900882
 1.30379
 -0.631165
 0.18864
 -0.97618
 -0.857201
 0.468045
 -0.614786
 0.201036
 0.161158
 0.549696
 1.62305
 2.42504
 -0.48104
 1.34333
 -1.35683
 1.13157
 0.242014
 1.50189
 1.05014
 1.89447
 -0.0432603
 -0.129224
 -0.212477
 0.642188
 -1.12332
 -1.74797
 0.285268
 -3.05262
 -0.149288
 -3.12778
 0.837969
 -3.16826
 -1.29787
 -2.46349
 -1.31235
 -2.30602
 -1.58049
 -1.09503
 1.92487
 2.71444
 1.60773
 -0.162284
 1.20704
 0.0545859
 -0.020375
 -1.52167
 -0.388983
 0.093736
 -1.07696
 -1.33294
 0.952535
 4.28506
 -0.751768
 3.86694
 0.350275
 2.32459
 -0.0424832
 -0.0555585
 2.31961
 -1.87184
 2.49328
 -2.34199
 1.54233
 -0.996377
 0.747381
 1.00495
 1.21258
 1.13918
 0.987756
 -0.747937
 0.474226
 -2.48918
 1.14049
 -3.2044
 1.0173
 -0.43331
 1.0515
 2.23885
 0.380968
 1.33159
 -0.0197281
 1.46219
 -2.00716
 -0.578636
 1.36864
 0.719696
 1.68417
 0.214954
 -0.736916
 1.49841
 0.608408
 -0.374542
 -0.225229
 0.715487
 0.475502
 -1.00871
 -1.69761
 2.37882
 -1.00344
 2.22012
 1.50802
 0.735292
 1.39932
 2.11569
 -2.28559
 2.86361
 0.459961
 4.89098
 4.68502
 2.8097
 3.75973
 -1.05149
 -0.226528
 -3.61663
 -1.97271
 -2.80877
 -1.12381
 -0.759286
 0.287134
 2.09002
 0.741134
 0.0888851
 2.23433
 2.84884
 -1.77851
 0.795719
 -1.50113
 -1.0267
 -0.760478
 -1.41508
 0.556589
 1.21834
 1.45939
 2.04668
 2.27975
 1.51053
 2.04303
 1.44314
 2.58976
 4.10622
 -0.717983
 1.88254
 1.10033
 0.162697
 3.39573
 -0.620205
 1.36267
 -0.301369
 0.481472
 1.39745
 1.31069
 1.39072
 2.90957
 3.09267
 3.0198
 2.06564
 2.2977
 0.771482
 1.27092
 -1.39841
 1.42538
 -2.88215
 -1.81426
 -0.818645
 0.26122
 -1.68184
 0.631452
 -0.595858
 1.66919
 -0.343746
 -1.43415
 1.85702
 0.143785
 -1.68237
 -0.204018
 -1.89941
 -2.2666
 -2.80216
 -1.64537
 -2.65062
 0.22822
 -2.15091
 -0.516808
 -1.68042
 -0.946501
 -0.541115
 0.0515416
 2.77367
 0.431833
 1.06428
 1.29208
 -0.167966
 0.409805
 1.17648
 0.871898
 -1.06728
 0.615435
 -0.372033
 -0.27049
 0.328979
 1.6245
 1.57133
 -0.808297
 -1.81223
 -2.44074
 -0.549086
 -2.20103
 1.35127
 -1.35998
 -0.191133
 0.0621892
 -1.28497
 0.879796
 -0.188322
 0.540666
 -3.06208
 1.3034
 -0.635676
 -0.478955
 -0.93977
 -0.31894
 -1.29141
 -0.911075
 -0.760537
 -1.09456
 -2.60438
 0.306383
 -0.434299
 1.49189
 -0.478221
 -0.016384
 -1.09149
 0.118493
 -0.383834
 -1.11295
 0.686807
 -0.820245
 -0.282285
 0.119359
 0.779073
 -0.915392
 1.41239
 -0.464109
 -1.01856
 -0.737545
 -3.81425
 -0.482654
 -4.15903
 -0.073471
 -1.28601
 0.39018
 -0.530135
 -2.30634
 -0.0523634
 -1.76641
 -2.77541
 -3.28203
 -3.72616
 -2.84105
 -2.15544
 -2.97358
 -1.68498
 -0.551377
 0.352366
 -1.66336
 -0.592913
 -1.31946
 -1.33865
 -0.397132
 0.322136
 0.860903
 0.726602
 0.694495
 -0.292488
 2.50802
 1.72208
 2.46341
 1.29839
 1.78117
 -2.19096
 -1.12146
 0.643774
 -0.881335
 3.04282
 -1.80506
 1.58736
 -1.96038
 -0.738396
 1.40476
 1.18084
 1.40666
 0.92274
 2.34251
 0.716664
 1.02722
 1.39288
 -0.680061
 0.864381
 0.49266
 0.145254
 1.01333
 1.73148
 0.634949
 1.25911
 1.10218
 1.98185
 1.65787
 1.96129
 2.07796
 0.194313
 1.75093
 1.21835
 0.585261
 -2.99488
 -0.901693
 -1.40827
 -0.461564
 2.4334
 -0.428832
 0.197537
 -0.658868
 1.45966
 1.98721
 -0.146275
 0.918439
 -0.438981
 0.297331
 -0.20844
 -0.828712
 -0.119853
 -1.57458
 -1.38232
 -0.313146
 0.554464
 0.0482472
 0.662097
 -0.664909
 0.209838
 -1.12549
 -1.08617
 -1.25127
 -0.155263
 -0.337755
 -0.297041
 0.782907
 -1.22817
 -0.479293
 2.8087
 -1.45623
 3.56033
 -1.0147
 1.66451
 0.285211
 2.63433
 -0.597124
 2.2371
 -0.143845
 0.599694
 1.06485
 0.813211
 0.741576
 3.83119
 1.15165
 1.90189
 3.29127
 1.45182
 0.0620969
 2.53732
 -1.42026
 2.34876
 -2.31995
 1.04854
 -3.06669
 1.5635
 -2.3232
 1.19012
 -0.609141
 1.42781
 -2.77041
 1.6623
 -2.22868
 0.683459
 -0.620717
 1.20999
 -0.382907
 0.338755
 -0.681106
 -1.65286
 2.10368
 0.543324
 0.833747
 -0.586121
 1.09786
 -0.931254
 -1.37056
 -0.0210002
 -2.14134
 -1.93996
 0.240296
 0.964978
 -0.716699
 0.980424
 -0.0417475
 -0.977197
 -0.0392609
 -0.796267
 -0.882915
 -1.85046
 -0.613052
 -0.521768
 -2.44654
 -0.522181
 -1.12979
 -0.186953
 -0.723852
 0.535285
 2.51769
 1.53395
 0.93727
 -0.151141
 -0.00158368
 -0.487683
 0.665057
 0.167818
 0.365608
 -1.23852
 0.341025
 -2.21417
 -0.371403
 -2.65665
 -1.28649
 -1.87782
 -1.41494
 -2.20168
 -0.445802
 1.42078
 1.97874
 -0.0106216
 -1.26017
 -1.22041
 -4.10372
 1.20667
 -3.06
 -0.968892
 0.0328894
 -0.341808
 -1.62357
 -2.21806
 -0.197932
 -0.461377
 -1.73247
 -0.57412
 0.163694
 -0.462991
 -0.203356
 0.845215
 0.919627
 -0.222184
 -1.57256
 2.49242
 0.986989
 1.05855
 2.65451
 -1.57018
 3.59856
 1.18076
 0.642317
 0.565082
 1.82649
 -0.237801
 1.9948
 0.0827267
 1.41868
 0.40763
 -0.853858
 -1.43791
 -2.08803
 -1.60363
 -1.87608
 1.66361
 -1.19336
 -2.29465
 -0.908259
 -1.60672
 1.86409
 -0.320537
 1.3845
 1.75044
 1.96823
 1.72042
 1.24813
 2.17788
 3.5006
 2.59744
 2.95926
 3.96867
 1.87716
 2.91726
 1.97065
 1.66905
 1.01494
 2.32027
 0.159896
 1.0586
 0.45862
 -1.3782
 0.0566996
 -1.07929
 0.0983946
 -0.886539
 -0.460642
 1.7722
 0.765663
 1.2309
 -0.466641
 -1.19039
 -2.42205
 0.960828
 0.698086
 0.47245
 0.20013
 -0.966296
 0.863684
 -0.00511051
 1.84985
 -1.81144
 0.879688
 1.14841
 2.04136
 1.32414
 1.3869
 -0.484351
 0.684668
 0.883344
 0.948518
 0.770845
 0.752984
 1.44633
 -0.432131
 -0.873151
 0.56751
 0.837211
 0.917583
 -0.532263
 -0.763271
 -3.13825
 -2.06065
 -2.60688
 -3.21138
 -2.0147
 -2.9233
 -0.940211
 -0.00543003
 -1.05634
 0.879258
 0.480501
 3.17429
 -0.672537
 2.96681
 -0.582593
 3.3678
 -1.16483
 3.9706
 -1.32471
 2.99596
 2.43828
 2.06144
 1.57217
 0.890291
 -0.39599
 -0.568463
 -1.02152
 0.151467
 -0.515179
 2.07054
 0.0244355
 -0.507377
 -2.4505
 -1.28542
 -2.16973
 -0.183581
 -1.19261
 1.02805
 -0.60745
 -0.0966935
 -0.543524
 0.592878
 2.31164
 3.8941
 3.09696
 -0.396019
 0.852961
 1.92864
 0.699441
 4.17772
 -0.803425
 2.79779
 1.59758
 -0.69161
 3.20808
 1.31926
 3.2735
 1.30276
 1.92359
 0.920309
 2.3992
 -0.255985
 0.504589
 -0.460631
 0.500744
 1.15567
 -0.163104
 1.33841
 -0.546419
 3.96156
 1.40072
 5.16432
 2.87091
 2.88847
 0.599387
 1.34531
 0.676379
 -0.760612
 1.27242
 1.01956
 1.69602
 1.48568
 1.17856
 1.11044
 1.54859
 -1.6218
 -0.161143
 1.04263
 -1.0435
 -0.329964
 -1.6616
 2.28646
 -0.337608
 1.11054
 -1.08157
 0.496586
 -0.544627
 -0.468888
 -0.110304
 -1.29838
 -0.0825143
 -1.10287
 0.278735
 1.5992
 -0.0840607
 4.02606
 1.14276
 -0.517687
 1.60705
 0.337107
 -1.02247
 -0.622123
 -1.70374
 0.835966
 0.983498
 0.974464
 0.377714
 2.2161
 0.543632
 1.40634
 0.0369984
 -1.38651
 0.303193
 0.304554
 -0.91106
 0.416071
 -0.282181
 0.945828
 1.33118
 1.92314
 1.60076
 0.0633856
 1.4195
 -2.79538
 -0.471848
 -0.715128
 -1.62452
 -0.629905
 -0.572493
 -0.177213
 0.282207
 0.216948
 2.69076
 0.217799
 1.89506
 1.58314
 0.925806
 2.93152
 1.07245
 1.25183
 1.7427
 1.92747
 -2.47027
 2.88632
 -0.988941
 0.893552
 -0.0841593
 2.81348
 1.91496
 -0.000952184
 0.831971
 1.83246
 0.694056
 3.73523
 1.65966
 0.585091
 3.53619
 0.20982
 2.02636
 1.45875
 1.50761
 1.11172
 1.32985
 0.96959
 0.984349
 1.20231
 -1.46839
 0.0431718
 0.615963
 -0.735727
 0.664401
 -1.01732
 -1.01414
 -1.14789
 -0.598507
 -1.44219
 -0.543291
 -0.621418
 -1.55983
 -1.07281
 -2.43004
 -2.85292
 -2.94189
 -0.496734
 -0.799422
 0.0724265
 0.0366691
 -1.49759
 -0.444358
 0.721327
 -0.786244
 4.22302
 -0.918612
 1.10415
 -2.45225
 1.12566
 -0.246539
 0.995771
 -0.643996
 0.694906
 1.21473
 0.721608
 1.85828
 1.28585
 -0.426467
 4.30457
 -0.794265
 0.539254
 -0.566372
 -0.624465
 2.89196
 -1.98694
 -0.589816
 -0.234198
 1.4472
 -0.383736
 -0.935248
 -1.26397
 0.205593
 -0.28953
 -1.01956
 -4.00205
 -0.398713
 -3.39907
 0.130586
 -1.62147
 0.00102771
 -0.549961
 -0.409398
 -0.782343
 -1.65867
 -1.47882
 -1.39662
 0.423585
 1.68361
 -2.24234
 1.65324
 1.86806
 1.30701
 1.8024
 0.068115
 -1.09729
 -0.529364
 0.448692
 -1.45635
 0.965329
 0.730991
 1.154
 1.16968
 1.38449
 1.33552
 4.46186
 -1.12217
 1.50754
 -2.1101
 1.85799
 -2.71844
 -0.378503
 -1.40931
 1.244
 1.01677
 0.567821
 1.5271
 3.99104
 1.07773
 0.80079
 0.370267
 1.26976
 -3.31886
 2.36684
 -0.460535
 0.952174
 -1.10206
 -0.204744
 0.502276
 -2.17703
 1.88908
 -2.30175
 0.306236
 -2.9049
 0.904969
 -0.681602
 1.77924
 -0.241652
 0.385044
 1.0787
 2.59466
 -0.899046
 0.909819
 1.28249
 -0.378193
 0.410591
 -3.62547
 -1.36359
 -0.469833
 0.0706783
 -0.808937
 -1.85074
 -1.9145
 0.415185
 1.28292
 0.886848
 -2.84665
 2.4177
 -2.43785
 2.22262
 -2.37118
 -0.451835
 -0.653127
 -0.544102
 -1.86333
 3.04326
 -1.53782
 2.98614
 0.0967717
 1.45052
 -1.78418
 -0.718882
 0.833189
 0.254784
 1.63353
 -2.63486
 2.37925
 -1.62835
 0.547345
 -2.4459
 0.274186
 -0.727935
 2.96999
 -1.48274
 -0.700154
 -2.44306
 -3.30347
 -0.934317
 -4.65332
 -2.84078
 -3.41324
 -0.307679
 -0.810817
 1.42645
 -0.686304
 3.11574
 -0.191104
 1.7439
 -1.16199
 -0.322989
 0.19838
 -0.203755
 1.9481
 -0.305639
 1.8558
 0.397317
 0.663673
 0.12907
 -0.695988
 2.6833
 -1.82167
 -0.157782
 -1.72077
 0.277685
 -0.905342
 -0.333593
 -0.692482
 -0.353324
 -1.41091
 1.04016
 -1.74949
 1.44257
 -0.293063
 0.908339
 2.42977
 1.30999
 2.04721
 -0.0854033
 -2.09002
 -0.757998
 -3.75028
 -0.0616904
 -3.67289
 -0.0548535
 -3.9463
 -1.99242
 -0.856779
 0.294025
 0.556303
 0.781467
 -1.69105
 0.778438
 -0.619162
 2.40204
 -2.01024
 1.89327
 -0.0564651
 -0.0403332
 -0.624249
 -1.80795
 -0.746353
 -0.853241
 -1.06025
 0.290404
 -1.97469
 -0.619579
 -0.189801
 -1.50481
 0.483632
 1.28716
 -0.824047
 -0.44548
 -0.300897
 0.326774
 0.596068
 -1.00751
 1.30845
 -2.63776
 2.16303
 -0.906592
 -0.110959
 -1.40555
 0.532424
 1.16326
 0.407231
 1.1784
 0.499652
 1.44189
 -1.69427
 0.27301
 0.615917
 -0.848627
 1.22777
 1.26551
 0.146594
 0.59316
 -0.635573
 0.782235
 -2.89026
 -0.178398
 -1.15725
 -1.96706
 -2.3393
 -0.597219
 -1.14605
 -0.225818
 -1.3675
 -0.366143
 0.406786
 0.506723
 0.634027
 0.186472
 0.736697
 -0.252257
 0.172587
 -1.48652
 -2.144
 -2.57125
 -3.6374
 -2.23773
 -1.5143
 -2.16645
 -0.546173
 -1.68709
 -0.587451
 -0.0117978
 -2.21983
 0.73032
 -0.155605
 0.708023
 -1.18783
 -1.90845
 -3.15112
 -1.02564
 -1.08667
 -4.04936
 -0.155458
 -1.84326
 -0.853245
 -0.353743
 -0.0696542
 0.982708
 1.02004
 0.0356389
 -0.206937
 -0.0850124
 -0.179882
 -0.711168
 0.161265
 0.33093
 -1.12729
 -1.80579
 -4.87645
 -2.75949
 -3.83346
 -1.9411
 -1.75264
 -0.764338
 -1.29093
 -1.18776
 -1.43442
 1.42021
 -0.309947
 -0.336322
 -0.674933
 0.800201
 -0.939223
 2.84332
 1.65575
 0.992988
 1.00377
 -0.231861
 -0.807006
 -0.0131537
 -0.132893
 -1.24319
 3.41164
 1.29951
 1.38741
 -0.640073
 1.00152
 -3.02955
 0.0636336
 1.29994
 1.79078
 0.122033
 1.29747
 0.395079
 -0.207524
 -0.988849
 1.12973
 1.2589
 -2.98477
 -3.30041
 -1.76785
 -2.33455
 -0.62103
 -0.432708
 -1.84798
 1.25319
 -0.529446
 1.59577
 1.90573
 3.1733
 2.84595
 1.44487
 -0.69752
 -1.19717
 -1.87199
 -0.0586503
 -2.01682
 0.838418
 -3.16378
 1.45992
 -0.184741
 0.41843
 -2.85723
 0.0820342
 -0.735043
 -0.291776
 -3.28539
 2.12899
 -2.28744
 -0.342596
 -0.259035
 -0.597297
 0.75307
 0.618257
 -0.95721
 1.06367
 -0.283135
 0.0182262
 0.259117
 1.76842
 -1.335
 -0.763374
 -1.51032
 -1.56579
 -0.512912
 1.23733
 -0.569154
 -1.80161
 -1.36819
 -0.886013
 0.0687552
 0.249642
 0.0727393
 4.11065
 1.01476
 1.12233
 -1.4251
 0.229647
 0.195558
 0.393765
 -0.814825
 1.88981
 -0.0392602
 3.42538
 -1.43516
 2.40798
 -2.28794
 2.12361
 -0.448936
 3.54929
 1.40572
 0.955719
 1.66216
 1.3369
 3.60216
 0.698522
 -1.21139
 0.494484
 -0.270125
 0.141901
 0.630045
 -0.432924
 0.15003
 1.18848
 0.274088
 -0.09899
 0.376007
 -0.202169
 -1.92153
 0.213764
 -0.961282
 -0.0730213
 -0.0433404
 -1.51153
 -0.304319
 -0.882286
 -0.00405903
 1.35639
 -1.02034
 -0.330609
 -0.739345
 -2.3047
 -0.184281
 -3.13513
 0.413416
 -3.6323
 -2.14116
 -2.20758
 -0.450026
 -1.5234
 -0.210604
 -0.75326
 1.3375
 -3.04422
 1.43111
 -2.54041
 1.09244
 -3.14104
 -0.0392376
 -0.453557
 0.848945
 1.6043
 -0.198729
 0.73719
 0.263598
 1.73318
 0.0311218
 3.89716
 2.02344
 2.23148
 0.500044
 1.15759
 0.781457
 -2.14663
 -0.034757
 0.821085
 1.54893
 -0.383719
 1.57203
 -0.851727
 2.4609
 -0.102567
 -1.4774
 1.56434
 1.42491
 -1.28277
 0.0838179
 1.89513
 0.688632
 0.684351
 1.26288
 -0.342203
 0.535865
 -3.5837
 1.52547
 -2.00294
 2.04363
 -1.65344
 2.25711
 1.25875
 1.7555
 0.958926
 1.78178
 -0.150837
 1.03637
 0.490516
 -0.834009
 -0.227648
 0.330042
 1.22501
 -0.451783
 0.184092
 -1.22077
 -0.115168
 -1.4646
 -0.495412
 -2.0654
 -0.769707
 -2.3049
 -0.730733
 0.519614
 -0.792012
 -0.399665
 -0.196993
 -1.38378
 0.0937141
 -0.294071
 0.466556
 0.904818
 0.699617
 -0.755374
 -0.118728
 -0.615064
 -2.65834
 -0.710384
 -0.849142
 -0.324737
 0.725593
 1.2478
 -0.239406
 -0.78422
 0.802631
 -0.0887665
 -0.203987
 -1.56491
 -3.27168
 -1.44138
 -2.07455
 -1.67979
 -1.71765
 -0.814988
 -0.145221
 -0.503856
 -0.149595
 0.288786
 1.94516
 2.00038
 -0.794622
 1.43591
 1.27101
 1.61822
 -0.0825951
 2.9419
 -0.605898
 0.392497
 -1.26276
 0.245179
 -0.295363
 -2.31164
 -1.86393
 -2.89208
 -1.39306
 -4.94322
 -1.69144
 -2.71988
 -1.32989
 -0.194319
 -1.03515
 0.867635
 -2.51551
 -0.319959
 -0.240096
 0.570179
 -0.335019
 2.08532
 2.72482
 0.739348
 -0.644833
 1.61048
 -0.0104913
 0.85016
 -0.574665
 1.0005
 -0.243081
 -0.26816
 1.25888
 -0.376154
 -0.841603
 -0.840496
 -0.781834
 -0.517342
 -1.58615
 0.528469
 1.51873
 0.0658257
 0.232289
 1.06579
 0.206445
 -1.1443
 -0.630285
 -0.60936
 0.303422
 0.410478
 -0.746818
 3.01252
 0.914163
 1.85964
 -0.459207
 0.855617
 -1.33147
 2.42441
 0.524896
 0.768172
 0.0203196
 -0.0282749
 0.336276
 -0.304454
 -0.770599
 0.916109
 0.185609
 1.58747
 -0.56079
 0.366891
 1.1573
 -2.27731
 -1.32199
 -1.45605
 -2.16483
 0.881482
 -0.534588
 3.55791
 0.231988
 1.45129
 2.22634
 1.3388
 2.9011
 2.31108
 2.49643
 0.337304
 0.983927
 0.520732
 -1.06204
 1.15733
 0.614345
 -0.238562
 0.636258
 0.777608
 -1.22162
 -1.01204
 -0.615909
 2.43446
 0.1238
 4.37701
 2.71395
 1.43423
 0.20535
 0.735031
 -3.24731
 -1.22796
 -2.81969
 -1.34078
 -0.00279987
 -0.610935
 0.486454
 -1.84518
 -1.31494
 -0.226838
 -2.99381
 -0.142918
 -1.20163
 1.19638
 0.451072
 0.841623
 1.76808
 0.977641
 -0.506715
 -0.0208634
 0.785152
 -2.47201
 0.268871
 -0.969843
 -2.35894
 -5.40766
 -2.51041
 -3.9803
 -1.27558
 -0.708769
 -1.64851
 -0.202278
 -1.87688
 -0.727394
 -1.14719
 -0.608924
 -0.254032
 -0.510705
 1.6493
 1.3405
 1.30713
 1.55739
 1.2478
 1.46648
 2.1634
 2.59166
 3.307
 1.76005
 1.07297
 -0.853113
 -0.17092
 -0.911846
 -0.151219
 -0.803113
 2.49013
 0.487994
 0.640659
 -0.227029
 1.37372
 1.01459
 -0.0674877
 -1.00324
 -0.754368
 -1.08604
 0.636394
 -1.37299
 0.546218
 -0.23344
 0.821711
 2.38719
 0.648397
 1.21642
 1.33218
 0.980401
 -0.692421
 -0.38689
 0.635151
 -0.3711
 -0.233475
 0.681339
 -2.11049
 -2.59818
 -1.41276
 -2.83978
 -3.19718
 -1.49636
 -3.86373
 -2.73285
 -3.09641
 -3.0406
 -1.35389
 -1.24657
 1.20579
 -0.557626
 0.81537
 2.49351
 -0.302913
 0.997814
 1.13843
 0.992314
 0.69909
 3.15817
 2.43975
 2.79641
 2.20631
 4.48139
 2.97216
 3.3944
 0.196809
 3.69696
 1.0754
 -0.357787
 0.917195
 0.934845
 -1.2537
 1.12778
 -1.14422
 -0.673256
 -2.06986
 1.77703
 -0.618828
 1.53087
 -0.214889
 0.944515
 -0.345445
 0.210402
 0.00483435
 -1.00228
 2.85165
 -1.56177
 0.548077
 0.413381
 0.968424
 -0.628655
 0.925721
 1.29081
 0.85446
 2.3858
 1.72039
 0.749706
 -0.570171
 -0.315413
 -1.23672
 1.30593
 -2.21599
 -1.19194
 0.369761
 -2.00521
 -2.30955
 -0.757063
 -1.52377
 1.06771
 -1.67645
 0.428616
 -0.606352
 2.96871
 1.43565
 1.71289
 1.85479
 -0.134062
 1.74823
 1.21772
 1.25709
 1.27101
 2.42987
 1.76376
 2.0475
 1.41206
 1.08668
 1.44388
 -0.640042
 3.89834
 -0.971537
 1.78517
 -0.289999
 -2.02958
 0.347424
 -1.90469
 -1.17254
 -2.97937
 -0.64873
 -1.38927
 1.77205
 -2.66398
 -0.953945
 -0.968738
 -4.12238
 -1.90347
 -1.83891
 -0.980857
 -0.87706
 -0.902946
 0.0211402
 1.0103
 1.04912
 1.10572
 1.53138
 -2.6958
 -1.72016
 -4.84089
 0.0915669
 -1.78968
 1.5901
 -1.40706
 -1.62136
 -0.844656
 -0.563589
 0.865499
 -1.65362
 -0.183449
 1.02852
 -0.50918
 3.26045
 0.705384
 0.949287
 -0.351959
 -0.434221
 -2.10366
 -5.10602
 -2.73656
 -2.91283
 -1.59279
 -0.864542
 0.304601
 -0.981712
 -0.705156
 -1.11777
 1.07739
 -0.478974
 0.594057
 -0.606285
 -0.491227
 -0.834732
 -1.59066
 -1.34782
 0.456686
 -0.791611
 -1.73475
 -2.30068
 -0.605866
 -2.05855
 -2.83103
 -5.30872
 -2.33888
 -2.77604
 -3.32984
 -1.38715
 -2.23172
 -0.582624
 -0.592651
 1.06315
 1.2182
 1.68387
 2.48467
 0.583338
 -2.07992
 0.126236
 -3.33197
 0.925397
 -2.00599
 -0.968222
 -0.486864
 -0.875362
 -1.31418
 -2.53143
 0.143854
 -2.01714
 -0.476918
 1.28587
 -0.115153
 -1.47936
 -0.593915
 0.497078
 -0.0972512
 0.155617
 -0.483681
 1.4644
 -0.468204
 1.78207
 -0.691131
 1.16934
 1.89801
 1.22227
 -1.51427
 2.04984
 0.262172
 0.906195
 -0.49161
 0.482871
 -0.196322
 -0.00379824
 1.64909
 -2.05425
 2.29952
 -1.14856
 -1.30541
 0.495187
 0.716565
 0.360567
 -1.6647
 -1.11995
 1.07692
 -1.93455
 -1.18637
 -2.01628
 -0.863582
 -1.67466
 -0.142749
 -2.16341
 -0.0800301
 0.403019
 0.794157
 0.768113
 0.813685
 1.62531
 2.41983
 -0.156561
 0.688677
 -0.744067
 1.18751
 -3.08379
 1.18608
 0.455324
 0.619588
 0.85769
 -0.745238
 0.3169
 -1.53919
 -0.615819
 -0.627537
 1.12078
 1.42503
 0.225733
 -1.78463
 -1.29456
 -0.920755
 -1.48573
 0.0130996
 1.79799
 -1.19673
 1.52428
 1.12279
 1.8205
 -2.71391
 0.982177
 -0.831856
 -0.431434
 -2.69041
 -1.89181
 -2.11425
 -1.15055
 -1.96628
 -3.41542
 -1.77737
 0.167071
 0.146551
 0.556449
 -3.42271
 0.490637
 1.36551
 -0.676324
 -0.583635
 -0.125079
 -1.46627
 0.279094
 -1.24486
 0.657112
 -1.96474
 1.08752
 -2.72756
 0.576849
 -1.27076
 0.931683
 1.38231
 0.797097
 -0.926573
 -0.246409
 -1.69856
 1.0622
 1.76061
 1.38289
 1.24155
 1.90986
 0.303453
 4.04544
 0.0606946
 2.726
 2.15944
 4.39604
 -0.137412
 1.4334
 2.29594
 1.97984
 -0.669815
 -0.302529
 -1.02008
 -1.3992
 -0.270285
 -0.782188
 -0.697981
 -1.66958
 1.25482
 -1.32914
 0.231362
 -1.75451
 0.762143
 0.399943
 -0.99081
 1.75167
 0.376743
 2.01153
 -2.5395
 2.56997
 -1.72706
 -0.120572
 -0.0586252
 -3.56343
 -0.454797
 -2.32578
 -0.758175
 -2.08817
 -1.5197
 -0.329113
 1.54268
 0.616851
 3.94696
 -1.23578
 2.80426
 -1.17883
 2.44397
 -2.25111
 -1.10761
 -0.59229
 -1.93183
 -0.66881
 -2.05656
 -0.740377
 0.340444
 0.364118
 -1.60673
 -1.85971
 -1.31016
 -3.93001
 -2.16991
 -2.85921
 -1.55514
 -4.66049
 -1.93797
 -1.54081
 -1.07897
 -3.96941
 -1.36632
 -1.97883
 -0.58985
 -2.09859
 0.060189
 -0.790842
 -0.604598
 0.741351
 1.6041
 3.66734
 -0.551069
 0.168167
 0.00198891
 1.35104
 1.57856
 1.00609
 -0.495924
 1.55733
 -1.8974
 0.505244
 0.202264
 0.956564
 -0.334071
 -0.084873
 0.773868
 0.104365
 -1.04671
 0.2199
 0.47436
 1.43604
 0.417703
 1.1841
 0.51238
 -1.08221
 3.12753
 1.38602
 1.95339
 0.639159
 -1.06191
 0.452877
 -1.40177
 0.239926
 -0.14869
 0.611855
 -1.1938
 0.13742
 -3.48079
 -1.34893
 -0.501619
 -1.81137
 0.537399
 -2.74923
 -1.33931
 0.251012
 -3.73854
 0.490196
 -1.1746
 -1.43114
 -0.771824
 -0.552708
 0.973359
 1.91101
 -2.49724
 0.515879
 -2.67506
 -1.61374
 -2.82378
 0.0116757
 -0.985794
 0.316855
 -0.79428
 -0.660445
 -1.02703
 -0.800726
 -0.722548
 1.04364
 -0.89088
 1.05693
 -1.28499
 -0.195299
 1.32959
 1.38121
 -0.0116793
 1.55511
 1.73834
 0.613006
 1.57339
 1.71277
 0.193078
 -1.34449
 -0.505151
 -0.410672
 1.18897
 -0.0346469
 -0.97555
 -1.29849
 -1.62213
 -1.54028
 -0.438923
 -1.32036
 -0.840693
 -1.10871
 -0.217784
 -0.521862
 -1.712
 -2.48784
 -0.801219
 -0.635555
 -1.48677
 -0.332116
 -0.206275
 0.492619
 -1.14234
 -0.344326
 0.0738308
 -1.28647
 -0.118412
 -0.618486
 -1.55898
 -0.508224
 0.342034
 0.57598
 0.960312
 3.08328
 -0.879059
 0.482137
 -0.0187351
 1.70331
 0.272238
 -2.45766
 -1.5706
 -2.60667
 -3.47382
 -2.90002
 -2.93445
 -3.40701
 -0.662525
 -3.19428
 -1.34056
 -0.802074
 0.697769
 -1.07642
 0.127037
 0.430281
 -0.382777
 0.460966
 0.982804
 0.524933
 0.16253
 0.642458
 1.74368
 1.95689
 1.86132
 -0.759965
 1.33647
 0.112657
 0.64081
 1.32466
 0.0795174
 -1.14747
 -2.00416
 -0.949813
 -2.36294
 -0.295005
 -1.6263
 -1.0684
 -0.357011
 -4.00494
 0.367716
 -1.69273
 -0.544039
 0.910478
 0.403677
 4.21891
 1.04085
 1.00649
 -0.0709723
 2.10331
 0.323116
 0.849125
 1.33574
 1.80854
 -2.30499
 2.05027
 -0.134202
 -1.37392
 -3.08582
 -1.73297
 0.36913
 0.979946
 0.272105
 0.0862356
 0.0533737
 1.58352
 0.328282
 1.84369
 0.381746
 0.870518
 1.42974
 -0.537922
 -1.47932
 0.907116
 -1.19742
 -1.81082
 1.45904
 -0.520521
 -0.492492
 -2.01331
 -0.101105
 -1.2139
 -0.152678
 -1.60277
 -0.620452
 -1.43688
 -0.190016
 -2.32866
 -0.342344
 -0.780517
 -1.83636
 -2.32724
 -2.7082
 -2.06397
 -1.63371
 -2.1156
 -0.156843
 -0.607938
 0.171327
 0.825508
 1.3077
 -0.182369
 -1.3377
 0.0665901
 -0.189555
 -1.3947
 -1.85245
 -0.237131
 0.90501
 -0.218344
 -0.371466
 2.43697
 0.820989
 2.03047
 1.37735
 2.48701
 1.09289
 -0.911613
 -1.2143
 -0.641951
 0.254988
 -0.649237
 0.109332
 -1.95287
 0.449682
 -0.0027309
 0.434207
 -0.620125
 -1.40939
 -1.92102
 -0.598883
 0.0906526
 -1.6153
 -2.83638
 -0.0220586
 -0.235251
 -0.0671303
 -3.99888
 -3.33444
 -5.23644
 -0.235503
 -4.34701
 -2.59981
 -1.18787
 -1.05705
 -0.537374
 -1.75049
 -1.85944
 -0.824949
 0.636725
 2.35899
 0.840274
 1.15295
 2.14374
 0.0083672
 0.824256
 -1.14516
 1.39403
 1.88034
 0.523312
 -2.93339
 1.45423
 -2.89041
 -0.645539
 -4.05023
 -0.120005
 -1.6423
 -0.493116
 -1.4569
 -1.76431
 -0.838398
 -1.59997
 -0.971764
 -1.97535
 -1.41337
 -0.524825
 -1.55824
 -0.822014
 -0.822407
 0.167062
 -3.69031
 0.497715
 -3.25624
 0.869762
 -3.35673
 -0.359355
 -1.17781
 -2.75578
 1.18416
 -0.774946
 -2.30297
 -0.0387365
 1.64879
 -0.07584
 -0.418656
 -0.214576
 -2.32062
 -0.733626
 -2.76674
 -1.26159
 -1.56166
 -2.77747
 -1.60832
 -2.17918
 -1.37812
 -2.18107
 -0.267038
 1.23832
 -0.301912
 -0.194397
 0.906246
 2.47514
 0.0049957
 1.02412
 -0.982668
 0.31634
 0.616966
 2.30127
 1.87645
 0.649677
 1.42022
 2.69052
 0.50021
 2.53533
 0.0336656
 3.30614
 -1.79486
 0.871771
 0.853056
 2.65371
 0.292782
 -0.141653
 0.346244
 -1.55756
 -0.357863
 -1.56898
 -0.49779
 0.689642
 1.44579
 -0.367628
 -0.185075
 -2.8377
 -0.585435
 -0.675503
 0.6155
 0.303007
 -0.835965
 0.410362
 0.642659
 1.33948
 2.2195
 0.576706
 0.813795
 0.0301173
 -0.862066
 -1.65375
 -0.931418
 -2.57039
 -1.22179
 -0.115334
 -2.90327
 0.527672
 -0.984114
 -0.626618
 -0.0542224
 -1.28992
 -1.34289
 -0.130284
 -0.000571266
 -0.647946
 -0.244224
 -0.859481
 -0.651193
 -1.59013
 -1.70431
 -3.85331
 0.125534
 -1.02107
 -0.544381
 -1.47127
 -1.69043
 1.19779
 -0.560351
 0.439726
 0.307053
 -0.832979
 -0.80394
 1.06732
 -1.24002
 -1.02482
 -0.136448
 0.438483
 1.07498
 -0.984575
 2.14848
 -0.88839
 0.329777
 -0.261011
 -0.0178725
 -0.815473
 -1.24449
 -0.604215
 0.368341
 0.175249
 0.0334527
 0.544318
 1.28311
 -1.08051
 0.0416232
 0.0951881
 -0.0594475
 1.02898
 3.86032
 2.14905
 0.689635
 1.8184
 -2.36126
 -0.124083
 -1.68115
 -0.0919511
 -1.50632
 -2.11244
 -0.79675
 0.0979878
 1.64978
 1.16259
 1.26626
 1.11167
 1.04337
 0.188103
 -0.409558
 -0.378437
 0.418489
 -0.868205
 1.07992
 -0.500582
 0.253712
 2.51046
 0.370096
 1.74048
 -0.229081
 0.505203
 -0.250021
 -0.195996
 -2.42289
 -2.22243
 -1.94408
 -2.86337
 1.41613
 -0.248034
 0.848493
 2.42487
 1.60329
 -0.777004
 0.585399
 0.752939
 0.509017
 -1.2977
 1.0439
 -0.11707
 2.45438
 0.126469
 -0.950819
 2.39375
 -1.49288
 1.43359
 -0.0145695
 0.277367
 -0.786435
 0.509461
 -1.35858
 -0.255082
 -1.13452
 0.540543
 -1.32038
 0.082252
 0.273117
 -0.029567
 -0.827863
 -0.553841
 -0.332454
 -1.55308
 -1.32192
 -1.49329
 1.73148
 -2.35215
 -0.115431
 -1.10969
 -0.441587
 0.620225
 0.775824
 -0.437122
 0.925168
 -1.24909
 -1.55218
 -0.467867
 0.465354
 -0.608198
 -0.229029
 0.830493
 0.793119
 -1.04091
 -2.09672
 -1.91648
 -0.927442
 -2.01632
 -0.506581
 -1.61601
 0.0460719
 0.0587407
 -0.835913
 -0.729384
 -1.91898
 -1.17676
 -0.959772
 -0.797831
 -3.58979
 -1.7995
 -2.90528
 -2.87576
 -0.544693
 0.749356
 2.73402
 1.08998
 4.06826
 2.13674
 0.573753
 1.83484
 2.08578
 1.55112
 1.05336
 -0.765247
 -0.915061
 -0.339938
 0.6435
 -0.344099
 -0.812376
 -2.2405
 -0.826328
 -3.71041
 -1.40934
 -1.32976
 -1.11728
 -2.65131
 -0.704208
 -1.11642
 -0.372175
 0.719604
 -0.283409
 1.12766
 1.09112
 0.418913
 2.0163
 0.366249
 3.48297
 1.11977
 2.41961
 2.84733
 1.83904
 1.64998
 2.24675
 -2.40255
 -0.793972
 0.419852
 -1.83158
 0.846693
 -1.16163
 1.07613
 -0.0130272
 0.686834
 -0.526143
 1.64067
 -0.886675
 0.102458
 1.43746
 -2.62296
 1.67881
 -2.5032
 0.824655
 -0.0910121
 -1.37407
 -1.4306
 -0.0527486
 -0.153306
 0.698429
 -0.868484
 -0.106888
 -2.92309
 2.5907
 -2.1083
 0.891767
 0.142279
 1.14457
 -0.342189
 0.848904
 1.47395
 4.43204
 2.04387
 2.51034
 2.58048
 4.97039
 -0.411234
 4.4115
 1.56091
 2.0957
 2.00258
 1.21724
 -2.04804
 2.27062
 -1.36976
 1.2497
 -0.0999135
 0.719569
 -0.763432
 0.402434
 1.41722
 -2.86717
 2.68927
 -1.93866
 2.31624
 1.3521
 2.75019
 -1.95824
 0.181583
 0.151632
 -0.889439
 -4.23183
 -1.63451
 -1.95861
 -0.361712
 -0.66741
 -0.818869
 -0.9463
 0.121195
 -0.260566
 2.06273
 -1.9206
 1.96877
 -2.36185
 1.38253
 -0.378711
 0.651676
 -0.248498
 -0.547489
 -0.359479
 -4.14324
 -0.905829
 -0.236316
 -1.61413
 0.713033
 -0.260477
 -1.47609
 0.857289
 -0.86576
 -1.86306
 2.84111
 0.836141
 2.72455
 0.0473901
 1.28761
 -0.923242
 0.724371
 3.83553
 2.21742
 2.44678
 1.74353
 1.42842
 1.11077
 0.534676
 -3.1619
 -0.449011
 -3.53506
 -1.82246
 -2.20764
 -1.06754
 -2.01926
 -0.399364
 -0.325923
 0.0564038
 -0.316207
 1.7943
 1.69427
 1.92986
 1.55678
 1.54282
 1.90978
 0.903316
 1.4237
 -3.03762
 2.5399
 0.602667
 0.487722
 1.11944
 -2.03327
 0.105783
 0.505163
 -0.733154
 0.136863
 1.46285
 1.69961
 1.16952
 0.502349
 -1.89634
 -0.548298
 -0.399211
 0.504555
 -1.36199
 -1.78449
 0.711268
 -0.554334
 3.70181
 -1.04589
 -0.698654
 -2.67096
 -2.42087
 1.84163
 0.869635
 2.37637
 1.28309
 -0.608869
 -0.442302
 1.09621
 -0.532726
 0.574204
 -0.994736
 0.777877
 0.252905
 0.400219
 -1.29854
 -0.590947
 0.515742
 1.15803
 0.75464
 0.986559
 1.911
 1.74523
 2.97077
 2.66761
 1.00858
 1.40156
 -0.402035
 -0.166409
 -0.716412
 0.237056
 0.422484
 0.737789
 -3.28817
 1.3115
 -0.970364
 1.8125
 -0.716921
 0.54158
 0.910286
 1.1958
 -0.0192078
 -2.05232
 -2.37586
 -1.3497
 -1.82958
 -1.25235
 -0.297474
 -1.26788
 -0.269454
 -1.43308
 -0.362333
 0.147993
 0.373224
 3.2081
 -1.30509
 -0.40109
 -4.397
 -0.874891
 -1.32065
 -1.54093
 -1.16733
 -1.39849
 -1.2908
 -0.763828
 -1.97029
 -0.811435
 0.185011
 -1.1742
 -1.02606
 -1.38295
 -1.32364
 -2.11244
 -0.519582
 -3.80836
 1.85459
 -0.167916
 2.10751
 -2.04263
 -2.36214
 1.17236
 1.48959
 0.549544
 0.0282192
 1.07457
 1.82133
 -0.631538
 1.01473
 -0.138457
 0.430581
 1.35221
 1.40205
 1.28722
 0.290473
 1.33587
 2.91245
 0.67638
 -0.56151
 1.41156
 -0.400924
 0.451659
 -0.321021
 -0.639904
 0.343341
 -0.512648
 -1.36776
 -0.36506
 -1.06305
 0.0931003
 -0.0061936
 -0.806239
 1.52119
 1.37109
 0.476399
 2.05145
 0.155295
 0.58544
 -0.185211
 1.56961
 1.74646
 1.49791
 0.76161
 0.274126
 -0.0787776
 -0.808707
 0.363746
 -1.27107
 1.3134
 -1.68071
 2.90386
 -1.63942
 0.481557
 -0.391979
 0.302446
 -0.864498
 -0.0758424
 1.6744
 0.0200243
 1.54841
 2.13007
 2.32915
 0.868321
 2.83624
 1.62753
 0.506799
 1.3274
 1.40538
 1.80974
 -0.299832
 1.77815
 -0.647139
 0.0425971
 -0.135273
 1.88791
 -1.01423
 0.31204
 0.844539
 1.47064
 -1.33351
 -0.643163
 1.28968
 -0.0132105
 -1.23713
 -0.446534
 -1.26194
 1.44021
 -1.83425
 -0.685867
 -0.77532
 -2.86519
 1.68267
 -0.602057
 2.19534
 0.640972
 -0.739603
 0.49092
 -1.09931
 -0.706787
 0.643683
 -0.83911
 -0.34313
 -0.548981
 -0.356291
 -0.008748
 -0.411986
 -4.0725
 -0.812929
 -0.989196
 -1.31115
 -2.44835
 -0.257048
 -0.248272
 0.382932
 -0.650486
 1.9233
 -2.8024
 -1.20997
 -0.469574
 4.00166
 3.39408
 2.5109
 2.58613
 2.73683
 1.38662
 -0.193139
 -0.533167
 1.67058
 1.32024
 -0.352903
 0.792011
 1.56044
 1.41392
 1.70602
 0.626983
 3.59668
 -1.44372
 1.74441
 0.648151
 -0.102222
 0.856706
 -1.20704
 0.79639
 -0.458933
 -0.941376
 -0.132775
 -1.27071
 -0.488797
 0.912541
 -0.35477
 2.62277
 0.693882
 1.37095
 0.169279
 -0.545816
 1.45533
 -0.428121
 0.697181
 -0.902472
 -0.623148
 0.489203
 -1.72482
 1.1036
 -0.514635
 -2.29293
 -2.62357
 0.248908
 -1.44945
 0.189162
 0.693781
 0.487698
 -0.792471
 0.730462
 -0.847467
 0.496553
 -0.727529
 1.59364
 -1.8565
 1.14627
 0.915998
 -0.419011
 -0.0901927
 1.16037
 -0.759318
 -1.30297
 -0.293321
 0.869367
 -0.310016
 0.372035
 -0.902868
 0.344065
 -1.07625
 2.21442
 -0.106574
 0.797292
 0.371591
 0.684336
 -1.84823
 1.45447
 -0.765952
 -2.34619
 -1.05379
 -1.22669
 -1.67503
 0.275702
 -1.38648
 -0.270901
 -1.46634
 0.519613
 0.0772644
 -0.061154
 -0.132897
 0.06244
 -0.821526
 -1.42643
 -0.356159
 -1.80422
 -0.799756
 0.198632
 0.154693
 0.551285
 -0.221722
 -1.49853
 -0.697051
 -0.821764
 -0.766816
 -2.56457
 -1.27655
 -2.05749
 0.231735
 -1.97613
 -2.08808
 -1.59193
 -1.84292
 -3.96455
 -3.64002
 -1.96914
 -1.07793
 -0.852645
 -0.640277
 0.424679
 -1.13439
 -2.00148
 -0.0056043
 -1.23402
 -0.499241
 -0.14071
 -0.286807
 -1.4111
 -0.416989
 -1.12203
 -2.21243
 -3.234
 -3.59285
 -1.55088
 -2.23882
 -3.24301
 -1.57357
 0.53867
 0.277147
 1.14983
 -0.344733
 -1.07284
 0.499243
 1.62935
 0.31895
 -1.00764
 0.216418
 -1.4014
 -0.878618
 -0.268432
 -0.747978
 -1.06525
 2.70958
 0.81894
 2.17422
 2.60995
 1.72809
 0.805717
 1.04593
 0.656788
 0.837111
 1.56395
 1.97631
 0.0638386
 0.382281
 0.459565
 1.70823
 1.19295
 0.57005
 2.04203
 2.43627
 1.78417
 1.71088
 0.806186
 1.35417
 1.66204
 -2.29249
 1.53843
 0.638999
 -1.30804
 -2.13478
 -2.50089
 -0.0226789
 -1.72238
 -0.905627
 1.44421
 1.11864
 1.72556
 1.83731
 1.44079
 1.74772
 1.26609
 4.42447
 0.682954
 1.67617
 2.29563
 2.10885
 0.468606
 0.732792
 0.652505
 1.16854
 0.664594
 1.89657
 -1.25264
 2.12008
 0.374007
 -0.912325
 0.521013
 -0.645955
 -0.697776
 0.55212
 0.466948
 2.01142
 0.184195
 0.864351
 2.01236
 1.35787
 0.505482
 0.198363
 -0.185909
 -1.76185
 -1.06117
 -1.94367
 -2.37415
 -2.86679
 -3.17776
 -2.00995
 -1.21466
 0.0445527
 0.93412
 -0.203413
 0.93029
 -0.504794
 1.96896
 -0.849223
 0.390418
 1.07419
 -0.395087
 0.783381
 -2.43112
 0.624159
 -1.2914
 -2.74117
 -1.96362
 -2.83707
 -1.13289
 0.117578
 -0.209831
 -0.56929
 0.0200926
 -1.34404
 0.662216
 2.50914
 1.33428
 1.17576
 1.03093
 -0.671764
 -0.457551
 0.756707
 0.03988
 0.143128
 0.912884
 1.55577
 -0.855403
