0.5 0.4783 0.5277 0.5316 0.5574
0.75 0.4978 0.5308 0.5627 0.574
1 0.5162 0.5718 0.5945 0.5941
1.25 0.543 0.5593 0.6087 0.6328
1.5 0.5587 0.6074 0.6326 0.6448
1.75 0.5891 0.6203 0.6656 0.6696
2 0.6058 0.6422 0.6733 0.6738
2.25 0.6291 0.6717 0.6805 0.7128
2.5 0.6477 0.6786 0.7088 0.709
2.75 0.6692 0.6925 0.7261 0.7473
3 0.6954 0.7317 0.7409 0.7726
4 0.736 0.7801 0.8124 0.8593
5 0.8179 0.8719 0.8876 0.9066
6 0.885 0.9383 0.9556 0.9815
7 0.9631 0.9857 1.0028 1.0221
8 1.029 1.0426 1.0586 1.0962
9 1.0835 1.0986 1.1174 1.1466
10 1.1299 1.1597 1.2001 1.1783
