 0.664292
 -2.16969
 -1.38512
 -0.815484
 -0.196408
 -1.8516
 1.58783
 0.633276
 1.08832
 1.51375
 2.60199
 0.572536
 1.61036
 -0.898676
 -1.03872
 1.34746
 -1.41623
 -0.369282
 -0.111071
 -1.14978
 -1.20554
 0.0153623
 0.363441
 0.687223
 2.24146
 -0.286209
 -0.947016
 1.39893
 -0.517558
 -0.419036
 -1.29589
 -2.15751
 -1.14541
 -1.3509
 -1.44766
 -0.0843342
 -1.42701
 -1.78692
 -1.30233
 -2.4136
 -1.69471
 -2.23214
 -1.46024
 -1.7559
 0.188918
 1.4521
 -0.207619
 -0.11716
 -1.80643
 2.10671
 -0.288734
 2.59931
 -0.35356
 0.427998
 0.797909
 0.415403
 0.265965
 -0.0394224
 1.36167
 1.04414
 2.06969
 -0.53087
 0.657197
 -1.25235
 -0.997782
 -1.59615
 -1.05629
 -0.12023
 -1.96392
 0.27049
 0.748655
 -0.283861
 1.23762
 1.62448
 2.45434
 0.869333
 2.48442
 1.44334
 0.565718
 1.8605
 2.00346
 1.97961
 1.33794
 2.8849
 1.7114
 2.45668
 1.95384
 2.63893
 1.40476
 1.95381
 0.440475
 0.963829
 0.500491
 1.40873
 -0.354124
 -1.14391
 1.29947
 -0.792433
 1.31807
 -1.73616
 1.20139
 -0.567767
 1.56605
 0.00802556
 2.2305
 0.444534
 -1.24171
 0.137789
 -0.693843
 -0.906693
 0.231156
 -0.0162643
 0.95776
 -0.63343
 -0.543204
 -0.271995
 -1.20822
 -0.459267
 0.819433
 -0.0839334
 1.32759
 0.700645
 0.977324
 1.93555
 0.0127795
 -0.650393
 1.70425
 2.28545
 2.05819
 1.8488
 1.50828
 1.00644
 0.942985
 0.779509
 -0.929627
 -1.34628
 -0.549007
