 1.81741
 2.52195
 2.18837
 2.30325
 2.30555
 2.21062
 2.27952
 2.09902
 2.26529
 -2.28824
 -0.6384
 -1.37267
 -0.854452
 -0.963172
 -0.813209
 -1.06928
 -0.787074
 -1.12271
 -0.933779
 2.65993
 1.35534
 1.88968
 1.39271
 1.87972
 1.53351
 1.64635
 1.85688
 1.51873
 1.68142
 -3.49088
 -1.53286
 -2.83291
 -2.1447
 -2.33954
 -2.21352
 -2.3092
 -2.28797
 -2.17701
 -2.3817
 -2.45283
 -2.49211
 -2.54604
 -2.33369
 -2.67716
 -2.41776
 -2.47906
 -2.53138
 -2.43121
 -2.28859
 2.26395
 0.333851
 1.3123
 0.785541
 0.803679
 0.822976
 0.832717
 0.988739
 0.785918
 1.10293
 -0.63725
 0.062665
 -0.188199
 0.108529
 -0.130359
 0.273886
 -0.193339
 -0.229875
 0.153398
 0.0345435
 -3.56497
 -2.40169
 -2.89149
 -2.65594
 -2.70305
 -2.59608
 -2.75243
 -2.58015
 -2.67724
 -2.76764
 -0.891841
 -1.79601
 -1.30543
 -1.74425
 -1.38625
 -1.57449
 -1.48
 -1.51422
 -1.6359
 -1.76627
 1.99904
 0.0542006
 1.57384
 0.543572
 1.07823
 0.702629
 1.00752
 0.730424
 1.13432
 0.653817
 3.56291
 2.20115
 2.98696
 2.59182
 2.85582
 2.59086
 2.79366
 2.6965
 2.70003
 2.73882
 -1.20152
 0.311447
 -0.267903
 0.235763
 0.11012
 0.133926
 -0.115825
 0.25678
 0.121233
 0.0838393
 -0.0391369
 -0.0719285
 0.336759
 0.205928
 -0.265017
 -0.00615135
 0.133237
 0.189959
 -0.107351
 0.374669
 -3.6879
 -2.03194
 -3.09863
 -2.37691
 -2.69358
 -2.68857
 -2.54642
 -2.74885
 -2.57582
 -2.62886
 0.976642
 -0.721873
 -0.00747864
 -0.20519
 -0.852995
 -0.100901
 -0.296928
 -0.108789
 -0.39642
 -0.52081
 1.67201
 0.632062
 1.152
 0.738814
 1.07846
 0.626591
 0.895418
 0.911417
 0.795566
 0.858946
 3.0113
 1.99037
 2.69737
 2.19286
 2.42945
 2.42447
 2.29191
 2.26734
 2.4422
 2.26301
 -0.791631
 0.634917
 -0.100054
 0.306639
 0.159876
 0.275325
 0.282421
 0.263404
 0.234097
 0.299867
 -2.40997
 -1.30579
 -1.75457
 -1.34541
 -1.81086
 -1.43024
 -1.63856
 -1.33874
 -1.61174
 -1.41086
 -1.8553
 -1.78098
 -1.93876
 -1.75571
 -1.74403
 -1.86296
 -1.72866
 -1.86414
 -1.71242
 -1.91156
 3.84931
 1.7571
 3.1156
 2.16464
 2.81362
 2.32141
 2.55537
 2.45387
 2.64013
 2.38698
 -2.68477
 -0.738218
 -1.87513
 -1.0707
 -1.37481
 -1.38125
 -1.1949
 -1.41483
 -1.2799
 -1.23175
 1.8684
 0.502176
 1.02829
 0.871681
 0.740089
 0.750237
 0.746471
 0.695984
 0.828051
 0.750121
 2.37457
 1.83701
 1.86415
 1.88092
 2.10613
 1.92864
 1.90065
 1.8737
 1.98207
 1.96813
 0.836599
 1.43121
 1.19141
 1.30569
 1.37392
 1.41053
 1.42802
 1.15266
 1.2517
 1.62809
 -3.69094
 -1.71163
 -2.9948
 -2.29232
 -2.78897
 -2.38686
 -2.57267
 -2.43313
 -2.43258
 -2.56196
 3.15791
 0.937246
 2.23472
 1.43719
 1.59511
 1.62417
 1.50706
 1.60846
 1.52135
 1.81608
 1.61249
 1.79834
 1.74172
 1.62387
 1.7909
 1.76857
 1.6624
 1.81117
 1.71746
 1.71936
 2.04015
 2.10909
 2.07464
 2.10327
 2.13446
 2.03851
 2.01578
 2.12586
 2.17148
 2.06075
 -2.4
 -0.747723
 -1.68176
 -0.786665
 -1.30853
 -1.16182
 -0.898143
 -1.25204
 -1.07503
 -1.24022
 3.58363
 1.60108
 2.86844
 2.21388
 2.42792
 2.4776
 2.2547
 2.36464
 2.35179
 2.21485
 0.982372
 1.42607
 1.31424
 1.32077
 1.12477
 1.28482
 1.40879
 1.29133
 1.41255
 1.31137
 0.94496
 1.24664
 0.72885
 1.19633
 1.03051
 0.938923
 1.07804
 1.0156
 1.12032
 0.951119
 1.11995
 0.948487
 1.20463
 0.836196
 1.04019
 0.826946
 0.956345
 1.01181
 0.975484
 0.896903
 2.75004
 1.57734
 2.4432
 1.89004
 2.05535
 2.05941
 2.07672
 2.03681
 2.186
 2.03332
 1.45874
 1.65627
 1.40209
 1.65517
 1.41469
 1.7205
 1.25963
 1.757
 1.4581
 1.8179
 -2.67457
 -0.728679
 -1.76104
 -1.16346
 -1.41987
 -1.18972
 -1.27063
 -1.21091
 -1.52361
 -1.21833
 -0.938584
 -0.96481
 -1.00186
 -1.47362
 -0.792711
 -1.13001
 -0.969168
 -1.14754
 -1.05185
 -1.27545
 3.09585
 1.32871
 2.26685
 1.62408
 1.89356
 1.5207
 1.94162
 1.49733
 2.08781
 1.58112
 0.0043653
 0.183901
 0.188699
 0.41915
 0.0374865
 0.436079
 0.103934
 0.445986
 0.570868
 0.107979
 3.58813
 2.3192
 2.99645
 2.40484
 2.94464
 2.50631
 2.69878
 2.5462
 2.71215
 2.72839
 1.08519
 1.95541
 1.35716
 1.72873
 1.49953
 1.64305
 1.36171
 1.87381
 1.55084
 1.88077
 -3.75841
 -1.94246
 -3.03485
 -2.37952
 -2.71655
 -2.58788
 -2.55288
 -2.59132
 -2.51935
 -2.51276
 1.1985
 -0.860686
 0.546621
 -0.61171
 0.0234214
 -0.41224
 0.162666
 -0.239761
 -0.0999447
 -0.244157
 2.96901
 1.53867
 2.20916
 1.84357
 2.02962
 1.99251
 1.72247
 1.92356
 1.966
 1.9093
 -0.777667
 0.573549
 -0.686461
 0.288943
 -0.13812
 0.10942
 -0.143188
 0.173413
 0.0737105
 0.0378815
 -3.24662
 -2.02958
 -2.43801
 -2.4022
 -2.2216
 -2.44079
 -2.1703
 -2.30307
 -2.20357
 -2.44013
 2.78738
 0.756205
 1.72797
 1.01895
 1.19471
 1.47479
 1.27951
 1.06818
 1.39621
 1.45338
 -3.73717
 -2.05442
 -2.98221
 -2.53509
 -2.77176
 -2.45371
 -2.75209
 -2.63065
 -2.626
 -2.6555
 0.0926655
 -1.26979
 -0.223895
 -1.36123
 -0.468823
 -0.982901
 -0.662514
 -0.816196
 -0.703257
 -0.9446
 3.52054
 1.74999
 3.0405
 2.21516
 2.58493
 2.2949
 2.60247
 2.33761
 2.54403
 2.25944
 2.87595
 2.63707
 2.81725
 2.58886
 2.73369
 2.70002
 2.73596
 2.73714
 2.64164
 2.91347
 0.138354
 1.44474
 0.635974
 1.50684
 0.680863
 1.22414
 1.00208
 1.02193
 1.25817
 1.08073
 -0.226638
 0.0362971
 0.235959
 0.0134371
 0.426116
 0.056713
 0.27366
 0.165129
 0.0971677
 0.114473
 2.68548
 1.6011
 1.92183
 1.81946
 1.69083
 1.79132
 1.79928
 1.79665
 1.89869
 1.72004
 -1.83813
 -0.882926
 -1.06832
 -0.829602
 -0.738901
 -0.709824
 -0.862857
 -0.487923
 -0.673978
 -1.03418
 1.78131
 0.213874
 1.13184
 0.3817
 0.830363
 0.678143
 0.637211
 0.728799
 0.604585
 0.915045
 -0.155965
 0.459315
 -0.0137358
 0.425516
 0.155864
 0.661186
 -0.0551263
 0.344832
 0.0453238
 0.546914
 -3.14056
 -1.74635
 -2.36573
 -2.04743
 -2.18235
 -2.12945
 -2.12004
 -2.04414
 -2.2238
 -1.95959
 0.431787
 -0.684246
 0.24941
 -0.737973
 0.0517495
 -0.480762
 -0.303217
 -0.451667
 -0.0870009
 -0.412825
 3.28624
 1.74853
 2.51422
 2.12871
 2.27085
 2.16303
 2.37991
 2.0751
 2.44978
 2.12417
 -3.83542
 -1.87184
 -3.05475
 -2.34758
 -2.78464
 -2.53109
 -2.66386
 -2.51559
 -2.67466
 -2.5751
 -1.89702
 -2.2377
 -2
 -2.09778
 -1.99273
 -2.27433
 -2.03043
 -2.13405
 -2.00338
 -2.24339
 1.43448
 -0.156531
 0.569814
 0.00230083
 0.320442
 0.102714
 0.122852
 0.267027
 0.0121976
 0.180847
 2.02121
 1.1393
 1.40982
 1.47187
 1.22008
 1.29126
 1.35619
 1.26488
 1.52398
 1.03934
 3.38846
 2.45263
 2.99356
 2.70001
 2.85718
 2.80258
 2.75317
 2.78239
 2.77413
 2.64028
 -2.86869
 -0.887403
 -1.91954
 -1.13831
 -1.56386
 -1.17178
 -1.52086
 -1.24976
 -1.39815
 -1.11289
 -3.48925
 -2.52426
 -3.0064
 -2.8302
 -2.76172
 -2.75187
 -2.85889
 -2.72359
 -2.85724
 -2.78229
 -0.303416
 -1.64599
 -0.723559
 -1.25255
 -0.901202
 -1.20811
 -1.0916
 -1.15501
 -1.10316
 -0.935795
 -3.33358
 -2.23513
 -2.8861
 -2.36451
 -2.72069
 -2.53601
 -2.52699
 -2.52759
 -2.56005
 -2.39971
 1.70372
 -0.330317
 0.787717
 0.223347
 0.365188
 0.376107
 0.187867
 0.291811
 0.527319
 0.315485
 -2.12835
 -1.18414
 -1.57848
 -1.52041
 -1.27413
 -1.34264
 -1.41741
 -1.27822
 -1.37922
 -1.42557
 3.31938
 1.4803
 2.53386
 1.84973
 2.21023
 2.00892
 1.95997
 1.98938
 2.13089
 2.01081
 0.044311
 0.983653
 0.4518
 0.922827
 0.647376
 0.830414
 0.819977
 0.517936
 0.719414
 0.575522
 2.01033
 1.61861
 1.64876
 1.62375
 1.65285
 1.71507
 1.71878
 1.52146
 1.69602
 1.70975
 0.448751
 1.11571
 0.578106
 1.08059
 0.923981
 0.712022
 0.771919
 1.02089
 0.586176
 1.14102
 -3.43471
 -1.77442
 -2.84267
 -2.08745
 -2.37357
 -2.24198
 -2.30263
 -2.25844
 -2.3094
 -2.30582
 3.74427
 1.51322
 2.83319
 2.08279
 2.33042
 2.153
 2.29904
 2.25754
 2.29656
 1.99812
 -2.3003
 -0.618833
 -1.63303
 -0.892472
 -1.31242
 -0.518165
 -1.36805
 -0.758861
 -1.27546
 -0.913247
 -2.49922
 -1.89342
 -2.21049
 -1.97516
 -2.06363
 -2.23042
 -1.87364
 -2.3212
 -1.82425
 -2.19411
 -1.30003
 -1.86474
 -1.37021
 -1.75766
 -1.54996
 -1.60712
 -1.45684
 -1.74285
 -1.4034
 -1.66623
 -1.52995
 -1.45955
 -1.74755
 -1.6236
 -1.66868
 -1.5405
 -1.66021
 -1.40879
 -1.84995
 -1.41216
 -2.33154
 -2.12327
 -2.37566
 -2.09359
 -2.33686
 -2.14572
 -2.1713
 -2.04299
 -2.16067
 -2.28559
 3.82097
 1.46542
 3.16096
 2.07105
 2.72461
 2.29231
 2.49902
 2.49127
 2.32951
 2.68751
 1.12648
 2.19621
 1.32465
 1.92875
 1.61811
 1.73978
 1.80965
 1.70098
 1.78342
 1.60415
 2.96579
 2.23905
 2.77835
 2.39777
 2.75943
 2.47622
 2.63281
 2.50687
 2.63811
 2.40082
 -2.6209
 -1.12299
 -1.70386
 -1.33603
 -1.21502
 -1.48712
 -1.19976
 -1.44216
 -1.12956
 -1.53805
 -0.254652
 -0.736129
 -0.862127
 -0.491768
 -0.752991
 -0.541544
 -0.509902
 -0.596997
 -0.680647
 -0.791148
 0.188838
 0.0866182
 -0.264263
 -0.217342
 0.0440372
 -0.0660509
 -0.378881
 0.0124892
 -0.133664
 -0.140429
 -0.489225
 -0.211229
 -0.263541
 -0.728869
 -0.175148
 -0.209898
 -0.173596
 -0.334033
 -0.280484
 -0.573216
 3.33372
 1.63953
 2.47409
 1.99734
 2.33104
 1.92059
 2.26329
 2.04185
 1.97359
 2.37159
 -2.17341
 -0.74133
 -1.52547
 -0.68818
 -1.1584
 -0.919371
 -1.00495
 -0.850836
 -0.948299
 -0.636272
 0.464173
 -0.105065
 0.222569
 -0.189501
 0.386837
 -0.162498
 0.153685
 0.112726
 -0.179895
 0.131524
 -3.77329
 -2.23414
 -3.18244
 -2.59214
 -2.94467
 -2.77519
 -2.7969
 -2.77302
 -2.84421
 -2.68823
 3.8295
 1.30207
 3.03473
 1.95248
 2.53324
 2.14789
 2.34536
 2.28237
 2.18455
 2.55224
 -3.33711
 -1.17791
 -2.42418
 -1.50408
 -2.11309
 -1.50962
 -2.01076
 -1.88726
 -1.84728
 -1.81681
 3.96916
 2.05022
 3.27749
 2.58623
 2.9474
 2.70034
 2.8728
 2.74596
 2.83624
 2.55469
 -3.41232
 -1.18707
 -2.8303
 -1.55444
 -2.28043
 -1.77436
 -2.25595
 -1.91572
 -2.10677
 -2.20855
 -1.40122
 -2.15138
 -1.37611
 -2.11201
 -1.60587
 -2.01899
 -1.72752
 -1.92078
 -1.83053
 -1.95937
 -0.655471
 -1.49904
 -0.99644
 -1.10626
 -1.13934
 -1.28297
 -1.0347
 -1.26315
 -1.05512
