 1.9194
 2.45602
 2.17295
 2.18359
 2.33925
 2.17983
 2.40999
 1.98923
 2.25357
 -1.9781
 -0.606415
 -1.20768
 -0.892345
 -0.993847
 -0.673936
 -1.08589
 -0.646743
 -1.18038
 -0.561822
 2.25818
 1.45375
 1.98709
 1.16629
 1.80439
 1.55278
 1.31294
 1.88839
 1.5899
 1.36648
 -3.74997
 -1.43495
 -2.85444
 -2.25262
 -2.32777
 -2.13762
 -2.2405
 -2.3914
 -2.00958
 -2.51986
 -2.51445
 -2.471
 -2.80187
 -2.13304
 -2.78912
 -2.56568
 -2.44456
 -2.66163
 -2.63618
 -2.18221
 2.04838
 0.445595
 1.11724
 0.937384
 0.808716
 0.808437
 0.690663
 0.997044
 0.6466
 1.08322
 -0.397264
 0.0871769
 -0.172655
 0.0933076
 -0.226829
 0.246411
 0.0621029
 -0.234058
 0.127263
 -0.213128
 -3.6336
 -2.61299
 -3.0232
 -2.80713
 -2.91565
 -2.58846
 -2.98628
 -2.70824
 -2.62171
 -3.02796
 -0.892677
 -1.66841
 -1.13097
 -1.76227
 -1.39256
 -1.52442
 -1.46331
 -1.33631
 -1.44471
 -1.64453
 2.09282
 -0.156971
 1.41114
 0.53973
 1.01454
 0.586161
 0.973713
 0.482062
 1.05523
 0.810973
 3.98313
 2.30636
 3.19762
 2.64717
 3.16587
 2.67459
 2.93732
 2.90329
 2.79832
 2.80345
 -0.77408
 0.204055
 -0.229996
 0.101736
 0.0624684
 0.232003
 -0.149608
 0.131507
 0.103949
 0.149258
 0.0868507
 -0.191803
 0.127643
 0.39042
 -0.0939109
 -0.0450528
 0.0139452
 0.228358
 -0.157528
 0.372896
 -4.14281
 -1.93749
 -3.53038
 -2.56694
 -2.59988
 -2.91752
 -2.49309
 -2.90777
 -2.65161
 -2.89853
 0.723155
 -0.573453
 -0.194111
 0.108221
 -0.724161
 -0.277477
 -0.429367
 -0.140112
 -0.258894
 -0.340581
 1.29714
 0.603658
 1.14278
 0.635766
 1.20426
 0.710757
 0.769182
 0.964055
 0.78286
 0.879128
 3.03016
 1.80432
 2.80758
 2.21844
 2.26807
 2.52162
 2.41451
 2.1165
 2.52418
 2.26929
 -0.704656
 0.526872
 -0.0173692
 0.27987
 0.135823
 0.200997
 0.227343
 0.248482
 0.310244
 0.0776678
 -2.01031
 -1.32112
 -1.80528
 -1.06575
 -1.74968
 -1.36802
 -1.73154
 -1.25542
 -1.59736
 -1.42257
 -1.71829
 -1.57891
 -1.90165
 -1.79359
 -1.57905
 -1.82851
 -1.61204
 -1.85288
 -1.64753
 -1.80382
 4.42447
 1.81844
 3.59586
 2.08806
 3.05574
 2.4746
 2.64091
 2.38224
 2.78262
 2.44723
 -2.57845
 -0.683344
 -1.7768
 -1.09977
 -1.10394
 -1.3854
 -1.0358
 -1.28523
 -1.33366
 -1.16609
 1.54508
 0.58057
 0.771062
 0.898739
 0.774521
 0.743577
 0.792886
 0.638021
 0.763823
 0.835002
 2.18987
 2.05669
 1.84252
 1.57997
 2.02139
 1.98244
 1.9052
 1.73933
 1.87275
 2.10644
 0.835008
 1.27324
 1.18068
 1.14761
 1.18506
 1.22518
 1.5255
 1.20444
 1.00717
 1.38411
 -4.18984
 -1.72599
 -3.18669
 -2.09785
 -2.93826
 -2.43258
 -2.6562
 -2.56279
 -2.28811
 -2.70397
 3.12145
 0.95774
 2.10284
 1.57217
 1.43212
 1.62142
 1.45435
 1.57931
 1.2321
 1.91979
 1.58325
 1.70081
 1.83067
 1.53586
 1.66191
 1.81583
 1.5597
 1.74635
 1.70966
 1.81307
 1.89001
 2.0542
 2.00655
 1.97739
 2.12891
 2.07065
 1.8773
 1.9233
 2.10178
 2.0247
 -2.18181
 -0.643624
 -1.76584
 -0.779981
 -1.08301
 -1.37493
 -0.798196
 -1.15808
 -1.181
 -1.03678
 3.95312
 1.61142
 2.90854
 2.30926
 2.22342
 2.62684
 2.30103
 2.33957
 2.57002
 2.04108
 0.929039
 1.17688
 1.26275
 1.4525
 1.1226
 1.05789
 1.33088
 1.16276
 1.32019
 1.31021
 0.787147
 1.443
 0.701519
 1.06698
 1.16936
 0.921858
 1.04689
 0.946653
 1.17288
 0.761982
 1.03852
 0.735554
 1.23248
 0.833747
 1.08015
 0.855227
 0.843513
 0.958448
 0.985884
 0.737924
 2.83974
 1.35854
 2.42413
 1.99
 1.93161
 1.96232
 2.03603
 1.83641
 2.1573
 1.91936
 1.35356
 1.66654
 1.28458
 1.66641
 1.23962
 1.88575
 1.09364
 1.66054
 1.32671
 1.77644
 -2.52484
 -0.788701
 -1.5961
 -1.10703
 -1.38947
 -1.19776
 -1.25604
 -0.916082
 -1.46555
 -1.27348
 -1.01362
 -0.938905
 -0.598182
 -1.52719
 -0.855089
 -1.06982
 -0.870308
 -1.06623
 -1.04766
 -1.16546
 2.82554
 1.31222
 2.21244
 1.58476
 2.00425
 1.33019
 2.04161
 1.17919
 2.12471
 1.23788
 0.26872
 0.205949
 0.143307
 0.529713
 0.0416861
 0.479032
 0.0554269
 0.202703
 0.524937
 0.321683
 3.67634
 2.36585
 3.42147
 2.21602
 3.22953
 2.69689
 2.90622
 2.57352
 2.7434
 2.90967
 0.947522
 1.8972
 1.33888
 1.71867
 1.48907
 1.81593
 1.09039
 1.77698
 1.48532
 1.5597
 -4.14867
 -2.02545
 -3.32724
 -2.39738
 -2.68478
 -2.726
 -2.59578
 -2.71366
 -2.58294
 -2.77493
 1.15006
 -0.804004
 0.432975
 -0.426481
 0.0415976
 -0.470866
 0.0337881
 -0.213532
 -0.156391
 -0.216209
 2.72279
 1.5749
 2.0943
 1.72331
 1.8372
 2.16204
 1.6883
 1.71471
 1.902
 1.77071
 -0.759642
 0.719835
 -0.469533
 0.225305
 -0.076004
 0.183895
 -0.135997
 0.0991036
 0.212714
 -0.143243
 -3.11861
 -2.26001
 -2.24257
 -2.52464
 -2.08062
 -2.57837
 -2.22926
 -2.36466
 -2.01576
 -2.53351
 2.56216
 0.868826
 1.67401
 1.1625
 0.830599
 1.30964
 1.47033
 0.905019
 1.24481
 1.10324
 -4.16281
 -2.27792
 -3.15488
 -2.55646
 -3.09717
 -2.40526
 -2.79837
 -2.79804
 -2.6831
 -2.76207
 0.118108
 -1.3403
 -0.0323581
 -1.28204
 -0.496467
 -0.952318
 -0.703244
 -0.841867
 -0.727718
 -0.609195
 3.76728
 1.48594
 3.29316
 2.32294
 2.69394
 2.13658
 2.70823
 2.30548
 2.73094
 2.29694
 3.06794
 2.74548
 3.15672
 2.74548
 2.85258
 2.83105
 2.87481
 2.99278
 2.51752
 3.15334
 0.257184
 1.36007
 0.368313
 1.61378
 0.713733
 1.09262
 1.05261
 0.785308
 1.14952
 1.06992
 0.143976
 0.0334344
 0.314015
 -0.0392289
 0.413168
 0.0903406
 0.281522
 0.272973
 0.156712
 0.192068
 2.30045
 1.73352
 1.79469
 1.90263
 1.6653
 1.69737
 1.74443
 1.6425
 1.90219
 1.53752
 -1.31912
 -0.700949
 -0.899928
 -0.867838
 -0.779964
 -0.617269
 -1.03599
 -0.651052
 -0.578868
 -0.9313
 1.62204
 0.167893
 1.16269
 0.43544
 0.719759
 0.755228
 0.614453
 0.772621
 0.474425
 0.953625
 -0.087748
 0.550299
 -0.00620959
 0.399384
 -0.00597545
 0.72824
 0.0419803
 0.444274
 0.0169201
 0.362825
 -2.90256
 -1.83068
 -2.29657
 -1.97427
 -2.06963
 -2.08249
 -2.14503
 -1.85263
 -2.30833
 -1.84182
 0.399666
 -0.78268
 0.240401
 -0.675984
 -0.0119234
 -0.355755
 -0.23035
 -0.51713
 -0.195888
 -0.28461
 3.23972
 1.85507
 2.47407
 2.13222
 2.26055
 1.95376
 2.48783
 1.83517
 2.52754
 1.98767
 -4.48445
 -2.10142
 -3.43105
 -2.32251
 -2.89022
 -2.60147
 -2.85505
 -2.51361
 -2.80232
 -2.64874
 -1.75518
 -2.20261
 -2.01457
 -2.14364
 -1.73528
 -2.2757
 -2.02785
 -2.17022
 -1.74693
 -2.22612
 1.11184
 -0.0885437
 0.583058
 0.0474737
 0.354399
 0.223735
 0.135868
 0.382511
 0.0726171
 0.215846
 1.63158
 1.19081
 1.11856
 1.47968
 1.24123
 1.14455
 1.30614
 1.00734
 1.5634
 1.04892
 3.76491
 2.59245
 3.21644
 2.81128
 2.96878
 3.04116
 2.91595
 2.93476
 2.95049
 2.84134
 -2.74711
 -0.8879
 -1.85792
 -1.03291
 -1.5646
 -1.0243
 -1.4746
 -1.21373
 -1.45434
 -1.04826
 -3.76273
 -2.66777
 -3.1291
 -3.17878
 -3.01706
 -2.7995
 -3.1461
 -2.83505
 -3.06262
 -2.96415
 -0.113702
 -1.55621
 -0.785569
 -1.29337
 -0.85585
 -1.10994
 -1.04428
 -1.11342
 -1.19045
 -0.776761
 -3.36246
 -2.09198
 -3.14845
 -2.28372
 -2.72627
 -2.67773
 -2.58973
 -2.53631
 -2.70389
 -2.48587
 1.53419
 -0.175241
 0.620159
 0.264852
 0.295506
 0.449915
 0.244994
 0.154978
 0.552555
 0.0566012
 -1.6928
 -1.14712
 -1.27411
 -1.56799
 -1.29028
 -1.17965
 -1.41197
 -1.23248
 -1.42289
 -1.18582
 3.26179
 1.48735
 2.55004
 1.7639
 2.10534
 2.09787
 1.94956
 1.79288
 2.10484
 2.0287
 0.0599414
 0.876768
 0.361111
 0.829759
 0.577384
 0.659643
 0.958912
 0.557634
 0.732841
 0.633636
 1.69859
 1.67096
 1.58146
 1.50213
 1.46005
 1.53243
 1.76396
 1.40831
 1.48151
 1.70493
 0.383475
 1.12577
 0.469239
 0.865155
 1.07334
 0.818702
 0.569305
 1.16526
 0.643401
 0.798344
 -3.46254
 -1.56928
 -3.03896
 -2.18872
 -2.32584
 -2.21979
 -2.31029
 -2.22304
 -2.27844
 -2.43198
 4.06233
 1.67538
 2.91411
 2.18133
 2.35654
 2.09389
 2.24278
 2.22842
 2.54738
 1.82518
 -2.09088
 -0.477569
 -1.49234
 -0.76058
 -1.64964
 -0.349612
 -1.3484
 -0.650066
 -1.198
 -0.949219
 -2.41494
 -1.86606
 -2.21303
 -1.96118
 -1.76861
 -2.38042
 -1.5851
 -2.46809
 -1.73581
 -2.16603
 -1.09245
 -1.88706
 -1.25329
 -1.64862
 -1.5348
 -1.67529
 -1.25328
 -1.815
 -1.35134
 -1.59257
 -1.63591
 -1.22644
 -1.5767
 -1.52858
 -1.65907
 -1.42731
 -1.74964
 -1.10847
 -1.86305
 -1.5189
 -2.21159
 -1.91532
 -2.42951
 -1.92741
 -2.29566
 -2.17315
 -2.27878
 -2.01077
 -1.96867
 -2.2543
 4.46009
 1.37449
 3.59752
 2.06005
 2.83829
 2.35275
 2.43197
 2.68051
 2.08894
 2.99463
 0.875774
 2.3005
 1.29598
 1.86351
 1.64844
 1.58317
 1.79092
 1.6418
 1.78342
 1.37059
 3.34509
 2.23132
 2.94602
 2.24747
 2.88798
 2.51689
 2.72397
 2.47879
 2.79081
 2.24847
 -2.28113
 -1.09106
 -1.48155
 -1.45246
 -0.987795
 -1.46175
 -1.0866
 -1.50697
 -0.918622
 -1.42948
 -0.389976
 -0.456853
 -0.858279
 -0.468745
 -0.752488
 -0.69039
 -0.548338
 -0.531599
 -0.576022
 -0.645776
 -0.153421
 0.113695
 -0.10635
 -0.263243
 -0.0587342
 0.0789391
 -0.317692
 -0.0569866
 -0.0895705
 -0.158455
 -0.417853
 -0.273865
 -0.035519
 -0.597771
 -0.349399
 -0.328311
 -0.205047
 -0.303291
 -0.137634
 -0.715634
 3.25352
 1.75602
 2.44065
 1.81686
 2.46011
 1.80082
 2.24304
 2.21211
 1.62056
 2.12955
 -1.78456
 -0.49698
 -1.54807
 -0.662973
 -1.02097
 -0.892718
 -1.05087
 -0.863661
 -1.18926
 -0.584523
 0.311129
 -0.140238
 0.238682
 -0.313674
 0.281668
 -0.160009
 0.0318988
 0.187614
 -0.0265023
 0.0258847
 -4.40342
 -2.26017
 -3.63917
 -2.67561
 -3.10693
 -3.01512
 -2.99945
 -2.85863
 -2.9802
 -3.14917
 4.54453
 1.33074
 3.31727
 1.96111
 2.58539
 2.16656
 2.31915
 2.42202
 1.92235
 2.58001
 -3.33342
 -1.20342
 -2.5331
 -1.32275
 -2.24424
 -1.36187
 -1.74623
 -1.85672
 -1.92378
 -1.57474
 4.78786
 2.2093
 3.73826
 2.71401
 3.18524
 2.7908
 3.08812
 2.88443
 3.07067
 2.80984
 -3.85086
 -0.993731
 -3.20777
 -1.56462
 -2.33233
 -1.54917
 -2.25628
 -1.87318
 -1.80686
 -2.5029
 -1.08809
 -2.36544
 -1.1477
 -2.10212
 -1.43552
 -1.95875
 -1.61194
 -1.78311
 -1.61844
 -2.1082
 -0.496799
 -1.35535
 -1.13345
 -1.04745
 -0.949491
 -1.3231
 -0.949502
 -1.25033
 -0.839459
