 -0.755218
 -0.38173
 -0.38877
 0.0517959
 0.219148
 0.392689
 0.448572
 0.584645
 0.657909
 0.296514
 -0.331267
 0.296468
 -2.25333
 0.252281
 -0.311209
 0.534237
 0.186791
 0.336077
 1.02202
 -0.0892221
 0.495316
 -0.52868
 -0.166711
 -0.658929
 -0.19716
 2.09356
 0.619547
 -1.31869
 -0.334254
 -0.326105
 0.327856
 -1.26484
 0.984889
 -0.761005
 -1.22567
 -0.54084
 0.54225
 1.19562
 0.568634
 0.612446
 0.535823
 0.592376
 -0.774482
 -1.16672
 0.552737
 0.522861
 -1.24297
 -0.121607
 0.661496
 1.31448
 -0.656144
 0.290953
 -0.662484
 0.64973
 -0.336439
 -0.891638
 0.52694
 -0.110497
 0.153087
 0.698841
 0.297603
 0.371156
 -1.06479
 0.538008
 -0.032678
 0.176669
 -0.594519
 0.1186
 0.393502
 0.0572634
 -0.627173
 0.735574
 -0.470323
 -0.503113
 0.891775
 0.938173
 -0.634151
 0.075215
 -1.35416
 0.378683
 -0.295661
 0.271533
 -0.487892
 0.62357
 -0.396033
 0.253158
 -0.108223
 0.583079
 -0.726426
 0.397725
 -0.0475431
 -0.482156
 -0.305971
 -0.443588
 -0.145736
 -0.577276
 -0.332906
 -1.16641
 1.69631
 0.452167
 -0.380362
 0.614071
 -0.223111
 0.0651404
 -0.0296697
 -0.0552473
 0.252951
 -0.0557922
 0.632435
 -0.5452
 0.633855
 -1.10004
 0.175755
 0.385945
 0.225069
 -1.16164
 -0.806956
 1.49877
 -0.150621
 -0.273819
 0.548682
 -0.0198139
 0.490305
 -0.333927
 0.663612
 0.192375
 -0.147444
 -1.12219
 0.685017
 0.924056
 0.0230199
 -0.934963
 0.207398
 -0.287354
 0.292173
 0.629752
 0.0856179
 -0.356674
 -0.228609
 0.988637
 0.435258
 0.00573071
 0.540827
 -0.018483
 -0.0914419
 -0.79402
 0.510444
 -0.303468
 -0.159586
 -0.542894
 0.101638
 -0.265629
 -0.132962
 0.413839
 0.26663
 -1.53538
 0.111956
 0.472795
 -1.26561
 0.61078
 0.339275
 -0.626249
 0.359947
 -0.104573
 0.722837
 0.563109
 0.604506
 0.429905
 -0.780274
 -0.0571192
 0.118153
 0.0242181
 -0.52637
 0.957885
 0.251114
 -0.665703
 0.766113
 -0.647979
 0.567795
 0.0714601
 -1.17541
 0.93682
 -1.22387
 0.429288
 -0.0202114
 -0.131215
 -0.26955
 -0.186755
 0.942827
 -0.455459
 0.649102
 0.843438
 0.657089
 -0.0237518
 -0.371274
 1.03729
 -0.748737
 0.414242
 -0.401977
 0.18741
 0.151326
 -0.937401
 0.0410656
 0.143489
 0.171283
 0.769341
 -0.781171
 0.515443
 1.32096
 -1.38797
 0.592137
 -1.23635
 0.52246
 0.521115
 -1.15946
 0.324902
 0.115874
 -0.556238
 1.81536
 -0.223115
 -0.625596
 -0.782054
 0.551648
 0.385365
 -0.161671
 -0.00155146
 -0.480077
 -0.152088
 0.00221612
 0.790513
 -0.582551
 0.641565
 0.0970902
 -0.552183
 -0.201934
 -0.482802
 -0.597789
 0.912542
 -0.761514
 -0.158329
 0.807056
 -0.806736
 -0.889876
 1.48375
 0.0827121
 0.617874
 0.718229
 0.24658
 -0.851752
 0.89532
 0.971479
 -0.34771
 0.62447
 -0.16611
 -0.699103
 0.22355
 0.45941
 0.588222
 -0.738097
 0.012717
 0.0653615
 0.197238
 -0.480537
 0.839164
 -0.674522
 0.00455464
 -0.072215
 0.708749
 -0.766813
 0.00621255
 -1.14164
 0.354697
 -0.0416211
 -0.102628
 0.538155
 -0.841306
 -0.112167
 -1.08178
 0.652343
 -0.0833561
 -0.436212
 -0.139126
 -0.0272731
 0.307558
 0.148487
 0.19793
 0.145649
 -0.323463
 2.05844
 -0.659951
 0.991752
 -0.648293
 0.178077
 -0.308673
 0.435387
 -0.58418
 -0.175254
 0.200193
 0.302477
 0.473966
 0.252499
 -0.539436
 0.656222
 -0.604343
 -0.710256
 0.507628
 1.04804
 -0.0405526
 -1.65465
 0.940328
 -0.789783
 0.424159
 0.140838
 0.649243
 0.70583
 -0.453033
 -0.0658263
 -0.479236
 -0.311221
 0.811625
 1.01729
 -1.01574
 -0.457778
 0.37732
 0.180719
 -0.170715
 0.513977
 -0.836019
 0.293117
 0.231648
 -0.543053
 0.28245
 0.56457
 0.172564
 -0.641448
 -0.151733
 0.913247
 -1.58776
 0.71501
 -0.0439273
 -0.303969
 0.275856
 -0.813905
 0.43686
 0.0100631
 0.332691
 0.075062
 0.709455
 -0.39117
 0.139178
 0.771419
 0.420057
 -0.610369
 -0.423219
 -0.475063
 -0.337361
 0.345839
 -0.557375
 0.980514
 -0.664693
 1.0507
 -0.664913
 0.927692
 0.0584146
 0.640523
 -0.530357
 0.444067
 -0.36181
 -2.31511
 0.752951
 0.189395
 -0.269817
 -0.0672148
 0.275627
 -0.918732
 0.763985
 -0.779352
 -0.171549
 0.0928679
 -0.235045
 -0.0420517
 1.0069
 -0.188018
 0.721734
 -0.0246966
 0.229406
 0.581697
 -0.777087
 -0.688493
 -0.0646465
 0.532763
 -0.046301
 0.0935407
 -0.782205
 0.526217
 -0.737309
 -0.436456
 0.355386
 -0.524971
 0.6441
 0.133449
 0.477959
 -0.394498
 -0.149276
 -0.295206
 -1.40949
 -0.0307923
 0.592473
 0.939428
 -0.222139
 -0.271876
 0.135518
 0.155995
 -1.18316
 1.37992
 -0.141718
 -0.689272
 0.141038
 -0.775213
 0.710025
 -0.295101
 0.379396
 -0.800355
 0.425711
 0.943245
 -0.066193
 0.312499
 -1.14026
 0.105132
 1.32513
 -0.633841
 -1.10779
 -0.528335
 -0.250505
 -0.124627
 -0.875034
 0.902573
 -0.0849081
 -0.0649742
 -0.124611
 0.799049
 -0.603977
 0.267619
 -0.477673
 0.157534
 -0.522553
 0.244659
 -0.669157
 -1.47386
 0.500136
 -0.483092
 -0.0473387
 0.142744
 0.0879222
 1.16584
 0.859513
 -0.710425
 0.63428
 -0.13141
 -0.151081
 -0.174338
 -0.835042
 0.121472
 -0.274305
 0.886954
 -0.0229013
 -0.16478
 0.202926
 0.143094
 0.316891
 -0.0517357
 -0.934198
 0.214732
 0.00449192
 -0.889099
 -0.161118
 0.462184
 -1.38244
 0.48232
 0.192436
 0.274691
 1.52506
 -0.766182
 0.49959
 -0.40647
 0.514161
 -0.236896
 -0.456467
 0.960266
 -0.755029
 -1.86207
 0.346498
 0.704683
 -0.0478841
 0.778749
 0.216621
 0.274762
 -0.328035
 -0.20414
 -0.178906
 -1.06694
 2.51427
 -2.33263
 2.89495
 -1.1235
 -1.17836
 0.235991
 1.08089
 -0.768989
 3.95681
 -2.36732
 2.32837
 -1.16192
 1.67126
 1.03969
 -1.10292
 -0.217764
 0.162136
 0.202605
 -2.10373
 0.662744
 0.872233
 1.54657
 -1.30457
 -0.214145
 -0.628478
 -0.871306
 0.885924
 -0.693055
 0.481936
 -1.74727
 0.350856
 -0.378384
 -1.38218
 1.54843
 0.965402
 1.05721
 0.35453
 -0.48352
 0.0751376
 -1.35507
 1.62647
 0.174239
 0.619116
 -1.26359
 -0.222907
 -0.105879
 0.252604
 0.0509142
 -0.332102
 1.48385
 1.67002
 -1.77219
 -0.49345
 -0.900629
 0.421457
 0.692523
 0.210737
 0.120692
 -0.521248
 0.0646833
 -1.09171
 -0.0293695
 -0.459325
 0.77929
 0.762422
 -2.34851
 0.572252
 -0.199804
 0.225978
 0.575644
 -1.90759
 0.163529
 -0.715719
 0.713036
 -1.48489
 0.0824125
 -0.304758
 1.10106
 -1.52837
 -0.940762
 1.61794
 -3.57105
 1.36215
 -1.2116
 0.707281
 -1.49015
 0.883014
 -1.37261
 1.82
 -0.188019
 -0.189505
 -0.233538
 -0.899215
 0.607549
 1.00674
 -0.621305
 0.747482
 -0.317244
 -0.132624
 -0.857789
 -0.0281924
 -0.627883
 2.34859
 -1.01966
 -1.02272
 1.00862
 -1.29005
 0.854116
 -1.64245
 0.026836
 0.786007
 0.675483
 2.68832
 -2.41567
 1.73601
 1.0892
 -1.28781
 0.592225
 0.899699
 -0.621512
 -0.669001
 -1.06043
 -0.410787
 -1.39197
 0.205368
 -0.401499
 0.687547
 -1.56407
 1.55342
 -0.212546
 1.13698
 0.583187
 0.335074
 -0.706243
 1.54183
 -1.53115
 1.97809
 0.221742
 -0.667882
 0.926777
 -0.0582057
 -0.0682922
 0.969483
 0.539375
 -0.3571
 -1.76651
 1.18599
 0.154303
 0.225933
 0.783194
 0.285764
 -1.80435
 1.37466
 -0.134425
 0.562344
 0.598756
 0.257166
 0.664836
 -1.88751
 0.601166
 0.288717
 -0.780389
 0.026399
 0.691628
 -0.798946
 2.32198
 -0.549324
 0.114225
 1.24963
 -0.859166
 1.63982
 -1.25067
 -0.181857
 -0.272042
 1.95997
 -0.121248
 -0.0617614
 -0.548342
 -0.317629
 1.10761
 -1.13583
 2.99936
 0.0333964
 -1.2196
 1.49771
 -0.309058
 -0.113779
 -1.52409
 1.05144
 0.418897
 -0.106293
 -0.0302382
 -1.79567
 1.87855
 -0.16479
 -0.00846014
 -0.837093
 0.208691
 -1.28455
 0.428548
 0.459161
 0.0735186
 -1.44667
 3.63166
 -1.43149
 0.734142
 -2.07704
 1.58733
 -0.652138
 1.20168
 0.0819692
 0.412392
 -0.230031
 -1.60867
 2.5559
 -1.64336
 1.59221
 0.360593
 -0.849668
 0.105487
 -0.695302
 0.30398
 -0.767165
 1.22318
 -0.604979
 1.1798
 0.39862
 -0.502013
 0.507467
 -0.104129
 -0.287295
 -0.179787
 0.320014
 0.487162
 -1.36082
 0.173395
 0.585716
 -0.832815
 -0.798273
 0.54165
 1.75533
 -0.458979
 -0.349218
 -0.274372
 -0.729007
 0.912652
 -0.563333
 0.347451
 -0.21977
 -0.123218
 0.432381
 -1.01797
 0.685152
 0.822916
 -1.41725
 0.548321
 -0.631098
 -0.469454
 -1.05971
 1.34089
 -2.22293
 1.59993
 0.381726
 -0.709878
 -0.389283
 -1.26588
 2.49375
 0.556699
 -0.207337
 0.803429
 0.887254
 -1.41413
 1.17061
 -0.629805
 -1.64679
 1.66421
 -2.98308
 0.427059
 -2.87258
 -0.0384257
 -0.335704
 -1.11309
 0.488961
 -0.889833
 -0.708692
 2.91835
 -0.353773
 1.75244
 -0.128464
 -0.0853746
 0.184693
 1.27056
 -1.25274
 0.626317
 -0.293252
 1.51203
 -2.19115
 2.23487
 -1.24024
 0.000166838
 -2.45398
 0.619277
 -0.6482
 -1.75925
 2.23363
 -1.08603
 0.262596
 -0.338602
 0.84274
 0.429986
 -0.260048
 0.0359947
 1.63522
 -0.55979
 1.11281
 -0.369829
 -0.450795
 0.315395
 -2.10658
 1.29552
 -3.02649
 2.53432
 -2.5201
 0.720953
 -0.566446
 -0.07607
 0.166964
 -0.158302
 -0.534516
 1.57572
 -1.00836
 0.996188
 -0.901574
 0.331845
 0.276636
 -2.18956
 1.98647
 -1.33966
 1.50156
 -1.70999
 0.610743
 0.837063
 0.252985
 -0.322073
 0.943537
 -0.58179
 -0.932215
 1.24389
 -1.48229
 0.858931
 -0.725553
 1.00842
 0.0787655
 -0.992098
 0.355744
 -1.3921
 2.39291
 -0.900017
 1.98708
 -0.871722
 1.92598
 0.0997725
 1.04541
 1.02692
 0.403753
 -0.0816551
 -0.576583
 -0.394189
 -0.545624
 -0.433585
 -0.199204
 -0.0945691
 -0.74949
 0.574401
 0.649046
 -0.38513
 -0.677795
 -1.40047
 0.972473
 -0.639266
 0.488934
 -0.641911
 0.681289
 0.321936
 0.279352
 -1.00306
 0.0240474
 0.581235
 1.04911
 -2.04591
 1.58067
 -1.37849
 0.853303
 -0.861779
 1.97114
 -0.420303
 -0.0846277
 1.43716
 -0.49321
 3.07388
 -0.058257
 1.10789
 -0.377202
 1.28638
 0.211898
 1.58948
 -0.468428
 0.874254
 -0.742941
 1.99673
 0.184628
 1.75841
 -2.16127
 1.29874
 -0.227342
 -0.0386011
 0.985187
 -0.190379
 1.01219
 -0.112668
 1.10941
 1.69664
 -1.56133
 1.15354
 -2.33002
 0.401712
 -1.43116
 -0.641426
 0.151064
 0.0967271
 1.21458
 -1.42534
 -0.124024
 0.156863
 -1.44956
 0.41203
 -1.04649
 1.73234
 -0.161756
 1.82133
 -0.854014
 1.348
 -0.892592
 0.426089
 -0.72213
 1.86773
 -0.636308
 0.940559
 1.14563
 -1.00887
 -1.80905
 -0.177143
 -0.420266
 -0.830294
 1.72807
 -2.91016
 0.826393
 -0.250567
 0.136119
 -0.374552
 -0.145803
 0.662469
 0.716714
 -0.665278
 0.305366
 -0.80598
 0.837329
 -0.175922
 -1.02031
 0.842499
 -0.751895
 -0.0610804
 1.92299
 -0.78076
 0.948636
 0.0375493
 -0.0497898
 0.949539
 1.26408
 -2.18073
 -0.841403
 -1.40066
 0.715421
 -1.02386
 0.346956
 0.490629
 1.31818
 0.599557
 0.31305
 -1.46686
 2.17708
 -1.40422
 0.949243
 0.288335
 -0.608023
 -0.720756
 -0.0680001
 -0.198335
 -0.187747
 -0.971112
