 -0.755218
 -0.38173
 -0.38877
 0.0517959
 0.219148
 0.392689
 0.448572
 0.584645
 0.657909
 0.296514
 -0.331267
 0.296468
 -2.25333
 0.252281
 -0.311209
 0.534237
 0.186791
 0.336077
 1.02202
 -0.0892221
 0.495316
 -0.52868
 -0.166711
 -0.658929
 -0.19716
 2.09356
 0.619547
 -1.31869
 -0.334254
 -0.326105
 0.327856
 -1.26484
 0.984889
 -0.761005
 -1.22567
 -0.54084
 0.54225
 1.19562
 0.568634
 0.612446
 0.535823
 0.592376
 -0.774482
 -1.16672
 0.552737
 0.522861
 -1.24297
 -0.121607
 0.661496
 1.31448
 -0.656144
 0.290953
 -0.662484
 0.64973
 -0.336439
 -0.891638
 0.52694
 -0.110497
 0.153087
 0.698841
 0.297603
 0.371156
 -1.06479
 0.538008
 -0.032678
 0.176669
 -0.594519
 0.1186
 0.393502
 0.0572634
 -0.627173
 0.735574
 -0.470323
 -0.503113
 0.891775
 0.938173
 -0.634151
 0.075215
 -1.35416
 0.378683
 -0.295661
 0.271533
 -0.487892
 0.62357
 -0.396033
 0.253158
 -0.108223
 0.583079
 -0.726426
 0.397725
 -0.0475431
 -0.482156
 -0.305971
 -0.443588
 -0.145736
 -0.577276
 -0.332906
 -1.16641
 1.69631
 0.452167
 -0.380362
 0.614071
 -0.223111
 0.0651404
 -0.0296697
 -0.0552473
 0.252951
 -0.0557922
 0.632435
 -0.5452
 0.633855
 -1.10004
 0.175755
 0.385945
 0.225069
 -1.16164
 -0.806956
 1.49877
 -0.150621
 -0.273819
 0.548682
 -0.0198139
 0.490305
 -0.333927
 0.663612
 0.192375
 -0.147444
 -1.12219
 0.685017
 0.924056
 0.0230199
 -0.934963
 0.207398
 -0.287354
 0.292173
 0.629752
 0.0856179
 -0.356674
 -0.228609
 0.988637
 0.435258
 0.00573071
 0.540827
 -0.018483
 -0.0914419
 -0.79402
 0.510444
 -0.303468
 -0.159586
 -0.542894
 0.101638
 -0.265629
 -0.132962
 0.413839
 0.26663
 -1.53538
 0.111956
 0.472795
 -1.26561
 0.61078
 0.339275
 -0.626249
 0.359947
 -0.104573
 0.722837
 0.563109
 0.604506
 0.429905
 -0.780274
 -0.0571192
 0.118153
 0.0242181
 -0.52637
 0.957885
 0.251114
 -0.665703
 0.766113
 -0.647979
 0.567795
 0.0714601
 -1.17541
 0.93682
 -1.22387
 0.429288
 -0.0202114
 -0.131215
 -0.26955
 -0.186755
 0.942827
 -0.455459
 0.649102
 0.843438
 0.657089
 -0.0237518
 -0.371274
 1.03729
 -0.748737
 0.414242
 -0.401977
 0.18741
 0.151326
 -0.937401
 0.0410656
 0.143489
 0.171283
 0.769341
 -0.781171
 0.515443
 1.32096
 -1.38797
 0.592137
 -1.23635
 0.52246
 0.521115
 -1.15946
 0.324902
 0.115874
 -0.556238
 1.81536
 -0.223115
 -0.625596
 -0.782054
 0.551648
 0.385365
 -0.161671
 -0.00155146
 -0.480077
 -0.152088
 0.00221612
 0.790513
 -0.582551
 0.641565
 0.0970902
 -0.552183
 -0.201934
 -0.482802
 -0.597789
 0.912542
 -0.761514
 -0.158329
 0.807056
 -0.806736
 -0.889876
 1.48375
 0.0827121
 0.617874
 0.718229
 0.24658
 -0.851752
 0.89532
 0.971479
 -0.34771
 0.62447
 -0.16611
 -0.699103
 0.22355
 0.45941
 0.588222
 -0.738097
 0.012717
 0.0653615
 0.197238
 -0.480537
 0.839164
 -0.674522
 0.00455464
 -0.072215
 0.708749
 -0.766813
 0.00621255
 -1.14164
 0.354697
 -0.0416211
 -0.102628
 0.538155
 -0.841306
 -0.112167
 -1.08178
 0.652343
 -0.0833561
 -0.436212
 -0.139126
 -0.0272731
 0.307558
 0.148487
 0.19793
 0.145649
 -0.323463
 2.05844
 -0.659951
 0.991752
 -0.648293
 0.178077
 -0.308673
 0.435387
 -0.58418
 -0.175254
 0.200193
 0.302477
 0.473966
 0.252499
 -0.539436
 0.656222
 -0.604343
 -0.710256
 0.507628
 1.04804
 -0.0405526
 -1.65465
 0.940328
 -0.789783
 0.424159
 0.140838
 0.649243
 0.70583
 -0.453033
 -0.0658263
 -0.479236
 -0.311221
 0.811625
 1.01729
 -1.01574
 -0.457778
 0.37732
 0.180719
 -0.170715
 0.513977
 -0.836019
 0.293117
 0.231648
 -0.543053
 0.28245
 0.56457
 0.172564
 -0.641448
 -0.151733
 0.913247
 -1.58776
 0.71501
 -0.0439273
 -0.303969
 0.275856
 -0.813905
 0.43686
 0.0100631
 0.332691
 0.075062
 0.709455
 -0.39117
 0.139178
 0.771419
 0.420057
 -0.610369
 -0.423219
 -0.475063
 -0.337361
 0.345839
 -0.557375
 0.980514
 -0.664693
 1.0507
 -0.664913
 0.927692
 0.0584146
 0.640523
 -0.530357
 0.444067
 -0.36181
 -2.31511
 0.752951
 0.189395
 -0.269817
 -0.0672148
 0.275627
 -0.918732
 0.763985
 -0.779352
 -0.171549
 0.0928679
 -0.235045
 -0.0420517
 1.0069
 -0.188018
 0.721734
 -0.0246966
 0.229406
 0.581697
 -0.777087
 -0.688493
 -0.0646465
 0.532763
 -0.046301
 0.0935407
 -0.782205
 0.526217
 -0.737309
 -0.436456
 0.355386
 -0.524971
 0.6441
 0.133449
 0.477959
 -0.394498
 -0.149276
 -0.295206
 -1.40949
 -0.0307923
 0.592473
 0.939428
 -0.222139
 -0.271876
 0.135518
 0.155995
 -1.18316
 1.37992
 -0.141718
 -0.689272
 0.141038
 -0.775213
 0.710025
 -0.295101
 0.379396
 -0.800355
 0.425711
 0.943245
 -0.066193
 0.312499
 -1.14026
 0.105132
 1.32513
 -0.633841
 -1.10779
 -0.528335
 -0.250505
 -0.124627
 -0.875034
 0.902573
 -0.0849081
 -0.0649742
 -0.124611
 0.799049
 -0.603977
 0.267619
 -0.477673
 0.157534
 -0.522553
 0.244659
 -0.669157
 -1.47386
 0.500136
 -0.483092
 -0.0473387
 0.142744
 0.0879222
 1.16584
 0.859513
 -0.710425
 0.63428
 -0.13141
 -0.151081
 -0.174338
 -0.835042
 0.121472
 -0.274305
 0.886954
 -0.0229013
 -0.16478
 0.202926
 0.143094
 0.316891
 -0.0517357
 -0.934198
 0.214732
 0.00449192
 -0.889099
 -0.161118
 0.462184
 -1.38244
 0.48232
 0.192436
 0.274691
 1.52506
 -0.766182
 0.49959
 -0.40647
 0.514161
 -0.236896
 -0.456467
 0.960266
 -0.755029
 -1.86207
 0.346498
 0.704683
 -0.0478841
 0.778749
 0.216621
 0.274762
 -0.328035
 -0.20414
 -0.178906
