 -1.06694
 2.51427
 -2.33263
 2.89495
 -1.1235
 -1.17836
 0.235991
 1.08089
 -0.768989
 3.95681
 -2.36732
 2.32837
 -1.16192
 1.67126
 1.03969
 -1.10292
 -0.217764
 0.162136
 0.202605
 -2.10373
 0.662744
 0.872233
 1.54657
 -1.30457
 -0.214145
 -0.628478
 -0.871306
 0.885924
 -0.693055
 0.481936
 -1.74727
 0.350856
 -0.378384
 -1.38218
 1.54843
 0.965402
 1.05721
 0.35453
 -0.48352
 0.0751376
 -1.35507
 1.62647
 0.174239
 0.619116
 -1.26359
 -0.222907
 -0.105879
 0.252604
 0.0509142
 -0.332102
 1.48385
 1.67002
 -1.77219
 -0.49345
 -0.900629
 0.421457
 0.692523
 0.210737
 0.120692
 -0.521248
 0.0646833
 -1.09171
 -0.0293695
 -0.459325
 0.77929
 0.762422
 -2.34851
 0.572252
 -0.199804
 0.225978
 0.575644
 -1.90759
 0.163529
 -0.715719
 0.713036
 -1.48489
 0.0824125
 -0.304758
 1.10106
 -1.52837
 -0.940762
 1.61794
 -3.57105
 1.36215
 -1.2116
 0.707281
 -1.49015
 0.883014
 -1.37261
 1.82
 -0.188019
 -0.189505
 -0.233538
 -0.899215
 0.607549
 1.00674
 -0.621305
 0.747482
 -0.317244
 -0.132624
 -0.857789
 -0.0281924
 -0.627883
 2.34859
 -1.01966
 -1.02272
 1.00862
 -1.29005
 0.854116
 -1.64245
 0.026836
 0.786007
 0.675483
 2.68832
 -2.41567
 1.73601
 1.0892
 -1.28781
 0.592225
 0.899699
 -0.621512
 -0.669001
 -1.06043
 -0.410787
 -1.39197
 0.205368
 -0.401499
 0.687547
 -1.56407
 1.55342
 -0.212546
 1.13698
 0.583187
 0.335074
 -0.706243
 1.54183
 -1.53115
 1.97809
 0.221742
 -0.667882
 0.926777
 -0.0582057
 -0.0682922
 0.969483
 0.539375
 -0.3571
 -1.76651
 1.18599
 0.154303
 0.225933
 0.783194
 0.285764
 -1.80435
 1.37466
 -0.134425
 0.562344
 0.598756
 0.257166
 0.664836
 -1.88751
 0.601166
 0.288717
 -0.780389
 0.026399
 0.691628
 -0.798946
 2.32198
 -0.549324
 0.114225
 1.24963
 -0.859166
 1.63982
 -1.25067
 -0.181857
 -0.272042
 1.95997
 -0.121248
 -0.0617614
 -0.548342
 -0.317629
 1.10761
 -1.13583
 2.99936
 0.0333964
 -1.2196
 1.49771
 -0.309058
 -0.113779
 -1.52409
 1.05144
 0.418897
 -0.106293
 -0.0302382
 -1.79567
 1.87855
 -0.16479
 -0.00846014
 -0.837093
 0.208691
 -1.28455
 0.428548
 0.459161
 0.0735186
 -1.44667
 3.63166
 -1.43149
 0.734142
 -2.07704
 1.58733
 -0.652138
 1.20168
 0.0819692
 0.412392
 -0.230031
 -1.60867
 2.5559
 -1.64336
 1.59221
 0.360593
 -0.849668
 0.105487
 -0.695302
 0.30398
 -0.767165
 1.22318
 -0.604979
 1.1798
 0.39862
 -0.502013
 0.507467
 -0.104129
 -0.287295
 -0.179787
 0.320014
 0.487162
 -1.36082
 0.173395
 0.585716
 -0.832815
 -0.798273
 0.54165
 1.75533
 -0.458979
 -0.349218
 -0.274372
 -0.729007
 0.912652
 -0.563333
 0.347451
 -0.21977
 -0.123218
 0.432381
 -1.01797
 0.685152
 0.822916
 -1.41725
 0.548321
 -0.631098
 -0.469454
 -1.05971
 1.34089
 -2.22293
 1.59993
 0.381726
 -0.709878
 -0.389283
 -1.26588
 2.49375
 0.556699
 -0.207337
 0.803429
 0.887254
 -1.41413
 1.17061
 -0.629805
 -1.64679
 1.66421
 -2.98308
 0.427059
 -2.87258
 -0.0384257
 -0.335704
 -1.11309
 0.488961
 -0.889833
 -0.708692
 2.91835
 -0.353773
 1.75244
 -0.128464
 -0.0853746
 0.184693
 1.27056
 -1.25274
 0.626317
 -0.293252
 1.51203
 -2.19115
 2.23487
 -1.24024
 0.000166838
 -2.45398
 0.619277
 -0.6482
 -1.75925
 2.23363
 -1.08603
 0.262596
 -0.338602
 0.84274
 0.429986
 -0.260048
 0.0359947
 1.63522
 -0.55979
 1.11281
 -0.369829
 -0.450795
 0.315395
 -2.10658
 1.29552
 -3.02649
 2.53432
 -2.5201
 0.720953
 -0.566446
 -0.07607
 0.166964
 -0.158302
 -0.534516
 1.57572
 -1.00836
 0.996188
 -0.901574
 0.331845
 0.276636
 -2.18956
 1.98647
 -1.33966
 1.50156
 -1.70999
 0.610743
 0.837063
 0.252985
 -0.322073
 0.943537
 -0.58179
 -0.932215
 1.24389
 -1.48229
 0.858931
 -0.725553
 1.00842
 0.0787655
 -0.992098
 0.355744
 -1.3921
 2.39291
 -0.900017
 1.98708
 -0.871722
 1.92598
 0.0997725
 1.04541
 1.02692
 0.403753
 -0.0816551
 -0.576583
 -0.394189
 -0.545624
 -0.433585
 -0.199204
 -0.0945691
 -0.74949
 0.574401
 0.649046
 -0.38513
 -0.677795
 -1.40047
 0.972473
 -0.639266
 0.488934
 -0.641911
 0.681289
 0.321936
 0.279352
 -1.00306
 0.0240474
 0.581235
 1.04911
 -2.04591
 1.58067
 -1.37849
 0.853303
 -0.861779
 1.97114
 -0.420303
 -0.0846277
 1.43716
 -0.49321
 3.07388
 -0.058257
 1.10789
 -0.377202
 1.28638
 0.211898
 1.58948
 -0.468428
 0.874254
 -0.742941
 1.99673
 0.184628
 1.75841
 -2.16127
 1.29874
 -0.227342
 -0.0386011
 0.985187
 -0.190379
 1.01219
 -0.112668
 1.10941
 1.69664
 -1.56133
 1.15354
 -2.33002
 0.401712
 -1.43116
 -0.641426
 0.151064
 0.0967271
 1.21458
 -1.42534
 -0.124024
 0.156863
 -1.44956
 0.41203
 -1.04649
 1.73234
 -0.161756
 1.82133
 -0.854014
 1.348
 -0.892592
 0.426089
 -0.72213
 1.86773
 -0.636308
 0.940559
 1.14563
 -1.00887
 -1.80905
 -0.177143
 -0.420266
 -0.830294
 1.72807
 -2.91016
 0.826393
 -0.250567
 0.136119
 -0.374552
 -0.145803
 0.662469
 0.716714
 -0.665278
 0.305366
 -0.80598
 0.837329
 -0.175922
 -1.02031
 0.842499
 -0.751895
 -0.0610804
 1.92299
 -0.78076
 0.948636
 0.0375493
 -0.0497898
 0.949539
 1.26408
 -2.18073
 -0.841403
 -1.40066
 0.715421
 -1.02386
 0.346956
 0.490629
 1.31818
 0.599557
 0.31305
 -1.46686
 2.17708
 -1.40422
 0.949243
 0.288335
 -0.608023
 -0.720756
 -0.0680001
 -0.198335
 -0.187747
