 -0.0411669
 -0.171206
 0.10478
 0.00439467
 -0.0592744
 -0.00704771
 -0.199539
 0.0847173
 0.204151
 0.0579355
 -0.0525939
 -0.0419633
 -0.00399594
 -0.0113229
 0.0395999
 -0.0452955
 0.0448065
 0.0964623
 0.0245561
 0.032781
 -0.11349
 0.0354514
 -0.21718
 0.01268
 -0.160443
 -0.0353392
 0.0405011
 -0.0254647
 0.0718809
 -0.0547952
 0.126584
 0.0344788
 -0.0542445
 -0.0776203
 -0.0162888
 0.150293
 0.146128
 -0.113958
 0.00713634
 -0.0550524
 -0.0300442
 -0.105169
 0.00753102
 0.208277
 -0.00799132
 -0.0724302
 -0.13127
 0.0361876
 -0.069783
 0.145449
 -0.0963981
 -0.00940988
 -0.0098219
 -0.190723
 -0.101525
 -0.0512757
 -0.0195634
 0.154981
 0.178277
 0.0113635
 -0.0334212
 0.0186195
 0.117805
 -0.0336
 -0.0162953
 -0.0307387
 0.0380205
 0.0142838
 0.05064
 -0.00102148
 -0.017762
 0.0956794
 -0.141718
 -0.118646
 0.0127251
 0.0743167
 0.0134291
 -0.0702335
 0.0365259
 0.0557901
 -0.0623558
 0.0917196
 -0.0959745
 -0.00984554
 -0.031441
 0.00412879
 0.0614038
 -0.198937
 0.0524728
 -0.208193
 0.0919987
 0.111088
 -0.047059
 -0.00110111
 0.0469673
 -0.0841721
 -0.174218
 0.0920609
 0.0201451
 -0.0444466
 0.00255598
 -0.00826219
 0.168022
 0.064058
 0.0571975
 0.0388719
 0.0894127
 -0.0259573
 -0.0885336
 -0.13628
 0.295346
 -0.0424304
 -0.0546148
 -0.0721501
 0.0120164
 -0.00382993
 -0.0377653
 0.072756
 0.0509381
 -0.00157384
 -0.0140867
 -0.0252007
 -0.06932
 0.11429
 -0.0287963
 -0.123801
 0.0349292
 -0.0362339
 -0.0236591
 -0.0751882
 -0.0090131
 0.0243451
 -0.16571
 0.00288291
 0.00434448
 -0.0573154
 0.258891
 -0.0620957
 -9.28178e-05
 0.111873
 -0.0539373
 -0.085195
 0.0227856
 0.142611
 -0.105735
 -0.0790399
 0.0189579
 0.00244812
 -0.0113616
 -0.0881815
 0.098745
 -0.147289
 -0.015538
 0.155294
 0.00925689
 -0.0207639
 0.0117474
 0.393331
 0.165851
 -0.0535772
 0.00225586
 0.118907
 0.0780069
 -0.182479
 -0.0529709
 -0.0494857
 0.146233
 0.113209
 0.0104817
 -0.0479422
 -0.261345
 0.0138125
 -0.0821239
 0.178415
 -0.0381459
 -0.0555214
 0.0233432
 0.0569596
 -0.00813717
 -0.0769499
 0.0656783
 0.069936
 0.0152728
 0.159038
 0.233456
 -0.0888439
 -0.0240505
 0.0392444
 0.0943883
 0.0901009
 0.0741404
 -0.0991019
 0.105564
 -0.0774553
 -0.206768
 -0.0477725
 0.00288752
 -0.0496499
 -0.0173795
 0.041942
 0.0203608
 0.0978117
 0.0275329
 0.00411738
 0.025444
 0.0652645
 -0.121629
 0.129882
 0.0926213
 -0.102078
 -0.259247
 0.0387091
 0.0976676
 0.042965
 -0.165312
 0.0530922
 -0.135382
 -0.0252377
 -0.0022959
 0.0333472
 -0.0410241
 -0.0474126
 0.074812
 0.149523
 -0.0399231
 -0.0381412
 0.00130483
 -0.00247783
 0.00492588
 0.110732
 0.0206524
 -0.0743665
 0.0839528
 0.0408861
 0.175536
 -0.166565
 -0.00272026
 -0.0572119
 -0.0448505
 0.0510263
 0.248028
 -0.110981
 -0.0593812
 0.0805624
 0.0282794
 0.0698105
 0.0223538
 0.0518372
 -0.0107902
 0.0453633
 -0.045458
 0.178498
 -0.0510194
 0.0950142
 -0.157005
 -0.0283461
 -0.000900988
 0.00655831
 -0.0636996
 0.0868107
 -0.0200553
 0.0378446
 0.134572
 -0.0238925
 -0.129522
 0.116327
 0.161784
 0.011886
 0.152358
 -0.0476495
 0.0108541
 0.0794216
 0.0138057
 -0.0402959
 -0.0224507
 0.0298544
 0.0452975
 -0.00764407
 0.0627663
 0.0960983
 -0.0806523
 0.0345517
 0.0179539
 0.118429
 -0.0473072
 -0.00420498
 0.276407
 0.028785
 0.0283282
 0.168214
 0.090015
 0.0757961
 -0.108526
 -0.0653394
 0.117682
 0.00291193
 0.0830228
 -0.0216344
 0.0687023
 0.00256358
 0.0791557
 -0.143662
 -0.0423831
 0.0163847
 0.0958807
 -0.0902935
 0.0885463
 -0.059143
 -0.18149
 0.130925
 -0.0259169
 -0.084567
 -0.08393
 0.0377786
 0.0540216
 -0.0102672
 0.078655
 0.135337
 -0.246924
 -0.0246989
 -0.00619428
 -0.118677
 2.28881e-05
 -0.0241952
 -0.117164
 -0.052251
 0.085636
 -0.0269579
 -0.0670803
 0.0561315
 0.0012152
 0.11626
 -0.0657467
 -0.112011
 0.0182519
 0.0672017
 -0.00752789
 -0.0288894
 -0.0426619
 -0.00244955
 -0.0504402
 0.0443237
 0.145284
 -0.107797
 0.111366
 -0.0511602
 -0.228469
 0.0759168
 0.206852
 -0.138951
 -0.014108
 0.0414741
 0.0586569
 -0.0504431
 -0.0730907
 -0.0616061
 0.00609918
 -0.0210668
 -0.103305
 -0.0165487
 0.00095182
 0.0247483
 0.135642
 -0.104406
 -0.160601
 -0.0925607
 0.0420438
 0.0116646
 0.0561709
 0.17213
 0.0226894
 -0.0451958
 -0.205494
 -0.0437089
 -0.0515632
 0.102585
 -0.0288943
 0.0764691
 -0.0502062
 0.0485113
 -0.122277
 0.050031
 -0.13096
 0.0600754
 -0.0633457
 0.114267
 0.0996588
 0.0372795
 0.091786
 0.026006
 -0.0736662
 -0.160666
 -0.119895
 -0.165924
 -0.120119
 0.0304131
 -0.00266706
 0.0539242
 -0.082453
 0.0120401
 0.0320111
 0.104118
 0.0274084
 -0.130441
 0.175316
 -0.0987686
 0.104937
 0.0553305
 0.0374899
 0.108831
 -0.0252283
 -0.0271956
 -0.0866765
 -0.13124
 0.145296
 -0.0522423
 0.0627659
 -0.069153
 -0.0690945
 -0.0331589
 0.0423266
 -0.0720257
 -0.110868
 -0.00786589
 -0.111356
 -0.0657059
 0.0900975
 -0.0794312
 0.0446752
 0.0270526
 0.03468
 0.099441
 -0.101421
 0.0734118
 0.213055
 -0.0149104
 0.060062
 -0.00615344
 0.046123
 -0.0586515
 -0.0267323
 0.0141686
 -0.049621
 -0.103215
 0.087047
 -0.0244584
 -0.136178
 -0.00189575
 0.0372767
 -0.208505
 -0.0682771
 -0.108518
 0.0824674
 0.0165295
 -0.0363079
 0.257927
 -0.122963
 0.0384414
 -0.187677
 -0.0420386
 -0.00250139
 -0.166275
 0.0169153
 0.220672
 0.0698065
 -0.0805405
 0.147322
 -0.0920592
 0.0973792
 -0.0407199
 -0.185405
 -0.125232
 -0.167257
 -0.0770315
 0.0742398
 -0.23023
 0.0735734
 -0.0437184
 0.0462428
 -0.0266725
 -0.0919248
 -0.00534691
 -0.0305393
 -0.0491715
 0.015972
 0.0812648
 -0.0588381
 -0.155711
 0.213801
 -0.00230545
 -0.0231406
 -0.0706676
 -0.0863565
 0.122412
 0.0711224
 -0.111387
 0.0236231
 -0.033623
 0.091728
 -0.000683619
 -0.0651465
 -0.0254113
 0.124574
 0.0179982
 0.0201562
 -0.0747602
 -0.15911
 0.0822151
 -0.104062
 -0.0795187
 0.125338
 -0.14371
 -0.0527923
 -0.107845
 0.0746918
 0.0865458
 0.10529
 -0.00441791
 0.110494
 0.130796
 -0.0734048
 0.0318315
 -0.095817
 0.0722238
 -0.047761
 -0.0826089
 -0.104165
 -0.0757282
 0.0526146
 0.152425
 -0.0261256
 0.000744777
 0.00786739
 0.11271
 0.0527291
 0.0788302
 0.0643463
 0.0747384
 0.0100285
 0.149378
 -0.130185
 -0.0938618
 0.0269577
 0.152038
 -0.100072
 -0.152969
 -0.0688299
 0.0520852
 0.021265
 -0.0280215
 0.0416621
 -0.0788626
 -0.000111895
 0.104517
 -0.115184
 0.150519
 0.248383
 0.0822512
 0.0362468
 0.102323
 0.0770123
 0.0769669
 -0.013068
 0.0607467
 -0.0587823
 0.0177221
 -0.104324
 -0.0970864
 -0.0859075
 0.0574062
 -0.0251533
 -0.00161942
 0.0750657
 -0.0886911
 -0.189873
 -0.0627562
 0.0858782
 0.0681272
 -0.0020627
 -0.00952792
 -0.00623807
 0.00302902
 -0.0243251
 -0.0120776
 0.0384516
 0.0204284
 -0.201814
 -0.039425
 -0.0301799
 0.0167624
 -0.0828745
 -0.0347921
 0.0730084
 -0.0738888
 0.0575297
 -0.0335438
 -0.167695
 -0.138209
 -0.0127205
 0.116793
 -0.0731331
 -0.0760563
 -0.00591337
 -0.114505
 0.099867
 -0.0891419
 -0.0417095
 0.103307
 -0.0443502
 -0.0948752
 -0.0540086
 0.0318085
 -0.19246
 -0.0944238
 -0.0862742
 0.0826049
 -0.0679975
 -0.0202481
 0.071104
 0.087755
 0.00756635
 -0.0478278
 0.0413708
 0.124831
 -0.119075
 0.180192
 0.146212
 0.0667712
 -0.0660756
 0.153575
 0.0837336
 0.00886956
 -0.202575
 0.109396
 0.100175
 -0.071771
 -0.0649098
 -0.124907
 0.260286
 0.0358374
 -0.0698865
 -0.0597892
 0.0378246
 0.142921
 0.0493616
 0.0195623
 -0.0246036
 0.225927
 -0.0495028
 -0.130028
 -0.224388
 0.0106981
 -0.0531983
 -0.0632556
 -0.190975
 -0.000264159
 -0.0601257
 -0.0529107
 0.130909
 -0.00397319
 0.0544261
 -0.106912
 -0.136535
 -0.0155761
 0.0697019
 0.0922725
 -0.038637
 0.203655
 -0.062226
 0.0414076
 -0.0579715
 0.0338393
 0.018786
 0.00845726
 -0.102509
 -0.10302
 0.100866
 -0.0140386
 0.0789099
 0.0274441
 -0.12997
 -0.224636
 0.0844395
 -0.0535026
 -0.0165177
 -0.0838319
 -0.0554161
 -0.0530003
 -0.0439148
 0.0239391
 -0.0126183
 -0.0235773
 0.0210281
 -0.0334582
 0.0100622
 -0.0236763
 -0.0238875
 -0.0403779
 0.128787
 -0.0616021
 -0.0229557
 0.0396163
 0.163563
 -0.130215
 -0.0632659
 -0.126506
 -0.00640959
 0.0578594
 0.00195768
 -0.127629
 0.174558
 0.0120167
 -0.0412096
 -0.0136567
 -0.217182
 -0.0373309
 0.102852
 -0.122442
 0.0772819
 0.0242403
 -0.184097
 -0.104831
 0.0125784
 -0.00907549
 0.00291424
 -0.022103
 -0.0185185
 0.0267647
 0.164934
 -0.112556
 0.0361808
 -0.0673385
 0.119177
 -0.101375
 0.0700417
 0.108155
 0.0375279
 0.0390055
 -0.11956
 0.0383958
 0.0207684
 0.208498
 -0.0719378
 0.0535151
 0.0619563
 -0.00057133
 0.189285
 -0.0667395
 -0.05162
 -0.13563
 0.105346
 0.187722
 0.00632083
 0.00287651
 0.171253
 -0.0914969
 -0.0358095
 -0.282802
 0.0546173
 -0.19106
 0.10314
 0.159704
 0.0465068
 -0.0772417
 -0.016279
 0.151028
 -0.0846659
 -0.0916146
 -0.0839933
 -0.0873494
 0.0845868
 0.0939418
 -0.0233764
 0.145373
 -0.0786427
 -0.0918048
 -0.0592592
 -0.0190848
 0.104937
 -0.123584
 0.0315552
 -0.0439345
 0.0298193
 -0.0966333
 0.0278573
 0.116487
 -0.0123847
 0.113364
 0.0389918
 -0.117451
 0.00280773
 -0.13597
 -0.00551477
 -0.0766418
 -0.0268783
 0.034058
 -0.209811
 0.0452405
 0.0110352
 0.112193
 -0.035327
 -0.0531191
 0.0206815
 -0.118541
 0.020562
 0.127355
 -0.0616903
 0.0944043
 -0.0583692
 -0.0261233
 0.0231811
 0.182946
 0.195932
 0.0893019
 -0.00663706
 0.0343906
 -0.0394827
 0.11914
 0.142923
 -0.0453273
 -0.0307972
 0.137984
 -0.208577
 0.0606832
 0.209189
 -0.0192034
 -0.0521495
 -0.062804
 0.100407
 -0.0226155
 -0.0308386
 -0.0615384
 -0.0342298
 0.0565455
 0.0575592
 0.170528
 0.105023
 0.00500979
 -0.106719
 0.0566466
 -0.0321472
 -0.164854
 0.0840147
 0.0925555
 -0.220699
 0.112175
 0.061287
 -0.0211034
 -0.0669745
 -0.0384254
 -0.0624348
 0.123189
 -0.0543892
 -0.0220829
 -0.091101
 -0.129429
 -0.0725093
 0.1715
 -0.0826777
 0.14461
 0.0826483
 0.109759
 0.107138
 0.174187
 0.100612
 -0.0226376
 0.00642956
 -0.0306474
 0.0212
 -0.160163
 -0.0117527
 -0.0120225
 -0.00416441
 -0.00437745
 0.0749025
 -0.0925999
 -0.0213808
 0.0260311
 -4.22369e-05
 -0.00441387
 -0.0128141
 -0.0709925
 -0.0889782
 0.166889
 -0.0498185
 0.000810568
 0.0618575
 -0.0568696
 -0.0709285
 0.0536981
 -0.195548
 -0.0220771
 -0.0456092
 -0.0813963
 -0.0556144
 -0.10957
 0.000567979
 0.0517441
 -0.0270649
 0.0645838
 -0.186099
 0.154781
 0.161006
 0.105302
 -0.0342101
 -0.0665972
 0.00285651
 -0.0488179
 0.12324
 0.0660497
 0.103821
 0.00307699
 0.113824
 0.00550521
 0.0475898
 -0.0592018
 0.0197381
 0.192613
 -0.108584
 -0.0624937
 0.156373
 0.00726101
 0.0893429
 -0.0360833
 -0.0115554
 -0.170904
 0.0930037
 -0.160094
 -0.0410175
 -0.179957
 -0.103091
 0.0570006
 0.0967181
 0.13188
 -0.0810404
 0.21135
 -0.0201519
 -0.234088
 0.0854737
 0.0124612
 0.201234
 -0.0332014
 0.0886808
 -0.111258
 0.0281393
 -0.00522788
 0.0968298
 -0.163025
 0.0972979
 0.120114
 0.035211
 -0.207522
 -0.0722394
 -0.276375
 0.0138558
 -0.152558
 -0.153895
 -0.000693522
 -0.048049
 -0.0409536
 -0.0727978
 -0.0482872
 0.144806
 0.152409
 0.204643
 -0.0555782
 -0.195425
 -0.164253
 -0.0899005
 -0.0237763
 -0.0144893
 0.00759659
 -0.0971744
 0.238463
 0.052803
 -0.0156864
 -0.115828
 -0.0490854
 -0.035051
 -0.138338
 -0.0270128
 -0.0919501
 -0.0466878
 0.0170212
 0.0671144
 0.162678
 0.024408
 -0.125925
 0.0972119
 0.143108
 -0.0887833
 0.106342
 -0.135579
 -0.0640893
 -0.029649
 -0.0490095
 0.0597408
 -0.0570281
 -0.133983
 -0.00237388
 0.136303
 0.0740967
 -0.103606
