 -0.714051
 -0.941426
 -1.49035
 -1.22721
 -0.861185
 -0.383018
 0.370418
 0.763371
 1.19075
 1.46495
 1.07952
 1.28418
 -1.11941
 -1.12898
 -1.36593
 -0.634635
 -0.358369
 -0.0129462
 1.09845
 1.02025
 1.53837
 0.832527
 0.81426
 -0.0291974
 -0.207349
 1.81582
 2.61111
 1.42156
 0.685066
 0.403464
 0.545035
 -0.727348
 0.211387
 -0.478078
 -1.7799
 -2.71949
 -2.25149
 -0.583541
 0.0469535
 0.77094
 1.24228
 1.83232
 0.981517
 -0.539357
 0.0643377
 0.706056
 -0.50787
 -0.818318
 -0.0547748
 1.14633
 0.797393
 0.933812
 0.17408
 0.844058
 0.44603
 -0.478205
 -0.00139177
 -0.213287
 -0.158529
 0.678744
 0.964481
 1.19406
 -0.0994187
 0.407906
 0.356215
 0.571173
 -0.109176
 -0.116263
 0.286461
 0.384231
 -0.213346
 0.299314
 0.0169383
 -0.549574
 0.2168
 1.10191
 0.496676
 0.516192
 -0.923998
 -0.801333
 -0.852858
 -0.697974
 -0.921889
 -0.301889
 -0.576456
 -0.389918
 -0.460388
 0.354671
 -0.533497
 0.0559811
 -0.12894
 -0.656378
 -0.890618
 -1.34238
 -1.40242
 -1.74602
 -1.80938
 -2.93782
 -1.11961
 -0.3954
 -0.687955
 -0.0906377
 -0.412171
 -0.359824
 -0.358779
 -0.396339
 -0.193654
 -0.104294
 0.62086
 0.117299
 0.253971
 -0.648092
 -0.47727
 0.0422167
 0.280029
 -0.845651
 -1.69085
 -0.277822
 -0.318406
 -0.576217
 -0.0484132
 0.0195269
 0.590203
 0.0576207
 0.740882
 0.98315
 0.628854
 -0.469029
 0.165731
 1.17649
 1.17958
 0.0777185
 0.288209
 -0.0595277
 0.176247
 0.908135
 0.632763
 0.428105
 0.129101
 0.977953
 1.53208
 1.4942
 1.79622
 1.60694
 1.51024
 0.562306
 0.827998
 0.451004
 0.278739
 -0.178702
 -0.335612
 -0.340401
 -0.577843
 -0.330418
 0.105579
 -1.35085
 -1.59948
 -1.35844
 -2.40243
 -1.74355
 -1.19581
 -1.79264
 -1.34553
 -1.07317
 -0.337811
 0.346266
 0.772208
 1.09418
 0.251712
 0.0540117
 0.425361
 0.307226
 -0.105922
 0.512668
 0.883857
 0.159423
 0.708837
 -0.0294365
 0.42854
 0.54993
 -0.750857
 0.0778161
 -1.08906
 -0.972307
 -0.972417
 -0.852235
 -1.12579
 -1.29688
 -0.325975
 -0.72605
 -0.122357
 0.934333
 1.40385
 1.45986
 1.08424
 1.95839
 1.33444
 1.64026
 1.13228
 1.15368
 1.17332
 0.0124936
 -0.084987
 0.106263
 0.302339
 1.04331
 0.370347
 0.496394
 1.7556
 0.725454
 1.23536
 -0.249477
 0.0967853
 0.669509
 -0.364397
 -0.248558
 0.11503
 -0.438293
 1.2913
 1.32087
 0.598473
 -0.271686
 0.0784904
 0.399442
 0.3429
 0.362785
 -0.121808
 -0.379941
 -0.395575
 0.324727
 -0.227513
 0.38526
 0.345055
 -0.187467
 -0.660399
 -0.90307
 -1.55212
 -0.447435
 -1.08392
 -1.24679
 -0.573943
 -1.00873
 -1.84127
 -0.553006
 -0.31011
 0.310589
 1.03891
 1.18675
 0.239534
 0.882105
 1.89983
 1.47678
 2.06596
 1.80981
 1.10971
 1.14808
 1.46417
 1.9451
 1.2734
 1.01454
 1.03251
 1.06608
 0.348357
 1.18441
 0.61042
 0.301698
 0.149836
 0.943597
 -0.0306924
 -0.0555012
 -1.20163
 -1.0477
 -0.911194
 -0.93009
 -0.360275
 -1.13685
 -1.22737
 -2.19741
 -1.78142
 -1.67881
 -1.79459
 -1.81678
 -1.61535
 -1.24751
 -0.854447
 -0.590946
 -0.625028
 -0.755037
 1.27662
 0.775426
 1.64415
 1.06359
 1.26499
 0.82385
 1.04497
 0.411842
 0.0287295
 0.276251
 0.527173
 1.00167
 1.07831
 0.6008
 1.14247
 0.431644
 -0.497618
 0.0951396
 1.05642
 1.15447
 -0.481227
 -0.0992021
 -0.730339
 -0.225963
 0.0422814
 0.661311
 1.2783
 0.814721
 0.591719
 -0.00719341
 -0.117194
 0.533681
 1.51749
 0.705987
 -0.0546197
 0.240495
 0.551413
 0.345865
 0.749737
 -0.0882866
 0.116141
 0.310264
 -0.186271
 -0.134356
 0.624725
 0.822585
 0.0242542
 -0.336688
 0.606208
 -0.974698
 -0.59914
 -0.513871
 -0.745657
 -0.553295
 -1.37474
 -0.704604
 -0.702268
 -0.222121
 0.138531
 0.698287
 0.086852
 0.383606
 1.10925
 1.43865
 0.679315
 0.23165
 -0.282627
 -0.689814
 -0.405809
 -0.829663
 0.260988
 -0.423712
 0.543152
 -0.137982
 0.53379
 0.751568
 1.43798
 0.867878
 1.13437
 0.673714
 -1.73983
 -1.08286
 -0.586658
 -0.703632
 -0.60629
 -0.37363
 -1.16442
 -0.509343
 -1.08296
 -1.27983
 -1.0012
 -1.23824
 -1.04152
 -0.0952304
 -0.0604897
 0.514596
 0.550648
 0.617168
 1.11091
 0.261194
 -0.694347
 -0.744591
 -0.104443
 0.0491903
 0.200468
 -0.436981
 0.0642674
 -0.711634
 -1.12802
 -0.745419
 -1.01564
 -0.363329
 -0.152429
 0.294894
 -0.0680412
 -0.161186
 -0.70655
 -1.94954
 -2.34406
 -1.4302
 -0.270332
 -0.489653
 -0.711688
 -0.578957
 -0.269395
 -1.29398
 -0.301572
 -0.203924
 -0.989511
 -0.686677
 -1.34457
 -0.562894
 -0.776636
 -0.312247
 -0.940544
 -0.516333
 0.665971
 0.595548
 0.760709
 -0.331047
 -0.386024
 1.00163
 0.468096
 -0.859149
 -1.28348
 -1.53734
 -1.66856
 -2.22935
 -1.51661
 -1.24865
 -1.27759
 -1.22956
 -0.350672
 -0.883466
 -0.524336
 -0.81183
 -0.787129
 -1.15366
 -0.691031
 -1.31186
 -2.7169
 -1.86408
 -2.1635
 -2.00295
 -1.72904
 -1.43229
 -0.100458
 0.556152
 0.0740951
 0.442225
 0.492186
 0.282214
 0.0942556
 -0.589108
 -0.588932
 -0.999183
 -0.0346272
 0.114265
 -0.213256
 0.14043
 0.188892
 0.637206
 0.696594
 -0.249944
 -0.0266938
 0.0300819
 -0.943197
 -0.80565
 -0.52518
 -1.69192
 -1.5511
 -1.1132
 -0.657948
 0.947913
 0.390579
 0.729798
 0.212849
 0.571061
 0.386989
 0.0456487
 0.607187
 -0.0487806
 -2.04019
 -1.65271
 -0.723031
 -0.760875
 0.0335934
 0.443129
 0.630931
 0.297594
 -0.058989
 -0.217535
 -1.23929
 0.0699397
 -0.906158
 0.0577061
 0.625735
 -0.89988
 -1.72429
 -1.61414
 -2.32162
 -0.377239
 -1.255
 -0.604592
 -0.970127
 -0.442557
 0.961947
 0.855752
 0.345921
 0.747676
 1.27304
 -0.21687
 -1.2675
 -0.672358
 1.09384
 1.2932
 1.06425
 0.947484
 0.372593
 0.825196
 0.818822
 1.29734
 0.530732
 0.180867
 0.105044
 -1.58371
 -2.10929
 -1.27049
 -0.248267
 0.402862
 0.333363
 0.158949
 -0.747823
 -0.409924
 0.178413
 0.929365
 0.55696
 -0.100038
 -0.446709
 -0.632675
 -0.704183
 -1.36409
 -0.729797
 1.2904
 1.38627
 0.480249
 -0.202927
 -0.645982
 -0.12468
 0.451347
 0.954491
 0.852232
 1.17857
 0.632218
 0.256219
 -0.053031
 0.438902
 1.64328
 0.82276
 0.196629
 0.36838
 0.667035
 1.73209
 1.12035
 0.736634
 0.595393
 1.33768
 0.852482
 0.343764
 0.33453
 1.56451
 1.71952
 0.766917
 2.20334
 1.09951
 0.711203
 0.556224
 0.765955
 0.128283
 0.193225
 -0.740639
 -0.271674
 0.345933
 0.31593
 0.144746
 -0.654924
 -0.898912
 0.140791
 0.126803
 0.489482
 0.59892
 0.593933
 0.220391
 -0.285903
 -1.11378
 0.549603
 1.1308
 0.300953
 0.754722
 0.165276
 0.519477
 -0.482422
 -1.95495
 -2.09377
 -1.83923
 0.241265
 -0.420326
 -0.845681
 0.672236
 0.190457
 0.0877851
 1.2757
 1.89587
 1.9615
 1.52381
 1.30513
 0.620217
 0.0371986
 -0.184998
 0.113268
 -0.985171
 -1.506
 -1.65445
 -1.29889
 -0.494294
 -0.3203
 -0.981051
 -0.0775052
 -0.950245
 -0.693596
 -0.261183
 -0.740835
 -0.429159
 -0.285595
 -0.613243
 -0.178259
 0.738502
 0.936812
 -0.408581
 -1.07825
 -0.650997
 -0.565276
 0.233547
 0.769206
 -0.503987
 -0.866399
 -0.709049
 -0.811417
 -0.179263
 0.308644
 1.13572
 0.203941
 -0.383541
 0.178687
 -0.243612
 -0.921296
 -0.844224
 -1.67052
 -0.622943
 -0.575337
 -0.915877
 -0.20833
 -0.565614
 0.294982
 0.0396897
 -0.778272
 -1.53914
 -0.364037
 0.0905806
 0.142879
 -0.376803
 -1.26912
 -0.780181
 -1.66867
 -0.832403
 0.413459
 -0.512628
 0.175597
 0.64504
 0.825901
 -0.282862
 -0.353824
 0.369328
 0.651476
 0.93984
 -0.348517
 -0.098916
 0.642072
 0.977471
 0.639484
 0.504859
 -0.252766
 -0.619343
 -0.228087
 -0.139424
 -1.32309
 0.2796
 0.812371
 1.00044
 -0.329324
 -0.628468
 -0.787567
 -0.567142
 -0.161832
 0.311151
 0.422598
 -0.772667
 -0.0732472
 -0.436508
 -0.0862446
 0.783697
 0.460463
 0.404669
 0.0140738
 -0.281089
 -0.958024
 -0.541217
 -0.885404
 -0.433122
 0.207545
 -0.114412
 0.161669
 0.274619
 0.268326
 -0.0434669
 0.340316
 1.03579
 0.290316
 -0.0985285
 0.574423
 0.373772
 -0.95613
 -1.22029
 0.0742961
 0.742474
 0.535142
 0.433305
 -0.0688043
 0.0932334
 0.136846
 0.137951
 0.312847
 0.12332
 0.495609
 0.0163091
 0.0987987
 1.10042
 0.854051
 0.937493
 1.21363
 0.882048
 0.363752
 0.942858
 -0.0674587
 -0.290273
 0.757168
 0.502028
 -0.236688
 -1.75903
 -1.34474
 -0.327093
 -0.3682
 -0.0883028
 1.07918
 0.751358
 1.2741
 2.28102
 1.55183
 3.01149
 2.55623
 2.51796
 1.77623
 0.66082
 0.765616
 -0.0858317
 -0.120408
 -0.889131
 -2.53046
 -1.63186
 -1.59581
 -0.657973
 -0.200335
 -0.555869
 -0.627983
 0.360496
 -0.0766108
 -0.155607
 -0.261058
 1.10224
 0.338453
 1.09444
 1.84784
 2.32772
 1.24245
 0.879744
 1.01898
 -0.565255
 -0.202516
 -0.0674076
 -0.57427
 -0.883319
 -0.747607
 -0.279236
 -0.586157
 -1.16831
 -0.140734
 0.0357646
 0.695577
 1.25991
 1.15662
 1.84844
 1.06368
 1.71408
 0.517726
 1.46121
 1.0004
 0.237331
 0.237045
 -0.0806679
 0.0562974
 -0.0529926
 -0.602925
 0.324499
 0.316115
 0.778518
 0.638066
 0.698434
 1.30195
 -0.151787
 -0.00739333
 -0.204593
 0.375716
 -0.323667
 -0.993956
 -0.438817
 -0.057341
 0.0686164
 0.573181
 0.668728
 -0.0972205
 0.583019
 -0.0185062
 0.0797089
 -0.426986
 0.0666775
 0.561555
 0.0136415
 -0.165952
 -1.43107
 -1.2822
 -1.5608
 -1.2032
 -1.8148
 -1.60733
 -1.44237
 -1.2288
 -0.171623
 0.672076
 1.03467
 0.972663
 0.834172
 0.789951
 0.470349
 0.35433
 0.43644
 -0.0297835
 -0.0880286
 0.964959
 1.26255
 1.03539
 -0.0789582
 0.13337
 -0.050444
 -0.0123457
 -0.344697
 -0.513136
 0.0823706
 0.593007
 -0.0592275
 -0.552866
 -0.230278
 0.903107
 0.0783952
 0.00104808
 -0.625736
 -0.919257
 -1.74114
 -1.26545
 -1.55215
 -2.55544
 -2.24882
 -3.00449
 -1.92497
 -1.82058
 -1.6059
 -2.06033
 -1.80422
 -1.63102
 -0.846982
 -1.03846
 -1.06394
 -1.7792
 -1.24383
 -0.759988
 0.60395
 -0.110689
 -0.717053
 -0.676489
 -1.35144
 -1.2902
 -1.26242
 -1.01554
 -1.27732
 -0.808102
 0.912052
 1.05587
 1.81844
 1.61333
 1.39282
 1.04909
 0.00707033
 -0.177054
 -0.0579215
 1.10844
 0.962905
 0.399771
 0.981951
 -0.220301
 -0.550514
 -1.36781
 -1.34615
 -1.3516
 -0.488414
 -0.588509
 -0.0618626
 -0.247629
 -0.56891
 -1.25781
 -0.405933
 -0.152728
 0.0213671
 1.50525
 2.20608
 1.33442
 0.751272
 0.927283
 0.245186
 1.65732
 1.01571
 -0.0627009
 0.0636375
 0.100075
 -0.0239314
 -0.464831
 -0.368706
 0.4451
 0.160423
 0.246224
 -0.0822281
 0.193896
 0.413343
 -0.413672
 -0.279729
 -0.80679
 -1.50722
 -0.673874
 -0.804863
 -0.553231
 -0.265028
 -0.429894
 0.247184
 2.11136
 2.12705
 1.17562
 -0.0108553
 -0.0729644
 -0.852344
 -1.54699
 -1.61979
 -0.745064
 -0.160579
 0.30746
 -0.631071
 0.0259864
 0.0453651
 0.261047
 1.02677
 1.02416
 0.516452
 0.363068
 0.518274
 0.513265
 -0.31917
