 -0.730901
 -0.996801
 -1.27461
 -1.13961
 -0.782755
 -0.277692
 0.263443
 0.736992
 1.22637
 1.35819
 0.945747
 1.12992
 -1.39259
 -1.01512
 -1.21417
 -0.500353
 -0.252561
 0.100986
 1.14226
 0.929564
 1.39666
 0.763791
 0.642411
 -0.170633
 -0.313084
 2.03207
 2.71478
 1.0912
 0.674774
 0.343764
 0.571968
 -0.827747
 0.205307
 -0.570515
 -2.02836
 -2.64762
 -1.89312
 -0.514544
 0.103442
 0.676412
 1.13477
 1.76353
 0.835636
 -0.496391
 0.110766
 0.60383
 -0.660523
 -0.786054
 -0.0227006
 1.35714
 0.633449
 0.826742
 0.00360501
 0.680944
 0.362158
 -0.547896
 0.0521913
 -0.133338
 -0.00873297
 0.633456
 0.841527
 1.08317
 -0.163702
 0.372598
 0.363765
 0.523363
 -0.220579
 -0.0564008
 0.325946
 0.396066
 -0.34058
 0.345543
 -0.165108
 -0.66225
 0.238058
 1.14426
 0.370744
 0.466686
 -1.12423
 -0.619553
 -0.877788
 -0.529972
 -0.935304
 -0.211864
 -0.638948
 -0.29076
 -0.427346
 0.245401
 -0.549936
 0.0106021
 -0.0631337
 -0.631706
 -0.899894
 -1.20972
 -1.25291
 -1.65069
 -1.67935
 -2.79577
 -0.892014
 -0.305038
 -0.712971
 -0.0210385
 -0.360907
 -0.271912
 -0.302219
 -0.357192
 -0.0744589
 -0.100109
 0.526219
 -0.0845379
 0.409516
 -0.70764
 -0.415879
 0.0669763
 0.312155
 -0.921663
 -1.70384
 -0.116847
 -0.303972
 -0.611181
 0.0141401
 0.0305782
 0.505837
 0.0484742
 0.666973
 0.811227
 0.616924
 -0.542945
 0.177248
 1.14755
 1.03703
 -0.084899
 0.230709
 -0.111582
 0.221067
 0.806036
 0.722684
 0.357616
 0.101189
 1.04288
 1.40327
 1.27818
 1.76803
 1.49595
 1.27729
 0.336512
 0.75692
 0.426964
 0.276011
 -0.338505
 -0.222062
 -0.460419
 -0.588963
 -0.151794
 0.16377
 -1.69969
 -1.4379
 -0.970964
 -2.40791
 -1.53283
 -1.04749
 -1.62747
 -1.15107
 -1.11362
 -0.266329
 0.313934
 0.777483
 1.04247
 0.0631887
 0.0458627
 0.296821
 0.338325
 -0.266802
 0.594597
 0.769604
 -0.0339323
 0.675502
 -0.147391
 0.401521
 0.490235
 -0.789068
 0.150088
 -1.24256
 -0.71875
 -0.809864
 -0.880294
 -1.07088
 -1.17441
 -0.18049
 -0.697319
 -0.008206
 0.852324
 1.40615
 1.24875
 0.873323
 2.08607
 1.17637
 1.51687
 1.00821
 1.04236
 1.04771
 -0.0985197
 -0.0331082
 0.1565
 0.339229
 1.02989
 0.110832
 0.527266
 2.01135
 0.383973
 1.02558
 -0.328007
 0.19136
 0.629754
 -0.520368
 -0.136226
 0.0927067
 -0.52635
 1.57734
 1.18305
 0.462956
 -0.398345
 0.1636
 0.464649
 0.326195
 0.359575
 -0.230331
 -0.392865
 -0.355053
 0.37569
 -0.330671
 0.331918
 0.405602
 -0.282929
 -0.586833
 -0.957054
 -1.41719
 -0.367256
 -1.03743
 -1.13297
 -0.312979
 -1.01078
 -1.95619
 -0.364542
 -0.237475
 0.343036
 0.992011
 1.08049
 0.0321482
 0.882898
 2.00299
 1.39047
 2.07094
 1.65181
 0.896185
 1.00386
 1.36344
 1.94779
 1.08863
 0.947089
 0.906691
 0.963466
 0.321355
 1.15542
 0.413471
 0.383835
 0.246734
 0.888479
 -0.109363
 -0.0491352
 -1.32298
 -0.855767
 -0.867758
 -0.920881
 -0.265687
 -1.06991
 -1.12327
 -2.371
 -1.49935
 -1.43903
 -1.6431
 -1.57012
 -1.43664
 -1.05024
 -0.793081
 -0.49427
 -0.402789
 -0.753488
 1.60359
 0.742408
 1.78768
 0.978384
 1.06718
 0.727269
 0.998934
 0.287007
 0.0544229
 0.293399
 0.53027
 0.904965
 0.996574
 0.443865
 1.05237
 0.308519
 -0.502782
 0.0969204
 1.13588
 0.991936
 -0.908605
 0.0335273
 -0.734689
 -0.182487
 0.0498462
 0.62649
 1.25749
 0.7362
 0.607379
 -0.0528972
 -0.302644
 0.494005
 1.60305
 0.403181
 -0.16102
 0.25353
 0.464329
 0.321396
 0.720774
 -0.244056
 0.134747
 0.357997
 -0.300546
 -0.00559136
 0.538009
 0.683954
 -0.117754
 -0.314567
 0.584177
 -1.35681
 -0.472393
 -0.492128
 -0.784828
 -0.415555
 -1.24926
 -0.600965
 -0.605972
 -0.164999
 0.0647487
 0.684874
 0.105477
 0.323726
 1.06007
 1.34834
 0.604425
 0.119345
 -0.414059
 -0.745549
 -0.293355
 -0.822831
 0.224432
 -0.506596
 0.55168
 -0.258259
 0.588748
 0.636852
 1.30567
 0.732352
 1.04719
 0.631456
 -1.66369
 -0.753364
 -0.479011
 -0.74457
 -0.692967
 -0.297249
 -1.17074
 -0.332503
 -1.03182
 -1.14428
 -0.954684
 -1.12175
 -1.0521
 -0.00343208
 -0.147063
 0.511999
 0.502028
 0.628868
 1.07556
 0.0859314
 -0.653939
 -0.710872
 -0.0651751
 -0.0129677
 0.179299
 -0.582069
 0.0560878
 -0.694233
 -1.04688
 -0.573124
 -0.995389
 -0.253868
 -0.078947
 0.353866
 -0.142351
 -0.236029
 -0.63881
 -2.20833
 -1.96734
 -1.17227
 -0.158682
 -0.465041
 -0.741671
 -0.512067
 -0.242055
 -1.53619
 -0.114448
 -0.237472
 -0.896868
 -0.638454
 -1.30608
 -0.439208
 -0.763668
 -0.251058
 -0.94991
 -0.38863
 0.596035
 0.538307
 0.729778
 -0.44648
 -0.296451
 1.13662
 0.348078
 -0.856565
 -1.21343
 -1.33088
 -1.36922
 -2.35912
 -1.1699
 -1.16649
 -1.1636
 -1.17645
 -0.26532
 -0.841576
 -0.437372
 -0.857616
 -0.655566
 -1.07187
 -0.644601
 -1.20576
 -2.57273
 -1.74869
 -2.06413
 -1.78931
 -1.50368
 -1.30261
 -0.0454333
 0.661557
 -0.153613
 0.43592
 0.391257
 0.266092
 0.0796592
 -0.693489
 -0.504206
 -0.851774
 0.0566255
 0.0988465
 -0.154555
 0.143177
 0.279595
 0.562925
 0.559022
 -0.408683
 -0.0514414
 0.020142
 -0.874762
 -0.91379
 -0.353195
 -1.98718
 -1.33231
 -1.02456
 -0.582496
 1.12622
 0.181036
 0.63529
 0.138165
 0.565046
 0.346405
 -0.139277
 0.703943
 -0.201252
 -2.06988
 -1.51407
 -0.590579
 -0.674033
 0.115121
 0.379792
 0.592006
 0.236879
 -0.0393129
 -0.23749
 -2.46974
 1.55105
 -2.81925
 1.76939
 0.203718
 -2.11939
 -2.61282
 -1.65669
 -4.41357
 1.23765
 -3.07667
 0.139005
 -2.22166
 -0.00304714
 2.04522
 0.668975
 0.581123
 1.18093
 2.01766
 -2.00365
 -1.51276
 -0.548546
 2.66999
 1.23063
 1.49335
 1.13973
 -0.136456
 1.56449
 0.967828
 2.25187
 -0.169244
 0.491295
 -0.0888248
 -3.60499
 -2.15706
 -1.24113
 0.12307
 0.826912
 0.233189
 0.477066
 -2.13026
 0.031132
 0.462287
 1.72047
 -0.0300999
 -0.40966
 -0.833194
 -0.733833
 -1.06001
 -2.17198
 -0.458482
 3.15835
 1.07822
 0.582518
 -0.916919
 -0.56882
 0.322862
 0.870046
 1.4758
 1.1909
 1.8009
 0.272521
 0.467041
 -0.39917
 0.898578
 3.06695
 -0.472709
 0.482276
 0.498464
 1.13129
 3.02632
 0.648171
 1.22242
 0.434767
 2.27462
 0.34723
 0.707415
 0.461392
 3.23837
 1.70144
 0.58843
 4.64623
 -0.663027
 1.80628
 0.0791027
 1.41662
 -0.729213
 0.601791
 -2.07491
 0.451077
 0.470643
 0.451292
 0.170402
 -1.44893
 -0.899495
 0.580414
 -0.396209
 0.903444
 0.843351
 1.00505
 -0.333767
 -0.491814
 -1.91349
 2.25032
 1.23453
 -0.295603
 1.55863
 -0.378989
 1.06515
 -2.03579
 -2.84797
 -2.70717
 -2.54147
 1.90907
 -2.49909
 -0.484962
 1.45802
 -0.433336
 0.463751
 2.52495
 2.58267
 2.62561
 1.84075
 1.89311
 0.0120224
 0.362714
 -0.507508
 0.512819
 -2.90584
 -1.35817
 -2.42699
 -1.28006
 -0.545978
 -0.174633
 -1.6911
 0.515992
 -2.79659
 -0.222638
 -0.0371149
 -1.42582
 -0.287178
 -0.507126
 -1.00482
 0.248488
 1.31347
 1.33333
 -2.03831
 -0.854802
 -0.921237
 -0.774035
 0.49414
 1.24716
 -2.30432
 -0.765599
 -1.37402
 -0.838145
 -0.00143239
 0.60179
 2.08748
 -0.930281
 -0.216942
 0.400242
 -0.963271
 -1.46615
 -0.779302
 -2.98356
 0.177642
 -1.09233
 -1.41655
 0.235581
 -1.311
 1.30915
 -0.587958
 -1.36961
 -2.42702
 0.312695
 0.190601
 0.250448
 -0.924048
 -2.01776
 -0.757479
 -3.74732
 0.32656
 0.69045
 -1.40595
 0.898682
 0.88668
 1.19731
 -1.38132
 -0.0621877
 0.734192
 0.991107
 1.41369
 -1.96741
 0.783185
 0.962043
 1.4362
 0.424955
 0.970186
 -1.07085
 -0.647631
 -0.0493798
 -0.00663049
 -3.41532
 2.11735
 0.259892
 1.80557
 -2.21384
 -0.263059
 -1.59426
 -0.231785
 -0.14245
 0.638972
 0.618825
 -2.66647
 1.3097
 -1.8009
 0.500386
 1.33437
 0.115085
 0.604545
 -0.572491
 -0.199935
 -1.76149
 -0.302528
 -1.63144
 -0.16431
 0.552535
 -0.458353
 0.414929
 0.488283
 0.255497
 -0.0810724
 0.618668
 1.75929
 -0.234395
 0.0277121
 1.08703
 -0.119461
 -1.74117
 -1.47254
 1.12951
 0.937875
 0.769633
 0.659631
 -0.630134
 0.633439
 -0.26112
 0.396987
 0.351885
 0.25095
 1.0406
 -0.583477
 0.448756
 2.1798
 0.353362
 1.56193
 1.40612
 1.23241
 -0.29489
 2.31518
 -1.8437
 0.2982
 1.19563
 0.303623
 -0.577819
 -3.93011
 -0.967786
 -0.248212
 -0.807145
 0.285867
 2.14212
 0.248857
 2.83218
 3.10682
 1.28802
 5.52022
 2.19583
 4.52523
 0.7308
 1.05739
 1.05708
 -0.706001
 0.0285593
 -1.70528
 -4.5626
 -1.12867
 -2.37143
 -0.189322
 -0.467687
 -0.948646
 -0.915581
 1.09949
 -0.808802
 0.0662516
 -0.6196
 2.57485
 -1.1294
 3.20027
 2.29223
 3.64331
 0.281149
 1.54864
 1.21456
 -2.30879
 0.956931
 -0.742461
 -0.603086
 -1.61647
 -0.686041
 -0.143163
 -1.00837
 -1.68665
 0.588918
 -0.382847
 1.59026
 1.72656
 1.67597
 3.12494
 0.387761
 3.6822
 -1.28168
 3.58118
 -0.274433
 0.784288
 -0.0567474
 -0.173471
 0.205717
 -0.0910237
 -1.28206
 1.26294
 -0.2519
 1.59619
 0.424148
 1.19584
 2.14279
 -1.98885
 1.02835
 -1.06919
 1.35418
 -1.76955
 -1.19187
 -0.21777
 0.16999
 -0.258182
 1.3118
 0.813891
 -0.727848
 1.42536
 -0.841657
 0.421756
 -0.996132
 0.460706
 0.914638
 -0.651125
 -0.111484
 -3.50361
 -0.743465
 -3.04567
 -0.860431
 -3.42354
 -1.435
 -2.10003
 -1.09794
 0.245686
 1.12276
 1.5186
 1.24956
 1.17541
 0.892181
 0.541512
 0.526845
 0.715329
 -0.587527
 0.223313
 1.62629
 1.73922
 1.32147
 -0.843518
 0.576008
 -0.572272
 0.208236
 -1.02754
 -0.289384
 0.314465
 1.00569
 -0.633783
 -0.882442
 -0.0923058
 1.92875
 -1.6017
 0.707141
 -1.85396
 -0.93498
 -3.34616
 -1.13128
 -2.41907
 -3.71304
 -2.4467
 -5.18495
 -1.60754
 -2.55279
 -1.57783
 -3.1248
 -1.90951
 -2.4336
 -0.618849
 -1.81496
 -0.970207
 -3.13674
 -0.94154
 -1.04064
 2.05609
 -1.9682
 -0.508349
 -1.2931
 -2.08277
 -1.18062
 -2.09022
 -1.00828
 -1.91025
 -0.695245
 2.58112
 0.653345
 3.77245
 1.08411
 2.32016
 0.607479
 -0.508074
 -0.257739
 -0.0491397
 2.48496
 0.655675
 0.744048
 1.44061
 -0.982696
 -0.555405
 -2.99302
 -1.17739
 -2.10851
 0.232304
 -1.32118
 0.533705
 -0.96686
 -0.540906
 -2.17683
 0.320555
 -0.821894
 0.479731
 3.25016
 2.93595
 0.856176
 1.07117
 1.08934
 -0.223313
 3.77198
 -0.889787
 0.266156
 -0.0769982
 0.277823
 -0.367315
 -0.886369
 -0.119205
 1.03034
 -0.11472
 0.528328
 -0.807687
 0.499364
 0.582866
 -1.13672
 -0.0472988
 -1.54332
 -2.3584
 0.0287003
 -1.51755
 -0.418406
 -0.42919
 -0.737406
 0.70894
 4.28077
 1.92507
 1.34311
 -0.771364
 0.238631
 -1.73127
 -2.08601
 -2.18917
 -0.662925
 0.137518
 0.74701
 -2.04475
 1.31401
 -0.752285
 0.708785
 1.58318
 1.29695
 0.37404
 0.582627
 0.698638
 0.788246
 -0.892208
