 1.894737 -1.894737 3.590028 0.000000 -1.894737 -1.894737 1.894737 1.000000 1.000000 -1.894737
 1.143823 -1.143823 1.872202 0.750914 -0.392909 -1.894737 1.894737 2.000000 2.000000 -0.392909
 1.004178 -1.004178 1.423290 0.644140 -0.392909 -1.894737 1.894737 3.000000 3.000000 -0.724890
 0.858439 -0.858439 1.111824 0.612296 -0.392909 -1.894737 1.894737 4.000000 4.000000 -0.421221
 0.760968 -0.760968 0.917000 0.581315 -0.371087 -1.894737 1.894737 5.000000 5.000000 -0.371087
 0.679193 -0.679193 0.776345 0.561286 -0.270315 -1.894737 1.894737 6.000000 6.000000 -0.270315
 0.612671 -0.612671 0.671953 0.544598 -0.213542 -1.894737 1.894737 7.000000 7.000000 -0.213542
 0.556434 -0.556434 0.591271 0.530709 -0.162774 -1.894737 1.894737 8.000000 8.000000 -0.162774
 0.508610 -0.508610 0.527339 0.518319 -0.126017 -1.894737 1.894737 9.000000 9.000000 -0.126017
 0.467439 -0.467439 0.475544 0.506995 -0.096901 -1.894737 1.894737 10.000000 10.000000 -0.096901
 0.431739 -0.431739 0.432820 0.496409 -0.074733 -1.894737 1.894737 11.000000 11.000000 -0.074733
 0.400557 -0.400557 0.397028 0.486397 -0.057562 -1.894737 1.894737 12.000000 12.000000 -0.057562
 0.373157 -0.373157 0.366639 0.476857 -0.044361 -1.894737 1.894737 13.000000 13.000000 -0.044361
 0.348945 -0.348945 0.340534 0.467730 -0.034179 -1.894737 1.894737 14.000000 14.000000 -0.034179
 0.327438 -0.327438 0.317878 0.458980 -0.026337 -1.894737 1.894737 15.000000 15.000000 -0.026337
 0.308241 -0.308241 0.298036 0.450581 -0.020293 -1.894737 1.894737 16.000000 16.000000 -0.020293
 0.291029 -0.291029 0.280519 0.442517 -0.015637 -1.894737 1.894737 17.000000 17.000000 -0.015637
 0.275530 -0.275530 0.264943 0.434771 -0.012049 -1.894737 1.894737 18.000000 18.000000 -0.012049
 0.261517 -0.261517 0.251003 0.427331 -0.009284 -1.894737 1.894737 19.000000 19.000000 -0.009284
 0.248799 -0.248799 0.238455 0.420184 -0.007154 -1.894737 1.894737 20.000000 20.000000 -0.007154
 0.237214 -0.237214 0.227102 0.413317 -0.005512 -1.894737 1.894737 21.000000 21.000000 -0.005512
 0.226624 -0.226624 0.216780 0.406720 -0.004247 -1.894737 1.894737 22.000000 22.000000 -0.004247
 0.216914 -0.216914 0.207355 0.400379 -0.003273 -1.894737 1.894737 23.000000 23.000000 -0.003273
 0.207981 -0.207981 0.198715 0.394284 -0.002522 -1.894737 1.894737 24.000000 24.000000 -0.002522
 0.199739 -0.199739 0.190767 0.388422 -0.001943 -1.894737 1.894737 25.000000 25.000000 -0.001943
 0.192114 -0.192114 0.183430 0.382782 -0.001497 -1.894737 1.894737 26.000000 26.000000 -0.001497
 0.185042 -0.185042 0.176636 0.377354 -0.001154 -1.894737 1.894737 27.000000 27.000000 -0.001154
 0.178465 -0.178465 0.170328 0.372126 -0.000889 -1.894737 1.894737 28.000000 28.000000 -0.000889
 0.172334 -0.172334 0.164454 0.367090 -0.000685 -1.894737 1.894737 29.000000 29.000000 -0.000685
 0.166608 -0.166608 0.158973 0.362235 -0.000528 -1.894737 1.894737 30.000000 30.000000 -0.000528
 0.161246 -0.161246 0.153844 0.357553 -0.000407 -1.894737 1.894737 31.000000 31.000000 -0.000407
 0.156217 -0.156217 0.149037 0.353034 -0.000313 -1.894737 1.894737 32.000000 32.000000 -0.000313
 0.151491 -0.151491 0.144521 0.348671 -0.000241 -1.894737 1.894737 33.000000 33.000000 -0.000241
 0.147040 -0.147040 0.140270 0.344455 -0.000186 -1.894737 1.894737 34.000000 34.000000 -0.000186
 0.142843 -0.142843 0.136262 0.340379 -0.000143 -1.894737 1.894737 35.000000 35.000000 -0.000143
 0.138879 -0.138879 0.132477 0.336437 -0.000110 -1.894737 1.894737 36.000000 36.000000 -0.000110
 0.135127 -0.135127 0.128897 0.332622 -0.000085 -1.894737 1.894737 37.000000 37.000000 -0.000085
 0.131573 -0.131573 0.125505 0.328927 -0.000066 -1.894737 1.894737 38.000000 38.000000 -0.000066
 0.128201 -0.128201 0.122287 0.325348 -0.000051 -1.894737 1.894737 39.000000 39.000000 -0.000051
 0.124997 -0.124997 0.119229 0.321878 -0.000039 -1.894737 1.894737 40.000000 40.000000 -0.000039
 0.121949 -0.121949 0.116321 0.318512 -0.000030 -1.894737 1.894737 41.000000 41.000000 -0.000030
 0.119046 -0.119046 0.113552 0.315246 -0.000023 -1.894737 1.894737 42.000000 42.000000 -0.000023
 0.116278 -0.116278 0.110911 0.312075 -0.000018 -1.894737 1.894737 43.000000 43.000000 -0.000018
 0.113635 -0.113635 0.108390 0.308994 -0.000014 -1.894737 1.894737 44.000000 44.000000 -0.000014
 0.111110 -0.111110 0.105982 0.306000 -0.000011 -1.894737 1.894737 45.000000 45.000000 -0.000011
 0.108695 -0.108695 0.103678 0.303089 -0.000008 -1.894737 1.894737 46.000000 46.000000 -0.000008
 0.106383 -0.106383 0.101472 0.300258 -0.000006 -1.894737 1.894737 47.000000 47.000000 -0.000006
 0.104166 -0.104166 0.099358 0.297502 -0.000005 -1.894737 1.894737 48.000000 48.000000 -0.000005
 0.102041 -0.102041 0.097330 0.294818 -0.000004 -1.894737 1.894737 49.000000 49.000000 -0.000004
 0.100000 -0.100000 0.095384 0.292205 -0.000003 -1.894737 1.894737 50.000000 50.000000 -0.000003
 0.098039 -0.098039 0.093513 0.289658 -0.000002 -1.894737 1.894737 51.000000 51.000000 -0.000002
 0.096154 -0.096154 0.091715 0.287175 -0.000002 -1.894737 1.894737 52.000000 52.000000 -0.000002
 0.094340 -0.094340 0.089985 0.284754 -0.000001 -1.894737 1.894737 53.000000 53.000000 -0.000001
 0.092593 -0.092593 0.088318 0.282391 -0.000001 -1.894737 1.894737 54.000000 54.000000 -0.000001
 0.090909 -0.090909 0.086712 0.280086 -0.000001 -1.894737 1.894737 55.000000 55.000000 -0.000001
 0.089286 -0.089286 0.085164 0.277834 -0.000001 -1.894737 1.894737 56.000000 56.000000 -0.000001
 0.087719 -0.087719 0.083670 0.275636 -0.000000 -1.894737 1.894737 57.000000 57.000000 -0.000000
 0.086207 -0.086207 0.082227 0.273488 -0.000000 -1.894737 1.894737 58.000000 58.000000 -0.000000
 0.084746 -0.084746 0.080834 0.271388 -0.000000 -1.894737 1.894737 59.000000 59.000000 -0.000000
 0.083333 -0.083333 0.079486 0.269336 -0.000000 -1.894737 1.894737 60.000000 60.000000 -0.000000
 0.081193 -0.081193 0.078220 0.267633 0.047236 -1.894737 1.894737 61.000000 61.000000 0.047236
 0.080259 -0.080259 0.076967 0.265566 0.047236 -1.894737 1.894737 62.000000 62.000000 -0.023270
 0.079002 -0.079002 0.075745 0.263636 0.047236 -1.894737 1.894737 63.000000 63.000000 -0.001067
 0.077872 -0.077872 0.074562 0.261722 0.047236 -1.894737 1.894737 64.000000 64.000000 -0.006727
 0.076724 -0.076724 0.073416 0.259863 0.047236 -1.894737 1.894737 65.000000 65.000000 -0.003215
 0.075609 -0.075609 0.072303 0.258044 0.047236 -1.894737 1.894737 66.000000 66.000000 -0.003140
 0.074513 -0.074513 0.071224 0.256266 0.047236 -1.894737 1.894737 67.000000 67.000000 -0.002197
 0.073443 -0.073443 0.070177 0.254525 0.047236 -1.894737 1.894737 68.000000 68.000000 -0.001768
 0.072398 -0.072398 0.069160 0.252821 0.047236 -1.894737 1.894737 69.000000 69.000000 -0.001337
 0.071379 -0.071379 0.068172 0.251151 0.047236 -1.894737 1.894737 70.000000 70.000000 -0.001039
 0.070385 -0.070385 0.067212 0.249515 0.047236 -1.894737 1.894737 71.000000 71.000000 -0.000797
 0.069416 -0.069416 0.066278 0.247911 0.047236 -1.894737 1.894737 72.000000 72.000000 -0.000615
 0.068471 -0.068471 0.065370 0.246337 0.047236 -1.894737 1.894737 73.000000 73.000000 -0.000474
 0.067551 -0.067551 0.064487 0.244793 0.047236 -1.894737 1.894737 74.000000 74.000000 -0.000365
 0.066654 -0.066654 0.063627 0.243278 0.047236 -1.894737 1.894737 75.000000 75.000000 -0.000281
 0.065780 -0.065780 0.062790 0.241791 0.047236 -1.894737 1.894737 76.000000 76.000000 -0.000217
 0.064928 -0.064928 0.061974 0.240331 0.047236 -1.894737 1.894737 77.000000 77.000000 -0.000167
 0.064097 -0.064097 0.061180 0.238896 0.047236 -1.894737 1.894737 78.000000 78.000000 -0.000129
 0.063287 -0.063287 0.060405 0.237487 0.047236 -1.894737 1.894737 79.000000 79.000000 -0.000099
 0.062497 -0.062497 0.059650 0.236103 0.047236 -1.894737 1.894737 80.000000 80.000000 -0.000076
 0.061726 -0.061726 0.058914 0.234742 0.047236 -1.894737 1.894737 81.000000 81.000000 -0.000059
 0.060974 -0.060974 0.058196 0.233405 0.047236 -1.894737 1.894737 82.000000 82.000000 -0.000045
 0.060240 -0.060240 0.057494 0.232090 0.047236 -1.894737 1.894737 83.000000 83.000000 -0.000035
 0.059523 -0.059523 0.056810 0.230796 0.047236 -1.894737 1.894737 84.000000 84.000000 -0.000027
 0.058823 -0.058823 0.056142 0.229524 0.047236 -1.894737 1.894737 85.000000 85.000000 -0.000021
 0.058139 -0.058139 0.055489 0.228273 0.047236 -1.894737 1.894737 86.000000 86.000000 -0.000016
 0.057471 -0.057471 0.054851 0.227042 0.047236 -1.894737 1.894737 87.000000 87.000000 -0.000012
 0.056818 -0.056818 0.054228 0.225830 0.047236 -1.894737 1.894737 88.000000 88.000000 -0.000009
 0.056179 -0.056179 0.053618 0.224638 0.047236 -1.894737 1.894737 89.000000 89.000000 -0.000007
 0.055555 -0.055555 0.053023 0.223464 0.047236 -1.894737 1.894737 90.000000 90.000000 -0.000006
 0.054945 -0.054945 0.052440 0.222308 0.047236 -1.894737 1.894737 91.000000 91.000000 -0.000004
 0.054348 -0.054348 0.051870 0.221170 0.047236 -1.894737 1.894737 92.000000 92.000000 -0.000003
 0.053763 -0.053763 0.051312 0.220049 0.047236 -1.894737 1.894737 93.000000 93.000000 -0.000003
 0.053191 -0.053191 0.050766 0.218945 0.047236 -1.894737 1.894737 94.000000 94.000000 -0.000002
 0.052632 -0.052632 0.050232 0.217857 0.047236 -1.894737 1.894737 95.000000 95.000000 -0.000002
 0.052083 -0.052083 0.049709 0.216786 0.047236 -1.894737 1.894737 96.000000 96.000000 -0.000001
 0.051546 -0.051546 0.049196 0.215729 0.047236 -1.894737 1.894737 97.000000 97.000000 -0.000001
 0.051020 -0.051020 0.048694 0.214688 0.047236 -1.894737 1.894737 98.000000 98.000000 -0.000001
 0.050505 -0.050505 0.048202 0.213662 0.047236 -1.894737 1.894737 99.000000 99.000000 -0.000001
 0.050000 -0.050000 0.047720 0.212651 0.047236 -1.894737 1.894737 100.000000 100.000000 -0.000000
 0.049505 -0.049505 0.047248 0.211653 0.047236 -1.894737 1.894737 101.000000 101.000000 -0.000000
 0.049020 -0.049020 0.046785 0.210670 0.047236 -1.894737 1.894737 102.000000 102.000000 -0.000000
 0.048544 -0.048544 0.046330 0.209700 0.047236 -1.894737 1.894737 103.000000 103.000000 -0.000000
 0.048077 -0.048077 0.045885 0.208743 0.047236 -1.894737 1.894737 104.000000 104.000000 -0.000000
 0.047619 -0.047619 0.045448 0.207799 0.047236 -1.894737 1.894737 105.000000 105.000000 -0.000000
 0.047170 -0.047170 0.045019 0.206868 0.047236 -1.894737 1.894737 106.000000 106.000000 -0.000000
 0.046729 -0.046729 0.044598 0.205949 0.047236 -1.894737 1.894737 107.000000 107.000000 -0.000000
 0.046296 -0.046296 0.044185 0.205042 0.047236 -1.894737 1.894737 108.000000 108.000000 -0.000000
 0.045872 -0.045872 0.043780 0.204147 0.047236 -1.894737 1.894737 109.000000 109.000000 -0.000000
 0.045455 -0.045455 0.043382 0.203263 0.047236 -1.894737 1.894737 110.000000 110.000000 -0.000000
 0.045045 -0.045045 0.042991 0.202391 0.047236 -1.894737 1.894737 111.000000 111.000000 -0.000000
 0.044643 -0.044643 0.042607 0.201530 0.047236 -1.894737 1.894737 112.000000 112.000000 -0.000000
 0.044248 -0.044248 0.042230 0.200680 0.047236 -1.894737 1.894737 113.000000 113.000000 -0.000000
 0.043860 -0.043860 0.041860 0.199841 0.047236 -1.894737 1.894737 114.000000 114.000000 -0.000000
 0.043478 -0.043478 0.041496 0.199011 0.047236 -1.894737 1.894737 115.000000 115.000000 -0.000000
 0.043103 -0.043103 0.041138 0.198193 0.047236 -1.894737 1.894737 116.000000 116.000000 -0.000000
 0.042735 -0.042735 0.040787 0.197384 0.047236 -1.894737 1.894737 117.000000 117.000000 -0.000000
 0.042373 -0.042373 0.040441 0.196585 0.047236 -1.894737 1.894737 118.000000 118.000000 -0.000000
 0.042017 -0.042017 0.040101 0.195795 0.047236 -1.894737 1.894737 119.000000 119.000000 -0.000000
 0.041667 -0.041667 0.039767 0.195015 0.047236 -1.894737 1.894737 120.000000 120.000000 -0.000000
 0.041322 -0.041322 0.039438 0.194244 0.047236 -1.894737 1.894737 121.000000 121.000000 -0.000000
 0.040596 -0.040596 0.039133 0.193611 0.047236 -1.894737 1.894737 122.000000 122.000000 0.047236
 0.040072 -0.040072 0.038820 0.192910 0.047236 -1.894737 1.894737 123.000000 123.000000 0.023966
 0.039564 -0.039564 0.038511 0.192213 0.047236 -1.894737 1.894737 124.000000 124.000000 0.022900
 0.039118 -0.039118 0.038205 0.191507 0.047236 -1.894737 1.894737 125.000000 125.000000 0.016173
 0.038705 -0.038705 0.037903 0.190801 0.047236 -1.894737 1.894737 126.000000 126.000000 0.012958
 0.038322 -0.038322 0.037605 0.190097 0.047236 -1.894737 1.894737 127.000000 127.000000 0.009818
 0.037964 -0.037964 0.037312 0.189396 0.047236 -1.894737 1.894737 128.000000 128.000000 0.007621
 0.037624 -0.037624 0.037023 0.188700 0.047236 -1.894737 1.894737 129.000000 129.000000 0.005853
 0.037300 -0.037300 0.036738 0.188008 0.047236 -1.894737 1.894737 130.000000 130.000000 0.004517
 0.036988 -0.036988 0.036458 0.187323 0.047236 -1.894737 1.894737 131.000000 131.000000 0.003478
 0.036688 -0.036688 0.036182 0.186644 0.047236 -1.894737 1.894737 132.000000 132.000000 0.002681
 0.036396 -0.036396 0.035910 0.185971 0.047236 -1.894737 1.894737 133.000000 133.000000 0.002065
 0.036113 -0.036113 0.035642 0.185305 0.047236 -1.894737 1.894737 134.000000 134.000000 0.001591
 0.035836 -0.035836 0.035378 0.184645 0.047236 -1.894737 1.894737 135.000000 135.000000 0.001226
 0.035566 -0.035566 0.035118 0.183992 0.047236 -1.894737 1.894737 136.000000 136.000000 0.000945
 0.035301 -0.035301 0.034862 0.183345 0.047236 -1.894737 1.894737 137.000000 137.000000 0.000728
 0.035041 -0.035041 0.034609 0.182705 0.047236 -1.894737 1.894737 138.000000 138.000000 0.000561
 0.034786 -0.034786 0.034360 0.182071 0.047236 -1.894737 1.894737 139.000000 139.000000 0.000432
 0.034535 -0.034535 0.034114 0.181444 0.047236 -1.894737 1.894737 140.000000 140.000000 0.000333
 0.034288 -0.034288 0.033873 0.180823 0.047236 -1.894737 1.894737 141.000000 141.000000 0.000257
 0.034046 -0.034046 0.033634 0.180208 0.047236 -1.894737 1.894737 142.000000 142.000000 0.000198
 0.033806 -0.033806 0.033399 0.179599 0.047236 -1.894737 1.894737 143.000000 143.000000 0.000152
 0.033571 -0.033571 0.033167 0.178997 0.047236 -1.894737 1.894737 144.000000 144.000000 0.000117
 0.033339 -0.033339 0.032938 0.178400 0.047236 -1.894737 1.894737 145.000000 145.000000 0.000090
 0.033110 -0.033110 0.032713 0.177810 0.047236 -1.894737 1.894737 146.000000 146.000000 0.000070
 0.032884 -0.032884 0.032490 0.177225 0.047236 -1.894737 1.894737 147.000000 147.000000 0.000054
 0.032662 -0.032662 0.032270 0.176646 0.047236 -1.894737 1.894737 148.000000 148.000000 0.000041
 0.032442 -0.032442 0.032054 0.176072 0.047236 -1.894737 1.894737 149.000000 149.000000 0.000032
 0.032226 -0.032226 0.031840 0.175504 0.047236 -1.894737 1.894737 150.000000 150.000000 0.000025
 0.032012 -0.032012 0.031629 0.174942 0.047236 -1.894737 1.894737 151.000000 151.000000 0.000019
 0.031802 -0.031802 0.031421 0.174384 0.047236 -1.894737 1.894737 152.000000 152.000000 0.000015
 0.031594 -0.031594 0.031216 0.173832 0.047236 -1.894737 1.894737 153.000000 153.000000 0.000011
 0.031388 -0.031388 0.031013 0.173286 0.047236 -1.894737 1.894737 154.000000 154.000000 0.000009
 0.031186 -0.031186 0.030813 0.172744 0.047236 -1.894737 1.894737 155.000000 155.000000 0.000007
 0.030986 -0.030986 0.030616 0.172208 0.047236 -1.894737 1.894737 156.000000 156.000000 0.000005
 0.030789 -0.030789 0.030421 0.171676 0.047236 -1.894737 1.894737 157.000000 157.000000 0.000004
 0.030594 -0.030594 0.030228 0.171149 0.047236 -1.894737 1.894737 158.000000 158.000000 0.000003
 0.030401 -0.030401 0.030038 0.170627 0.047236 -1.894737 1.894737 159.000000 159.000000 0.000002
 0.030211 -0.030211 0.029850 0.170110 0.047236 -1.894737 1.894737 160.000000 160.000000 0.000002
 0.030024 -0.030024 0.029665 0.169598 0.047236 -1.894737 1.894737 161.000000 161.000000 0.000001
 0.029838 -0.029838 0.029482 0.169090 0.047236 -1.894737 1.894737 162.000000 162.000000 0.000001
 0.029655 -0.029655 0.029301 0.168586 0.047236 -1.894737 1.894737 163.000000 163.000000 0.000001
 0.029474 -0.029474 0.029122 0.168087 0.047236 -1.894737 1.894737 164.000000 164.000000 0.000001
 0.029296 -0.029296 0.028946 0.167593 0.047236 -1.894737 1.894737 165.000000 165.000000 0.000000
 0.029119 -0.029119 0.028771 0.167103 0.047236 -1.894737 1.894737 166.000000 166.000000 0.000000
 0.028945 -0.028945 0.028599 0.166617 0.047236 -1.894737 1.894737 167.000000 167.000000 0.000000
 0.028773 -0.028773 0.028429 0.166135 0.047236 -1.894737 1.894737 168.000000 168.000000 0.000000
 0.028602 -0.028602 0.028261 0.165658 0.047236 -1.894737 1.894737 169.000000 169.000000 0.000000
 0.028434 -0.028434 0.028094 0.165184 0.047236 -1.894737 1.894737 170.000000 170.000000 0.000000
 0.028268 -0.028268 0.027930 0.164715 0.047236 -1.894737 1.894737 171.000000 171.000000 0.000000
 0.028103 -0.028103 0.027768 0.164249 0.047236 -1.894737 1.894737 172.000000 172.000000 0.000000
 0.027941 -0.027941 0.027607 0.163788 0.047236 -1.894737 1.894737 173.000000 173.000000 0.000000
 0.027780 -0.027780 0.027448 0.163330 0.047236 -1.894737 1.894737 174.000000 174.000000 0.000000
 0.027622 -0.027622 0.027292 0.162876 0.047236 -1.894737 1.894737 175.000000 175.000000 0.000000
 0.027465 -0.027465 0.027137 0.162426 0.047236 -1.894737 1.894737 176.000000 176.000000 0.000000
 0.027310 -0.027310 0.026983 0.161980 0.047236 -1.894737 1.894737 177.000000 177.000000 0.000000
 0.027156 -0.027156 0.026832 0.161537 0.047236 -1.894737 1.894737 178.000000 178.000000 0.000000
 0.027004 -0.027004 0.026682 0.161098 0.047236 -1.894737 1.894737 179.000000 179.000000 0.000000
 0.026854 -0.026854 0.026533 0.160662 0.047236 -1.894737 1.894737 180.000000 180.000000 0.000000
 0.026706 -0.026706 0.026387 0.160230 0.047236 -1.894737 1.894737 181.000000 181.000000 0.000000
 0.026559 -0.026559 0.026242 0.159802 0.047236 -1.894737 1.894737 182.000000 182.000000 0.000000
 0.026414 -0.026414 0.026099 0.159376 0.047236 -1.894737 1.894737 183.000000 183.000000 0.000000
 0.026271 -0.026271 0.025957 0.158955 0.047236 -1.894737 1.894737 184.000000 184.000000 0.000000
 0.026129 -0.026129 0.025816 0.158536 0.047236 -1.894737 1.894737 185.000000 185.000000 0.000000
 0.025988 -0.025988 0.025678 0.158121 0.047236 -1.894737 1.894737 186.000000 186.000000 0.000000
 0.025849 -0.025849 0.025540 0.157709 0.047236 -1.894737 1.894737 187.000000 187.000000 0.000000
 0.025712 -0.025712 0.025404 0.157300 0.047236 -1.894737 1.894737 188.000000 188.000000 0.000000
 0.025576 -0.025576 0.025270 0.156895 0.047236 -1.894737 1.894737 189.000000 189.000000 0.000000
 0.025441 -0.025441 0.025137 0.156492 0.047236 -1.894737 1.894737 190.000000 190.000000 0.000000
 0.025308 -0.025308 0.025005 0.156093 0.047236 -1.894737 1.894737 191.000000 191.000000 0.000000
 0.025176 -0.025176 0.024875 0.155696 0.047236 -1.894737 1.894737 192.000000 192.000000 0.000000
 0.025046 -0.025046 0.024746 0.155303 0.047236 -1.894737 1.894737 193.000000 193.000000 0.000000
 0.024916 -0.024916 0.024619 0.154912 0.047236 -1.894737 1.894737 194.000000 194.000000 0.000000
 0.024789 -0.024789 0.024492 0.154525 0.047236 -1.894737 1.894737 195.000000 195.000000 0.000000
 0.024662 -0.024662 0.024367 0.154140 0.047236 -1.894737 1.894737 196.000000 196.000000 0.000000
 0.024537 -0.024537 0.024244 0.153759 0.047236 -1.894737 1.894737 197.000000 197.000000 0.000000
 0.024413 -0.024413 0.024121 0.153380 0.047236 -1.894737 1.894737 198.000000 198.000000 0.000000
 0.024290 -0.024290 0.024000 0.153004 0.047236 -1.894737 1.894737 199.000000 199.000000 0.000000
 0.024169 -0.024169 0.023880 0.152630 0.047236 -1.894737 1.894737 200.000000 200.000000 0.000000
 0.024049 -0.024049 0.023761 0.152260 0.047236 -1.894737 1.894737 201.000000 201.000000 0.000000
 0.023930 -0.023930 0.023644 0.151892 0.047236 -1.894737 1.894737 202.000000 202.000000 0.000000
 0.023812 -0.023812 0.023527 0.151526 0.047236 -1.894737 1.894737 203.000000 203.000000 0.000000
 0.023695 -0.023695 0.023412 0.151164 0.047236 -1.894737 1.894737 204.000000 204.000000 0.000000
 0.023580 -0.023580 0.023298 0.150804 0.047236 -1.894737 1.894737 205.000000 205.000000 0.000000
 0.023465 -0.023465 0.023185 0.150446 0.047236 -1.894737 1.894737 206.000000 206.000000 0.000000
 0.023352 -0.023352 0.023073 0.150091 0.047236 -1.894737 1.894737 207.000000 207.000000 0.000000
 0.023239 -0.023239 0.022962 0.149738 0.047236 -1.894737 1.894737 208.000000 208.000000 0.000000
 0.023128 -0.023128 0.022852 0.149388 0.047236 -1.894737 1.894737 209.000000 209.000000 0.000000
 0.023018 -0.023018 0.022743 0.149041 0.047236 -1.894737 1.894737 210.000000 210.000000 0.000000
 0.022909 -0.022909 0.022635 0.148696 0.047236 -1.894737 1.894737 211.000000 211.000000 0.000000
 0.022801 -0.022801 0.022528 0.148353 0.047236 -1.894737 1.894737 212.000000 212.000000 0.000000
 0.022694 -0.022694 0.022423 0.148012 0.047236 -1.894737 1.894737 213.000000 213.000000 0.000000
 0.022588 -0.022588 0.022318 0.147674 0.047236 -1.894737 1.894737 214.000000 214.000000 0.000000
 0.022483 -0.022483 0.022214 0.147338 0.047236 -1.894737 1.894737 215.000000 215.000000 0.000000
 0.022379 -0.022379 0.022111 0.147005 0.047236 -1.894737 1.894737 216.000000 216.000000 0.000000
 0.022276 -0.022276 0.022009 0.146674 0.047236 -1.894737 1.894737 217.000000 217.000000 0.000000
 0.022173 -0.022173 0.021908 0.146345 0.047236 -1.894737 1.894737 218.000000 218.000000 0.000000
 0.022072 -0.022072 0.021808 0.146018 0.047236 -1.894737 1.894737 219.000000 219.000000 0.000000
 0.021972 -0.021972 0.021709 0.145693 0.047236 -1.894737 1.894737 220.000000 220.000000 0.000000
