 5.000000
 -1.894737
 -0.392909
 -0.724890
 -0.421221
 -0.371087
 -0.270315
 -0.213542
 -0.162774
 -0.126017
 -0.096901
 -0.074733
 -0.057562
 -0.044361
 -0.034179
 -0.026337
 -0.020293
 -0.015637
 -0.012049
 -0.009284
 -0.007154
 -0.005512
 -0.004247
 -0.003273
 -0.002522
 -0.001943
 -0.001497
 -0.001154
 -0.000889
 -0.000685
 -0.000528
 -0.000407
 -0.000313
 -0.000241
 -0.000186
 -0.000143
 -0.000110
 -0.000085
 -0.000066
 -0.000051
 -0.000039
 -0.000030
 -0.000023
 -0.000018
 -0.000014
 -0.000011
 -0.000008
 -0.000006
 -0.000005
 -0.000004
 -0.000003
 -0.000002
 -0.000002
 -0.000001
 -0.000001
 -0.000001
 -0.000001
 -0.000000
 -0.000000
 -0.000000
 -0.000000
 0.047236
 -0.023270
 -0.001067
 -0.006727
 -0.003215
 -0.003140
 -0.002197
 -0.001768
 -0.001337
 -0.001039
 -0.000797
 -0.000615
 -0.000474
 -0.000365
 -0.000281
 -0.000217
 -0.000167
 -0.000129
 -0.000099
 -0.000076
 -0.000059
 -0.000045
 -0.000035
 -0.000027
 -0.000021
 -0.000016
 -0.000012
 -0.000009
 -0.000007
 -0.000006
 -0.000004
 -0.000003
 -0.000003
 -0.000002
 -0.000002
 -0.000001
 -0.000001
 -0.000001
 -0.000001
 -0.000000
 -0.000000
 -0.000000
 -0.000000
 -0.000000
 -0.000000
 -0.000000
 -0.000000
 -0.000000
 -0.000000
 -0.000000
 -0.000000
 -0.000000
 -0.000000
 -0.000000
 -0.000000
 -0.000000
 -0.000000
 -0.000000
 -0.000000
 -0.000000
 -0.000000
 0.047236
 0.023966
 0.022900
 0.016173
 0.012958
 0.009818
 0.007621
 0.005853
 0.004517
 0.003478
 0.002681
 0.002065
 0.001591
 0.001226
 0.000945
 0.000728
 0.000561
 0.000432
 0.000333
 0.000257
 0.000198
 0.000152
 0.000117
 0.000090
 0.000070
 0.000054
 0.000041
 0.000032
 0.000025
 0.000019
 0.000015
 0.000011
 0.000009
 0.000007
 0.000005
 0.000004
 0.000003
 0.000002
 0.000002
 0.000001
 0.000001
 0.000001
 0.000001
 0.000000
 0.000000
 0.000000
 0.000000
 0.000000
 0.000000
 0.000000
 0.000000
 0.000000
 0.000000
 0.000000
 0.000000
 0.000000
 0.000000
 0.000000
 0.000000
 0.000000
 0.000000
 0.000000
 0.000000
 0.000000
 0.000000
 0.000000
 0.000000
 0.000000
 0.000000
 0.000000
 0.000000
 0.000000
 0.000000
 0.000000
 0.000000
 0.000000
 0.000000
 0.000000
 0.000000
 0.000000
 0.000000
 0.000000
 0.000000
 0.000000
 0.000000
 0.000000
 0.000000
 0.000000
 0.000000
 0.000000
 0.000000
 0.000000
 0.000000
 0.000000
 0.000000
 0.000000
 0.000000
 0.000000
