0.17735
-0.101719
0.232417
-0.468157
0.133642
0.205621
0.265692
0.0095743
-0.162223
-0.27803
0.544297
0.0463875
-0.223843
0.466033
0.644962
0.20889
-0.520148
-0.468672
-0.0744837
0.619387
0.0423042
-0.0787627
-0.0535341
-0.294188
1.12602
0.0315479
-0.312752
-0.072421
0.896803
-0.305779
0.766421
0.264413
0.235571
-0.106636
0.142968
0.0605207
0.186345
-0.10573
-0.383443
-0.351871
0.765413
0.768922
-0.41665
0.139355
0.374837
0.364218
0.61842
-0.477564
-0.0425308
-0.166075
0.59125
0.121483
-0.114388
-0.300123
-0.180658
-0.592047
0.162024
1.32849
-1.24321
0.198405
-0.620881
-0.287137
0.302793
0.158106
-0.427743
-0.405434
-0.331333
-0.715412
0.637137
0.680601
-0.412033
-0.149812
-0.208667
0.820442
1.02296
0.33679
-0.38449
1.00702
-0.000533449
0.271828
-0.922239
-0.916359
-0.147192
-0.443314
0.640573
0.0122237
0.122477
0.40124
-1.04929
1.01155
0.428874
0.327918
-0.719714
-0.521408
-0.136834
0.105268
0.459403
0.857319
0.293737
-0.97666
-0.447686
-0.0382651
-0.431035
0.483888
-0.65874
-0.252886
-0.183472
0.0278956
0.341892
-0.8875
0.255058
0.262111
-0.229466
0.688896
0.147695
-0.657748
1.18602
-0.343321
-0.104783
-0.00711204
-0.124932
0.957045
0.352539
0.376464
-0.537203
-0.477764
-0.0556304
0.167752
-0.299209
0.307102
0.270957
-0.426006
-0.519356
-0.14521
0.0640666
-0.26512
-0.0393659
-0.393148
-0.141171
-0.479726
-0.38096
0.0628096
-0.190613
0.445355
0.502132
0.239195
0.603499
-0.0903263
-0.889226
-0.197098
-0.656786
-0.735801
-0.792738
0.166145
0.0814164
-0.454528
-0.188065
-0.264137
-0.43627
0.407587
0.291842
0.0403467
0.229986
-0.188012
0.340743
-0.198415
0.235607
0.120614
0.329044
-0.892986
-0.12789
-0.415722
0.394251
1.52229
-0.440489
0.643397
0.609266
-0.355641
0.490869
0.684797
-0.282488
0.117381
0.744519
-0.211022
0.442858
-0.140003
-0.489033
-0.525074
0.251218
-0.237436
-0.256249
0.105527
-0.168216
-0.259889
0.324327
0.426736
0.483154
-0.562493
0.0810693
-0.191082
0.0749083
0.818337
0.320723
-0.235537
-0.0730264
-0.0368986
-0.211723
-1.51937
-0.120227
-0.0644585
0.263742
0.408339
0.0695427
-0.683098
0.746703
-1.36424
0.419254
0.0101563
0.471445
-0.64737
-0.58365
-0.28397
-0.380684
-0.180519
-0.0864216
-0.16377
-0.574805
-0.00435056
-0.429421
0.574265
-0.890004
0.178744
0.0556993
-0.21403
-0.93163
-0.425088
0.84173
-0.270454
0.493589
-0.237435
0.142084
-0.23246
-0.136504
-0.0787686
0.251431
0.426328
0.570081
-0.265686
0.237902
-0.460336
0.183894
-0.855552
-0.226644
0.407211
-0.526013
0.0430756
0.341624
-0.360685
-0.414205
-0.348214
0.0159557
0.406702
0.242634
-0.609472
-0.867201
1.12078
0.217857
0.736898
0.279691
-0.780531
0.980026
-0.00906583
1.14548
-0.548656
-0.652115
1.38246
0.250511
-0.1044
0.244599
0.520447
0.00111894
0.366612
-0.194346
-0.22793
1.22816
-0.195326
0.44554
-0.417975
0.315528
0.0665637
-0.193352
0.536
0.523701
0.839434
-0.0819848
0.63293
-0.475818
1.03543
-0.0619636
-1.10521
0.101338
0.547845
-0.0122874
0.140502
-0.188043
-0.0818615
-0.305071
0.338744
0.455851
0.162846
0.185249
0.115276
-0.151632
-0.647971
0.0468264
0.066225
0.39085
0.236906
-0.476
0.0154576
-0.751368
0.00507266
-0.177439
0.226284
-0.193032
0.413857
-0.0439342
-0.488041
0.0115601
-0.151232
-0.162625
-1.01843
0.440693
-0.016814
0.324283
0.298279
-0.208635
-0.570443
0.657637
0.440267
0.207298
-0.204757
-0.206073
1.15899
0.939118
0.497977
0.154194
0.957552
-0.12501
-0.876985
-0.504903
0.417577
-0.937733
0.865642
0.0884572
0.339872
0.86685
-0.673144
-0.113899
-0.529367
-0.0997671
-0.75189
0.440141
0.431223
0.00336187
-0.136308
0.708495
0.954831
0.52264
0.54744
0.161189
0.810259
0.363496
0.0939866
-0.112671
0.554834
-0.585528
-0.162454
-0.515115
-0.50265
0.615615
-0.838318
0.134495
-0.176695
0.0802395
0.344714
0.18262
-0.0931557
1.3365
-0.93719
-0.0556259
-0.245071
0.276532
0.582632
0.287503
0.802225
0.0583017
0.117554
-0.132777
-0.18154
0.243884
0.276924
0.142278
-0.0576616
-0.274688
0.29083
1.16759
-0.34268
-0.67467
0.641527
0.208929
0.0628503
-0.184981
-0.838157
0.0708445
-0.734027
-0.0461839
-0.549556
-0.483164
-0.00690621
-0.53719
-0.0907508
-1.11282
0.0168533
0.183282
-1.37804
0.618104
0.100732
-1.38794
-0.468425
-0.0826042
0.282834
-0.028378
0.596409
-0.501904
-0.387192
0.383704
-1.26633
-0.149712
-0.834809
0.465548
-0.0592568
0.352408
-0.27887
-0.805909
0.314175
-0.492821
0.0449616
0.68782
0.265231
0.18662
-0.628643
-0.0631711
-0.500781
0.463736
-0.490558
0.308686
-0.817384
0.167079
-0.189382
-0.119649
-0.228315
-0.0607929
-0.721805
-0.330911
-0.0308515
-0.122449
0.125322
-0.187105
0.313684
0.329899
0.833142
0.369401
0.172222
-0.0591235
0.805969
-0.216617
-0.465682
-0.327966
-0.479856
0.954847
-0.308292
0.125448
0.547979
-0.655788
0.517458
-1.27156
-0.520885
0.0763916
-0.413455
0.326167
-0.103473
-0.252469
0.607054
0.915047
-0.0400656
0.341389
0.614628
-0.241343
-0.248364
0.569696
0.639541
0.0685397
-0.0828377
-0.685154
-0.297131
-0.0195787
0.114408
0.00399591
-0.484767
-0.00414027
-0.394387
-0.609448
-1.1987
-0.574
-0.958179
-0.557723
0.824432
-0.19424
0.328417
0.48636
0.231718
0.622698
0.65896
-0.117398
-0.552363
0.162373
0.372825
-0.0245988
-0.84227
0.426895
0.2894
-0.260813
0.243407
1.04936
0.0676163
0.458735
0.500265
-0.872718
0.10457
-0.212794
-0.268388
0.447242
0.132913
0.333451
0.685749
-0.740298
-0.289687
-0.280868
-0.193135
0.550409
-0.0695812
-0.441539
0.683719
-0.418199
0.000792548
-0.210266
-1.09388
0.355826
-0.47168
0.684871
0.396062
-0.753745
-0.146591
-0.167224
0.744488
-0.450611
0.238326
-0.318433
1.13449
0.00985254
-0.324762
0.0925657
-0.334739
1.28061
0.342945
-0.377037
-0.359248
-0.175541
0.00435779
0.522371
-0.475598
0.870614
-0.0845114
-0.0368812
0.0656001
-0.539546
0.104742
-0.370265
0.347887
-0.561093
0.334816
-0.58103
-0.446128
-0.640866
0.32513
-0.33119
-0.753433
0.420888
0.177669
-0.207584
0.907609
-0.501414
-0.647865
0.324749
-0.505705
0.28524
-0.180674
-0.689328
-0.0693131
-0.745145
-0.00736758
-0.235105
0.178249
-0.110609
-1.20863
0.41882
-0.649033
-0.26707
-0.47182
1.23725
-0.856872
0.525233
0.156896
0.719683
0.531005
0.201572
-0.29705
0.212431
0.0855856
-0.660522
-0.310353
-0.649169
0.00432677
0.652377
-0.508945
-0.566197
-0.302569
-0.074529
-0.0736561
-1.00331
-0.821041
0.440369
0.0384171
0.27109
0.383963
-0.67543
1.04393
0.25349
0.0303339
-0.325911
0.227531
0.835794
0.523266
-0.136358
0.656103
-0.459343
0.0790488
-0.0315945
-0.416337
-0.120226
0.0453309
-0.476838
-0.864708
0.30094
0.239286
0.901218
0.136863
0.0405725
0.128821
-0.155856
-0.540238
-1.06143
-0.320748
-0.335828
0.61507
-0.461447
0.0800345
1.03125
-0.370387
0.554958
-0.0833341
-0.456463
-0.0730949
0.462771
0.0984696
0.370577
-0.387945
0.0981268
-0.977626
-0.37284
0.181259
-0.682331
0.10984
0.368807
-0.287291
-0.757567
0.103833
0.569307
0.217258
-0.178658
-0.12699
-1.23392
0.185259
1.13521
0.881857
-0.347313
0.556381
1.07067
-0.321371
-0.269224
-0.86585
-0.373782
0.565789
0.321181
-0.643643
0.560909
-1.30132
0.446744
0.92694
-0.154895
0.0125657
-0.617412
0.507237
0.437946
0.400439
0.437695
-0.374835
0.262919
0.0466782
0.735216
0.431476
-0.533701
0.233884
-0.453956
0.67432
0.589179
-0.73748
0.202039
-0.370489
-0.76448
0.07378
0.729324
-0.108543
0.0821479
-0.0868073
-0.34226
0.0381474
-0.550582
0.904995
-0.626858
0.395023
0.102376
0.125829
0.115395
-0.262306
-0.232698
-0.215214
0.589225
0.0760534
-0.541581
-0.751933
-0.188248
0.442906
0.37002
0.599245
0.121148
-0.435067
-0.772985
-0.168393
0.5739
0.408766
-0.158422
-0.538577
-0.368014
0.205784
0.600212
-0.70676
-0.220409
0.234507
0.320129
-0.77868
0.453438
-0.417131
-0.232606
-0.628555
-0.66154
0.23762
0.607227
-0.573777
-0.177703
0.668175
-1.26138
0.941049
0.261138
0.676911
0.46605
0.000442674
-0.197559
0.621888
0.105445
0.960499
-0.134502
0.117206
0.672236
0.511609
0.203895
-0.5683
0.622296
-0.0329306
-0.249653
0.140883
-0.303146
0.261576
0.125417
0.549256
0.10154
0.133539
0.226754
0.52276
-0.278979
-0.936628
0.106184
1.09654
1.09116
0.20758
1.14352
-0.499299
-0.0275558
0.268061
-1.33878
-0.635321
-0.376495
-0.261841
0.329775
-0.0981405
-0.0950771
-0.0581545
-0.376845
-0.0011351
0.418784
-0.406241
0.408827
0.269657
0.162875
0.0972144
0.645448
-0.335218
0.279322
-0.341859
-0.925319
-0.81748
-0.291534
0.58426
0.0657828
0.374091
-0.844782
0.0433542
-0.0533351
0.300328
-0.978765
-0.561938
0.581574
0.430861
0.305012
-0.153913
-0.415213
-0.876801
0.370725
0.742213
-0.184513
-0.401012
-1.00754
-0.376079
0.125315
-0.0675415
0.595956
0.460326
0.498147
0.024613
-0.246151
0.348231
0.256119
0.315975
0.0422889
-0.511517
0.110389
-0.0846138
-0.164902
-0.191568
0.359853
0.162342
1.23364
0.376224
0.162235
0.526761
0.267164
0.161142
-0.303766
-0.186054
0.45718
-0.810643
-0.00957603
0.0194222
1.06353
-0.116892
-0.320488
0.348649
0.432192
0.120103
0.716221
0.241468
0.278968
-0.594301
-1.02
1.04174
0.283575
-0.455044
0.47381
0.962492
0.875156
-0.162552
-0.521986
-0.00391541
-0.780889
-0.803948
-0.0417182
-0.0530935
0.477715
-0.145047
0.142638
-0.173015
-0.105996
-0.445498
-0.299991
-0.6164
0.174672
0.689358
0.134171
-0.0974786
0.256525
-0.0340956
-0.143576
0.0949339
0.400247
0.00471727
-0.967516
0.151552
0.1089
0.439052
0.386418
-0.755469
0.49888
0.392072
-1.37542
0.290652
0.365194
0.454356
-0.159024
-0.0167685
-0.691421
0.164089
-0.456734
-0.411206
0.414245
-1.0529
-0.571896
0.0463389
-0.04104
0.342807
0.806694
0.633491
-0.507531
-0.339839
0.714734
-0.513674
0.428757
0.495221
-0.81068
-0.930285
1.1384
0.227365
0.666042
0.658509
0.343293
0.482805
0.323001
0.658719
0.0270464
-0.406288
0.476751
-0.567443
-0.667326
0.22067
0.489079
0.0985587
-0.124414
0.327867
-1.06585
6.87552e-05
