 20.000000
 4.147368
 7.651612
 4.446220
 3.917025
 2.853327
 2.254051
 1.718174
 1.330184
 1.022843
 0.788845
 0.607594
 0.468252
 0.360778
 0.278001
 0.214206
 0.165054
 0.127180
 0.097996
 0.075510
 0.058183
 0.044832
 0.034544
 0.026618
 0.020510
 0.015804
 0.012177
 0.009383
 0.007230
 0.005571
 0.004293
 0.003308
 0.002549
 0.001964
 0.001513
 0.001166
 0.000898
 0.000692
 0.000533
 0.000411
 0.000317
 0.000244
 0.000188
 0.000145
 0.000112
 0.000086
 0.000066
 0.000051
 0.000039
 0.000030
 0.000023
 0.000018
 0.000014
 0.000011
 0.000008
 0.000006
 0.000005
 0.000004
 0.000003
 0.000002
 0.000002
 0.245629
 0.011258
 0.071008
 0.033933
 0.033148
 0.023188
 0.018659
 0.014111
 0.010963
 0.008417
 0.006496
 0.005002
 0.003855
 0.002970
 0.002289
 0.001763
 0.001359
 0.001047
 0.000807
 0.000622
 0.000479
 0.000369
 0.000284
 0.000219
 0.000169
 0.000130
 0.000100
 0.000077
 0.000060
 0.000046
 0.000035
 0.000027
 0.000021
 0.000016
 0.000012
 0.000010
 0.000007
 0.000006
 0.000004
 0.000003
 0.000003
 0.000002
 0.000002
 0.000001
 0.000001
 0.000001
 0.000001
 0.000000
 0.000000
 0.000000
 0.000000
 0.000000
 0.000000
 0.000000
 0.000000
 0.000000
 0.000000
 0.000000
 0.000000
 0.000000
 0.000000
 0.245628
 0.256885
 0.327892
 0.361824
 0.394972
 0.418159
 0.436818
 0.450929
 0.461891
 0.470308
 0.476803
 0.481805
 0.485660
 0.488630
 0.490919
 0.492682
 0.494041
 0.495088
 0.495895
 0.496517
 0.496996
 0.497365
 0.497649
 0.497868
 0.498037
 0.498167
 0.498267
 0.498345
 0.498404
 0.498450
 0.498485
 0.498513
 0.498534
 0.498550
 0.498562
 0.498572
 0.498579
 0.498585
 0.498589
 0.498593
 0.498595
 0.498597
 0.498599
 0.498600
 0.498601
 0.498602
 0.498602
 0.498603
 0.498603
 0.498603
 0.498603
 0.498603
 0.498604
 0.498604
 0.498604
 0.498604
 0.498604
 0.498604
 0.498604
 0.498604
 0.498604
 0.498604
 0.498604
 0.498604
 0.498604
 0.498604
 0.498604
 0.498604
 0.498604
 0.498604
 0.498604
 0.498604
 0.498604
 0.498604
 0.498604
 0.498604
 0.498604
 0.498604
 0.498604
 0.498604
 0.498604
 0.498604
 0.498604
 0.498604
 0.498604
 0.498604
 0.498604
 0.498604
 0.498604
 0.498604
 0.498604
 0.498604
 0.498604
 0.498604
 0.498604
 0.498604
 0.498604
 0.498604
