 6.894737
 5.392909
 5.724890
 5.421221
 5.371087
 5.270315
 5.213542
 5.162774
 5.126017
 5.096901
 5.074733
 5.057562
 5.044361
 5.034179
 5.026337
 5.020293
 5.015637
 5.012049
 5.009284
 5.007154
 5.005512
 5.004247
 5.003273
 5.002522
 5.001943
 5.001497
 5.001154
 5.000889
 5.000685
 5.000528
 5.000407
 5.000313
 5.000241
 5.000186
 5.000143
 5.000110
 5.000085
 5.000066
 5.000051
 5.000039
 5.000030
 5.000023
 5.000018
 5.000014
 5.000011
 5.000008
 5.000006
 5.000005
 5.000004
 5.000003
 5.000002
 5.000002
 5.000001
 5.000001
 5.000001
 5.000001
 5.000000
 5.000000
 5.000000
 5.000000
 4.952764
 5.023270
 5.001067
 5.006727
 5.003215
 5.003140
 5.002197
 5.001768
 5.001337
 5.001039
 5.000797
 5.000615
 5.000474
 5.000365
 5.000281
 5.000217
 5.000167
 5.000129
 5.000099
 5.000076
 5.000059
 5.000045
 5.000035
 5.000027
 5.000021
 5.000016
 5.000012
 5.000009
 5.000007
 5.000006
 5.000004
 5.000003
 5.000003
 5.000002
 5.000002
 5.000001
 5.000001
 5.000001
 5.000001
 5.000000
 5.000000
 5.000000
 5.000000
 5.000000
 5.000000
 5.000000
 5.000000
 5.000000
 5.000000
 5.000000
 5.000000
 5.000000
 5.000000
 5.000000
 5.000000
 5.000000
 5.000000
 5.000000
 5.000000
 5.000000
 5.000000
 4.952764
 4.976034
 4.977100
 4.983827
 4.987042
 4.990182
 4.992379
 4.994147
 4.995483
 4.996522
 4.997319
 4.997935
 4.998409
 4.998774
 4.999055
 4.999272
 4.999439
 4.999568
 4.999667
 4.999743
 4.999802
 4.999848
 4.999883
 4.999910
 4.999930
 4.999946
 4.999959
 4.999968
 4.999975
 4.999981
 4.999985
 4.999989
 4.999991
 4.999993
 4.999995
 4.999996
 4.999997
 4.999998
 4.999998
 4.999999
 4.999999
 4.999999
 4.999999
 5.000000
 5.000000
 5.000000
 5.000000
 5.000000
 5.000000
 5.000000
 5.000000
 5.000000
 5.000000
 5.000000
 5.000000
 5.000000
 5.000000
 5.000000
 5.000000
 5.000000
 5.000000
 5.000000
 5.000000
 5.000000
 5.000000
 5.000000
 5.000000
 5.000000
 5.000000
 5.000000
 5.000000
 5.000000
 5.000000
 5.000000
 5.000000
 5.000000
 5.000000
 5.000000
 5.000000
 5.000000
 5.000000
 5.000000
 5.000000
 5.000000
 5.000000
 5.000000
 5.000000
 5.000000
 5.000000
 5.000000
 5.000000
 5.000000
 5.000000
 5.000000
 5.000000
 5.000000
 5.000000
 5.000000
 5.000000
