 0.000000
 0.163579
 0.000000
 0.000000
 0.000000
 0.000000
 0.048757
 0.337588
 0.223036
 0.038738
 0.000000
 0.000000
 0.000000
 0.000000
 0.000000
 0.000000
 0.000000
 0.977897
 1.089376
 0.824525
 0.659173
 0.416499
 0.228888
 0.000000
 0.000000
 0.000000
 0.000000
 0.000000
 0.000000
 0.000000
 0.000000
 0.000000
 0.000000
 0.000000
 0.000000
 0.000000
 0.000000
 0.000000
 0.000000
 0.000000
 0.000000
 0.000000
 0.000000
 0.000000
 0.000000
 0.000000
 0.000000
 0.000000
 0.313284
 0.242099
 0.013926
 0.000000
 0.000000
 0.000000
 0.000000
 0.000000
 0.000000
 0.000000
 0.000000
 0.000000
 0.000000
 0.000000
 0.000000
 0.134291
 0.000000
 0.000000
 0.000000
 0.000000
 0.206503
 0.000000
 0.168719
 0.000000
 0.123709
 0.000000
 0.000000
 0.000000
 0.680872
 0.466146
 0.433949
 0.533860
 0.890819
 0.846572
 0.561576
 1.119617
 0.837291
 0.602534
 0.781512
 0.507455
 0.323923
 0.090913
 0.000000
 0.000000
 0.000000
 0.000000
 0.000000
 0.000000
 0.272507
 0.057554
 0.000000
 0.000000
 0.197050
 0.024390
 0.000000
 0.000000
 0.010243
 0.137366
 0.000000
 0.000000
 0.000000
 0.000000
 0.000000
 0.376583
 0.160373
 0.244450
 0.000000
 0.000000
 0.000000
 0.000000
 0.000000
 0.000000
 0.000000
 0.000000
 0.030998
 0.000000
 0.028774
 0.000000
 0.000000
 0.000000
 0.000000
 0.000000
 0.000000
 0.000000
 0.000000
 0.229971
 0.194157
 0.024558
 0.000000
 0.000000
 0.000000
 0.000000
 0.000000
 0.403347
 0.157790
 0.000000
 0.000000
 0.000000
 0.228791
 0.035268
 0.000000
 0.000000
 0.000000
 0.000000
 0.000000
 0.296828
 0.029641
 0.000000
 0.000000
 0.000000
 0.000000
 0.000000
 0.000000
 0.000000
 0.000000
 0.000000
 0.844359
 1.105893
 0.837010
 0.597132
 0.378012
 0.749574
 1.311598
 1.026605
 0.854937
 0.575571
 0.307026
 0.058971
 0.000000
 0.000000
 0.000000
 0.000000
 0.000000
 0.238200
 0.000000
 0.000000
 0.000000
 0.000000
 0.000000
 0.000000
 0.000000
 0.000000
 0.000000
 0.000000
 0.000000
 0.000000
 0.360876
 0.102115
 0.000000
 0.000000
 0.000000
 0.000000
 0.000000
 0.000000
 0.000000
 0.000000
 0.000000
 0.000000
 0.000000
 0.171431
 0.359467
 0.197099
 0.665962
 0.407399
 0.141146
 0.000000
 0.000000
 0.000000
 0.015772
 0.000000
 0.000000
 0.000000
 0.000000
 0.000000
 0.123887
 0.000000
 0.000000
 0.028573
 0.000000
 0.000000
 0.000000
 0.000000
 0.000000
 0.000000
 0.000000
 0.000000
 0.630808
 0.375944
 0.097888
 0.000000
 0.000000
 0.000000
 0.000000
 0.000000
 0.000000
 0.000000
 0.000000
 0.004563
 0.000000
 0.000000
 0.000000
 0.000000
 0.000000
 0.000000
 0.000000
 0.000000
 0.000000
 0.000000
 0.000000
 0.000000
 0.000000
 0.235295
 0.061694
 0.000000
 0.000000
 0.000000
 0.000000
 0.000000
 0.000000
 0.000000
 0.000000
 0.000000
 0.000000
 0.000000
 0.000000
 0.000000
 0.000000
 0.000000
 0.045327
 0.032160
 0.000000
 0.000000
 0.000000
 0.000000
 0.000000
 0.000000
 0.000000
 0.000000
 0.000000
 0.000000
 0.000000
 0.000000
 0.006693
 0.000000
 0.000000
 0.000000
 0.072178
 0.000000
 0.026093
 0.000000
 0.000000
 0.000000
 0.713796
 0.440794
 0.159309
 0.000000
 0.000000
 0.795499
 0.510555
 1.331843
 1.140082
 0.852896
 0.676947
 0.390919
 0.539931
 0.699056
 0.530745
 0.477088
 0.253251
 0.000000
 0.000000
 0.000000
 0.000000
 0.000000
 0.000000
 0.000000
 0.000000
 0.509461
 0.491014
 0.237670
 0.315311
 0.368501
 0.413758
 0.366931
 0.402298
 0.174960
 0.000000
 0.000000
 0.000000
 0.000000
 0.000000
 0.000000
 0.000000
 0.108587
 0.000000
 0.000000
 0.000000
 0.000000
 0.000000
 0.000000
 0.000000
 0.000000
 0.000000
 0.000000
 0.000000
 0.000000
 0.000000
 0.000000
 0.000000
 0.000000
 0.000000
 0.344666
 0.553325
 0.485318
 0.242385
 0.037509
 0.000000
 0.000000
 0.000000
 0.000000
 0.000000
 0.000000
 0.037771
 0.000000
 0.000000
 0.000000
 0.000000
 0.000000
 0.000000
 0.000000
 0.000000
 0.000000
 0.000000
 0.000000
 0.000000
 0.000000
 0.000000
 0.000000
 0.000000
 0.000000
 0.000000
 0.000000
 0.000000
 0.000000
 0.000000
 0.000000
 0.000000
 0.000000
 0.000000
 0.000000
 0.163689
 0.000000
 0.000000
 0.000000
 0.000000
 0.000000
 0.000000
 0.000000
 0.000000
 0.000000
 0.000000
 0.000000
 0.000000
 0.000000
 0.000000
 0.000000
 0.000000
 0.064148
 0.000000
 0.000000
 0.000000
 0.000000
 0.010461
 0.000000
 0.000000
 0.000000
 0.103825
 0.000000
 0.000000
 0.000000
 0.000000
 0.000000
 0.000000
 0.431345
 0.166960
 0.000000
 0.000000
 0.000000
 0.455845
 0.306934
 0.063778
 0.000000
 0.000000
 0.000000
 0.000000
 0.118161
 0.635170
 0.472078
 0.340386
 0.309768
 0.036848
 0.453811
 0.179473
 0.099947
 0.935025
 1.296318
 1.047336
 0.849068
 0.582174
 0.321674
 0.078259
 0.000000
 0.000000
 0.000000
 0.000000
 0.000000
 0.000000
 0.000000
 0.000000
 0.000000
 0.000000
 0.000000
 0.000000
 0.000000
 0.000000
 0.000000
 0.000000
 0.056898
 0.000000
 0.215675
 0.017282
 0.000000
 0.000000
 0.000000
 0.000000
 0.000000
 0.000000
 0.000000
 0.194157
 0.026783
 0.000000
 0.000000
 0.000000
 0.000000
 0.000000
 0.000000
 0.000000
 0.000000
 0.000000
 0.000000
 0.000000
 0.000000
 0.000000
 0.150090
 2.000000
 0.556780
 2.000000
 2.000000
 0.319328
 2.000000
 2.000000
 0.000000
 0.011096
 0.303258
 0.154986
 2.000000
 2.000000
 2.000000
 0.000000
 1.242789
 2.000000
 2.000000
 1.183947
 2.000000
 1.428882
 2.000000
 2.000000
 2.000000
 0.516146
 2.000000
 2.000000
 0.548445
 2.000000
 2.000000
 2.000000
 2.000000
 0.000000
 0.000000
 2.000000
 2.000000
 1.010859
 2.000000
 1.029341
 2.000000
 2.000000
 0.000000
 1.175563
 2.000000
 2.000000
 0.000000
 1.141365
 2.000000
 0.716281
 2.000000
 0.000000
 0.000000
 1.076731
 1.114050
 2.000000
 0.782052
 2.000000
 0.028573
 2.000000
 2.000000
 0.000000
 2.000000
 2.000000
 0.433713
 1.965638
 2.000000
 1.604963
 1.765511
 2.000000
 2.000000
 1.964370
 1.713566
 2.000000
 1.753554
 2.000000
 0.751167
 1.640389
 1.574377
 2.000000
 1.411834
 2.000000
 0.000000
 0.391795
 2.000000
 0.782642
 0.662116
 0.440113
 1.812419
 2.000000
 2.000000
 0.000000
 2.000000
 2.000000
 2.000000
 1.435429
 1.716472
 2.000000
 2.000000
 0.000000
 0.000000
 0.399447
 2.000000
 0.111967
 0.053720
 1.565411
 1.871916
 2.000000
 0.000000
 0.619228
 2.000000
 2.000000
 2.000000
 0.151187
 2.000000
 2.000000
 2.000000
 2.000000
 2.000000
 0.000000
 2.000000
 0.423873
 0.151544
 2.000000
 0.533405
 2.000000
 2.000000
 2.000000
 0.000000
 2.000000
 2.000000
 2.000000
 2.000000
 2.000000
 2.000000
 2.000000
 1.907452
 2.000000
 2.000000
 0.000000
 2.000000
 1.406844
 1.977812
 2.000000
 2.000000
 1.469810
 1.280417
 2.000000
 0.628532
 0.760188
 2.000000
 0.000000
 0.774764
 0.502796
 2.000000
 2.000000
 2.000000
 2.000000
 0.000000
 2.000000
 2.000000
 2.000000
 2.000000
 2.000000
 0.000000
 2.000000
 2.000000
 0.000000
 0.303220
 0.184680
 0.464122
 1.898214
 2.000000
 0.533950
 2.000000
 0.443660
 0.453516
 2.000000
 2.000000
 2.000000
 2.000000
 2.000000
 2.000000
 1.546758
 2.000000
 2.000000
 2.000000
 1.651578
 2.000000
 2.000000
 2.000000
 0.000000
 0.032704
 1.474322
 1.739464
 1.702436
 1.682087
 1.464476
 1.199547
 0.914126
 2.000000
 2.000000
 0.539716
 2.000000
 0.000000
 1.544808
 1.525943
 2.000000
 0.000000
 0.917777
 1.579633
 2.000000
 1.297134
 1.456779
 2.000000
 2.000000
 2.000000
 1.760531
 2.000000
 0.000000
 2.000000
 0.000000
 0.427876
 0.630666
 0.441572
 0.192245
 2.000000
 0.000000
 2.000000
 0.136870
 2.000000
 1.585941
 1.739376
 1.471487
 1.365618
 2.000000
 1.344399
 2.000000
 0.067260
 2.000000
 2.000000
 2.000000
 0.000000
 2.000000
 2.000000
 2.000000
 0.000000
 0.455064
 2.000000
 2.000000
 2.000000
 0.166239
 0.029852
 1.077742
 0.825212
 2.000000
 1.263337
 1.546937
 2.000000
 2.000000
 0.632339
 0.344714
 2.000000
 2.000000
 0.000000
 0.895458
 2.000000
 2.000000
 0.174079
 2.000000
 1.837552
 2.000000
 2.000000
 0.338507
 2.000000
 0.000000
 2.000000
 0.026986
 1.553883
 2.000000
 2.000000
 2.000000
 0.499103
 2.000000
 2.000000
 2.000000
 1.386999
 2.000000
 2.000000
 0.000000
 0.000000
 2.000000
 2.000000
 2.000000
 2.000000
 1.757075
 1.740281
 2.000000
 1.168775
 0.987764
 2.000000
 0.042945
 2.000000
 2.000000
 2.000000
 2.000000
 2.000000
 1.465292
 2.000000
 2.000000
 2.000000
 0.000000
 0.000000
 0.751093
 2.000000
 0.000000
 2.000000
 2.000000
 2.000000
 0.000000
 0.687186
 2.000000
 0.000000
 2.000000
 2.000000
 0.898831
 1.879779
 1.601393
 2.000000
 2.000000
 0.000000
 2.000000
 0.863020
 0.858338
 0.641725
 2.000000
 1.217119
 1.526617
 2.000000
 2.000000
 2.000000
 2.000000
 2.000000
 0.335229
 0.436053
 0.809805
 1.308962
 2.000000
 2.000000
 2.000000
 1.424026
 2.000000
 2.000000
 2.000000
 0.000000
 2.000000
 2.000000
 2.000000
 1.451511
 1.561246
 1.810902
 2.000000
 0.014463
 0.796982
 0.511611
 0.384692
 2.000000
 2.000000
 2.000000
 2.000000
 0.000000
 1.310839
 2.000000
 0.000000
 2.000000
 0.586699
 0.643598
 0.403305
 2.000000
 2.000000
 2.000000
 2.000000
 2.000000
 0.395832
 2.000000
 1.248845
 2.000000
 2.000000
 0.822432
 2.000000
 0.235953
 0.166766
 0.000000
 0.000000
 2.000000
 2.000000
 2.000000
 0.957982
 1.553864
 1.523611
 1.739276
 2.000000
 0.149382
 1.025609
 0.796207
 1.638721
 1.411900
 1.144213
 2.000000
 2.000000
 0.000000
 2.000000
 2.000000
 0.879806
 1.077462
 2.000000
 0.450300
 0.211588
 2.000000
 2.000000
 2.000000
 1.103989
 2.000000
 0.379053
 1.031676
 2.000000
 0.000000
 0.153460
 2.000000
 1.271328
 2.000000
 2.000000
 1.237870
 1.076581
 1.222757
 2.000000
 0.654120
 1.962283
 2.000000
 2.000000
 2.000000
 2.000000
 0.000000
 0.320307
 2.000000
 2.000000
 2.000000
 2.000000
 0.000000
 2.000000
 0.000000
 2.000000
 0.555242
 2.000000
 0.000000
 2.000000
 2.000000
 2.000000
 2.000000
 2.000000
 0.000000
 2.000000
 0.000000
 2.000000
 0.006527
 2.000000
 2.000000
 0.068920
 0.000000
 2.000000
 2.000000
 0.638545
 2.000000
 2.000000
 0.000000
 0.477113
 2.000000
 2.000000
 2.000000
 0.357052
 1.425320
 1.782772
 2.000000
 0.579232
 2.000000
 2.000000
 2.000000
 2.000000
 0.000000
 1.211714
 0.979701
 0.987470
 2.000000
 2.000000
 2.000000
 2.000000
 2.000000
 1.587055
 2.000000
