 0.000000
 0.000000
 0.000000
 0.000000
 0.000000
 0.000000
 0.000000
 0.000000
 0.000000
 0.000000
 0.000000
 0.000000
 0.000000
 0.000000
 0.000000
 0.000000
 0.000000
 1.117076
 0.323395
 0.000000
 0.000000
 0.000000
 0.000000
 0.000000
 0.000000
 0.000000
 0.000000
 0.000000
 0.000000
 0.000000
 0.000000
 0.000000
 0.000000
 0.000000
 0.000000
 0.000000
 0.000000
 0.000000
 0.000000
 0.000000
 0.000000
 0.000000
 0.000000
 0.000000
 0.000000
 0.000000
 0.000000
 0.000000
 0.000000
 0.000000
 0.000000
 0.000000
 0.000000
 0.000000
 0.000000
 0.000000
 0.000000
 0.000000
 0.000000
 0.000000
 0.000000
 0.000000
 0.000000
 0.000000
 0.000000
 0.000000
 0.000000
 0.000000
 0.000000
 0.000000
 0.000000
 0.000000
 0.000000
 0.000000
 0.000000
 0.000000
 0.462032
 0.000000
 0.000000
 0.000000
 0.000000
 0.000000
 0.000000
 0.191145
 0.000000
 0.000000
 0.000000
 0.000000
 0.000000
 0.000000
 0.000000
 0.000000
 0.000000
 0.000000
 0.000000
 0.000000
 0.000000
 0.000000
 0.000000
 0.000000
 0.000000
 0.000000
 0.000000
 0.000000
 0.000000
 0.000000
 0.000000
 0.000000
 0.000000
 0.000000
 0.000000
 0.000000
 0.000000
 0.000000
 0.000000
 0.000000
 0.000000
 0.000000
 0.000000
 0.000000
 0.000000
 0.000000
 0.000000
 0.000000
 0.000000
 0.000000
 0.000000
 0.000000
 0.000000
 0.000000
 0.000000
 0.000000
 0.000000
 0.000000
 0.000000
 0.000000
 0.000000
 0.000000
 0.000000
 0.000000
 0.000000
 0.000000
 0.000000
 0.000000
 0.000000
 0.000000
 0.000000
 0.000000
 0.000000
 0.000000
 0.000000
 0.000000
 0.000000
 0.000000
 0.000000
 0.000000
 0.000000
 0.000000
 0.000000
 0.000000
 0.000000
 0.000000
 0.000000
 0.000000
 0.822579
 0.359820
 0.000000
 0.000000
 0.000000
 0.000000
 0.199929
 0.000000
 0.000000
 0.000000
 0.000000
 0.000000
 0.000000
 0.000000
 0.000000
 0.000000
 0.000000
 0.000000
 0.000000
 0.000000
 0.000000
 0.000000
 0.000000
 0.000000
 0.000000
 0.000000
 0.000000
 0.000000
 0.000000
 0.000000
 0.000000
 0.000000
 0.000000
 0.000000
 0.000000
 0.000000
 0.000000
 0.000000
 0.000000
 0.000000
 0.000000
 0.000000
 0.000000
 0.000000
 0.000000
 0.000000
 0.000000
 0.000000
 0.000000
 0.000000
 0.000000
 0.000000
 0.000000
 0.000000
 0.000000
 0.000000
 0.000000
 0.000000
 0.000000
 0.000000
 0.000000
 0.000000
 0.000000
 0.000000
 0.000000
 0.000000
 0.000000
 0.000000
 0.000000
 0.000000
 0.351622
 0.000000
 0.000000
 0.000000
 0.000000
 0.000000
 0.000000
 0.000000
 0.000000
 0.000000
 0.000000
 0.000000
 0.000000
 0.000000
 0.000000
 0.000000
 0.000000
 0.000000
 0.000000
 0.000000
 0.000000
 0.000000
 0.000000
 0.000000
 0.000000
 0.000000
 0.000000
 0.000000
 0.000000
 0.000000
 0.000000
 0.000000
 0.000000
 0.000000
 0.000000
 0.000000
 0.000000
 0.000000
 0.000000
 0.000000
 0.000000
 0.000000
 0.000000
 0.000000
 0.000000
 0.000000
 0.000000
 0.000000
 0.000000
 0.000000
 0.000000
 0.000000
 0.000000
 0.000000
 0.000000
 0.000000
 0.000000
 0.000000
 0.000000
 0.000000
 0.000000
 0.000000
 0.000000
 0.000000
 0.000000
 0.000000
 0.534639
 0.000000
 0.000000
 0.000000
 0.000000
 0.714824
 0.000000
 0.771700
 0.000000
 0.000000
 0.000000
 0.000000
 0.000000
 0.000000
 0.000000
 0.000000
 0.000000
 0.000000
 0.000000
 0.000000
 0.000000
 0.000000
 0.000000
 0.000000
 0.000000
 0.084008
 0.000000
 0.000000
 0.000000
 0.000000
 0.000000
 0.000000
 0.000000
 0.000000
 0.000000
 0.000000
 0.000000
 0.000000
 0.000000
 0.000000
 0.000000
 0.000000
 0.000000
 0.000000
 0.000000
 0.000000
 0.000000
 0.000000
 0.000000
 0.000000
 0.000000
 0.000000
 0.000000
 0.000000
 0.000000
 0.000000
 0.000000
 0.000000
 0.000000
 0.000000
 0.000000
 0.000000
 0.000000
 0.000000
 0.000000
 0.000000
 0.000000
 0.000000
 0.000000
 0.000000
 0.000000
 0.000000
 0.000000
 0.000000
 0.000000
 0.000000
 0.000000
 0.000000
 0.000000
 0.000000
 0.000000
 0.000000
 0.000000
 0.000000
 0.000000
 0.000000
 0.000000
 0.000000
 0.000000
 0.000000
 0.000000
 0.000000
 0.000000
 0.000000
 0.000000
 0.000000
 0.000000
 0.000000
 0.000000
 0.000000
 0.000000
 0.000000
 0.000000
 0.000000
 0.000000
 0.000000
 0.000000
 0.000000
 0.000000
 0.000000
 0.000000
 0.000000
 0.000000
 0.000000
 0.000000
 0.000000
 0.000000
 0.000000
 0.000000
 0.000000
 0.000000
 0.000000
 0.000000
 0.000000
 0.000000
 0.000000
 0.000000
 0.000000
 0.000000
 0.000000
 0.000000
 0.000000
 0.000000
 0.000000
 0.000000
 0.000000
 0.000000
 0.000000
 0.000000
 0.000000
 0.000000
 0.000000
 0.000000
 0.000000
 0.100654
 0.000000
 0.000000
 0.000000
 0.000000
 0.000000
 0.000000
 0.000000
 0.802109
 0.559355
 0.000000
 0.000000
 0.000000
 0.000000
 0.000000
 0.000000
 0.000000
 0.000000
 0.000000
 0.000000
 0.000000
 0.000000
 0.000000
 0.000000
 0.000000
 0.000000
 0.000000
 0.000000
 0.000000
 0.000000
 0.000000
 0.000000
 0.000000
 0.000000
 0.000000
 0.000000
 0.000000
 0.000000
 0.000000
 0.000000
 0.000000
 0.000000
 0.000000
 0.000000
 0.000000
 0.000000
 0.000000
 0.000000
 0.000000
 0.000000
 0.000000
 0.000000
 0.000000
 0.000000
 0.000000
 0.000000
 0.000000
 0.000000
 3.583201
 3.771565
 4.000000
 3.448962
 3.113659
 4.000000
 4.000000
 0.000000
 0.000000
 0.000000
 0.000000
 4.000000
 4.000000
 4.000000
 0.000000
 1.701259
 4.000000
 4.000000
 1.571491
 4.000000
 2.111661
 4.000000
 4.000000
 4.000000
 0.098751
 4.000000
 4.000000
 0.169983
 4.000000
 4.000000
 3.393628
 4.000000
 0.000000
 0.000000
 4.000000
 4.000000
 1.189771
 3.700086
 4.000000
 4.000000
 4.000000
 0.000000
 1.553002
 4.000000
 4.000000
 0.000000
 1.477584
 4.000000
 0.540121
 4.000000
 0.000000
 0.000000
 1.335042
 0.377810
 4.000000
 0.685170
 4.000000
 0.000000
 4.000000
 4.000000
 0.000000
 4.000000
 4.000000
 0.000000
 2.338908
 2.718519
 4.000000
 0.000000
 0.636209
 4.000000
 3.292603
 1.699956
 4.000000
 2.827679
 4.000000
 0.617057
 1.538573
 0.353459
 4.000000
 2.074064
 4.000000
 0.000000
 0.000000
 2.649898
 3.336368
 2.031031
 0.501901
 2.488791
 4.000000
 4.000000
 0.000000
 4.000000
 4.000000
 4.000000
 2.126099
 1.706365
 4.000000
 4.000000
 0.000000
 0.000000
 0.000000
 2.882720
 2.090114
 0.922124
 3.216407
 2.852825
 3.873806
 2.477545
 2.803630
 4.000000
 4.000000
 4.000000
 0.000000
 4.000000
 3.440610
 4.000000
 4.000000
 3.985165
 2.459992
 4.000000
 0.000000
 0.000000
 4.000000
 0.136813
 4.000000
 4.000000
 4.000000
 0.000000
 4.000000
 4.000000
 4.000000
 4.000000
 4.000000
 4.000000
 4.000000
 3.167078
 2.835843
 4.000000
 0.000000
 4.000000
 2.063058
 2.282713
 4.000000
 4.000000
 2.201922
 0.744707
 4.000000
 0.346604
 0.000000
 4.000000
 0.000000
 0.669097
 0.000000
 4.000000
 4.000000
 3.905719
 4.000000
 0.000000
 4.000000
 4.000000
 4.000000
 4.000000
 4.000000
 0.000000
 4.000000
 4.000000
 0.000000
 0.000000
 0.000000
 0.000000
 2.123151
 2.522613
 2.660627
 4.000000
 0.000000
 0.000000
 4.000000
 4.000000
 4.000000
 4.000000
 4.000000
 4.000000
 2.371619
 4.000000
 4.000000
 4.000000
 2.602785
 4.000000
 4.000000
 4.000000
 0.000000
 0.000000
 2.139748
 1.684947
 0.563752
 0.000000
 0.000000
 0.000000
 0.000000
 4.000000
 4.000000
 0.150732
 3.130162
 1.960355
 4.000000
 0.000000
 4.000000
 0.000000
 0.984491
 1.404586
 2.856368
 4.000000
 0.000000
 2.132010
 4.000000
 4.000000
 2.843065
 4.000000
 0.000000
 4.000000
 0.000000
 0.000000
 0.000000
 0.000000
 0.000000
 4.000000
 0.000000
 4.000000
 0.000000
 4.000000
 2.458032
 1.756875
 0.126550
 0.000000
 4.000000
 1.925345
 4.000000
 0.000000
 4.000000
 4.000000
 4.000000
 0.000000
 4.000000
 4.000000
 4.000000
 0.000000
 0.000000
 4.000000
 4.000000
 4.000000
 0.000000
 0.000000
 1.271436
 0.000000
 3.521645
 4.000000
 0.000000
 4.000000
 4.000000
 0.354998
 0.000000
 4.000000
 4.000000
 0.000000
 0.935270
 4.000000
 4.000000
 0.000000
 4.000000
 3.012923
 4.000000
 4.000000
 0.000000
 4.000000
 0.000000
 4.000000
 0.000000
 2.327819
 4.000000
 4.000000
 4.000000
 0.061165
 4.000000
 4.000000
 4.000000
 2.019294
 2.932070
 4.000000
 0.000000
 0.000000
 4.000000
 4.000000
 4.000000
 4.000000
 2.835443
 1.758872
 4.000000
 1.538031
 0.099303
 4.000000
 0.000000
 4.000000
 4.000000
 4.000000
 4.000000
 4.000000
 2.191957
 4.000000
 4.000000
 4.000000
 0.000000
 0.000000
 0.616894
 4.000000
 0.000000
 4.000000
 4.000000
 4.000000
 0.000000
 0.475956
 4.000000
 0.000000
 4.000000
 4.000000
 0.942708
 2.066515
 0.413040
 2.262210
 4.000000
 0.000000
 4.000000
 0.863732
 0.000000
 0.000000
 4.000000
 1.644647
 1.287666
 4.000000
 4.000000
 4.000000
 4.000000
 4.000000
 0.000000
 0.000000
 0.000000
 0.061285
 4.000000
 3.592995
 4.000000
 2.100950
 4.000000
 4.000000
 4.000000
 0.000000
 4.000000
 4.000000
 4.000000
 2.161566
 1.364036
 0.875082
 2.996620
 1.988981
 2.675180
 1.006300
 0.000000
 4.000000
 4.000000
 4.000000
 4.000000
 0.000000
 1.851332
 4.000000
 0.000000
 4.000000
 0.254347
 0.000000
 0.000000
 4.000000
 4.000000
 4.000000
 4.000000
 4.000000
 0.000000
 3.562641
 4.000000
 4.000000
 4.000000
 0.774222
 4.000000
 0.000000
 0.000000
 0.000000
 0.000000
 4.000000
 4.000000
 4.000000
 1.073158
 1.347757
 0.241502
 0.000000
 4.000000
 0.000000
 0.892859
 0.000000
 0.818511
 0.000000
 0.000000
 4.000000
 4.000000
 0.000000
 4.000000
 4.000000
 0.900751
 0.297119
 2.136157
 2.089695
 0.523715
 4.000000
 4.000000
 4.000000
 1.395156
 4.000000
 0.000000
 0.399733
 4.000000
 0.000000
 0.000000
 4.000000
 1.764198
 4.000000
 4.000000
 1.690411
 0.295176
 0.000000
 3.868198
 4.000000
 1.845432
 4.000000
 4.000000
 4.000000
 4.000000
 0.000000
 0.000000
 4.000000
 4.000000
 4.000000
 4.000000
 0.000000
 4.000000
 0.000000
 4.000000
 0.184972
 4.000000
 0.000000
 4.000000
 4.000000
 4.000000
 4.000000
 4.000000
 0.000000
 4.000000
 0.000000
 3.528670
 2.503531
 4.000000
 4.000000
 0.000000
 0.000000
 4.000000
 4.000000
 0.368684
 4.000000
 3.440359
 2.283742
 2.296413
 4.000000
 4.000000
 4.000000
 0.000000
 1.316377
 1.065152
 4.000000
 0.237878
 4.000000
 4.000000
 4.000000
 4.000000
 0.000000
 1.632727
 0.081520
 0.000000
 3.785850
 4.000000
 4.000000
 4.000000
 4.000000
 2.460488
 3.641907
