 0
 151.542
 156.156
 159.272
 164.166
 165.118
 251.396
 278.693
 321.784
 5.51965
 67.7358
 68.6155
 126.078
 145.277
 156.526
 158.503
 216.703
 304.547
 27.8829
 68.5485
 82.5779
 81.6973
 82.8657
 83.7496
 89.7588
 95.6486
 130.872
 168.589
 169.846
 173.389
 266.893
 287.881
 323.025
 4.91288
 6.25467
 7.18338
 16.4624
 16.044
 20.9166
 23.9999
 45.3027
 45.1826
 56.9032
 84.4142
 92.1914
 91.4568
 100.91
 147.875
 148.001
 149.508
 148.594
 165.363
 165.717
 167.966
 193.115
 196.419
 201.127
 221.304
 250.906
 301.82
 21.7844
 60.7056
 101.619
 113.944
 117.939
 128.717
 154.004
 160.188
 201.637
 213.471
 219.433
 232.177
 241
 240.083
 247.214
 259.504
 258.658
 258.537
 257.857
 259.776
 259.933
 259.264
 267.049
 274.504
 279.178
 280.679
 282.846
 282.342
 289.805
 299.409
 315.814
 15.5227
 16.5222
 26.7396
 37.8487
 78.0444
 111.646
 111.542
 110.846
 226.597
 238.378
 239.454
 242.22
 297.504
 321.951
 10.4721
 15.9521
 21.8117
 44.8389
 55.923
 56.9358
 66.1895
 71.3682
 73.0925
 75.8142
 118.017
 117.279
 117.171
 139.535
 138.628
 169.705
 180.792
 185.421
 205.633
 221.412
 248.079
 247.66
 338.917
 3.624
 13.4505
 63.3708
 63.1031
 65.4802
 64.7879
 73.7257
 81.9054
 81.2761
 134.83
 138.934
 146.289
 149.222
 151.26
 152.889
 152.163
 163.869
 169.96
 176.813
 175.976
 175.593
 187.683
 191.518
 214.534
 239.572
 253.184
 258.685
 269.541
 271.205
 270.373
 270.107
 269.339
 342.033
 22.3665
 46.9462
 48.38
 139.387
 144.282
 166.374
 167.089
 166.4
 175.283
 174.759
 219.415
 224.706
 223.803
 228.556
 238.831
 237.942
 243.481
 242.904
 247.491
 250.434
 255.152
 256.209
 255.593
 268.164
 276.17
 280.659
 292.17
 297.832
 304.439
 30.4524
 35.2097
 39.2745
 41.8319
 87.2881
 171.636
 201.959
 201.707
 202.417
 212.176
 218.469
 238.991
 249.136
 256.87
 256.319
 262.102
 261.287
 266.835
 278.307
 278.671
 277.817
 277.047
 276.16
 290.754
 289.991
 305.577
 0
 4.82381
 168.384
 206.377
 275.225
 463.342
 22.311
 22.4837
 21.6819
 35.0056
 38.3687
 38.9909
 46.1491
 45.3916
 45.5599
 52.0861
 58.8311
 62.2035
 104.802
 113.976
 156.229
 155.365
 163.871
 188.959
 220.554
 223.34
 231.62
 236.932
 283.628
 288.146
 415.871
 20.2067
 20.9243
 33.3713
 81.9648
 128.189
 139.007
 194.782
 206.96
 210.639
 225.853
 252.351
 266.523
 270.907
 271.868
 279.159
 302.212
 12.6262
 19.0754
 18.174
 76.5242
 81.3302
 102.992
 115.735
 122.269
 142.554
 154.566
 190.791
 194.468
 211.941
 266.741
 270.56
 269.647
 269.391
 277.946
 277.797
 296.725
 305.197
 15.5679
 14.9271
 18.9206
 18.0267
 50.7188
 50.1325
 50.3971
 64.9171
 77.1583
 79.4642
 78.9656
 117.465
 120.617
 151.322
 150.691
 164.194
 212.491
 216.409
 249.225
 256.366
 260.05
 260.608
 260.298
 260.896
 267.048
 282.876
 341.115
 23.8417
 28.1608
 39.7067
 57.949
 62.1362
 71.0363
 71.9573
 75.6022
 75.9218
 87.065
 159.075
 168.634
 178.576
 182.765
 182.123
 182.512
 184.4
 185.039
 186.827
 213.186
 212.719
 223.122
 232.871
 231.961
 239.359
 240.666
 241.528
 244.112
 243.608
 267.784
 271.642
 281.745
 281.884
 280.967
 429.974
 19.0953
 18.4652
 28.2756
 33.0758
 42.3253
 54.5858
 54.3565
 61.3098
 61.0594
 65.569
 67.2845
 98.3901
 117.29
 118.428
 132.257
 138.263
 151.665
 154.263
 153.352
 158.95
 166.474
 216.072
 248.88
 273.567
 276.937
 298.448
 300.805
 88.5116
 96.3149
 97.4808
 121.234
 125.325
 129.906
 130.019
 133.261
 164.943
 228.949
 251.627
 271.034
 271.527
 291.025
 298.037
 297.379
 297.042
 297.158
 298.105
 360.293
 59.3824
 107.994
 107.501
 108.28
 107.711
 139.143
 146.152
 148.763
 155.885
 155.311
 198.981
 205.111
 204.222
 209.878
 236.144
 239.338
 238.56
 247.218
 246.315
 246.897
 265.691
 264.886
 265.172
 264.673
 277.536
 278.471
 290.955
 293.878
 294.111
 293.529
 314.867
 0
 4.14869
 35.0783
 43.3482
 94.7995
 97.428
 97.8339
 97.2162
 97.1177
 102.044
 117.361
 120.638
 146.916
 170.247
 170.18
 169.692
 171.993
 171.089
 174.646
 176.295
 186.32
 217.798
 239.141
 262.666
 272.875
 294.953
 301.169
 0
 9.95283
 10.1654
 44.0095
 100.569
 140.855
 146.804
 149.74
 150.849
 162.164
 161.735
 160.962
 190.334
 200.415
 219.404
 218.504
 221.32
 222.504
 222.526
 281.389
 293.019
 308.63
 7.41513
 40.4578
 49.2491
 62.8053
 62.4043
 61.625
 123.762
 150.175
 223.774
 290.234
 289.381
 313.175
 0
 0
 36.2918
 47.7659
 46.8522
 59.1748
 58.2701
 61.009
 81.0605
 133.689
 136.496
 135.597
 163.875
 198.257
 200.688
 202.09
 1238.52
 1457.25
 519.872
 2206.08
 1344.49
 199.932
 440.906
 107.929
 535.762
 168.717
 312.484
 680.637
 765.153
 163.579
 309.091
 104.73
 512.27
 42.2547
 56.8204
 194.897
 345.321
 277.217
 287.27
 468.967
 19.8803
 706.265
 18.7397
 287.742
 914.095
 381.974
 571.052
 1610.73
 126.186
 2081.06
 23.4643
 1498.85
 1427.86
 1003.94
 568.947
 275.43
 889.051
 525.35
 38.6244
 38.087
 42.281
 45.4962
 59.1162
 485.407
 0
 140.461
 291.61
 708.071
 108.866
 2082.57
 1396.5
 1698.64
 0
 102.192
 272.182
 311.026
 110.386
 1057.72
 25.4807
 453.214
 2762.2
 410.862
 197.237
 638.764
 167.306
 175.651
 183.545
 222.72
 538.728
 922.845
 0
 671.539
 44.9362
 47.8092
 188.472
 557.722
 45.7164
 240.39
 1988.57
 2.56217
 246.047
 248.256
 334.752
 335.638
 353.815
 47.9201
 155.489
 166.252
 597.425
 0.390325
 609.423
 161.546
 165.437
 260.816
 386.027
 755.582
 185.412
 483.106
 0
 931.231
 723.416
 3784.47
 290.572
 1094.89
 1.81943
 5.0295
 49.9473
 184.378
 365.258
 688.065
 81.1828
 419.785
 389.582
 11.8022
 1622.54
 193.483
 891.302
 1387.77
 944.885
 367.904
 47.5646
 367.289
 84.36
 117.87
 165.834
 347.531
 19.9785
 1020.79
 334.143
 46.9509
 1985.09
 394.269
 48.3224
 58.0403
 708.725
 119.685
 1163.02
 1242.87
 108.81
 332.152
 896.26
 2866.84
 247.475
 4106.65
 442.57
 966.694
 68.6365
 98.1359
 1956.22
 0.982911
 269.737
 1076.34
 61.2748
 60.5444
 634.262
 242.131
 246.914
 617.289
 20.4884
 2086.62
 19.4472
 4486.82
 1179.3
 0
 64.9981
 327.249
 153.139
 1031.76
 1032.38
 41.6309
 102.395
 349.54
 0
 286.199
 1565.54
 620.186
 35.2095
 67.9767
 618.962
 645.844
 4150.41
 324.213
 353.233
 9.91938
 10.6312
 15.5549
 543.812
 311.645
 240.143
 756.603
 531.314
 1457.58
 1011.25
 155.223
 824.259
 120.198
 158.506
 912.162
 2557.67
 443.658
 1846.07
 183.646
 453.493
 4.10247
 18.2082
 3443.74
 0
 1.60782
 432.158
 10.8726
 369.17
 7.74235
 7.95895
 727.832
 159.481
 353.298
 244.137
 1304.87
 3.83489
 1039.9
 7.10402
 506.251
 0
 6.39231
 1300.45
 89.7717
 112.198
 119.412
 257.104
 761.203
 193.286
 502.242
 852.388
 532.313
 371.887
 242.162
 541.36
 67.1029
 69.6558
 279.302
 3330.42
 109.631
 284.518
 318.483
 26.0321
 204.132
 204.091
 473.819
 68.0461
 380.76
 1.83616
 1326.76
 248.206
 582.865
 90.7948
 1029.49
 81.231
 2711.37
 79.3612
 90.7978
 135.069
 764.158
 750.395
 1554.3
 1.34435
 523.373
 569.692
 707.676
 274.746
 2151.08
 1987.69
 4714.16
 2093.39
 3819.09
 4127.03
 184.445
 537.993
 435.591
 1197.39
 10.0987
 34.8465
 227.621
 681.343
 525.106
 858.176
 0
 74.3833
 237.927
 242.954
 1043
 220.442
 1152.92
 27.8137
 654.246
 1062.03
 1017.37
 20.0072
 5462.11
 1129.16
 2172.18
 7.48027
 224.69
 641.083
 0.892578
 31.1677
 32.2953
 34.8484
 269.718
 459.614
 223.142
 1440.25
 3739.58
 111.958
 294.831
 357.746
 22.5969
 153.728
 484.509
 273.643
 355.099
 15.0106
 17.7511
 197.245
 635.356
 5.00869
 79.0085
 153.639
 1341.78
 876.529
 386.723
 167.666
 246.199
 354.488
 562.038
 220.525
 238.074
 902.5
 1851.31
 0
 15.9879
 18.6958
 212.069
 213.35
 215.456
 800.01
 416.054
 345.528
 92.1309
 257.54
 382.259
 147.256
 147.91
 158.941
 233.657
 359.919
 47.0625
 120.557
 470.83
 1385.4
 196.701
 2298.76
 73.7125
 1485.67
 294.375
 1360
 16.4819
 817.042
 40.0158
 208.386
 301.618
 3335.04
 157.802
 524.329
 371.693
 108.655
 195.634
 754.741
 826.58
 10.269
 23.726
 1025.57
 4.92435
 5.03953
 112.012
 209.478
 862.862
 1828.02
 492.515
 2725.08
 256.457
 307.359
 51.736
 53.916
 315.877
 61.0212
 174.307
 312.543
 134.793
 415.379
 7.24868
 127.27
 389.655
 434.362
 439.612
 799.512
 133.695
 138.358
 176.359
 195.034
 204.64
 269.143
 650.434
 3.2257
 815.74
 50.8077
 66.434
 519.69
 65.1509
 3579.12
 217.183
 5668.11
 3626.93
 529.914
 25.0263
 429.501
 1315.72
 180.179
 241.093
 1256.28
 1.1226
 14.2929
 353.627
 132.232
 133.927
 821.759
 15.7575
 892.591
 57.0896
 1003.45
 272
 591.399
 0.609187
 304.511
 46.7094
 298.303
 365.262
 216.369
 297.811
 593.259
 1354.27
 622.625
 19.3262
 377.13
 113.034
 196.757
 972.081
 282.486
 365.718
 4095.4
 1015.41
 98.7346
 296.276
 902.007
 98.7849
 180.021
 2288.45
 340.025
 540.247
 276.043
 1199.92
 5.22262
 463.798
 286.187
 285.272
 639.98
 209.634
 456.16
 608.013
 3.1456
 355.182
 360.598
 327.401
 145.648
 6769.24
 614.853
 2792.53
 41.0991
 659.888
 1168.43
 1892.29
 223.01
 963.938
 248.038
 467.482
 8.03744
