 29.8896
 3000.28
 3023.87
 3031.1
 3032.94
 3121.41
 3163.22
 3178.23
 3189.52
 3189.93
 3189.8
 3225.33
 3236.83
 3261.5
 3283.67
 3431.2
 3469.66
 3469.12
 3478.86
 3478.36
 3498.26
 3498.49
 3521.71
 3628.25
 3706.9
 3732.08
 3731.3
 3739.74
 3802.12
 3859.78
 3872.91
 3875.34
 3881.24
 3882.39
 3909.32
 3909.86
 3924.37
 3923.73
 3933.02
 3935.01
 3935.52
 3982.49
 3986.86
 3988.15
 3987.36
 3989.85
 3989.63
 3988.73
 4079.52
 4231.88
 4289.97
 4289.74
 4290.16
 4290.47
 4290.37
 4292.39
 4291.7
 4351.57
 4361.53
 4375.09
 4392.77
 4431.88
 4457.44
 4468.85
 4468.05
 4473.2
 4496.47
 4500.93
 4506.55
 4515.07
 4521.61
 4612.9
 4621.87
 4622.07
 4657.72
 4708.49
 4724.73
 4724.33
 4756.97
 4761.26
 4762.59
 4785.52
 4792.34
 4794.2
 4806.07
 4805.68
 4804.81
 4850.74
 4863.13
 4927.01
 4931.73
 4931.39
 4948.5
 4954.05
 4955.74
 4955.07
 4960.84
 4961.2
 5018.67
 2.71655
 2.2827
 4.3239
 34.3549
 35.702
 36.4821
 35.5904
 52.5985
 58.4526
 78.1206
 77.3135
 78.0503
 80.9161
 86.2203
 85.3069
 84.9463
 91.343
 93.5245
 107.901
 107.248
 134.897
 143.003
 142.799
 171.59
 174.403
 173.749
 172.87
 197.047
 196.379
 195.746
 195.183
 194.473
 194.917
 198.91
 198.863
 197.963
 208.004
 221.078
 250.931
 250.144
 298.338
 325.202
 328.783
 342.648
 341.867
 371.063
 428.13
 427.774
 450.211
 452.883
 500.387
 534.96
 556.369
 585.251
 595.601
 610.685
 611.56
 613.241
 614.92
 615.831
 615.805
 621.253
 624.764
 643.396
 647.768
 647.101
 647.22
 648.946
 651.667
 696.307
 702.864
 703.886
 705.334
 722.651
 742.461
 741.776
 741.721
 742.483
 755.241
 754.421
 768.56
 794.298
 795.143
 811.767
 880.58
 890.623
 922.625
 924.105
 947.592
 954.15
 953.296
 997.975
 1056.31
 1098.52
 1139.28
 1207.97
 1215.79
 1217.2
 1224.42
 1239.72
 1248.47
 1247.73
 1246.97
 1286.73
 1288.09
 1427.34
 1438.14
 1441.75
 1442.06
 1478.96
 1487.32
 1486.86
 1494.48
 1505.07
 1513.11
 1529.24
 1528.78
 1527.86
 1539.34
 1579.44
 1592.58
 1592.64
 1596.46
 1608.55
 1618.51
 1617.6
 1657.94
 1657.75
 1658.45
 1658.35
 1671.97
 1671.52
 1671.54
 1671.55
 1682.38
 1685.96
 1710.92
 1720.11
 1728.61
 1770.33
 1856.88
 1859.15
 1858.34
 1879.13
 1879.17
 1889.99
 1889.08
 1945.29
 1961.32
 2042.77
 2092.48
 2092.81
 2122.01
 2129.92
 2129.79
 2130.49
 2142.99
 2142.37
 2142.53
 2141.66
 2181.6
 2180.71
 2181.08
 2205.22
 2212.18
 2211.92
 2211.36
 2212.16
 2249.71
 2262.61
 2295.34
 2298.67
 2359.01
 2363.93
 2363.58
 2362.72
 2367.1
 2366.26
 2388.39
 2388.03
 2410.86
 2421.24
 2467.09
 2471.97
 2516.26
 2533.59
 2533.98
 2534.21
 2537.28
 2540.98
 2557.31
 2565.67
 2567.27
 2567.68
 2588.62
 2590.9
 2590.01
 2610.97
 2630.19
 2733.33
 2733.63
 2739.93
 2764.79
 2765.24
 2767.67
 2766.96
 2767.87
 2767.31
 2777.95
 2782.11
 2786.22
 2854.85
 2855.33
 2883.92
 2884.6
 2959.25
 2959.49
 3049.12
 3078.51
 3077.97
 3136.06
 3157.57
 3243.64
 3244.44
 3263.65
 3318.81
 3393.08
 3399.67
 3477.29
 3484.77
 3485.18
 3487.65
 3490.69
 3505.59
 3507.84
 3506.96
 3535.71
 3608.64
 3664.24
 3664.21
 3664.66
 3664.1
 3670.41
 3669.73
 3668.81
 3677.64
 3677.15
 3676.33
 3684.42
 3683.51
 3684.78
 3698.24
 3701.21
 3725.11
 3739.13
 3760.53
 3790.42
 3789.51
 3793.71
 3793.29
 3792.41
 3791.87
 3809.07
 3847.17
 3848.8
 3849.7
 3861.07
 3887.73
 3899.46
 3942.3
 3968.9
 3968.33
 3977.35
 4000.42
 3999.51
 3998.91
 3998.69
 4002.54
 4047.73
 4127.96
 4243.26
 4242.63
 4247.07
 4249.92
 4273.7
 4272.92
 4281.44
 4309.52
 4309.89
 4317.62
 4320.72
 4368.83
 4421.42
 4428.28
 4434.8
 4434.48
 4442.83
 4447.17
 4464.12
 4463.29
 4462.96
 4463.08
 4464.57
 4502.2
 4510.23
 4510.1
 4515.96
 4515.21
 4601.97
 4685.6
 4684.69
 4684.12
 4687.16
 4712.52
 4716.36
 4719.39
 4718.61
 4750.96
 4756.89
 4756.56
 4767.17
 4770.33
 4770.2
 4787.76
 4787.26
 4786.36
 4785.49
 4787.2
 4789.48
 4791.49
 4799.83
 4813.7
 4867.1
 4870.79
 4871.28
 4877.82
 4890.62
 4920.76
 4924.26
 4928.8
 4980.52
 4985.67
 5014.15
 9.83709
 19.2978
 39.0903
 59.0844
 179.104
 191.584
 195.517
 260.347
 259.492
 268.532
 268.418
 268.116
 298.301
 306.672
 348.359
 491.893
 497.998
 510.883
 524.124
 526.819
 526.039
 528.258
 597.56
 600.926
 604.534
 610.951
 623.772
 640.348
 650.62
 664.376
 664.986
 669.09
 676.262
 685.439
 695.908
 696.01
 702.665
 707.286
 707.55
 706.899
 727.035
 727.033
 728.495
 731.99
 749.854
 761.692
 794.501
 803.667
 802.974
 858.258
 898.308
 931.26
 937.341
 941.617
 943.147
 945.606
 969.075
 975.677
 974.771
 1758.14
 1761.93
 1830.7
 1901.5
 1943.97
 1953.13
 2329.08
 2438.14
 3409.58
 4282.11
 4421.79
 4435.75
 7619.99
 671.618
 971.75
 5751.62
 5634.84
 1084.08
 4993.8
 5434.31
 72.2783
 142.75
 411.615
 893.643
 1449.27
 1805.41
 2221.57
 2295
 2460.81
 2683.53
 5124.7
 51.28
 406.325
 683.227
 761.215
 766.561
 839.841
 1043.82
 1049.53
 1306.09
 1315.65
 1333.59
 1931.43
 1941.11
 1965.3
 1972.29
 1976.48
 2603.79
 3045.46
 4000.56
 4944.36
 10617.9
 598.975
 738.684
 1356.89
 1416.62
 1544.19
 2463.35
 3999.28
 4030.47
 4517.74
 4516.92
 4581.46
 4905.15
 4951.46
 5272.55
 44.0001
 451.547
 1227.84
 2357.05
 3563.63
 4550.63
 6719.82
 2034.37
 2285.38
 2910.94
 3250.37
 3249.73
 3271.37
 3412.79
 4352.48
 4351.96
 4555.45
 4904.02
 5109.45
 159.88
 3445.82
 4502.82
 7630.89
 724.627
 2801.34
 3768.3
 3776.48
 3925.04
 4142.42
 7528.72
 13.2306
 101.428
 535.684
 1126.78
 1126.15
 2024.25
 2028.59
 2493.85
 3570.99
 3626.3
 3691.5
 4180.43
 4445.47
 8746.95
 1609.93
 3842.86
 6768.22
 1429.07
 1506.5
 1707.7
 2016.21
 2016.61
 2967
 3165.68
 3227.21
 4072.59
 4262.47
 6677.36
 135.048
 135.306
 422.333
 555.634
 959.192
 1703
 2671.8
 2892.99
 3135
 3694.73
 3826.2
 4377.26
 4477.52
 4649.12
 5397.71
 13.8436
 177.475
 592.122
 715.69
 2068.63
 2529.48
 2644.55
 3610.3
 3717.98
 3764.8
 3963.25
 4079.68
 4090.73
 4479.27
 5239.26
 219.39
 1336.54
 3066.17
 3087.06
 3608.33
 3608.48
 3980.75
 4277.03
 4276.12
 5583.8
 301.672
 441.764
 443.567
 831.602
 859.71
 877.041
 907.408
 985.842
 1034.96
 4384.99
 4558.38
 4706.29
 4716.26
 4715.48
 5477.61
 289.035
 311.054
 5090.59
 459.889
 1658.02
 3368.59
 3463.82
 3674.27
 3733.67
 4147.43
 4281.03
 4288.79
 4475.77
 5025.26
 27.1866
 222.596
 289.74
 314.731
 363.814
 444.755
 882.635
 1141.86
 1260.79
 3006.41
 3012.58
 3880.48
 4470.68
 4485.17
 4868.72
 4973.45
 5979.22
 2.38886
 5603.38
 829.792
 8022.07
 21.3816
 1223.81
 2752.4
 2758.25
 2968.96
 4094.56
 4115.3
 4980
 5131.56
 142.298
 155.893
 718.476
 1445.38
 1626.34
 1669.84
 1859.14
 1863.71
 2184.12
 2892.84
 3332.63
 3516.25
 3585.07
 5964.88
 187.019
 192.124
 248.676
 526.611
 922.457
 1136.07
 1734.23
 1849.09
 5287.7
 2143.36
 4023.7
 5595.77
 256.949
 261.409
 370.481
 1244.05
 1355.14
 1869.83
 1869.36
 5643.83
 274.986
 1473.9
 2915.32
 2918.79
 3370.55
 3476.31
 4069.9
 7498.73
 146.819
 350.445
 1320.23
 2632.61
 2738.38
 3267
 3271.1
 3290.03
 3691.21
 3928.24
 4073.7
 5208.71
 716.888
 805.178
 1685.53
 4015.57
 6991.1
 201.248
 2337.32
 2481.61
 4295.47
 4598.82
 4757.89
 5262.47
 2866.82
 3481.44
 3981.83
 5926.29
 404.366
 1522.65
 1569.96
 2283.74
 2403.9
 3096.29
 3133.84
 3287.22
 3615.28
 5017.87
 606.528
 750.454
 6878.09
 127.508
 710.201
 937.338
 936.516
 960.925
 1498.48
 1851.92
 3264.01
 3263.94
 5584.77
 2584.69
 4661.55
 8429.43
 18.1306
 2047.54
 4268.52
 7794.7
 388.045
 658.45
 820.046
 839.71
 933.104
 1101.8
 2100.21
 2101.31
 2100.41
 2138.79
 2142.71
 2217.58
 2331.1
 2424.96
 2427.15
 2464.23
 2548.15
 3197.62
 3267.28
 3345.65
 3954.45
 3962.65
 6209.27
 1888.18
 1994.93
 2035.63
 2223.97
 3695.6
 3890.14
 4389.07
 5657.59
 39.7708
 1526.95
 1526.06
 1804.06
 1863.66
 2009.65
 2156.56
 3671.52
 3676.39
 3733.14
 4125.1
 4175.5
 4843.1
 8130.11
 7.69542
 410.354
 2475.75
 2475.07
 2494.33
 2635.31
 3969.61
 4228.56
 4441.98
 5324.8
 9.55616
 171.721
 1257.71
 1437.14
 1776.64
 4785.8
 4785.63
 4814.46
 5118.99
 1.9726
 489.877
 539.451
 596.091
 656.835
 1002.12
 1229.67
 1738.91
 2505.23
 2652.58
 4134.35
 4247.28
 4552.26
 4920.42
 5008.84
 0
 101.036
 304.451
 1109.23
 1294.23
 1825.32
 2321.4
 3648.44
 5420.94
 388.186
 2644.09
 3653.16
 4341.7
 4813.49
 6315.04
 123.457
 408.927
 516.65
 898.053
 1614.33
 2004.62
 2677.98
 3346.35
 3415.66
 3705.59
 3759.45
 3991.85
 4213.73
 4606.23
 4838.82
 4964.78
 5006.82
 858.291
 920.225
 1631.87
 1631.77
 1669.34
 1682.59
 1726.49
 1976.15
 1989.14
 3188.82
 3189.02
 3278.49
 3318.52
 3412.9
 3574.67
 4077.25
 4604.49
 7776.16
 1464.94
 2189.65
 2457.06
 2802.59
 2950.74
 4544.85
 4733.14
 9176.39
 333.01
 722.875
 1374.67
 1998.68
 2073.48
 2392.8
 2502.72
 2575.21
 2891.08
 3256.11
 3385.8
 3686.93
 6097.16
 1954.96
 2467.09
 5973.41
 9.28609
 152.515
 369.464
 732.695
 766.373
 765.474
 1265.23
 1264.43
 2007.32
 2007.04
 2310.35
 3962.66
 6157.27
 29.9503
 1642.11
 4583.85
 5293.06
 2512.95
 3322.79
 3378.18
 3617.08
 3644.38
 4051.58
