 -0.200115
 -0.0527913
 0.0502014
 0.506397
 -0.500403
 -0.556996
 -0.0728049
 -0.00249369
 0.211096
 1.06964
 -1.03628
 1.1154
 -1.02024
 1.12144
 -0.171252
 -0.621298
 -0.0120149
 -0.165922
 0.0296513
 -0.484997
 0.765167
 0.308015
 0.702047
 -0.337936
 0.391155
 -0.435426
 0.761284
 0.916917
 -0.00146216
 -0.37776
 0.00952064
 -0.191848
 -0.666259
 0.269938
 -0.743159
 -0.404359
 0.651712
 0.638147
 0.0448218
 -0.274613
 -0.414112
 -0.557666
 -0.526185
 0.430764
 1.17658
 0.569585
 -0.298639
 -0.812804
 1.22501
 -0.294258
 1.44021
 -0.323178
 -0.699544
 0.0970371
 -0.434668
 -0.196623
 -0.432361
 0.379146
 1.30029
 -0.0352188
 0.155181
 -0.223702
 0.707705
 -1.08295
 0.231583
 0.169467
 0.33303
 0.561614
 0.13078
 -0.076499
 -0.214151
 -0.506013
 -0.436927
 0.39368
 -0.601984
 0.467646
 -0.223355
 0.72939
 0.122265
 0.0852993
 0.160276
 0.470622
 -0.381176
 0.258284
 -0.832255
 0.892647
 -0.749774
 0.363481
 -0.290173
 -0.337954
 -0.495757
 -0.553605
 0.473561
 0.845123
 0.0538362
 -0.167217
 -0.163967
 -0.425915
 -0.235805
 1.89898
 -1.38848
 -0.474342
 0.274887
 -1.00052
 1.41961
 -0.825346
 0.0502522
 -0.559368
 0.621941
 -0.142087
 0.338752
 0.515184
 -0.719637
 0.813421
 -0.0688241
 -0.0724145
 -0.324612
 -0.193994
 0.409827
 -1.16293
 0.461121
 -0.0590739
 -1.15798
 0.766194
 0.00782941
 0.612756
 -0.850357
 0.75752
 -0.316706
 0.586895
 -0.180193
 0.203817
 0.94528
 -0.394649
 -0.831467
 0.0262536
 0.238875
 -0.283122
 0.923336
 -0.0954857
 -0.548106
 0.092678
 -0.29766
 1.41972
 -1.74913
 0.347797
 -1.40763
 0.354543
 -0.68011
 -0.176332
 0.660065
 -0.150112
 -0.447413
 -0.196503
 1.09494
 -0.2588
 0.620982
 0.598539
 0.223085
 -0.0885696
 -1.18002
 0.291176
 -0.601427
 0.228335
 0.286886
 1.58543
 -0.604319
 0.0915432
 0.239529
 1.0527
 -1.16829
 0.233689
 -0.423523
 -0.331285
 -1.14517
 0.691954
 0.761033
 -0.591817
 0.0362964
 -0.910131
 0.101161
 -0.0964374
 -0.178469
 0.952029
 -0.732663
 0.00781264
 0.456255
 -0.0128346
 -0.355756
 -0.226836
 0.365797
 -0.0471918
 0.176334
 0.617668
 -1.10595
 0.0952447
 1.7879
 -0.329046
 -0.144643
 -0.388054
 0.541765
 0.00574211
 -0.161584
 -1.00979
 -0.816351
 0.00542538
 0.715329
 0.723612
 -0.533567
 0.702832
 0.153974
 -0.840171
 0.604841
 -0.386114
 0.336152
 -0.384425
 0.167693
 0.0491265
 0.655764
 -0.419411
 -0.349641
 -1.28228
 0.926256
 0.626123
 0.422957
 0.198434
 0.134379
 -0.493889
 -0.408703
 0.115955
 0.42587
 -0.0890804
 -0.120302
 0.444037
 0.0229584
 1.24055
 -0.554171
 -0.40799
 0.214638
 -0.86767
 1.86286
 -1.3135
 -0.875035
 0.887851
 -0.63105
 0.108
 0.45512
 -0.944895
 0.981363
 0.509214
 0.89383
 0.269906
 -0.406341
 0.102416
 0.180794
 -0.342714
 0.0226726
 0.761698
 -0.00715022
 -0.922476
 1.17855
 0.331604
 0.539268
 -0.858519
 -0.570145
 -0.111074
 -1.48158
 1.15957
 0.0345001
 -0.0393282
 -1.28643
 1.719
 -0.368041
 0.640886
 -0.138807
 -0.371401
 0.388092
 0.597845
 -0.130931
 0.732862
 0.218014
 0.526275
 -0.484714
 -0.118397
 0.0196527
 0.76899
 -0.409156
 -1.71504
 1.11255
 -0.88161
 0.749463
 0.546314
 -0.464705
 -0.521858
 -0.174656
 -0.20727
 0.657813
 0.161791
 0.746953
 -0.768864
 0.123703
 -2.33517
 0.082615
 -0.22483
 -0.761519
 -0.0374901
 -0.492862
 0.347731
 0.989816
 0.0566078
 -0.681606
 0.867209
 0.666039
 0.368543
 -0.224057
 0.0890977
 0.217896
 -0.686095
 1.36657
 -0.731355
 -0.881047
 0.788287
 0.084522
 0.0735623
 -0.148426
 0.232448
 -0.854899
 1.24483
 -0.14213
 -0.300173
 0.820382
 0.0520821
 0.747324
 -0.766899
 0.125181
 -0.0373732
 -1.17204
 0.320491
 -0.345815
 -0.384419
 -0.344409
 0.121417
 -0.394294
 1.07792
 0.389198
 -0.526727
 -0.189284
 1.90063
 -0.501902
 -0.465952
 -0.423439
 -0.488347
 -0.160744
 1.36605
 -0.184103
 0.139572
 0.0292087
 -0.309197
 -0.124434
 -0.572661
 -0.0893711
 -1.15584
 -0.0747488
 0.839393
 -0.0842203
 0.156727
 0.148148
 -0.0721669
 0.648898
 -0.274097
 -0.193301
 1.82184
 -0.617224
 -0.0692869
 -1.20096
 0.71198
 -0.818491
 1.55336
 -0.595716
 0.476531
 -0.444624
 0.341742
 -0.280503
 0.112489
 -0.275246
 -0.366221
 0.14758
 0.755925
 0.736058
 -0.600351
 1.26684
 -0.393742
 -0.0678366
 0.0376659
 -1.07536
 -0.479646
 0.522544
 -0.586737
 0.393688
 -1.03613
 0.451723
 -0.944892
 1.28559
 -0.463568
 -0.222072
 -0.15114
 0.780144
 -0.54554
 -0.952881
 -0.379553
 0.831391
 -0.231815
 -0.933851
 0.624244
 0.171843
 0.190479
 -0.17491
 0.64116
 0.476427
 0.326119
 -0.838458
 0.00371109
 -0.691858
 -0.123161
 -0.696826
 -0.348255
 -0.28829
 0.0951858
 0.339929
 -0.320088
 0.694938
 0.304425
 0.0791541
 1.1545
 -0.927913
 -0.866356
 0.44914
 -0.257571
 -0.406464
 -0.688007
 -0.352443
 -0.264291
 0.0762392
 -0.231955
 1.4624
 0.714463
 0.0514529
 0.409099
 -0.197729
 0.706155
 -0.0274494
 -0.572209
 0.167935
 0.672417
 0.112782
 -1.21114
 0.125411
 -0.794634
 -0.567829
 -0.161063
 -0.487341
 0.086093
 0.27805
 0.279096
 -0.0757986
 1.20313
 0.746646
 0.379481
 -0.682511
 -1.05053
 -1.0348
 0.86543
 0.177257
 -0.521683
 0.148109
 -0.140386
 -1.35889
 1.1564
 0.492505
 0.0761257
 -0.231462
 -0.328128
 1.64414
 -0.166043
 0.240176
 -0.406378
 0.0210685
 0.0859253
 -0.692912
 0.66253
 0.955204
 0.353027
 -0.388676
 0.640713
 -1.0666
 -0.0775108
 -1.39482
 1.65381
 -0.773534
 -0.141889
 0.247806
 -0.757019
 1.03293
 0.487469
 -1.05456
 0.235127
 -0.77719
 -0.315149
 1.81128
 0.490552
 -0.0519979
 -0.444307
 1.49632
 -2.8058
 1.95488
 -0.921451
 -0.857873
 1.34274
 -0.555051
 -1.20365
 0.600059
 -0.383704
 0.954059
 -2.86125
 2.50826
 -1.94873
 -0.280709
 -0.33421
 -1.31835
 0.115538
 -0.972082
 -0.779447
 -0.352915
 -0.948276
 -0.349856
 1.13061
 -2.58589
 0.376404
 -0.435101
 0.981148
 -1.01701
 1.60318
 -0.817729
 0.0622237
 -1.65643
 2.22941
 -1.23092
 -0.10588
 -1.12092
 0.810511
 -0.967173
 0.754987
 0.285014
 -0.27992
 0.550015
 -1.15629
 1.40536
 -0.975023
 1.20511
 -0.429621
 2.24612
 -0.135768
 1.15344
 -1.98173
 1.15916
 -0.520378
 0.677602
 -0.484082
 0.610642
 0.260241
 0.724682
 -0.955928
 -0.975063
 0.404712
 -1.44408
 1.13902
 -1.21608
 -0.652254
 0.531686
 -0.307556
 0.981856
 -1.02857
 0.743538
 0.646888
 -0.614383
 0.838195
 -0.0184662
 -0.198312
 0.399941
 0.542196
 -3.32412
 0.868978
 -0.704443
 0.722977
 0.561504
 0.903499
 0.948877
 -0.735536
 1.95625
 -0.918358
 -0.250237
 0.403044
 0.20332
 -0.54292
 -0.468439
 0.421102
 -0.671671
 -0.73684
 0.505419
 0.13168
 -0.897126
 -0.452659
 0.133455
 1.65
 -0.175438
 0.786518
 -0.631281
 3.23188
 -1.16288
 0.357668
 -0.140456
 0.875515
 0.0101496
 -0.589905
 0.267941
 1.88029
 -2.30815
 1.68901
 -0.282489
 -1.28175
 2.66941
 -2.71055
 2.9463
 -2.53099
 1.75407
 -2.03771
 1.2695
 -0.474888
 -0.923301
 1.33619
 -0.0637406
 1.47363
 -0.382324
 1.21405
 -1.34273
 0.351402
 0.73153
 -0.318934
 0.963676
 0.31137
 -1.15652
 1.17065
 -0.322393
 0.568051
 -0.74477
 0.473554
 0.430793
 -0.416496
 2.24281
 -0.48974
 3.03985
 -2.70893
 0.253579
 0.599389
 1.39964
 0.644646
 -1.077
 0.776813
 0.760017
 -0.33803
 0.437567
 -0.780569
 0.0756874
 0.961756
 -1.73298
 1.9462
 0.952623
 -0.230264
 1.49511
 -1.64379
 2.98049
 -2.09723
 1.43351
 -1.32157
 -0.176972
 1.14228
 -1.58182
 2.1096
 -0.617766
 -0.507662
 2.97809
 -0.818513
 -0.213689
 -0.656172
 0.247707
 0.480315
 -0.296362
 0.511279
 0.0866557
 -0.246808
 -0.528149
 1.38243
 -1.07687
 0.764924
 -0.511416
 -0.473867
 0.722811
 0.542322
 -0.533191
 0.0137599
 -0.551824
 0.0268379
 -0.254201
 -1.08533
 0.36664
 -1.19342
 -0.48208
 1.5051
 0.294677
 1.05815
 0.259173
 0.562692
 0.661382
 0.351579
 -0.495818
 -0.0746201
 0.828394
 -0.546851
 0.704276
 -1.18728
 -0.0881805
 -1.63711
 0.191457
 -0.176026
 0.0109064
 0.497636
 -0.155144
 -0.1394
 -1.05619
 1.63742
 -2.98632
 1.62759
 -2.18488
 0.687118
 -2.99144
 2.90602
 -2.14904
 -0.526909
 0.11377
 -2.10506
 0.646488
 1.91815
 -0.111498
 -0.23629
 0.866811
 0.709904
 -1.09971
 0.144273
 -0.16607
 1.962
 -1.23648
 -0.201288
 1.00821
 -1.80603
 0.414385
 -0.0112767
 -0.998198
 1.23318
 -0.80786
 1.37895
 -1.04081
 -0.548387
 -0.411736
 -0.961227
 -1.24852
 0.308376
 -0.722225
 0.95069
 -0.105907
 2.37644
 -2.40547
 1.79846
 -1.29717
 1.12473
 -2.25087
 1.42268
 -1.24341
 -0.207334
 -0.428644
 0.944734
 0.472961
 2.04696
 -2.72714
 1.49576
 0.113681
 -1.68172
 0.220511
 -0.45676
 -0.0615869
 0.943621
 0.535538
 0.0594168
 0.242591
 -1.70396
 -0.309208
 1.79433
 -1.61628
 1.4109
 0.324645
 -0.0426418
 -1.70504
 0.267683
 0.167477
 0.0149122
 0.764776
 -0.734794
 0.973924
 -2.49709
 1.57266
 -0.80735
 -0.510866
 1.17601
 -0.593159
 0.2427
 -1.31153
 0.835761
 0.358841
 -0.5277
 0.0636516
 0.15534
 -0.719316
 0.119764
 -0.579306
 -0.938768
 -0.00351489
 0.520458
 0.112055
 -0.694508
 -0.0865085
 0.124879
 0.337219
 -1.84793
 -0.955055
 -0.985183
 -0.571076
 -0.223031
 -0.705959
 1.08728
 -1.22928
 0.753696
 -0.471597
 -0.171146
 -0.636869
 -0.436273
 -1.0963
 0.903371
 -2.31007
 0.583621
 -0.934866
 0.472115
 -0.43854
 -0.396079
 0.863908
 0.597139
 -0.19109
 -0.49262
 1.01028
 -1.6885
 2.37968
 -2.08635
 1.1493
 0.0026048
 -0.771729
 1.80867
 -0.406168
 1.77379
 0.228128
 0.568296
 0.80388
 -1.77634
 2.43638
 -2.6553
 0.953332
 -0.918295
 -0.00869795
 -0.692197
 0.265181
 0.0536247
 -1.64883
 0.335186
 -1.37298
 -0.711222
 -0.337217
 0.0328129
 -0.652165
 -0.412922
 0.379238
 1.25667
 0.461438
 0.974927
 0.0581581
 -0.447669
 0.511587
 0.143603
 0.396627
 -0.0585547
 1.06684
 -0.0754805
 0.654398
 0.514521
 -1.57469
 -0.254341
 -0.0933655
 -1.52484
 -0.231946
 0.570878
 -0.537461
 0.105896
 -0.278232
 -0.14376
 0.0388698
 1.23373
 -0.344956
 1.29361
 1.02733
 -0.4839
 0.455072
 0.323644
 -0.352278
 1.44895
 0.296936
 -1.4892
 1.05844
 -0.0825387
 0.138136
 -0.94606
 0.541962
 -0.313537
 0.868982
 1.08972
 -1.1197
 -1.21806
 -1.30539
 -0.389426
 0.864178
 -1.38257
 1.71993
 0.00102825
 -1.03699
 1.07567
 -1.71328
 0.894353
 -1.91529
 0.518142
 -1.67308
 1.45855
 -2.45864
 0.946561
 -0.167273
 -0.00529136
 -1.51764
 0.534728
 -1.36008
 -1.12777
 0.275946
 -0.050122
 1.23903
 -0.499058
 0.18173
 -1.35513
 2.26715
 -0.196873
 0.258566
 -1.7028
 0.23886
 0.167893
 -1.39073
 1.91892
 -1.74017
 1.11001
 1.27199
 -0.535
 1.39926
 -1.42978
 0.797344
 -0.493859
 -0.55338
 -0.459629
 -1.44299
 0.0647794
 -0.767721
 -0.417237
 0.906618
 -1.98091
 2.34327
 -0.558729
 0.185357
 0.303376
 0.412967
 0.569038
