 -0.0685142
 0.0238354
 0.131186
 0.0551064
 -0.128673
 0.0518797
 -0.119487
 0.227686
 0.0448209
 -0.010567
 -0.0531755
 0.123533
 -0.129483
 -0.0277517
 0.0261261
 -0.164899
 -0.123179
 0.294631
 -0.0125533
 0.0544417
 -0.0137397
 0.0664137
 -0.0790345
 -0.0868194
 0.0604951
 -0.0137942
 -0.0958332
 -0.039268
 0.013112
 -0.0264824
 -0.070903
 -0.0791072
 0.0296535
 -0.0686405
 -0.0369358
 -0.0484259
 0.138052
 0.0735644
 0.0886986
 0.0436826
 -0.0496759
 0.0223572
 0.114556
 0.0383995
 -0.0436409
 0.0955998
 -0.0236033
 -0.208314
 0.173638
 -0.116271
 0.00368399
 0.14483
 -0.0463489
 0.0415467
 -0.115601
 -0.0155242
 -0.135245
 -0.168718
 0.0567817
 -0.137412
 0.00421456
 0.0708959
 0.0123296
 0.212386
 -0.00139205
 0.000102005
 -0.0129963
 -0.0424045
 0.15714
 0.016243
 0.166951
 -0.0595736
 0.144567
 0.0453076
 0.0561483
 0.116061
 -0.247235
 -0.0170706
 0.114199
 0.210267
 -0.185367
 0.011463
 -0.0477809
 0.218991
 0.0289417
 -0.0262743
 0.143643
 0.140811
 -0.0397765
 -0.090948
 -0.154086
 -0.0928071
 0.0184564
 -0.0714662
 -0.0833365
 -0.102022
 0.155435
 -0.0124101
 -0.0488074
 -0.0965306
 0.124896
 -0.0602005
 0.102057
 -0.0905167
 0.21076
 -0.117823
 -0.0225358
 0.124887
 0.0604691
 -0.0365994
 0.175166
 -0.146387
 -0.223396
 0.108387
 0.0777287
 0.0987242
 0.0266636
 -0.0364502
 0.0995802
 -0.0806126
 0.0611521
 -0.0715881
 0.136898
 0.166622
 -0.0388125
 0.0898304
 -0.0348663
 0.108434
 0.0419643
 -0.0773359
 0.0777172
 -0.0433479
 -0.124596
 0.0934166
 0.132472
 -0.0170436
 -0.00771277
 -0.0392497
 -0.093914
 -0.0198836
 0.0338565
 -0.236172
 -0.212217
 -0.160196
 -0.164422
 -0.16573
 0.112343
 0.150745
 0.0110613
 -0.106454
 -0.0301829
 -0.0911474
 -0.0570825
 -0.225082
 -0.0759454
 -0.12925
 0.0373844
 0.0385825
 -0.0112438
 0.012527
 0.0998417
 0.0918184
 -0.0533718
 0.0956813
 -0.245365
 0.143524
 0.0871151
 0.0321159
 -0.0978194
 0.193671
 -0.157999
 -0.126525
 0.0292101
 -0.0608952
 -0.116038
 0.0588555
 0.0486754
 0.0113602
 -0.0800722
 0.0603361
 -0.012638
 -0.189372
 -0.116154
 0.0884312
 -0.0355224
 -0.0434669
 0.0183908
 -0.0379803
 -0.0103903
 0.112601
 0.117014
 -0.00801637
 -0.14004
 -0.210859
 0.070769
 0.126212
 0.0956523
 -7.45576e-05
 -0.0368124
 -0.00534495
 0.134084
 0.0306994
 -0.0508475
 -0.000176215
 0.0966244
 0.0660823
 0.164562
 -0.0740617
 0.13705
 7.64514e-05
 0.250632
 0.130352
 0.0692989
 0.00628076
 0.176069
 0.197383
 -0.0264809
 -0.0656461
 0.105002
 0.0438574
 0.182538
 0.0340076
 -0.250493
 0.0220193
 0.142532
 -0.122748
 -0.0524037
 0.0311792
 -0.114287
 0.0591188
 -0.0585094
 -0.0547671
 -0.0502613
 -0.145553
 0.182544
 0.032708
 -0.0259554
 0.0277761
 0.033621
 -0.0755727
 0.026823
 0.0713286
 -0.0291734
 -0.0991189
 0.00517084
 -0.141649
 -0.104582
 -0.0535927
 -0.0507742
 0.091472
 0.0109897
 -0.04565
 0.0244471
 -0.111977
 0.0463718
 -0.020968
 -0.0272161
 0.0448824
 0.0767579
 0.19219
 0.0140994
 0.0945555
 0.0794862
 0.153877
 -0.0319277
 0.0325662
 0.00576986
 0.0458474
 -0.0602111
 0.0881095
 0.121631
 0.0569795
 -0.0376372
 0.0437197
 -0.110084
 0.0436435
 -0.126247
 0.0959992
 -0.157586
 0.00987383
 0.0416253
 -0.16735
 -0.0651593
 0.0458844
 -0.01339
 -0.173057
 0.0271703
 -0.113962
 0.0942282
 0.0367918
 -0.093311
 -0.0365794
 -0.065858
 0.0370673
 -0.148536
 0.0117343
 -0.106927
 0.105563
 0.137723
 -0.0938977
 0.270177
 0.0607805
 -0.0113231
 -0.0262756
 0.00130205
 0.156044
 -0.0695745
 0.0633543
 0.0964949
 0.10859
 -0.0170675
 0.0494443
 -0.136134
 0.119781
 0.113999
 0.186157
 0.15589
 0.0678866
 0.0794258
 0.0554736
 0.0229001
 0.00109286
 0.0218535
 0.106415
 0.187778
 -0.184254
 0.0131245
 0.00573008
 0.140838
 -0.1721
 0.0801128
 -0.173484
 0.0456618
 -0.0755161
 -0.0878062
 -0.118551
 -0.100886
 -0.0869481
 0.055834
 0.0364167
 0.153278
 -0.0695985
 0.100756
 0.044221
 -0.0010122
 0.0196496
 -0.00407821
 -0.0778772
 0.0756707
 -0.0456756
 -0.0548858
 0.0993867
 -0.0442945
 0.0342101
 0.0523809
 -0.176248
 -0.166163
 -0.0275543
 0.0390525
 -0.268485
 0.0941569
 -0.111541
 0.0103924
 -0.0473508
 -0.133805
 0.0620778
 0.0429158
 0.0317415
 0.107134
 0.143821
 -0.112872
 0.0326234
 0.0837301
 -0.0382415
 0.0195668
 -0.0338191
 -0.0611041
 0.0014944
 0.00797833
 -0.146379
 -0.0124081
 -0.0220444
 -0.0504472
 0.0458885
 0.0847754
 0.108788
 0.00808827
 0.113733
 0.0757934
 -0.133827
 -0.154302
 -0.00948724
 -0.065229
 -0.184185
 -0.171109
 -0.180921
 -0.0235782
 0.0677553
 -0.131167
 -0.0367513
 0.0355357
 -0.109687
 0.0789192
 0.0229554
 0.0197754
 -0.00611849
 0.0423399
 0.0333325
 -0.00923638
 -0.0109668
 -0.00659487
 0.0568932
 0.0174659
 0.0672069
 0.15013
 -0.0487685
 0.00976699
 -0.0186207
 0.0545894
 0.0361269
 -0.227442
 0.0306735
 -0.0709595
 0.116887
 -0.113332
 -0.0839964
 -0.176164
 -0.0587392
 0.0925028
 0.0457996
 0.129656
 -0.158857
 -0.140375
 0.0325529
 0.0735725
 0.0121652
 0.321051
 0.0610179
 -0.0103412
 0.0383462
 0.007572
 -0.122372
 -0.0107568
 0.238588
 -0.107103
 0.0721963
 -0.140473
 0.0298897
 -0.0869474
 0.179817
 0.00547534
 -0.221882
 0.186213
 -0.175506
 -0.0720564
 -0.0134261
 -0.0459099
 0.00640435
 0.0912837
 0.0333459
 -0.0918163
 0.0467462
 -0.0188431
 0.126748
 0.0302726
 0.100122
 0.192885
 0.0201378
 -0.0644132
 -0.122511
 0.0817161
 0.0568193
 0.010414
 0.0761313
 0.106974
 -0.0893676
 0.0393834
 0.149923
 0.052205
 0.0579691
 -0.10401
 0.0316856
 -0.0696537
 0.0648356
 -0.0274652
 -0.166807
 0.0863107
 -0.0985264
 -0.184052
 -0.0622151
 -0.196255
 -0.085904
 0.0761554
 0.0497066
 -0.0134934
 0.00132131
 0.125231
 0.087219
 0.0826166
 0.0293201
 -0.0795467
 0.0847451
 -0.0459584
 -0.0156403
 -0.124614
 0.0518948
 -0.191026
 -0.0178707
 -0.160068
 0.0434771
 0.115258
 -0.0149594
 -0.00950365
 0.0209123
 0.0254602
 0.0281044
 -0.0985956
 -0.0231762
 0.0617299
 0.00779485
 0.199933
 0.185364
 -0.0356338
 0.0609536
 -0.0694256
 0.0489793
 0.0247759
 -0.0297672
 0.0351758
 0.0926102
 -0.0663854
 -0.0441644
 -0.0130538
 -0.0974592
 -0.0811559
 0.0318136
 -0.113895
 0.211157
 -0.146578
 -0.0397077
 -0.0174521
 -0.0535087
 -0.101758
 -0.119496
 0.0134399
 -0.209698
 -0.0321703
 0.0209349
 -0.0206866
 -0.032666
 -0.040885
 0.140617
 -0.0811875
 -0.114869
 0.0366501
 -0.0191252
 -0.0773479
 -0.306826
 -0.00542862
 -0.117914
 0.122639
 -0.0757605
 0.0326548
 0.0781056
 0.0341137
 0.152557
 0.150115
 -0.0191903
 0.0577095
 -0.0211162
 -0.0205454
 0.139576
 0.0889467
 0.117668
 0.0429235
 0.113276
 -0.0334603
 0.131979
 -0.0691769
 -0.154372
 0.0800042
 -0.0708488
 0.0277246
 0.0438274
 -0.00858487
 -0.00715251
 -0.0554824
 0.0301394
 0.0750445
 0.214167
 -0.0139904
 -0.147607
 -0.0431463
 -0.0106629
 0.10713
 -0.0556155
 0.142829
 -0.0768893
 -0.0578094
 0.00300111
 0.00866974
 0.00247635
 0.0348037
 0.0158929
 -0.025733
 -0.129963
 0.075479
 -0.151961
 -0.0744421
 0.0690941
 -0.0170572
 -0.0153733
 0.177251
 0.0528089
 0.174635
 -0.0165705
 0.114607
 -0.110882
 0.0595562
 0.0107089
 0.0274122
 0.182977
 0.0225335
 0.0935771
 0.0246741
 -0.0230361
 0.14995
 -0.159245
 -0.0893662
 -0.0266746
 0.109829
 0.0877985
 -0.0940683
 -0.0315287
 -0.0270703
 0.0189729
 0.0898447
 -0.0114041
 -0.0726588
 -0.0202962
 -0.0482631
 0.140324
 -0.103428
 -0.190749
 -0.0353531
 -0.0256522
 0.043421
 -0.0737788
 0.0176921
 -0.137198
 -0.0358405
 0.114108
 0.194778
 -5.91253e-05
 -0.0363191
 0.0155295
 -0.040151
 -0.109109
 -0.0713931
 0.12538
 0.305009
 0.290995
 -0.130669
 -0.0951393
 0.150657
 0.0530925
 -0.258601
 0.150751
 0.0752966
 0.09574
 0.0394527
 0.0658425
 -0.0287195
 -0.0674028
 -0.0693479
 0.147726
 0.113478
 -0.152361
 -0.0180157
 -0.108903
 0.0510739
 -0.00678987
 0.0342145
 -0.0710508
 -0.0726479
 0.0399064
 -0.189791
 0.265851
 0.0458365
 -0.21304
 -0.0365178
 0.246747
 -0.0302565
 -0.125874
 -0.106463
 0.0184844
 -0.0649732
 -0.1773
 0.000101861
 0.139351
 0.0219075
 0.0608841
 0.0272275
 -0.123191
 -0.108778
 -0.00336597
 -0.00965664
 0.0101657
 -0.187777
 -0.0353339
 0.0650903
 -0.155692
 -0.00824779
 0.021182
 -0.115073
 -0.240914
 0.116743
 0.0130697
 0.064411
 0.118162
 -0.0956107
 0.00592333
 -0.0587359
 -0.197103
 -0.0399011
 -0.0957997
 -0.0723364
 -0.0342929
 0.14304
 0.0437499
 0.108458
 -0.0949845
 -0.0443944
 -0.115422
 -0.153749
 0.142927
 -0.0186577
 0.0251673
 -0.0628656
 0.102505
 -0.165773
 -0.193936
 -0.0777089
 0.0453549
 -0.00384022
 -0.0481831
 -0.0868537
 -0.0128068
 0.0439716
 -0.0088928
 -0.168379
 -0.1258
 0.116134
 -0.0238859
 -0.148114
 0.153012
 0.0614238
 -0.0807365
 -0.0176007
 0.0289061
 -0.244223
 0.0218638
 0.0940292
 0.00829368
 0.0603314
 0.204983
 -0.0183366
 -0.0173288
 0.031011
 -0.0423944
 0.0373204
 0.00724013
 -0.0319893
 -0.182649
 -0.115205
 -0.00231151
 -0.135497
 -0.0778789
 0.0734793
 -0.0745053
 0.017858
 0.0558793
 0.0807808
 0.122626
 -0.0665501
 0.122221
 0.0577212
 0.038278
 -0.0516304
 0.102315
 -0.0344735
 -0.075115
 -0.244994
 -0.0222163
 0.0519765
 -0.0462499
 -0.0249352
 -0.0602328
 0.0642961
 -0.138638
 0.151275
 -0.252562
 0.0978545
 -0.0230884
 -0.0170716
 0.145844
 -0.0509505
 -0.0706062
 0.0393101
 0.00425449
 -0.114594
 -0.0741664
 0.0365025
 -0.0781568
 0.329996
 -0.168489
 -0.02523
 0.0549623
 -0.108647
 0.136479
 -0.0265868
 -0.108871
 0.0428194
 0.0566217
 -0.123848
 -0.0228561
 -0.138365
 -0.0468673
 -0.0545234
 -0.129431
 -0.0527211
 0.0242629
 -0.0448435
 -0.0441827
 -0.11647
 0.0248231
 -0.139101
 0.0972147
 -0.0367544
 -0.107701
 0.000535355
 -0.0543528
 0.0058987
 -0.0263694
 0.0914596
 0.0993102
 0.0960539
 0.114892
 -0.232259
 0.205478
 -0.0119334
 0.100729
 -0.0271515
 0.0232104
 0.0337551
 0.243414
 0.174565
 0.154684
 -0.0425798
 0.0556977
 0.0703555
 -0.0219035
 -0.228226
 0.116914
 0.00613095
 0.0895014
 -0.171894
 -0.165758
 -0.0315489
 0.00244931
 0.0992795
 -0.107317
 -0.0656201
 0.117239
 -0.065256
 0.00514394
 -0.231422
 -0.0474733
 0.15329
 -0.110572
 0.113238
 0.0127319
 -0.100498
 -0.00340648
 -0.122272
 0.0383227
 -0.157676
 0.149916
 0.143753
 -0.150613
 -0.00581718
 -0.125124
 -0.18587
 -0.0256879
 -0.00287412
 0.0441404
 0.0825161
 0.0334567
 0.0591708
 -0.0909121
 -0.0793945
 0.140142
 0.0353489
 0.0365596
 0.0194151
 -0.0865951
 -0.147133
 0.165306
 0.080327
 0.138836
 -0.125342
 0.0549387
 0.0526331
 0.0635029
 0.109607
 0.138832
 -0.0303101
 0.00759261
 -0.126384
 0.0788454
 0.00414286
 0.0556807
 0.1702
 -0.0412462
 0.0458895
 -0.113092
 0.0138735
 0.0200829
 0.138035
 -0.00182339
 0.0943045
 -0.0476968
 0.0360051
 -0.0660633
 -0.0368675
 0.0831037
 0.0701807
 -0.189422
 0.00984667
 -0.0324795
 0.15708
 0.118037
 0.0195004
 0.00435972
 0.0158724
 -0.0372111
 0.147608
 0.0465147
 -0.10159
 -0.0146421
 -0.0893208
 -0.0304243
 -0.0195553
 0.212986
 0.103201
 -0.245774
 0.086422
 0.0325897
 -0.0350686
 -0.0845782
 -0.189491
 0.112635
 0.11597
 -0.11359
 -0.101447
 -0.0261273
 0.123732
 -0.109699
 0.0210312
 0.0558125
 -0.141021
 0.101051
 0.162288
 0.0427211
 0.0549054
 0.0234349
 -0.0271578
 -0.140049
 -0.111415
 -0.17767
 -0.0691514
 0.0308399
 -0.0155337
 -0.133813
 0.0385851
 -0.0054803
 -0.00354413
 0.0548306
 -0.113718
 0.10604
 0.223906
 -0.0807215
 -0.127777
 -0.0387576
 0.210541
 -0.0582425
 -0.0623922
 0.0366417
 -0.0739339
 -0.1213
 0.0855894
 0.0390147
