 0.00242633
 -0.112946
 0.0633294
 0.105388
 0.089472
 0.0475704
 -0.19346
 0.0555458
 -0.144094
 -0.039772
 0.185977
 -0.00869648
 -0.241465
 -0.0116064
 0.0320995
 0.0481705
 0.247304
 -0.184012
 0.00173843
 0.147366
 -0.0866567
 -0.0830662
 -0.0855008
 0.0592404
 -0.0952007
 -0.152256
 0.0464706
 0.200032
 0.14204
 0.0935354
 0.303323
 0.0091864
 0.166628
 0.144998
 0.0704166
 -0.0768119
 0.082216
 0.0550921
 0.019862
 0.121768
 0.186546
 0.0625205
 -0.115279
 0.0811694
 0.0666582
 -0.0634489
 -0.114388
 0.147236
 0.0875206
 0.0151151
 -0.0233963
 0.0532186
 -0.0144159
 -0.0651346
 0.0534251
 0.0666887
 -0.0255899
 0.0595087
 -0.107737
 0.127168
 -0.051845
 0.211977
 -0.0425569
 -0.0574897
 -0.0738303
 0.142475
 -0.044257
 0.0454081
 -0.212008
 -0.0713495
 0.0326723
 -0.0824402
 0.0472023
 -0.0262213
 0.0382033
 0.0899682
 6.63252e-05
 -0.0445832
 0.0240663
 0.0435096
 -0.0257658
 -0.0819652
 0.00640604
 0.0613527
 0.0980797
 0.0521934
 0.0512273
 -0.0596285
 -0.0841786
 0.0230666
 0.0531869
 -0.097462
 -0.0994637
 0.0036606
 0.0467243
 -0.213327
 0.0178162
 -0.0663171
 -0.0729703
 0.241409
 -0.000952958
 0.0117457
 -0.105026
 0.0908379
 -0.0993868
 0.0428158
 -0.0302017
 -0.161076
 0.0847639
 -0.0354068
 -0.0898355
 0.0779607
 -0.02955
 -0.0421724
 0.0880115
 -0.092805
 -0.0609881
 0.0485446
 -0.0797691
 -0.0861
 0.0918442
 -0.109897
 -0.0537261
 -0.228948
 -0.230519
 0.0760946
 0.12973
 -0.196509
 -0.0397821
 -0.0714978
 0.123383
 0.150259
 0.141044
 0.0253965
 0.0740294
 -0.063028
 -0.024015
 0.173404
 0.111083
 0.138072
 0.0199743
 0.0831915
 0.0943505
 0.106624
 -0.0291034
 0.0817874
 0.0247527
 0.00815689
 -0.0163254
 0.058289
 0.0364232
 -0.167553
 0.0111452
 0.0491645
 0.0909643
 -0.0505635
 0.084648
 0.0598274
 0.111492
 -0.00535127
 0.20168
 -0.0723668
 0.0439334
 -0.0113269
 -0.280595
 -0.0256578
 -0.0906742
 -0.0648625
 -0.12335
 0.00729751
 -0.00393463
 0.136789
 -0.0577675
 -0.0381188
 -0.112598
 -0.0279462
 -0.074278
 0.00826511
 -0.0465632
 0.0292789
 -0.08709
 0.0611965
 -0.0268668
 0.0722187
 -0.147276
 -0.0943746
 0.0433556
 0.104733
 -0.0959289
 -0.0390519
 0.16827
 -0.0161924
 0.122219
 0.019699
 0.242479
 -0.246775
 0.0677027
 -0.0152179
 0.0147086
 0.121685
 0.0533887
 0.148629
 -0.0732305
 0.0959311
 0.0912881
 0.175961
 0.141926
 0.0739385
 -0.0829202
 -0.0545821
 0.00980381
 -0.00250678
 -0.0622834
 0.0440387
 0.00912469
 -0.172278
 -0.121394
 -0.0933675
 -0.170292
 0.145901
 -0.00254338
 -0.36608
 -0.0425235
 -0.0576234
 0.0240735
 -0.129886
 -0.0418949
 -0.0221363
 0.0545936
 0.0686132
 0.039855
 0.045244
 0.0284793
 0.0901851
 -0.172024
 -0.168086
 0.177995
 0.0504254
 0.122016
 -0.048514
 -0.136299
 -0.0209669
 0.0394523
 0.0771308
 -0.16999
 -0.0427733
 0.289691
 0.0163029
 -0.00833795
 -0.185951
 0.147627
 -0.138024
 -0.000386129
 0.160823
 -0.0761585
 0.0412727
 -0.148786
 0.000547318
 -0.119486
 0.00364184
 0.0525647
 -0.0538162
 0.127013
 -0.0325797
 -0.0113545
 -0.059342
 0.187239
 0.0414859
 -0.0800649
 -0.0912454
 0.0687446
 -0.074488
 -0.128854
 0.0856387
 0.0419027
 0.108218
 -0.171066
 -0.12082
 0.00427892
 -0.0148514
 0.0601396
 0.110911
 -0.0802054
 -0.0849029
 0.1477
 0.092593
 0.0156546
 0.0572295
 -0.104367
 0.00894376
 0.0494152
 0.159434
 0.149987
 -0.00545273
 -0.0429738
 0.0860925
 0.0236185
 0.172054
 0.0596546
 0.11282
 -0.199197
 -0.0554935
 0.187775
 0.0838652
 -0.0656065
 0.0204176
 -0.0354591
 -0.102293
 0.00398029
 -0.183792
 0.106771
 0.154741
 0.0779718
 -0.145606
 0.0853326
 -0.00124595
 0.0234664
 -0.0408924
 0.0371265
 -0.014333
 0.026498
 -0.255287
 0.0092891
 -0.036009
 -0.0542126
 -0.0532003
 0.00581893
 0.00785608
 -0.0017065
 0.0306784
 -0.0740151
 -0.139621
 -0.128997
 0.0523569
 0.117668
 -0.0729541
 -0.0407325
 -0.0287518
 0.017379
 -0.0150696
 0.182617
 0.155019
 -0.0487842
 0.0262048
 -0.0499327
 0.262399
 0.0342871
 -0.0112446
 0.0266164
 -0.10316
 -0.0320076
 0.0908127
 0.0736781
 -0.0293255
 -0.0420055
 -0.0246055
 -0.0490503
 0.151784
 -0.101568
 -0.0454578
 -0.132633
 -0.00401954
 0.124673
 0.0581011
 -0.0596929
 0.0554582
 0.125556
 -0.0862247
 0.11714
 -0.0656863
 0.00124044
 0.114635
 0.0609331
 0.313236
 0.0700468
 0.0249194
 -0.0822327
 -0.023041
 -0.0944296
 -0.0407681
 0.101115
 -0.163307
 -0.281788
 0.0178632
 -0.0890421
 -0.00713768
 0.157094
 -0.03484
 -0.0337965
 -0.000574091
 -0.0168406
 -0.0347724
 0.269745
 -0.0268078
 0.219158
 0.122816
 -0.0447015
 -0.0333858
 -0.165274
 0.0404795
 0.04134
 -0.118587
 -0.142913
 0.0576081
 0.104146
 0.0355398
 -0.0205019
 0.197595
 0.0404405
 0.0757733
 -0.031396
 0.0387237
 0.117217
 -0.0322053
 0.0759918
 -0.00930614
 -0.00636291
 0.0450572
 -0.0624883
 0.0853113
 0.0935494
 0.0772868
 -0.0463007
 0.0577954
 -0.0514256
 -0.0998688
 0.077009
 -0.113683
 0.149043
 0.0732352
 -0.0684179
 -0.115754
 -0.104142
 0.0583646
 -0.0617766
 -0.0268459
 -0.168991
 0.118025
 -0.0141705
 0.0514728
 0.065203
 -0.0164468
 -0.00990678
 -0.0683243
 -0.114948
 0.0968168
 -0.143436
 0.0119239
 0.0378779
 0.132905
 -0.0724248
 -0.0465658
 0.138848
 0.0355759
 -0.0649526
 0.152977
 -0.0763865
 0.0149512
 0.0563578
 0.0342064
 -0.0632458
 -0.0138226
 0.0498948
 0.145998
 0.0977561
 -0.166282
 -0.0722726
 0.0212744
 0.00159131
 -0.101861
 0.14558
 -0.0653382
 -0.141932
 0.0632147
 -0.116964
 0.0311769
 0.0909845
 0.0145258
 0.0120108
 0.226902
 -0.131606
 0.213508
 -0.166626
 -0.055803
 0.111857
 0.0691421
 0.00500265
 -0.270049
 -0.0277787
 -0.0533011
 0.0707589
 0.0156296
 -0.0550998
 0.138811
 -0.0963955
 0.0108343
 0.0485606
 -0.150841
 0.0446531
 -0.00727613
 0.0537372
 0.0282195
 -0.050979
 0.0375958
 0.000950984
 0.0131311
 0.154432
 -0.0846891
 0.0289629
 0.150052
 0.0682651
 -0.00526739
 -0.0190975
 -0.0348196
 0.110177
 0.0169209
 0.00928624
 0.178599
 -0.0868436
 -0.124718
 -0.0665147
 -0.165105
 -0.0438861
 0.0826084
 0.0986645
 -0.0876187
 0.0668346
 -0.12721
 0.105605
 0.0580061
 0.176949
 0.098671
 -0.0247892
 -0.113
 0.0565119
 -0.165294
 -0.189344
 0.0904419
 -0.122989
 -0.089567
 0.090346
 -0.0393391
 -0.0087035
 -0.164064
 -0.0806042
 0.000563811
 -0.150169
 -0.0516227
 -0.16399
 -0.0767959
 0.0157547
 -0.0559193
 -0.110699
 0.00075115
 0.0629311
 -0.0365248
 -0.099373
 -0.0451396
 -0.000131062
 0.0480213
 -0.0977787
 0.0577572
 -0.141827
 -0.0558634
 -0.129029
 0.0628716
 0.0160202
 -0.0784023
 0.0634706
 -0.0276198
 -0.0726419
 0.0216884
 -0.0867308
 0.0172367
 0.0265814
 0.0204421
 -0.0401463
 -0.14759
 0.00551838
 -0.0395122
 0.0424146
 -0.0543984
 0.0513985
 0.135573
 -0.134289
 0.142459
 0.138816
 0.191223
 0.0621499
 -0.123189
 -0.0861358
 -0.0245652
 -0.0801114
 0.11441
 0.0929346
 -0.145084
 -0.181548
 0.0583388
 0.10585
 -0.0546058
 -0.0240954
 -0.0319033
 0.103768
 0.0580526
 -0.000469506
 -0.0420629
 -0.0197869
 -0.0918309
 0.0344883
 0.0238443
 0.192822
 0.0572076
 -0.062148
 -0.0114036
 -0.11329
 0.0822362
 0.0283549
 0.0115514
 -0.0682418
 0.0817948
 0.061178
 0.0465398
 -0.0654751
 -0.0646178
 -0.0102974
 -0.0611329
 0.0296983
 0.166621
 0.14576
 0.0622566
 -0.100622
 -0.00887976
 -0.114166
 0.0575831
 0.0773372
 0.115046
 0.0510586
 0.0020629
 0.0287479
 0.0213476
 -0.106345
 -0.0850299
 0.0285658
 0.149454
 0.00653824
 -0.0805991
 -0.00777876
 -0.0158181
 0.0450015
 -0.177599
 0.0501361
 0.0192708
 0.0848629
 0.0222376
 0.0243141
 -0.0465052
 -0.0557971
 -0.0296736
 -0.0574796
 -0.051339
 -0.0494271
 0.00207616
 -0.138303
 0.10976
 0.0199604
 0.0645338
 -0.0284897
 -0.043227
 0.0566807
 0.0417949
 0.115733
 0.14988
 0.0452224
 0.0583743
 -0.0875998
 0.0616399
 -0.0509311
 -0.0948541
 0.0532458
 0.0703468
 -0.0448941
 -0.0108445
 0.0173161
 0.13278
 -0.0768588
 -0.125032
 0.00178646
 0.1345
 -0.325413
 0.0198578
 -0.0228378
 0.158905
 -0.00558447
 -0.0869222
 -0.105587
 -0.110432
 0.0305003
 -0.100649
 -0.0427293
 0.023766
 -0.01969
 0.137136
 -0.0887065
 -0.0654976
 -0.0547446
 -0.140031
 -0.00725549
 -0.00684268
 0.11777
 0.091267
 0.0347133
 -0.0100461
 -0.0951918
 -0.204318
 -0.311223
 0.00943988
 -0.0165956
 -0.119805
 -0.211012
 0.0823179
 -0.117328
 0.0842058
 0.18153
 0.171624
 -0.0735495
 0.0631207
 -0.0803778
 -0.0049856
 0.202182
 -0.0228781
 0.00518077
 -0.127771
 -0.0759517
 0.136188
 -0.113444
 0.121303
 -0.0400443
 -0.0341532
 -0.0703069
 0.0855993
 0.153773
 0.0660195
 0.120989
 0.0672463
 0.0516161
 0.00554443
 0.162238
 -0.195384
 -0.0157348
 -0.047903
 -0.0532685
 -0.115536
 0.00562571
 0.0188917
 -0.053172
 -0.0680671
 0.0506003
 0.0443592
 -0.0346612
 0.154421
 -0.0206294
 -0.0238767
 -0.0699364
 -0.0940892
 -0.04757
 -0.200886
 -0.0285048
 0.125656
 -0.0496255
 -0.141601
 -0.00407529
 -0.0368133
 -0.16404
 -0.0330894
 -0.125246
 0.0823684
 -0.0863618
 -0.0350258
 -0.0738322
 -0.163431
 0.111445
 0.0732539
 0.0716199
 -0.0062336
 0.0308396
 0.0333045
 0.0288176
 -0.193754
 0.166315
 0.0254178
 -0.0726854
 0.18016
 -0.0577202
 0.0346879
 -0.0635492
 -0.00349043
 0.123988
 -0.0266896
 -0.125066
 -0.189094
 -0.0624061
 -0.0662538
 -0.122285
 -0.0544969
 0.0564527
 -0.0788271
 0.116414
 -0.0454968
 0.127216
 -0.13045
 0.0687655
 0.00426969
 0.0758325
 -0.0214409
 0.0696662
 -0.164639
 -0.0171927
 -0.156914
 0.0490363
 0.0557014
 0.00534142
 -0.00915731
 0.122429
 0.0744995
 -0.0830234
 0.0585964
 0.0991016
 0.00958647
 -0.119927
 -0.00644419
 -0.112744
 -0.18085
 0.0993676
 -0.0188689
 -0.0980977
 0.138818
 0.0728828
 -0.112571
 0.0623679
 0.0194957
 -0.00397141
 -0.105911
 -0.00340041
 0.0370208
 0.0107706
 0.0496199
 0.139185
 -0.0721599
 0.310239
 -0.0856843
 0.0289256
 0.0174525
 0.15308
 0.0479326
 0.0486591
 0.0218284
 -0.0835218
 -0.159922
 -0.0109592
 -0.158612
 -0.00563715
 -0.0334006
 0.0636876
 -0.084525
 0.0739721
 -0.00948864
 0.0380855
 -0.222151
 0.0749414
 -0.0780475
 0.269011
 0.191797
 -0.00573918
 0.0752039
 -0.129039
 -0.0388583
 0.0343417
 0.145261
 0.0374007
 0.00139957
 -0.0834406
 -0.134786
 0.0625486
 0.0944777
 0.109257
 -0.127546
 -0.0822675
 -0.0368058
 0.11368
 0.00378683
 -0.0014029
 0.0157389
 -0.0210371
 -0.00127226
 -0.0239068
 0.0254997
 -0.107696
 0.0200657
 0.130408
 0.131103
 0.0544559
 0.0184504
 -0.0625884
 0.00389973
 -0.0519329
 -0.0191204
 -0.170931
 -0.0193659
 0.0566176
 -0.000970849
 -0.0570597
 -0.0539198
 0.00638893
 0.024858
 -0.0136175
 -0.201288
 0.00322562
 -0.0567832
 0.0371107
 -0.061278
 0.0980489
 -0.0361432
 0.107031
 -0.0485513
 -0.266489
 0.104969
 0.111161
 0.00360051
 0.0819758
 0.00115954
 -0.0888905
 0.151521
 -0.0485733
 -0.221075
 0.0481939
 0.0128246
 -0.0107224
 0.02844
 -0.123523
 -0.0214794
 0.101747
 -0.165687
 -0.147986
 0.133176
 -0.185413
 -0.145025
 0.076561
 -0.0145366
 -0.0703483
 0.00653095
 0.0124025
 0.217524
 -0.0180221
 0.0240377
 -0.107432
 0.0297184
 -0.109438
 0.168207
 -0.0636016
 0.0908164
 -0.0425394
 -0.00295016
 -0.0969388
 0.0111602
 -0.0288662
 0.192865
 -0.0482509
 -0.135927
 0.0646236
 -0.0239459
 0.262338
 0.00677887
 -0.0144107
 -0.0364463
 -0.0292776
 -0.10379
 -0.0558951
 0.0732158
 0.111012
 0.0615558
 -0.0265226
 0.0266602
 0.076716
 0.01481
 0.105108
 0.0517697
 -0.149227
 -0.115922
 0.107488
 -0.048536
 -0.10178
 0.0452047
 -0.10423
 -0.0262405
 -0.00421522
 0.0985551
 0.060718
 -0.00730096
 -0.0785889
 0.0406789
 0.132738
 -0.0543115
