 -0.039696
 -0.00811409
 0.565631
 0.186585
 -0.0526021
 -0.0562828
 -0.125642
 -0.0682104
 0.0671278
 -0.100708
 0.453626
 0.0806226
 0.330083
 -0.12084
 0.00625411
 0.0511254
 -0.0397468
 -0.0811406
 -0.326435
 0.444833
 -0.185235
 -0.455569
 0.400689
 -0.195438
 -0.118351
 0.221081
 0.378703
 -0.251448
 0.194947
 0.510889
 -0.247564
 0.363856
 -0.102863
 -0.0885532
 0.00208255
 0.0835417
 0.074106
 0.253777
 0.248187
 0.10049
 0.374846
 -0.156921
 0.0998418
 -0.433261
 0.485405
 -0.595126
 0.422098
 -0.396687
 0.549117
 -0.632876
 0.162394
 -0.371368
 0.487599
 -0.188978
 0.39131
 -0.00937488
 0.2141
 0.0465769
 -0.0676152
 0.077643
 0.00809556
 -0.252974
 0.023447
 -0.396441
 0.217467
 -0.667716
 0.574689
 -0.525805
 0.211176
 0.0998477
 0.195135
 -0.194778
 0.270146
 0.00410275
 0.207322
 0.451974
 0.381204
 -0.117044
 -0.156166
 -0.13302
 0.0901232
 -0.0151342
 -0.300501
 0.434791
 0.0218486
 -0.151734
 0.480715
 -0.424244
 0.162375
 0.250469
 0.450337
 -0.173699
 -0.148855
 -0.0901519
 -0.219976
 -0.127302
 -0.0698741
 0.0433193
 -0.337413
 0.222762
 -0.449453
 -0.131569
 -0.212201
 -0.152638
 0.276674
 -0.342981
 0.243094
 0.243016
 -0.180338
 0.219829
 -0.0517493
 0.0791149
 0.645577
 0.0612564
 -0.487537
 0.2243
 -0.284704
 0.0983753
 -0.176798
 0.434668
 0.0985648
 0.220433
 0.445724
 0.276062
 -0.255015
 0.249793
 -0.117755
 0.0348479
 0.0622631
 0.0515648
 0.0230725
 0.0862402
 0.124125
 0.0215524
 -0.209416
 -0.00848091
 -0.153756
 0.467498
 -0.0277158
 -0.0768369
 0.00428867
 -0.0847717
 -0.158482
 0.233251
 -0.880473
 -0.300732
 -0.168905
 -0.313064
 -0.610282
 -0.0154924
 -0.219477
 0.0952152
 -0.852051
 -0.0254769
 0.0261341
 0.0600005
 -0.759734
 0.447631
 -0.138284
 -0.17405
 -0.279077
 -0.454963
 -0.145086
 -0.243163
 -0.0222256
 0.0328816
 -0.433786
 0.195988
 -0.289973
 0.411853
 0.282844
 0.364951
 -0.572338
 0.373923
 -0.341815
 0.0863858
 -0.106617
 0.418798
 0.191089
 0.321376
 -0.0709485
 -0.199211
 -0.193413
 -0.0935825
 0.0397157
 0.112435
 -0.330046
 0.302182
 -0.201662
 -0.0591154
 -0.173695
 0.0348552
 -0.202763
 -0.15312
 0.0415674
 0.450711
 0.00951339
 0.248383
 0.212671
 0.172728
 0.239
 0.0117522
 -0.209111
 0.343422
 -0.0820279
 -0.102419
 0.171413
 -0.234196
 0.496917
 0.0780117
 0.36067
 -0.277845
 0.279141
 0.244887
 -0.53616
 0.4883
 -0.371007
 0.216563
 -0.387028
 0.251699
 -0.115818
 0.106321
 -0.0547775
 -0.5359
 0.17128
 -0.554961
 0.404233
 -0.737376
 0.337922
 -0.436818
 0.214925
 -0.505966
 0.0553735
 -0.491897
 0.23894
 0.210828
 0.453388
 -0.556656
 0.312335
 -0.586871
 -0.0285979
 0.269362
 0.0984241
 0.151741
 -0.0646666
 0.150055
 0.184579
 -0.139493
 0.0761517
 -0.242258
 -0.320493
 0.131922
 0.179942
 0.174355
 0.0134953
 0.481364
 0.154395
 0.577075
 -0.616753
 0.389861
 -0.148572
 0.322786
 0.0410927
 -0.303972
 -0.410307
 0.398768
 -0.264076
 0.332088
 0.227167
 0.0791992
 0.0979189
 0.0662241
 -0.0354696
 0.394041
 -0.108173
 0.537821
 -0.0629281
 -0.428571
 -0.166939
 0.265508
 -0.0803359
 0.0509085
 0.484954
 -0.164934
 -0.0507431
 0.113848
 -0.00161216
 0.160303
 -0.102045
 0.101516
 -0.270957
 -0.428506
 -0.571527
 -0.468073
 -0.713858
 0.244299
 -0.460899
 0.151216
 -0.159155
 -0.0344334
 -0.0731425
 0.329847
 -0.0271806
 0.110117
 -0.41974
 0.62865
 -0.438838
 0.448583
 -0.118156
 -0.221011
 -0.175284
 -0.302422
 0.226319
 -0.373017
 0.0939259
 -0.416612
 0.000618539
 0.0388463
 -0.117305
 0.406026
 -0.192663
 0.0699261
 0.0433035
 0.0963253
 -0.373867
 0.249523
 -0.0310493
 0.370829
 -0.013063
 0.349099
 -0.0726847
 -0.059012
 0.33102
 0.193556
 -0.0636311
 0.0823863
 -0.195481
 -0.0803585
 0.0354234
 0.0737783
 0.089048
 -0.094831
 0.131378
 0.618591
 0.317313
 0.242387
 -0.0133583
 -0.0693031
 0.5558
 -0.0282517
 0.32333
 -0.0769113
 0.170965
 0.287645
 0.166639
 0.577592
 -0.421161
 -0.128367
 0.380632
 0.140665
 0.436843
 0.23487
 0.320664
 0.25798
 -0.467473
 0.323033
 0.0178432
 0.370989
 0.156694
 0.118224
 -0.203697
 0.0261446
 0.4384
 -0.0680548
 0.328308
 -0.209534
 0.176488
 -0.0876104
 -0.446958
 0.512705
 -0.291935
 0.119884
 -0.0140755
 -0.164626
 0.519864
 -0.0611034
 -0.0898751
 -0.166222
 0.0439666
 0.02973
 0.11998
 -0.326096
 0.342791
 -0.0205527
 -0.0877242
 0.0304199
 -0.0291457
 -0.161384
 0.271381
 -0.0137788
 -0.312168
 0.210491
 -0.176767
 0.0825473
 0.0185108
 -0.129218
 0.437462
 0.0500503
 0.285813
 -0.0307774
 -0.0259891
 0.19302
 0.212335
 0.324691
 -0.0593557
 -0.280737
 0.603946
 -0.15913
 0.169319
 -0.0829423
 -0.00869079
 0.379381
 -0.663267
 0.263889
 -0.334674
 -0.162304
 0.28525
 -0.334961
 0.307596
 -0.120095
 0.0217117
 -0.30893
 0.298357
 -0.511221
 0.451488
 -0.394809
 0.51747
 -0.151055
 0.17279
 0.11056
 0.33054
 -0.0199924
 0.0892161
 0.141287
 0.0671734
 -0.172448
 0.107311
 -0.0305563
 0.276192
 -0.146873
 0.352571
 -0.215431
 0.38274
 -0.0164742
 -0.0513583
 -0.17199
 -0.191602
 0.0767612
 -0.438063
 0.193545
 -0.283601
 0.0697468
 0.071162
 -0.0190234
 -0.105444
 0.221856
 -0.267339
 0.28935
 -0.0761799
 0.252073
 0.330932
 -0.0868279
 -0.181323
 0.00429212
 0.116706
 -0.163241
 0.30409
 0.025769
 -0.0779614
 0.072699
 0.118444
 0.316675
 -0.398471
 0.441419
 0.0998083
 -0.0614301
 -0.0597449
 -0.0792853
 0.12714
 0.0609323
 -0.118029
 -0.105507
 0.10321
 0.0508662
 0.172153
 0.057084
 0.153992
 -0.0649145
 0.443373
 -0.251915
