 0.00242633
 0.381049
 0.0725759
 0.0619685
 0.0743881
 0.0421894
 -0.288169
 0.163923
 -0.204722
 0.0782909
 0.245206
 -0.0413581
 -0.235794
 0.138409
 0.10764
 0.0524908
 0.237279
 -0.290747
 0.165613
 0.199002
 -0.119306
 0.00582754
 -0.0445578
 0.0414067
 -0.0812141
 -0.0805103
 0.185522
 0.191817
 0.0454947
 0.0651671
 0.299875
 -0.144432
 0.185321
 0.074509
 0.046374
 -0.0419183
 0.0985386
 -0.0217758
 -0.0742509
 0.0617181
 0.145469
 0.0275362
 -0.109705
 0.164541
 0.0909918
 -0.0131569
 -0.099377
 0.213544
 0.0315057
 0.0480452
 0.00141944
 0.129782
 -0.0347839
 -0.0549061
 0.157555
 0.0633952
 -0.0731891
 0.141736
 -0.170484
 0.222175
 -0.147036
 0.194783
 -0.199594
 -0.112296
 -0.0683919
 0.105534
 -0.157976
 0.082227
 -0.20087
 0.110193
 0.0809381
 -0.11406
 0.0963083
 -0.000492785
 0.0875423
 0.112149
 0.00815618
 0.0275265
 0.0149985
 0.0519697
 0.0319638
 -0.0153567
 0.0910332
 0.0892853
 0.0729691
 0.0479816
 0.0541901
 -0.019803
 -0.0893338
 0.100097
 0.128437
 -0.125125
 -0.0427146
 0.102974
 0.107017
 -0.197875
 0.181311
 -0.0278216
 0.0144781
 0.333335
 -0.109967
 -0.043551
 -0.0592249
 0.231352
 -0.155419
 0.104145
 -0.0780489
 -0.0803322
 0.151008
 -0.106906
 -0.0428622
 0.098416
 -0.0761889
 -0.0501484
 0.058862
 -0.202646
 -0.0130429
 0.0277453
 -0.148901
 0.0029626
 0.174557
 -0.106921
 0.0726711
 -0.141851
 -0.126097
 0.16208
 0.021773
 -0.296284
 0.0657578
 -0.10115
 0.220036
 0.0248521
 0.056005
 -0.0146081
 0.0968753
 -0.0930741
 0.0165331
 0.227765
 0.0691446
 0.0887555
 -0.0605494
 0.0530423
 0.0492329
 0.0134485
 -0.109644
 0.081688
 -0.0860233
 0.00864739
 0.0225399
 0.111296
 0.0672741
 -0.150971
 0.157222
 0.117628
 0.078175
 -0.105884
 0.0495766
 -0.00894467
 0.0248945
 -0.011861
 0.264775
 -0.14891
 0.155827
 0.0473094
 -0.295881
 0.0743928
 -0.148032
 0.0394167
 -0.0146879
 0.0966049
 0.0193374
 0.208331
 -0.0768906
 0.00352418
 -0.0734796
 0.103241
 -0.00508892
 0.0784054
 0.0179904
 0.0723955
 -0.0606294
 0.0732528
 -0.0433453
 0.0169142
 -0.113337
 -0.0921807
 0.0717474
 0.108794
 -0.079152
 0.0846431
 0.172844
 -0.0735085
 0.0688754
 -0.0575179
 0.210153
 -0.284963
 0.172486
 -0.0251491
 -0.039363
 0.100832
 -0.0828565
 0.142892
 -0.102635
 0.0907654
 -0.0186632
 0.0798737
 0.0098437
 -0.0784609
 -0.10862
 -0.0349237
 -0.00768995
 0.0117973
 0.00526922
 0.121541
 0.0120671
 -0.125365
 0.000361446
 -0.0739375
 -0.395784
 0.1925
 -0.257764
 -0.424301
 0.148732
 -0.0322046
 0.0104386
 -0.116456
 0.0638399
 0.0382787
 0.0876924
 -0.0122983
 -0.0321404
 0.0841907
 0.0854194
 0.0639098
 -0.203575
 -0.098031
 0.202763
 0.00710074
 0.094728
 -0.157371
 -0.175964
 0.0593821
 0.0935874
 0.0770133
 -0.212944
 -0.0719433
 0.350022
 -0.141835
 0.0394473
 -0.112814
 0.217146
 -0.211886
 0.105715
 0.232361
 -0.111673
 0.0661571
 -0.123943
 0.161583
 -0.119872
 0.0710515
 0.0422851
 -0.0884104
 0.151089
 -0.113567
 0.0837544
 0.00376122
 0.23758
 -0.073823
 -0.146639
 -0.114057
 0.0842327
 -0.142099
 -0.110959
 0.188077
 0.0661391
 0.13234
 -0.230354
 -0.0671584
 0.00164273
 -0.0250885
 0.0949724
 0.0270407
 -0.137473
 -0.0945568
 0.125297
 -0.0161985
 -0.068381
 -0.0046162
 -0.178908
 0.0177258
 -0.0335364
 0.121249
 0.111942
 -0.0553964
 0.0199448
 0.193749
 -0.0622427
 0.17354
 0.0164666
 0.117186
 -0.216496
 0.067849
 0.179239
 -0.0875991
 -0.0661867
 0.0374749
 -0.0240328
 -0.0379694
 0.0820505
 -0.126281
 0.237357
 0.153555
 0.0706119
 -0.108944
 0.135079
 -0.069717
 0.0966899
 -0.0418316
 0.0659089
 -0.0343073
 0.107169
 -0.26354
 0.0998839
 -0.10169
 -0.0697308
 -0.0161492
 0.0352673
 0.0516738
 0.0384941
 0.050747
 -0.161172
 -0.0206881
 -0.10383
 0.100783
 -0.00244018
 -0.0889855
 -0.046014
 -0.0411529
 0.0577357
 -0.0198129
 0.154588
 -0.0674308
 -0.102443
 0.0317021
 0.000116361
 0.377868
 -0.138053
 -0.0165108
 0.101073
 -0.0737855
 0.0983955
 0.112024
 -0.0255796
 -0.0865729
 0.0251816
 0.0718854
 -0.0500654
 0.174634
 -0.137376
 0.0442384
 -0.118503
 0.0811939
 0.116774
 0.0578548
 0.00231192
 0.0787631
 0.089657
 -0.219338
 0.179216
 -0.156154
 0.0638911
 0.146147
 -0.0558372
 0.291838
 -0.0911285
 0.0445308
 -0.15328
 -0.0690557
 -0.0723602
 0.0313057
 0.0629283
 -0.1762
 -0.248657
 0.149905
 -0.139122
 -0.036633
 0.139437
 -0.0868927
 -0.01569
 -0.0234952
 -0.0313488
 -0.0421261
 0.245151
 -0.23964
 0.217186
 0.0200687
 -0.040179
 -0.0181875
 -0.175522
 0.0868839
 0.0579544
 -0.0874985
 -0.018059
 0.206064
 0.0819219
 0.00512511
 -0.0791138
 0.160896
 -0.0625675
 0.0114817
 -0.0954926
 -0.0034974
 0.037774
 -0.13701
 0.0102982
 -0.0338418
 -0.0199319
 0.114554
 -0.0419907
 0.112973
 0.0604654
 0.033091
 -0.0178222
 0.145584
 -0.0169282
 -0.0694535
 0.174154
 -0.0935349
 0.223325
 0.0581027
 -0.0354856
 -0.0168656
 0.0279075
 0.0745927
 -0.124339
 0.0631997
 -0.160932
 0.151962
 -0.0284438
 0.0201845
 0.0553528
 0.00351012
 -0.065267
 -0.0494321
 -0.102078
 0.175648
 -0.145599
 0.152569
 0.102937
 0.147983
 -0.0824189
 0.00800003
 0.101743
 -0.0327882
 -0.181948
 0.233964
 -0.198092
 0.080857
 0.0605758
 0.0439152
 -0.107927
 -0.0215562
 -0.0116695
 0.169841
 0.102343
 -0.137684
 0.00399882
 0.0596163
 0.0447232
 -0.029897
 0.238606
 -0.109308
 -0.12546
 0.0890769
 -0.179838
 0.0961526
 0.117402
 0.0221538
 0.0114213
 0.245053
 -0.16133
 0.266397
 -0.253314
 0.00778472
 0.153406
 0.0135712
 0.0206804
 -0.188245
 0.108629
 0.00160043
 0.112287
 0.00331791
 -0.0590013
 0.141313
 -0.225821
 0.059547
 -0.00412272
 -0.166746
 0.183349
 0.0564608
 0.0469864
 -0.993955
 1.17845
 -0.704265
 1.44979
 -1.13196
 0.437361
 -0.47997
 0.321966
 0.639009
 0.40194
 0.371206
 0.805666
 0.85416
 0.395805
 0.373438
 -0.317199
 0.623704
 0.202769
 -0.121428
 -0.363833
 -0.379649
 0.514673
 -0.10221
 0.417035
 -0.140735
 0.809057
 0.136821
 0.507016
 0.772917
 0.603868
 -0.73806
 1.23891
 -0.347923
 1.36479
 -0.15238
 1.18575
 1.16651
 0.978268
 -0.7367
 0.513018
 -0.765032
 0.707959
 0.194056
 -0.0189943
 -0.0697636
 0.0627276
 -0.117661
 0.637858
 0.00120895
 -0.366941
 0.380557
 -0.630477
 0.32335
 -1.37135
 1.15364
 -1.27225
 -0.0111199
 0.313366
 0.403445
 -0.194592
 0.32558
 -0.950315
 0.158556
 -0.638935
 1.6222
 -0.626235
 -0.434416
 0.649134
 -0.400265
 -0.0939144
 -0.0916048
 -0.195401
 0.549393
 -0.937962
 -0.00852598
 -0.800271
 0.208971
 0.0600744
 0.367202
 0.59375
 -0.210742
 0.431597
 -1.29066
 0.0575571
 -0.482456
 -0.0545487
 0.288531
 -0.566152
 0.581239
 0.215664
 0.321434
 0.105466
 0.641493
 0.035276
 0.762171
 -0.393352
 0.067665
 -0.302836
 -0.346585
 -0.848808
 -0.421254
 -0.533283
 -0.0176325
 0.94221
 0.830567
 1.89872
 0.526885
 0.875724
 -0.0510436
 0.0626887
 -0.20893
 -0.359029
 -0.4161
 -0.810045
 -0.279624
 -0.568639
 -0.609838
 -0.110058
 -1.23892
 -0.430282
 -0.815758
 1.15003
 -0.949085
 0.592669
 0.214877
 -0.552605
 -0.284983
 -0.181071
 -0.215762
 -0.417034
 -0.141067
 -0.976743
 -0.564893
 0.213513
 -1.35894
 0.613487
 -0.21655
 -0.100637
 0.787764
 -0.338907
 0.997257
 1.08838
 0.323267
 0.462146
 -0.924367
 1.65263
 -0.486377
 1.91736
 -0.649898
 0.959966
 -0.257373
 -0.170198
 1.33059
 -0.0425296
 0.506783
 0.876961
 0.243371
 -0.0133074
 0.739777
 0.481117
 -0.0736748
 -0.594652
 0.142777
 -1.40307
 0.139262
 -2.06289
 1.06019
 0.0285123
 -0.250551
 0.500635
 0.383039
 -0.915237
 0.992015
 -0.201299
 -0.24237
 0.486055
 0.00261973
 0.522918
 1.10421
 -0.769107
 0.185487
 0.179108
 0.724997
 -0.784832
 -1.98838
 0.556459
 0.580762
 -0.101586
 -0.0393769
 0.0745787
 0.709912
 -0.545599
 0.479145
 0.701954
 0.711959
 1.17858
 0.981817
 0.385622
 -0.79878
 0.339628
 0.193278
 -0.847727
 1.56101
 -0.650695
 1.32629
 -0.419253
 0.507809
 0.0691359
 0.119611
 -1.80646
 -0.013781
 -0.0490298
 -0.64103
 -0.10596
 0.5849
 0.0908093
 -0.0328472
 0.828532
 0.390845
 0.430651
 0.483099
 1.00553
 0.0672676
 -0.993782
 0.0873979
 -0.69011
 0.0129786
 -0.0834301
 1.11054
 0.293887
 -0.1491
 -0.0879956
 0.36333
 -0.693518
 0.430064
 -0.543246
 -0.901483
 -0.712627
 -0.595862
 0.481147
 -0.534624
 -0.25452
 -0.0574802
 0.447813
 1.7049
 -0.324473
 0.409185
 0.182264
 0.160203
 0.412907
 -0.0288619
 0.507698
 -0.256278
 0.546531
 -0.0511994
 -1.1237
 0.487093
 -0.565328
 -0.29554
 -0.945975
 0.279706
 -1.58296
 0.276505
 0.108465
 -0.207451
 0.7746
 0.845893
 1.21703
 0.0464003
 0.705722
 -0.737182
 -0.821492
 0.512383
 -1.33711
 1.37619
 -2.11909
 -1.41229
 -1.90738
 -1.98277
 0.420161
 -0.58102
 -0.644765
 -1.06829
 -0.102423
 -0.156339
 -0.429497
 -0.658018
 0.707795
 -0.904535
 -0.0267847
 -0.267794
 -0.395763
 -0.0752364
 -0.873395
 0.459149
 -0.94284
 0.165414
 -0.772965
 1.00615
 -0.984783
 -0.141164
 -2.2768
 1.03743
 -1.43862
 -0.0894244
 -0.455784
 -0.630426
 -0.0415058
 -0.172355
 0.0441205
 0.0574813
 -0.473876
 -0.426292
 0.461941
 -1.07704
 -1.88743
 0.32787
 -0.418375
 0.246561
 -0.149645
 0.354626
 -0.562052
 0.511356
 -0.280088
 -0.123161
 -0.0590139
 0.414511
 0.646623
 0.0751188
 -0.267112
 -0.268233
 1.06416
 -0.914146
 0.607602
 0.400693
 -0.275074
 -0.322499
 0.732221
 -0.459235
 -0.132609
 -0.796028
 -1.32817
 -0.0147089
 -0.126883
 0.0587508
 -0.43016
 -0.0457418
 0.0536545
 -0.74672
 0.63017
 -0.57441
 -0.297685
 -0.398001
 0.345908
 -0.375655
 0.0386665
 -0.106673
 -0.268384
 0.348026
 0.213762
 -0.26621
 0.57833
 -1.14905
 0.433828
 -1.41522
 0.266599
 -1.16
 -0.530311
 -1.00785
 0.128723
 -0.873676
 -0.197441
 -0.401529
 -0.299441
 -1.78244
 0.388794
 -0.591562
 0.595706
 0.323037
 -0.289328
 0.730312
 -0.887746
 0.103212
 -0.116999
 -0.977245
 0.0745823
 -0.0313426
 0.320548
 0.306101
 -0.789394
 1.31979
 -0.685518
 1.61127
 -0.495093
 -0.222151
 -0.223931
 0.0543032
 -0.500359
 0.242875
 -0.329794
 0.364042
 -0.359509
 0.517782
 -0.0881826
 0.33938
 -0.500762
 0.643856
 -0.647727
 -0.873105
 0.358052
 -0.072895
 -0.19252
 -0.136595
 -0.100106
 -0.249607
 0.60333
 -0.0628073
 0.880168
 0.221948
 0.125518
 0.657682
 0.250841
 1.82962
 0.455756
 2.27865
 1.85879
 0.711022
 -0.157185
 0.621359
 -1.11979
 0.415297
 0.242664
 0.983725
 0.0440659
 0.115826
 0.569252
 0.356101
 0.0498664
 0.809908
 -0.126015
 0.914304
 -0.23504
 0.949826
 -0.509823
 0.552325
 -0.0381161
 0.538798
 -0.212974
 -0.490393
 -0.254251
 -0.454905
 0.280066
 -0.531273
 1.13607
 -0.770616
 -0.138847
 -0.584499
 0.32943
 0.283916
 -0.859812
 0.519525
 -0.283092
 1.97516
 0.983834
 -0.308067
 0.43475
 -0.760105
 0.308145
 -0.279714
 1.41736
 -0.56983
 -0.717909
 0.513586
 -0.938485
 0.0764629
 -0.661522
 0.522907
 0.00136852
 -0.58197
 0.447799
 0.485448
 0.761533
 0.062197
 0.57978
 -0.58677
 0.55918
 0.373611
 2.51178
 -0.765798
 1.63108
 0.200037
 0.768242
 1.0553
 1.34278
 0.461804
 0.840547
 -0.486929
 -0.458112
 -0.0923437
