 0.000000
 0.000000
 -0.264066
 -0.295689
 0.305512
 -0.186404
 -0.881756
 -0.792477
 -1.047589
 -0.668304
 0.579907
 -0.574650
 0.523184
 -0.477648
 0.734491
 0.532200
 -0.129566
 -0.063762
 -0.644587
 -0.377952
 -0.950991
 -0.012416
 0.270500
 1.089342
 0.725969
 0.917663
 0.425987
 1.233298
 2.168241
 2.035000
 1.514165
 1.420265
 1.171151
 0.218044
 0.582579
 -0.335517
 -0.780183
 -0.173134
 0.494094
 0.500119
 0.161036
 -0.301942
 -0.895696
 -1.400030
 -0.803108
 0.575870
 0.991792
 0.720112
 -0.166717
 0.928972
 0.743102
 2.212658
 1.694288
 0.943787
 0.893922
 0.546348
 0.283293
 -0.165871
 0.333389
 1.696193
 1.662689
 1.558880
 1.124618
 1.866126
 0.334895
 0.620719
 0.748109
 0.976643
 1.507241
 1.314087
 1.152700
 0.726754
 0.235155
 -0.521875
 0.028045
 -0.711619
 -0.194321
 -0.154962
 0.498215
 0.499936
 0.429958
 0.815089
 1.093432
 0.695033
 0.660154
 -0.310418
 0.695003
 -0.409916
 -0.005966
 -0.252038
 -0.588299
 -0.942149
 -1.364350
 -0.787212
 0.240742
 0.391147
 0.274203
 -0.140267
 -0.570707
 -0.820412
 1.572468
 -0.170537
 -0.630118
 -0.341901
 -1.313664
 0.044351
 -0.642093
 -0.552677
 -1.190165
 -0.391053
 -0.489996
 -0.236539
 0.562940
 -0.241811
 0.394490
 0.329851
 0.205454
 -0.195954
 -0.393590
 0.034852
 -1.197646
 -0.647919
 -0.536962
 -2.044592
 -1.203242
 -1.036503
 -0.342104
 -1.134119
 -0.331840
 -0.718348
 0.103178
 -0.250799
 0.102717
 1.247199
 0.647943
 -0.452502
 -0.296960
 0.042893
 -0.310630
 0.763523
 0.632904
 -0.173323
 0.254139
 -0.061991
 1.694522
 -0.338665
 0.200202
 -1.739417
 -1.335712
 -1.878958
 -1.741574
 -0.891408
 -0.933943
 -1.244066
 -1.199356
 0.010527
 -0.233841
 0.326141
 0.872200
 1.015882
 0.842911
 -0.611210
 -0.235485
 -0.790020
 -0.570185
 0.088157
 1.714528
 1.030985
 0.962701
 1.164222
 2.071414
 0.989373
 1.088439
 0.548580
 0.236228
 -0.984889
 -0.289530
 0.515653
 -0.262687
 -0.068912
 -1.120504
 -0.904926
 -0.799829
 -0.967177
 -0.005590
 -0.726811
 -0.659160
 -0.116186
 -0.034741
 -0.497820
 -0.875921
 -0.416746
 -0.377368
 0.015818
 0.795592
 -0.648868
 -0.597790
 1.530524
 1.168419
 0.927746
 0.453394
 0.808615
 0.796634
 0.672943
 -0.482055
 -1.363414
 -1.320454
 -0.565356
 0.408886
 -0.482805
 0.354464
 0.316120
 -0.653223
 0.075110
 -0.409455
 -0.128598
 -0.715059
 -0.312891
 -0.163825
 0.406396
 -0.137625
 -0.671514
 -2.080317
 -0.796746
 -0.189820
 0.187974
 0.584647
 0.677426
 -0.047028
 -0.445178
 -0.380860
 0.230463
 0.178253
 0.057160
 0.618428
 0.355031
 1.844845
 1.261289
 0.686472
 0.837189
 -0.202650
 1.910905
 0.349566
 -0.603334
 0.452707
 -0.417148
 -0.096618
 0.449939
 -0.636891
 0.451616
 0.771439
 1.740801
 1.955263
 1.355096
 1.403693
 1.360079
 0.969547
 0.879692
 1.596840
 1.405441
 0.016234
 1.439310
 1.571140
 2.016279
 0.957761
 0.327634
 0.221204
 -1.649267
 -0.430430
 -0.248906
 -0.343481
 -1.970454
 -0.110152
 -0.527066
 0.159025
 0.166986
 -0.445473
 0.183797
 0.615167
 0.647736
 1.260270
 1.286013
 1.924269
 1.318805
 0.983683
 0.924522
 1.883129
 1.285921
 -0.778016
 0.280431
 -0.691919
 0.252864
 0.777360
 0.231179
 -0.508267
 -0.533643
 -0.866773
 0.036254
 0.086344
 0.775262
 -0.076910
 -0.173456
 -1.984591
 -1.683378
 -1.625064
 -2.330156
 -2.216099
 -2.466430
 -2.069094
 -0.963778
 -0.891451
 -1.430117
 -0.473027
 0.412175
 0.580507
 0.255404
 0.246964
 0.444029
 -0.442448
 1.129504
 0.168985
 -0.792675
 0.104549
 0.225230
 0.248180
 -0.082177
 0.490463
 -0.623162
 0.797319
 0.513052
 0.393507
 1.050970
 1.161663
 1.769654
 0.994207
 1.010486
 0.986316
 -0.344135
 0.115200
 -0.425944
 -0.840643
 -1.226598
 -0.869591
 -1.303253
 -0.078504
 0.400112
 -0.319085
 -0.563818
 1.775385
 1.122831
 0.618600
 0.120958
 -0.604453
 -0.716550
 0.813116
 0.571927
 0.830003
 0.859938
 0.439086
 0.266614
 -0.186245
 -0.484857
 -1.683809
 -1.637843
 -0.585086
 -0.547404
 -0.426467
 -0.198178
 -0.286303
 0.338079
 -0.111854
 -0.187518
 1.867410
 1.140622
 1.003369
 -0.415265
 0.403248
 -0.540953
 1.310976
 0.592747
 1.124742
 0.539464
 0.822137
 0.547042
 0.568647
 0.174179
 -0.389252
 -0.126073
 0.534220
 1.259469
 0.666953
 2.125866
 1.590941
 1.358438
 1.419345
 0.155555
 -0.380826
 0.182943
 -0.622245
 0.086147
 -1.100380
 -0.497320
 -1.398493
 -0.071125
 -0.614162
 -0.852048
 -0.991829
 -0.094091
 -0.693008
 -1.672532
 -1.867150
 -0.839791
 -1.041698
 -2.039398
 -1.331941
 -1.182688
 -0.748629
 -0.966499
 -0.161063
 0.307101
 0.624406
 -0.197188
 -0.300273
 -0.899327
 -1.099830
 -1.529277
 -1.627601
 -1.585061
 -1.411977
 -1.037219
 -1.265908
 -0.498638
 0.146695
 0.308284
 1.534907
 0.306737
 -0.648492
 -0.369454
 -0.571283
 -0.911389
 -1.538818
 -1.660929
 -1.598561
 -1.433927
 -1.693795
 0.141977
 0.739375
 0.885161
 1.081890
 0.886112
 1.326732
 1.255338
 0.777219
 0.576483
 1.520685
 1.478001
 -0.014150
 0.225044
 -0.658622
 -1.208792
 -1.254610
 -1.471154
 -1.373247
 -0.930414
 -0.639853
 -0.697156
 0.560216
 1.147720
 1.503142
 0.769160
 -0.329400
 -1.639863
 -0.662380
 -0.341326
 -0.940706
 -0.765646
 -0.706380
 -2.212875
 -1.071271
 -0.389626
 -0.264949
 -0.402606
 -0.879939
 1.199869
 0.869354
 1.039246
 0.717336
 0.534493
 0.742711
 -0.065629
 0.544421
 1.745014
 2.003128
 1.338431
 1.948922
 0.756939
 0.637916
 -1.225210
 0.676222
 -0.327914
 -0.490599
 -0.027866
 -0.660734
 -0.067073
 0.720870
 0.086694
 -0.095383
 -0.661487
 -1.581372
 -0.555076
 0.143098
 0.331827
 0.006857
 1.645977
 -0.311883
 0.639340
 0.758923
 -0.147453
 0.951055
 1.284198
 0.358262
 0.540012
 0.603242
 2.056085
 0.137883
 1.808870
 1.647625
 1.338362
 1.807870
 1.223746
 1.443846
 1.473568
 1.122827
 1.156031
 0.724704
 0.423456
 1.840690
 0.426808
 -0.220955
 -0.421447
 0.182236
 -0.578401
 0.651459
 0.696355
 0.855502
 -0.793364
 0.982000
 0.800392
 0.614961
 -0.261562
 0.114679
 -0.611747
 -0.553258
 -0.050688
 -0.286737
 -0.008828
 -1.151276
 -0.603553
 -1.345121
 -1.176014
 -1.655475
 -0.511666
 -0.056226
 1.154116
 -0.311975
 0.017514
 -0.372290
 -0.043914
 -0.352117
 -0.114115
 0.383385
 1.479378
 1.378813
 0.657351
 1.061398
 0.185432
 0.952087
 0.599305
 -0.502577
 -0.229671
 -0.490523
 0.014788
 -0.676889
 -0.587611
 0.061517
 -0.433881
 0.012209
 0.387926
 0.341450
 0.774705
 1.714211
 -0.413863
 -0.586048
 -1.376558
 -1.485796
 -1.531445
 -1.038109
 -0.414010
 -0.958228
 0.568751
 0.410220
 -0.055657
 0.295658
 0.762314
 0.659334
 0.322392
 0.868175
 0.562876
 -0.112238
 0.097504
 0.418429
 -0.288270
 -1.161209
 -1.833632
 -1.043315
 -1.355053
 -1.043115
 -2.106848
 0.027457
 -0.281169
 -0.343033
 -0.629658
 -0.230715
 0.109509
 -0.614272
 -0.812291
 1.109813
 -0.730515
 0.079484
 0.467473
 -0.914785
 1.090098
 -0.712230
 1.338334
 -0.053438
 0.952336
 -0.359088
 -0.055160
 -0.142713
 -1.362850
 -1.010628
 -1.192225
 -0.466158
 -0.563068
 0.452243
 -0.544404
 -0.859142
 -0.442943
 -0.757635
 -0.312588
 0.376525
 -0.684397
 -0.307613
 -0.646294
 -0.300409
 -1.003693
 -1.242890
 -1.195984
 -1.956209
 -0.909009
 -1.324789
 1.016754
 -0.679077
 -1.323744
 -1.425793
 -0.765270
 0.066744
 -0.579705
 -0.664310
 0.099404
 -0.066665
 0.300669
 -0.365647
 -0.704431
 0.047623
 -1.759031
 -1.465119
 -0.640808
 -0.793851
 0.276171
 -1.148603
 0.898526
 -0.105484
 0.591993
 0.073141
 -0.600739
 0.145403
 -1.269801
 -0.659030
 -0.830897
 -1.678004
 0.376793
 0.367097
 0.268860
 -0.347889
 -0.452390
 -0.127121
 -0.351639
 0.063026
 0.307326
 0.101700
 -0.544134
 0.446415
 -0.116112
 0.373349
 0.265159
 -0.486119
 -0.132646
 0.583604
 0.690014
 0.781449
 0.531586
 0.836922
 0.955313
 0.061448
 0.275099
 -0.568204
 -1.909952
 -1.505868
 -1.533365
 -1.169883
 -0.973997
 -0.805182
 -0.233271
 0.434563
 0.062445
 -0.121527
 0.669374
 0.675350
 1.436112
 1.222684
 1.202450
 0.245491
 0.037048
 0.071487
 0.169027
 0.533742
 0.919927
 1.129172
 0.472308
 2.087900
 0.700635
 1.769055
 1.289428
 1.779183
 -0.229495
 1.579609
 1.313547
 0.548732
 0.912449
 -1.144219
 -1.606367
 -0.408529
 -0.316576
 -0.756497
 -0.196605
 0.486019
 -0.245184
 -0.440900
 -0.922725
 0.762277
 0.682906
 0.126936
 1.246419
 0.300073
 0.194208
 0.403033
 -0.377774
 0.420060
 -0.031652
 1.341309
 1.408448
 1.180570
 1.301813
 1.018559
 -0.142579
 -0.295965
 -0.969538
 -0.656251
 -1.014247
 1.331578
 -0.161333
 0.831147
 0.432701
 1.401004
 0.055789
 0.604569
 0.113301
 -0.552398
 -1.262660
 -1.097131
 -0.720170
 1.576573
 0.060262
 0.426935
 1.303038
 0.222745
 0.033851
 -0.363472
 -0.958429
 -0.335138
 0.147015
 0.815053
 1.189591
 0.080897
 -0.844571
 0.403473
 -0.594230
 0.053905
 0.774769
 1.216830
 0.024891
 -0.229374
 -0.096625
 0.061554
 0.522328
 0.572889
 1.641522
 -0.225107
 0.540744
 0.295453
 -0.422619
 0.517248
 0.367892
 0.581883
 -0.336334
 -0.122533
 0.600374
 0.371190
 0.489795
 1.009545
 0.753693
 0.928944
 0.960785
 0.144863
 -0.016589
 0.430308
 1.056103
 0.674856
 0.796769
 1.327445
 2.313986
 1.960770
 1.379993
 1.043684
 0.643301
 0.640502
 0.005083
 0.897436
 0.602767
 0.825665
 1.213052
 1.323914
 1.402573
 1.427866
 0.825301
 1.754412
 0.533182
 0.465398
 0.023704
 0.138118
 -0.192414
 -0.879292
 -0.366436
 0.115465
 0.296254
 -0.354250
 0.597910
 -0.875833
 0.727263
 -0.748950
 -0.753653
 -0.614466
 -1.807106
 -1.329967
 -1.641849
 -0.927029
 -0.347932
 0.080194
 1.001649
 -0.094000
 1.761738
 0.617554
 0.924906
 0.870682
 1.036679
 0.752908
 1.302035
 1.853579
 1.043342
 1.567338
 1.056296
 0.413828
 0.178103
 0.163676
 -0.507037
 -1.378374
 -1.822555
 -1.294814
 -1.078831
 -0.333318
 -0.056668
 -0.801842
 -0.700114
 -0.744211
 -0.582656
 -0.769318
 0.018984
 0.028008
 0.703282
 1.741820
 1.335899
 1.000690
 1.431605
 0.447647
 -0.203037
 0.205677
 -0.052396
 -0.168440
 -0.441702
 -1.111463
 -1.608834
 -1.129346
 -1.679520
 -1.146912
 -0.296185
 -0.583959
 -0.603119
 -0.349422
 -0.974873
 0.022782
 0.729762
 -0.410642
 -0.091149
 0.263733
 0.562113
 -0.309618
 -0.194372
 -0.290960
 0.179268
 1.870006
 1.980491
 1.388985
 0.432105
 -0.225059
 0.436531
 -0.640621
 0.271810
 1.037051
 0.439932
 1.489187
 0.897592
 1.705074
 1.046824
 1.158565
 0.243654
 1.833613
 0.391494
 0.581486
 1.181705
 1.696231
 1.042769
 1.364975
 0.845513
 -0.280460
 -0.411074
 -0.680537
 0.123870
 0.184419
 0.267312
 -1.253160
 0.261784
 0.778878
 1.283385
 0.224633
 0.010662
 0.417462
 -0.957655
 0.306286
 -1.131720
 -1.007298
 0.082333
 -0.247381
 1.101706
 0.647747
 1.120659
 1.532737
 1.521818
 1.618331
 0.919257
 0.797767
 0.263833
 -0.200968
 0.588440
 -1.393662
 -0.606062
 -0.624193
 -0.932936
 -1.122026
 -1.051022
