 -1.48817
 -0.874592
 -1.53451
 -1.19121
 -1.11179
 0.572688
 0.0531881
 0.396818
 -0.124954
 0.792904
 0.737944
 1.28066
 1.37606
 1.81731
 2.63286
 1.98355
 1.09678
 0.0190094
 -1.29947
 -0.842017
 -0.466189
 -0.678245
 -0.602689
 -0.96622
 -0.983868
 -0.202757
 0.147022
 -0.199071
 -0.0308699
 -1.03682
 -0.783465
 -0.0414175
 -0.146124
 -0.927226
 -0.393312
 -0.306095
 -0.56762
 -0.210294
 -0.145066
 -0.968324
 -1.51385
 -1.19292
 -1.35862
 -1.07478
 -0.242608
 -0.373047
 -0.568027
 -0.882451
 -0.563165
 0.18624
 -0.376737
 -1.14603
 -0.581486
 -0.56505
 -0.133967
 -0.110169
 -0.418134
 -0.723201
 -0.889068
 -0.453108
 -0.420072
 1.15381
 1.10789
 0.0354708
 -0.835444
 -0.944321
 -0.778814
 -0.268436
 0.34196
 -0.573186
 -0.209344
 0.128889
 -0.984817
 -0.941826
 -0.0716989
 0.102685
 -0.175373
 -0.801788
 0.218687
 0.473564
 1.8506
 1.10938
 0.92064
 1.28847
 0.341747
 0.56392
 -0.0132208
 1.39528
 1.56436
 0.602483
 1.35575
 0.272593
 -0.544059
 -0.429056
 0.241977
 0.81525
 1.54283
 1.54463
 0.626969
 1.2679
 1.99415
 2.06299
 0.81803
 -0.40262
 -0.832777
 -0.967951
 -0.728566
 0.781749
 0.29079
 -0.753885
 -0.272643
 0.207014
 -0.513501
 -0.24564
 -0.375784
 -0.541504
 0.766952
 0.179004
 0.00597739
 0.10937
 0.16039
 0.778459
 0.299346
 0.134928
 0.847756
 0.413532
 0.461297
 0.771051
 0.709962
 -0.00565584
 -0.218505
 1.59473
 1.29175
 0.550727
 0.612383
 -0.89594
 -0.351127
 -0.195488
 -0.18629
 -0.204691
 0.655469
 0.406373
 0.709697
 1.17676
 1.6872
 0.940291
 -0.352337
 0.520412
 0.229368
 0.361269
 0.706025
 -0.737733
 -1.10129
 -0.995329
 -1.13662
 -1.17071
 -0.957333
 -2.04885
 -1.39141
 -1.58952
 -1.08781
 -0.405449
 0.0418083
 0.26855
 -0.233327
 -0.2136
 -0.0351322
 0.0638705
 -0.505918
 -0.210631
 0.188322
 -0.67267
 -1.83328
 -0.243999
 0.393301
 0.829727
 0.647391
 1.34649
 1.84336
 1.2561
 0.536377
 0.0457304
 0.748071
 0.0335939
 -0.385047
 -0.413061
 0.80526
 -0.0539797
 -0.986416
 0.205983
 1.03066
 0.412455
 -0.617258
 -0.215281
 0.0693439
 0.619496
 0.830783
 0.470796
 1.04289
 0.66415
 0.950385
 1.90686
 2.34506
 2.38003
 1.66995
 1.21105
 1.86329
 2.10174
 1.77866
 0.860816
 1.06585
 0.747657
 0.00993701
 0.0358469
 -0.393537
 -0.397913
 -0.268415
 0.0810426
 -0.0264737
 -0.29576
 0.434293
 0.245747
 -0.881376
 -0.838739
 -0.918373
 0.0988663
 0.109837
 -0.158057
 0.428362
 0.283607
 0.896595
 0.220731
 -0.686937
 -0.0321133
 -0.695336
 -1.02395
 -0.297838
 0.492382
 -0.515185
 0.076946
 0.759912
 -0.136226
 1.45195
 1.60494
 0.845459
 0.53129
 1.13085
 0.535464
 0.0379513
 0.717913
 0.330634
 -0.102458
 0.0743852
 0.154623
 0.417011
 -0.0102124
 -0.116559
 0.970183
 1.30852
 1.33816
 0.43831
 0.702509
 0.223341
 0.733127
 0.625924
 0.0804919
 0.0713952
 -0.263617
 -0.74266
 0.119352
 0.675783
 0.736295
 0.821223
 -0.0187913
 -1.05361
 -1.35682
 -0.634455
 0.582784
 0.28317
 -0.0394699
 -0.870459
 -1.42391
 -1.39405
 -0.603219
 -0.207335
 -1.0816
 -0.895889
 -0.274577
 -0.761923
 -0.369279
 -0.476499
 -0.776394
 -1.5433
 -1.65716
 -0.596604
 -0.930676
 -0.935585
 -1.22949
 -1.12161
 -0.805081
 -0.5044
 -0.0467055
 -0.537955
 -0.73308
 -1.20218
 -1.22133
 -0.878236
 -0.330665
 0.145628
 0.0810808
 1.12775
 -0.0313144
 -0.284476
 0.944253
 -0.194105
 0.116554
 0.523198
 0.900987
 0.958966
 0.918054
 0.63775
 -0.515197
 -2.08856
 -1.75815
 -2.35318
 -2.23293
 -2.98273
 -2.25599
 -1.89512
 -2.06812
 -2.35943
 -1.01153
 -0.552381
 0.19817
 0.170885
 -0.384219
 -0.621872
 0.0942644
 -0.909981
 -0.20953
 -0.757098
 -0.38251
 -0.231595
 0.430687
 0.488325
 0.730218
 1.22807
 0.975725
 1.17676
 0.613449
 1.5362
 0.915846
 1.10726
 0.569815
 0.353645
 -0.408297
 -0.7456
 -1.47412
 -1.48184
 -1.32777
 -0.826743
 -0.968602
 -2.1185
 -1.16577
 -1.72227
 -0.892203
 -0.889854
 -0.844323
 -0.839983
 -0.815745
 -0.648405
 -0.227137
 -0.25539
 -0.788766
 -0.775091
 -1.57107
 -1.27326
 -0.688115
 -0.272672
 0.731951
 1.4039
 1.01826
 0.788809
 1.10233
 1.26758
 1.20999
 0.906934
 -0.33902
 -0.174407
 -0.599577
 -0.696342
 -1.45103
 -1.23632
 -0.911192
 -0.616539
 0.186511
 -0.776189
 -0.23284
 0.921162
 -0.0458484
 0.148646
 -1.03679
 0.194645
 0.343822
 0.947789
 0.124642
 0.0352478
 0.183057
 -0.0296112
 -1.04473
 -0.00310184
 -1.03017
 -1.12249
 -1.16093
 -1.10322
 -1.07217
 -0.810399
 -0.174445
 0.0908896
 0.0432321
 -1.10674
 -1.66287
 -1.35405
 -1.99909
 -1.8816
 -1.79145
 -0.933446
 -0.61311
 -0.657207
 -1.30063
 -0.822201
 -0.522687
 -0.929906
 -0.129829
 -0.355725
 0.00914002
 -1.01652
 -1.66792
 -1.32344
 -1.44053
 -1.56204
 -0.69497
 0.0104618
 -0.887129
 -0.266368
 -0.36942
 -0.0999722
 -0.195198
 0.852152
 1.24965
 0.727055
 -1.07565
 0.186138
 0.355702
 0.288187
 0.752476
 1.13467
 0.830582
 -0.349895
 -0.900722
 -0.172979
 -0.165378
 -0.789324
 -0.30817
 -0.525521
 0.834807
 -0.251848
 -0.13475
 -0.904495
 0.053802
 -0.356358
 -0.3354
 -0.0819735
 0.260494
 -0.930122
 -0.186101
 -1.54857
 -1.18222
 -0.617827
 -1.20702
 -0.975551
 -0.712317
 -0.0112035
 0.411369
 0.123964
 0.940896
 0.237641
 0.725002
 1.56645
 1.88344
 2.24739
 2.50845
 1.39532
 1.44274
 0.849509
 1.09843
 1.19178
 0.444426
 0.0262441
 0.319944
 -0.260468
 -0.703423
 -0.509434
 -0.0449682
 -0.0399895
 -0.0303061
 0.689731
 0.794921
 -0.36619
 0.236633
 0.308401
 0.0864528
 -1.3298
 -0.589476
 -0.251336
 1.48102
 3.2868
 2.85528
 2.6056
 2.23926
 0.806775
 -0.229907
 0.367162
 -0.395772
 0.443416
 -0.0656684
 0.29585
 0.670359
 0.762147
 1.08547
 1.87435
 1.37232
 0.886489
 1.04045
 0.300394
 -0.0812319
 0.248214
 -0.194424
 -0.313418
 -0.530161
 -0.826832
 0.00990402
 -0.758271
 -0.833768
 -0.650905
 -0.0646855
 -0.111114
 -1.04666
 -1.25116
 -1.49515
 -1.9943
 -2.9519
 -1.25588
 -0.299969
 -1.19499
 -1.06389
 -0.994647
 -1.50452
 -2.10124
 -1.05751
 -1.24219
 -0.590867
 0.0818484
 -0.408099
 -0.126335
 -0.496902
 -0.0492036
 -0.627869
 0.240992
 1.48537
 0.246376
 0.511959
 -0.656138
 0.114562
 1.18661
 1.45348
 1.53566
 0.97232
 0.449647
 -0.309653
 -1.14706
 -0.645518
 0.0412538
 -0.34806
 -0.0918626
 -0.0237839
 1.20716
 2.21503
 2.6307
 1.07842
 1.2254
 0.378527
 -0.709934
 -0.882764
 0.116861
 -1.6642
 -1.34124
 -0.376611
 -0.585798
 -1.45953
 -0.64627
 -1.2198
 -0.927711
 0.339719
 -0.487841
 -0.360411
 -0.292106
 0.5566
 1.01007
 2.20998
 0.59013
 0.60875
 -0.389936
 -0.10565
 0.373538
 0.388854
 -0.0604142
 -0.418089
 -0.919163
 -0.342599
 0.183007
 1.18613
 1.42876
 2.01737
 1.77579
 0.793029
 0.720943
 0.248088
 0.644752
 -0.201888
 0.336361
 0.453708
 0.364958
 -0.303486
 -0.106579
 0.936916
 1.063
 0.124511
 0.70586
 0.696981
 0.884712
 0.0593706
 -0.746142
 0.798851
 0.328055
 0.0596657
 1.12838
 1.17092
 0.783921
 0.835099
 1.16844
 0.61109
 -0.515729
 0.578516
 0.186244
 0.813427
 -0.132065
 -0.87671
 -0.966357
 -0.69057
 0.378598
 -0.113474
 -0.202714
 -1.22488
 -0.255356
 -0.0792585
 -0.387719
 -0.776485
 -0.724641
 -0.255999
 0.353517
 0.388544
 0.218484
 1.38563
 1.96452
 0.473209
 -0.240095
 -0.179049
 -0.842507
 -1.25974
 -0.715952
 -1.76844
 -1.28122
 -1.11124
 -2.10065
 -1.51259
 -1.15445
 -0.361798
 -0.860769
 -0.188494
 -0.0140397
 -0.46862
 -1.0511
 -0.859779
 -0.931605
 -0.767463
 -0.424944
 0.222416
 -0.0065494
 0.415633
 0.931676
 1.09851
 1.73574
 1.33944
 1.32472
 1.68728
 0.852085
 0.887254
 0.487535
 0.940868
 0.87461
 2.12521
 1.32464
 2.18219
 2.07554
 1.80006
 1.94039
 1.22606
 1.06443
 1.37962
 0.950471
 1.17054
 0.463216
 0.294604
 0.354493
 -0.14512
 0.199659
 0.308253
 -0.17548
 0.66008
 0.57411
 0.531231
 1.55261
 1.48806
 0.408447
 0.150011
 -1.31063
 -0.742516
 -0.0489076
 0.127408
 -0.266644
 0.357688
 -0.00167683
 0.333352
 0.444829
 1.44776
 -0.395776
 0.382242
 -0.407406
 -0.235283
 0.111404
 0.24413
 -0.549229
 -1.14448
 -1.23046
 -0.860983
 -1.73356
 -2.16005
 -1.8862
 -2.48023
 -1.35124
 -1.10134
 -1.17718
 0.184844
 -0.915318
 -1.06431
 -0.614861
 -1.14811
 -2.22783
 -1.66726
 -1.3629
 -0.997291
 -0.636271
 -0.716789
 -1.03512
 -0.437466
 -0.947873
 -1.68559
 -1.31972
 -1.52543
 -2.31571
 -3.17225
 -1.99464
 -2.18394
 -1.9621
 -2.12329
 -1.71804
 -0.489341
 0.742835
 1.98379
 2.3949
 1.74158
 1.98788
 1.73101
 1.88712
 1.41278
 1.28316
 0.675306
 0.786907
 1.03288
 0.923018
 0.973116
 -0.277802
 -1.68108
 -1.29208
 -2.45209
 -1.65707
 -1.00725
 -1.15851
 -0.778599
 -0.0938414
 -0.735886
 -0.0313517
 -0.678928
 -1.02114
 -1.69199
 0.357177
 -0.409714
 0.728093
 1.05038
 1.56425
 0.27684
 0.577859
 0.68376
 0.512207
 0.0484022
 -0.345018
 0.190503
 0.762173
 -0.447041
 -0.648428
 -0.291903
 -0.351229
 -0.398327
 0.319968
 0.508069
 0.258438
 -0.113856
 -0.335024
 0.00315031
 -0.516175
 -0.570859
 -0.261722
 -1.05488
 -0.588168
 1.18493
 0.262378
 -0.408078
 0.353922
 -0.259922
 0.799781
 0.577867
 0.829944
 1.55228
 0.962961
 1.45439
 0.981375
 0.895511
 0.700593
 0.733619
 0.919666
 1.77447
 1.39242
 0.127089
 0.628775
 0.683473
 -0.323658
 1.04145
 1.50863
 1.25703
 -0.49988
 -1.05995
 -0.136973
 -0.333886
 0.651541
 0.585511
 -0.514372
 -1.24896
 -0.932392
 -1.05129
 -1.46447
 -0.554378
 0.658338
 -1.15233
 -1.23668
 -0.670669
 -0.902039
 -0.744556
 -1.02337
 -0.474903
 0.159096
 0.140141
 -0.489301
 -1.09635
 -1.33104
 -0.0884728
 0.0601179
 0.937875
 0.841143
 0.615383
 -0.12522
 -0.385136
 0.116707
 0.441163
 1.0073
 1.37459
 0.712707
 0.704137
 1.30899
 -0.149033
 0.559081
 0.39762
 1.02578
 0.55056
 0.333656
 1.22024
 -0.15766
 -0.504191
 0.780319
 0.896379
 0.936548
 1.45157
 1.56558
 1.53459
 0.293986
 -0.0731834
 -0.434959
 -0.394616
 -0.430924
 -0.856695
 -1.10112
 -1.18869
 -1.00369
 -0.750181
 -1.43412
 -0.789944
 -0.97132
 -0.850508
 0.102663
 0.0939014
 0.561102
 0.398352
 0.492675
 1.28975
 1.02771
 0.218976
 -0.436553
 0.205636
 0.0509036
 0.465965
 -0.233644
 0.9094
 0.56566
 0.287451
 -0.0235242
 0.162216
 0.63849
 1.78137
 1.3665
 2.29847
 1.42375
 0.892676
 1.26224
 1.54771
 1.34776
 0.895623
 0.927624
 0.772599
 1.00282
 1.4406
 1.19401
 0.0521779
 1.034
 -0.778577
 -0.152267
 -1.30978
 -1.40609
 -0.966529
 -1.04265
 -0.0430525
 0.526848
 0.374916
 0.790088
 0.814004
 0.980092
 0.869097
 -0.254919
 0.821506
 -0.894646
 -1.28961
 -1.53254
 -2.76885
 -2.3676
 -2.29014
 -2.44332
 -0.942895
 -0.779888
 -0.436602
 -0.483182
 -0.893843
