 -0.191607
 -0.140091
 -0.0827332
 0.393077
 -0.405811
 -0.685497
 -0.400694
 -0.465175
 -0.141087
 0.799333
 -0.799593
 0.803775
 -0.755929
 0.915895
 0.14396
 -0.446743
 -0.0264064
 -0.389552
 -0.144711
 -0.666574
 0.412237
 0.299941
 0.827307
 0.141295
 0.573508
 -0.0456081
 0.974599
 1.65579
 0.956822
 0.465146
 0.618592
 0.387925
 -0.307267
 0.381207
 -0.595865
 -0.577115
 0.295221
 0.529267
 0.246284
 -0.0905924
 -0.401252
 -0.694559
 -0.85995
 -0.0611763
 0.880684
 0.700151
 0.151493
 -0.558493
 1.08278
 0.187586
 1.99397
 0.548241
 0.0473991
 0.423808
 0.00473711
 0.0253056
 -0.34083
 0.360391
 1.57823
 0.696471
 0.769851
 0.370478
 1.29892
 -0.514968
 0.389496
 0.396838
 0.57447
 0.97753
 0.613928
 0.436288
 0.208185
 -0.205821
 -0.497349
 0.236693
 -0.644311
 0.188349
 -0.195695
 0.579637
 0.285383
 0.246822
 0.41727
 0.694875
 0.104568
 0.403026
 -0.619195
 0.751015
 -0.61632
 0.211029
 -0.296876
 -0.476585
 -0.680956
 -0.858431
 -0.030234
 0.542136
 0.212186
 0.0362226
 -0.160986
 -0.516765
 -0.496788
 1.85993
 -0.859004
 -0.561437
 0.0190733
 -1.13189
 0.772065
 -0.725013
 -0.214247
 -0.784087
 0.193235
 -0.299496
 0.111882
 0.486052
 -0.541612
 0.584405
 0.121376
 0.0603569
 -0.291221
 -0.289886
 0.242275
 -1.20159
 0.0115896
 -0.293108
 -1.73499
 -0.0488621
 -0.448982
 0.200019
 -0.929164
 0.275939
 -0.502682
 0.363947
 -0.215365
 0.184653
 1.06547
 0.0645271
 -0.669068
 -0.100781
 0.163718
 -0.304943
 0.805198
 0.222257
 -0.41867
 0.179192
 -0.192826
 1.63976
 -1.18502
 0.282004
 -1.72811
 -0.404586
 -1.26703
 -0.812219
 0.0267974
 -0.508607
 -0.756627
 -0.617415
 0.581734
 -0.255975
 0.46342
 0.666207
 0.522917
 0.302892
 -0.91009
 0.0769545
 -0.670515
 -0.0927765
 0.231163
 1.76067
 0.114141
 0.452373
 0.623062
 1.6603
 -0.258311
 0.585311
 0.0127211
 -0.0939068
 -1.07216
 0.268669
 0.596751
 -0.484551
 -0.00593391
 -0.976837
 -0.341478
 -0.417844
 -0.524823
 0.498101
 -0.710388
 -0.280169
 0.214748
 -0.0171297
 -0.447366
 -0.521148
 0.0521868
 -0.185101
 0.126993
 0.631936
 -0.881238
 -0.188435
 1.78111
 0.310656
 0.319433
 -0.00087652
 0.610406
 0.333725
 0.206377
 -0.771984
 -1.05631
 -0.569772
 0.187133
 0.535787
 -0.531563
 0.51074
 0.228674
 -0.732849
 0.361806
 -0.420481
 0.143011
 -0.54292
 -0.0208216
 -0.0247898
 0.500709
 -0.330684
 -0.534249
 -1.82683
 0.206914
 0.276624
 0.321176
 0.349652
 0.348589
 -0.335481
 -0.452216
 -0.079309
 0.334158
 0.038083
 -0.0318345
 0.477995
 0.199035
 1.62744
 0.238114
 0.100576
 0.44773
 -0.595136
 2.02816
 -0.643843
 -0.734336
 0.641486
 -0.562586
 0.0385781
 0.415592
 -0.776171
 0.704325
 0.584223
 1.34787
 1.06806
 0.371872
 0.662123
 0.669718
 0.239985
 0.389304
 1.16449
 0.572633
 -0.544195
 1.35452
 0.87709
 1.29159
 -0.066633
 -0.18208
 0.0333856
 -1.72271
 0.441227
 -0.0768677
 -0.190316
 -1.76522
 0.88531
 -0.453866
 0.410191
 -0.00303082
 -0.426081
 0.305084
 0.554563
 0.222151
 0.949166
 0.656606
 1.22045
 0.309646
 0.361299
 0.405193
 1.35093
 0.321759
 -1.40535
 0.700676
 -0.762837
 0.500377
 0.588995
 -0.185188
 -0.543413
 -0.349856
 -0.503019
 0.376983
 0.15091
 0.698782
 -0.512297
 -0.00997526
 -1.98425
 -0.681941
 -0.816444
 -1.67654
 -1.04851
 -1.58959
 -0.701519
 0.173623
 -0.370144
 -0.966979
 0.286593
 0.516192
 0.424909
 -0.00543773
 0.178612
 0.305892
 -0.591021
 1.27387
 -0.397405
 -0.806599
 0.463471
 0.163161
 0.165189
 -0.115687
 0.32722
 -0.72659
 1.02331
 0.156041
 0.0244657
 0.890605
 0.507599
 1.26039
 0.00873013
 0.488635
 0.38088
 -0.792534
 0.241058
 -0.411547
 -0.596183
 -0.700462
 -0.314109
 -0.740406
 0.545179
 0.370308
 -0.473031
 -0.357723
 1.97938
 0.204445
 0.0259352
 -0.206818
 -0.561958
 -0.408673
 1.10804
 0.160035
 0.412293
 0.368351
 0.0333114
 0.0587445
 -0.444616
 -0.287064
 -1.51823
 -0.722271
 0.232169
 -0.289388
 -0.0761415
 0.0140489
 -0.157017
 0.473657
 -0.218475
 -0.181185
 1.98609
 0.153117
 0.381368
 -0.834047
 0.530001
 -0.680568
 1.50121
 -0.0771646
 0.718818
 -0.00116597
 0.508982
 0.0986111
 0.305632
 -0.084365
 -0.400987
 0.0506377
 0.614651
 0.936001
 -0.024661
 1.84229
 0.465991
 0.550519
 0.614812
 -0.584827
 -0.462566
 0.359194
 -0.60838
 0.257244
 -1.04892
 0.0580001
 -1.13741
 0.650266
 -0.551583
 -0.515304
 -0.521039
 0.381227
 -0.628515
 -1.36376
 -1.01591
 0.13957
 -0.602869
 -1.57225
 -0.204553
 -0.420972
 -0.206966
 -0.523245
 0.294107
 0.38619
 0.416339
 -0.591637
 -0.126463
 -0.752918
 -0.566213
 -1.05537
 -0.871189
 -0.809694
 -0.562188
 -0.249037
 -0.695214
 0.196825
 0.248044
 0.206897
 1.36864
 -0.454583
 -0.74817
 0.113029
 -0.419468
 -0.633833
 -1.05918
 -0.890731
 -0.803021
 -0.587383
 -0.813382
 0.857573
 0.675085
 0.389659
 0.657691
 0.279756
 0.970899
 0.495151
 0.0337134
 0.347539
 1.05587
 0.675903
 -0.698157
 0.185482
 -0.724102
 -0.810532
 -0.634643
 -0.872727
 -0.551832
 -0.229284
 -0.0959491
 -0.343054
 0.889106
 0.895559
 0.848402
 -0.0524633
 -0.741943
 -1.40026
 0.220142
 -0.0332816
 -0.684181
 -0.243606
 -0.426991
 -1.9103
 0.22201
 0.133607
 -0.0599638
 -0.327779
 -0.568138
 1.50051
 0.27968
 0.54609
 0.0997473
 0.256695
 0.348657
 -0.457371
 0.576847
 1.39246
 1.15509
 0.381935
 1.32194
 -0.301779
 0.243412
 -1.40806
 1.21791
 -0.605172
 -0.301797
 0.134539
 -0.695109
 0.526655
 0.532913
 -0.600089
 0.104307
 -0.716494
 -0.82266
 0.756678
 0.340402
 0.128761
 -0.257577
 1.66447
 -1.88811
 1.43741
 -0.226592
 -0.571144
 1.17237
 0.240674
 -0.561056
 0.539527
 0.0747929
 1.59485
 -1.75455
 2.299
 -0.435221
 0.486727
 0.623457
 -0.206247
 0.70828
 0.118883
 0.0916456
 0.3133
 -0.237248
 0.027993
 1.55347
 -1.44155
 0.147676
 -0.45073
 0.582438
 -0.787303
 1.17703
 -0.179488
 0.383419
 -1.35782
 1.74523
 -0.399593
 0.228226
 -0.736611
 0.47367
 -0.781122
 0.20422
 0.149892
 -0.296858
 0.296088
 -1.16126
 0.485599
 -1.13294
 0.19769
 -0.914271
 1.02777
 -0.0762704
 1.14329
 -1.35134
 0.626742
 -0.482265
 0.352368
 -0.454044
 0.297212
 0.317723
 1.05491
 0.0667588
 -0.263847
 0.651366
 -0.740679
 1.04694
 -0.491579
 -0.60138
 0.205365
 -0.402222
 0.519671
 -0.839289
 0.188567
 0.375814
 -0.556106
 0.455799
 0.17361
 0.057128
 0.5265
 1.08785
 -1.98074
 0.237477
 -0.95926
 -0.22047
 -0.345896
 0.111214
 0.336177
 -0.776941
 1.35596
 -0.395423
 -0.164193
 0.349224
 0.410896
 -0.0155493
 -0.119697
 0.565814
 -0.151785
 -0.500952
 0.329628
 0.255254
 -0.653383
 -0.738055
 -0.700026
 0.450358
 -0.667029
 0.0233356
 -1.3684
 1.83929
 -0.766091
 0.0750097
 -0.359348
 0.380457
 0.05985
 -0.61155
 -0.174905
 1.59442
 -1.78678
 0.9692
 0.048075
 -1.1341
 2.0297
 -1.93553
 2.26395
 -1.62893
 1.46806
 -1.41975
 0.658694
 -0.375821
 -1.12096
 0.316917
 -0.550312
 0.594267
 -0.472267
 0.826885
 -0.989236
 -0.152908
 0.226226
 -0.518687
 0.393642
 0.324164
 -0.921662
 0.496601
 -0.478515
 0.193662
 -0.813944
 -0.260873
 -0.27531
 -1.08759
 0.827734
 -0.792504
 2.16975
 -1.94221
 -0.479184
 -0.258794
 0.437008
 0.376459
 -0.829551
 0.178282
 0.445875
 -0.234143
 0.359706
 -0.620409
 -0.256084
 0.513473
 -1.88754
 0.442424
 0.259952
 -0.478104
 0.913617
 -1.5283
 2.09564
 -1.32313
 1.05834
 -0.733152
 -0.373965
 0.648991
 -1.5575
 0.869314
 -0.701292
 -0.995819
 1.86954
 -0.340706
 0.00862487
 -0.551632
 -0.0295465
 0.219563
 -0.336346
 0.317178
 0.195719
 -0.103841
 -0.550059
 0.930298
 -0.671008
 0.55108
 -0.20143
 -0.502917
 0.347374
 0.511872
 0.00586643
 0.336895
 -0.0753262
 0.364302
 0.266448
 -0.617146
 0.321596
 -0.915497
 -1.15268
 0.227132
 -0.516322
 0.136025
 -0.263059
 0.0144079
 0.276288
 0.365314
 -0.283772
 -0.0814169
 0.703303
 -0.00178331
 1.02591
 -0.157634
 0.467064
 -0.823218
 0.15058
 -0.0656922
 0.100601
 0.474136
 0.302588
 0.389851
 -0.412953
 2.02458
 -1.58298
 1.91402
 -0.690162
 1.30264
 -1.92732
 2.33549
 -0.675708
 0.00818753
 0.42504
 -1.85928
 -0.366482
 0.879305
 -0.205897
 -0.474798
 0.394474
 0.556156
 -0.726566
 -0.096585
 -0.495881
 1.45938
 -0.459804
 -0.0297302
 1.10149
 -0.912457
 0.332112
 0.177352
 -0.714681
 0.83097
 -0.503279
 1.41172
 0.0249533
 0.242963
 0.341296
 -0.102364
 -0.755794
 0.0627116
 -0.783896
 0.256983
 -0.49345
 1.99819
 -1.59095
 1.42986
 -0.588724
 1.28913
 -1.36372
 1.06584
 -0.684283
 -0.383473
 -0.748651
 0.10727
 0.0126065
 1.95623
 -1.72001
 1.051
 0.585144
 -0.860378
 0.161547
 -0.451083
 -0.460732
 0.375135
 0.3608
 0.366809
 0.605606
 -0.947684
 -0.559366
 1.16434
 -1.20638
 0.785927
 0.480868
 0.465728
 -0.964491
 0.0774728
 0.0689338
 0.0538428
 0.604074
 -0.170882
 1.33013
 -1.69081
 1.13474
 -0.38456
 -0.495331
 0.840715
 -0.194022
 0.366789
 -0.86885
 0.408659
 0.426414
 -0.146365
 0.261208
 0.483084
 -0.076247
 0.446282
 0.0976585
 -0.512333
 0.0111458
 0.449471
 0.477672
 -0.0983938
 0.303649
 0.631704
 1.38324
 -0.147402
 0.165629
 -0.078848
 -0.014645
 0.168819
 -0.431343
 0.972006
 -0.483791
 0.755228
 0.261441
 0.469029
 0.273105
 0.387318
 -0.260221
 1.36899
 -1.1569
 0.518847
 -0.560991
 0.325571
 -0.368435
 -0.606834
 0.321985
 0.375722
 0.0264883
 -0.456986
 0.769675
 -1.41715
 1.69649
 -1.65915
 0.311743
 -0.280503
 -1.27242
 0.424004
 -0.905298
 0.563437
 0.00865454
 0.355936
 0.83782
 -1.05964
 2.22557
 -1.39252
 0.973507
 -0.15994
 0.429846
 -0.0528242
 0.69937
 0.862029
 -0.501056
 0.91218
 -0.358404
 -0.218208
 -0.111329
 0.101144
 -0.611679
 -0.797967
 -0.587066
 0.187158
 -0.177839
 0.389921
 0.015468
 -0.605159
 0.0211163
 -0.228947
 0.00144303
 -0.367367
 0.571797
 -0.0153513
 0.631674
 1.07521
 -0.347476
 0.331851
 0.546634
 -0.69407
 -0.217569
 0.390744
 -0.363207
 0.000183233
 -0.375637
 -0.575689
 -0.657808
 0.229527
 -0.880093
 0.262299
 0.427874
 -0.545267
 0.0301352
 0.0507422
 -0.611755
 0.790972
 0.440021
 -1.02165
 0.530245
 0.0868235
 0.308922
 -0.673688
 0.225471
 -0.317736
 0.541656
 1.54994
 0.285962
 -0.0325418
 -0.575361
 -0.331827
 0.618184
 -1.05205
 1.07191
 0.416632
 -0.429047
 1.30617
 -0.605894
 1.35367
 -0.648864
 0.798831
 -0.835779
 1.77423
 -1.35417
 0.784983
 0.397732
 0.735954
 -0.43087
 0.914101
 -0.454799
 -0.744056
 0.000494449
 -0.321056
 0.70543
 -0.224704
 0.222672
 -1.38162
 1.40371
 0.241262
 0.66196
 -0.874008
 0.167818
 0.269086
 -1.23586
 1.19477
 -1.60555
 0.214839
 0.710205
 -0.430578
 1.27894
 -0.573875
 0.93938
 0.384188
 0.377638
 0.464365
 -0.438809
 0.384358
 -0.365644
 -0.342109
 0.703227
 -1.8689
 1.03308
 -0.601356
 -0.299323
 -0.307581
 -0.196331
 0.0529394
