 2.78553
 42.1467
 85.1042
 84.7278
 123.338
 123.561
 129.211
 140.454
 156.517
 155.604
 157.655
 174.051
 256.086
 255.966
 340.721
 339.845
 338.947
 340.92
 345.717
 371.577
 371.879
 378.789
 422.157
 428.348
 446.559
 458.034
 457.118
 460.208
 459.297
 466.791
 467.248
 466.671
 489.251
 491.285
 498.624
 499.905
 504.099
 509.933
 511.638
 510.886
 510.134
 537.74
 538.056
 539.821
 599.69
 614.99
 633.816
 637.815
 678.087
 677.816
 684.844
 743.568
 756.338
 758.935
 809.77
 837.378
 849.169
 955.307
 1048.27
 1048.42
 1047.56
 1057.48
 1083.16
 1115.61
 1114.76
 1118.8
 1165.34
 1164.46
 1167.98
 1167.54
 1166.63
 1176.7
 1182.63
 1235.62
 1243.04
 1336.56
 1339.29
 1354.44
 1354.29
 1372.89
 1396.97
 1408.78
 1463.55
 1463.21
 1476.33
 1495.1
 1511.89
 1526.91
 1532.93
 1546.21
 1557.96
 1563.04
 1567.36
 1568.3
 1570.04
 1583.22
 1583.12
 1582.8
 1581.91
 1605.36
 1607.29
 1612.57
 1612.2
 1612.78
 1612.74
 1614.99
 1614.09
 1613.49
 1618.45
 1622.47
 1621.92
 1632.73
 1632.88
 1633.04
 1632.3
 1731.7
 1730.83
 1761.84
 1822.87
 1846.39
 1851.82
 1851.01
 1856.01
 1878.96
 1908.35
 1907.74
 1911.84
 1912.63
 1917.16
 1918.38
 1955.8
 1955.11
 2004.47
 2006.22
 2006.48
 2006.31
 2013.56
 2014.63
 2049.95
 2056.88
 2064.57
 2063.92
 2064.76
 2064.65
 2067.96
 2102.96
 2120.16
 2121.96
 2125.61
 2129.16
 2129.92
 2129.7
 2129.5
 2152.53
 2174.71
 2180.86
 2217.81
 2262.88
 2262.48
 2261.58
 2264.45
 2263.66
 2263.04
 2262.68
 2270.05
 2272.93
 2281.64
 2298
 2297.76
 2299.34
 2303.01
 2304.65
 2304.42
 2308.07
 2337.85
 2341.49
 2428.51
 2441.06
 2469.09
 2468.39
 2476.2
 2529.95
 2582.03
 2582.87
 2581.96
 2611.53
 2631.36
 2630.78
 2629.88
 2638.16
 2681.88
 2684.82
 2705.59
 2705.51
 2734.06
 2773.23
 2797.55
 2811.87
 2824.93
 2864.6
 2922.64
 2925.09
 2933.18
 2935.14
 2943.03
 2942.84
 2941.92
 2956.8
 2996.89
 3028.46
 3046.55
 3098.07
 3109.18
 3112.59
 3122.49
 3124.41
 3146.28
 3185.47
 3192.66
 3193.34
 3201.71
 3204.8
 3204.08
 3245.62
 3279.02
 3309.27
 3335.03
 3338.5
 3337.59
 3336.68
 3337.52
 3336.69
 3339.78
 3377.08
 3387.59
 3423.03
 3433.19
 3433.3
 3464.47
 3470.18
 3474.13
 3477.08
 3479.28
 3497.3
 3513.07
 3525.33
 3526.83
 3527.24
 3536
 3535.3
 3552.96
 3558.58
 3565.5
 3578.47
 3577.81
 3578.85
 3578.49
 3578.35
 3584.52
 3625.77
 3653.35
 3654.24
 3689.5
 3688.93
 3695.62
 3695.16
 3697.86
 3699.55
 3737.66
 3742.28
 3758.96
 3805
 3804.57
 3827.83
 3826.99
 3826.35
 3860.22
 3873.34
 3934.52
 3955.72
 3954.83
 3961.03
 3960.72
 3962.44
 3961.54
 3995.99
 3998.06
 4000.29
 4000.59
 4025.02
 4080.63
 4191.55
 4226.73
 4249.9
 4263.71
 4329.6
 4333.55
 4393.02
 4471.19
 4479.84
 4526.36
 4537.01
 4536.76
 4538.65
 4537.75
 4568.15
 4567.24
 4566.36
 4651.64
 4686.54
 4689.28
 4688.5
 4690.89
 4691.87
 4691.89
 4692.85
 4726.97
 4773.55
 4785.92
 4899.19
 4937.76
 4948.73
 4951.48
 4969.62
 4975.49
 4977.07
 4985.25
 4988.53
 5012.59
 5.54444
 5.31349
 44.1504
 72.4675
 111.671
 136.492
 143.696
 169.129
 311.592
 344.69
 353.076
 373.545
 372.63
 375.778
 380.116
 388.165
 398.535
 400.567
 413.879
 416.948
 465.005
 469.731
 469.163
 487.234
 496.359
 517.275
 544.216
 571.572
 642.483
 674.727
 715.392
 714.958
 714.047
 717.552
 735.035
 734.935
 785.81
 805.853
 811.81
 835.366
 841.218
 841.609
 840.923
 855.977
 881.046
 893.945
 898.122
 897.828
 900.192
 901.953
 904.614
 908.411
 908.99
 937.148
 945.964
 955.857
 964.745
 964.245
 964.736
 967.859
 991.468
 991.924
 997.047
 1023.39
 1023.18
 1022.48
 1047.68
 1081.5
 1171.2
 1224.66
 1240.57
 1272.16
 1275.6
 1298.47
 1299.53
 1310.37
 1309.83
 1346.59
 1348.07
 1347.51
 1359.4
 1368.53
 1388.05
 1397.53
 1419.05
 1423.78
 1547.16
 1593.34
 1595.65
 1621.02
 1620.18
 1691.28
 1737.77
 1742.45
 1787.95
 1793.23
 1801.63
 1814.7
 1813.83
 1813.71
 1827.37
 1831.21
 1837.78
 1860.06
 1863.31
 1862.98
 1868.97
 1870.57
 1876.12
 1883.39
 1918.99
 1918.15
 1934.03
 1990.41
 1999.53
 2005.99
 2019.79
 2029.54
 2070.61
 2072.06
 2078.78
 2120.41
 2142.36
 2144.71
 2143.88
 2143.79
 2146.82
 2151.94
 2162.51
 2210.26
 2212.3
 2219.84
 2224.3
 2228.81
 2241.78
 2246.25
 2250.42
 2267.78
 2272.85
 2287.28
 2288.49
 2323.12
 2372.49
 2372.8
 2372.99
 2374.49
 2373.57
 2372.69
 2385.39
 2384.94
 2393.09
 2396.94
 2396.06
 2396.23
 2396.62
 2401.5
 2413.52
 2472.54
 2487.85
 2493.03
 2526.15
 2526.91
 2554.27
 2554.75
 2582.81
 2594.85
 2616.6
 2618.87
 2618.05
 2626.85
 2627.43
 2685
 2696.71
 3278.21
 3277.57
 3286.07
 7705.15
 1176.43
 1234.6
 1233.69
 5326.54
 290.958
 694.796
 758.028
 1645.83
 1803.21
 2406.7
 3123.01
 4350.78
 4622.27
 4633.28
 6265.77
 51.7024
 1225.14
 1233.46
 1911.06
 2597.19
 2761.31
 3143.14
 3151.28
 3161.45
 7039.02
 9.03723
 63.7009
 588.042
 626.481
 823.536
 1170.24
 1419.97
 1606.88
 1906.14
 1994.73
 2360.11
 2488.38
 3795.17
 3839.88
 4365.28
 4408.82
 6003.4
 444.491
 450.688
 859.444
 1605.47
 1618.67
 2230.54
 3640.46
 3897.46
 3913.28
 3915.38
 7453.93
 463.655
 617.389
 2287.18
 2400.99
 2402.42
 3210.8
 3977.65
 4029.64
 4454.76
 7019.32
 674.477
 736.31
 785.863
 845.711
 923.772
 970.532
 1075.47
 1391.89
 1507.47
 2780.94
 3217.34
 3467.43
 3875.92
 3883.48
 7722.37
 1533.28
 1762.32
 2023.87
 2038.61
 2041.22
 2672.79
 2886.44
 2887.63
 3613.48
 3633.91
 4178.07
 4282.19
 5503.98
 1419.23
 2692.51
 2972.81
 3237.28
 3243.13
 3420.2
 3469.37
 3471.58
 3935.74
 4987.23
 5091.21
 286.315
 791.925
 792.328
 914.274
 996.8
 996.365
 1624.03
 1767.19
 2223.95
 2541.81
 4078.92
 4417.41
 5064.79
 105.032
 444.092
 1686.59
 2312.99
 2960.54
 3190.21
 7435.8
 1830.48
 2235.32
 2408.8
 2543.27
 2821.84
 7253.61
 1098.36
 1136.12
 1936.58
 2218.82
 2245.35
 2554.67
 3082.09
 3182.21
 3214.58
 8143.11
 1388.24
 1455.98
 1885.8
 1932.1
 2156.46
 2289.45
 2603.22
 2886.93
 3501.19
 3636.69
 3777.37
 4264.94
 4264.02
 4399.34
 4429.05
 5586.49
 43.8197
 118.851
 250.059
 1782.87
 1787.91
 5607.76
 340.848
 1397.2
 1439.71
 1551.65
 2759.2
 2758.28
 4500.02
