 -0.302388
 0.150754
 0.396858
 -0.300549
 -0.496582
 0.104525
 -0.551852
 0.675771
 0.566039
 0.119672
 -0.133832
 -0.723119
 1.45625
 0.190098
 -0.274235
 -0.107598
 -0.0587269
 -0.228265
 -0.880999
 -0.0308165
 -1.51437
 0.931227
 -0.219207
 0.113103
 0.792556
 0.478626
 -1.289
 0.728972
 -0.727299
 0.0552186
 -0.14539
 -0.129202
 0.311674
 0.72612
 -0.499642
 0.469583
 -0.500487
 -0.714704
 0.827936
 -0.830373
 0.656348
 -0.269029
 -0.53741
 0.0742159
 0.00791756
 0.123272
 -0.0106462
 -0.223112
 0.187454
 0.518273
 -0.197717
 -0.602199
 -1.14109
 0.836444
 -0.465776
 0.460791
 -0.198557
 0.616348
 -1.3116
 0.776789
 0.498706
 -0.00716296
 0.578758
 -0.282721
 0.327012
 0.782217
 0.0610717
 -1.03891
 -0.843887
 -0.464601
 -0.0272902
 -0.28162
 -1.40635
 0.331208
 -0.823084
 1.08048
 -1.02882
 0.0066485
 0.585965
 1.01
 -0.124516
 -0.130873
 -0.635012
 -0.475217
 0.670832
 -0.205951
 0.444123
 -0.827194
 0.649159
 0.620493
 -0.417163
 1.4548
 -0.505069
 -0.290888
 -0.78452
 0.403955
 -0.479768
 0.147634
 -0.696391
 -0.664391
 1.35124
 0.353443
 -0.0038987
 -0.0695189
 0.222835
 -1.09733
 0.00149529
 -0.181255
 0.294419
 -1.14963
 0.870675
 0.613159
 -0.299998
 -0.533489
 0.202115
 0.24935
 0.647434
 0.515349
 0.505421
 -1.37283
 -0.578023
 0.0517848
 -0.385616
 -0.888071
 1.32537
 -1.19064
 0.944054
 -0.515547
 0.237119
 -0.196732
 0.248464
 0.686751
 -0.409157
 -0.352295
 0.328545
 -0.044865
 -1.01948
 0.298459
 -0.216
 0.893859
 1.15315
 -1.39356
 -0.289781
 -0.0496484
 0.647522
 0.319595
 -0.890273
 1.16837
 -0.670421
 0.0887693
 -0.45292
 0.95312
 -0.702923
 1.17243
 -0.0519796
 0.879815
 -0.451262
 0.840139
 -0.511867
 0.43386
 -0.930518
 -0.394564
 -0.255876
 0.676009
 0.0850215
 -1.12463
 -0.318486
 1.41548
 -0.769234
 0.915414
 -0.855755
 0.720739
 0.240191
 -0.788723
 -0.00285866
 -0.653017
 -0.324771
 0.782057
 1.01073
 -0.123437
 -0.731933
 -0.499511
 0.109951
 0.332012
 -0.00127526
 -0.805631
 0.882379
 -0.152404
 0.571279
 -0.316863
 -0.768538
 -0.403116
 0.830807
 -0.295725
 0.468149
 0.681395
 0.619715
 -1.98518
 0.40327
 -0.23845
 -0.129707
 0.269088
 0.194045
 0.0636173
 -0.240652
 0.022171
 0.260134
 -0.464397
 0.665598
 1.08573
 -0.546903
 0.324184
 -0.34595
 -0.135007
 -0.0499509
 0.713241
 0.531904
 -0.415562
 -0.531338
 1.20792
 -1.4791
 0.164469
 -0.24086
 -0.154514
 -0.225935
 0.419808
 -0.0321338
 -0.289021
 -0.0932549
 -0.48352
 0.870444
 0.59778
 -0.805152
 0.663201
 -0.190884
 -0.482979
 -0.999534
 0.204413
 -0.175054
 0.702297
 0.0969293
 0.622181
 0.46228
 -0.462629
 -0.0590009
 0.304096
 -0.121769
 -0.412616
 0.069176
 -0.894398
 0.800389
 0.434419
 0.154831
 -0.272895
 -0.837707
 -0.230882
 0.782933
 0.993712
 0.0428583
 0.507487
 -1.06174
 0.427147
 -0.639441
 -0.754349
 0.0522754
 -0.697797
 -0.145296
 0.378426
 0.293108
 -0.946453
 -0.958198
 0.378815
 -0.363151
 0.463695
 1.6695
 0.160381
 0.336806
 -0.243319
 -0.190724
 -0.583331
 0.649547
 -0.0623961
 -1.24222
 0.262498
 -0.438413
 -0.58176
 0.564738
 -0.387778
 0.267582
 -0.347394
 -0.180847
 0.242048
 0.21634
 -0.79206
 0.882231
 0.129951
 0.164886
 -0.674385
 -0.513793
 1.27362
 -0.803497
 -0.464034
 0.614234
 -1.16393
 0.0771322
 -0.436113
 -0.409409
 1.0747
 -0.135056
 -0.292086
 0.191446
 0.698739
 -0.702296
 0.585816
 0.639756
 0.0880421
 0.594722
 0.0893723
 -0.00231882
 0.190643
 -0.966657
 -0.620225
 0.349362
 0.416094
 -0.227389
 -0.48875
 0.544562
 -0.0926908
 0.612612
 0.757773
 0.257421
 -0.612595
 0.27768
 -0.411426
 -0.351713
 1.05084
 0.0757183
 -0.187458
 -0.256842
 -0.320543
 0.457537
 -0.971265
 0.767396
 0.718572
 -1.04355
 -0.964789
 0.57992
 -0.608077
 0.0798916
 -0.309699
 0.0381453
 0.209111
 -0.378958
 -0.35853
 0.0126331
 -1.43936
 1.22769
 0.742722
 -0.765271
 0.307366
 0.0685695
 0.147869
 -0.366916
 0.227039
 -0.0638957
 0.632684
 0.194544
 1.21793
 -0.609502
 -0.141461
 -0.374939
 0.735576
 -0.872873
 0.416702
 -1.43916
 -0.436869
 0.0161424
 1.27095
 0.364504
 0.794294
 -0.0437526
 -0.305731
 -0.0107058
 0.755389
 -0.745777
 -1.5536
 0.629584
 -1.17614
 0.654197
 0.47707
 0.338766
 -0.907082
 0.558452
 -0.0874301
 -0.23967
 0.306455
 0.133005
 1.02757
 -0.15224
 1.06831
 0.119553
 0.620786
 -1.04473
 0.591638
 -0.38192
 -0.789815
 -0.0654304
 -0.136606
 -0.188333
 0.907425
 -0.481383
 -0.16779
 -0.605855
 -0.256974
 0.34756
 -1.38713
 0.455369
 0.268748
 0.622453
 -0.267226
 -0.203714
 0.526045
 -1.04876
 0.0937587
 0.0654035
 0.52521
 -0.689913
 0.0439703
 0.551765
 -0.1277
 -0.108043
 -0.3561
 0.487708
 0.199621
 0.179316
 0.346098
 -0.249026
 -0.230576
 -0.718259
 -0.164477
 -0.77311
 -0.980867
 0.431706
 -0.440558
 -0.0695639
 1.09834
 -0.712336
 0.256809
 0.147743
 -0.249302
 -0.113987
 0.0650744
 0.766722
 -0.882008
 -0.0427658
 0.541274
 0.132903
 -0.915065
 0.493954
 -0.292204
 0.302703
 -0.212643
 -0.409507
 -0.371429
 -0.0325508
 -0.869819
 -0.227033
 1.50686
 -1.47188
 0.869556
 -1.47467
 0.955142
 0.0978099
 0.170128
 -0.576584
 -0.571104
 -0.540618
 0.238773
 -0.153608
 1.44351
 0.480119
 -0.737129
 0.536379
 -1.02463
 0.193008
 0.500889
 0.0987089
 1.22977
 -0.473892
 -0.225111
 0.444155
 -0.272132
 -0.438716
 1.12533
 -0.595866
 0.867429
 -2.27551
 0.0837948
 0.878268
 -0.0376864
 -0.299358
 -0.235455
 1.04429
 0.252153
 -1.4308
 3.59053
 -0.727985
 0.076383
 -1.72617
 2.01655
 0.42444
 0.81114
 -0.145842
 0.910181
 0.16846
 0.480244
 0.242024
 2.14768
 0.00453161
 1.25411
 -1.37219
 0.279052
 -1.59083
 0.319452
 0.160067
 -1.34537
 -1.06251
 0.162601
 0.103737
 1.86159
 -2.03606
 -0.924752
 0.982828
 -0.674641
 -1.06014
 -0.00700891
 1.05667
 0.177257
 -0.765499
 -0.099391
 1.1224
 -0.174552
 0.48233
 -1.5734
 0.473357
 -1.23697
 1.13031
 -0.871985
 -1.11415
 0.198853
 -1.64035
 0.918613
 0.873
 0.436188
 -2.15901
 -0.0514418
 0.220194
 -1.69215
 2.76058
 -0.538983
 1.89292
 -1.82502
 -0.00318474
 0.880264
 -0.136619
 -1.54885
 0.157509
 -1.8848
 2.45311
 -0.544113
 -0.145173
 0.597957
 0.0251372
 0.0292882
 -0.941579
 0.89188
 -0.37543
 0.61386
 -0.961182
 -0.798244
 -0.459152
 -1.03983
 1.26952
 -3.33944
 1.33581
 -0.893747
 0.544078
 0.112087
 1.08341
 -1.08624
 -0.00350924
 -0.746966
 0.598874
 0.0594318
 0.494435
 -0.138331
 0.289157
 0.642364
 1.27645
 0.75534
 0.57732
 0.077207
 1.13298
 -0.152855
 -0.669624
 -0.330628
 1.85212
 -0.56695
 0.218915
 1.01575
 0.051575
 0.967513
 -0.202313
 -1.01766
 0.420424
 0.0325153
 0.726832
 -0.247654
 2.26574
 -0.870388
 0.399767
 0.438399
 -0.537567
 2.42091
 -1.18365
 1.24891
 -1.92833
 3.80771
 -0.399122
 -1.47852
 0.346182
 -0.499841
 2.19191
 -1.47148
 -1.83127
 0.434578
 -0.386708
 -1.24359
 0.673585
 -0.194778
 -0.642185
 -0.657443
 1.16432
 -3.64532
 0.746162
 -0.755497
 0.721498
 0.77118
 -0.457198
 0.798562
 -1.02026
 1.25151
 -1.37668
 0.7538
 -1.19839
 0.880003
 -0.246559
 0.339454
 -0.593614
 1.06477
 0.434782
 0.919154
 -1.25915
 1.08682
 -0.969371
 1.802
 0.415731
 1.15836
 0.551789
 -0.584498
 1.62532
 -0.66138
 1.98109
