 -0.0593763
 -0.135623
 0.138258
 0.0134348
 -0.201907
 -0.0376111
 -0.0876916
 0.129852
 -0.0336823
 -0.0528949
 -0.0302101
 0.0559399
 -0.199297
 -0.108814
 0.161498
 0.0274469
 -0.0283342
 -0.0157579
 0.00931953
 -0.126244
 -0.0570136
 0.00683524
 -0.150228
 0.0664588
 -0.0250416
 0.105656
 -0.00979875
 -0.00225647
 0.00233038
 -0.0320245
 -0.00936198
 0.0628992
 -0.0500236
 0.0837142
 -0.0747281
 0.0409396
 -0.072995
 -0.110646
 0.0576726
 0.0352165
 0.104729
 -0.0970016
 -0.0665155
 0.0663612
 -0.152045
 0.0970124
 -0.0432522
 0.0749679
 -0.101316
 0.0162356
 -0.0967132
 0.164729
 0.183085
 -0.05947
 -0.201461
 0.135104
 0.00514637
 -0.239268
 0.134628
 0.0512072
 0.0960977
 -0.0303599
 0.161984
 -0.130361
 -0.0754478
 0.00805662
 0.150094
 -0.019219
 0.0391292
 0.0578477
 0.069247
 -0.0216738
 0.0553603
 0.0298192
 -0.161877
 -0.00943254
 0.0527834
 -0.0487467
 -0.0989751
 0.161183
 -0.0420207
 0.108654
 -0.150023
 -0.060681
 -0.0823201
 0.123791
 0.00108454
 0.117226
 0.050611
 0.178753
 -0.0493282
 -0.0559635
 -0.00658655
 -0.0459068
 -0.121523
 0.077542
 0.0477722
 0.0363471
 0.0153865
 -0.113649
 -0.0414417
 0.0584406
 -0.0269145
 -0.0204366
 -0.013073
 -0.0209997
 0.0158045
 0.0547805
 0.0133033
 -0.0711558
 0.0276623
 0.178018
 0.120809
 0.110211
 0.0972354
 -0.200469
 -0.0694033
 0.106763
 0.242662
 -0.119498
 0.014427
 0.0293934
 -0.0191334
 -0.14384
 0.101979
 0.0746671
 -0.0467061
 0.059229
 0.0206833
 0.105607
 -0.0689909
 0.0438403
 -0.211898
 -0.156367
 -0.000452036
 0.0411346
 -0.0767611
 0.0549513
 -0.110741
 0.112642
 0.184944
 0.0286668
 -0.00670289
 0.00344543
 0.133762
 -0.0894395
 0.0364773
 0.134506
 -0.0451442
 0.0607455
 -0.00502567
 0.0882221
 0.0348273
 -0.0680387
 0.0581593
 -0.0835502
 -0.269808
 0.0362366
 0.085564
 -0.0059474
 0.0417952
 -0.0313612
 -0.0319241
 -0.00954662
 -0.127506
 -0.201188
 0.00974407
 -0.0621221
 -0.0733898
 0.0386574
 0.0234987
 -0.00288101
 -0.0520289
 -0.0364593
 0.165877
 0.0312652
 -0.229509
 0.069539
 -0.0836441
 -0.0861418
 -0.216896
 0.102702
 -0.131242
 0.0111457
 0.00428474
 -0.190364
 0.103397
 0.0230774
 0.0250395
 0.0550284
 -0.208735
 -0.025248
 -0.0928515
 -0.0847014
 -0.176502
 0.0894012
 -0.151579
 -0.0152696
 -0.0894426
 0.174949
 -0.0973598
 -0.0447876
 -0.0765654
 0.0198026
 -0.0890519
 -0.0565044
 -0.0133066
 0.0845757
 -0.106785
 0.118095
 0.122818
 0.227767
 0.172776
 -0.00569962
 0.0782347
 -0.0095178
 0.0930222
 0.162048
 -0.0662495
 0.0274285
 0.0338407
 -0.0202868
 -0.0154793
 0.212628
 -0.0332381
 -0.122145
 0.112447
 0.140148
 0.117866
 0.100894
 0.0835586
 0.0749228
 0.0568755
 0.272374
 0.0354011
 -0.169157
 -0.186818
 -0.0460757
 -0.153039
 -0.0770632
 -0.0704763
 -0.0676388
 -0.119997
 -0.006639
 0.0901165
 -0.0725129
 -0.039553
 -0.107218
 0.0382022
 -0.0191393
 -0.0773833
 -0.118221
 -0.0229459
 0.0403261
 -0.0415723
 -0.0407216
 0.0163089
 0.0525235
 0.0449904
 0.159952
 -0.159447
 -0.129963
 0.0772815
 0.0560096
 -0.0160942
 0.00121184
 -0.0265854
 -0.00878652
 -0.126021
 0.011138
 0.1102
 0.0511478
 0.0109626
 0.108918
 0.133063
 0.0899051
 -0.16142
 -0.0359019
 0.173621
 -0.0817471
 0.00281046
 -0.100468
 -0.0874967
 0.0504538
 0.0644784
 -0.111652
 -0.050747
 -0.0388053
 0.0148446
 -0.110047
 0.222795
 -0.152886
 0.159011
 -0.0529293
 -0.0659479
 -0.271944
 -0.0978867
 0.131629
 -0.191049
 0.065569
 -0.229833
 -0.0127592
 0.0719719
 -0.0337464
 0.0234947
 -0.12993
 -0.0293543
 0.0282734
 -0.230462
 0.0873302
 0.0411761
 0.0906038
 -0.0379913
 0.0763833
 0.0788576
 0.0331694
 0.153756
 -0.195127
 -0.0565541
 0.250282
 -0.136248
 -0.191616
 0.00391339
 -0.104008
 -0.00881718
 0.024052
 0.153614
 0.143797
 -0.0503415
 0.0285787
 -0.0226272
 0.101886
 -0.1397
 0.0675659
 0.161156
 0.212062
 -0.0939522
 0.247395
 -0.0828279
 0.0234396
 -0.102397
 -0.0998051
 0.0686931
 -0.0276296
 -0.00410476
 -0.11633
 -0.0720177
 -0.130492
 0.0532635
 -0.143675
 -0.086749
 0.00021263
 0.168081
 0.0330991
 -0.0751741
 -0.204716
 -0.0456433
 -0.20622
 0.0611434
 -0.104084
 -0.00593287
 0.019272
 0.0623887
 0.204111
 0.0999457
 -0.1251
 0.0453058
 -0.0640884
 -0.178399
 -0.0844815
 -0.0363898
 -0.0514267
 0.031634
 0.156665
 -0.0897232
 0.0470778
 0.0104987
 0.0319772
 0.0778584
 0.0854484
 0.0400451
 -0.0940493
 0.0716876
 -0.0777193
 -0.00844284
 -0.17665
 -0.0969649
 -0.0182403
 0.0510067
 -0.0569077
 0.052341
 0.0817121
 -0.0514196
 -0.0350645
 -0.018215
 -0.117879
 0.128622
 -0.199971
 0.0606136
 0.1233
 -0.0687262
 -0.0192618
 0.116072
 0.0236142
 -0.00265796
 -0.0722231
 0.137529
 0.00535745
 -0.01333
 -0.110419
 -0.0316624
 0.0640226
 -0.101371
 0.102808
 0.174563
 -0.271726
 0.0937413
 0.149693
 -0.00409492
 -0.000405135
 -0.229333
 0.144113
 0.127767
 -0.0985614
 -0.0720426
 0.129501
 -0.0365998
 0.0433971
 0.114655
 -0.0391
 0.0657995
 -0.0261941
 -0.0972358
 -0.0950084
 -0.0854636
 0.00531238
 -0.00793185
 0.0309288
 0.0778377
 0.256616
 0.13582
 -0.127143
 -0.061224
 -0.174537
 -0.0750958
 0.0948329
 -0.0167618
 -0.14394
 0.031729
 0.139759
 -0.0775011
 -0.127667
 0.0594452
 -0.00136317
 0.0743095
 0.0386572
 0.11885
 -0.0577153
 -0.178311
 -0.0309915
 0.123392
 0.00743432
 -0.0447332
 -0.0984369
 0.0718287
 0.11583
 0.0922654
 0.068324
 -0.0839454
 -0.0301978
 -0.198061
 0.029076
 0.106597
 0.0811367
 0.0342418
 0.0447606
 -0.0142995
 0.0269613
 0.0386609
 -0.0226478
 0.0840773
 -0.00773045
 0.0703262
 0.0412058
 0.00412999
 0.168383
 -0.129639
 0.075236
 -0.102721
 0.0449846
 -0.0367289
 0.0799354
 -0.0549419
 0.149899
 -0.104047
 0.0536068
 0.0294076
 0.0393936
 -0.0395346
 0.026427
 0.245288
 -0.177981
 -0.0857487
 -0.0631311
 -0.106413
 -0.0191106
 0.0805626
 0.0565628
 -0.0153012
 -0.0019959
 0.222941
 -0.0417567
 -0.105237
 -0.00322363
 0.0490434
 0.0602538
 0.143691
 0.128072
 0.011229
 -0.0353592
 0.0927499
 -0.0158839
 0.0342532
 -0.0425495
 -0.181519
 0.129879
 -0.296035
 0.0494493
 -0.0261243
 -0.0258662
 -0.156868
 -0.029596
 -0.0112156
 0.0471663
 -0.00319709
 -0.0596756
 0.154913
 -0.0971253
 -0.151976
 0.150327
 0.0257493
 -0.0693211
 -0.0564117
 -0.0966199
 0.0289018
 0.0677789
 -0.0576453
 -0.118708
 -0.174945
 0.0791748
 -0.0317061
 -0.033915
 -0.00878043
 -0.10876
 0.0733815
 0.00434429
 0.0897943
 0.0456804
 -0.0138889
 -0.102266
 -0.165724
 -0.00323375
 -0.11728
 0.0938882
 0.00763246
 0.0136927
 0.0506965
 -0.241518
 -0.0746385
 -0.0393323
 0.0554071
 0.0320673
 0.0368592
 -0.00566792
 0.169981
 0.0271241
 -0.00949479
 -0.111758
 -0.00758669
 -0.0357841
 0.0502143
 -0.0245722
 0.0369263
 -0.143524
 -0.11356
 -0.000352486
 -0.0616344
 0.080506
 0.0116241
 -0.0159094
 0.15157
 -0.0392459
 0.0670134
 -0.137533
 0.0541175
 -0.126233
 0.0650971
 0.0173102
 -0.122158
 -0.0648763
 0.115069
 -0.0951267
 -0.0807116
 0.0497913
 0.00856964
 -0.00629495
 -0.0626636
 -0.0676794
 -0.195418
 0.00208283
 -0.0546756
 0.0318968
 0.0925455
 0.0836749
 -0.0222031
 -0.168979
 -0.267806
 -0.0308795
 0.0797237
 0.000179125
 0.071086
 -0.0926943
 0.197397
 -0.0609237
 -0.0999263
 -0.0368451
 -0.219402
 0.0228576
 0.147072
 0.0763292
 0.0124935
 -0.177918
 0.123462
 -0.0257184
 -0.197509
 0.0840003
 -0.0459962
 0.0484694
 -0.0380936
 0.12214
 -0.0970071
 0.0456529
 0.075013
 -0.138672
 -0.106457
 -0.120372
 -0.102925
 0.0953734
 -0.129219
 0.0734046
 -0.0455069
 0.0367079
 -0.00617148
 -0.188679
 -0.124359
 -0.169053
 -0.0558477
 -0.165688
 -0.188607
 -0.0243983
 -0.0443103
 0.0106806
 -0.102682
 0.0381451
 -0.165539
 -0.1214
 -0.0491889
 -0.0507569
 -0.148194
 -0.0205318
 -0.0664114
 -0.0401731
 0.178323
 -0.0616034
 -0.0125662
