 -0.0593763
 0.195856
 0.204413
 -0.022676
 -0.19402
 0.0329513
 -0.0790769
 0.107611
 -0.127165
 0.00186307
 0.0531551
 0.128408
 -0.281071
 0.0275413
 0.285642
 -0.00617847
 0.0042101
 0.0524596
 0.0737609
 -0.159691
 0.0340657
 0.0863348
 -0.205367
 0.0822704
 -0.134969
 0.108632
 0.000971071
 -0.0617662
 0.00226444
 -0.0894969
 -0.0361735
 0.0179767
 -0.149591
 0.0530078
 -0.0886646
 0.0457519
 -0.069761
 -0.0801806
 0.0499663
 0.0125043
 0.0124986
 -0.164815
 -0.0342597
 0.0505333
 -0.240606
 0.124273
 -0.13712
 0.0684187
 -0.198059
 0.0247883
 -0.0869795
 0.238329
 0.114166
 -0.0578496
 -0.222006
 0.164823
 -0.11001
 -0.319305
 0.299014
 -0.0318301
 0.00773363
 -0.101555
 0.159151
 -0.17828
 0.00746288
 0.0687526
 0.212587
 -0.0057838
 0.0650097
 0.0212792
 0.00325077
 -0.102282
 0.0807336
 0.22658
 -0.0890999
 0.299903
 0.0589133
 0.12371
 -0.0270346
 0.136331
 -0.154276
 0.110113
 -0.230293
 -0.0234248
 -0.1156
 0.136923
 -0.129884
 0.123166
 -0.0813153
 0.116253
 -0.109857
 -0.0755417
 0.0706294
 0.0420722
 -0.0502532
 0.115884
 0.0278935
 -0.0237772
 -0.00471314
 -0.152354
 -0.0520607
 0.0768393
 -0.0226243
 0.0378254
 0.0288404
 0.0548996
 -0.00472286
 0.0172161
 -0.0748252
 -0.0685285
 0.0188432
 0.105688
 0.0317881
 0.0320653
 -0.0128289
 -0.309097
 0.00654666
 0.174385
 0.242893
 -0.152553
 0.0777224
 -0.0101446
 -0.0750528
 -0.150772
 0.169876
 0.0171237
 -0.0691456
 0.0402811
 -0.072024
 0.0451242
 -0.191057
 0.0147833
 -0.218824
 -0.0504126
 0.0334991
 0.0266688
 -0.0881578
 0.0435161
 -0.185759
 0.0864875
 0.0905318
 0.0158635
 -0.0408476
 -0.0277563
 0.0634599
 -0.184946
 0.131351
 0.0508565
 -0.0659766
 0.065158
 -0.0400289
 0.0256433
 0.0260947
 -0.151034
 0.148323
 -0.0820092
 -0.1899
 0.209269
 0.022335
 -0.00370746
 0.0600319
 -0.0110538
 -0.0168446
 -0.0230262
 -0.0887943
 -0.0601624
 0.0957757
 -0.128263
 0.0253016
 0.0488145
 0.0660335
 -0.049341
 -0.025577
 0.0659965
 0.170958
 -0.0659041
 -0.289401
 0.113224
 -0.166038
 0.0144898
 -0.0911576
 0.228171
 -0.224667
 0.0408838
 -0.00242219
 -0.17039
 0.140548
 -0.0181331
 0.00296428
 0.0935839
 -0.206196
 0.0605918
 -0.143712
 -0.0282585
 -0.167501
 0.195409
 -0.155012
 0.120482
 -0.115344
 0.196615
 -0.236958
 -0.0566095
 -0.0926407
 0.0522647
 -0.0916168
 -0.026251
 -0.000544216
 0.122623
 -0.197632
 0.175897
 0.13455
 0.223461
 0.107043
 -0.0641873
 0.101464
 -0.0519547
 0.147318
 0.195438
 -0.087891
 0.0390276
 0.0940154
 -0.0617399
 -0.0138797
 0.201084
 -0.18078
 -0.172282
 0.159379
 0.0646631
 0.00320393
 0.00256366
 -0.0408527
 -0.00889609
 0.0618269
 0.190766
 -0.104311
 -0.186088
 -0.102692
 0.031281
 -0.174807
 -0.0794586
 -0.0680392
 -0.0606795
 -0.0544753
 0.134322
 0.126035
 -0.11202
 0.0479748
 -0.0355483
 0.095988
 -0.0143921
 -0.13301
 -0.0789266
 0.0864
 0.11499
 -0.0155722
 -0.0432243
 -0.0228868
 0.0271708
 0.0821451
 0.20041
 -0.164744
 -0.0414339
 0.185615
 0.0183053
 -0.0851062
 -0.0207178
 -0.0586917
 -0.0498084
 -0.192795
 0.0726327
 0.129462
 0.211456
 0.0215934
 0.151735
 0.00840948
 0.0163003
 -0.182028
 0.11559
 0.243193
 -0.145138
 0.00442253
 -0.0823353
 0.023969
 0.0501259
 0.00461767
 -0.183524
 -0.0532699
 -0.0547372
 -0.0341369
 -0.15537
 0.232024
 -0.32635
 0.185424
 -0.15145
 -0.118449
 -0.25223
 0.0680727
 0.239819
 -0.274449
 0.09544
 -0.212537
 0.104985
 0.0250788
 -0.0517427
 0.00318338
 -0.172697
 0.00333203
 -0.00600379
 -0.286513
 0.184686
 -0.0590306
 0.0115033
 -0.0560806
 0.0424981
 0.0299474
 0.0422758
 0.182654
 -0.212696
 0.112466
 0.329776
 -0.193924
 -0.10639
 0.0590933
 -0.134722
 0.0803981
 0.0486737
 0.0930829
 0.0632143
 -0.154243
 0.0784416
 0.0255481
 0.194577
 -0.166857
 0.195472
 0.156563
 0.0879397
 -0.158413
 0.369529
 -0.179985
 0.094125
 -0.142711
 0.000882144
 0.0622188
 -0.0707368
 0.0924065
 -0.103674
 -0.0529962
 -0.116406
 0.0616054
 -0.215966
 -0.0733076
 -0.0182075
 0.134472
 -0.0977954
 -0.144196
 -0.162883
 0.164091
 -0.261546
 0.177713
 -0.198999
 0.0214298
 0.00232446
 0.0648924
 0.132375
 -0.0278693
 -0.222093
 0.141284
 -0.0809103
 -0.152664
 0.0802911
 0.0352768
 -0.0148222
 0.123329
 0.157314
 -0.114703
 0.0696493
 -0.0243486
 -0.0558972
 0.050493
 0.0583697
 0.0669947
 -0.0377357
 0.166404
 -0.0962762
 0.101461
 -0.0966327
 -0.0199091
 0.0366109
 0.062025
 -0.15283
 0.0361442
 0.0758423
 -0.161131
 -0.0258178
 -0.0144726
 -0.157718
 0.181874
 -0.293776
 0.227562
 0.126584
 -0.175963
 -0.0643776
 -0.15052
 -0.0434392
 -0.105797
 -0.0188058
 0.189433
 -0.047762
 0.0183973
 -0.110443
 0.0978356
 0.139519
 -0.0994844
 0.146178
 0.0733031
 -0.34407
 0.211784
 0.0553877
 -0.15822
 -0.00876977
 -0.2619
 0.212468
 0.0730414
 -0.210243
 -0.0768337
 0.0941857
 -0.115394
 0.00693074
 0.0275443
 -0.117814
 0.0673362
 -0.0844118
 -0.148647
 -0.0629724
 -0.0236624
 0.0810837
 0.0489456
 0.0784709
 0.0883386
 0.186477
 -0.00870418
 -0.126473
 0.233587
 -0.0977964
 0.0838087
 0.118363
 -0.100825
 -0.199954
 0.0475029
 0.0852875
 -0.201292
 -0.147562
 0.0557931
 -0.00910818
 0.0281161
 -0.0612615
 0.0758038
 -0.104612
 -0.215278
 0.0530825
 0.089756
 -0.0715449
 -0.071864
 -0.115
 0.0716636
 0.0695696
 0.131952
 0.0754629
 -0.120929
 0.0449646
 -0.183979
 0.218848
 0.0341538
 -0.0324954
 -0.0479326
 0.000183984
 -0.00614713
 0.113864
 0.0211477
 -0.092886
 0.0674254
 -0.00574044
 0.0321331
 0.0353378
 -0.0742419
 0.11103
 -0.23892
 0.124309
 -0.0761902
 0.180036
 -0.0399486
 0.164121
 -0.0364137
 0.166111
 -0.111093
 0.146913
 0.0551566
 0.0092503
 -0.0962005
 0.0377714
 0.236006
 0.10965
 0.74477
 0.0164264
 0.0946773
 2.05171
 -1.05891
 0.237215
 0.00117894
 1.97455
 0.527234
 0.62087
 0.247171
 0.920001
 0.38827
 0.7587
 0.82648
 1.08175
 -0.50934
 -0.10659
 -1.24725
 -0.223859
 -1.05756
 0.0938048
 -0.80387
 -0.808907
 -0.396454
 0.603755
 0.0928892
 0.102727
 -1.92193
 0.0973629
 0.230072
 -0.70728
 -0.193601
 0.434217
 0.57538
 -0.488583
 -0.422943
 0.534687
 0.291954
 -0.590644
 -0.350759
 -1.11599
 0.208468
 -0.707989
 0.205778
 -1.23269
 -0.651304
 0.0823121
 -0.624631
 0.843431
 -0.115955
 -0.763939
 -1.15916
 0.495607
 0.126277
 -0.0535743
 1.83601
 -0.665168
 0.383779
 -1.26141
 0.330546
 0.0473437
 -0.877928
 -0.855107
 0.224461
 -0.636988
 1.56311
 -0.802017
 0.244461
 0.219239
 -0.240563
 -0.274256
 -0.213087
 0.317514
 -0.549746
 -0.333088
 -1.10168
 -0.645363
 -0.48893
 -0.624431
 0.089843
 -1.91232
 1.20878
 -0.467973
 0.499968
 0.122138
 0.0579256
 -0.776124
 0.452052
 -0.0447846
 0.83196
 0.142593
 0.720498
 0.316285
 1.07911
 1.16298
 1.1016
 0.517518
 0.50274
 0.0802655
 0.411716
 -0.218403
 0.0545786
 0.665528
 1.00115
 -0.316067
 0.523024
 0.694554
 -0.0354522
 0.342069
 -0.281903
 0.0213992
 0.773727
 0.370424
 0.660214
 0.550988
 1.21028
 -0.568547
 0.785763
 0.317652
 0.569023
 1.08821
 -0.772951
 0.785864
 -0.468619
 2.01104
 -1.32068
 -0.621638
 0.407552
 -0.359084
 0.515917
 -2.05465
 -1.02319
 0.191943
 -0.873618
 -0.519299
 0.161701
 -0.543562
 -0.709349
 -0.310198
 -0.178048
 -2.16673
 1.15022
 -0.255704
 0.640488
 0.212052
 -0.463191
 0.357117
 -0.547448
 0.520644
 -0.76543
 0.360453
 -0.367223
 0.682069
 -0.0020382
 0.360203
 0.170781
 1.05033
 0.206412
 0.268945
 -0.354728
 1.20859
 0.0753343
 1.90757
 0.570517
 1.00345
 0.20337
 0.327842
 1.07281
 -0.00117551
 1.28828
