 0
 0
 0.00616216
 0.2643
 -0.0559821
 -0.476374
 -0.347223
 -0.87168
 -0.237555
 0.465894
 0.609279
 0.48119
 -0.50756
 1.46249
 1.54202
 0.937893
 0.812594
 0.748466
 0.511547
 -0.524875
 -0.340436
 -2.04558
 -0.979644
 -1.01862
 -0.988142
 -0.00690304
 0.419387
 -1.0951
 -0.21126
 -0.946008
 -0.788635
 -0.926933
 -1.09196
 -0.557959
 0.174924
 -0.372017
 0.132422
 -0.400491
 -1.02999
 -0.155724
 -1.02506
 -0.290639
 -0.456669
 -0.960332
 -0.927854
 -0.688322
 -0.657643
 -0.525591
 -0.874178
 -0.4387
 0.126711
 0.0183197
 -0.789353
 -2.14981
 -1.02928
 -1.22533
 -0.796607
 -0.948058
 0.093883
 -1.80639
 -0.82994
 -0.259404
 -0.152046
 0.307934
 0.181831
 0.49698
 1.24537
 1.05676
 -0.115355
 -0.994037
 -1.35925
 -1.32142
 -1.32332
 -2.44672
 -1.92991
 -2.51055
 -1.36019
 -2.36698
 -2.09341
 -1.32665
 -0.374917
 -0.367361
 -0.636056
 -1.0066
 -1.36848
 -0.463805
 -0.873693
 -0.196799
 -1.16373
 -0.35455
 0.20786
 -0.237888
 1.5449
 0.958348
 0.638512
 -0.260472
 0.108952
 -0.515103
 -0.27085
 -0.937614
 -1.40383
 0.0790748
 0.391106
 0.463086
 0.400959
 0.623873
 -0.60491
 -0.59081
 -0.847579
 -0.356736
 -1.66436
 -0.682126
 -0.0921075
 -0.493061
 -1.04106
 -0.783578
 -0.171661
 0.472641
 0.788449
 1.04263
 -0.306594
 -0.942448
 -0.865493
 -1.1023
 -1.9273
 -0.625781
 -2.0472
 -0.839276
 -1.31784
 -0.945021
 -1.17964
 -0.68703
 0.0588122
 -0.222738
 -0.619602
 -0.242652
 -0.281927
 -1.3076
 -0.966421
 -1.04341
 -0.185445
 1.00653
 -0.571087
 -0.854688
 -0.912987
 -0.259404
 0.323173
 -0.762783
 0.435382
 -0.314818
 -0.236861
 -0.748206
 0.237686
 -0.612211
 0.809257
 0.612164
 1.65998
 1.27723
 1.94649
 1.29699
 1.66697
 0.497605
 0.028595
 -0.284507
 0.427794
 0.645964
 -0.495021
 -0.951783
 0.763225
 -0.212639
 0.696557
 -0.368647
 0.408734
 0.693391
 -0.302583
 -0.454156
 -1.01364
 -1.06776
 -0.341736
 0.899043
 0.789223
 -0.0115493
 -0.791647
 -0.422107
 -0.0590134
 -0.00704099
 -0.710719
 0.0862338
 -0.0686401
 0.515681
 0.0768299
 -0.555149
 -1.03078
 0.0151289
 -0.342376
 0.318876
 0.784615
 1.57457
 -1.06504
 -0.435409
 -0.912278
 -0.853977
 -0.454385
 -0.107159
 -0.0457467
 -0.248696
 -0.176423
 0.171362
 -0.540683
 0.321461
 1.3726
 0.662881
 0.735097
 0.257704
 0.210596
 0.0734065
 0.829797
 1.20039
 0.596882
 0.00258364
 1.35015
 -0.422039
 -0.138953
 -0.424026
 -0.815779
 -0.918557
 -0.240165
 -0.42384
 -0.829946
 -0.935749
 -1.34869
 -0.371302
 0.290729
 -0.655308
 -0.103025
 -0.212128
 -0.570927
 -1.56705
 -1.31426
 -1.28714
 -0.413339
 -0.218394
 0.467013
 0.966744
 0.318615
 0.157262
 0.583855
 0.46939
 0.00459022
 0.0423235
 -0.882117
 0.0939207
 0.605504
 0.684576
 0.317022
 -0.569246
 -0.823701
 0.0205618
 1.0618
 0.972075
 1.2563
 0.138163
 0.598318
 -0.342262
 -1.08266
 -0.916294
 -1.53407
 -1.49257
 -0.975559
 -0.377921
 -1.40279
 -2.38608
 -1.89527
 -2.04117
 -1.59897
 0.198728
 0.383924
 0.876253
 0.550168
 0.122645
 -0.453851
 0.230422
 0.332102
 -1.1188
 -0.818881
 -1.18638
 -1.50109
 -0.728541
 -1.06888
 -0.68229
 -0.907941
 -1.27449
 -0.642005
 -0.525694
 -1.1774
 -0.109287
 0.333276
 0.487845
 -0.517307
 -0.827241
 0.456358
 -0.265182
 -0.877207
 -0.176726
 -1.48809
 -1.32735
 -1.44673
 -1.70697
 -0.535701
 -0.408347
 -0.928865
 -0.638279
 0.122126
 -0.624118
 -0.0184854
 0.593423
 0.64364
 1.03238
 1.25081
 1.05627
 0.884939
 -0.0517324
 -0.649825
 -0.285333
 0.319858
 -3.08764e-05
 -0.641936
 -0.110824
 -0.290716
 0.469748
 1.16832
 1.33961
 0.438011
 0.845492
 0.185818
 -0.434954
 0.577808
 0.811375
 0.275707
 0.196877
 -0.31085
 0.348212
 -0.696996
 0.0506249
 0.865089
 -0.344954
 -1.25485
 -0.487955
 -0.978542
 -0.939349
 -1.04424
 -0.939671
 -0.641463
 -1.11751
 -1.29248
 -1.06249
 -2.28887
 -1.03699
 0.0406048
 -0.923993
 -0.335094
 -0.253748
 -0.0399507
 -0.571222
 -0.402174
 -0.468508
 0.403404
 0.453414
 1.9293
 1.3791
 1.05705
 0.617733
 1.40409
 0.204436
 0.492589
 -1.11329
 -1.45146
 -1.3761
 0.0152205
 0.34797
 1.11591
 0.974951
 0.708031
 0.534647
 1.43576
 0.501013
 -1.31771
 -0.496675
 -1.93401
 -1.16415
 -0.44151
 -0.0445157
 -1.067
 -0.26074
 -0.32659
 -0.630847
 -0.097283
 -0.118717
 1.31598
 0.882228
 1.9257
 2.02051
 2.51555
 1.38499
 1.94074
 1.51491
 0.597113
 0.373054
 0.326469
 0.0969396
 1.1861
 0.5985
 0.326716
 -0.309327
 -0.778227
 -0.366567
 -1.72748
 -1.34502
 -1.08636
 -0.220647
 -0.552704
 -0.565778
 -0.145296
 -1.38974
 -1.06307
 -0.930904
 -0.38164
 -0.956205
 -0.928895
 -0.312392
 -0.34386
 -0.54184
 -0.878954
 -0.170798
 0.158889
 0.406867
 0.670072
 0.401651
 0.0880353
 -0.747125
 -1.05925
 -1.75378
 -2.45736
 -1.92016
 -2.04839
 -1.9137
 -0.768
 -1.34727
 -0.826373
 -0.679787
 -1.02888
 -0.970593
 -0.767306
 0.0289399
 -0.867518
 -0.962366
 -0.277876
 -0.145383
 -0.996371
 -0.197778
 -0.632583
 -0.330005
 -0.52265
 -0.886716
 -1.11201
 -1.14788
 -2.10068
 -2.1609
 -0.576243
 -2.09838
 -0.992447
 -2.26027
 -1.25592
 -1.16581
 -0.912387
 -1.33153
 -1.74994
 -2.13757
 -1.76951
 -1.74009
 -0.120798
 0.343341
 -0.508181
 0.0887814
 -1.04505
 -0.733471
 -0.265218
 0.100745
 1.38778
 0.978278
 0.568999
 1.01451
 0.608669
 0.100068
 1.18826
 0.645674
 1.43203
 -1.27144
 -1.14863
 -0.102228
 -0.150276
 -0.744215
 -1.10492
 -0.687237
 -0.329242
 -2.05413
 -0.103627
 0.0403209
 -0.0332753
 -1.93461
 -1.53692
 -1.47039
 -1.05626
 -1.38172
 -1.1489
 -1.30997
 -1.43894
 -1.81361
 -0.544563
 -0.0557766
 1.51017
 1.13422
 1.4968
 0.6857
 0.795364
 1.66505
 0.876232
 -0.0107433
 -0.397193
 -0.381574
 1.70387
 1.2999
 -0.0102731
 0.784085
 0.786578
 -0.21873
 -0.675344
 -0.129189
 0.576298
 0.0659874
 -0.612248
 0.273056
 0.696423
 1.50724
 0.777092
 0.957078
 0.192501
 1.22422
 1.48074
 0.759358
 0.825248
 -0.489215
 -0.34901
 0.636438
 1.80556
 0.420745
 -0.153154
 0.0505311
 -1.86398
 -0.615984
 -0.6467
 1.21395
 0.423591
 0.0791167
 0.945868
 1.57023
 0.590478
 0.535289
 -1.23727
 -0.0445481
 0.0974894
 -0.332446
 0.106065
 0.426313
 0.750013
 -0.16004
 0.433573
 0.603162
 1.55152
 1.54154
 1.21592
 1.14771
 0.472691
 1.82376
 -0.105213
 0.0469538
 -0.485862
 -0.347367
 -0.335933
 0.779597
 0.262869
 -0.162506
 -0.884337
 -0.945972
 -1.03046
 -1.11141
 -1.44265
 -1.91774
 -2.07027
 -1.51568
 -1.0681
 -0.841012
 -0.860535
 -0.0674885
 0.012131
 -0.738784
 -1.57272
 -0.551798
 -0.840854
 -1.10462
 -0.663688
 -0.58511
 0.0946777
 0.205327
 -0.886028
 -1.10956
 -1.39135
 -1.1082
 -1.72459
 -0.42208
 -0.76401
 -1.04106
 -0.777402
 -1.78841
 -0.158438
 -0.702119
 -0.112786
 -1.81873
 0.315297
 1.12107
 0.0645913
 0.0664575
 -0.240809
 1.74526
 2.00803
 0.776511
 0.887642
 1.30565
 0.311007
 0.781651
 1.09169
 1.09308
 0.615614
 2.07073
 0.169544
 -0.208295
 -0.766516
 -0.570236
 0.054769
 -0.0549884
 0.421041
 -0.218381
 0.618967
 -0.151641
 0.278326
 -0.677728
 -0.387812
 -0.710621
 -0.616449
 -1.32639
 -1.08587
 -0.759783
 -0.0166349
 -1.14451
 -0.98931
 -2.14349
 -1.77037
 -1.68711
 -1.25787
 -0.742121
 -1.58383
 -0.873401
 -1.49847
