 0.0593763
 -0.195856
 -0.198251
 0.286976
 0.138038
 -0.509326
 -0.268146
 -0.979291
 -0.11039
 0.464031
 0.556124
 0.352781
 -0.226489
 1.43495
 1.25638
 0.944071
 0.808384
 0.696007
 0.437786
 -0.365184
 -0.374502
 -2.13191
 -0.774277
 -1.10089
 -0.853173
 -0.115535
 0.418416
 -1.03333
 -0.213524
 -0.856511
 -0.752461
 -0.944909
 -0.942372
 -0.610967
 0.263588
 -0.417769
 0.202183
 -0.32031
 -1.07996
 -0.168228
 -1.03756
 -0.125824
 -0.422409
 -1.01087
 -0.687248
 -0.812594
 -0.520523
 -0.59401
 -0.676119
 -0.463488
 0.213691
 -0.22001
 -0.903519
 -2.09196
 -0.807272
 -1.39016
 -0.686597
 -0.628753
 -0.205131
 -1.77456
 -0.837674
 -0.157848
 -0.311197
 0.486214
 0.174368
 0.428228
 1.03279
 1.06254
 -0.180365
 -1.01532
 -1.3625
 -1.21914
 -1.40406
 -2.6733
 -1.84081
 -2.81046
 -1.4191
 -2.49069
 -2.06637
 -1.46298
 -0.220641
 -0.477474
 -0.405763
 -0.983178
 -1.25288
 -0.600728
 -0.743809
 -0.319965
 -1.08241
 -0.470803
 0.317717
 -0.162346
 1.47428
 0.916276
 0.688765
 -0.376356
 0.0810587
 -0.491325
 -0.266136
 -0.78526
 -1.35177
 0.00223552
 0.41373
 0.42526
 0.372119
 0.568974
 -0.600187
 -0.608026
 -0.772754
 -0.288208
 -1.6832
 -0.787814
 -0.123896
 -0.525126
 -1.02823
 -0.474482
 -0.178208
 0.298256
 0.545556
 1.19518
 -0.384316
 -0.932303
 -0.79044
 -0.951526
 -2.09717
 -0.642904
 -1.97806
 -0.879557
 -1.24582
 -0.990145
 -0.988585
 -0.701813
 0.277636
 -0.172325
 -0.653101
 -0.26932
 -0.19377
 -1.35112
 -0.780662
 -1.12989
 -0.275977
 0.990667
 -0.530239
 -0.826932
 -0.976446
 -0.0744577
 0.191822
 -0.813639
 0.501358
 -0.379976
 -0.196832
 -0.77385
 0.211592
 -0.461177
 0.660934
 0.694173
 1.84988
 1.06796
 1.92416
 1.3007
 1.60694
 0.508658
 0.0454396
 -0.261481
 0.516588
 0.706127
 -0.590797
 -0.82352
 0.737923
 -0.261454
 0.630524
 -0.319306
 0.434311
 0.627394
 -0.473542
 -0.388252
 -0.724238
 -1.18098
 -0.175698
 0.884553
 0.88038
 -0.23972
 -0.56698
 -0.462991
 -0.0565912
 0.163349
 -0.851268
 0.104367
 -0.0716044
 0.422097
 0.283026
 -0.615741
 -0.887064
 0.0433875
 -0.174875
 0.123467
 0.939628
 1.45409
 -0.949697
 -0.632024
 -0.67532
 -0.797368
 -0.361744
 -0.159424
 0.0458701
 -0.222445
 -0.175879
 0.0487395
 -0.343051
 0.145565
 1.23805
 0.43942
 0.628054
 0.321891
 0.109131
 0.125361
 0.682479
 1.00495
 0.684773
 -0.036444
 1.25614
 -0.360299
 -0.125073
 -0.625111
 -0.634999
 -0.746276
 -0.399544
 -0.488503
 -0.83315
 -0.938313
 -1.30784
 -0.362406
 0.228902
 -0.846073
 0.00128594
 -0.0260398
 -0.468235
 -1.59833
 -1.13946
 -1.20768
 -0.3453
 -0.157715
 0.521489
 0.832422
 0.19258
 0.269283
 0.53588
 0.504939
 -0.0913978
 0.0567156
 -0.749107
 0.172847
 0.519104
 0.569586
 0.332594
 -0.526022
 -0.800814
 -0.00660903
 0.979658
 0.771665
 1.42104
 0.179596
 0.412703
 -0.360568
 -0.997551
 -0.895576
 -1.47538
 -1.44276
 -0.782764
 -0.450554
 -1.53225
 -2.59754
 -1.91686
 -2.1929
 -1.60738
 0.182428
 0.565952
 0.760663
 0.306975
 0.267783
 -0.458274
 0.312758
 0.308134
 -1.16892
 -0.823498
 -1.00285
 -1.44782
 -0.673803
 -1.03474
 -0.52692
 -1.13996
 -0.948141
 -0.827428
 -0.374245
 -1.05896
 0.142943
 0.265204
 0.248026
 -0.242858
 -0.922681
 0.668895
 -0.370167
 -0.902286
 -0.124983
 -1.49127
 -1.15465
 -1.45006
 -1.70096
 -0.249188
 -0.593032
 -0.869835
 -0.649782
 0.178206
 -0.666616
 -0.0484328
 0.551148
 0.460987
 1.24508
 1.13835
 0.726496
 1.07886
 0.0546575
 -0.708918
 -0.15061
 0.23946
 -0.0487045
 -0.735019
 -0.174038
 -0.136473
 0.391307
 1.14278
 1.14503
 0.604868
 0.65002
 0.0292557
 -0.522893
 0.736221
 0.441846
 0.455691
 0.102752
 -0.168138
 0.34733
 -0.759215
 0.121362
 0.772682
 -0.24128
 -1.20185
 -0.371549
 -1.04015
 -0.723383
 -0.970936
 -0.921463
 -0.775935
 -1.01971
 -1.14828
 -0.899611
 -2.45297
 -0.775443
 -0.137108
 -0.724994
 -0.356524
 -0.256072
 -0.104843
 -0.703597
 -0.374305
 -0.246415
 0.26212
 0.534324
 2.08197
 1.29881
 1.02177
 0.632556
 1.28076
 0.0471213
 0.607292
 -1.18294
 -1.42711
 -1.32021
 -0.0352725
 0.2896
 1.04892
 1.01269
 0.541627
 0.630923
 1.3343
 0.597646
 -1.2978
 -0.533286
 -1.99603
 -1.01132
 -0.477654
 -0.120358
 -0.90587
 -0.234922
 -0.312118
 -0.473129
 -0.279157
 0.175059
 1.08842
 0.755643
 2.10166
 2.08489
 2.66607
 1.42843
 2.04653
 1.53372
 0.40768
 0.420816
 0.308072
 0.207382
 1.08826
 0.458981
 0.426201
 -0.455504
 -0.85153
 -0.0224968
 -1.93927
 -1.4004
 -0.928143
 -0.211877
 -0.290805
 -0.778246
 -0.218337
 -1.1795
 -0.98624
 -1.02509
 -0.266246
 -0.963135
 -0.956439
 -0.194578
 -0.411196
 -0.457428
 -0.730307
 -0.107826
 0.182551
 0.325784
 0.621126
 0.32318
 -0.000303353
 -0.933602
 -1.05055
 -1.6273
 -2.69095
 -1.82236
 -2.1322
 -2.03206
 -0.667175
 -1.14731
 -0.873876
 -0.765074
 -0.82759
 -0.823031
 -0.823099
 0.0380481
 -0.895634
 -0.901105
 -0.35368
 -0.0407708
 -0.781093
 -0.25086
 -0.722339
 -0.25846
 -0.450786
 -0.771716
 -1.18367
 -1.21745
 -2.23263
 -2.23636
 -0.455315
 -2.14334
 -0.808468
 -2.47911
 -1.29007
 -1.13332
 -0.864455
 -1.33172
 -1.74379
 -2.25143
 -1.79066
 -1.6472
 -0.188224
 0.349081
 -0.540314
 0.0534436
 -0.970808
 -0.844501
 -0.0262976
 -0.0235645
 1.46397
 0.798242
 0.608948
 0.850389
 0.645083
 -0.0660425
 1.29935
 0.498761
 1.37687
 -1.28069
 -1.05243
 -0.139999
 -0.386282
 -0.853866
 -1.84969
 -0.703663
 -0.423919
 -4.10584
 0.955281
 -0.196894
 -0.0344542
 -3.90916
 -2.06416
 -2.09126
 -1.30343
 -2.30172
 -1.53717
 -2.06867
 -2.26542
 -2.89536
 -0.0352226
 0.0508131
 2.75742
 1.35808
 2.55436
 0.591895
 1.59923
 2.47396
 1.27269
 -0.614498
 -0.490082
 -0.484301
 3.6258
 1.20254
 -0.240345
 1.49136
 0.980179
 -0.652947
 -1.25072
 0.359394
 0.99924
 -0.4687
 -0.904202
 0.8637
 1.04718
 2.62323
 0.568624
 1.66507
 -0.0132768
 2.45691
 2.13204
 0.677046
 1.44988
 -1.33265
 -0.233055
 1.40038
 2.96473
 -0.0748627
 -0.279432
 0.104105
 -3.69999
 0.0491841
 -1.03048
 2.47536
 0.0930455
 0.031773
 1.8238
 2.42534
 0.366017
 1.17228
 -2.80038
 0.757469
 -0.146972
 -0.551685
 0.346628
 0.700569
 0.9631
 -0.477554
 0.983319
 0.93625
 2.6532
 2.1869
 1.70485
 1.77214
 0.382848
 3.73608
 -1.31399
 0.514927
 -0.98583
 -0.469505
 -0.393859
 1.55572
 -0.189182
 -0.117721
 -1.7163
 -1.08857
 -1.75096
 -1.4277
 -2.52176
 -3.08072
 -3.17187
 -2.0332
 -1.57084
 -0.921277
 -1.27225
 0.150915
 -0.0424476
 -1.40431
 -2.57387
 -0.235731
 -1.36388
 -1.79917
 -0.628236
 -0.927179
 0.376581
 0.183928
 -1.65976
 -1.47999
 -2.05157
 -1.65919
 -2.93487
 0.146467
 -1.54977
 -1.35871
 -1.34643
 -2.87661
 0.614513
 -1.48798
 0.355833
 -3.82978
 1.63597
 1.7427
 -0.34296
 0.425541
 -0.756726
 3.79991
 3.03122
 0.584568
 1.76126
 1.82495
 0.149306
 1.32521
 1.80104
 1.40328
 0.793662
 4.23746
 -0.980677
 0.047409
 -1.407
 -0.782288
 0.51796
 -0.412105
 0.968489
 -0.739025
 1.3844
 -0.512094
 0.645549
 -1.3598
 -0.385774
 -1.07082
 -0.787229
 -2.37673
 -1.29228
 -1.02873
 0.338093
 -2.3531
 -1.06464
 -4.05106
 -2.34089
 -2.69057
 -1.46124
 -1.06996
 -2.65664
 -0.872225
 -2.78675
