 -0.243012
 -0.0451018
 0.198608
 -0.0135727
 -0.358544
 -0.404801
 -0.819998
 -0.30352
 0.455649
 0.583703
 0.422292
 -0.370338
 1.22976
 1.62505
 0.982144
 0.836473
 0.749657
 0.467742
 -0.443213
 -0.396001
 -1.88887
 -1.20068
 -0.993484
 -0.987791
 -0.0606171
 0.363091
 -0.870587
 -0.304359
 -0.940823
 -0.801293
 -0.897852
 -1.07411
 -0.630699
 0.115153
 -0.236054
 0.0518136
 -0.298304
 -1.03501
 -0.252021
 -0.998601
 -0.381215
 -0.394853
 -0.959819
 -0.936649
 -0.679331
 -0.689322
 -0.531169
 -0.817122
 -0.488665
 0.0547847
 0.0159742
 -0.822209
 -2.04461
 -1.25552
 -1.27305
 -0.929365
 -0.885154
 -0.0124053
 -1.51673
 -0.997766
 -0.338968
 -0.165011
 0.267561
 0.203494
 0.50138
 1.21044
 1.09386
 0.0236288
 -1.02425
 -1.47992
 -1.38979
 -1.50076
 -2.81041
 -2.3421
 -2.66389
 -1.72998
 -2.44792
 -2.48404
 -1.48041
 -0.452976
 -0.345157
 -0.608347
 -1.04077
 -1.4584
 -0.582052
 -0.80668
 -0.299685
 -1.14716
 -0.433251
 0.14969
 -0.0994461
 1.29246
 0.969206
 0.625388
 -0.0957552
 0.0275991
 -0.398709
 -0.343691
 -0.962528
 -1.44965
 -0.00052991
 0.355678
 0.409831
 0.355741
 0.594954
 -0.528359
 -0.598692
 -0.789282
 -0.478335
 -1.43784
 -0.812523
 -0.174656
 -0.423894
 -1.05862
 -0.826118
 -0.225131
 0.469226
 0.813605
 1.05098
 -0.177646
 -0.962339
 -0.880518
 -1.17606
 -1.8396
 -0.7718
 -1.83355
 -1.034
 -1.3951
 -1.0087
 -1.18688
 -0.740121
 -0.0150618
 -0.131521
 -0.52462
 -0.324556
 -0.314185
 -1.21325
 -1.05266
 -0.996662
 -0.236036
 0.877173
 -0.402893
 -0.82002
 -0.87658
 -0.328925
 0.245137
 -0.698451
 0.354736
 -0.169063
 -0.291207
 -0.649753
 0.17927
 -0.491331
 0.711251
 0.608954
 1.57399
 1.39862
 1.9081
 1.41229
 1.73456
 0.676417
 0.114095
 -0.210436
 0.414528
 0.601609
 -0.418502
 -0.909283
 0.591956
 -0.0313102
 0.65396
 -0.225231
 0.401433
 0.674502
 -0.161328
 -0.4764
 -1.04127
 -1.04901
 -0.398926
 0.83503
 0.761116
 0.148447
 -0.739231
 -0.457029
 -0.130979
 -0.0578664
 -0.642282
 0.0311111
 -0.0480372
 0.499674
 0.105233
 -0.485512
 -1.01886
 -0.0562568
 -0.252337
 0.293273
 0.804862
 1.55934
 -0.531092
 -0.546427
 -0.870473
 -0.805027
 -0.528279
 -0.167699
 -0.0958064
 -0.194782
 -0.200274
 0.0842553
 -0.415658
 0.322546
 1.2313
 0.691147
 0.763604
 0.282104
 0.186885
 0.0591806
 0.838603
 1.21438
 0.589385
 0.153435
 1.17148
 -0.222962
 -0.19583
 -0.365934
 -0.779625
 -0.860934
 -0.326467
 -0.431677
 -0.777524
 -0.926405
 -1.42183
 -0.437397
 0.235374
 -0.57625
 -0.182872
 -0.189598
 -0.509019
 -1.46777
 -1.39391
 -1.31451
 -0.505386
 -0.248371
 0.464466
 0.983768
 0.369793
 0.133579
 0.573378
 0.414111
 0.092323
 -0.0222218
 -0.837683
 0.0512818
 0.607266
 0.673934
 0.296692
 -0.505113
 -0.756904
 -0.0178809
 0.987103
 1.02252
 1.27915
 0.359306
 0.606744
 -0.226738
 -1.11492
 -0.945276
 -1.59337
 -1.62067
 -1.06434
 -0.489656
 -1.39701
 -2.49045
 -2.21872
 -2.28001
 -1.72921
 0.0621271
 0.342808
 0.902758
 0.517344
 0.11625
 -0.315548
 0.191274
 0.250361
 -0.934083
 -0.906424
 -1.26191
 -1.58461
 -0.883083
 -1.06158
 -0.76716
 -0.874314
 -1.32081
 -0.706093
 -0.611088
 -1.16631
 -0.176725
 0.272894
 0.43009
 -0.426359
 -0.756651
 0.350944
 -0.134601
 -0.834201
 -0.288052
 -1.28892
 -1.41414
 -1.59077
 -1.85947
 -0.626267
 -0.384245
 -0.885119
 -0.678389
 0.0489571
 -0.52409
 -0.0807998
 0.591323
 0.63919
 1.05571
 1.33445
 1.13603
 0.917138
 0.112206
 -0.565568
 -0.359557
 0.265483
 0.0120706
 -0.537455
 -0.190457
 -0.266729
 0.476139
 1.14908
 1.4002
 0.532433
 0.882548
 0.238594
 -0.322458
 0.527948
 0.81194
 0.254388
 0.198849
 -0.217791
 0.289398
 -0.623935
 0.00818067
 0.839934
 -0.270864
 -1.20607
 -0.621931
 -0.979626
 -0.960256
 -1.03308
 -0.932791
 -0.712352
 -1.15489
 -1.37824
 -1.13565
 -2.33897
 -1.22528
 -0.0327205
 -0.902379
 -0.417628
 -0.287955
 -0.108203
 -0.471759
 -0.476559
 -0.438201
 0.38627
 0.456664
 1.75225
 1.47247
 1.15734
 0.64683
 1.36813
 0.407883
 0.463823
 -0.831868
 -1.61981
 -1.41097
 -0.0492603
 0.329232
 1.08389
 1.00517
 0.706955
 0.530921
 1.38631
 0.58852
 -0.955955
 -0.668218
 -1.70943
 -1.34184
 -0.534251
 -0.138888
 -1.02744
 -0.347418
 -0.322352
 -0.551787
 -0.166674
 -0.146152
 1.20263
 0.936176
 1.82395
 2.22121
 2.70568
 1.62134
 2.02007
 1.66461
 0.743903
 0.34225
 0.28421
 0.119739
 1.11481
 0.606879
 0.291192
 -0.179655
 -0.712478
 -0.50397
 -1.40963
 -1.4839
 -1.13166
 -0.305691
 -0.479103
 -0.494519
 -0.252201
 -1.2671
 -1.08574
 -0.920836
 -0.499879
 -0.956159
 -0.919165
 -0.404675
 -0.322279
 -0.51924
 -0.813527
 -0.242599
 0.0917952
 0.361867
 0.671882
 0.3721
 0.0926044
 -0.718563
 -1.09808
 -1.82366
 -2.60817
 -2.25924
 -2.26292
 -2.20177
 -0.933718
 -1.37951
 -0.890505
 -0.726134
 -1.01438
 -0.941577
 -0.757957
 -0.0563766
 -0.84396
 -0.9384
 -0.359831
 -0.220778
 -0.955836
 -0.287139
 -0.543064
 -0.419635
 -0.471103
 -0.860293
 -1.14315
 -1.21622
 -2.08727
 -2.45966
 -0.729499
 -1.92719
 -1.27379
 -2.28314
 -1.52397
 -1.19226
 -0.963192
 -1.44104
 -1.90282
 -2.28441
 -2.01266
 -1.94426
 -0.203695
 0.291895
 -0.388048
 -0.00393517
 -0.971182
 -0.7778
 -0.343612
 0.0724113
 1.20621
 0.99008
 0.573131
 1.0531
 0.578257
 0.206367
 1.05928
 0.703484
 1.36619
 -0.898638
 -1.19689
 -0.174165
 -0.177686
 -0.685641
 -1.08932
 -0.805399
 -0.45151
 -1.85472
 -0.515311
 0.227296
 -0.120511
 -1.76063
 -1.89261
 -1.63972
 -1.28012
 -1.44927
 -1.39154
 -1.36871
 -1.58843
 -2.02339
 -0.747677
 -0.030691
 1.30492
 1.38523
 1.63713
 0.963524
 0.911347
 1.7593
 1.12859
 0.210172
 -0.451897
 -0.386345
 1.37729
 1.58973
 0.277788
 0.742483
 0.816724
 -0.0799649
 -0.659956
 -0.194059
 0.53665
 0.233741
 -0.568091
 0.218201
 0.689148
 1.52951
 1.04983
 1.04198
 0.428098
 1.11704
 1.58493
 1.01789
 0.875898
 -0.190472
 -0.414034
 0.639945
 1.83656
 0.80572
 -0.126304
 -0.0592377
 -1.58805
 -0.93941
 -0.489799
 0.862444
 0.650339
 0.0898607
 0.912037
 1.68718
 0.876492
 0.523526
 -0.712525
 -0.347269
 0.213356
 -0.292145
 0.046272
 0.371765
 0.729857
 0.0215209
 0.414326
 0.607888
 1.55011
 1.69202
 1.38866
 1.24569
 0.732311
 1.65237
 0.396643
 0.0218162
 -0.37882
 -0.441752
 -0.357418
 0.689551
 0.46948
 -0.192692
 -0.864687
 -1.11742
 -1.02913
 -1.25652
 -1.56603
 -2.23261
 -2.43835
 -1.89543
 -1.27786
 -0.993523
 -0.84407
 -0.139273
 -0.00194024
 -0.712072
 -1.73494
 -0.721751
 -0.80268
 -1.14496
 -0.783425
 -0.576661
 0.0403342
 0.174268
 -0.833735
 -1.23933
 -1.44747
 -1.32474
 -1.90684
 -0.669137
 -0.723922
 -1.15001
 -0.920311
 -1.88399
 -0.455709
 -0.569139
 -0.239077
 -1.5725
 -0.0220626
 1.23685
 0.264179
 0.0032217
 -0.0743003
 1.43518
 2.32844
 1.19996
 1.01915
 1.37455
 0.581358
 0.822891
 1.13043
 1.15886
 0.745834
 1.95798
 0.59214
 -0.234515
 -0.708088
 -0.685506
 -0.0111076
 0.0607625
 0.386457
 -0.0517669
 0.512486
 0.00771585
 0.241706
 -0.552838
 -0.479794
 -0.632332
 -0.73137
 -1.38084
 -1.31195
 -0.857502
 -0.109574
 -0.921059
 -1.26628
 -2.03402
 -2.24907
 -1.92515
 -1.53221
 -0.909454
 -1.65446
 -1.03132
 -1.53361
 -0.805665
 -0.216388
