 -0.422082
 0.0422222
 -0.65944
 0.0626661
 -0.483363
 -0.357918
 -0.641038
 0.956553
 0.0161247
 1.41968
 -0.326461
 0.824536
 -0.63134
 0.516587
 0.805719
 -0.423018
 -0.624352
 -0.0603363
 -0.0744112
 1.91302
 -0.627653
 -0.536311
 0.857312
 -0.049995
 -0.698255
 -0.298488
 0.514669
 0.331838
 -0.455729
 -0.327796
 0.704648
 0.217352
 0.916535
 -0.58555
 0.657288
 -0.641957
 1.19392
 0.160178
 -0.306874
 0.444409
 -1.17964
 0.357379
 0.730451
 1.06699
 -1.0986
 -0.0701372
 0.141266
 -1.90936
 1.27332
 -0.579523
 1.65473
 -0.87736
 0.0713128
 0.871733
 0.578517
 -0.645305
 0.31953
 -1.76327
 1.36532
 -0.29713
 -0.227761
 0.37361
 0.21323
 0.323325
 -0.621793
 0.644562
 0.0714074
 1.03424
 0.149592
 0.12464
 0.259514
 -0.401763
 1.64936
 -1.97117
 0.75693
 -0.703833
 0.172113
 -0.0549676
 0.903688
 -0.55774
 -0.0653192
 -0.769703
 -0.0358
 -0.419284
 -0.183072
 -0.684457
 -0.67187
 -0.574824
 0.103873
 0.00643965
 0.00131899
 -0.32074
 0.57389
 -0.0871861
 -0.693446
 -0.824553
 0.771081
 -0.673454
 -0.352792
 0.287526
 -0.208622
 0.547912
 -0.0303927
 -0.93464
 -0.235798
 -0.582549
 -0.0332514
 -0.836051
 1.07262
 -0.790669
 -0.208162
 -0.0665226
 -1.06661
 1.28543
 -0.94252
 0.601905
 -1.95121
 2.22394
 0.285451
 -0.801895
 0.239475
 -0.4033
 2.10874
 0.0958902
 -0.657516
 0.623633
 0.336366
 -0.600089
 0.684752
 0.345443
 0.128053
 -0.0727878
 1.74536
 -1.97814
 0.344016
 -0.729428
 0.185018
 0.434791
 -0.30541
 0.580036
 -0.674202
 0.934924
 -0.832766
 0.505866
 -0.946841
 0.314287
 -0.463688
 -0.0551391
 -0.859019
 0.172096
 -0.0412155
 0.474022
 -1.23987
 0.195142
 -1.65567
 0.265325
 -0.534136
 0.154745
 0.0180551
 -0.979851
 0.496868
 -0.984874
 0.817274
