 -2.06416
 -2.09126
 -1.30343
 -2.30172
 -1.53717
 -2.06867
 -2.26542
 -2.89536
 -0.0352226
 0.0508131
 2.75742
 1.35808
 2.55436
 0.591895
 1.59923
 2.47396
 1.27269
 -0.614498
 -0.490082
 -0.484301
 3.6258
 1.20254
 -0.240345
 1.49136
 0.980179
 -0.652947
 -1.25072
 0.359394
 0.99924
 -0.4687
 -0.904202
 0.8637
 1.04718
 2.62323
 0.568624
 1.66507
 -0.0132768
 2.45691
 2.13204
 0.677046
 1.44988
 -1.33265
 -0.233055
 1.40038
 2.96473
 -0.0748627
 -0.279432
 0.104105
 -3.69999
 0.0491841
 -1.03048
 2.47536
 0.0930455
 0.031773
 1.8238
 2.42534
 0.366017
 1.17228
 -2.80038
 0.757469
 -0.146972
 -0.551685
 0.346628
 0.700569
 0.9631
 -0.477554
 0.983319
 0.93625
 2.6532
 2.1869
 1.70485
 1.77214
 0.382848
 3.73608
 -1.31399
 0.514927
 -0.98583
 -0.469505
 -0.393859
 1.55572
 -0.189182
 -0.117721
 -1.7163
 -1.08857
 -1.75096
 -1.4277
 -2.52176
 -3.08072
 -3.17187
 -2.0332
 -1.57084
 -0.921277
 -1.27225
 0.150915
 -0.0424476
 -1.40431
 -2.57387
 -0.235731
 -1.36388
 -1.79917
 -0.628236
 -0.927179
 0.376581
 0.183928
 -1.65976
 -1.47999
 -2.05157
 -1.65919
 -2.93487
 0.146467
 -1.54977
 -1.35871
 -1.34643
 -2.87661
 0.614513
 -1.48798
 0.355833
 -3.82978
 1.63597
 1.7427
 -0.34296
 0.425541
 -0.756726
 3.79991
 3.03122
 0.584568
 1.76126
 1.82495
 0.149306
 1.32521
 1.80104
 1.40328
 0.793662
 4.23746
 -0.980677
 0.047409
 -1.407
 -0.782288
 0.51796
 -0.412105
 0.968489
 -0.739025
 1.3844
 -0.512094
 0.645549
 -1.3598
 -0.385774
 -1.07082
 -0.787229
 -2.37673
 -1.29228
 -1.02873
 0.338093
 -2.3531
 -1.06464
 -4.05106
 -2.34089
 -2.69057
 -1.46124
 -1.06996
 -2.65664
 -0.872225
 -2.78675
