 -0.331479
 0.105747
 0.330407
 -0.214075
 -0.515002
 -0.0823693
 -0.67152
 0.280647
 0.483172
 0.320345
 0.145764
 -0.630146
 1.53903
 0.75481
 0.262579
 0.294291
 0.290224
 0.106981
 -0.714981
 -0.185801
 -1.90932
 0.138032
 -0.572182
 -0.360997
 0.429228
 0.413557
 -1.2399
 0.3066
 -0.782939
 -0.317556
 -0.501098
 -0.551391
 -0.0310544
 0.452486
 -0.47126
 0.317603
 -0.49555
 -0.806806
 0.37813
 -0.866327
 0.243591
 -0.377512
 -0.700042
 -0.367042
 -0.295935
 -0.205984
 -0.237155
 -0.517914
 -0.0585351
 0.340604
 -0.11377
 -0.692793
 -1.79121
 0.0669812
 -0.750686
 -0.0539243
 -0.527296
 0.363508
 -1.6881
 0.120098
 0.18258
 -0.0551088
 0.43046
 -0.0790066
 0.386824
 0.964737
 0.451882
 -0.662896
 -0.88685
 -0.814515
 -0.594187
 -0.728289
 -1.96914
 -0.680946
 -1.81855
 0.0436245
 -1.85628
 -0.895628
 -0.219123
 0.388237
 -0.237489
 -0.371376
 -0.765966
 -0.813275
 0.190665
 -0.504255
 0.168623
 -0.93043
 0.22385
 0.414413
 -0.352504
 1.57684
 0.136525
 0.132057
 -0.582435
 0.278238
 -0.519394
 -0.0232608
 -0.773534
 -0.943756
 0.757281
 0.356478
 0.211416
 0.156634
 0.368451
 -0.858369
 -0.261055
 -0.482827
 0.0203618
 -1.47585
 0.217971
 0.301812
 -0.413373
 -0.723539
 -0.209452
 0.0898643
 0.528824
 0.585708
 0.681573
 -0.90773
 -0.717965
 -0.358119
 -0.690579
 -1.44751
 0.42936
 -1.74064
 0.192053
 -0.814971
 -0.271971
 -0.615307
 -0.129185
 0.394724
 -0.361561
 -0.489207
 0.0985907
 -0.156438
 -1.1609
 -0.24332
 -0.571552
 0.417594
 1.06485
 -1.04661
 -0.555015
 -0.430941
 0.257445
 0.310248
 -0.793282
 0.79578
 -0.547338
 -0.0422428
 -0.584699
 0.589233
 -0.652425
 0.983701
 0.251076
 1.27476
 0.314163
 1.45762
 0.289887
 1.00136
 -0.347068
 -0.225133
 -0.277785
 0.524596
 0.310397
 -0.833522
 -0.595115
 1.10735
 -0.555063
 0.765421
 -0.649199
 0.543376
 0.399794
 -0.603133
 -0.203155
 -0.775254
 -0.63457
 0.29638
 0.928082
 0.264279
 -0.468761
 -0.629713
 -0.102735
 0.173616
 -0.000862124
 -0.734363
 0.50138
 -0.110287
 0.500408
 -0.164272
 -0.678134
 -0.659421
 0.448644
 -0.33072
 0.388557
 0.681615
 1.04479
 -1.75855
 0.0624951
 -0.544143
 -0.455815
 -0.0172319
 0.0795337
 0.0266287
 -0.257359
 -0.0497109
 0.227908
 -0.516494
 0.488578
 1.22904
 -0.0132476
 0.467237
 -0.0842235
 0.0292703
 0.0221603
 0.71758
 0.779244
 0.0350257
 -0.318277
 1.29449
 -1.02557
 0.0497402
 -0.342206
 -0.461996
 -0.534302
 0.147114
 -0.204807
 -0.541107
 -0.479777
 -0.805573
 0.324658
 0.429519
 -0.716588
 0.323536
 -0.213541
 -0.557455
 -1.31688
 -0.470294
 -0.638499
 0.226597
 -0.0174655
 0.514169
 0.625037
 -0.130195
 0.0554215
 0.397942
 0.149557
 -0.252056
 0.064174
 -0.845278
 0.467872
 0.468845
 0.361834
 -0.0139342
 -0.712255
 -0.501133
 0.438167
 1.00169
 0.419292
 0.795786
 -0.581164
 0.465168
 -0.549551
 -0.861366
 -0.387541
 -1.05478
 -0.700567
 -0.18301
 0.0149761
 -1.20234
 -1.83537
 -0.632702
 -1.13103
 -0.432321
 1.00949
 0.268366
 0.522495
 0.118215
 -0.0542622
 -0.548481
 0.440021
 0.114492
 -1.22879
 -0.199786
 -0.734993
 -0.941317
 0.0366756
 -0.663593
 -0.127018
 -0.598686
 -0.642442
 -0.117904
 -0.0929651
 -0.911316
 0.433451
 0.231817
 0.295997
 -0.623735
 -0.640158
 0.867618
 -0.602457
 -0.638851
 0.256428
 -1.38841
 -0.550695
 -0.837124
 -0.932982
 0.356695
 -0.265877
 -0.575807
 -0.144849
 0.419804
 -0.66034
 0.325541
 0.569105
 0.322584
 0.742577
 0.556817
 0.435881
 0.454227
 -0.608266
 -0.636526
 0.0978835
 0.357952
 -0.139974
 -0.569079
 0.260461
 -0.171694
 0.513293
 0.910207
 0.68684
 -0.15829
 0.485002
 -0.168381
 -0.406037
 0.797685
 0.368107
 0.0282428
 -0.0602398
 -0.333631
 0.382793
 -0.814284
 0.438993
 0.721711
 -0.741899
 -1.09506
 0.134894
 -0.735864
 -0.373616
 -0.624156
 -0.392408
 -0.147228
 -0.682687
 -0.730151
 -0.492598
 -1.94645
 0.267642
 0.414867
 -0.791096
 0.0520819
 -0.0555718
 0.0759458
 -0.478259
 -0.0246159
 -0.234335
 0.493183
 0.316523
 1.66845
 0.262539
 0.378217
 0.0884393
 1.02183
 -0.452409
 0.415676
 -1.39465
 -0.848682
 -0.579923
 0.686701
 0.353756
 0.90144
 0.374155
 0.153996
 0.246546
 1.04925
 -0.241931
 -1.60526
 0.145857
 -1.66926
 -0.0957154
 0.108801
 0.174011
 -0.937966
 0.208658
 -0.195339
 -0.425841
 0.144969
 0.0503555
 1.16148
 0.304429
 1.59346
 1.04916
 1.74933
 0.0609771
 1.31785
 0.439557
 -0.185538
 0.153569
 0.0816552
 -0.050408
 1.00812
 -0.00529571
 0.0633275
 -0.515111
 -0.500619
 0.0442607
 -1.69841
 -0.327948
 -0.306883
 0.253837
 -0.413997
 -0.374064
 0.226496
 -1.23277
 -0.419253
 -0.366447
 0.144949
 -0.768316
 -0.381915
 0.187214
 -0.228558
 -0.310923
 -0.585732
 0.210937
 0.198505
 0.282552
 0.447646
 0.0475118
 -0.0995202
 -0.715752
 -0.576234
 -1.29708
 -1.87495
 -0.620809
 -1.20885
 -0.833577
 0.284676
 -0.949285
 -0.196521
 -0.204242
 -0.592433
 -0.498153
 -0.288304
 0.418512
 -0.839667
 -0.451785
 0.196394
 0.018929
 -0.910161
 0.19785
 -0.458021
 0.0484477
 -0.370006
 -0.622393
 -0.676765
 -0.545702
 -1.58955
 -1.09785
 0.544758
 -1.90391
 0.0802405
 -1.94677
 0.0415426
 -0.460445
 -0.304122
 -0.87185
 -1.11461
 -1.34542
 -0.639762
 -0.79385
 0.730778
 0.393424
 -0.640664
 0.329643
 -1.014
 -0.192779
 0.182122
 0.12964
 1.33542
 0.162601
 0.150606
 0.644215
 0.124978
 -0.211213
 1.15337
 -0.0452839
 1.13009
 -1.94443
 -0.471319
 0.432411
 -0.0842084
 -0.515924
 -0.606574
 0.294007
 0.00321221
 -1.87686
 1.96165
 -0.432711
 0.0242383
 -1.93816
 0.448295
 -0.422082
 0.0422222
 -0.65944
 0.0626661
 -0.483363
 -0.357918
 -0.641038
 0.956553
 0.0161247
 1.41968
 -0.326461
 0.824536
 -0.63134
 0.516587
 0.805719
 -0.423018
 -0.624352
 -0.0603363
 -0.0744112
 1.91302
 -0.627653
 -0.536311
 0.857312
 -0.049995
 -0.698255
 -0.298488
 0.514669
 0.331838
 -0.455729
 -0.327796
 0.704648
 0.217352
 0.916535
 -0.58555
 0.657288
 -0.641957
 1.19392
 0.160178
 -0.306874
 0.444409
 -1.17964
 0.357379
 0.730451
 1.06699
 -1.0986
 -0.0701372
 0.141266
 -1.90936
 1.27332
 -0.579523
 1.65473
 -0.87736
 0.0713128
 0.871733
 0.578517
 -0.645305
 0.31953
 -1.76327
 1.36532
 -0.29713
 -0.227761
 0.37361
 0.21323
 0.323325
 -0.621793
 0.644562
 0.0714074
 1.03424
 0.149592
 0.12464
 0.259514
 -0.401763
 1.64936
 -1.97117
 0.75693
 -0.703833
 0.172113
 -0.0549676
 0.903688
 -0.55774
 -0.0653192
 -0.769703
 -0.0358
 -0.419284
 -0.183072
 -0.684457
 -0.67187
 -0.574824
 0.103873
 0.00643965
 0.00131899
 -0.32074
 0.57389
 -0.0871861
 -0.693446
 -0.824553
 0.771081
 -0.673454
 -0.352792
 0.287526
 -0.208622
 0.547912
 -0.0303927
 -0.93464
 -0.235798
 -0.582549
 -0.0332514
 -0.836051
 1.07262
 -0.790669
 -0.208162
 -0.0665226
 -1.06661
 1.28543
 -0.94252
 0.601905
 -1.95121
 2.22394
 0.285451
 -0.801895
 0.239475
 -0.4033
 2.10874
 0.0958902
 -0.657516
 0.623633
 0.336366
 -0.600089
 0.684752
 0.345443
 0.128053
 -0.0727878
 1.74536
 -1.97814
 0.344016
 -0.729428
 0.185018
 0.434791
 -0.30541
 0.580036
 -0.674202
 0.934924
 -0.832766
 0.505866
 -0.946841
 0.314287
 -0.463688
 -0.0551391
 -0.859019
 0.172096
 -0.0412155
 0.474022
 -1.23987
 0.195142
 -1.65567
 0.265325
 -0.534136
 0.154745
 0.0180551
 -0.979851
 0.496868
 -0.984874
 0.817274
