 -0.331479
 -0.0599921
 0.300411
 -0.0638694
 -0.546937
 -0.355838
 -0.849439
 -0.144072
 0.411136
 0.525914
 0.408721
 -0.425786
 1.32614
 1.41788
 0.971518
 0.78005
 0.680249
 0.447106
 -0.491428
 -0.431516
 -2.12508
 -0.924505
 -1.03443
 -0.878215
 -0.00987927
 0.408617
 -1.03559
 -0.211194
 -0.888536
 -0.761823
 -0.88201
 -0.992396
 -0.527252
 0.18886
 -0.37683
 0.129188
 -0.430956
 -1.02228
 -0.133012
 -0.932833
 -0.222825
 -0.488925
 -0.944504
 -0.839294
 -0.715582
 -0.563775
 -0.519042
 -0.777435
 -0.447253
 0.116978
 -0.0552809
 -0.720433
 -2.15143
 -1.00873
 -1.25505
 -0.681451
 -0.868021
 -0.0705031
 -1.72335
 -0.741576
 -0.188208
 -0.149213
 0.355853
 0.0989201
 0.436284
 1.18288
 1.04332
 -0.141236
 -0.957468
 -1.29325
 -1.24081
 -1.3487
 -2.64348
 -2.00269
 -2.81989
 -1.36632
 -2.53944
 -2.16535
 -1.3018
 -0.262662
 -0.36882
 -0.555786
 -1.04386
 -1.3352
 -0.476937
 -0.742724
 -0.202739
 -1.0318
 -0.29205
 0.268388
 -0.21831
 1.46769
 0.870369
 0.567242
 -0.298814
 0.128831
 -0.454978
 -0.25075
 -0.898909
 -1.39321
 0.0606761
 0.386816
 0.404824
 0.359046
 0.547974
 -0.584382
 -0.553246
 -0.75945
 -0.359363
 -1.65554
 -0.609797
 -0.00308655
 -0.414916
 -0.930997
 -0.67495
 -0.247611
 0.405018
 0.788217
 1.07568
 -0.369889
 -0.90291
 -0.809574
 -1.09537
 -1.99519
 -0.568237
 -2.02476
 -0.820328
 -1.22513
 -0.884538
 -1.05758
 -0.657973
 0.0657377
 -0.328692
 -0.653553
 -0.228186
 -0.270531
 -1.29617
 -0.891402
 -1.01725
 -0.0910325
 1.01933
 -0.536942
 -0.823486
 -0.842684
 -0.163897
 0.228299
 -0.679133
 0.456214
 -0.319231
 -0.201858
 -0.685628
 0.246419
 -0.529216
 0.719093
 0.610623
 1.58008
 1.1042
 2.00972
 1.29475
 1.64873
 0.477297
 0.0135155
 -0.271028
 0.389082
 0.504938
 -0.581053
 -0.885642
 0.664534
 -0.222797
 0.654023
 -0.322188
 0.382282
 0.590935
 -0.307665
 -0.356987
 -0.953747
 -1.11144
 -0.259342
 0.798411
 0.663485
 -0.137019
 -0.698222
 -0.451846
 -0.0523064
 -0.0270153
 -0.747871
 0.127444
 -0.046565
 0.477125
 0.0742911
 -0.640989
 -0.979915
 -0.0413139
 -0.351377
 0.212868
 0.788049
 1.43882
 -1.03914
 -0.457075
 -0.77268
 -0.842155
 -0.43831
 -0.139621
 -0.0431818
 -0.27895
 -0.189186
 0.133315
 -0.449837
 0.263659
 1.36087
 0.667187
 0.80083
 0.316192
 0.187366
 0.115843
 0.775501
 1.16699
 0.618523
 -0.00901549
 1.28998
 -0.380586
 -0.140553
 -0.412482
 -0.668237
 -0.868421
 -0.287096
 -0.348355
 -0.715284
 -0.837419
 -1.22428
 -0.287483
 0.285777
 -0.573699
 0.0366871
 -0.195197
 -0.655053
 -1.6444
 -1.2925
 -1.28475
 -0.415776
 -0.225354
 0.401492
 0.825783
 0.282696
 0.19677
 0.496327
 0.397721
 -0.0531956
 0.0375762
 -0.82649
 0.0546266
 0.496158
 0.609913
 0.291022
 -0.566744
 -0.784505
 0.0459145
 1.02465
 0.931617
 1.26159
 0.0496333
 0.489985
 -0.304558
 -1.01365
 -0.894364
 -1.50196
 -1.45155
 -0.908784
 -0.439416
 -1.42205
 -2.54639
 -1.9059
 -2.08398
 -1.47431
 0.272333
 0.404532
 0.724761
 0.480596
 0.186036
 -0.455463
 0.21229
 0.220637
 -1.11847
 -0.75902
 -1.1145
 -1.49857
 -0.712609
 -1.0199
 -0.636967
 -0.91717
 -1.10103
 -0.668418
 -0.427174
 -1.1249
 -0.129
 0.167317
 0.379655
 -0.433907
 -0.857112
 0.439062
 -0.382926
 -0.830314
 -0.158729
 -1.46778
 -1.28458
 -1.47942
 -1.67269
 -0.47965
 -0.505702
 -0.828659
 -0.559178
 0.140215
 -0.590232
 0.0304249
 0.584317
 0.614743
 1.04995
 1.08179
 0.976777
 0.942615
 -0.136958
 -0.705005
 -0.254619
 0.230643
 -0.0246525
 -0.581405
 -0.0302413
 -0.186814
 0.419886
 1.12015
 1.24691
 0.465168
 0.717586
 0.190411
 -0.310831
 0.642269
 0.689241
 0.372864
 0.126192
 -0.270535
 0.247525
 -0.690522
 0.0937321
 0.768577
 -0.35761
 -1.27387
 -0.50204
 -0.986884
 -0.867058
 -1.05769
 -0.921251
 -0.607854
 -0.986614
 -1.22346
 -1.10433
 -2.49861
 -0.981663
 -0.0759645
 -0.829078
 -0.362457
 -0.2368
 -0.0424543
 -0.499487
 -0.274359
 -0.371514
 0.307426
 0.470236
 1.90357
 1.21432
 0.985379
 0.581129
 1.31239
 0.203786
 0.517569
 -1.13586
 -1.41661
 -1.28823
 0.0425859
 0.375049
 1.08896
 0.918637
 0.613315
 0.553204
 1.32585
 0.420996
 -1.39477
 -0.551527
 -1.94503
 -1.06823
 -0.425313
 -0.0386459
 -0.957289
 -0.269987
 -0.330333
 -0.591008
 -0.150534
 -0.0249117
 1.14903
 0.878944
 2.03293
 2.06563
 2.78214
 1.45205
 2.04388
 1.4615
 0.54521
 0.426174
 0.294742
 0.0969631
 1.0566
 0.523004
 0.32483
 -0.352697
 -0.676967
 -0.294223
 -1.84553
 -1.25071
 -0.932238
 -0.212282
 -0.520138
 -0.634133
 -0.0905707
 -1.27806
 -1.05828
 -0.895588
 -0.302846
 -0.919738
 -0.841785
 -0.233678
 -0.345397
 -0.483622
 -0.827543
 -0.202834
 0.0970876
 0.331096
 0.613194
 0.354109
 0.0775343
 -0.676985
 -0.914727
 -1.75445
 -2.75217
 -1.9969
 -2.2073
 -1.93723
 -0.683937
 -1.29125
 -0.842147
 -0.625315
 -0.905091
 -0.950699
 -0.763654
 0.0366849
 -0.821325
 -0.862448
 -0.23483
 -0.0984861
 -0.959404
 -0.281852
 -0.598946
 -0.251026
 -0.495519
 -0.870153
 -1.11184
 -1.10162
 -2.14036
 -2.16804
 -0.53926
 -2.17354
 -1.00653
 -2.45004
 -1.18348
 -1.05218
 -0.830213
 -1.28696
 -1.75809
 -2.22447
 -1.752
 -1.66985
 -0.104146
 0.341351
 -0.469988
 0.0946494
 -0.966678
 -0.676118
 -0.155937
 0.0516714
 1.36125
 0.843227
 0.572219
 0.930324
 0.590141
 0.083857
 1.1953
 0.552368
 1.40628
 -1.2413
 -1.09197
 -0.113572
 -0.140995
 -1.03185
 -1.93544
 -0.766794
 -0.530331
 -4.12495
 1.03584
 -0.140332
 -0.0497554
 -3.91115
 -1.84122
 -2.13302
 -1.40867
 -2.30495
 -1.48813
 -2.00842
 -2.12173
 -2.76729
 -0.0239936
 0.0154539
 2.85017
 1.3422
 2.58861
 0.549346
 1.41772
 2.60384
 0.976651
 -0.565049
 -0.516207
 -0.510167
 3.46893
 1.17294
 -0.251561
 1.53853
 0.976982
 -0.712622
 -1.09581
 0.262269
 0.847264
 -0.318373
 -0.878453
 0.794379
 0.99077
 2.52661
 0.597526
 1.73285
 -0.0709221
 2.3382
 1.9571
 0.75622
 1.41817
 -1.36656
 -0.241835
 1.29162
 3.03811
 -0.0705184
 -0.189637
 0.149786
 -3.71388
 -0.0530824
 -1.1962
 2.47212
 -0.0242349
 0.125661
 1.83143
 2.43903
 0.416714
 0.93076
 -2.87502
 0.718137
 -0.0915647
 -0.519618
 0.383487
 0.694901
 1.13308
 -0.45043
 0.973824
 0.824492
 2.64562
 2.15112
 1.75506
 1.74757
 0.419774
 3.59256
 -1.42755
 0.514575
 -1.04746
 -0.388999
 -0.382234
 1.53981
 -0.0376126
 -0.156967
 -1.64928
 -1.2261
 -1.69684
 -1.55393
 -2.45667
 -3.06341
 -3.29403
 -2.09808
 -1.45577
 -1.0164
 -1.35296
 0.200706
 -0.033878
 -1.41061
 -2.63653
 -0.30341
 -1.5593
 -1.79709
 -0.682912
 -0.895282
 0.469126
 0.267603
 -1.68196
 -1.64897
 -2.31937
 -1.69006
 -2.85515
 0.146646
 -1.47869
 -1.4514
 -1.14903
 -2.93754
 0.514586
 -1.52483
 0.13643
 -3.80692
 1.78304
 1.81903
 -0.330467
 0.247623
 -0.633264
 3.77419
 2.83372
 0.668569
 1.71526
 1.87342
 0.111212
 1.44735
 1.70403
 1.44893
 0.868675
 4.09878
 -1.08713
 -0.0729627
 -1.50993
 -0.686915
 0.388741
 -0.338701
 0.922982
 -0.702317
 1.37823
 -0.700773
 0.52119
 -1.52885
 -0.441621
 -1.23651
 -0.975837
 -2.40112
 -1.33659
 -1.01805
 0.235411
 -2.31495
 -1.23018
 -4.17246
 -2.39007
 -2.74132
 -1.60944
 -1.0905
 -2.72305
 -0.912399
 -2.60843
 -0.191351
