 0.579922
 -1.75753
 -1.29303
 -0.818421
 -0.232449
 -1.57313
 1.24328
 0.465794
 1.10564
 1.49754
 2.46872
 0.565042
 1.54403
 -0.722764
 -0.912217
 1.19774
 -1.11647
 -0.251457
 -0.17397
 -0.98669
 -1.06198
 -0.0997738
 0.190725
 0.660469
 1.92563
 -0.145847
 -0.825068
 1.14345
 -0.34171
 -0.256043
 -1.18959
 -1.91812
 -1.11104
 -1.29036
 -1.4094
 -0.141089
 -1.37327
 -1.65553
 -1.2463
 -2.278
 -1.59776
 -2.08203
 -1.3759
 -1.66481
 -0.023834
 1.19061
 -0.119489
 -0.0225615
 -1.60781
 1.73512
 -0.284199
 2.22296
 -0.287794
 0.453947
 0.674159
 0.492233
 0.352964
 0.0535859
 1.15091
 1.06691
 1.95169
 -0.400018
 0.649815
 -0.964205
 -0.900745
 -1.53077
 -1.06085
 -0.156978
 -1.64208
 0.114147
 0.584562
 -0.197174
 1.15464
 1.57442
 2.37162
 0.847442
 2.38712
 1.43156
 0.544625
 1.81928
 1.96276
 1.91584
 1.30906
 2.74998
 1.65283
 2.33175
 1.89474
 2.52798
 1.34353
 1.86541
 0.46456
 0.964141
 0.564385
 1.26855
 -0.22202
 -1.01866
 1.1004
 -0.661258
 1.0693
 -1.46922
 0.933776
 -0.417262
 1.28834
 0.06032
 1.93932
 0.532624
 -1.03228
 0.0561124
 -0.664243
 -0.731631
 0.108362
 -0.0291613
 0.764701
 -0.475517
 -0.399618
 -0.321643
 -1.00143
 -0.471631
 0.62601
 -0.0302568
 1.15777
 0.761386
 0.996702
 1.7569
 0.115673
 -0.556948
 1.34086
 2.05898
 2.00334
 1.77906
 1.45246
 0.992966
 0.955867
 0.819777
 -0.731522
 -1.06951
 -0.5993
 -0.03054
 -0.165312
 -0.141852
 0.0774481
 -1.27443
 -1.37008
 -2.12397
 -0.448766
 -0.204708
 1.24985
 -0.88011
 0.427575
 -0.528929
 0.21956
 -1.88881
 -1.03998
 -0.0872811
 1.05868
 1.19405
 0.438828
 0.650742
 -1.19315
 0.627576
 -0.28276
 1.04481
 0.0918834
 1.24447
 0.0465136
 0.524103
 -0.215155
 -0.172015
 0.620684
 0.372329
 2.21997
 1.49887
 1.23749
 -0.437891
 -0.0903868
 0.125569
 -0.276766
 0.311072
 -0.10181
 -0.578699
 0.107786
 -1.1035
 0.897789
 -1.49646
 1.61606
 0.823218
 1.66809
 1.12744
 0.818692
 0.329632
 0.458659
 0.588725
 0.891006
 -1.33967
 -1.39309
 -0.656573
 0.560245
 0.112726
 -0.0903118
 -0.980429
 -0.694942
 0.509885
 -0.779346
 -0.569681
 -0.589855
 -1.35261
 -0.505005
 -1.37198
 -0.357499
 -1.58754
 -1.23211
 -0.386837
 -0.18064
 1.00366
 -2.10661
 -0.0892172
 -1.82516
 0.434211
 -0.427857
 0.237213
 -0.954129
 1.18553
 -0.13443
 0.854438
 0.335912
 1.7003
 -0.102369
 1.94457
 0.464749
 1.26426
 -0.519858
 0.131347
 -1.38495
 -0.644297
 -1.21524
 0.793979
 -0.565401
 0.806036
 -0.887003
 0.0408117
 0.275342
 1.02503
 2.01539
 1.71362
 1.70111
 0.322891
 0.897013
 0.0468259
 1.55485
 0.708115
 0.554651
 1.90325
 0.791854
 0.8916
 0.447394
 -0.105594
 0.456631
 -1.02216
 -0.310377
 -0.989174
 -2.56257
 -1.71835
 -0.632657
 0.886002
 -0.385236
 -1.01698
 0.930254
 -1.00998
 0.207059
 -0.816123
 2.00801
 -0.240314
 0.136813
 -0.607082
 -1.29678
 -1.28745
 -1.45713
 0.472864
 0.882694
 1.32407
 1.00735
 -0.127581
 2.10041
 -0.75071
 -0.112463
 0.893166
 -0.316999
 0.439967
 0.315818
 -0.452073
 -0.905061
 0.159048
 -0.211338
 0.622867
 1.7439
 1.09758
 0.298006
 -0.516603
 0.853069
 -0.158872
 -0.814675
 -0.759649
 -0.334778
 0.0964102
 0.919873
 0.232673
 1.64616
 2.66153
 1.44805
 1.38672
 1.67495
 1.06623
 0.110872
 -0.510984
 -0.506027
 -0.611256
 0.963627
 -0.174895
 -1.78973
 -0.0560407
 -0.737103
 -0.634002
 -0.871461
 -1.2937
 0.312261
 -0.475056
 -0.840748
 -1.54713
 -1.37926
 -0.396627
 -1.08988
 -2.40791
 -0.416439
 -1.82299
 0.959726
 -0.620387
 -0.472957
 0.935089
 -0.458206
 1.94464
 1.38566
 0.994343
 1.27549
 0.181804
 1.07371
 -0.0895728
 1.02264
 0.596002
 -0.124892
 -0.900805
 -0.733287
 -1.3159
 -2.08826
 -0.415567
 -1.95651
 -0.731071
 -2.74056
 -0.961868
 -1.56254
 -1.18203
 -0.782033
 -0.61802
 -0.545296
 -0.641951
 -0.0927231
 -0.822943
 -1.52037
 -1.88127
 -1.39682
 -0.102729
 -0.188846
 -0.992504
 0.165601
 -2.19777
 -1.4885
 -2.11033
 -2.43739
 -1.67275
 -1.66449
 -0.755873
 -0.591736
 -0.328451
 -0.0621581
 0.125663
 -0.45024
 -0.108061
 -0.470777
 -0.320559
 0.869475
 0.817397
 1.72901
 -0.520392
 0.734954
 0.22157
 -0.0138039
 0.307809
 -0.295986
 1.23149
 -1.04127
 0.431023
 0.515488
 0.0133756
 0.757158
 -0.91564
 0.66409
 0.245945
 0.700377
 -0.797151
 0.299257
 -0.407833
 -1.14901
 1.45264
 -0.239556
 0.222819
 0.872522
 0.449498
 0.871236
 1.15445
 1.53295
 0.433564
 1.10734
 1.14977
 0.908929
 0.472193
 1.21602
 1.16559
 1.75902
 0.210257
 1.26034
 -0.15052
 1.92508
 0.929667
 1.53479
 1.716
 2.39785
 0.11981
 0.0519807
 -0.48607
 0.976822
 0.0254729
 1.20892
 1.51909
 1.26149
 2.0194
 1.00202
 -0.0583502
 1.8357
 -0.274582
 1.42215
 -1.03891
 -0.429646
 -1.55418
 -1.41748
 -0.505088
 -1.64656
 1.10121
 -0.810113
 0.360976
 -1.51375
 -0.0886166
 -0.949459
 -1.88556
 -0.880423
 -1.19706
 -0.0200623
 -1.91996
 -1.50101
 -1.57768
 0.354751
 0.436515
 -0.41982
 -0.125085
 -1.81677
 -0.685442
 -0.645123
 -0.303469
 -1.46261
 0.693158
 1.81826
 0.0824279
 1.09024
 1.67421
 2.05899
 2.10917
 1.65978
 1.62046
 0.179738
 0.735371
 0.00338682
 0.483887
 -1.80374
 -0.97788
 -0.126834
 0.795611
 -0.135527
 0.0433542
 -0.706751
 -0.469744
 -0.509992
 0.447567
 1.12978
 -0.287473
 0.918818
 1.64469
 -1.38388
 -1.63076
 -0.496074
 -0.566476
 -0.954356
 0.076583
 -0.633289
 -0.171849
 -0.518334
 -1.24255
 -1.33957
 -1.18074
 -0.449113
 -0.188335
 -0.0984297
 -0.583716
 -0.166643
 0.554385
 0.37398
 0.911071
 1.90838
 0.441646
 0.957236
 0.425174
 -0.921007
 -1.29183
 0.348471
 0.176944
 -0.771714
 -1.33584
 -1.25612
 -1.17092
 -1.40571
 -0.687604
 -1.10093
 -1.06747
 -1.48983
 -0.942382
 0.329611
 -0.174146
 -1.29808
 -1.12114
 0.230847
 0.659085
 -0.313347
 -1.02555
 -0.791844
 -0.845299
 -0.41326
 -0.800568
 -1.33441
 -0.643518
 -2.03185
 -1.51688
 -0.814928
 -1.6135
 -0.261965
 0.719121
 0.690918
 -0.691736
 -0.112074
 -0.135539
 0.975272
 1.49584
 0.633939
 0.0678757
 -0.935126
 0.653137
 0.966284
 1.47317
 -1.32141
 0.541108
 -0.649548
 0.425842
 0.0171321
 -1.4635
 -2.06988
 -0.258742
 -2.25679
 0.326612
 -0.873033
 -0.114404
 0.146945
 -0.0380069
 -0.707593
 -1.81077
 -0.258078
 -2.19536
 0.135076
 -0.0595635
 0.169651
 0.435275
 1.31944
 1.8256
 1.88608
 2.20394
 1.4377
 1.77563
 -0.274078
 -0.17699
 0.88367
 0.317988
 0.935098
 0.0358104
 -0.708301
 0.732373
 0.505312
 1.94884
 0.972073
 -0.471577
 -0.0174587
 1.128
 1.23496
 0.905559
 0.769789
 0.302336
 -0.645357
 1.1286
 -0.530065
 0.859967
 2.30477
 0.400935
 2.05582
 0.740308
 1.52838
 0.019156
 2.4825
 0.387709
 1.02739
 0.682093
 0.806531
 1.07401
 0.325861
 -0.701006
 1.37831
 0.682497
 0.717226
 -1.17101
 -0.585857
 -0.930709
 -0.270118
 -0.57782
 -1.3053
 -0.0482701
 1.84169
 0.368937
 -0.116483
 -0.359628
 1.30358
 0.202088
 1.5653
 1.88316
 0.504711
 1.80461
 1.58797
 0.697131
 1.30536
 0.0667866
 2.00863
 1.51298
 1.072
 2.07769
 2.3384
 3.02868
 0.816079
 2.71118
 1.84684
 1.58537
 0.588228
 1.34256
 1.77345
 -0.281975
 0.997163
 -1.72594
 -0.203057
 -1.4687
 0.19079
 -1.18578
 -0.476709
 -2.04323
 -1.6975
 -0.586792
 -0.518076
 -0.492902
 -0.354227
 -1.47872
 -0.258804
 -0.898638
 0.307892
 -0.200961
 1.46109
 0.285632
 0.645779
 -0.609055
 -0.149058
 -0.878769
 -0.234708
 0.338114
 -0.164464
 0.574505
 -0.277905
 1.42843
 -0.197844
 1.74686
 -0.82226
 0.222171
 -1.36208
 0.601166
 0.874431
 0.899848
 3.0762
 1.73777
 2.92267
 1.82662
 1.46059
 0.362183
 -0.392021
 -1.52726
 -0.0871888
 -1.09618
 1.31436
 -1.17699
 -1.99416
 -0.597627
 -1.39605
 -0.174398
 -2.20064
 -3.00129
 -2.49994
 -1.93838
 -0.118709
 -0.792419
 -0.536831
 -1.36639
 0.236498
 -0.736462
 -0.00797129
 0.169825
 1.02675
 0.0112829
 0.552548
 -2.07547
 -0.962138
 -0.721852
 -1.98598
 -0.248722
 -1.1618
 1.70725
 -0.238798
 1.87295
 2.12908
 1.68899
 2.16059
 2.31325
 2.59739
 1.40596
 0.236241
 -0.132088
 -1.04397
 0.10299
 0.51502
 1.62489
 2.03079
 1.63832
 -0.743424
 -0.100061
 -0.630871
 -0.0346247
 -2.0421
 -1.23948
 -0.215884
 -0.955934
 0.114833
 -2.06803
 -1.69522
 -2.14451
 -1.60692
 0.291078
 -0.845788
 -0.0353604
 0.910358
 -1.57469
 -0.464675
 -0.841149
 -0.323272
 0.0150205
 -0.00602897
 -0.343336
 -0.849569
 0.165483
 -0.548785
 -1.27768
 -1.61411
 -0.672237
 -0.569618
 -0.866891
 -1.79431
 -1.70159
 -0.736304
 -0.207778
 0.527848
 -1.00274
 -0.556396
 -0.876801
 -0.365636
 -0.538505
 0.138373
 -1.27915
 -1.25609
 0.804469
 -0.256269
 -0.692656
 -0.292233
 -0.609297
 0.481888
 0.786127
 0.858557
 -1.09931
 -0.882939
 -0.677931
 0.00793915
 -0.351981
 -1.84609
 -1.52051
 -2.60441
 -0.534187
 -1.16103
 -1.40116
 -1.00646
 -0.852288
 -0.0402773
 -1.00047
 -2.12469
 -1.78834
 -0.791595
 0.0384272
 -1.02244
 0.735188
 -0.152243
 0.31903
 0.325805
 -0.44534
 0.00432363
 -0.341978
 -0.96932
 -0.782949
 -2.13319
 -0.962358
 -2.61845
 -1.44792
 -1.43479
 1.02803
 0.619611
 -0.077998
 0.666011
 -0.668401
 1.47232
 -0.0695713
 0.69272
 1.94852
 1.72036
 1.4951
 1.10502
 0.977497
 1.01801
 2.07335
 1.40093
 2.13294
 1.24978
 -0.745277
 0.0710041
 -1.69834
 -0.617011
 -2.59472
 -0.00733666
 -1.52866
 1.01217
 0.192688
 0.104406
 0.141746
 -0.81687
 -0.597361
 -0.730162
 0.202229
 0.313771
 0.332927
 0.79855
 0.326987
 -0.343988
 2.37721
 0.226766
 2.18458
 0.167774
 1.74228
 0.090547
 1.24423
 -0.158578
 1.59459
 0.172517
 1.95156
 1.15925
 0.82239
 -0.147717
 -0.973673
 1.75307
 -0.138508
 1.98499
 -1.21283
 0.0734023
 -1.90511
 -0.630146
 -1.1431
 -1.78766
 0.103829
 0.418598
 1.97655
 0.969418
 -0.622644
 0.0248313
 0.445624
 1.69624
 0.518214
 -1.5588
 0.358592
 -1.39745
 1.11948
 0.00616128
 0.720469
 0.967343
 1.21075
 0.691084
 0.460269
 0.144689
 -0.712077
 -0.282456
 -1.02088
 0.0990253
 -0.679849
 1.0707
 -0.0196604
 -0.796198
 0.407721
 -0.230995
 1.10139
 -0.706822
 -0.481878
 0.795399
 -0.47406
 -0.339112
 -0.936374
 -0.152198
 -1.03635
 -2.03531
 -1.28491
 -1.51612
 -0.131338
 -0.701817
 0.820672
 -0.0599771
 -0.014908
 0.633939
 -1.48687
 -1.93502
 -0.503722
 0.406569
 0.482676
 0.887825
 1.37602
 1.01357
 1.49138
 2.36165
 2.11373
 1.86936
 0.892242
 -0.974878
 -0.781152
 0.151154
 -0.855826
 -0.625498
 -1.00994
 0.893571
 0.875734
 1.12031
 1.57326
 1.88133
 1.8559
 0.568211
 0.227993
 0.76893
 0.780722
 0.459067
 1.40083
 1.00929
 0.0416038
 0.00855185
