 -0.971614
 -0.513271
 -1.70544
 -0.300232
 -0.515343
 -1.05641
 0.557577
 -0.176284
 0.197222
 -0.101095
 0.0691161
 -0.2329
 -0.109648
 0.732391
 0.319706
 0.849823
 0.932449
 2.65522
 0.965652
 1.74893
 0.96119
 0.362543
 0.101043
 0.946131
 2.03906
 1.74457
 1.76129
 0.684379
 1.03095
 0.7103
 -0.0507322
 0.594296
 0.564864
 -0.77136
 0.193007
 0.258772
 2.28967
 2.99715
 1.36721
 2.05653
 1.74831
 1.0692
 0.599547
 1.94772
 1.20684
 -1.44031
 0.333213
 -0.75039
 -0.126175
 -0.54367
 1.5471
 1.9807
 -0.542314
 1.64748
 0.629111
 2.78857
 2.15224
 1.58186
 1.20376
 1.04741
 1.40012
 0.971759
 -1.04481
 -2.11877
 -2.39063
 -1.01129
 -0.842259
 -0.199744
 -1.62177
 1.3755
 0.0783585
 1.96562
 1.54498
 0.033609
 0.131349
 0.251386
 -0.856945
 -0.062884
 0.752709
 -0.328018
 -1.56318
 -1.31389
 0.610028
 0.574172
 -0.295104
 -0.556231
 -1.26992
 -0.503927
 0.0945539
 1.08965
 0.103571
 0.658583
 1.47241
 0.857421
 1.60574
 1.99479
 2.51984
 2.36488
 1.62885
 2.77058
 2.78301
 2.03231
 1.31002
 1.99117
 1.32681
 0.661136
 0.3715
 0.249825
 -0.49592
 -0.734953
 0.887185
 -0.257722
 1.50617
 -0.459833
 1.05452
 1.02772
 1.72755
 0.300783
 -0.595692
 0.204962
 -1.36384
 -0.718087
 -1.3992
 -1.56134
 -1.0264
 -0.810303
 -0.533902
 0.0602288
 -0.0930138
 -1.06652
 -0.823345
 -1.08196
 -0.9293
 -2.15545
 -0.382069
 -0.0443869
 -1.8302
 -0.480499
 -0.884377
 -1.098
 -2.24474
 -1.5563
 0.458457
 -1.59575
 0.434307
 -0.129527
 -0.239947
 -0.428659
 -0.605616
 1.86327
 0.973795
 1.36363
 1.77116
 1.83593
 1.81928
 0.331989
 0.699509
 -0.84318
 -0.523844
 0.00338009
 -0.516516
 0.158171
 0.014995
 0.981522
 -0.267965
 -1.28024
 -0.843878
 0.407104
 -0.55087
 1.90661
 0.0200278
 1.12208
 -0.182914
 -0.032467
 -0.281912
 0.469532
 -1.30399
 -0.461688
 0.429089
 -0.43223
 -1.02894
 -0.0549819
 -0.234454
 -1.021
 -0.875098
 -0.391643
 0.0318781
 0.420203
 -0.792298
 0.387318
 -0.086826
 -0.767783
 -1.73228
 -1.65721
 -1.19201
 -1.33047
 -0.985318
 -2.35511
 -0.908645
