 0.267033
 -1.25833
 -1.27991
 -0.493196
 -0.399543
 -1.07784
 0.74714
 -0.37098
 0.135508
 0.0785399
 0.000474999
 -0.165831
 -0.0754738
 0.793324
 0.40879
 0.838834
 1.00982
 2.85675
 1.01501
 1.75787
 0.931195
 0.355429
 0.0283183
 1.00763
 2.1355
 1.66799
 1.45283
 0.848185
 0.951285
 0.73099
 -0.151433
 0.702008
 0.493385
 -0.747032
 0.111073
 0.280063
 2.30508
 3.52335
 1.28192
 2.23286
 1.63813
 1.02533
 0.68177
 1.93818
 1.34749
 -1.58489
 0.470573
 -0.740063
 -0.134959
 -0.48193
 1.4028
 2.12501
 -0.700014
 1.68533
 0.576539
 2.99458
 2.34623
 1.52448
 1.09326
 1.05184
 1.35623
 0.716984
 -1.08281
 -1.86948
 -2.51609
 -0.935135
 -0.971227
 -0.0375394
 -1.72641
 1.40384
 0.113856
 2.03835
 1.28691
 0.148154
 0.204839
 0.0976009
 -0.739721
 -0.204875
 0.780884
 -0.402029
 -1.70708
 -1.27039
 0.59869
 0.569977
 -0.432977
 -0.504667
 -1.19665
 -0.576767
 0.328448
 0.957197
 0.0566802
 0.644846
 1.63746
 0.646127
 1.71825
 2.01958
 2.7363
 2.21053
 1.75223
 3.09933
 3.08954
 1.89177
 1.65408
 1.80523
 1.2256
 0.822417
 0.0855698
 0.36077
 -0.458112
 -0.774003
 1.01981
 -0.231263
 1.45469
 -0.395578
 0.918548
 1.21486
 1.70167
 0.233809
 -0.492188
 0.18358
 -1.21621
 -0.891962
 -1.23114
 -1.53118
 -1.20152
 -0.803489
 -0.599554
 0.0617131
 -0.097032
 -1.09261
 -0.612356
 -1.13871
 -0.898677
 -2.2484
 -0.349246
 0.0240506
 -1.85613
 -0.554849
 -0.924294
 -1.22493
 -2.24472
 -1.4535
 0.315628
 -1.33955
 0.307382
 0.036889
 -0.308569
 -0.592796
 -0.447108
 1.84914
 0.990176
 1.42453
 1.61419
 1.88997
 1.68635
 0.41454
 0.708377
 -0.97198
 -0.530689
 0.105714
 -0.579954
 0.00601516
 -0.0747525
 1.08308
 -0.330118
 -1.24453
 -0.873365
 0.440162
 -0.463367
 1.92025
 -0.0529998
 1.084
 -0.138037
 0.0672229
 -0.34996
 0.483303
 -1.11284
 -0.556932
 0.522093
 -0.373584
 -1.1194
 0.253571
 -0.27533
 -0.964562
 -0.769527
 -0.587335
 0.0828644
 0.42874
 -0.817008
 0.334595
 -0.094509
 -0.888661
 -1.62967
 -1.60363
 -1.28981
 -1.13941
 -0.972151
 -2.43891
 -1.00195
 -0.695152
 -1.63032
 -0.706208
 -0.307369
 -0.521356
 -1.02709
 -0.90043
 -0.360063
 -0.175171
 -1.51194
 -0.17727
 -1.6516
 0.0810297
 0.403212
 1.75736
 1.55061
 1.24084
 0.451132
 0.857607
 1.55909
 -0.0833998
 0.562487
 0.497587
 0.864419
 1.21901
 0.439475
 0.364306
 -0.50227
 0.640402
 0.454334
 2.11619
 2.04392
 2.91956
 1.50014
 2.60309
 0.77424
 1.65214
 0.782313
 1.51354
 1.52805
 0.723548
 -0.215663
 1.29098
 1.3529
 0.539942
 1.70723
 0.373527
 0.172966
 -0.39337
 -0.765992
 -0.210797
 -1.65208
 -1.35062
 -2.59161
 -1.6842
 -1.4623
 -1.05721
 0.380187
 -0.556278
 -0.969776
 -0.142067
 0.326471
 -0.570626
 -0.342475
 -1.24657
 -0.835174
 -2.52141
 -1.59072
 -2.11945
 -1.63832
 0.441549
 0.392807
 -0.251471
 0.23387
 -0.162616
 0.99395
 0.268043
 -1.01578
 -0.700574
 -1.57781
 -0.333299
 0.0256687
 0.636678
 0.901254
 0.510124
 0.663814
 -0.171199
 1.6328
 0.752588
 1.26426
 0.10959
 -0.215575
 0.197222
 -1.39725
 -1.4607
 -1.17326
 -0.129439
 0.904928
 0.329391
 0.172121
 0.986931
 0.744511
 -0.271392
 0.297501
 0.120264
 1.31501
 -1.1458
 0.649779
 -1.26078
 -1.89898
 -3.19294
 -2.22369
 -1.37578
 -0.0415574
 0.710539
 1.02126
 0.133254
 0.22666
 -0.0920333
 -0.638304
 -0.491191
 0.108171
 -0.875858
 0.560549
 -1.31511
 -1.4523
 -2.12839
 -1.72903
 -0.848166
 0.573397
 -0.373863
 1.02589
 0.310911
 1.86125
 1.74014
 0.652175
 0.796913
 1.19407
 -1.49763
 0.255631
 0.254256
 0.0499723
 0.271859
 0.745042
 0.111608
 -1.56186
 -1.58889
 -1.60761
 -1.16934
 -1.64216
 -2.09021
 -1.05355
 -1.17973
 -0.899265
 -0.741747
 0.439429
 -0.165021
 -0.463107
 -1.28119
 -0.80768
 -1.3537
 -0.738041
 -0.944411
 -0.313656
 0.0380845
 0.315456
 -0.101416
 -0.251013
 -0.518704
 -0.488872
 -1.31172
 -0.896104
 -1.20385
 -0.832151
 0.267631
 0.620386
 1.17158
 1.59327
 1.33877
 0.234172
 0.290508
 -0.934457
 -1.24044
 -1.70248
 -0.906904
 1.04158
 -1.19688
 -0.0911007
 -0.584409
 -0.272631
 -0.376092
 -1.90748
 -0.529874
 -0.134597
 -1.46028
 -1.38012
 -1.943
 -1.56749
 0.468143
 -1.16425
 0.218791
 0.640268
 -0.828405
 -0.559779
 -0.22864
 -0.814388
 -1.17186
 -0.416022
 -0.607467
 0.470734
 0.722694
 0.674436
 -0.762141
 0.653906
 -0.971105
 -0.852525
 -0.235613
 0.0836418
 -1.1423
 0.665211
 -0.597666
 -0.264875
 0.026346
 -0.279722
 1.03336
 0.794799
 2.05295
 2.49886
 0.727265
 0.101697
 -0.531925
 -0.85313
 -2.1003
 -2.05284
 -1.4665
 -2.22973
 -3.33731
 -0.702225
 -0.456778
 -0.784485
 0.000697654
 0.255206
 -0.0401085
 0.0136172
 -0.110353
 0.180036
 -0.0918509
 0.512856
 0.178037
 1.09181
 1.40643
 1.16544
 2.33035
 0.226381
 -0.0840599
 -1.79409
 0.0726596
 -1.99061
 -2.54325
 -1.28341
 -1.86773
 -1.73134
 -1.24863
 0.0153018
 -0.858145
 -1.66806
 -0.284096
 -0.295269
 -0.0596779
 0.185561
 -1.42844
 -0.120414
 -0.470499
 0.15011
 0.199116
 -0.562437
 -1.08103
 -1.1561
 -2.03968
 -0.263551
 -0.739011
 -0.455435
 -1.56667
 -1.26965
 -1.22604
 -2.08778
 -2.29428
 -2.91031
 -1.03012
 -1.70897
 -1.87684
 -0.686743
 -1.64733
 0.378228
 1.00634
 0.966675
 0.0115108
 1.46361
 1.57457
 1.56232
 1.99806
 0.836046
 1.04507
 1.72162
 -1.48581
 -0.497531
 0.462162
 0.233836
 0.881394
 1.19582
 -0.657004
 -0.167373
 -0.709556
 -0.835287
 0.181362
 0.158235
 0.104124
 0.28161
 -0.361833
 -0.451682
 0.397791
 0.639461
 0.873719
 1.03078
 -0.514867
 1.97525
 0.845167
 2.98722
 1.51591
 2.72935
 1.61477
 1.17733
 1.4881
 0.725788
 2.77866
 1.30127
 3.07168
 0.239516
 2.12849
 0.887973
 -0.0207393
 0.191571
 0.12856
 0.488345
 0.230163
 0.185944
 -0.0131184
 -1.04565
 1.03546
 -0.365036
 1.24501
 0.385021
 0.401359
 -0.375185
 0.0965015
 -0.714539
 -0.693854
 -1.08249
 0.213276
 -1.30426
 0.465004
 -0.568407
 1.81375
 0.279051
 1.54764
 0.426676
 1.49478
 1.64843
 1.27802
 -0.0388796
 0.459833
 0.561588
 -0.23864
 0.994077
 0.0617173
 0.182924
 -0.427171
 -1.05805
 -0.469258
 0.155107
 -2.22205
 -1.08129
 -1.4956
 -0.0412061
 -1.70675
 -0.353192
 -0.857872
 -0.532535
 0.296021
 -1.03392
 -0.256556
 0.0214764
 -0.611648
 -0.370422
 -0.150666
 -1.812
 -0.632816
 -0.23287
 -1.76522
 -1.9026
 -2.07807
 -0.722484
 -1.26947
 0.361067
 -1.16322
 0.806134
 -1.28037
 0.833849
 0.724865
 0.757699
 0.329709
 0.0141017
 0.355028
 -0.420954
 0.887138
 -0.112396
 2.21385
 2.28006
 0.3214
 -0.130087
 0.738214
 0.780726
 1.66859
 1.1512
 0.276982
 0.643635
 -0.355016
 0.123407
 -0.292451
 -1.28431
 -0.770342
 -1.36307
 -0.186387
 -1.08354
 -0.63348
 0.823179
 -0.517934
 -0.036556
 0.425694
 0.41295
 0.60134
 0.328855
 -1.11462
 -0.169491
 0.414154
 -0.156605
 1.76693
 0.229063
 0.786655
 0.0403698
 -0.440778
 -1.11509
 -2.38101
 -1.78683
 -1.43761
 -2.27049
 -1.2087
 -2.78009
 -1.28593
 -2.34164
 -2.74471
 -1.23516
 -0.801207
 0.0948317
 0.0109199
 -0.476104
 -0.0541099
 0.880188
 0.0122933
 0.306547
 0.868999
 0.379987
 1.41081
 -0.420353
 1.09408
 1.05277
 1.43153
 0.870287
 2.05145
 0.830118
 0.099426
 0.801513
 -0.583437
 1.00839
 0.221505
 1.38541
 0.694112
 1.3658
 1.1666
 0.93112
 0.129536
 1.31153
 1.15785
 1.46061
 0.827778
 0.491884
 1.36595
 1.29082
 -1.55139
 -0.148573
 -1.72453
 0.275123
 -1.29898
 0.285699
 -1.73313
 0.0803783
 -1.37367
 0.57849
 -0.715502
 0.0851242
 -0.759609
 -0.958218
 -0.0311833
 -0.733449
 -1.26213
 0.376724
 -0.945317
 -0.576654
 -1.20882
 -0.858637
 -1.78998
 0.399
 -1.91149
 -2.21412
 -1.49875
 -1.40334
 -0.471051
 -1.22698
 -2.06277
 -1.31731
 -0.629272
 -2.32433
 -2.57444
 -1.20861
 -2.70203
 0.157409
 -2.48978
 -0.294066
 -1.65409
 -0.567072
 0.205493
 1.65062
 0.899752
 2.62652
 0.88874
 1.17361
 1.80627
 0.861582
 2.23047
 0.521936
 1.49659
 2.01185
 1.40862
 1.21197
 1.87398
 0.826447
 1.78778
 1.84423
 -0.0855021
 -0.505838
 0.368852
 -1.28821
 0.311107
 -1.38068
 0.582816
 -2.45347
 -1.26387
 -1.33553
 -1.04834
 -0.577761
 0.222776
 -0.154286
 -0.472948
 -0.314226
 0.13424
 -0.808048
 1.0822
 -0.968298
 -0.307041
 -1.31057
 0.293621
 2.7443
 0.596079
 0.668424
 -1.84983
 -2.42155
 -1.39419
 -0.611576
 0.950919
 0.265945
 0.676349
 0.117702
 -0.83001
 -1.81897
 0.486606
 0.0428276
 -1.14344
 0.299097
 -1.44334
 -0.112407
 -0.677909
 -0.641921
 -1.6881
 -0.00159501
 -0.843097
 0.058275
 -0.928732
 -0.0500409
 -0.813032
 -1.4775
 -0.320883
 -0.85178
 -0.970916
 1.15467
 0.915826
 0.868606
 2.2315
 -0.306868
 0.613497
 0.0661817
 0.608554
 -0.951
 0.612856
 -0.740221
 -2.2679
 -1.98931
 -0.999579
 -1.14802
 -1.39112
 -1.51391
 -0.980058
 -0.376112
 -1.17311
 -0.384465
 -1.32298
 -0.334848
 -1.71353
 1.02854
 -0.467749
 -0.0194455
 -0.619082
 -1.2367
 -0.180704
 0.664908
 -0.208087
 0.0390489
 -0.123924
 -0.881853
 0.222653
 -0.0854414
 0.238707
 -0.374634
 1.64423
 1.14625
 2.09581
 1.58817
 2.04679
 1.22478
 -0.282563
 1.94255
 0.916643
 0.611501
 0.390669
 1.2261
 -0.256813
 1.75689
 -0.13576
 -0.152947
 0.394577
 0.523988
 -0.103341
 0.836345
 2.40962
 1.93924
 -0.548648
 0.720821
 -1.12483
 -0.60829
 -2.41821
 -1.69342
 -1.873
 -0.810201
 -1.78479
 -0.49604
 -1.77915
 -0.21843
 -2.03497
 -1.42678
 -1.29829
 -0.232448
 -1.30571
 0.30143
 0.640006
 1.41362
 0.24744
 -0.14542
 -0.11485
 0.561823
 -1.05729
 -0.272116
 0.279417
 0.517079
 0.698413
 -0.209249
 0.227364
 1.28573
 1.16339
 2.01612
 2.0263
 2.01772
 1.81032
 -0.800993
 -0.638212
 0.115901
 -0.28368
 0.740576
 -1.44607
 0.206115
 -1.71416
 -0.567053
 -1.57856
 0.38186
 -0.0876983
 0.02762
 -0.1419
 -1.39979
 0.298352
 0.298216
 0.982059
 2.16034
 0.819217
 1.72882
 0.887382
 2.08478
 -0.710095
 0.106137
 -0.731053
 -1.50788
 -2.1612
 -0.36437
 -0.763245
 1.71872
 1.00822
 0.718472
 0.403854
 -0.266932
 0.246804
 -0.083634
 0.567987
 0.284795
 0.857663
 0.956303
 0.447173
 1.79587
 1.85685
 1.53208
 -0.326205
 1.3437
 0.660751
 0.12964
 0.715724
 -0.353688
 1.29941
 0.435218
 0.0399111
 0.921721
 0.668285
 0.267602
 2.11965
 1.09186
 2.73207
 0.639688
 0.452564
 0.599634
 0.354908
 0.989439
 -0.133016
 -0.345269
 1.21187
 0.0727204
 -0.962286
 -0.842084
 -0.727295
 -0.147536
 -1.34609
 0.450234
 -0.444167
 -0.227354
 -1.49116
 -1.67138
 -2.57648
 -0.0989402
 -1.1646
 -1.01731
 0.0542028
 -0.150928
 1.67978
 1.28225
 1.23532
 -1.7572
