 0.518191
 -1.75414
 -1.17183
 -0.78774
 -0.145499
 -1.59831
 1.17593
 0.53805
 1.04341
 1.60771
 2.41155
 0.509645
 1.50781
 -0.52443
 -0.812115
 1.12712
 -0.896506
 -0.272763
 -0.253736
 -0.880511
 -1.11401
 -0.100542
 0.00823285
 0.806721
 1.67281
 0.048387
 -0.833937
 1.11192
 -0.209961
 -0.402023
 -1.15765
 -1.83111
 -1.17391
 -1.2425
 -1.37621
 -0.226565
 -1.24631
 -1.5973
 -1.1292
 -2.42788
 -1.72884
 -2.18823
 -1.38794
 -1.74115
 -0.0395957
 1.25104
 -0.158867
 0.0625471
 -1.59942
 1.68279
 -0.228993
 2.30901
 -0.328236
 0.424426
 0.595158
 0.459123
 0.334233
 -0.0930601
 1.15357
 1.20769
 1.99122
 -0.328897
 0.743813
 -1.0993
 -0.808731
 -1.49811
 -1.01994
 -0.124586
 -1.78896
 0.225574
 0.555352
 -0.0917857
 1.10573
 1.62878
 2.42634
 0.702912
 2.39538
 1.40593
 0.609203
 1.72576
 2.10061
 2.00072
 1.19973
 3.06345
 1.85344
 2.45192
 1.84617
 2.4975
 1.3501
 1.91184
 0.53695
 0.873961
 0.395488
 1.36327
 -0.194225
 -0.917611
 1.12148
 -0.705089
 0.988199
 -1.36305
 0.873532
 -0.390998
 1.36545
 0.00921205
 1.78065
 0.424521
 -0.963391
 0.072938
 -0.609753
 -0.696251
 0.180204
 0.0199588
 0.614535
 -0.513645
 -0.302139
 -0.320949
 -0.868792
 -0.400758
 0.526175
 0.0214082
 1.19832
 0.81449
 0.777639
 1.79758
 0.00701616
 -0.487791
 1.5111
 2.01026
 2.01568
 1.7041
 1.45661
 1.01606
 0.815297
 0.804445
 -0.803344
 -1.00098
 -0.805346
 0.0478662
 -0.0772617
 -0.288755
 0.0552139
 -1.15413
 -1.40495
 -2.20429
 -0.460983
 -0.107027
 1.21337
 -0.998198
 0.395571
 -0.458776
 0.228849
 -1.98135
 -0.99096
 -0.0900022
 1.07489
 1.16795
 0.421662
 0.559342
 -1.09706
 0.708832
 -0.378659
 0.84133
 0.0485087
 1.17124
 -0.216672
 0.591421
 -0.00976628
 -0.157251
 0.483478
 0.520584
 2.37478
 1.37301
 1.18424
 -0.208954
 -0.252612
 0.0446878
 -0.0453021
 0.178182
 -0.0621287
 -0.390137
 0.0170249
 -1.10459
 0.858713
 -1.56396
 1.66342
 0.879458
 1.75895
 0.969179
 0.806931
 0.480523
 0.365377
 0.633518
 0.731468
 -1.36389
 -1.32242
 -0.600214
 0.433952
 0.0832223
 -0.0225238
