 0
 0
 -0.12017
 -0.220848
 1.45408
 1.48926
 -1.03183
 -0.345467
 1.48075
 0.796548
 2.17949
 0.751095
 -0.27369
 -0.739178
 -0.227656
 1.19147
 -0.0019165
 1.8562
 -0.880196
 -0.424538
 0.722686
 0.165592
 1.02532
 0.344539
 -0.514785
 -1.33283
 0.114424
 1.48547
 -2.79124
 -0.312259
 0.564704
 -1.18854
 0.46289
 -0.263734
 -0.768969
 0.789161
 0.784302
 1.18403
 -1.49991
 -0.444524
 -1.85287
 -1.17279
 -1.83785
 -0.489593
 0.996014
 -1.45625
 0.796626
 1.71348
 -0.523394
 -0.924162
 1.30499
 2.02753
 -0.0966701
 1.11553
 1.17208
 0.109567
 1.91617
 -0.737247
 2.60211
 0.123648
 1.41378
 -0.398414
 1.35858
 -1.35769
 0.765294
 0.0184609
 -1.86929
 2.02615
 -1.72507
 -1.05736
 -0.919911
 1.18305
 0.567193
 -0.299653
 -1.71076
 0.5861
 0.565187
 -1.81105
 -1.41437
 -1.52244
 0.927458
 0.47091
 1.40999
 -2.47184
 -1.76148
 -0.438581
 -1.51631
 1.46623
 -0.57717
 -0.21145
 1.73087
 -1.61576
 -1.76019
 2.35046
 1.2092
 -1.66483
 -0.0687818
 1.13486
 -0.532367
 1.89682
 0.0797499
 0.332553
 1.07602
 1.21749
 1.67879
 1.92353
 -1.55337
 -1.76707
 -0.856052
 -0.0438239
 -0.137587
 -1.99432
 -2.45057
 -0.907938
 -1.44787
 -3.07125
 -1.81737
 -0.489752
 -0.30223
 -0.847103
 0.426092
 2.86195
 -0.20917
 3.01916
 -1.23463
 2.54125
 2.13715
 -1.98879
 1.80821
 -0.429918
 -0.634421
 0.329529
 -0.164176
 1.29487
 -0.324194
 -0.0176128
 1.35689
 2.85899
 1.02542
 3.15884
 -0.329704
 1.57255
 0.973274
 0.432964
 1.16739
 1.5408
 1.12478
 -0.780789
 0.186656
 -2.49404
 -2.08125
 -1.27152
 -1.74496
 -3.16948
 1.22506
 -2.51704
 0.350896
 -0.0798842
 1.65361
 -1.07382
 2.21366
 0.696271
 -2.38483
 0.606052
 0.247484
 1.73052
 -0.24077
 -0.243302
 -1.83432
 -2.66861
 -1.16329
 -1.28383
 -1.86472
 -0.900409
 -2.16059
 2.26897
 -1.96506
 2.45571
 -1.06795
 0.931105
 -0.97263
 -1.30359
 -1.71853
 -0.295783
 0.533988
 -0.185298
 1.94587
 -0.639443
 0.473768
 -0.779306
 0.754004
 2.46492
 0.900469
 1.14746
 1.50896
 -1.36626
 0.354064
 -0.293203
 0.651917
 1.99052
 -0.0059257
 2.20206
 0.903657
 1.33897
 -1.12953
 2.03207
 -0.189491
 1.45842
 -0.574754
 1.45405
 2.51713
 2.66711
 -0.176921
 1.55317
 0.978015
 -0.620961
 -2.27788
 -0.299839
 0.588127
 0.850405
 2.12786
 1.49007
 0.343303
 -0.345322
 -0.845982
 1.32075
 -2.04788
 -0.8318
 -0.630042
 -2.49472
 -0.53258
 -1.95507
 -0.361128
 -0.506345
 1.914
 0.605609
 2.61472
 1.92529
 1.53416
 -0.377917
 1.94839
 1.91726
 0.00654803
 0.513492
 3.06293
 -0.599683
 1.9777
 -0.615113
 -0.108484
 0.5022
 1.82611
 -0.351675
 0.507019
 -0.76034
 -1.64965
 1.37087
 -0.686183
 1.22964
 -0.531569
 1.06831
 -0.602043
 -0.859902
 -2.76255
 -1.51662
 -1.32077
 -1.86963
 1.81677
 -1.61522
 -2.50367
 1.401
 -0.045282
 0.0964706
 -0.0126228
 1.92134
 -0.0268301
 -0.951093
 1.62968
 -0.359159
 1.27479
 -0.730288
 0.0932181
 -0.403137
 1.20689
 1.20893
 1.26811
 1.92306
 1.39245
 1.56346
 0.595401
 1.36458
 -0.0310098
 2.22573
 0.608198
 1.24439
 -1.98269
 1.65883
 -1.56328
 -0.920763
 1.47769
 -0.465056
 -1.57075
 -1.72737
 -1.87706
 0.057958
 -1.0093
 0.938749
 -1.31195
 0.502477
 1.05684
 1.31862
 0.690109
 3.1034
 1.81065
 -0.419983
 2.337
 2.26269
 1.94054
 -0.308717
 -1.59445
 0.17925
 -0.582544
 0.344091
 -0.0644751
 -1.27593
 -0.731993
 -2.87927
 -1.17964
 -1.83178
 -0.636139
 -0.482433
 -0.655164
 -1.73474
 -1.73151
 -1.93459
 -1.43179
 0.406173
 -2.39281
 0.248447
 -1.95013
 -1.01071
 0.156244
 -0.823748
 -2.51652
 1.9093
 -1.85752
 1.0274
 0.983736
 -0.80064
 2.12238
 0.934129
 0.297794
 0.399515
 1.89207
 2.20342
 2.22653
 2.09362
 1.81294
 2.23861
 0.65391
 1.03792
 0.76786
 1.42297
 -1.25014
 1.84145
 -2.09319
 0.209357
 -0.790956
 0.909014
 -0.828196
 -0.0985059
 2.00144
 1.66635
 -0.888367
 -2.2126
 -0.123708
 -1.90883
 -0.41959
 1.86903
 -0.677627
 -0.212058
 0.530949
 -0.303183
 2.66364
 -0.0615952
 2.33264
 -0.492605
 1.43651
 -0.325298
 1.24449
 -0.49997
 -1.57607
 -2.75153
 -0.990163
 0.61871
 -2.33006
 -0.0806732
 -1.85441
 -1.91799
 -2.60278
 -0.812117
 0.563669
 -1.86807
 0.331171
 -2.34127
 -0.69823
 -2.58695
 0.282626
 -1.41989
 0.530029
 -2.7023
 -1.85516
 0.0803807
 1.47803
 -0.396913
 0.526462
 0.937317
 -0.163189
 1.06183
 0.0637702
 1.96436
 1.18925
 1.89775
 0.208273
 1.71043
 2.15923
 2.86608
 0.946006
 2.21768
 2.98018
 3.09922
 0.662735
 2.26978
 0.821869
 -0.349564
 2.395
 1.09539
 -0.063241
 2.38344
 1.72463
 2.98004
 0.178838
 -0.834227
 0.940482
 0.528291
 1.46651
 2.77708
 -1.06371
 1.9014
 0.101754
 -0.194672
 -0.406331
 -1.04289
 -0.39657
 0.307606
 -1.03844
 -1.55801
 -0.744466
 0.0350645
 -0.132782
 -0.184941
 -1.33869
 2.11175
 1.62433
 0.917493
 2.01462
 0.14695
 -0.338358
 -0.0107505
 2.06246
 -0.064378
 0.843361
 1.38572
 -1.69346
 -1.31025
 0.823457
 -0.631816
 -0.901794
 -2.02837
 -1.44242
 -2.62538
 -1.20025
 -0.554808
 -0.0608473
 -1.35622
 -1.20108
 0.382485
 -1.68946
 -0.821232
 0.862848
 -0.412803
 -0.226776
 -0.991902
 1.44529
 0.851657
 1.64612
 -0.579964
 1.72398
 -1.54062
 2.14281
 -1.78684
 0.643519
 -0.525972
 1.63902
 1.12497
 -0.501373
 0.280062
 1.12715
 -0.263137
 0.424181
 1.53743
 0.517699
 -1.10526
 -1.21633
 0.566017
 0.577443
 1.31446
 -0.0753834
 -0.908515
 0.501763
 2.67586
 -0.150997
 1.32624
 0.221383
 -1.72843
 -1.31375
 -2.00348
 -2.1015
 -1.09633
 -0.833328
 -1.75245
 -0.48705
 0.0210298
 -1.10594
 -0.0504307
 -1.2309
 -1.79377
 0.271351
 -0.419492
 0.598931
 0.10052
 0.534526
 -0.0193376
 1.13192
 0.138068
 1.27845
 -0.964323
 0.412302
 -0.94777
 -2.45111
 -2.00536
 -1.19491
 -0.046313
 0.311641
 -0.840421
 0.202255
 0.798828
 -1.42709
 0.540977
 1.97026
 -0.906506
 -0.195275
 0.213392
 0.299493
 0.208701
 -1.57505
 0.940867
 0.283093
 -1.2919
 0.767965
 0.853494
 1.12866
 1.13061
 -1.1452
 -1.7337
 -1.14649
 -0.247011
 1.09677
 -0.00363429
 1.06726
 -0.175366
 1.54687
 0.716427
 2.05733
 0.384457
 1.91067
 2.65508
 0.891974
 -0.104113
 0.46349
 -0.444438
 -1.58075
 1.66491
 -0.333195
 -1.79119
 -0.338027
 -0.438273
 0.659853
 1.03625
 -0.276496
 -0.0783783
 1.1382
 -2.07941
 2.48705
 -0.0976577
 0.592084
 2.67706
 -0.285677
 0.332921
 2.63853
 0.560686
 1.52075
 -0.285577
 1.46859
 -0.688968
 1.26176
 0.259024
 0.91361
 -0.0877739
 2.23663
 1.82159
 -0.190911
 1.30229
 -0.581487
 0.413209
 -2.2026
 0.660382
 -2.24221
 1.26249
 0.106406
 -0.915648
 0.24681
 -0.364508
 1.34303
 0.0417383
 2.26055
 -1.50943
 2.87882
 0.0722563
 2.3414
 -0.844685
 0.719032
 -2.13952
 -1.73533
 -0.0524446
 -0.158713
 -0.375184
 1.19344
 0.950232
 1.75991
 -0.0328684
 -0.114758
 -0.337348
 -0.566156
 -0.112839
 1.8163
 1.54291
 2.05322
 1.15317
 -0.346879
 0.979319
 -0.29715
 1.46296
 -0.93997
 0.556237
 0.493831
 0.772679
 1.63619
 1.80168
 -0.125889
 1.98928
 -0.152881
 0.15198
 1.61451
 -0.387847
 1.7013
 -0.822768
 2.0921
 2.18936
 0.424472
 -1.46427
 2.52335
 0.336572
 2.91759
 1.53248
 2.84754
 -0.389274
 0.36362
 0.665391
 0.575244
 -0.138494
 -0.972462
 -1.57632
 1.68694
 -1.25336
 0.72988
 0.868459
 1.04954
 2.71708
 0.423957
 -0.359004
 1.33019
 0.166381
 -0.369873
 2.57851
 -0.951546
 1.5983
 2.91848
 1.00906
 0.161048
 1.73059
 2.94006
 1.05417
 2.82054
 3.00293
 0.434311
 2.63108
 1.6858
 2.37089
 2.54346
 1.49756
 0.54668
 -1.16869
 -2.41348
 -2.04296
 -1.58686
 1.5733
 0.342967
 -1.17654
 -1.81531
 -1.04357
 -1.85172
 -2.45601
 -2.71066
 -0.872623
 -2.47078
 -1.47964
 -0.306876
 0.950865
 1.53097
 0.419266
 -0.183372
 1.41659
 0.716901
 -0.618083
 0.0178568
 -2.27675
 1.911
 1.01571
 0.971243
 1.8106
 0.357513
 0.35637
 0.208119
 2.54716
 2.79694
 1.11533
 1.98565
 0.90416
 2.58213
 2.08001
 -2.10615
 1.32782
 -2.1821
 0.411287
 -0.26889
 0.170359
 -0.693363
 1.05493
 1.80151
 -0.570191
 2.35509
 1.2013
 2.54503
 -1.30813
 1.11555
 0.79714
 2.23915
 -0.0562846
 0.297084
 2.39162
 1.3814
 0.462275
 -0.270254
 2.2745
 -0.130695
 0.829711
 0.0852515
 0.844522
 0.861009
 0.649622
 0.661158
 0.659875
 0.989865
 -1.44335
 1.07776
 0.116774
 0.349574
 -0.844858
 -0.131737
 0.17338
 -2.3466
 1.76275
 -1.94476
 -1.17864
 -0.594295
 -0.719615
 -1.90892
 -1.22595
 -1.42081
 -1.49366
 -1.04285
 0.0910297
 -1.24828
 1.5417
 1.8611
 2.02954
 0.992459
 1.56098
 0.932294
 1.05825
 1.88772
 -0.404801
 0.0419411
 2.64371
 0.321391
 0.178299
 0.643406
 -1.57087
 -0.23533
 0.544613
 0.911193
 1.80835
 -1.74536
 -0.00574448
 -2.0486
 1.37492
 0.394653
 0.914468
 0.249816
 1.86116
 0.55136
 0.343003
 2.23602
 -0.235555
 1.06472
 1.09767
 2.21092
 -1.15418
 -1.92677
 2.46141
 0.284337
 1.62939
 1.71653
 0.519617
 -1.7188
 -0.213124
 -0.481992
 -1.11978
 -0.987424
 -0.237234
 2.28376
 -0.868814
 -2.02292
 1.49753
 -2.90028
 0.307899
 -2.18146
 1.06829
 -1.91573
 0.761036
 -1.71959
 1.82286
 1.60483
 1.62693
 1.39741
 0.161933
 -1.44863
 0.817777
 0.151655
 1.39245
 -1.68732
 0.788178
 -1.03886
 -0.294976
 1.59668
 1.02896
 0.609387
 -0.893677
 0.661891
 -0.750509
 0.349755
 1.48248
 0.0512781
 -1.81703
 -1.67602
 -1.16119
 0.397567
 -0.780605
 1.18216
 -0.540279
 -1.82331
 0.0810693
 0.663374
 0.940995
 1.20266
 -0.487594
 2.43795
 -1.12714
 0.844381
 0.977022
 2.03651
 0.0543039
 2.26755
 -0.114931
 0.175337
 -2.04658
 -1.05981
 -0.666208
 -2.53707
 -0.930196
 -1.48097
 -2.17479
 -0.223715
 -1.72079
 -1.91041
 0.198623
 -0.694398
 0.0674236
 -0.271587
 1.32139
 -0.557284
 -0.575144
 1.36992
 0.918946
 -0.54476
 0.573175
 -0.474879
 -1.04349
 -1.19129
 0.535401
 2.19348
 1.82465
 0.684158
 2.12913
 2.68097
 1.35121
 2.91367
 -2.34756
 2.84051
 -0.529031
 1.45587
 -0.932938
 1.94701
 -0.672694
 -1.56618
 0.852012
 -1.40396
 -0.799503
 0.402173
 2.76647
 -1.90327
 1.61403
 -1.24947
 0.79936
 0.545064
 0.425701
 2.70266
 3.08741
 1.49908
 1.2509
 -1.83012
 2.59591
 -0.286991
 0.61834
 0.906524
 -0.882202
 -1.48446
 0.173772
 -0.788353
 1.81783
 -1.68674
 2.04674
 0.4824
 0.110782
 2.7565
 -0.692676
 1.94959
 0.189482
 1.183
 0.473332
 1.13782
 -0.384002
 1.2943
 -1.64307
 1.88783
 -2.04424
 1.06265
 -0.159398
 1.0181
 -0.503776
 1.07976
 2.2193
 -0.469587
 0.787116
 0.74972
 3.07206
 1.85365
 2.98951
 0.42029
 -0.206772
 -1.45766
 -2.13803
 0.15618
 -2.14606
 -0.843465
 0.544219
 0.13919
 -0.0510174
 -0.593696
 -0.664808
 1.45937
 0.421251
 -0.187663
 2.7407
 -1.10074
 0.644741
 0.539821
 0.119174
 -0.411522
 -1.57667
 -1.60009
 0.996682
 -0.907722
 0.303069
 -0.186817
 0.772234
 -0.65958
 1.11227
 -1.49402
 -0.545756
 -1.91132
 2.1326
 -0.732099
 2.03721
 -1.11025
 2.93921
 -1.18684
 2.17085
 3.13434
 0.584343
 -2.06706
 1.78766
 -1.24247
 2.06239
 -1.39072
 0.887941
 1.22735
 2.392
 -2.08849
 1.70292
 -1.96691
 2.34571
 -0.484529
 1.72418
 1.41164
 1.0758
 -0.173158
 1.52318
 -2.54481
 0.0568597
 -0.951849
 -1.9042
 -2.48163
 -1.01124
 -0.349088
 -1.06225
 0.459166
 -1.86613
 0.0399209
 -0.346668
 0.903905
 -1.70149
 -0.788164
 -2.09928
 1.34804
 1.10141
 0.099323
 -2.58392
 -1.31732
 -1.68216
 -0.139058
 -2.0633
 -1.83341
 1.961
 -2.77651
 2.01507
 -1.77598
 -1.72196
 -1.8549
 -0.895651
 -1.87082
 -1.86339
 -0.210354
 -1.76513
 1.57858
 0.316728
 -0.907879
 0.141022
 1.99307
 0.896077
 0.529324
 1.36774
 2.13821
 1.56727
 1.64921
 -0.106479
 -0.439568
 2.6917
 -0.434093
 1.3455
 -0.902348
 0.749064
 -0.376435
 0.838896
 -2.82916
 -0.696787
 -1.52062
 0.767595
 -0.633701
 2.73343
 -1.05314
 2.46444
 -1.17926
 -0.333721
 -2.96349
 -1.74027
 0.281526
 -1.01334
 -0.666896
 -0.964704
 -1.92071
 -0.65818
 -1.96586
 -0.690862
 -1.83101
 -0.0738613
 -0.00554744
 0.941678
 2.24365
 0.136891
 1.244
 1.57797
 2.19793
 -0.821076
 1.16144
 0.0300995
 1.57105
 -0.560673
 -0.569557
 -1.0315
 -0.590847
 0.55584
 2.04001
 -0.574205
 -0.437522
 -1.04964
 -0.620423
 -1.58178
 -1.73552
 -1.26361
 0.123284
 -0.598561
 -1.13938
 2.3277
 -1.92134
 1.19058
 -0.56645
 0.45843
 1.70004
 -1.75059
 -0.385541
 1.78118
 0.231681
 0.79499
 0.543877
 -0.299341
 2.43186
 0.435314
 0.35679
 0.142889
 -1.10245
 1.00043
 0.50266
 -2.50802
 1.49336
 -0.668116
 0.347009
 0.856612
 -0.774728
 2.75279
 0.071828
 1.18639
 -1.9298
 0.976385
 -0.753014
 0.79797
 0.0715308
 -2.29493
 0.792693
 -1.18994
 0.877632
 -1.80889
 0.462072
 -1.25176
 -1.59125
 -2.30895
 -0.394914
 -2.20469
 -1.89899
 -1.32063
 1.81368
 -0.51865
 0.0926334
 -0.158906
 1.55067
 1.51746
 -1.79496
 -2.19102
 0.51859
 -0.72219
 -2.68055
 -0.34869
 1.74865
 0.169918
 0.994656
 0.415409
 -0.203314
 -0.480857
 -2.25008
 0.143724
 -2.71936
 1.86851
 -2.73066
 1.28441
 -2.1624
 0.116439
 1.29432
 0.992292
 0.0515208
 2.18545
 -0.27658
 1.04464
 2.00292
 -1.12635
 0.217776
 -0.167462
 0.0811741
 2.13121
 0.478767
 1.45275
 0.11496
 1.09418
 -0.376632
 1.70883
 -0.804199
 1.19761
 -0.974301
 -0.523455
 1.96111
 1.17525
 -1.70547
 -0.80641
 -0.43061
 -0.139085
 -0.311784
 -0.605918
 0.0167502
 0.557602
 -1.48929
 1.43042
 -0.414902
 -0.00885842
 1.34191
 -2.00407
 0.222201
 -0.512926
 -1.25662
 -0.350482
 0.962031
 -1.65461
 -0.496952
 1.64938
 -2.08383
 -0.189886
 -0.0979944
 0.417544
 -2.34326
 0.870844
 0.856371
 1.16386
 1.47175
 1.42848
 -0.293198
 0.255948
 -0.46828
 0.670539
 0.832116
 -0.695294
 1.14049
 -0.311002
 2.31983
 0.00674047
 0.00179749
 -0.628237
 0.132229
 -1.52631
 0.980519
 -1.09112
 2.80772
 -0.358537
 1.46496
 1.59717
 2.08117
 0.21759
 0.904236
 -0.377921
 0.580515
 -2.79505
 -0.939445
 -0.755513
 0.468268
 -2.37828
 -1.72579
 0.670075
 -2.30401
 0.972564
 1.32564
 -1.0531
 1.68877
 -2.25618
 2.14425
 -0.499731
 -1.04633
 0.0873572
 0.795564
 -1.01083
 -0.0979663
 -1.74374
 -1.15773
 1.14551
 -1.09599
 0.656367
 -2.24827
 1.116
 -2.4132
 -1.72383
 0.20317
 -1.24095
 1.86019
 1.1831
 -0.362383
 2.04137
 0.664422
 -1.02236
 0.0643541
 -1.51599
 -1.14918
 -0.9393
 -1.13854
 -1.27612
 -1.07061
 1.73878
 -0.620707
 -2.45498
 -2.34495
 -0.0129241
 -0.427141
 1.56449
 -0.204163
 1.83116
 -0.595076
 -0.0614407
 -0.203815
 -1.09933
 0.378253
 0.523883
 0.946628
 0.456151
 -1.6733
 1.80299
 0.325549
 2.68882
 0.739645
 1.62657
 -1.62553
 0.469958
 2.35319
 -1.18556
 -0.54345
 0.294046
 -2.63504
 0.444191
 1.37957
 0.333486
 1.27544
 -1.20497
 0.473584
 -0.652475
 -0.0536268
 0.527698
 -1.49915
 -1.22521
 1.83876
 -1.75149
 0.554983
 -0.956763
 -0.344827
 -1.27708
 -0.147488
 0.837563
 -1.15864
 1.47739
 -1.11478
 1.6934
 -1.21417
 1.07386
 -1.15525
 2.35944
 -1.03862
 -0.222231
 0.558976
 -0.934835
 1.81928
 -2.10389
 2.29988
 -1.1004
 -0.0373243
 1.72033
 1.7118
 2.39463
 0.379198
 0.277399
 -1.4137
 0.275472
 -0.375825
 0.185864
 -1.78307
 1.86403
 -0.58645
 0.0558141
 -0.150418
 0.943341
 -2.00178
 2.46028
 -1.59002
 1.98917
 0.398062
 0.795488
 -2.76199
 -0.694697
 -0.216108
 -0.0580703
 -1.25277
 -3.01243
 -0.722856
 -3.05199
 -0.77089
 -0.62082
 -2.48676
 -0.281681
 -1.72957
 -1.60506
 0.303562
 0.450877
 -1.59596
 0.787157
 -1.17664
 0.392752
 -0.528018
 1.10068
 2.13435
 0.409054
 1.48429
 1.13608
 0.865545
 1.13791
 1.38824
 -0.488902
 1.49427
 -2.52464
 0.853879
 0.956356
 0.125907
 0.114495
 1.88863
 1.8296
 -1.61129
 1.11068
 -2.06693
 -1.73061
 -1.00235
 -2.42697
 -0.896937
 -1.34844
 0.178273
 -0.707777
 -1.02906
 0.364456
 0.303351
 1.61669
 0.864278
 0.417919
 0.223371
 -2.4414
 -2.14976
 -1.06261
 -0.751676
 -1.84235
 -0.368006
 -0.634664
 0.437525
 -1.44573
 1.56665
 -0.560855
 0.824473
 -0.424152
 1.24165
 -1.19906
 -0.213443
 0.278099
 2.06839
 -0.440483
 2.34469
 -2.49505
 -0.557865
 -1.12349
 2.07758
 -1.94406
 -1.09452
 -2.26743
 -1.5845
 -0.825999
 -1.97866
 -0.79627
 -1.30992
 1.77418
 -0.902852
 0.290875
 -1.8295
 -1.45803
 -1.43792
 0.383838
 -1.88001
 -0.435756
 -0.382495
 -1.61416
 2.3216
 -1.5585
 -0.773739
 -0.0089603
 -1.1725
 -1.5599
 -2.80093
 -1.98027
 -1.91756
 -0.620601
 -1.84146
 -1.79773
 1.13223
 -0.208436
 -0.767728
 -0.0137771
 -1.15707
 -2.98088
 -1.02035
 -1.26737
 -2.51443
 -2.42027
 -1.2985
 -2.05973
 -2.14027
 -1.17556
 -2.71285
 -2.24304
 -0.180166
 -2.86413
 0.501483
 -0.839478
 -1.32218
 -1.97928
 -2.00937
 -1.98026
 -1.73159
 -1.79363
 -0.262261
 -0.208306
 0.226083
 0.1471
 1.7932
 -0.419796
 -0.884829
 -0.828199
 0.414669
 -0.0567633
 1.42776
 2.31836
 -0.406868
 0.0150686
 2.05284
 -1.91733
 2.68705
 -0.434979
 1.01285
 0.938009
 2.14524
 0.104482
 -1.1697
 2.67351
 1.58884
 1.02519
 2.16505
 -1.94949
 -1.2206
 1.10392
 0.320068
 -2.74932
 -0.432494
 0.970234
 -0.701774
 0.448297
 0.290053
 -0.67898
 -1.5557
 -1.09949
 -2.2677
 -1.83625
 -2.01152
 -0.56797
 -0.391509
 -0.777612
 0.565969
 -1.59794
 -0.455087
 -1.66256
 -1.61787
 -1.14
 2.44641
 -2.13312
 0.130369
 -2.36934
 2.46289
 -2.43761
 -1.01216
 -1.16123
 -0.133557
 -2.15963
 -1.12555
 -2.24732
 0.189009
 -0.264518
 -1.62467
 -1.07859
 0.270425
 -0.886563
 -0.170451
 -0.721126
 0.851347
 -2.27108
 -0.440593
 1.18057
 -1.41835
 -0.62214
 -1.90386
 -1.25427
 -0.42289
 -0.844467
 -0.521643
 -1.41016
 1.74021
 0.327145
 1.33925
 -0.834443
 1.26612
 0.516031
 0.686857
 0.496992
 0.908535
 0.88395
 0.177895
 1.0348
 1.15632
 -0.588097
 -2.62186
 -1.8719
 -2.30417
 -2.68252
 -1.43825
 -2.21907
 -1.18029
 -1.66684
 1.60182
 -1.85246
 2.28678
 -2.26886
 2.7264
 -1.68187
 0.445419
 -2.05594
 -0.126152
 0.0259938
 1.45047
 1.45064
 1.75215
 1.4731
 1.61089
 0.788566
 -1.61432
 1.36668
 -0.460286
 1.34025
 -0.369619
 -1.70971
 -0.211637
 -2.81086
 -1.38991
 -1.53831
 -1.51544
 -0.868617
 -1.53601
 -2.96197
 -0.269124
 -1.54154
 -0.778433
 0.816848
 0.562739
 1.26154
 -0.575197
 0.0830575
 1.23216
 0.858054
 0.9067
 0.488596
 2.93816
 1.29496
 0.35144
 2.72423
 1.33176
 1.93259
 2.26552
 -0.602941
 1.87097
 -0.502055
 -1.54787
 -1.65603
 0.218432
 -0.108695
 -2.18613
 0.96623
 -0.147174
 -0.807246
 0.19967
 -0.203079
 2.7649
 0.293934
 0.893192
 1.08525
 0.270866
 0.0324873
 2.37204
 -0.661856
 -1.62189
 1.72767
 -1.69672
 0.838222
 -0.321105
 0.862133
 -0.881985
 -0.525679
 -2.57902
 -1.26233
 -0.693721
 -1.91146
 -1.30416
 -0.663738
 0.906247
 1.77654
 0.2706
 0.402995
 2.70357
 -1.76503
 2.53618
 0.194781
 1.08835
 -1.83284
 1.11358
 1.1251
 0.990517
 0.527245
 2.18158
 0.763464
 -1.36073
 0.476623
 -0.119353
 0.486023
 0.209294
 0.507642
 1.94537
 0.69463
 1.04119
 -1.94782
 2.14196
 0.0877977
 -1.46872
 -2.01372
 -0.550646
 0.208318
 0.0333686
 0.397862
 -0.0946926
 -0.52305
 1.27654
 0.294227
 -0.194214
 -2.21328
 -0.383317
 1.05331
 0.0485092
 2.86282
 2.25471
 0.315027
 0.793334
 0.0995898
 0.0836879
 2.22642
 1.83609
 0.995511
 0.607484
 2.9335
 1.41796
 -0.378648
 2.109
 -1.24271
 -0.280592
 -2.22624
 -2.06316
 -2.23998
 -1.9021
 -0.912775
 0.131309
 -1.00855
 0.289655
 0.320071
 0.787654
 -0.00426394
 0.270332
 -2.28558
 0.964653
 -1.48483
 -0.180322
 -0.455605
 2.61794
 -0.211216
 1.87535
 -0.817364
 0.617216
 0.259091
 1.74173
 -0.394342
 2.2531
 -0.412632
 2.83496
 0.10968
 1.70754
 3.09385
 2.48741
 2.15777
 0.42026
 -0.51625
 1.60786
 2.28929
 -0.292439
 1.11206
 -0.51223
 -2.12999
 -0.826537
 1.57166
 -1.16459
 -1.22422
 1.39106
 -2.766
 1.83231
 1.40352
 2.28433
 1.60805
 1.47239
 1.2017
 1.0071
 1.61975
 0.71114
 2.0193
 0.343972
 0.902665
 -0.671876
 -2.10808
 1.99232
 -0.332059
 1.67745
 0.157256
 2.3296
 1.00799
 0.556065
 1.66687
 0.126286
 -0.798213
 1.30231
 -1.67922
 0.789621
 -2.27895
 -0.518399
 -2.54496
 0.130539
 -2.56675
 -1.24303
 -0.99287
 -0.801322
 -1.34259
 0.520743
 -0.0138475
 1.10635
 2.19768
 0.336048
 0.605344
 2.11199
 0.272145
 2.3904
 2.51766
 1.8216
 3.05342
 3.28069
 2.37344
 3.25036
 0.620556
 2.11357
 -0.855224
 2.05098
 -0.646391
 1.74096
 0.310518
 2.87371
 1.55475
 1.9816
 2.88645
 0.580106
 2.55072
 2.8545
 1.09145
 2.19562
 0.42513
 2.5916
 -1.3464
 2.35255
 -0.427769
 1.2599
 1.20307
 0.033792
 1.59528
 0.23069
 2.82457
 0.17227
 -0.41401
 -1.91635
 -2.00963
 -0.926705
 1.25489
 -0.483878
 -0.22861
 -1.51148
 -0.880551
 -0.00722337
 2.1334
 0.51888
 1.28064
 -0.479509
 -1.9835
 1.81119
 -0.211179
 -1.65312
 -1.99216
 1.72371
 -0.178214
 -2.92445
 -0.562175
 -1.69053
 -0.437205
 -0.389534
 -0.830638
 -2.42224
 0.308321
 -1.58873
 -2.66051
 2.25306
 -0.178628
 0.775758
 0.276364
 -0.742281
 -1.84606
 -2.47833
 0.273127
 -0.719208
 -1.31022
 0.0108323
 -1.81236
 -2.27176
 -0.448586
 -0.29487
 2.58156
 0.081327
 1.13242
 0.000692255
 0.599288
 2.54605
 -0.38502
 1.28884
 1.33988
 -1.3608
 2.25549
 -1.68805
 2.68504
 2.61549
 0.46013
 -1.29357
 0.505141
 0.829401
 -0.184444
 2.18599
 0.0152674
 -0.841534
 2.46367
 -1.29711
 2.09409
 2.06044
 1.59758
 2.78002
 -0.00529044
 0.40784
 -1.27004
 -0.146165
 -2.12993
 -2.39584
 -0.661945
 -2.26592
 -0.100711
 -0.815963
 -1.6498
 -2.47511
 -2.01176
 0.329394
 -0.932532
 1.09241
 -1.17234
 1.98479
 -0.253376
 -0.0940614
 1.66276
 0.888433
 2.90139
 1.47105
 1.86543
 0.23547
 0.990368
 1.99355
 1.15751
 2.95911
 -1.1644
 2.74109
 1.08555
 1.62431
 -1.97041
 1.47556
 0.534215
 -0.292695
 0.485664
 -1.92794
 0.630231
 -0.777514
 -0.815356
 1.22404
 -2.46271
 0.0364453
 -0.431585
 0.0543312
 -0.053685
 -1.19997
 -1.61301
 1.27076
 -2.21512
 0.748172
 0.197857
 -1.37652
 -1.35338
 -2.4408
 0.709005
 0.510065
 -0.142839
 -0.521197
 -1.17619
 -1.26691
 2.76128
 -0.446323
 0.212087
 1.81956
 -0.986279
 1.95098
 -1.06969
 1.82839
 0.0132718
 -0.476092
 -0.134306
 1.07943
 -1.38658
 -0.114148
 -1.1463
 -1.10188
 -0.389689
 -2.06776
 -0.572225
 -1.76064
 -0.869359
 -1.03872
 0.0323132
 0.974741
 -0.723839
 -0.416971
 2.07505
 -0.570797
 1.44323
 -0.194673
 1.28662
 0.806249
 1.20807
 1.31276
 0.311909
 -0.156496
 -0.21838
 -0.722897
 0.159459
 -1.12352
 1.19514
 0.00525716
 1.37608
 -1.10091
 2.76315
 1.38951
 2.49225
 -0.102896
 1.9432
 1.37415
 1.1907
 1.64641
 -1.77167
 -0.12297
 -0.076811
 -1.26688
 -1.62728
 -1.4884
 -0.377879
 -1.95622
 0.0324138
 1.3978
 1.25953
 -0.266228
 1.8259
 2.81841
 2.06669
 -0.48655
 -0.827875
 0.523775
 -0.530338
 0.359554
 0.894962
 2.57021
 -0.921776
 0.839277
 -2.07886
 0.68457
 -1.44266
 -2.0896
 -0.0450548
 0.90702
 -0.543405
 0.30471
 -2.55291
 -0.349219
 0.208693
 -1.39987
 0.780503
 -0.726291
 1.06279
 -0.405131
 -0.876552
 1.28504
 1.59535
 0.517275
 2.03141
 -0.648083
 -0.726776
 1.28551
 1.45508
 -1.34919
 1.48813
 -0.245869
 -0.883574
 -2.2908
 -1.93703
 1.92655
 -1.2595
 -0.78303
 1.41765
 0.332641
 2.36661
 0.491518
 2.58981
 0.673101
 0.417202
 1.00135
 -0.014516
 -0.721687
 -0.0547819
 1.59796
 0.476881
 0.806911
 1.502
 0.596952
 0.947834
 1.82524
 0.610203
 0.517794
 2.12515
 1.39394
 0.556816
 1.93286
 -0.166194
 2.1876
 -0.946919
 0.821627
 -0.732375
 0.991981
 -0.492597
 -0.735637
 -2.48959
 0.178985
 -1.30427
 -0.120133
 1.68913
 -1.34604
 0.183844
 -0.010539
 0.887124
 1.54439
 -1.96365
 0.534235
 -1.18641
 -0.347291
 0.908814
 1.84691
 0.292333
 1.46871
 2.11454
 1.19804
 -0.0382428
 1.65139
 -0.437123
 -0.639587
 -0.227807
 0.688995
 1.15348
 0.262434
 0.858204
 -0.4532
 0.1063
 -0.393339
 -0.502081
 0.36632
 0.758991
 -0.0973206
 -0.276149
 -2.55795
 0.266734
 -0.902794
 -2.15089
 0.268463
 -1.53626
 -2.89506
 -0.960264
 -1.4515
 -0.772093
 -1.35973
 0.928657
 -2.63103
 1.36282
 -1.34534
 -1.61823
 -0.336043
 -1.40102
 0.577236
 -2.22202
 0.552659
 1.56932
 1.41813
 -0.841395
 2.34546
 -0.119343
 2.01077
 -0.813865
 0.360274
 1.19007
 1.96066
 0.219145
 0.287814
 -0.436641
 -0.945169
 -0.733353
 -2.3987
 0.881043
 -1.94224
 2.27376
 -1.49622
 1.94199
 -1.3241
 -2.6382
 0.986611
 -1.21693
 0.257945
 2.0858
 -1.11477
 0.0282672
 0.919167
 0.558423
 0.496976
 -0.1803
 0.0987322
 -2.5829
 0.0870369
 0.604486
 -1.32737
 -0.050019
 2.49947
 -0.83125
 2.14145
 -0.701578
 -0.868094
 1.0639
 0.964847
 2.84081
 -0.0856411
 0.973356
 -1.52709
 1.26211
 -0.0755875
 0.0197174
 -0.196456
 -1.49021
 0.0882741
 -1.36861
 -0.970417
 -0.731177
 -0.856002
 -0.941088
 1.42205
 -1.37761
 0.8596
 1.31568
 -0.131918
 -0.890673
 0.516332
 0.513945
 1.34776
 -0.744314
 -0.926633
 -0.201872
 -1.02655
 1.99212
 -0.681878
 -0.53207
 -0.0697457
 1.82559
 0.771138
 -0.48034
 1.39913
 -0.155608
 1.43047
 -0.504671
 -0.223268
 2.24954
 0.0861607
 2.42021
 2.25733
 -0.96247
 1.1382
 -0.858476
 -1.60128
 -0.651573
 0.850001
 1.59816
 -0.174
 1.37847
 1.00094
 2.08597
 -0.485585
 2.13833
 -1.74839
 1.27533
 -2.0502
 -0.205548
 -1.56017
 -1.1018
 1.44394
 1.18728
 1.06922
 1.8953
 2.30551
 0.251408
 -0.977461
 -0.769548
 2.20353
 0.878791
 1.3428
 -0.35216
 -0.0232073
 2.45898
 2.33933
 2.2774
 1.72576
 0.646825
 2.54607
 2.04464
 0.43701
 -0.159755
 1.0575
 2.0218
 -0.897609
 0.11247
 -1.23064
 -1.22005
 1.27234
 -0.019206
 0.849551
 1.19388
 -0.535452
 0.722899
 0.255981
 0.737364
 -0.318496
 2.98363
 -0.98114
 1.84005
 0.528451
 2.50117
 -1.25231
 2.34378
 2.44559
 0.840531
 0.374307
 -1.54868
 0.00131876
 0.968129
 1.31207
 -1.15437
 -1.10563
 -1.48203
 -0.710053
 -1.53832
 -1.27257
 -0.483216
 -2.25915
 0.0601519
 0.00852257
 -2.00269
 0.814527
 -2.05417
 0.776499
 -1.29263
 1.40194
 -0.0085724
 1.97017
 -1.33888
 -0.578997
 1.117
 -0.646158
 -0.403654
 0.427197
 -1.51582
 0.499276
 -1.73153
 1.5005
 -1.07899
 2.18324
 -0.53307
 1.29547
 -1.34364
 -0.288531
 1.85516
 1.05573
 -0.387115
 1.05851
 -0.910634
 1.93089
 1.91708
 3.04749
 0.380988
 2.17649
 -0.22325
 2.16535
 -1.25697
 2.1436
 2.01799
 0.406247
 0.284457
 -0.340168
 1.71745
 0.105539
 -0.669674
 0.604909
 -0.547219
 -2.4157
 -0.417685
 -0.358391
 2.09623
 -0.325684
 -0.619414
 1.37025
 1.74687
 2.89285
 -0.252268
 2.74269
 1.89086
 1.87595
 0.828073
 1.33526
 -0.562717
 2.28308
 -2.18585
 1.9707
 0.0411733
 1.42638
 0.0246817
 1.12396
 -2.16041
 1.83478
 -2.19415
 -0.455361
 -0.636533
 0.255893
 -2.57459
 1.33414
 -2.82958
 0.596534
 -1.66498
 0.924873
 1.83034
 1.76057
 0.80367
 1.31535
 0.761202
 -1.49803
 -0.799079
 -0.18393
 -0.0721546
 -0.58201
 -2.07467
 0.521173
 2.17368
 -1.69382
 2.61697
 -0.399718
 -0.0235298
 -0.0451195
 1.56244
 1.99707
 -0.559187
 -2.20184
 -0.843815
 -0.642653
 -2.90092
 -0.393172
 -1.22446
 -0.887373
 -0.716793
 -0.994556
 -2.30982
 0.518566
 -2.1536
 1.37343
 -0.867606
 0.0678908
 -2.19144
 0.0689642
 -2.04833
 -0.402711
 2.12051
 -0.708449
 -0.835926
 2.21131
 0.418689
 -0.613686
 0.271788
 -1.56106
 1.56506
 0.438145
 1.46936
 -0.358155
 -1.86048
 -2.17661
 1.03642
 -1.5067
 -0.408198
 2.05261
 -0.802969
 -0.768465
 1.0909
 1.53039
 0.00115941
 -0.891443
 0.778662
 -0.431388
 -1.79069
 0.667877
 -0.361026
 -0.488698
 2.29315
 -1.17495
 0.438677
 -0.626132
 0.612001
 0.945394
 0.170063
 -0.268516
 0.445851
 2.91684
 -0.0162258
 2.22335
 0.476056
 1.99043
 2.17164
 1.3626
 3.07674
 -0.26351
 2.53255
 1.87856
 1.83858
 2.11611
 -1.25712
 2.77182
 -0.761757
 0.808924
 -0.52245
 1.29422
 -2.46106
 1.10784
 0.16691
 0.641516
 -0.442173
 0.933892
 -0.098853
 0.637941
 1.30507
 -0.971534
 -1.33061
 1.84731
 -0.237456
 -0.493694
 -0.597653
 2.11447
 -0.81293
 -0.650983
 -0.976014
 0.718289
 -1.49602
 2.806
 -0.615012
 1.28033
 1.78104
 2.14828
 0.972941
 -0.400889
 0.793625
 -0.779972
 0.895961
 0.845138
 1.37829
 -0.433235
 1.53592
 0.461257
 0.95126
 0.676663
 -0.218187
 2.05989
 0.590045
 0.923331
 1.48093
 -1.4915
 0.999129
 -1.74362
 -0.24685
 -0.239642
 -0.079358
 1.10269
 -1.53261
 0.276956
 -1.10476
 -0.672662
 0.471211
 -1.50057
 0.0667008
 -1.32942
 0.833386
 1.87641
 0.995022
 0.705763
 0.245598
 0.151198
 0.422659
 1.69431
 -0.67008
 2.92115
 2.29379
 1.61708
 2.60086
 0.53386
 2.79299
 0.846394
 1.46503
 2.52833
 -1.43993
 0.969658
 -0.116829
 0.585207
 0.697805
 0.265408
 0.187112
 1.50944
 -0.472937
 -0.160754
 -0.198894
 -1.62536
 -0.152638
 2.68323
 0.443295
 2.57256
 -0.0271246
 -0.440719
 0.80278
 -1.64376
 1.05939
 -0.451949
 0.516046
 0.0728445
 -1.60128
 -1.82734
 -0.00255973
 2.31472
 2.434
 0.462669
 1.86473
 -0.128986
 1.50618
 0.629375
 -0.794534
 1.03654
 -0.313101
 2.66535
 1.36488
 2.97358
 1.72325
 0.400684
 0.615333
 -0.247592
 1.25845
 -0.360728
 -0.447417
 1.61103
 0.392022
 0.621316
 0.914414
 -2.41577
 -0.420068
 0.793642
 -0.971721
 0.41425
 -0.404336
 -0.538533
 -1.5041
 1.15813
 -2.23262
 0.948076
 -1.91859
 1.73504
 -1.44074
 -0.695918
 -1.25936
 -0.120226
 -1.3569
 -1.90529
 0.337176
 -1.90378
 -0.831688
 -0.773826
 -1.52057
 0.680062
 -1.38111
 -0.578464
 1.14228
 0.965475
 -1.16402
 -0.298409
 2.00996
 -0.384879
 -1.8083
 0.639701
 -2.71279
 1.87898
 1.12991
 0.284638
 -0.431625
 0.290856
 0.351236
 -1.15809
 0.519882
 1.87625
 2.95938
 -1.09672
 0.485155
 -0.617241
 -1.42882
 2.69669
 0.0725654
 -0.786612
 -1.36457
 0.0557407
 -0.417112
 0.00201037
 0.421803
 -2.35667
 -0.927882
 -0.657073
 -1.12696
 -2.0626
 -1.43665
 -0.411778
 -1.10427
 -0.376963
 -0.903948
 -1.59031
 -1.76514
 -1.24761
 -0.405722
 0.443556
 -0.43007
 1.71638
 -0.47541
 2.87928
 -0.766044
 2.72737
 1.48376
 -0.574905
 0.831459
 0.663797
 -0.139779
 1.224
 -0.408254
 1.96005
 0.541654
 1.07605
 -1.30551
 2.26523
 -0.498501
 0.886855
 -1.20247
 1.1109
 -1.22714
 0.352071
 1.41264
 -1.19987
 1.07383
 1.59699
 1.31751
 1.80686
 2.05191
 0.774907
 0.354776
 2.18706
 1.20482
 2.79789
 2.51568
 0.891587
 2.76643
 -0.326885
 2.68475
 -0.412511
 -2.0455
 -1.70423
 -1.79722
 -1.80024
 0.0627222
 0.483906
 -1.71332
 -2.20117
 0.296567
 -2.79428
 1.76093
 -0.572093
 1.27894
 -0.287885
 1.85174
 2.56758
 1.80511
 1.02949
 0.216579
 -2.53819
 0.0671115
 0.221556
 -0.655266
 -1.98001
 -0.335368
 -1.64386
 0.283187
 1.28372
 0.410788
 -0.540154
 -1.51064
 1.77144
 -0.38021
 -1.39272
 -1.46331
 0.615083
 -0.313437
 0.272813
 0.384882
 -1.06614
 1.45981
 0.318466
 -0.164406
 2.40574
 0.799743
 -0.036859
 1.78333
 0.558785
 1.02342
 -0.561931
 -0.399927
 -2.18154
 -0.599262
 -0.688464
 -1.90099
 0.889691
 -1.31842
 2.05563
 0.987837
 -0.429019
 1.26352
 1.46652
 -0.153458
 -1.30519
 1.77118
 -0.576931
 2.21854
 -0.994348
 0.47026
 0.0193927
 -1.52197
 0.879782
 -0.00615125
 -1.95127
 0.0832214
 -1.43334
 1.76956
 1.33893
 0.573571
 1.85872
 -0.159358
 -2.42829
 -1.58871
 -1.85812
 -1.76351
 -1.98327
 -2.40736
 0.0701401
 -0.857768
 -2.03108
 -0.229399
 -2.37197
 0.485886
 -0.442963
 -1.52074
 -0.549286
 -0.74811
 -1.17126
 -1.22666
 0.145274
 -0.540874
 -2.89921
 2.22013
 -0.526648
 1.36622
 -0.031416
 -0.869055
 0.100417
 0.358503
 2.94848
 -0.279787
 -0.382485
 0.48977
 2.22651
 -0.0310504
 2.59295
 2.38153
 -0.108943
 0.984497
 0.945367
 1.86573
 -0.77465
 -1.48926
 0.310338
 -1.08162
 1.59822
 -0.399249
 -0.648179
 -0.568144
 1.15536
 -1.81898
 -0.0825088
 1.78441
 0.887563
 2.68679
 0.730383
 2.17645
 2.51017
 0.245945
 0.754265
 1.65456
 -0.481347
 1.64638
 -1.877
 -1.43504
 1.029
 -1.58321
 0.815791
 0.0160881
 -0.516923
 0.0909172
 -1.79583
 1.43881
 -0.564621
 2.40904
 -1.10133
 -0.209513
 0.0834901
 1.78841
 -1.22392
 1.5124
 0.532949
 1.59083
 1.56964
 0.54756
 0.768338
 -0.363785
 2.30894
 1.73915
 1.52661
 1.34907
 2.00404
 0.820597
 -1.63253
 -2.54777
 0.31098
 -1.74317
 -0.219429
 -2.79505
 0.353129
 -2.96443
 -0.2861
 0.403724
 -2.21767
 1.2594
 -1.01315
 -2.04409
 -1.91978
 -0.0826948
 -0.0276549
 2.1379
 0.333508
 0.727553
 1.21852
 2.86366
 -2.00946
 -0.24614
 -1.86767
 1.75365
 -1.50677
 0.611837
 -1.38911
 1.20579
 -0.0278613
 -2.52433
 -0.45725
 -2.93568
 -0.367449
 -1.20458
 1.11457
 1.53535
 2.0069
 0.976575
 -0.975201
 -0.0517181
 1.50849
 -1.53091
 1.66099
 0.883372
 -1.2953
 2.07735
 -1.21534
 2.58008
 0.267062
 2.38368
 0.412837
 2.0549
 0.633012
 2.04749
 -2.35723
 1.17223
 -0.957623
 1.81979
 -1.79227
 2.03282
 -2.59215
 -0.175666
 -1.64411
 -1.87635
 0.215709
 -0.459984
 0.789667
 0.577655
 2.00225
 2.92701
 2.26593
 1.78844
 -0.492028
 2.36916
 1.02447
 2.75555
 0.957624
 1.59478
 1.3389
 1.39638
 0.588925
 2.23106
 -0.232444
 2.91946
 -0.87383
 1.47733
 1.36659
 -0.241955
 -0.754283
 0.983399
 0.440357
 1.51938
 3.00849
 -0.460984
 2.42111
 0.175526
 -1.45318
 2.0298
 -0.373619
 -1.63212
 -1.58506
 -0.956611
 -1.45372
 -1.9529
 0.258416
 -2.47722
 0.978569
 0.620549
 0.437688
 1.7961
 0.0825272
 -1.32306
 1.931
 0.346637
 -0.590698
 -0.784758
 1.10899
 1.30786
 -1.33466
 1.38304
 -1.17689
 -1.06631
 -1.34518
 1.09652
 -1.25109
 -0.103985
 1.08913
 -2.18894
 0.876221
 1.12341
 -0.68015
 -0.25874
 0.361714
 -2.07423
 1.89565
 -1.7421
 1.34761
 -0.590616
 -1.5476
 2.74761
 -1.559
 2.24194
 1.7162
 -0.151743
 0.54018
 0.973462
 -0.105753
 0.277201
 -2.30407
 -0.973419
 0.172113
 -0.44916
 -0.393788
 -0.977037
 2.93185
 0.572829
 0.232949
 -1.39563
 0.216853
 1.79413
 -1.83832
 0.875968
 -0.47368
 0.897407
 -0.901433
 -0.122251
 -0.973084
 0.127838
 1.98259
 1.32274
 -0.341405
 1.84158
 1.50881
 2.17884
 -0.79364
 -1.6496
 -1.6441
 1.88039
 -1.86454
 1.58352
 -2.70326
 -1.02121
 -1.8108
 0.480557
 -0.586899
 -1.44775
 0.172441
 0.613538
 -0.76088
 1.73705
 -2.14001
 1.18218
 2.15674
 -0.65291
 1.80216
 -0.453267
 0.80279
 -0.747461
 -2.04543
 -0.217783
 -2.08285
 -0.599633
 -2.13538
 0.4028
 -0.745318
 -0.00575215
 -0.126558
 -1.1838
 0.490824
 0.223308
 1.30521
 2.37661
 0.558062
 2.43691
 1.07693
 0.221582
 2.85209
 -0.760636
 -0.380826
 -0.458471
 -0.318032
 0.128269
 -0.265006
 -0.0843793
 0.246032
 -1.18743
 -1.44194
 0.438633
 -2.82244
 -1.76614
 -1.56462
 -1.72649
 0.50624
 -1.9852
 1.7805
 -1.739
 -1.60064
 -0.93963
 -0.259344
 0.449394
 -2.46437
 0.94523
 -0.933454
 2.75401
 2.26242
 1.42055
 2.68804
 1.60493
 2.99456
 1.09955
 0.20739
 1.92594
 1.27072
 2.4288
 -0.996066
 1.1937
 -0.478892
 -0.680883
 1.29152
 -0.880658
 0.167423
 -2.75172
 -1.17683
 0.420464
 -1.47176
 0.569182
 0.725594
 1.28632
 -0.124769
 1.86884
 -0.876446
 -0.464777
 1.22533
 0.261067
 -1.18063
 0.750041
 0.640668
 0.715426
 1.78856
 -0.505495
 0.26733
 1.18137
 -0.216809
 0.50273
 -0.692259
 -0.0468909
 1.36735
 1.88656
 2.28332
 2.07886
 -0.127965
 2.38119
 0.205995
 1.87727
 -0.106491
 1.95536
 -0.592489
 1.23825
 -0.332188
 1.18835
 0.253219
 -1.34685
 0.211704
 -0.911798
 -1.20003
 1.34275
 2.16769
 0.465201
 -0.488675
 -1.81942
 -2.49581
 -1.02609
 -2.64617
 0.0838935
 -2.48876
 1.82445
 -2.49514
 0.923243
 -1.34896
 -1.17858
 -2.75868
 -0.470176
 -0.568838
 -0.336207
 -1.59427
 1.79487
 -1.99362
 0.887299
 -0.245156
 0.393685
 0.297848
 -0.193408
 -1.11288
 -1.45844
 -1.22462
 -2.42189
 1.68116
 -0.157872
 -1.46955
 -0.0202208
 0.567079
 -1.58946
 -1.07243
 -1.12848
 -0.810126
 0.493837
 -1.49144
 -1.03374
 -1.08022
 -0.543993
 -0.703859
 0.11634
 -0.628627
 2.16304
 0.0382355
 -1.91229
 2.45596
 2.37697
 2.18382
 2.35459
 0.467
 2.50242
 -0.601232
 2.38618
 0.552327
 1.02523
 -0.42669
 -2.22314
 1.16788
 -0.857953
 -1.87493
 1.75139
 -0.866547
 2.07048
 -0.144933
 -2.09772
 -2.83844
 -2.07456
 -2.54501
 -1.43772
 -0.850246
 -1.19007
 0.168196
 0.450484
 1.2372
 -0.568928
 2.49346
 1.25839
 -0.342796
 2.35353
 1.53873
 2.72687
 0.709815
 0.217203
 2.81318
 0.459966
 2.36201
 -0.309613
 2.21105
 -1.18463
 -0.960059
 -1.38796
 -1.57603
 1.11403
 -0.92433
 0.861273
 0.155516
 1.90747
 2.83535
 -0.881102
 2.00548
 1.33479
 2.26028
 1.97407
 -1.84976
 -0.523895
 -0.486199
 -1.6665
 -0.34033
 -0.297198
 -0.16152
 -0.0282173
 0.6447
 0.274447
 0.741755
 -0.179517
 2.22454
 2.50684
 1.17963
 -1.06106
 1.23127
 -0.598447
 0.762774
 -0.0107712
 -0.379331
 1.3534
 0.0780133
 -2.2116
 -1.66592
 -0.367704
 0.426134
 0.4411
 -0.280779
 -1.28185
 -1.13568
 -1.76615
 1.81527
 -0.729472
 -1.25605
 -1.27948
 -1.07259
 -0.0623175
 -1.27968
 -2.64288
 -2.96639
 -1.16754
 -2.44679
 -0.820678
 -1.42475
 0.477122
 -1.44967
 0.894501
 -1.76428
 -1.80149
 0.131606
 -2.19876
 -0.138503
 -1.29872
 -2.22445
 -0.113892
 -0.0515238
 2.7246
 0.0702487
 2.77657
 1.35021
 2.10979
 3.01756
 2.39413
 1.05188
 1.38046
 2.65311
 0.513315
 -0.487712
 -0.255483
 -1.72773
 1.44741
 -2.22906
 -0.636948
 -0.134592
 0.434826
 -2.32611
 1.3759
 0.390552
 0.0185131
 -1.66199
 -0.380681
 -0.583375
 -1.89503
 -1.58926
 -0.695051
 -1.04632
 1.48191
 -1.22071
 2.30222
 -0.95138
 -1.39164
 -0.0533624
 -0.274272
 1.18758
 -2.05374
 0.825788
 0.375025
 1.50584
 1.94266
 -0.66295
 1.66602
 -1.67834
 -0.321471
 0.329029
 0.928926
 -0.151379
 2.113
 -1.21833
 -0.619147
 1.88969
 -1.48032
 -2.03831
 -2.49186
 -1.5908
 -2.4029
 -1.49772
 1.06504
 -0.809776
 0.218098
 1.93348
 0.118255
 1.95334
 -1.17942
 -1.22025
 -2.61343
 0.361622
 -0.36403
 -2.26856
 0.604488
 -1.77414
 -0.486694
 0.162947
 -1.59352
 0.842477
 -1.15195
 0.94989
 -2.01317
 -2.2863
 1.9293
 -2.13104
 1.84185
 -2.22043
 1.72201
 -2.4621
 -0.877555
 1.91973
 -1.38427
 2.66922
 0.0250184
 2.60871
 -1.64919
 2.3718
 1.67121
 1.00906
 1.0644
 -0.138196
 1.2456
 2.96827
 0.684947
 2.99972
 1.43652
 1.1412
 -2.21816
 1.10324
 -1.29614
 -1.18082
 -0.238237
 -0.996201
 -0.752014
 0.933068
 0.963824
 1.01786
 0.856353
 0.518931
 -0.236552
 -0.804643
 -2.29739
 0.54551
 -2.38978
 -0.207084
 -2.34785
 1.90837
 0.193758
 -2.59404
 2.48198
 -1.41707
 2.50908
 1.0598
 -0.224663
 -0.203216
 1.0188
 2.23747
 0.939857
 1.21286
 1.33669
 1.24215
 0.458624
 0.44455
 1.58749
 2.65839
 2.04248
 1.42121
 0.90637
 0.0498639
 -1.83226
 -0.469185
 0.0689222
 2.67969
 -1.24122
 1.42232
 -0.0290568
 0.418708
 0.543459
 0.710172
 -1.33253
 -0.121507
 -0.433512
 1.25727
 0.382489
 0.195178
 0.587268
 1.51094
 1.96289
 1.42389
 -1.13472
 0.387356
 -1.34744
 2.0327
 0.266147
 -1.60267
 -0.831629
 1.65029
 1.66579
 -0.428959
 -0.463133
 -1.18729
 -1.63592
 -0.909073
 -0.0794842
 -0.86875
 1.70419
 -2.48315
 1.85039
 -1.46922
 1.74255
 1.03321
 -0.990335
 1.58127
 0.601964
 -0.972353
 -1.89181
 0.733221
 -0.729769
 -2.14182
 1.5151
 -0.0215237
 -1.40578
 0.168695
 0.445805
 0.186886
 -2.7072
 0.4848
 -0.544756
 0.210673
 -2.23498
 2.82152
 -1.33674
 0.90627
 0.629545
 -0.744673
 2.16248
 -1.65185
 1.85899
 1.02855
 -1.04686
 2.627
 -0.395849
 0.637678
 -1.20966
 -1.34606
 -0.695666
 -2.37514
 0.136083
 -3.01292
 -1.55411
 -1.56884
 -2.36038
 0.116382
 -1.93558
 0.289264
 -1.61337
 -1.1635
 -0.343011
 0.266532
 -2.32384
 -1.65358
 0.767528
 -1.84776
 0.83804
 2.06081
 0.827298
 1.94277
 1.05403
 0.918299
 0.654421
 -1.0391
 0.318782
 -0.0704565
 -2.22624
 -0.9708
 0.839115
 -1.30166
 1.55651
 -0.28078
 2.08422
 -0.407975
 -0.564344
 1.05723
 1.26681
 1.55054
 0.598507
 0.159305
 -1.53297
 1.14479
 -1.49645
 0.0359864
 1.16781
 -0.432964
 0.132793
 -0.0843524
 0.359132
 -1.28314
 1.82183
 -0.448829
 -0.556935
 0.178112
 0.653251
 -1.11498
 -1.46264
 1.17137
 1.14491
 1.0243
 -1.41066
 1.94179
 -0.179274
 -0.325139
 1.28036
 -1.34575
 -2.02679
 0.598808
 -0.613166
 1.80451
 1.49761
 2.11094
 0.678136
 0.0561553
 0.651416
 1.17094
 0.680446
 1.66561
 -1.52811
 0.798385
 -0.893421
 -1.97304
 -1.11932
 -1.5585
 -0.169502
 1.15925
 0.850559
 0.00889043
 -0.415905
 0.23581
 -2.42967
 -0.819013
 -2.50741
 -2.09066
 -2.33614
 -1.75384
 -1.4616
 -0.712
 -0.470975
 -0.193145
 2.63367
 -2.48976
 0.518052
 -0.92946
 1.72332
 1.22456
 1.76551
 1.08893
 -0.637371
 0.172763
 0.380095
 -1.0992
 1.48415
 -2.32556
 -1.46003
 -1.58887
 0.618435
 0.624012
 1.19912
 2.70311
 -0.0387844
 0.767464
 1.59898
 -0.238006
 -0.667137
 -0.41099
 -0.690815
 0.242516
 0.405657
 2.17874
 0.0185853
 1.85973
 1.11838
 1.67238
 -0.734512
 0.400943
 0.85366
 2.51208
 0.0225167
 2.97292
 0.643024
 -0.20196
 0.240869
 1.34797
 -0.494211
 1.16127
 -1.09458
 -2.08778
 -1.70234
 0.143217
 -2.85099
 0.210016
 -0.250236
 0.237875
 0.648609
 -0.988266
 1.96123
 -1.66633
 2.51948
 0.876152
 3.07053
 1.20042
 0.115078
 -0.486462
 0.482286
 -0.66669
 0.228734
 -0.143971
 -1.17147
 -3.0265
 0.250565
 0.0333252
 1.45744
 0.220301
 0.246572
 1.19227
 1.21661
 -1.12739
 0.198876
 1.02186
 1.95593
 0.243409
 1.84011
 1.4142
 2.98426
 -0.428746
 -0.614874
 1.02192
 1.97461
 0.338621
 -0.40281
 -2.35018
 -1.33432
 1.06573
 -0.421992
 0.402619
 0.888672
 1.29425
 2.98736
 1.18362
 -0.129572
 1.00544
 0.16246
 -1.42007
 1.90724
 -0.725357
 1.1616
 -0.953283
 2.48527
 -0.0899169
 1.52058
 -0.498477
 1.0922
 -0.18118
 1.7497
 -0.501889
 1.16582
 -0.508719
 -1.70328
 1.71248
 0.924511
 1.89684
 0.275763
 -1.09461
 -1.54121
 1.85204
 0.0475762
 2.40852
 0.369554
 0.317812
 0.55
 -0.55117
 0.91184
 -0.652004
 2.13758
 0.0659374
 1.77089
 1.78465
 0.137947
 -0.258217
 0.658948
 -1.25651
 1.15219
 -2.53193
 -0.141429
 0.0683634
 -0.313408
 0.409593
 -2.52283
 0.0953229
 1.62559
 2.75013
 -0.435625
 -1.09217
 2.53553
 1.43086
 -0.400142
 1.48603
 -0.885401
 1.06578
 1.38992
 1.14336
 0.713042
 1.66206
 1.83354
 0.454327
 1.99833
 0.484186
 2.16897
 1.87305
 0.380958
 2.3483
 1.94075
 1.68629
 -0.432296
 -0.324019
 0.250884
 1.26215
 -2.0748
 0.367036
 0.345683
 -0.484326
 0.919026
 2.74051
 0.449544
 2.69566
 1.05703
 -0.239981
 0.362607
 -2.79537
 -0.1047
 -2.27253
 0.324022
 -0.547157
 -0.893421
 -0.199973
 -1.71302
 -1.29842
 -0.550182
 -1.97584
 -0.782928
 -2.54171
 -1.26455
 -0.775054
 0.872788
 -1.91641
 1.90214
 -0.398415
 -1.6005
 1.18999
 -1.35759
 2.42325
 1.09157
 1.70778
 -2.39594
 0.193525
 -1.9001
 0.137491
 -0.274414
 -1.05721
 -2.40079
 -0.964076
 -2.43314
 -1.33214
 0.451897
 -1.65321
 1.65885
 1.06661
 2.32984
 -2.7026
 1.16852
 2.33883
 1.06554
 1.12839
 1.58512
 0.737859
 1.56224
 1.14491
 1.43159
 1.60791
 -1.9687
 0.655122
 -0.442185
 -1.53043
 1.06744
 1.15459
 -1.5297
 0.0919999
 -1.93231
 0.102784
 -1.96141
 -1.91381
 0.462334
 -1.14128
 -0.966724
 1.09611
 -0.975017
 0.289988
 2.09572
 1.05583
 0.346166
 2.07217
 0.752743
 2.07626
 -0.26573
 0.500927
 -0.345309
 0.240629
 -0.841205
 2.88483
 0.168954
 -0.0488798
 0.712294
 -0.551119
 1.02458
 0.394146
 0.9903
 -1.2687
 0.526222
 -0.189758
 1.19418
 1.12128
 -0.300325
 -1.29821
 1.44416
 -2.28393
 0.442762
 0.0235171
 -0.728017
 -0.841106
 -1.0817
 -0.518643
 -1.19797
 0.624198
 -0.523417
 1.4286
 0.906223
 -0.127406
 0.441325
 0.14193
 2.70437
 0.754895
 0.292401
 0.98106
 0.845218
 -0.754925
 -1.48979
 0.863891
 1.65729
 -0.320692
 1.95779
 1.67714
 0.378111
 1.63838
 0.747102
 2.39348
 0.485449
 2.58048
 2.30961
 0.689989
 0.0122245
 -0.893864
 1.70173
 0.776669
 -0.627874
 0.113238
 -0.0625023
 2.07885
 -0.399214
 -0.31528
 0.56266
 -0.00797069
 1.192
 -0.150655
 -1.24675
 -2.13875
 -2.43408
 -3.07327
 0.33866
 -2.93772
 -1.47055
 -1.7435
 -1.61004
 -1.49453
 -2.84224
 -1.95219
 -2.44142
 -1.9535
 -1.7873
 -1.81431
 -2.32523
 -2.41634
 -1.44682
 -1.43534
 -1.92944
 -0.729565
 0.305568
 -0.0821476
 -0.773813
 -1.40841
 1.93147
 -0.712769
 0.450813
 -1.73994
 1.06317
 0.683498
 0.26854
 -0.883842
 0.0109142
 -1.72781
 -0.701452
 -1.80119
 -1.92106
 -2.67427
 -2.09655
 -2.2671
 -2.30772
 1.61465
 -1.60842
 0.148555
 0.225586
 0.289856
 -0.790788
 1.01989
 -1.58248
 -0.269955
 -0.231339
 -1.15554
 -0.630111
 -0.374377
 -0.473848
 -0.83684
 0.400504
 -1.21533
 -0.289386
 -0.411922
 -1.2541
 2.25298
 -0.286897
 -0.459756
 -2.71608
 -0.42655
 -2.17396
 -0.501985
 -3.03651
 -1.22674
 2.5067
 -0.5692
 0.542435
 -0.947077
 1.13462
 -1.02005
 -0.495158
 -0.337504
 1.55609
 0.519064
 0.586232
 1.45974
 1.94805
 -0.149298
 2.30329
 1.65117
 2.79258
 2.35773
 3.25323
 3.23334
 2.08078
 3.03791
 1.13902
 2.07231
 -0.378152
 2.50492
 -0.423477
 -2.32193
 1.83559
 -1.83784
 0.808486
 -1.31256
 0.891177
 -2.31634
 -1.5963
 0.467838
 0.675233
 0.0465556
 0.287431
 -0.830042
 0.555016
 0.0939892
 -0.413597
 2.58642
 2.37415
 0.829548
 2.52558
 2.10972
 1.07655
 -1.46907
 2.42243
 -0.521099
 0.922085
 -0.402415
 1.65403
 2.33213
 0.47283
 2.20826
 0.477392
 2.51047
 0.564908
 3.11462
 -1.61395
 0.913355
 -1.39189
 -0.648817
 -1.95458
 -1.00831
 -2.16431
 -0.913997
 -1.99276
 0.970804
 -0.444963
 -0.45158
 0.54929
 0.746545
 1.22487
 0.183313
 -0.308946
 0.645756
 1.38093
 1.23402
 -0.738148
 0.164195
 -2.24255
 -1.01751
 1.03573
 -1.64171
 0.462191
 -0.445695
 -1.47936
 -1.18122
 -2.87599
 0.0323202
 -0.501058
 -1.57085
 -0.150155
 -1.3499
 -0.443648
 0.759091
 0.525786
 2.13626
 -0.606089
 2.29367
 -2.39291
 0.742125
 -1.70106
 1.1391
 -1.11144
 -1.21987
 -1.61749
 0.691748
 1.79584
 1.2545
 -1.73259
 1.03394
 -2.58735
 -0.969814
 -1.36872
 -2.64105
 0.11133
 -0.566573
 0.284428
 -1.6987
 -0.908521
 -0.669341
 0.0294368
 2.01116
 -2.82512
 1.25352
 -0.725412
 0.0749596
 -0.709784
 -0.79977
 -0.375496
 0.884628
 -0.814391
 -0.106873
 -1.87965
 -0.430554
 0.108663
 -1.64971
 -0.0976262
 -0.997049
 -1.54475
 1.49576
 -1.71171
 2.45457
 1.87374
 0.679486
 0.413809
 1.98373
 0.760236
 1.80161
 0.750461
 -0.354293
 0.192142
 -0.797519
 -1.21533
 -1.81835
 1.68285
 -2.81899
 0.203622
 -0.599252
 -1.64441
 -0.672618
 -0.632395
 1.04299
 1.33092
 0.333106
 1.46006
 0.999727
 0.907968
 1.79489
 2.0332
 -0.0907252
 0.767688
 -1.64158
 -1.34501
 0.398649
 0.00378826
 0.0957521
 0.866077
 0.839683
 0.500172
 0.730486
 -0.222854
 -0.750498
 1.52273
 -1.79977
 1.37771
 -1.33866
 0.524305
 -2.30374
 0.666185
 1.61115
 -1.47831
 -2.8216
 -1.21576
 -1.83617
 -0.394665
 -1.07669
 2.17629
 -1.0603
 2.54826
 -1.30661
 0.181933
 -0.733895
 0.122287
 -0.710678
 -0.0914197
 -0.390632
 -2.61947
 1.19759
 0.640441
 0.937823
 -2.26977
 0.987164
 -0.640318
 2.49871
 0.741471
 0.223483
 1.3951
 -1.54406
 0.875461
 1.02781
 1.46813
 -0.377334
 1.86369
 0.209582
 -0.712892
 0.475747
 1.65143
 0.238484
 0.947217
 2.05735
 0.996835
 1.62626
 -0.989362
 0.0941051
 0.477268
 0.0686822
 0.793004
 -1.0604
 0.00977765
 0.648327
 1.23208
 2.10153
 1.5005
 1.82967
 1.19902
 1.33684
 0.768841
 1.03263
 1.47274
 -1.53964
 0.585996
 -0.218224
 2.16868
 -1.98045
 2.71685
 1.73269
 0.173014
 1.98905
 -0.795744
 -1.75255
 1.83104
 -0.593969
 2.90549
 1.32543
 1.90698
 0.783756
 3.04378
 -0.0595841
 1.60517
 1.24894
 2.43154
 -0.854677
 1.41956
 -1.24905
 1.15498
 -1.41545
 0.59844
 -1.01843
 -2.11132
 -1.0453
 -0.862158
 -1.17772
 1.26116
 -1.33182
 -2.69497
 0.348989
 -2.24955
 -1.33127
 -0.257049
 0.720158
 -1.99698
 -1.12018
 1.86232
 -0.952691
 0.905644
 1.14568
 -0.900762
 -1.40076
 -0.332031
 0.0808263
 1.69028
 -2.09939
 0.370301
 2.65437
 -0.415551
 0.180096
 0.356647
 0.167036
 0.652518
 -1.99053
 -1.06071
 -0.83433
 0.169838
 -1.11706
 0.837679
 -0.409375
 -0.835845
 -0.198426
 1.02989
 2.06104
 -1.7764
 -0.328563
 -1.47618
 -0.534956
 -1.13462
 1.24245
 -1.01272
 -1.16378
 -0.424781
 0.377412
 -1.8847
 1.52737
 -2.41763
 1.23473
 -0.564194
 1.62029
 0.225711
 0.960359
 1.26121
 1.07199
 0.334386
 -0.0978905
 0.79693
 -0.507721
 1.27843
 1.50151
 1.19951
 1.74131
 -1.86761
 -0.0742813
 0.434024
 0.0781622
 1.77032
 -1.35676
 0.484077
 -1.75795
 2.07121
 -2.35841
 0.333746
 -0.161655
 -0.479724
 2.03795
 -0.885036
 2.41826
 -0.693428
 1.50623
 1.36512
 -0.0720411
 0.39891
 1.33943
 2.13093
 -1.1773
 2.22913
 -1.0392
 -1.69262
 -0.318677
 0.0592987
 -2.87069
 1.08541
 -1.89531
 -1.92395
 -0.495582
 -1.10116
 0.744653
 -2.01713
 0.025882
 2.06311
 0.0637412
 0.511262
 1.29889
 2.34081
 -0.611979
 2.88923
 0.864324
 2.34398
 0.535581
 -0.0775159
 -0.557483
 0.444496
 -1.98934
 0.639225
 -0.340183
 -0.111432
 -1.53868
 0.653314
 0.457612
 2.47958
 0.0873044
 -0.527252
 0.491463
 -0.093943
 2.05395
 -1.22389
 -1.78229
 -2.16028
 -0.246256
 -1.58441
 -1.81946
 -1.71001
 0.913222
 1.16363
 -1.83176
 1.08841
 0.0825503
 0.291935
 -1.06833
 -0.399715
 1.48897
 1.29278
 0.271465
 0.614307
 1.3519
 -2.18898
 -0.254457
 -0.913377
 -1.16514
 1.47383
 -2.54718
 0.883755
 0.442456
 1.28773
 -2.70644
 -1.0428
 -0.442288
 -0.30328
 0.0594715
 1.59057
 0.788924
 -0.648095
 0.850947
 -0.30494
 0.102858
 1.32277
 -0.495982
 -2.61951
 -0.154958
 0.0889226
 -2.38678
 -0.862692
 -0.995501
 0.550385
 1.1332
 -1.59751
 0.613814
 1.31176
 -0.941939
 2.00495
 -0.498832
 -0.298439
 -1.39535
 -2.67545
 -2.23503
 -0.877579
 -0.960368
 -2.24794
 2.30913
 0.789275
 0.750975
 0.474613
 2.3808
 0.717821
 0.855887
 -1.48962
 2.27638
 0.638092
 -0.236318
 -0.531403
 -0.0286314
 1.41691
 0.279157
 0.190138
 2.86022
 -0.396857
 2.80825
 -0.533335
 -0.750241
 -2.27461
 0.846483
 -1.24903
 -0.133353
 0.593547
 -1.70049
 -1.39921
 -0.987617
 0.452283
 -0.861219
 -1.58292
 0.821097
 -0.709238
 -0.330593
 -2.62184
 -0.673764
 -2.7954
 -1.30179
 1.45742
 -1.94079
 0.0821999
 -0.516462
 1.27367
 -1.37206
 -2.44979
 -1.66423
 -3.09115
 -1.40612
 -2.083
 -1.9484
 0.116876
 0.0919102
 -0.0724179
 -0.937742
 0.116435
 -1.17934
 0.0152747
 -1.79569
 0.840207
 -1.73388
 -0.637822
 -0.508918
 1.34854
 -1.10817
 0.939053
 1.74092
 -1.88148
 1.25824
 -0.429895
 1.97749
 -1.00788
 1.75752
 -0.952013
 1.7991
 -1.27589
 0.271296
 -0.805247
 -2.02211
 -0.7858
 -0.656218
 1.3243
 2.28095
 0.279425
 1.71492
 -0.37097
 1.81666
 -2.21742
 -0.673084
 -1.26369
 0.504239
 -1.02579
 2.28592
 -2.10223
 2.68576
 0.0294508
 0.619072
 -0.168218
 -2.11217
 0.745721
 1.95434
 1.63159
 1.12426
 1.67828
 0.459201
 0.744404
 1.43618
 2.50386
 2.35676
 0.653577
 2.85827
 0.36493
 1.38119
 1.57316
 0.8457
 -1.09389
 -0.018345
 1.64835
 -1.00118
 0.486746
 -0.569764
 -2.7484
 0.497996
 0.520724
 0.433526
 1.75943
 1.18459
 -0.00481306
 -0.640718
 1.4284
 1.60619
 2.24283
 2.12776
 0.869723
 0.372872
 -0.491303
 -1.86816
 1.75334
 -2.56368
 0.741959
 -0.219707
 -0.154921
 1.0397
 -2.35252
 0.039089
 -0.272692
 1.00987
 0.40007
 0.712955
 -0.544454
 0.00336162
 -1.24896
 1.245
 -0.639436
 2.12718
 -1.05907
 2.53104
 -1.9371
 2.03976
 1.35662
 -0.805116
 1.45607
 -0.172806
 -0.186776
 1.60349
 -0.137092
 1.05972
 1.27577
 -0.854481
 0.00383986
 0.439293
 -0.433298
 0.0895754
 -2.6841
 -1.29156
 0.0659657
 -0.0431529
 -1.84918
 -1.18752
 1.33328
 1.8908
 -1.44349
 0.0629882
 1.02548
 2.64252
 0.374296
 2.94166
 0.413192
 1.35152
 -0.984451
 -0.296045
 1.22472
 0.523199
 2.73505
 1.89505
 0.664878
 0.589937
 2.48771
 1.68375
 1.92108
 0.809648
 0.0788775
 2.05123
 -1.39812
 0.164088
 -0.66622
 1.12082
 -1.50717
 2.67429
 -1.61422
 1.20856
 0.744165
 2.1687
 -0.0169782
 0.341163
 0.361946
 -2.11599
 1.9181
 0.806363
 -0.220532
 -0.774528
 -2.88323
 -0.33219
 0.318995
 -1.74591
 -1.11147
 0.567261
 -0.198936
 -0.0467987
 -1.59533
 -1.56233
 -1.84019
 -0.262948
 -2.81752
 -1.31957
 -1.98739
 -0.255759
 -1.72557
 -2.53512
 -0.950111
 -1.6747
 -0.950366
 0.183979
 0.945591
 -0.559557
 2.0291
 1.6107
 -0.414899
 -0.596777
 0.807888
 -1.84659
 -1.17838
 -1.37747
 -1.8244
 1.05826
 -1.12048
 1.82755
 0.741162
 0.669104
 2.13651
 -0.70822
 -1.02647
 -1.75197
 1.1432
 -2.75268
 1.05744
 -0.527569
 -1.48457
 0.631339
 -1.58077
 1.17001
 -0.805663
 0.480422
 -1.31639
 0.16236
 -0.874958
 1.21118
 -0.669631
 -0.429112
 0.636685
 -0.563182
 -1.19764
 -2.41176
 0.493732
 -1.6623
 -2.87266
 -2.30693
 -2.04959
 0.429693
 -2.32768
 -1.49617
 -2.03798
 -0.584864
 -3.07231
 -1.77356
 1.85623
 0.0882761
 0.783617
 2.28105
 1.3386
 1.57334
 0.231091
 -1.429
 0.981512
 0.00705121
 -0.19284
 -1.92287
 0.370273
 -1.1982
 -1.01571
 0.896397
 0.387737
 -0.547079
 2.25458
 -2.07276
 -0.273292
 1.55789
 -0.70785
 1.8147
 -0.0967193
 1.47712
 -1.16719
 0.408887
 2.33307
 -0.597423
 1.70822
 -0.907246
 -0.884816
 0.474408
 -1.32707
 -0.049145
 0.488923
 0.759877
 -0.106086
 0.491001
 -2.0394
 1.94211
 -0.550661
 1.34932
 -2.78173
 1.85839
 -1.40283
 -2.04036
 0.0831861
 0.256206
 -0.411365
 1.10449
 0.162673
 1.6235
 -0.837076
 -2.22299
 1.90672
 -2.63211
 -0.62797
 0.239508
 -0.156833
 0.511135
 -2.3647
 -0.123446
 -0.026014
 -2.46279
 0.325159
 -1.13381
 0.937627
 -0.283723
 -0.523961
 2.32082
 -0.714951
 -0.335009
 -1.0945
 0.950053
 -1.23307
 -1.03037
 -1.62138
 0.481886
 -0.453485
 -2.28525
 -3.18503
 -1.356
 -1.98677
 -1.76718
 -1.43458
 -0.764679
 0.439864
 -1.26171
 0.808279
 1.01902
 -1.01319
 0.988433
 0.414504
 1.51938
 -0.00230214
 -0.718648
 2.32216
 -0.714968
 1.44802
 1.61071
 0.340483
 0.977158
 -0.987886
 0.97765
 0.645931
 1.01211
 2.50941
 2.11781
 -1.33745
 -0.334061
 -0.453104
 -1.24143
 -1.19822
 -1.66903
 -2.08101
 -1.7128
 -1.68005
 -0.966925
 -0.0343629
 -2.54591
 -0.990858
 1.42304
 -0.357858
 2.3309
 0.383073
 0.908856
 1.41348
 1.04567
 0.955536
 -0.381647
 1.02016
 0.574169
 -0.840583
 -0.349913
 0.73403
 -1.3093
 -1.28793
 -1.34785
 -2.75979
 -0.559694
 -1.97635
 0.495322
 -2.11184
 -1.00782
 -1.69999
 -0.713947
 0.572125
 -1.15022
 -1.06831
 1.41934
 -1.08501
 -0.886721
 0.011558
 -1.15669
 -1.45851
 -2.56799
 -1.8943
 -3.07877
 -1.17604
 -0.0255114
 -1.30773
 -0.892123
 -2.22102
 -0.780765
 -1.67958
 -0.351358
 -0.863786
 1.83504
 1.50741
 2.03759
 3.10928
 2.37584
 2.58637
 1.21447
 -0.333839
 2.26106
 -0.271519
 -0.669964
 2.6662
 -1.21441
 0.248796
 1.28657
 -0.346153
 -0.0891014
 0.402112
 -0.340587
 1.45723
 0.12768
 0.679862
 -0.591863
 0.409459
 -0.346456
 1.09998
 1.03187
 2.10844
 1.4512
 0.427294
 2.38886
 -1.73808
 1.59422
 0.910467
 1.38365
 2.03992
 1.10179
 1.45545
 0.278789
 -0.919957
 1.32481
 0.876014
 -0.486676
 0.290013
 0.385492
 2.71728
 -1.00646
 -0.353845
 -1.37292
 2.18655
 0.0339025
 1.45579
 0.12683
 1.77004
 -1.17486
 -2.12538
 -0.316542
 -2.10577
 0.548294
 -1.66998
 0.415157
 -0.45517
 -1.29497
 -0.322137
 -1.03623
 0.477755
 2.01551
 -0.694123
 -1.03015
 -0.904116
 1.72769
 -0.410221
 -0.908734
 -1.50056
 0.150102
 0.78932
 0.0706211
 -1.41094
 -0.0207278
 -0.501199
 1.07916
 -0.707512
 -0.927843
 -0.936495
 1.29953
 -0.763181
 -1.03908
 -1.90882
 -0.431114
 -2.76302
 -0.718628
 0.125033
 1.71562
 -1.40187
 -0.592968
 0.289786
 0.858801
 1.40791
 -1.03966
 1.53675
 1.45267
 -0.429019
 -0.14266
 1.87175
 1.78322
 -1.4032
 2.25826
 -1.51891
 0.583955
 -0.850077
 -0.278523
 1.78876
 -1.40667
 -1.661
 -0.37484
 0.466423
 1.27841
 -0.634424
 1.22335
 0.855217
 2.29291
 0.14771
 1.67587
 -0.619051
 0.820738
 2.03319
 -2.43043
 1.37401
 2.51853
 0.00658536
 1.66565
 1.70827
 -0.273871
 2.76543
 1.72306
 2.04045
 -0.546431
 -0.592888
 -0.95784
 1.35323
 1.18174
 0.906776
 -0.368575
 2.19107
 0.701022
 1.11574
 -2.29524
 0.579667
 -0.370903
 0.747519
 -2.10972
 -1.40628
 -2.10151
 -0.592042
 -2.74335
 -0.604497
 1.4756
 0.373558
 -2.59327
 0.477121
 -1.95863
 -1.98335
 -0.0379586
 -2.7814
 -1.3916
 -3.01587
 -1.13463
 -2.88334
 -0.835048
 -1.86905
 -0.841425
 -1.2359
 0.38104
 -2.67171
 -0.279104
 -0.224094
 -0.373596
 -2.20695
 -1.70473
 -0.160923
 2.48273
 -0.091749
 -1.32493
 0.0586406
 -1.78795
 -0.343581
 -2.41429
 -0.482678
 -2.18718
 -1.5576
 -1.00306
 -1.40954
 1.14398
 -0.220157
 -1.08996
 -2.33371
 2.12072
 -2.29287
 1.45735
 1.05777
 -1.17783
 1.73976
 -0.896731
 0.896096
 1.51005
 -0.472356
 0.622966
 -2.75399
 -1.82343
 -0.672307
 -2.54692
 0.182375
 -1.12731
 -0.275539
 -1.08848
 -0.757247
 -1.2892
 -2.27401
 2.32222
 1.0054
 -1.79397
 -1.32549
 0.685616
 1.34527
 -0.809778
 -1.40943
 0.684943
 -0.00555056
 -0.715045
 -0.425957
 -0.120297
 1.5761
 -2.25741
 -1.83315
 0.516049
 -2.09691
 2.0851
 -0.602226
 0.0563105
 -2.51653
 -0.613298
 -1.90223
 -1.07615
 -2.15695
 0.495147
 -2.08974
 -0.725559
 -1.82082
 -1.98423
 -1.89172
 0.87668
 -0.940972
 2.5613
 -0.0482592
 -1.39319
 1.25521
 -0.140117
 1.09156
 0.887563
 -0.369391
 -1.49342
 2.06482
 -0.240926
 -0.630235
 0.47742
 -0.579188
 0.043203
 1.03556
 1.57689
 1.83322
 -1.68563
 2.01784
 1.04633
 0.367433
 1.99169
 0.422086
 2.77931
 -0.96829
 -0.865191
 -2.10946
 1.3932
 -0.47336
 0.0232236
 1.78227
 0.80614
 1.51504
 1.89085
 1.91981
 0.831567
 0.86814
 2.22703
 0.472663
 0.673283
 0.968129
 -2.65363
 2.10799
 -0.881132
 2.06118
 0.0279481
 0.917919
 0.534724
 -0.505259
 0.463597
 0.993768
 -0.293305
 -0.899941
 0.810662
 1.92167
 -0.415691
 -0.400596
 -0.171547
 0.0935575
 1.22141
 -0.312537
 -1.04995
 0.0161022
 0.0329034
 -0.825857
 -1.92376
 -0.888957
 0.983049
 -0.0231293
 -0.533164
 2.72985
 0.515867
 0.756363
 -0.656694
 0.19025
 1.08499
 -0.916795
 -0.525934
 1.73426
 1.67317
 -0.508094
 1.68611
 -2.22644
 -1.52519
 -1.33253
 -1.76164
 0.412815
 -1.94596
 2.04231
 -1.62172
 -0.495218
 -1.59645
 0.392058
 -2.67799
 0.50647
 -0.374127
 -0.530012
 1.07074
 1.21584
 1.19795
 -1.31441
 0.191532
 1.28846
 -0.814637
 -2.25863
 0.561024
 -2.82552
 -0.0194068
 -0.52219
 -1.51123
 -0.897969
 0.22001
 -0.41753
 0.439942
 -0.483636
 2.19276
 -0.676436
 1.49181
 -0.358784
 1.48838
 0.843011
 2.50673
 0.289571
 -1.35238
 0.0792737
 1.08241
 -0.789813
 -1.40752
 -0.518223
 -1.68304
 0.596987
 1.47026
 -0.74604
 1.9602
 0.238903
 0.0290325
 -2.63468
 -0.0558307
 -2.71437
 -0.73484
 -1.89426
 0.231881
 -1.51513
 -0.292771
 -0.618759
 1.44568
 -0.346423
 0.237243
 0.10557
 -1.06611
 -0.282889
 -0.530079
 0.977603
 1.42424
 1.6988
 0.627124
 -0.389054
 1.05127
 2.15928
 0.614944
 1.95899
 -1.66196
 1.6895
 -0.478898
 -1.53982
 0.0283211
 -0.716789
 -0.326307
 0.30459
 1.40537
 -0.769209
 1.36714
 1.6742
 -0.5823
 0.709547
 -0.585271
 2.30087
 0.563621
 1.08976
 1.8002
 -0.548802
 1.7886
 -0.660281
 1.078
 -0.343951
 -1.08942
 -1.97039
 0.842323
 -0.326222
 0.840868
 -0.628899
 -0.0720322
 0.00127167
 0.614733
 0.216268
 2.54209
 -0.43022
 -1.10918
 0.490847
 -2.51626
 -1.25768
 -0.109101
 -1.19789
 -2.59991
 -1.13926
 -2.4119
 -1.12575
 -2.36395
 0.156877
 -1.75218
 0.829278
 -0.197869
 2.90614
 -0.841856
 2.84074
 1.56365
 2.82614
 1.12773
 2.1931
 -1.45236
 1.04644
 -0.615859
 1.59044
 -1.50485
 0.442116
 -1.58374
 -0.630686
 -0.752637
 -0.482881
 -0.332284
 0.314163
 0.480928
 0.337863
 -1.57941
 -0.0922453
 -2.8785
 0.25107
 -0.659462
 0.672537
 2.71916
 1.67427
 1.90569
 1.90956
 2.80014
 3.12078
 2.80213
 1.78204
 2.48535
 2.25431
 1.39774
 -0.530623
 0.504931
 -0.34178
 -2.47602
 -1.58565
 -0.129551
 -1.70324
 -1.68101
 -0.965577
 -0.824485
 0.644415
 -0.0928608
 1.85797
 -0.244061
 0.606706
 -0.721864
 0.719529
 -0.440561
 1.2972
 -1.58311
 0.776607
 0.223439
 1.39636
 -0.361822
 1.5705
 2.04582
 -0.313128
 0.922432
 1.07318
 -1.64819
 -0.467569
 -1.29955
 0.812074
 1.03051
 0.941504
 2.8343
 0.751485
 -0.335302
 -2.47908
 1.73415
 -1.33648
 1.25224
 -0.574495
 2.35131
 1.08042
 0.700289
 1.69606
 0.982929
 -0.322947
 2.70315
 1.47334
 1.47134
 0.532283
 -0.912205
 -2.00562
 -1.99586
 0.609462
 0.205942
 1.72982
 -0.173107
 0.495293
 1.07581
 -0.867469
 0.276617
 0.364191
 0.480309
 -0.724104
 -1.21231
 0.11592
 -2.42893
 0.038833
 -1.52147
 1.08257
 -1.09779
 0.18531
 -2.15287
 -1.90681
 0.138204
 -1.66865
 0.291881
 -0.20981
 0.290744
 -2.31499
 2.30218
 -0.106394
 -1.11188
 -1.11211
 -2.28464
 -2.19258
 -0.288107
 0.0599801
 -2.93447
 -0.982855
 -0.843155
 0.23742
 -0.900012
 -1.54204
 0.902481
 0.724129
 2.5944
 0.0455733
 1.76766
 0.596114
 2.84318
 2.54571
 1.40456
 1.61683
 2.38483
 1.18234
 0.129773
 1.58818
 2.09548
 0.0209036
 -0.442525
 0.857069
 -1.62451
 1.79715
 0.129541
 0.459427
 0.190155
 -0.252033
 0.352853
 -0.745933
 -0.158334
 -0.320885
 -0.586869
 1.41203
 -0.314508
 2.30076
 -0.0702511
 1.37072
 0.800871
 -1.11019
 1.75643
 2.59917
 -1.37261
 -0.0524345
 -0.124129
 0.452623
 0.680249
 1.13643
 1.51146
 0.0603909
 0.628919
 0.495771
 0.978359
 -1.61013
 2.63151
 1.4474
 2.24552
 -1.58062
 1.27238
 -0.293442
 0.488725
 1.09085
 0.350973
 2.88569
 -0.515963
 2.83044
 -0.246214
 1.50303
 -2.07212
 0.43538
 -1.52983
 0.562783
 -0.929005
 -0.397438
 -1.99367
 -1.71527
 -0.871382
 0.114729
 -2.61561
 -1.83317
 -1.33599
 -0.389241
 -2.66959
 -0.825919
 -1.56562
 -0.983108
 0.65943
 -2.34598
 0.762642
 0.378463
 0.88826
 0.886058
 2.24509
 2.66874
 0.763025
 -1.15356
 1.41518
 1.35602
 -0.400384
 -0.216647
 -0.685508
 -1.556
 0.189795
 0.779755
 -2.37227
 2.532
 -1.29084
 -0.950828
 -0.817269
 -0.126034
 -0.436696
 1.01591
 -1.45
 -0.0682388
 -1.48455
 0.978794
 -1.05315
 1.57907
 2.57061
 0.573915
 2.40029
 0.737892
 -1.01949
 2.52843
 -2.62389
 1.24412
 -2.63758
 -2.01152
 1.72312
 -1.35166
 -0.244322
 0.629473
 -2.68264
 2.51453
 -1.24565
 -1.08491
 -1.81262
 -0.697295
 -0.686873
 -0.22797
 -1.50895
 0.329389
 0.261976
 1.74297
 1.69232
 1.10838
 2.08257
 0.0386482
 2.44697
 -1.02482
 0.534197
 -2.64293
 0.388253
 0.939002
 -0.395528
 -1.54072
 1.40785
 -0.807233
 2.77493
 0.0527029
 1.25293
 -0.152021
 0.669461
 0.873249
 -0.499741
 0.73821
 -0.825258
 -0.927299
 0.582503
 -1.00819
 -1.11294
 2.56355
 -0.387961
 0.181671
 1.51795
 1.37384
 -0.083821
 1.16868
 -0.650827
 1.66347
 -0.7236
 -0.208005
 0.271351
 -1.45316
 0.589578
 -1.84441
 0.875556
 2.11581
 -1.04412
 2.10024
 -1.74498
 0.329869
 0.959833
 1.11201
 0.370801
 2.1018
 -0.849707
 1.71518
 -1.34527
 1.79628
 -0.995863
 1.40285
 0.888709
 1.75129
 2.80075
 -0.525051
 2.48264
 0.272869
 2.65591
 -2.46046
 2.42625
 0.790347
 -0.727458
 -1.15416
 -0.778496
 -2.92101
 0.396699
 -1.8399
 -1.51657
 -1.77408
 -0.651344
 -2.85534
 1.93859
 1.71118
 -1.14987
 -0.684406
 1.19237
 0.449785
 1.06858
 0.258798
 0.88412
 0.966168
 -1.43181
 2.10473
 -1.3843
 1.48227
 1.56695
 1.18299
 -0.667106
 0.510248
 -1.17038
 2.31082
 -0.175905
 2.04462
 0.506539
 -0.301703
 -2.25321
 1.97697
 -0.605054
 2.08393
 -1.25024
 0.456105
 1.55702
 -2.32206
 0.101392
 0.486597
 1.57544
 -0.128026
 3.02392
 0.123894
 2.31178
 0.898026
 -0.179991
 -1.03444
 -1.00936
 0.421759
 -0.383558
 0.350835
 -0.937106
 -0.176307
 -1.7402
 0.107381
 -1.17354
 1.21665
 -0.869852
 0.306603
 1.41512
 0.514744
 1.31028
 -1.24369
 0.0485704
 -0.545281
 1.81806
 -2.20512
 2.25019
 1.80266
 1.39468
 1.08745
 0.856104
 -2.21901
 -0.79974
 -0.2612
 -1.29112
 -0.696609
 -1.4747
 -0.995059
 0.240368
 -1.0921
 0.412903
 0.377669
 2.28662
 -0.35966
 0.792697
 0.385736
 -1.01037
 0.407359
 -1.01308
 1.27626
 2.40695
 3.0843
 0.76813
 1.47814
 2.69403
 2.34557
 1.78715
 2.70282
 0.779476
 0.449826
 -0.628051
 1.70705
 0.886133
 2.34887
 0.383428
 0.631015
 -1.00474
 2.42156
 1.42857
 -0.717506
 0.68833
 -1.47836
 -1.13478
 -1.53737
 -0.343605
 -2.85831
 0.507689
 -2.82321
 -1.56963
 0.00686506
 -1.36528
 2.78709
 -1.09183
 1.05846
 0.319509
 1.96783
 0.869507
 -0.302108
 -1.06014
 -0.234789
 -1.6914
 -0.172068
 -0.287144
 0.820373
 -2.22443
 1.13794
 -2.7257
 2.12168
 -0.641854
 1.83566
 -2.25618
 -0.841138
 0.109226
 -1.56315
 0.876573
 -0.257849
 0.244163
 -2.29292
 -1.16207
 0.435099
 0.0171583
 1.96474
 -0.74133
 -0.0756118
 0.0650892
 0.997167
 -0.338484
 -1.37967
 2.6319
 -2.67717
 1.72617
 -1.39877
 -1.91137
 -1.59839
 2.28682
 -2.14252
 -1.18517
 0.0763342
 0.504832
 0.0697621
 -0.398256
 -0.23165
 -0.79728
 0.526602
 -2.20757
 -1.93126
 -1.77714
 0.57156
 2.21666
 -1.85059
 1.38774
 -0.926618
 0.247042
 0.0794477
 1.74283
 -1.98042
 -0.671044
 -1.36846
 -0.243016
 -1.91394
 -1.2364
 -2.13985
 -0.0609679
 -2.6327
 0.0460974
 0.544926
 -2.10208
 1.60983
 -2.15273
 -1.61111
 -1.12914
 -1.14544
 -2.28367
 -0.619915
 -1.29552
 -1.74988
 0.532133
 -1.41592
 -0.263669
 -0.181089
 1.95558
 0.195579
 1.35543
 1.08041
 0.869803
 -1.18867
 -0.0229295
 -2.81768
 -1.09248
 -1.34895
 -1.90307
 -0.551479
 -1.65185
 -1.35834
 -1.38365
 0.0032751
 1.06126
 -0.940832
 -0.101422
 -1.16021
 1.41002
 -1.36941
 -0.870408
 -1.52515
 -2.38489
 -1.19666
 -0.801255
 -2.52439
 -2.12319
 1.44292
 -1.18363
 -0.207255
 -0.466153
 0.182146
 1.00155
 -0.841135
 0.524261
 -0.581854
 -1.4921
 -0.544863
 0.422229
 -0.499336
 -2.0389
 0.99817
 -0.256623
 2.27602
 2.49194
 0.434484
 1.82033
 1.85629
 2.77078
 0.966524
 -1.80622
 1.25565
 0.789368
 -0.420523
 1.48782
 1.77033
 1.36141
 0.667941
 1.36032
 0.44187
 -0.362627
 0.68276
 -0.753927
 1.58299
 0.00877104
 1.30555
 0.9474
 -1.11638
 1.8194
 1.3616
 -0.924625
 0.0195435
 2.73058
 -0.913853
 1.48858
 0.969965
 1.27915
 1.1781
 -1.1621
 2.77684
 -0.383241
 1.87648
 -0.620936
 0.712034
 0.101336
 -1.40933
 -1.76902
 -0.959516
 1.6822
 -1.64841
 -1.02248
 -1.49935
 0.00228549
 0.947899
 -0.595695
 1.82294
 1.17102
 0.382364
 -1.52598
 -1.12113
 -1.06165
 -0.034924
 2.06078
 0.726255
 2.75984
 2.36786
 0.948214
 2.6245
 -0.774651
 -1.88552
 0.739662
 0.543086
 0.33592
 -2.55247
 -0.235605
 0.245551
 -0.723698
 -0.898551
 0.0360199
 1.07296
 -0.260302
 1.73166
 0.3155
 2.51334
 -0.528172
 0.398412
 1.68182
 0.582084
 2.9307
 -1.04868
 2.50562
 0.341087
 2.436
 2.0209
 0.772484
 2.42801
 2.30393
 -0.214485
 -1.85616
 -0.509232
 -0.345926
 -0.407208
 -0.873064
 2.61275
 -1.07228
 -0.53107
 -0.108766
 0.23326
 0.216426
 -0.518324
 -0.234998
 0.819354
 0.33141
 0.789859
 2.84988
 0.735223
 1.26001
 0.368514
 1.00342
 2.53388
 1.9142
 -0.171651
 -2.41268
 -0.933282
 0.110477
 -0.941027
 0.21651
 -2.21239
 1.36778
 1.60986
 -0.214355
 -2.12246
 1.14429
 0.369412
 0.991398
 2.54884
 -0.893385
 1.46813
 -0.18961
 -1.5454
 0.116723
 0.700448
 -2.74831
 0.225742
 -1.56082
 -0.217921
 0.302067
 2.62315
 0.0399115
 0.0946509
 0.843671
 -0.185244
 2.01529
 0.149738
 1.81985
 -0.789948
 -1.49569
 1.3706
 -1.75656
 -0.0956813
 0.414497
 -0.902376
 -1.78772
 -0.00781447
 -1.65811
 1.19687
 -1.41892
 0.835318
 1.7234
 0.766926
 -0.803535
 1.15541
 -0.0223026
 1.83475
 0.159099
 1.7803
 0.816762
 2.42954
 -2.15389
 1.63194
 -0.830392
 -1.78826
 1.23675
 -0.0839827
 0.814482
 -0.121985
 -0.769682
 -1.78842
 0.535068
 -2.15737
 -0.157593
 -2.97446
 -0.166271
 -1.37673
 -1.5796
 -1.46624
 1.44635
 -2.90181
 -1.54775
 -1.99404
 -1.9221
 -2.26068
 -1.12174
 -1.72077
 -2.9824
 -1.71673
 -1.28644
 -0.852811
 -1.44187
 -0.956893
 0.887658
 -0.217497
 -2.74778
 -0.411138
 0.956523
 1.20729
 -0.533978
 -2.305
 -1.34946
 -0.957048
 -2.46148
 -0.147453
 0.00653019
 2.56858
 0.959924
 1.60874
 2.93812
 2.57086
 -1.18922
 2.17015
 1.06699
 -0.804182
 1.28276
 -1.09533
 0.43508
 0.177115
 1.13254
 2.78407
 2.83453
 0.306021
 -0.702257
 0.59972
 1.02001
 -0.501246
 2.73112
 3.07426
 1.11434
 2.89304
 2.29027
 1.41565
 1.98978
 0.340617
 1.17209
 1.1327
 1.07316
 1.67899
 0.7022
 -0.555824
 -2.8849
 1.9594
 1.44494
 2.34789
 -1.00395
 -1.01718
 0.943643
 0.707578
 1.15165
 1.20821
 2.97333
 -0.756675
 1.96032
 -1.08544
 -0.510323
 -1.48147
 -1.6814
 -0.975328
 -2.06726
 -1.68309
 -2.11351
 2.29058
 -0.181045
 0.90812
 -2.47199
 2.50056
 -2.51708
 -0.0848083
 -2.0441
 0.0638376
 -2.0536
 0.968732
 1.14494
 0.0344851
 1.8139
 0.936635
 -0.973127
 1.06535
 -1.80734
 0.364745
 -0.0254874
 2.7266
 -2.20798
 1.83933
 -0.624644
 0.618243
 0.891182
 -0.285171
 -1.17507
 -0.00277981
 1.05877
 -0.222755
 -0.705096
 -2.45964
 -1.72246
 0.579059
 -0.301123
 1.84303
 1.2766
 1.89784
 1.52408
 2.88188
 -0.580652
 -0.0733256
 1.46187
 1.34199
 1.5504
 1.89255
 1.19149
 2.49472
 3.1894
 1.11308
 -0.484922
 -1.29936
 0.357685
 0.610143
 -0.43207
 1.58666
 -2.28229
 1.7452
 1.63848
 -1.03822
 -0.0691696
 -1.23688
 0.837783
 -1.13586
 -1.69375
 0.631419
 -0.761353
 -1.27185
 1.00108
 -0.33508
 -0.614305
 1.1817
 0.489947
 -1.10685
 1.19983
 -0.662355
 0.913496
 -1.29974
 1.25609
 -0.543234
 1.76146
 0.559119
 -0.988793
 0.351197
 -1.92925
 -0.537774
 -1.62226
 -2.54217
 0.862901
 -1.37341
 -2.65527
 1.66125
 -0.465611
 -0.216625
 0.144869
 -1.14595
 0.292966
 -1.47313
 -0.935919
 -1.5813
 -0.607277
 1.80158
 -1.23092
 -1.52672
 0.216116
 2.33459
 1.78858
 -0.380536
 1.15007
 0.00477241
 0.521716
 -1.45805
 0.052453
 1.00265
 -0.368005
 1.9843
 -0.339634
 -0.55605
 0.644082
 -2.68169
 -0.860963
 -0.688594
 -1.6228
 1.01518
 1.51381
 2.54279
 1.85551
 -0.00320815
 -0.601608
 1.57722
 0.801091
 -0.869539
 0.333879
 -0.94236
 0.300137
 0.674282
 1.11102
 -0.243923
 -1.83414
 -0.863494
 -1.43393
 -0.383361
 -1.14721
 -0.801109
 -0.136483
 -1.35601
 1.7077
 -0.890899
 1.35855
 0.506274
 1.99723
 0.949909
 1.97046
 -0.542931
 1.8343
 0.66782
 1.24857
 1.66369
 1.49217
 1.03108
 0.487442
 -1.43
 0.376582
 -2.69014
 -1.43369
 -0.775151
 0.289196
 0.835736
 -0.848307
 0.14312
 -0.12521
 -1.81827
 0.591087
 -1.32528
 0.98937
 -1.34701
 0.491794
 -1.63384
 -0.704969
 1.44097
 0.245399
 0.571073
 0.653664
 -0.635849
 -2.91682
 -0.192373
 -3.03219
 -0.870419
 -1.5655
 -1.46689
 1.53473
 -0.727416
 0.721741
 0.961343
 0.404991
 -1.58234
 2.41311
 0.105776
 -0.922828
 -1.9722
 -0.212
 1.22458
 -2.35693
 1.3219
 -2.11204
 -0.156529
 -1.57538
 -2.24238
 -2.87419
 -1.66943
 -2.5214
 -1.58185
 -0.0768549
 0.237266
 -1.23085
 2.22145
 1.52464
 2.05028
 -0.0182077
 2.57687
 2.83713
 2.18672
 0.940734
 -1.05719
 2.25
 0.501084
 2.43302
 0.0433057
 1.20817
 1.58515
 -0.167146
 2.81904
 0.0602723
 1.02293
 3.1032
 1.15251
 3.08666
 2.47776
 2.62419
 -1.10531
 0.13222
 -1.46001
 -1.30219
 0.881949
 -1.89551
 2.38435
 -0.805256
 0.914582
 -0.614044
 -0.661646
 0.342351
 0.825577
 0.990375
 1.07334
 -2.43912
 2.10962
 -0.489065
 -0.0904101
 -1.17292
 0.411803
 -2.08544
 -1.49166
 -1.49965
 -1.63643
 -1.64608
 -0.0794237
 0.938667
 -1.35517
 -1.03911
 0.986616
 -1.1348
 -1.11736
 -0.325699
 1.10295
 -1.12558
 -2.38942
 0.715423
 -2.36112
 0.0921421
 -1.11537
 -0.178056
 2.32783
 2.25491
 3.07696
 0.0291364
 1.55274
 -1.52969
 0.0310941
 -1.59881
 -0.675183
 0.504593
 -0.271272
 1.10583
 -1.59059
 0.083057
 -1.07332
 -0.0598701
 1.59512
 -1.35873
 -0.289542
 -1.16617
 -0.377754
 1.51854
 -0.173399
 -0.0993035
 0.255295
 -2.57447
 1.4462
 -0.158597
 2.38489
 0.631275
 0.64164
 -0.254911
 -1.17011
 0.120913
 -2.24664
 2.07465
 -2.079
 1.33311
 -0.052051
 -0.839793
 0.354823
 -0.05548
 -2.6208
 -0.444676
 -2.81126
 0.0577875
 -2.85488
 -0.482073
 -2.29546
 0.333472
 -0.289209
 0.482571
 1.1043
 -0.538231
 1.26204
 -1.32926
 1.47924
 1.34911
 0.68542
 0.427246
 -0.46967
 -1.38836
 -1.28795
 -1.67915
 -1.76298
 -1.33326
 0.322407
 -2.58379
 -1.42977
 -1.68178
 -0.104835
 -1.47702
 0.649796
 0.385299
 -0.792033
 1.8183
 1.45437
 -1.85078
 -0.4643
 -0.501974
 -0.913564
 -1.21727
 2.03212
 0.687834
 2.8472
 1.33707
 2.36091
 0.910674
 1.98569
 -2.3063
 2.6912
 -0.9911
 2.54376
 -0.171344
 -0.687626
 2.29707
 0.0705394
 1.07075
 0.882306
 -0.628263
 1.99411
 -0.652396
 0.236256
 -0.586673
 0.555813
 1.31631
 -0.430018
 -0.864128
 0.41512
 -0.0450835
 -1.01389
 -2.00859
 -1.80552
 -1.64454
 -1.64405
 -0.265845
 0.577104
 1.78529
 -1.04788
 1.31038
 1.10046
 -0.600105
 1.40372
 -0.444447
 0.919323
 2.19512
 -1.34185
 0.499827
 -2.50041
 -0.36031
 -0.118355
 -0.0288672
 -2.31606
 1.48366
 0.59127
 2.13828
 1.60368
 2.4043
 -0.199922
 2.54673
 0.372166
 -0.350013
 0.363614
 -1.73165
 1.46076
 -2.32901
 1.81138
 0.930904
 -1.87418
 0.200731
 -1.82344
 -2.46826
 -0.35556
 0.612633
 -2.11299
 -1.39116
 -2.26476
 -0.0305157
 -1.63866
 -2.01542
 0.18411
 -2.80552
 0.434066
 0.392831
 -1.58032
 0.20439
 -1.17466
 0.816873
 -0.481692
 0.556427
 -1.5413
 1.10742
 -0.509254
 1.6576
 2.08714
 1.85508
 0.744303
 1.28513
 1.43888
 2.28665
 1.80354
 1.89606
 -0.301572
 -0.423912
 -0.732263
 2.21212
 1.71857
 -0.662285
 1.25751
 1.64609
 0.341822
 0.929846
 -0.171025
 -0.383298
 -0.732213
 -0.933087
 1.40002
 -0.489564
 -0.692176
 2.24658
 -0.59076
 0.567909
 -0.733477
 -1.17808
 -1.64052
 -0.125489
 1.42332
 -0.655015
 1.1338
 0.668047
 1.94005
 0.699747
 1.2606
 1.78439
 3.04566
 1.33315
 2.02824
 0.154363
 2.79124
 -1.81619
 -0.952151
 -0.562731
 0.193453
 -0.307845
 1.33283
 0.00722438
 2.10901
 1.65667
 1.69742
 -2.63356
 1.26495
 -2.47901
 0.0496239
 -2.8129
 -1.51038
 -1.65649
 -0.338905
 0.0320587
 -1.38108
 -2.09756
 -1.72042
 -1.39999
 -0.370542
 -1.12698
 0.428964
 -0.466379
 0.513341
 2.53377
 0.485673
 1.7179
 0.126381
 0.18694
 1.68995
 1.86141
 0.271295
 -0.233454
 0.638433
 1.48372
 0.467024
 -1.75452
 0.156004
 -1.58648
 -0.41792
 -0.470302
 1.70989
 -0.805602
 -0.0886822
 -2.26484
 -0.105537
 -1.11735
 -0.382286
 0.0674216
 0.389025
 -0.801047
 -1.15952
 -2.14046
 0.695853
 -1.24047
 -2.68262
 -2.28232
 -1.61821
 -1.08297
 -1.8784
 -1.36611
 0.0495244
 0.133977
 0.824334
 0.383892
 0.612457
 -0.480887
 1.38166
 0.857704
 -0.873028
 -1.24589
 -0.480286
 -0.99864
 1.44285
 -0.400029
 0.773635
 -0.461849
 1.32986
 -2.58838
 -2.95989
 -0.191389
 0.61638
 0.492401
 -1.17509
 -0.811489
 0.540339
 -1.98945
 -1.80969
 -2.1451
 -0.716371
 -1.00434
 -1.58478
 -1.22042
 0.855676
 -1.00024
 0.0919996
 -1.59405
 -0.055956
 2.04022
 -0.216821
 -1.66674
 2.28761
 -1.06785
 0.691408
 1.69334
 -0.108638
 2.1449
 -0.00551481
 2.0289
 1.90796
 1.153
 -0.034577
 -0.898329
 -0.357022
 -0.645821
 0.848738
 -1.40862
 0.951477
 -0.0994178
 -1.29543
 0.663817
 0.990229
 -0.214233
 1.98872
 1.45352
 1.15209
 1.84903
 -1.57014
 1.00071
 0.218409
 -0.355
 1.16295
 -0.328799
 1.29201
 -1.63733
 0.112146
 0.065544
 0.0358015
 -1.24653
 -0.491675
 -0.122486
 -2.47646
 -0.387941
 -1.02517
 1.09042
 -0.0732309
 -0.244497
 -0.811496
 1.09641
 0.355975
 1.71286
 1.50181
 -0.538349
 1.82928
 -0.741481
 1.60573
 0.151881
 0.642015
 0.961779
 -1.57629
 -1.4759
 -2.31816
 1.33761
 -2.49146
 -1.13253
 -1.34542
 -0.875082
 -0.20057
 -1.48543
 0.742029
 0.0711297
 -1.02468
 1.10491
 0.399249
 -0.270364
 0.290359
 2.3498
 -0.436279
 1.2301
 -1.20206
 0.524361
 0.647869
 0.563973
 2.20236
 1.63352
 1.11831
 2.3577
 0.0152581
 0.760004
 0.0186748
 0.0841403
 -2.58267
 0.0224352
 -2.73632
 -0.517702
 -0.291575
 -2.32801
 -0.143367
 -0.246964
 2.81277
 -1.95946
 2.26262
 -2.61551
 0.337659
 0.641921
 2.9329
 0.0674794
 2.70302
 0.944078
 2.01438
 3.1265
 -0.647524
 0.605691
 1.72579
 2.53396
 -0.0744427
 2.72568
 0.948757
 2.76941
 0.909905
 2.49825
 -0.530167
 -0.254994
 1.36095
 0.434742
 2.76208
 -1.42795
 1.81545
 -0.934414
 -1.29929
 -1.91572
 0.824372
 -1.188
 -0.327512
 -2.54769
 -0.325533
 -2.87644
 1.00195
 -1.02322
 -0.0475156
 -0.519071
 -0.919102
 0.350729
 -0.311521
 -0.829808
 2.33846
 -0.00345162
 1.83199
 2.29782
 0.902594
 1.5009
 -0.206581
 1.98589
 -0.390327
 0.608318
 1.81994
 1.26569
 1.41897
 2.28754
 1.55891
 -0.0231628
 0.970848
 0.84023
 -0.857227
 0.684895
 0.214496
 -1.74858
 -0.785075
 -2.66286
 1.02565
 0.745999
 -0.710952
 0.177213
 -2.06615
 1.33989
 -1.00008
 0.953848
 -0.778224
 -1.87293
 -0.608619
 0.470724
 -0.611301
 -2.73138
 -2.17604
 -2.00371
 -2.5362
 0.75968
 -0.437888
 0.129032
 -0.527174
 0.208326
 -0.380397
 1.20678
 0.566339
 0.0061342
 -0.197718
 0.00871005
 1.73843
 1.01431
 1.65478
 0.8667
 -1.82903
 0.161135
 0.134886
 -1.74512
 -0.217045
 -1.60326
 -1.44778
 1.473
 1.96781
 -1.80708
 1.63233
 -2.40628
 -2.68329
 -0.83982
 -1.08113
 0.32503
 -1.27233
 -2.61518
 -0.713437
 -1.59153
 0.901338
 -0.407098
 0.995504
 1.9515
 -0.0458596
 2.62691
 -0.261807
 1.30528
 0.854181
 1.2404
 1.48391
 1.04342
 -2.67985
 2.33648
 -0.0838007
 0.55421
 2.90799
 1.37094
 2.96503
 1.52965
 0.133209
 3.00706
 0.440447
 3.03202
 0.372212
 0.874641
 -0.461549
 -0.769153
 -1.5179
 -0.951103
 -1.03085
 -0.122391
 -0.0904078
 -1.0498
 -0.2963
 -1.17887
 -0.791079
 -0.760069
 -0.243071
 -0.869164
 -1.45626
 2.5608
 -2.17482
 -0.0147738
 2.24633
 -2.01691
 -0.386476
 -0.776863
 0.368273
 -1.81408
 -0.114164
 0.514733
 -0.757823
 -0.139453
 0.94074
 -0.425737
 1.21796
 2.25274
 0.758922
 -0.931743
 0.390512
 0.385752
 0.643349
 1.56793
 0.283224
 -1.86384
 1.32087
 -2.05954
 -1.89273
 0.668051
 -1.46029
 -0.0588235
 -1.69526
 -1.78473
 -2.62401
 -2.07151
 0.235513
 -2.29143
 -1.8229
 -1.02743
 -0.477298
 -0.307986
 -1.46529
 -0.291727
 0.24357
 -0.983126
 1.37204
 -0.270073
 1.13252
 -1.34446
 1.70204
 -0.615073
 1.20453
 -1.97314
 1.51553
 -1.36067
 -1.53638
 1.94479
 -2.76255
 -0.781623
 -1.72739
 -0.530862
 -1.55755
 1.17942
 0.0432657
 1.93416
 1.77202
 1.29598
 0.887748
 0.993559
 2.03563
 1.61539
 -0.183567
 -1.29439
 1.93437
 -1.87619
 -0.886075
 -1.58184
 -1.32164
 -0.615057
 1.03699
 0.471139
 0.937147
 0.685957
 1.05372
 1.49834
 -0.182943
 1.85857
 1.88256
 2.48681
 0.275929
 1.31908
 -0.404818
 2.59885
 -0.576517
 0.0819493
 -0.703654
 1.63962
 1.15875
 0.152394
 -0.489732
 0.527949
 -0.505913
 -1.84741
 0.0739159
 -1.31047
 -1.55275
 -1.72584
 -1.50263
 -1.70398
 -0.776529
 1.07001
 0.0311464
 -0.646929
 -1.26718
 -0.16865
 2.89915
 0.688686
 -0.0463401
 -1.26177
 1.47363
 -2.12112
 2.12839
 2.57519
 0.27429
 1.19424
 2.52485
 -0.535777
 1.00618
 0.491033
 0.985139
 0.310801
 -0.987593
 1.02062
 -0.804773
 -1.54667
 0.47286
 -0.361351
 1.69711
 0.991565
 -0.0694969
 2.26252
 -0.918048
 2.73279
 1.26246
 -0.560853
 1.5272
 1.72871
 1.26456
 -0.216203
 -0.433687
 0.943601
 0.824832
 -0.713789
 -1.88913
 2.03299
 1.09048
 0.0204889
 -1.29249
 -0.686413
 0.0850192
 -0.461869
 1.20656
 -1.92578
 1.96005
 -0.829387
 -0.741016
 0.310738
 1.76131
 -1.5561
 0.940549
 1.94077
 -1.34191
 -0.590233
 -0.451113
 -0.405762
 0.633544
 -2.26533
 -1.71757
 0.540862
 -0.363535
 -0.282063
 0.654969
 0.814249
 1.92245
 1.43799
 -0.172111
 0.0167562
 2.05595
 -0.927497
 0.0333162
 0.0602148
 -1.60435
 -1.81717
 -1.69842
 -1.67862
 -3.09342
 -2.90095
 -1.25532
 -1.84629
 -2.19193
 -0.171946
 0.387928
 -0.403915
 -0.325514
 -1.88221
 -2.35664
 -2.47746
 -0.97973
 -2.78816
 -0.779592
 -1.00165
 -1.23293
 0.73808
 1.5136
 -1.22745
 1.60957
 -0.924468
 1.52133
 -0.0856081
 -0.71776
 -1.11717
 -0.225097
 0.221196
 -0.32679
 1.39744
 -1.9076
 -2.08151
 0.0820126
 -1.7272
 2.38695
 0.799455
 1.25455
 1.18458
 -0.102802
 -0.0798736
 0.276256
 2.40058
 0.127384
 -0.154954
 -0.363814
 1.04439
 -0.294525
 -0.512946
 -0.57896
 -1.69201
 2.74711
 -1.99789
 -1.25587
 -0.481711
 0.0895611
 0.427133
 -1.98762
 0.743043
 -2.43022
 -0.416999
 -2.75814
 -1.43507
 -1.7771
 0.163421
 -0.59592
 -1.9432
 -0.831007
 -0.826057
 -2.01827
 -2.31227
 -1.21301
 0.125578
 -2.74501
 0.231907
 -2.34802
 -1.34609
 0.564816
 -1.88975
 -1.42557
 -1.17983
 -1.42276
 -0.0332188
 -2.17383
 -2.39914
 -1.73224
 -1.20877
 1.13852
 -1.42886
 -0.183173
 1.28662
 -0.112428
 0.159421
 0.708966
 -1.0286
 -0.16655
 1.75039
 0.384816
 0.0717421
 2.83433
 1.73529
 0.922002
 0.214083
 0.60392
 -0.410015
 -0.0771685
 -0.175893
 1.9304
 -2.68965
 -1.71776
 1.96376
 0.204885
 0.141602
 2.0815
 -1.12734
 0.105016
 0.15451
 -0.177088
 0.581577
 1.56602
 0.121202
 0.386098
 -0.446863
 -0.861743
 1.24319
 -0.260581
 -1.04202
 0.698009
 0.727663
 -1.07647
 0.525869
 -0.238364
 -0.889901
 0.747538
 0.433793
 1.74096
 1.09486
 2.81196
 1.03791
 0.472117
 2.04119
 1.51339
 1.37885
 1.93059
 1.08731
 -0.116003
 1.94244
 -0.631321
 -0.792918
 -1.52368
 0.679628
 -2.18179
 0.0331851
 -1.94878
 -2.81237
 -2.23
 -0.431126
 -2.41392
 1.34461
 -0.633722
 0.258919
 0.178839
 -0.65858
 0.634413
 0.482736
 -0.0613674
 1.63664
 -0.328717
 -1.00261
 1.20469
 -0.99305
 0.988528
 0.37401
 -0.691566
 -1.80363
 -2.25368
 -2.08632
 -2.92842
 0.966447
 -1.06295
 -1.45754
 2.11013
 -2.02903
 1.12507
 0.629189
 -1.41162
 -2.07162
 -2.23359
 0.855229
 -0.4428
 1.13009
 -1.298
 1.38156
 1.07043
 -1.19049
 1.99933
 -0.0131471
 1.35541
 -0.148564
 -0.950149
 0.833283
 -1.34764
 -2.41277
 0.802788
 1.44975
 0.263017
 1.61629
 -0.875495
 2.02501
 -0.365057
 0.276026
 -0.323241
 -0.930956
 -0.193803
 -0.972113
 0.373358
 -0.65663
 -1.64139
 0.401859
 -1.71896
 -0.676543
 -2.66384
 -0.289589
 -1.31
 -1.90556
 1.08031
 0.261948
 -0.0345145
 -1.04838
 -2.64846
 2.13418
 -2.66287
 -1.9343
 0.230442
 -0.975304
 2.32364
 -1.85367
 1.1864
 -1.22836
 1.68881
 -0.367468
 1.149
 -0.0401064
 0.591206
 3.07784
 0.633917
 0.0854368
 1.62567
 -0.397205
 -0.0323201
 -0.922509
 1.2031
 0.864871
 0.660576
 -0.176817
 2.4101
 0.334177
 1.70537
 -0.4868
 0.483835
 1.66959
 -1.58836
 1.89468
 -0.418909
 -2.05713
 -1.38469
 -1.01443
 -1.04646
 -0.429624
 -0.470501
 -2.52646
 1.63797
 -2.47304
 0.612024
 0.252745
 -1.55765
 -1.7637
 0.128037
 2.78311
 -1.59761
 1.70933
 0.842752
 0.194123
 -2.24722
 -2.00519
 0.14408
 -0.187757
 -1.32171
 2.05211
 -0.352878
 -2.34707
 -0.379348
 0.102229
 -1.46417
 2.28842
 -0.962465
 -1.42479
 -1.63954
 0.899909
 0.475399
 2.45537
 -1.17777
 0.2786
 -1.7888
 0.387333
 -1.58631
 -0.318216
 1.2433
 0.696033
 -1.0424
 -0.64098
 -0.938795
 0.949417
 -1.64703
 -1.31984
 -1.45347
 -2.79317
 0.297836
 -1.62869
 0.743696
 0.0465319
 0.0733176
 -1.33835
 -0.526316
 -1.10685
 0.921776
 -0.786787
 -2.49338
 0.237322
 -2.17449
 0.461241
 -0.0759253
 0.0462293
 -0.512069
 -1.37709
 -2.43467
 -1.31526
 -1.62493
 1.41202
 0.279575
 -0.941682
 1.2427
 -0.0825816
 -1.40566
 -1.9276
 -0.238687
 -0.435173
 -1.44533
 -0.213368
 0.999314
 0.641798
 2.09062
 -1.61654
 -1.16398
 -1.8855
 1.65702
 -2.48936
 -0.774287
 -2.19559
 -0.849348
 -2.98958
 -1.6239
 -1.33249
 0.296668
 -2.18876
 -2.56838
 0.060605
 -2.40586
 -1.22539
 -1.85895
 -2.50728
 -1.33058
 -2.20641
 -1.60509
 -1.97099
 -0.21693
 -1.23908
 -1.483
 -0.880814
 -0.945387
 1.77844
 -0.307016
 1.67018
 0.689854
 2.3414
 -1.22136
 1.81518
 -2.72161
 1.54398
 0.508802
 -1.58068
 -0.0524232
 -1.49766
 1.83133
 -1.32069
 -2.63064
 0.716173
 -0.676913
 -0.81488
 0.332159
 -1.87342
 0.196525
 -1.01222
 0.303212
 -2.01528
 -0.224496
 -0.642209
 1.50633
 -0.672127
 1.23299
 -1.39721
 0.56814
 -0.22365
 1.75779
 -1.25016
 -1.63463
 -1.35635
 0.819075
 -2.23975
 1.5903
 -2.9221
 -0.177902
 2.34396
 -0.618969
 2.35826
 -0.09561
 0.155145
 0.642864
 1.75483
 -1.41563
 2.36944
 -0.513313
 -0.765042
 0.455253
 0.0309666
 0.106205
 0.0639232
 -0.426045
 0.10806
 0.250328
 1.33819
 -2.75812
 1.73299
 -0.214358
 0.857017
 -0.723343
 2.37933
 0.801355
 1.69284
 -0.808061
 2.56387
 0.839186
 -0.549087
 1.01011
 2.92001
 0.315362
 0.951323
 0.653711
 -0.661605
 0.896894
 0.903262
 -1.45343
 1.06794
 0.941045
 0.461613
 1.44646
 -2.04722
 1.22953
 0.0106605
 1.0123
 1.07848
 1.25059
 1.79646
 -0.741285
 0.594078
 -0.995521
 0.163411
 1.19148
 -1.19304
 1.97684
 -1.34635
 2.91333
 -0.486928
 2.69773
 0.113416
 -0.842979
 1.06075
 -0.371481
 0.525837
 -0.305393
 -1.09841
 0.964059
 -2.52741
 -1.00989
 -0.827323
 -0.393567
 0.66494
 1.21579
 -0.120247
 2.69314
 0.694354
 1.55541
 2.30717
 -0.62286
 -0.270027
 1.8622
 1.07197
 -0.715889
 0.662499
 1.87721
 -0.586694
 0.627323
 1.97934
 0.768576
 2.75235
 -1.43651
 2.9596
 1.30742
 0.580448
 -0.362793
 0.766719
 0.822545
 2.66781
 2.67095
 1.51494
 0.513462
 2.0682
 0.725469
 -0.440669
 -0.412195
 0.435735
 0.999021
 1.54423
 -0.118106
 1.18482
 1.45528
 -0.381245
 0.779059
 1.72118
 -0.737888
 1.38393
 -0.807632
 0.759594
 0.966839
 0.468393
 0.604796
 2.71451
 1.52221
 2.0032
 2.79895
 0.588862
 -0.742157
 -0.0154584
 1.87343
 -0.868542
 -1.65173
 0.0966679
 0.299289
 1.09038
 1.74382
 0.526332
 2.82022
 0.520005
 0.776135
 0.0893529
 0.719337
 -0.239012
 -2.45768
 0.118581
 0.462846
 -2.23529
 1.22003
 -1.21586
 -0.752454
 1.57351
 -2.17897
 0.982734
 1.60685
 0.92963
 2.16924
 0.478492
 2.42068
 1.88604
 1.11814
 1.70885
 0.7726
 1.4146
 1.23133
 1.06292
 -1.19025
 0.0522131
 0.427678
 -1.91527
 -1.05957
 0.220089
 -0.326784
 -1.08234
 -2.63905
 0.983533
 -0.364104
 -0.970841
 1.23463
 1.79034
 -1.39759
 1.66128
 1.52427
 2.83508
 -1.31533
 1.78144
 0.548023
 2.01719
 0.538654
 2.56423
 1.5311
 2.9279
 0.0820955
 2.04043
 -0.801878
 0.105666
 0.252666
 -2.13242
 2.08475
 0.364623
 0.156221
 -2.30199
 1.51065
 -0.167004
 2.91096
 -2.57453
 1.99068
 0.197105
 -0.230963
 -2.20877
 0.178337
 -1.7196
 -1.72668
 1.92725
 -1.79536
 0.821392
 0.278508
 -0.61067
 1.35852
 2.30393
 -0.413235
 1.96283
 0.63707
 1.02135
 1.51832
 0.736626
 1.65479
 1.99356
 -0.295771
 -0.471111
 -2.45003
 -0.0762388
 0.0666374
 1.05704
 -0.00953071
 0.561794
 0.680311
 1.99971
 -0.868488
 1.47292
 0.816756
 1.11686
 0.116764
 0.703238
 0.0896981
 1.07708
 2.2044
 -1.95033
 1.01391
 2.21118
 -0.896986
 0.584123
 0.991094
 -0.475686
 -1.05728
 -0.0727537
 0.662236
 -0.257353
 -0.372173
 -1.21134
 0.355277
 -1.75847
 0.379409
 -1.40161
 0.348783
 -2.05511
 0.793232
 -1.51108
 -1.36104
 -1.91537
 -1.04196
 0.220665
 -0.364963
 1.21088
 0.194444
 1.42676
 -0.569229
 0.308509
 0.246528
 1.04104
 -0.332832
 -2.43938
 -2.01096
 -1.66105
 -2.18969
 -1.51388
 -1.9235
 -2.46135
 -1.34698
 -1.63253
 0.0210604
 -1.91249
 -1.85537
 0.3095
 -1.67385
 1.03221
 -2.11188
 -0.273712
 2.12748
 -2.74825
 -1.12314
 1.33065
 -0.621256
 2.05403
 -1.76549
 1.45204
 0.438941
 2.74956
 0.390966
 0.933013
 -0.246225
 -0.174774
 -1.2309
 2.36184
 -0.307042
 1.06423
 0.923781
 0.268946
 1.48408
 -1.94904
 1.56519
 -0.294264
 -2.31653
 1.71265
 0.69495
 0.247083
 0.72822
 2.60869
 -0.252444
 0.941964
 1.84014
 1.05903
 1.37588
 1.13494
 0.807826
 -0.628174
 0.131238
 0.0259491
 -1.27627
 -1.42748
 -1.3479
 -2.80448
 -0.890056
 -2.78146
 -1.70482
 -0.798699
 -2.50637
 -1.3827
 -1.06315
 -1.93583
 0.680517
 -1.62206
 0.577744
 -1.2634
 0.476598
 -1.56206
 0.594993
 0.787994
 -1.00089
 -2.0425
 0.938832
 -1.10131
 -0.673965
 -0.925394
 -1.05327
 0.310844
 -1.85385
 1.27662
 -0.874597
 -1.40585
 1.10554
 -2.6022
 2.29896
 -2.7914
 1.67014
 1.45482
 -2.7277
 0.606609
 -0.356059
 -2.99756
 1.27184
 -1.61239
 -0.0526559
 1.31859
 -2.79054
 -0.914481
 0.135138
 -2.47901
 0.596081
 -2.97558
 -0.72564
 -1.18442
 -0.456385
 -0.823134
 -0.704813
 0.774307
 0.00328482
 -1.42355
 0.264429
 -0.0705159
 1.16484
 0.623939
 0.0505362
 -0.091927
 -2.42343
 0.312632
 -0.297419
 0.382762
 -1.40857
 1.59007
 -0.300081
 2.1911
 -2.07201
 0.0560425
 -1.50918
 -0.265168
 0.516946
 -1.7569
 -1.19766
 0.124857
 0.239446
 0.742553
 0.167877
 1.63701
 -0.685291
 -0.857133
 0.194873
 1.08845
 0.828007
 2.46632
 -0.713247
 1.22414
 1.49942
 -0.295696
 0.25559
 -0.172676
 0.166561
 -0.0167203
 -2.62594
 -2.07545
 -1.50125
 -2.18051
 -0.718671
 -2.00857
 -2.03375
 -1.53604
 -1.39282
 -0.0574699
 -1.13585
 -1.68175
 0.339556
 2.95366
 -1.93167
 1.56337
 0.180718
 2.09002
 0.0694464
 0.00325903
 -1.75109
 1.09828
 -0.388493
 -1.50712
 1.51283
 -0.0230491
 1.36197
 -2.12497
 0.829326
 0.401469
 -1.01518
 -1.87198
 0.0881554
 0.329121
 0.288864
 0.338979
 -0.941966
 0.675104
 -1.60426
 0.491961
 1.82251
 0.965437
 0.964973
 0.474787
 0.153735
 -0.986974
 1.06867
 0.378267
 1.19903
 0.396093
 -0.298898
 0.479213
 -1.41524
 -0.503879
 -0.0651817
 -0.448858
 1.28178
 1.11807
 -1.25765
 1.12657
 -0.2277
 -0.48191
 0.264181
 1.48286
 -0.767496
 -0.674295
 -0.491985
 -2.68537
 0.498457
 -2.44436
 -0.850265
 0.365744
 -0.534209
 -1.53781
 0.112782
 -0.694805
 -2.37976
 -2.51752
 -0.869387
 -1.94208
 -0.891785
 0.114533
 -2.3094
 -0.186786
 -0.0972859
 0.143449
 -0.681873
 1.01657
 1.98218
 0.977252
 1.74638
 1.14112
 -2.53967
 2.56715
 -2.50973
 -0.677947
 -1.87445
 -0.386596
 -1.47106
 -1.02972
 1.61092
 -2.3151
 0.504688
 -2.04846
 2.0083
 0.0558096
 0.575646
 -1.00225
 -0.226309
 2.05112
 0.219502
 2.80711
 -2.5477
 1.39812
 0.363656
 0.61823
 1.87375
 -0.364071
 2.76517
 -0.3507
 1.28371
 0.7351
 0.656696
 1.62217
 -0.567224
 1.5368
 -0.985674
 0.492124
 -0.790308
 1.56051
 -2.7607
 1.37873
 -1.49414
 2.46662
 -0.274558
 0.870596
 -0.0500154
 2.73372
 -0.354897
 0.95377
 0.867081
 -0.641131
 -2.05321
 0.706691
 -0.516356
 -0.642294
 -1.52529
 0.575035
 0.71982
 -0.0946103
 -2.05585
 1.0038
 -0.247805
 -0.00726886
 1.05789
 0.468762
 1.16366
 0.654797
 -1.16562
 -0.304659
 0.373621
 1.15018
 1.11666
 0.430196
 -0.0578433
 -1.4221
 0.989092
 -0.395355
 1.48142
 -0.340296
 -1.13666
 2.55317
 -0.687871
 -0.856546
 -1.08438
 0.0661488
 -1.04033
 1.37739
 -0.0154366
 0.1746
 1.91437
 -1.83048
 1.12204
 -0.635927
 -0.624266
 0.672632
 -1.23778
 1.13223
 -1.79894
 0.194068
 1.44085
 -0.663903
 0.322635
 -1.77441
 -1.254
 -0.673488
 -1.7716
 -0.0403607
 0.00178092
 0.178902
 0.154084
 2.10593
 -0.528505
 -0.420415
 -1.27158
 -0.169894
 -0.0691427
 1.92351
 -0.233708
 1.47241
 1.489
 -1.03768
 -0.0903166
 -1.07375
 -0.413358
 -0.491558
 -0.763617
 -0.734893
 -0.563909
 -1.17504
 -1.29228
 0.776986
 0.787659
 0.716203
 1.03886
 1.6023
 0.338541
 -0.465634
 1.49751
 -0.223716
 -0.670344
 1.18045
 1.93186
 -1.8634
 0.574298
 -2.46189
 -0.13835
 1.35346
 -1.67982
 1.435
 -2.45508
 1.74672
 0.0329091
 0.614459
 -0.75116
 2.06021
 -1.60813
 -0.998461
 -0.914008
 0.868989
 -1.00505
 -0.282362
 0.667183
 1.68668
 -2.01835
 2.4965
 2.65811
 1.44278
 2.92263
 0.862918
 0.0881447
 -0.662943
 0.473018
 2.60162
 0.288207
 -0.484043
 2.61998
 -2.08445
 -0.129517
 0.022157
 -0.318904
 -1.22481
 0.621243
 -1.26338
 2.01139
 -1.12543
 2.45269
 -1.04554
 2.99053
 1.6443
 1.40166
 2.23335
 -2.32999
 1.14668
 -0.309342
 0.501469
 2.01585
 1.73809
 0.0886394
 1.0899
 0.108372
 -0.116363
 -1.66998
 -0.711555
 0.961435
 1.94602
 -1.8072
 1.72204
 -1.18123
 0.159218
 1.58738
 -0.225228
 2.64779
 -0.451227
 1.45961
 0.858702
 2.50404
 0.425001
 -0.840292
 1.00779
 -0.444387
 -1.33871
 -0.567156
 1.48052
 -2.87238
 1.79061
 -1.87425
 -0.325371
 -1.53632
 0.173147
 2.45887
 0.469924
 2.46089
 -0.389671
 1.70871
 2.12869
 -0.209993
 -0.328523
 1.61255
 -0.294259
 -1.81835
 -0.519301
 1.89309
 -0.0488834
 -0.225711
 1.24357
 -1.7566
 -1.51687
 -1.02708
 0.062523
 0.291853
 0.211759
 -0.883336
 -1.48699
 0.46187
 0.346559
 2.24939
 1.59522
 1.37639
 3.00024
 1.95076
 0.473643
 2.37477
 -2.4317
 -0.030539
 -1.61173
 0.951026
 -1.16778
 2.15863
 -2.40466
 0.120612
 -0.814483
 1.55597
 -0.210239
 -0.398155
 1.85427
 -0.337943
 -0.103201
 -1.93603
 -0.471076
 0.131367
 -0.734618
 -2.6091
 0.468923
 -0.582087
 1.48538
 -0.42981
 1.77417
 -1.44996
 -0.036913
 -2.84773
 0.434155
 -0.278405
 -0.932041
 -1.28117
 -1.87178
 -0.528387
 -2.28021
 -1.21738
 -0.915522
 -0.188747
 1.2453
 1.05336
 -2.32623
 1.28004
 0.514414
 2.2349
 1.39761
 2.50107
 -1.70442
 0.622128
 -0.80131
 0.570234
 1.35157
 1.39126
 -1.38853
 -0.539018
 -1.27622
 0.498689
 0.592921
 0.83833
 -0.170659
 -2.21479
 0.125551
 0.48929
 0.699187
 1.00037
 0.868172
 2.12586
 2.49019
 1.07773
 2.51169
 2.79923
 1.36205
 -1.64951
 0.87969
 -0.910174
 0.0765096
 1.65962
 1.11547
 0.128345
 1.30294
 -0.299074
 2.94341
 0.969428
 0.425092
 0.778007
 2.36959
 -0.642387
 -0.482419
 -1.11854
 2.45356
 -0.159678
 1.9652
 -0.764175
 2.4274
 -1.39467
 1.78129
 2.5905
 -0.492365
 -1.07013
 -0.106547
 -1.57189
 1.02547
 0.239577
 1.03306
 0.672413
 1.10336
 -0.857891
 1.61812
 1.76009
 1.582
 0.144207
 2.8498
 -0.130924
 -1.31599
 -1.9285
 0.955953
 -0.562073
 -1.21871
 -1.36048
 1.31415
 0.484955
 1.66134
 -0.643714
 -1.15328
 0.928985
 -2.67977
 0.297275
 -0.79852
 -1.81162
 -1.81882
 -0.200736
 -2.01246
 -1.45306
 -0.677326
 0.423057
 0.521635
 1.37247
 0.10504
 1.20095
 -1.22355
 -2.17561
 0.967231
 -0.285991
 0.267518
 -2.81534
 2.30706
 -1.63596
 1.51718
 -0.778298
 1.59006
 0.112111
 1.79306
 0.310469
 1.94331
 0.659267
 -0.171034
 -0.347097
 0.841034
 -0.354399
 0.865147
 -0.0812005
 1.06225
 1.58695
 0.283278
 2.94507
 -0.33781
 0.366057
 1.50847
 0.79391
 0.255166
 1.30657
 1.30377
 -0.231287
 -0.392263
 -0.695672
 1.06632
 -2.53701
 2.04246
 -1.00944
 -1.32796
 1.08923
 -0.911561
 -2.53011
 -2.75106
 1.16267
 1.20488
 2.93426
 1.25065
 1.08729
 -0.170626
 2.53153
 0.0404459
 -0.21883
 0.0579706
 -0.100832
 0.0118579
 -0.26835
 0.88453
 0.52789
 1.88113
 0.0104237
 2.02009
 -0.228426
 1.31916
 -2.0629
 1.93304
 -2.64941
 1.03433
 1.38602
 0.594636
 -0.737478
 2.2333
 1.07708
 0.742747
 -0.731018
 1.01853
 -2.48945
 -0.837475
 -1.28458
 -0.138063
 -0.0160827
 -2.10519
 -2.36627
 0.462826
 -1.5258
 0.442317
 -2.27403
 -0.312736
 -2.67863
 -0.491003
 -0.294363
 -0.484618
 0.0242974
 0.378279
 -0.702319
 2.05494
 -1.24022
 1.33328
 1.58155
 1.13091
 2.46305
 2.39445
 0.0435338
 1.2568
 0.680455
 -0.701033
 1.42095
 1.75199
 -0.513439
 2.28703
 -0.368585
 -1.09365
 0.448008
 -2.39262
 -0.581494
 2.09563
 2.20601
 -0.259411
 1.39602
 1.4624
 1.62055
 2.10803
 0.644967
 0.630408
 1.608
 1.92359
 2.41618
 2.66767
 2.17376
 1.04931
 2.6224
 1.22697
 -0.154898
 0.688557
 -1.90118
 -1.59179
 0.622402
 -1.09245
 -2.88392
 0.353103
 -1.70424
 2.64265
 -0.915909
 1.69682
 2.1449
 1.54004
 2.42851
 -0.428723
 2.23651
 -1.58833
 0.417484
 0.533661
 0.012392
 1.21857
 -0.00298266
 1.51324
 -1.59459
 2.62485
 1.28737
 1.05046
 2.65036
 0.539135
 0.75465
 -0.156306
 -0.25119
 -1.4349
 0.784053
 -2.52062
 0.834593
 -0.860916
 0.862647
 -0.436172
 -0.540612
 0.795025
 1.17856
 -1.47194
 0.509168
 -2.13101
 -0.72555
 -2.65582
 -2.22778
 0.0771132
 0.300334
 -0.420932
 -1.33791
 0.106995
 -0.180149
 -1.85682
 2.1936
 -0.0238553
 0.599463
 -0.078034
 1.18364
 -0.213464
 -1.23893
 -0.105898
 0.613333
 2.49604
 2.97039
 0.623427
 0.488816
 2.93894
 -2.20945
 2.47776
 -0.146766
 1.32736
 0.693644
 1.44573
 1.14998
 -0.062732
 1.39475
 0.310988
 -0.466765
 0.0980417
 0.752562
 0.872635
 -1.15105
 0.858271
 -1.01687
 0.799643
 -0.732311
 2.06424
 0.0392621
 0.681573
 -0.811709
 0.968356
 -0.121584
 0.50755
 1.20685
 0.114212
 -0.607864
 2.53198
 0.54609
 -0.141388
 -0.0470386
 -0.69036
 -0.812432
 0.776006
 -0.317489
 1.32344
 -0.367687
 1.7013
 0.695412
 0.750436
 -0.147537
 -0.481585
 -0.724824
 -0.0559729
 -2.86521
 0.949843
 -0.51224
 0.652022
 -0.565535
 0.447112
 -2.76517
 0.353453
 -0.023272
 -0.732805
 -0.549738
 0.915852
 -2.01491
 -1.63835
 -0.374925
 1.01737
 -0.273724
 0.14463
 0.850803
 1.49945
 -0.0812629
 0.692776
 2.13556
 -1.54532
 -1.34863
 -0.0830685
 1.21825
 -1.86994
 -1.1854
 -1.5756
 0.186531
 -1.99023
 -1.98754
 -0.333555
 -1.26343
 2.04383
 1.41784
 0.934917
 -0.233874
 -0.6907
 0.0457122
 -1.52169
 -1.54782
 0.448354
 -1.44197
 -0.128957
 -1.24131
 -2.14788
 0.223186
 0.0574521
 0.914923
 -0.897066
 -1.55643
 0.169994
 0.792771
 -1.96906
 0.854005
 -1.98711
 2.61392
 -0.673576
 0.781193
 1.2908
 0.733921
 0.432526
 2.32552
 1.79568
 1.2053
 -0.474377
 -0.351095
 0.583205
 -0.335106
 -1.83415
 2.74491
 -2.55614
 0.231362
 -0.889492
 0.739601
 -0.451502
 -0.716149
 1.79133
 0.0350642
 2.14447
 0.671821
 0.361402
 1.46528
 2.13723
 -0.365401
 -2.02392
 0.258233
 0.890816
 -0.380476
 1.41298
 -2.02979
 2.35317
 0.251041
 1.69971
 -0.899948
 2.0994
 1.39596
 -0.612846
 1.55845
 -0.173686
 -1.08695
 1.45453
 2.09483
 -0.287864
 0.674469
 0.181821
 0.0779114
 -0.592175
 -0.308052
 -1.45667
 -0.950394
 -0.751212
 -1.67426
 0.0447788
 -2.69985
 -0.00253057
 0.0820623
 -0.959467
 1.38228
 -0.839634
 0.749226
 0.0218383
 0.67126
 0.323575
 0.888982
 1.96928
 1.70459
 0.0807168
 1.65806
 0.377609
 1.78248
 0.42759
 1.43378
 2.14666
 0.463786
 1.59573
 2.84616
 2.2867
 1.13039
 0.175542
 -0.18749
 -0.925481
 0.74242
 0.130013
 -2.69337
 0.940171
 -2.12246
 0.384134
 -1.121
 1.89798
 -1.97779
 -0.521632
 0.804479
 -1.8072
 -1.74163
 -0.16711
 2.40302
 -0.617299
 0.690681
 2.53799
 1.83504
 1.17856
 1.74991
 -2.44367
 2.27767
 -0.0497786
 1.29046
 1.33466
 1.80324
 -0.0598112
 -1.71187
 1.64049
 -1.1387
 1.09729
 1.13408
 2.13272
 0.180172
 1.12834
 0.0418719
 -0.581636
 1.05288
 -0.90584
 -2.35339
 0.593178
 0.217451
 -1.19538
 0.000720948
 0.906607
 0.84786
 0.97121
 -1.10502
 0.498553
 -2.75366
 0.641264
 -2.93392
 -0.482413
 -1.11944
 -2.18279
 -1.2249
 0.0335558
 -3.00165
 -0.997344
 -2.11357
 -1.13158
 0.374481
 1.0461
 0.789996
 -0.696686
 0.468038
 2.65277
 1.52924
 2.58563
 -0.0994294
 2.97101
 0.26471
 1.35585
 0.170139
 0.237212
 1.34193
 2.63886
 -0.190216
 2.86104
 -2.31813
 0.348401
 -2.18057
 0.0646791
 0.557327
 0.872344
 -1.59842
 1.72667
 -0.790729
 -0.528125
 -0.796793
 -0.364325
 -1.07785
 -0.335608
 -1.79978
 -0.441858
 -0.465196
 -2.5061
 1.51817
 1.69443
 -0.813526
 -0.216853
 2.1145
 -2.06303
 0.391765
 -1.0663
 -1.3804
 1.28707
 0.216576
 -0.457071
 -1.35834
 0.518857
 0.132034
 -1.77304
 1.28719
 -2.29246
 -2.22677
 -2.39889
 -0.950564
 -2.05905
 -1.41736
 -2.0717
 -0.946645
 1.54718
 2.08473
 2.53468
 1.48783
 1.8155
 -0.200604
 1.70154
 2.03255
 2.79036
 1.30528
 2.27124
 0.0890384
 0.590496
 0.944921
 -0.277514
 -0.901452
 0.576866
 -1.34383
 1.41269
 -0.357534
 0.235019
 -0.564735
 1.0055
 0.958827
 1.78905
 1.91588
 1.35979
 -1.71251
 2.82366
 0.324492
 1.57786
 0.0917002
 -0.0196211
 2.3735
 0.408431
 0.993706
 -0.00244322
 1.97718
 1.02041
 1.43538
 1.3359
 -1.24345
 -0.0348768
 1.24202
 -0.482676
 -0.933637
 1.68122
 -0.885673
 1.22912
 -0.219437
 2.91427
 0.194381
 1.66764
 -0.896436
 -0.630576
 -0.442799
 0.00598866
 -0.886091
 -1.38973
 1.95471
 0.0225608
 2.15337
 0.274104
 0.673339
 1.75271
 1.24003
 -0.597074
 2.32493
 -2.22603
 1.08012
 -1.84128
 -0.964961
 0.537649
 -1.16587
 1.23378
 -1.03635
 -1.42782
 1.3972
 0.985841
 0.636495
 1.96989
 -2.76802
 0.436158
 -0.28128
 2.1518
 0.0690894
 0.455427
 0.166393
 0.714238
 -0.408543
 2.72264
 -0.399771
 1.12293
 1.09704
 0.31818
 1.85836
 1.19644
 0.216235
 -0.257669
 -0.784443
 0.142361
 0.2568
 0.952236
 -1.12874
 -1.73327
 0.592455
 0.0302765
 0.883272
 0.823977
 -1.8916
 0.465885
 0.755585
 -0.525638
 -1.43953
 0.404712
 -2.47859
 -0.285774
 0.239683
 0.0738593
 -1.3433
 -0.287765
 0.0672599
 -0.925758
 1.82021
 -0.423397
 2.10167
 -0.188616
 -0.0995292
 2.27995
 -0.758976
 -1.29664
 -0.0168644
 -2.72743
 1.24659
 -0.615742
 -0.0192546
 -2.31737
 -0.121397
 -0.188442
 0.0674551
 -0.0192141
 0.914129
 -1.45501
 -0.970072
 -1.43417
 -2.21784
 -0.34743
 -2.95206
 -2.8966
 -0.769204
 -0.758772
 -1.22232
 -1.65315
 -0.376245
 -1.65824
 1.15376
 -0.496872
 -1.14405
 -2.52106
 0.633873
 -2.66058
 -1.44612
 0.17659
 -1.85388
 -0.940586
 -1.16112
 -0.21508
 0.905639
 0.918533
 -1.65323
 2.36055
 -2.10971
 -0.00385342
 -1.2481
 -1.7364
 -0.991266
 0.91769
 0.721977
 -0.403802
 2.40269
 0.0189141
 1.45544
 1.25102
 2.30834
 -1.80476
 -0.145156
 -1.405
 -0.14583
 -1.74956
 1.48651
 -2.54152
 -2.0613
 -0.498904
 -2.19902
 0.620764
 -1.66966
 -0.143036
 -1.84916
 0.334926
 -0.896912
 -0.103975
 -0.333056
 1.77045
 -0.174991
 1.88599
 -2.36151
 -0.114868
 -0.452218
 0.730391
 -1.48087
 -1.89175
 -0.310658
 0.941271
 -2.45436
 2.63587
 -0.256637
 2.88737
 1.40483
 -0.271619
 -0.0172213
 -0.00345034
 -0.959324
 -2.11852
 1.2788
 -1.92362
 -1.093
 -1.6655
 0.722749
 -1.46868
 0.530257
 1.34194
 0.0629208
 0.535591
 2.532
 -0.762503
 2.65029
 -1.05487
 -1.61082
 0.152289
 -0.0378502
 -1.36045
 -1.90426
 -0.962232
 -0.585487
 1.1555
 -1.27301
 0.599117
 -1.36378
 -0.307149
 -0.2484
 -0.731766
 -0.792563
 -1.12582
 -2.36389
 -2.48118
 0.882516
 0.968184
 -0.555435
 -1.10365
 0.86452
 0.0437799
 -0.427323
 1.05497
 -0.725199
 -1.10533
 -0.866062
 1.03347
 -1.87194
 1.63558
 -1.05388
 1.09381
 1.02973
 2.18559
 1.29214
 -2.74375
 0.699896
 0.851736
 -0.801945
 -1.15443
 1.49269
 -1.94402
 -1.00308
 0.191943
 -0.0481374
 -0.493769
 -2.56904
 -0.803995
 -2.29523
 -1.67581
 -2.19905
 -0.768323
 -1.92983
 -0.172054
 -1.57427
 0.603142
 -2.25899
 -0.514658
 -1.16537
 -0.169296
 -2.76468
 -1.89336
 -2.47279
 -0.356966
 0.16688
 -0.513972
 -0.069098
 2.08666
 0.0939885
 1.90637
 -0.695555
 2.08103
 1.47913
 1.87354
 -0.141114
 1.12249
 0.326738
 -0.122424
 -0.0928013
 0.0798675
 -0.107361
 1.06085
 1.54417
 -0.668228
 1.96321
 -0.966745
 1.03873
 0.279068
 1.11401
 -0.272678
 1.00719
 1.57551
 -0.49053
 0.00246259
 1.67554
 1.77977
 0.634634
 2.96219
 1.11207
 0.297509
 1.3076
 1.06244
 -0.686358
 1.17173
 -1.2132
 -1.23263
 -0.166516
 -1.10607
 -1.04696
 -0.14058
 1.199
 1.0731
 1.50881
 -0.513073
 1.94113
 1.86694
 2.93056
 0.483261
 -1.7416
 1.54903
 -1.56852
 0.389274
 -0.597417
 0.336967
 0.435135
 1.51288
 0.397737
 -0.551278
 2.23084
 -1.56883
 0.838693
 0.47259
 -2.35482
 -0.132406
 -2.92799
 -0.547305
 -2.46747
 0.662969
 -1.99178
 2.09964
 -1.60968
 0.14532
 0.535519
 1.83357
 -0.766031
 0.723922
 0.892535
 0.860069
 -0.149964
 -2.03866
 -0.193262
 -0.00716079
 -0.533342
 -1.71186
 -2.59015
 -1.56415
 -0.42067
 -2.38118
 -2.1547
 1.63178
 -1.70875
 1.64243
 -0.31868
 -0.864067
 -0.748634
 -0.247174
 -2.71243
 -2.2948
 -2.47559
 -0.498344
 -0.00220947
 -2.91236
 0.866474
 -0.312506
 -0.650568
 0.57259
 -0.883255
 -1.05633
 0.335007
 -0.312198
 1.74247
 1.47133
 0.734738
 2.48207
 1.24899
 0.756277
 -0.906374
 0.796182
 -0.177602
 -2.10726
 -1.80155
 -1.24483
 0.313725
 0.0272642
 0.822421
 -0.097126
 1.00773
 1.91735
 -1.68562
 -0.853833
 0.0465688
 -2.84045
 0.204075
 -1.74339
 -0.130586
 -1.95663
 -0.86484
 -0.984104
 1.33167
 2.02436
 0.621026
 -0.115225
 -0.183826
 1.02347
 0.0147172
 -0.221753
 1.6189
 1.15333
 -2.60291
 0.213079
 -1.04529
 -1.06771
 0.301783
 -0.732744
 0.280464
 -0.373444
 -1.24898
 1.55587
 -0.108229
 0.274424
 -0.865452
 -0.411249
 -1.73965
 -2.1466
 -1.08469
 -0.737468
 0.342561
 0.150613
 0.229146
 -2.55972
 1.81692
 -2.75502
 0.185039
 -1.11279
 -1.61558
 0.798769
 0.542771
 -0.738682
 1.11949
 -1.73937
 -1.58025
 -1.78872
 -1.76389
 -2.16768
 0.817665
 -1.55965
 -1.07076
 -2.06765
 0.873035
 -2.14463
 -0.520602
 0.406361
 -1.60219
 1.74123
 -0.712742
