 2.79793
 4.22704
 2.17189
 2.85256
 2.33277
 3.76236
 1.41454
 2.72241
 1.35766
 2.09428
 4.13822
 5.27656
 5.24683
 4.63872
 4.35817
 6.1402
 6.46712
 6.76552
 5.35623
 4.47899
 3.65235
 6.7113
 6.45035
 7.34613
 6.93766
 5.97036
 3.85512
 3.34102
 2.45492
 1.58891
 -1.07875
 -2.67895
 -4.56325
 -2.39729
 -0.0220297
 2.11548
 3.75841
 3.36606
 4.16564
 6.22543
 5.16446
 5.17016
 3.92176
 6.26175
 7.28289
 6.32878
 5.32226
 2.42339
 0.965226
 0.949162
 -0.645238
 -2.03261
 -1.87367
 -1.07887
 0.594823
 0.546298
 -1.79183
 -3.02797
 -2.66547
 -4.95125
 -6.76278
 -9.37697
 -8.73372
 -7.09568
 -3.95274
 -2.33646
 -0.698717
 -0.468803
 1.65794
 3.39111
 0.635476
 -2.3086
 -6.73969
 -6.55872
 -5.88529
 -1.8315
 2.43456
 5.0602
 6.05756
 2.99623
 1.66918
 -0.878836
 -0.445209
 -0.0521011
 -0.0328993
 0.118062
 -3.4073
 -3.30654
 -5.80483
 -5.0968
 -5.59467
 -5.00701
 -3.84702
 -1.87214
 0.302593
 1.89425
 2.40705
 2.37797
 1.17801
 1.16368
 2.51246
 4.05647
 4.66947
 3.28377
 0.757956
 -3.41109
 -4.91009
 -8.88897
 -7.37921
 -6.53268
 -2.21413
 2.6633
 5.86235
 7.03879
 6.07318
 5.0166
 5.40989
 5.17764
 5.28187
 4.15666
 2.5801
 3.07449
 2.43029
 2.08744
 1.34868
 0.624411
 1.91923
 5.06702
 6.27851
 5.17519
 1.61634
 -1.93965
 -3.54218
 -3.03867
 -0.195455
 0.750826
 0.200292
 -2.15616
 -2.58248
 -3.81959
 -2.59813
 -0.642874
 -0.945239
 -0.156574
 -1.68661
 -1.98495
 -1.94702
 -1.27815
 0.231974
 1.70554
 3.30543
 2.58527
 2.02556
 1.58249
 -1.84882
 -1.93685
 -1.88412
 -1.69049
 -2.23057
 -0.723872
 0.262545
 -0.654561
 0.599561
 -0.764765
 -3.08178
 -3.61322
 -2.96497
 -3.51727
 -0.61475
 0.188302
 0.704072
 0.316607
 1.59756
 0.916553
 0.192897
 -1.08905
 -3.67126
 -3.36615
 -3.19866
 -2.8947
 -1.91878
 -1.24543
 -1.74393
 -2.46682
 -5.29447
 -7.95439
 -9.51874
 -9.5358
 -8.22711
 -5.80594
 -3.95195
 -2.71415
 0.517
 1.96236
 5.70368
 3.64009
 7.00126
 4.77131
 5.10501
 3.81259
 2.03509
 0.225379
 -1.30834
 -2.96615
 -4.99584
 -8.89481
 -10.2847
 -11.7258
 -10.0414
 -8.2291
 -6.01838
 -4.97897
 -4.60558
 -5.06822
 -3.70014
 -2.16835
 -1.12313
 -0.647103
 -0.610547
 -0.584683
 -0.68925
 -1.01435
 -1.2845
 -0.210472
 -1.89132
 -0.502949
 -2.1717
 -1.12156
 0.0857549
 2.13627
 2.68058
 1.8256
 -0.498372
 -1.24949
 -1.71239
 -1.68968
 0.16377
 -0.784943
 0.49833
 -0.288528
 -0.945568
 -0.384839
 0.318867
 -0.192277
 0.851343
 -0.0492494
 0.316189
 0.0618047
 0.365934
 0.315558
 -0.210743
 1.07165
 1.87114
 4.09414
 2.99416
 2.17162
 1.93834
 -1.10892
 -1.39954
 -2.72714
 -5.62111
 -6.06486
 -4.69758
 -2.27169
 0.87127
 3.10787
 4.63076
 5.05852
 6.6358
 6.37142
 5.36991
 2.04203
 0.839802
 -1.64362
 -0.406545
 -0.461651
 -1.69055
 -3.98176
 -2.64926
 -4.51369
 -4.16363
 -6.30298
 -6.05991
 -5.993
 -5.97282
 -4.52793
 -5.01967
 -6.48405
 -5.95891
 -5.88904
 -2.9798
 -0.64409
 2.28795
 4.00729
 2.76939
 3.52266
 0.911652
 -0.260732
 -0.638874
 -2.79091
 -2.98045
 -4.70592
 -4.47535
 -2.16771
 -2.49355
 -1.58374
 -1.11972
 -2.02239
 -3.50076
 -2.64856
 -0.456197
 0.22794
 -0.440107
 -0.150396
 -1.40059
 -2.70417
 -0.771334
 -1.43695
 -2.16982
 -2.10294
 -1.83124
 -3.65644
 -4.01981
 -4.23614
 -2.90409
 -1.23748
 0.582055
 0.605474
 0.658373
 1.05211
 2.7412
 3.68288
 4.7426
 3.4884
 3.17207
 4.29207
 6.0334
 6.50293
 6.08764
 5.4676
 2.70231
 3.45865
 2.69769
 1.32105
 -0.571822
 -2.64607
 -6.12369
 -8.88527
 -7.78973
 -7.79816
 -5.1737
 -2.01216
 1.44338
 4.38878
 5.21452
 6.08019
 5.93399
 3.22428
 2.79943
 -0.507224
 -1.9971
 -1.83412
 -0.491119
 0.4303
 3.52175
 2.51429
 2.51756
 0.823182
 -0.598716
 -1.6111
 -1.86683
 -3.52876
 -4.71772
 -4.47783
 -2.92489
 -1.50109
 0.33242
 2.10861
 0.453543
 1.00484
 1.17725
 4.32117
 5.63939
 6.07366
 6.36996
 3.45652
 3.45395
 4.74765
 4.79704
 5.01448
 0.938412
 0.0864605
 -1.70235
 -1.86723
 0.799371
 0.747366
 0.245653
 -0.0809004
 -0.0951289
 1.70552
 0.836403
 1.8519
 -1.644
 -3.08796
 -5.29551
 -6.06768
 -6.78012
 -6.15978
 -3.55603
 -1.25218
 3.59846
 5.13064
 6.53603
 5.99349
 5.9946
 6.0221
 7.15344
 6.60214
 6.69406
 4.33993
 4.47705
 4.89917
 6.02031
 5.46949
 3.95955
 0.30285
 -2.48116
 -3.29848
 -2.49807
 1.16455
 0.860035
 3.41579
 1.30686
 1.51505
 -0.90039
 -1.2485
 -3.51339
 -4.31559
 -5.45967
 -4.23427
 -3.32381
 -1.72074
 -1.24852
 0.0204564
 -1.42628
 -0.674499
 -0.138114
 2.49751
 4.83291
 5.22219
 7.0184
 5.44808
 4.27953
 1.97738
 -1.10179
 -4.02714
 -6.51321
 -6.50258
 -6.44596
 -3.61466
 -2.74107
 -0.478875
 -0.160095
 2.79427
 3.46236
 4.78763
 4.23336
 0.325271
 -3.6607
 -6.85254
 -9.05074
 -8.32962
 -7.05825
 -3.58879
 -1.36591
 1.42039
 2.62187
 3.53901
 5.05531
 6.04373
 4.12444
 4.40949
 2.08951
 1.15221
 1.96682
 0.993188
 -3.03064
 -8.688
 -11.9599
 -12.0758
 -9.92859
 -3.64749
 0.787113
 2.06177
 0.791439
 2.07321
 2.75226
 5.006
 6.65788
 6.50364
 6.31389
 5.26404
 5.82787
 3.83082
 0.746062
 -4.37896
 -9.20413
 -10.2912
 -8.8704
 -7.92875
 -2.58885
 -0.967979
 0.263292
 -0.548066
 -0.638286
 -2.00874
 -4.28026
 -6.95503
 -9.40342
 -8.94416
 -5.4525
 -3.38563
 -2.14641
 -1.68418
 -1.27275
 -1.37679
 -1.36353
 -0.648656
 -3.98201
 -4.72801
 -4.15592
 -2.07287
 -0.931453
 -0.370898
 -0.926458
 2.05295
 2.70142
 3.80227
 3.43201
 0.348483
 -2.38431
 -3.9893
 -4.39326
 -2.41603
 -0.978523
 2.34425
 3.13025
 4.42954
 3.15876
 3.11947
 -0.27758
 -2.30721
 -3.87489
 -6.78013
 -7.03178
 -6.62491
 -6.42159
 -4.98392
 -4.1508
 -3.4889
 -3.85827
 -3.17753
 -3.17396
 -0.995581
 0.650483
 2.41095
 2.08975
 -0.207669
 -2.59851
 -5.61992
 -6.06424
 -5.11628
 -2.74568
 -1.18323
 1.227
 1.87577
 -1.4911
 -5.74968
 -8.90144
 -7.55573
 -4.83632
 -0.363488
 0.221634
 -2.27765
 -5.84498
 -5.96326
 -5.30317
 -4.48831
 -1.0798
 0.272264
 3.79349
 4.44776
 4.94161
 3.3922
 3.50037
 4.74183
 8.01778
 6.99485
 6.44935
 2.77198
 -1.33728
 -3.01366
 -4.8472
 -5.67995
 -6.92567
 -6.68032
 -4.9602
 -2.83006
 -1.00807
 -1.10087
 -0.994029
 -0.792132
 0.0228025
 1.45646
 1.27964
 0.372538
 -0.529061
 -2.5711
 -3.61436
 -3.05964
 -4.37254
 -1.71335
 -1.18329
 0.677978
 -0.0323121
 0.743832
 -0.83823
 -0.0464323
 -0.492774
 1.28154
 0.477748
 0.488898
 0.073461
 -2.97016
 -4.72564
 -4.81498
 -4.96615
 -4.71592
 -3.46722
 -3.1944
 -2.54614
 0.364314
 1.1079
 2.21973
 3.47747
 2.04505
 3.94677
 2.34527
 0.0344085
 -2.89943
 -5.83421
 -6.9409
 -5.87813
 -4.60964
 -2.47269
 0.0645333
 1.34605
 3.53626
 2.28412
 1.4807
 -1.45793
 -2.65377
 -3.28661
 -1.35349
 -2.70838
 -0.56877
 0.112479
 -1.15976
 0.0189481
 -3.03583
 -5.41734
 -4.85434
 -4.33644
 -0.0257955
 3.92976
 4.74374
 3.87109
 3.30873
 3.50552
 4.52062
 5.76188
 5.56224
 6.1547
 7.11114
 6.98246
 8.00376
 5.45408
 3.27614
 -0.00275099
 -2.38359
 -4.4494
 -5.8909
 -8.0128
 -7.25164
 -6.61141
 -5.41265
 -3.57424
 -0.967122
 1.11629
 3.2922
 5.68399
 4.11266
 4.86032
 4.73187
 3.10687
 3.5788
 1.936
 2.25444
 1.55768
 0.214985
 -1.07129
 -5.01411
 -3.63018
 -1.26863
 -0.811761
 1.70012
 -0.762888
 -2.60848
 -2.05547
 -2.02391
 -2.98123
 -3.88846
 -5.60847
 -6.30613
 -4.34986
 -1.89998
 0.656031
 3.11367
 4.68529
 5.89721
 6.06794
 7.29986
 7.16211
 8.16657
 9.31762
 8.39422
 8.26443
 5.76456
 5.60414
 6.25446
 7.53609
 8.77179
 9.3724
 9.3797
 7.77157
 6.74612
 3.86534
 1.40831
 -1.07296
 -2.63165
 -3.91928
 -2.61643
 -2.93077
 -1.73063
 -1.3641
 0.527498
 1.16833
 1.76187
 2.58925
 1.06069
 1.25475
 0.441554
 -0.85441
 0.565084
 1.64264
 1.85269
 2.60263
 1.03322
 -0.829977
 -5.66073
 -6.77053
 -7.68188
 -6.97344
 -7.26109
 -6.64392
 -7.97074
 -9.25786
 -9.13434
 -7.98195
 -3.41777
 -1.14642
 -1.44088
 0.146372
 -0.538549
 0.407495
 1.58459
 3.86839
 3.17454
 2.91977
 2.50347
 2.28055
 0.346395
 0.257736
 0.395325
 -0.705586
 -3.47054
 -3.46861
 -3.86739
 -1.88723
 0.239225
 2.07515
 2.52713
 4.51964
 6.80627
 8.26725
 9.37537
 7.01877
 7.55171
 7.33153
 6.87631
 6.49453
 3.53186
 0.686254
 0.7317
 3.53004
 6.11442
 8.36435
 7.16038
 5.01152
 1.70727
 -1.12138
 -4.45294
 -5.06501
 -5.81666
 -3.88878
 -0.531636
 0.565588
 3.50864
 2.70203
 2.24536
 3.8207
 1.84243
 0.530507
 -3.12846
 -5.23937
 -6.38898
 -5.16366
 -4.21181
 -0.456212
 0.311006
 3.98838
 5.54209
 6.54919
 5.58358
 4.47073
 1.24309
 -2.5396
 -4.2452
 -4.63073
 -2.53114
 -0.228456
 2.68576
 4.33705
 3.26872
 1.02658
 -0.0389347
 -2.48219
 -2.51244
 -2.47572
 -0.486102
 -1.65654
 -0.542842
 -1.89641
 -1.7544
 -2.99132
 -2.79517
 -2.50716
 -0.860375
 0.827733
 1.91447
 2.72893
 0.215108
 0.569666
 -1.70573
 -1.21378
 -0.664565
 -0.732402
 -0.540712
 -1.20812
 0.704384
 0.659839
 1.8945
 3.11025
 4.40369
 2.18806
 3.08726
 1.51554
 -0.691233
 -0.0233752
 -1.73047
 -0.774855
 -0.947557
 -3.21459
 -5.26986
 -6.12548
 -6.17285
 -4.21526
 -2.46511
 -1.06601
 0.527036
 0.190114
 0.690092
 0.122201
 -1.51574
 -2.29931
 -2.74537
 -2.92876
 -3.58867
 -3.4666
 -2.58635
 -1.7473
 0.326221
 -0.0919759
 -0.710082
 -1.37395
 -0.542826
 0.986408
 1.79407
 0.554839
 -2.65412
 -5.74474
 -6.81862
 -6.27136
 -4.47532
 -0.533802
 -1.10044
 -0.750372
 -0.607927
 -0.0460618
 1.53528
 3.3226
 2.79257
 -0.324221
 -0.805486
 -1.72957
 -0.591387
 0.845446
 -0.818519
 -3.18755
 -5.16504
 -6.67258
 -5.24051
 -3.96365
 -1.33718
 1.38904
 2.39516
 4.69621
 4.66824
 4.88601
 6.79455
 6.70428
 7.08361
 6.76615
 6.09395
 4.94982
 4.14201
 1.89635
 0.119125
 -0.498583
 -1.90691
 1.87778
 3.35882
 7.59818
 10.8425
 11.8403
 12.0138
 9.52476
 5.98091
 2.16943
 -3.58545
 -7.99072
 -10.5742
 -11.0667
 -10.1105
 -9.02428
 -8.42403
 -7.57813
 -6.9501
 -3.8906
 -2.34005
 -3.71199
 -3.97551
 -1.69526
 -0.506044
 1.35479
 3.26225
 2.41304
 3.70035
 6.11611
 7.77883
 4.9905
 0.408256
 -2.41832
 -1.60234
 2.18875
 4.46935
 5.75845
 3.69923
 2.60011
 4.16846
 4.53933
 4.83815
 3.93534
 2.75862
 3.90041
 2.77404
 3.53266
 1.90698
 0.410572
 0.915934
 1.85133
 4.20912
 7.20061
 9.38509
 11.6561
 11.61
 11.469
 10.8707
 8.23822
 2.63924
 -0.0638217
 -2.69337
 -0.673022
 1.62113
 2.31493
 -0.112416
 -2.87962
 -3.94613
 -2.05445
 2.4825
 4.60492
 5.7491
 7.44224
 5.65204
 7.2628
 3.78047
 2.2256
 0.344043
 -1.32631
 -2.5007
 -2.8913
 -4.02423
 -5.11463
 -3.35089
 -1.07147
 0.277391
 -0.659443
 -3.31449
 -4.2851
 -4.91474
 -1.41172
 2.90616
 4.70873
 4.11267
 1.24196
 -0.683377
 -3.89983
 -4.51826
 -4.1306
 -3.41217
 -1.97222
 1.41754
 2.49349
 2.68718
 1.42768
 1.60461
 -0.135004
 3.49717
 2.04687
 0.415615
 -3.76487
 -5.77041
 -5.94034
 -5.7246
 -3.90759
 -3.58562
 -4.8604
 -6.42587
 -7.25325
 -7.03676
 -7.21025
 -5.89766
 -2.49758
 0.423507
 4.72374
 6.75257
 8.5444
 8.5772
 5.59756
 0.879455
 -3.00163
 -7.79719
 -8.56023
 -8.52259
 -7.64996
 -6.59461
 -4.93401
 -3.33068
 0.497439
 2.09019
 3.46134
 2.47605
 3.59992
 1.15604
 2.57797
 1.1954
 -0.307188
 -1.08199
 -4.01656
 -3.31135
 -4.13216
 -3.19586
 -1.83535
 0.956496
 1.07005
 2.78213
 1.38059
 -0.279279
 -3.57375
 -4.66022
 -4.52772
 -2.92795
 0.708161
 2.04895
 2.72261
 2.18269
 1.04027
 2.54696
 2.39377
 4.85332
 5.14378
 6.66791
 6.1832
 6.29243
 6.70941
 7.68788
 6.93821
 6.28316
 4.42294
 -0.251557
 -1.55824
 -3.52297
 -2.18708
 -0.55437
 3.15405
 5.21033
 7.33945
 6.88033
 5.988
 5.35205
 5.4465
 7.03701
 6.62241
 6.3523
 5.91446
 6.39259
 8.35762
 10.8962
 11.3648
 11.1184
 9.50946
 9.03378
 6.36197
 4.12893
 -0.952095
 -5.13148
 -6.52683
 -6.92857
 -7.38799
 -6.94246
 -5.61244
 -5.06499
 -3.83889
 -3.34511
 -1.13614
 -0.610047
 1.63126
 2.45541
 1.51111
 -0.285007
 -0.795838
 -1.5019
 -0.642306
 0.739045
 -0.966624
 -0.303706
 -1.45731
 -2.65174
 -3.87291
 -4.39477
 -3.86698
 -2.96541
 -3.12986
 -1.001
 1.26424
 1.20967
 0.645298
 1.26809
 -0.175052
 0.580174
 1.22136
 1.32864
 -0.264983
 -0.0675645
 0.752294
 3.03217
 6.15445
 6.07189
 5.17183
 3.60178
 1.60015
 0.505317
 -1.79053
 -2.58569
 -2.72329
 -2.59626
 0.794208
 5.08753
 6.25341
 8.17157
 6.45403
 5.11228
 3.73402
 2.03059
 2.1187
 0.913714
 0.333646
 -2.35568
 -4.43051
 -5.10754
 -5.36487
 -3.38651
 -1.1031
 1.52969
 -0.0266259
 1.54832
 1.42766
 1.48063
 1.8694
 1.41961
 1.28653
 -0.403236
 -3.82595
 -3.77671
 -5.42032
 -5.2144
 -4.6703
 -6.99849
 -8.06696
 -8.64059
 -7.03222
 -3.84446
 -3.0508
 -2.7113
 -3.34122
 -2.84112
 1.00451
 4.09134
 5.16106
 5.05461
 3.30119
 0.772214
 -0.0113709
 -3.10718
 -4.7238
 -8.47544
 -8.1974
 -6.9375
 -3.85928
 0.951868
 3.2482
 7.27675
 7.9329
 9.70701
 10.957
 12.3593
 11.1693
 10.1643
 8.40377
 6.60018
 5.91355
 4.9292
 3.02213
 2.48084
 2.06986
 1.86074
 4.46888
 3.66039
 5.61365
 2.81564
 1.75656
 0.734582
 -0.379049
 2.48627
 4.16704
 5.39653
 2.87497
 0.239487
 -0.911155
 0.318325
 1.90436
 1.73682
 -0.0422428
 -2.75777
 -5.84463
 -5.59935
 -6.06407
 -3.75798
 -3.23854
 -2.38514
 -1.00466
 -5.14578
 -5.58003
 -6.72121
 -5.52909
 -1.90185
 -1.21817
 -0.231944
 -0.664991
 -4.3368
 -6.60808
 -8.49741
 -9.12431
 -9.25961
 -7.07743
 -7.21068
 -6.65783
 -6.03877
 -3.83716
 -1.92423
 -0.429473
 -1.01893
 -0.646949
 0.11009
 -0.883019
 -1.87345
 -4.98286
 -6.67607
 -8.7129
 -8.53591
 -6.08471
 -5.53404
 -4.7757
 -2.52778
 -1.09809
 0.971542
 2.86363
 4.27603
 3.97843
 2.68644
 0.23776
 0.207288
 -1.54205
 -0.796426
 2.78485
 2.41292
 3.69721
 1.31785
 1.04639
 -0.204132
 -0.137445
 2.17945
 2.20691
 3.65337
 2.6361
 3.44316
 1.63768
 2.30767
 3.15142
 2.02931
 0.295102
 -1.0616
 -1.43305
 0.775124
 3.19125
 4.27151
 5.00984
 1.66865
 0.714731
 -0.400862
 0.215788
 1.6606
 2.03632
 3.00687
 0.786049
 -0.0222178
 0.610918
 1.22346
 4.90325
 4.98634
 4.6883
 1.45576
 -0.106024
 0.207486
 0.7688
 0.669102
 -0.52299
 -3.31264
 -2.68749
 0.209293
 1.29316
 2.55767
 0.228792
 -2.89641
 -4.75328
 -5.32435
 -2.03707
 -0.253312
 4.08224
 6.26447
 8.59834
 9.79873
 9.35096
 8.68632
 6.62255
 4.93613
 2.34559
 1.36601
 -0.187863
 0.0453555
 0.757729
 0.554019
 -1.04385
 -1.94115
 -2.77903
 -4.16572
 -4.24979
 -3.43681
 -1.90122
 -1.95525
 -0.41026
 1.011
 -1.63702
 -2.59479
 -4.77098
 -5.68784
 -3.80688
 -1.02356
 1.31442
 4.0058
 6.09253
 6.82361
 8.37112
 9.5511
 7.7063
 7.52651
 6.88169
 7.38999
 6.40526
 4.43045
 1.09738
 -0.415253
 0.353087
 2.73774
 3.41007
 4.36904
 1.82971
 1.29272
 0.566759
 0.745217
 1.4585
 1.86358
 0.675411
 1.31505
 -0.452251
 -1.59756
 -2.6168
 -3.65109
 -5.49854
 -6.06236
 -5.45913
 -5.68771
 -6.36871
 -7.33439
 -8.37028
 -8.01795
 -8.36015
 -5.44053
 -1.60033
 1.6322
 4.08901
 5.53918
 4.47993
 4.01031
 -0.473833
 -1.70799
 -2.87858
 -3.75205
 -3.67167
 -1.68898
 -1.49195
 0.773441
 2.47217
 3.4462
 2.28747
 3.41591
 2.22346
 3.29614
 3.77004
 3.59091
 3.52956
 1.69521
 1.72974
 1.95134
 2.00638
 2.41932
 0.848053
 -0.153218
 -3.63009
 -4.24436
 -6.25019
 -7.81018
 -7.63644
 -7.33428
 -5.59333
 -2.41883
 -1.2642
 -0.0431056
 -0.344731
 -1.42478
 0.576856
 1.02095
 2.17644
 2.57226
 3.36838
 3.49873
 3.48322
 3.02789
 1.1465
 0.0262017
 -1.12451
 -0.154983
 0.983009
 1.87793
 0.691502
 0.298301
 -1.22284
 -3.48224
 -5.90129
 -8.78558
 -8.38986
 -6.951
 -0.330357
 6.47335
 8.63954
 8.84381
 8.12377
 5.33349
 4.28772
 3.89832
 0.731314
 -2.95995
 -5.94555
 -7.21663
 -9.49426
 -8.80338
 -8.27198
 -7.31239
 -5.22991
 -5.37741
 -2.39589
 -3.14601
 -1.61167
 -0.986696
 -0.86121
 -2.72182
 -0.906928
 -0.997056
 2.41659
 3.50625
 6.35501
 6.10314
 7.45081
 9.11638
 10.1995
 8.33288
 8.79167
 4.75161
 2.13103
 -1.65415
 -2.95686
 -2.36166
 -2.33194
 -0.60995
 -0.115619
 -0.334729
 -0.435117
 0.496456
 2.31503
 2.95267
 2.14415
 1.78275
 0.163737
 -1.63107
 -2.24535
 -6.73099
 -9.7461
 -10.8008
 -10.5209
 -8.46721
 -4.84379
 -3.10365
 0.72972
 2.38225
 6.35829
 6.84838
 8.22131
 6.27552
 5.78757
 2.56813
 2.92084
 -0.839385
 -1.98185
 -4.45901
 -4.22467
 -2.39819
 -0.746905
 2.48989
 1.45158
 2.194
 1.36204
 0.123592
 1.1009
 1.74833
 4.49963
 5.54466
 6.00076
 2.45321
 -0.610072
 -3.92887
 -4.2073
 -3.3874
 -2.57112
 -3.96599
 -6.10383
 -6.15191
 -5.51311
 -2.72529
 0.703909
 1.45429
 0.877522
 -0.472124
 0.809892
 1.13196
 4.6471
 6.06825
 7.25666
 6.1174
 5.88923
 6.4147
 7.38881
 8.2558
 8.89683
 8.62167
 8.01859
 8.12246
 4.1951
 -0.456701
 -3.31185
 -5.57944
 -4.61328
 -1.10505
 0.55351
 1.04129
 -0.862076
 0.47939
 -0.873626
 0.623938
 0.461035
 1.74045
 1.93111
 3.78778
 3.52653
 3.96024
 0.935322
 1.04161
 0.180387
 0.311791
 2.15933
 1.98545
 2.45242
 4.05548
 3.25239
 4.10304
 2.65927
 3.22069
 4.89256
 6.86577
 8.65374
 8.66411
 5.5074
 1.14393
 -2.01041
 -3.66008
 -5.03499
 -4.48115
 -5.2125
 -4.86432
 -2.98176
 -2.77393
 -3.17037
 -4.86131
 -4.46986
 -4.55702
 -3.29812
 -4.28154
 -3.63003
 -3.22003
 -2.67226
 -0.681539
 -0.773534
 1.03415
 1.33574
 3.25458
 3.96043
 3.61278
 4.64561
 4.69688
 7.0561
 8.38778
 7.02961
 6.60493
 5.19758
 6.12128
 6.84043
 4.78659
 0.143641
 -5.11746
 -9.5348
 -9.1526
 -6.77007
 -4.04675
 -2.59789
 -2.83885
 -3.29863
 -3.4054
 -2.21098
 0.493956
 1.70291
 3.00087
 3.94031
 1.21895
 2.60095
 3.18888
 3.67408
 4.53944
 2.80526
 -0.602861
 -4.26823
 -5.18289
 -4.76151
 -2.99798
 0.634133
 1.8619
 1.98622
 2.7105
 -1.34467
 -2.11131
 -1.95593
 -2.376
 -0.120729
 -0.0206517
 -0.597865
 -1.37592
 -1.47453
 1.30543
 1.71735
 4.05912
 2.52823
 1.52827
 -2.08242
 -2.1237
 -4.3098
 -3.78681
 -3.48858
 -1.624
 0.282565
 0.930926
 -0.107257
 -1.53555
 -4.63935
 -5.71534
 -3.9669
 -3.38838
 -2.19313
 -0.568855
 -0.983193
 -2.09145
 -2.02886
 -4.25663
 -5.1707
 -4.47283
 -4.02125
 -2.55037
 -2.78846
 -1.26195
 -0.450145
 0.227336
 2.79633
 2.23728
 1.27346
 -1.42804
 -3.88121
 -4.65747
 -2.19465
 -1.74803
 1.43658
 1.01089
 -0.54125
 -0.715525
 -2.96412
 -2.26108
 -1.45449
 -0.753979
 0.647304
 2.39065
 3.16187
 4.44053
 4.76782
 4.13272
 2.25667
 1.25005
 -0.394182
 -0.631432
 -0.141588
 -2.19243
 -4.8871
 -7.04588
 -9.9428
 -9.12099
 -5.73399
 -2.46158
 1.37035
 3.99529
 3.45605
 3.16584
 3.02627
 3.54334
 2.46408
 1.62381
 1.24779
 2.42013
 3.05255
 3.56246
 2.69524
 -0.49986
 -2.43675
 -1.90526
 -5.16057
 -4.37876
 -4.38325
 -3.69485
 0.691446
 5.20585
 7.82006
 8.50671
 8.1569
 6.87866
 5.85858
 5.2575
 4.18122
 3.52553
 2.64323
 -0.228681
 0.997584
 1.32233
 1.4093
 3.08172
 4.00655
 4.36276
 5.18348
 5.07502
 2.21454
 0.269165
 -1.38406
 -3.51184
 -2.20733
 -1.65545
 0.643283
 1.53252
 2.14454
 3.20392
 2.49257
 1.94328
 3.06269
 0.722387
 1.81582
 0.750946
 -0.992696
 -2.31913
 -3.05485
 -2.56651
 -1.3759
 -0.539831
 1.31385
 2.61277
 2.66253
 5.71387
 3.96918
 3.192
 0.569997
 -1.06259
 -3.58407
 -5.05602
 -5.3169
 -6.74952
 -5.6977
 -3.47723
 -0.0587462
 1.82932
 2.93035
 -1.28715
 -6.70828
 -12.6683
 -15.0462
 -14.4697
 -12.5997
 -8.47547
 -3.08173
 -0.127011
 2.9069
 4.50405
 5.36366
 2.94863
 2.05394
 0.41895
 -2.39096
 -1.4968
 -2.99815
 -2.77842
 0.73245
 1.34161
 3.21039
 2.7472
 0.537365
 -2.56499
 -2.47956
 -3.87612
 -2.05997
 1.22014
 3.49177
 4.12245
 5.0644
 3.97695
 0.743148
 -4.56274
 -5.40199
 -6.79989
 -7.83308
 -6.57291
 -4.77703
 -2.72402
 -0.237548
 3.04427
 6.10618
 6.17363
 7.6676
 5.3851
 4.1095
 -0.694957
 -3.05445
 -4.83765
 -5.27173
 -5.0301
 -3.49153
 -1.50726
 -0.910892
 1.24326
 -0.776126
 -1.7128
 -1.08949
 0.0204268
 3.12562
 2.45322
 2.88087
 1.38945
 0.298113
 -0.193522
 -0.782466
 -1.24072
 -1.52094
 -2.34813
 -4.50166
 -3.64632
 -3.23898
 -0.0546136
 3.47375
 4.3991
 5.45687
 3.31719
 2.19296
 0.434913
 -0.949705
 -1.22112
 0.393984
 2.59078
 1.47345
