 13.9426
 1922.01
 0
 24.4026
 42.652
 56.9085
 60.7924
 63.1622
 62.7914
 66.1373
 118.764
 124.583
 140.836
 139.97
 139.054
 155.972
 155.598
 157.633
 159.575
 190.432
 220.78
 224.065
 279.961
 293.518
 293.182
 292.315
 356.823
 357.044
 356.36
 392.083
 392.595
 392.396
 403.665
 406.073
 461.114
 495.374
 537.735
 35.5772
 42.9394
 74.9313
 84.6198
 120.427
 122.786
 122.521
 160.54
 162.799
 162.268
 162.722
 201.688
 501.022
 3.92818
 6.35696
 23.455
 78.5838
 87.1056
 108.27
 146.084
 146.021
 145.365
 145.71
 147.709
 151.528
 151.075
 158.183
 162.035
 222.237
 223.466
 235.823
 241.107
 282.25
 339.486
 391.015
 393.542
 414.867
 432.375
 578.468
 9.42739
 15.8186
 30.6699
 30.2381
 37.1393
 42.5472
 65.38
 191.671
 382.9
 682.812
 88.4525
 149.926
 209.17
 219.653
 237.533
 236.809
 268.037
 272.447
 271.677
 290.603
 295.178
 458.849
 458.945
 469.674
 471.96
 473.663
 472.951
 478.557
 490.172
 504.141
 2.22109
 1.6942
 3.12371
 5.3184
 6.30551
 7.16695
 10.8476
 10.3113
 10.7227
 24.2413
 25.533
 30.8352
 47.1591
 49.8841
 52.7054
 62.8176
 65.1423
 83.551
 90.4432
 90.3979
 123.966
 215.537
 233.4
 300.763
 304.199
 303.901
 306.751
 312.017
 321.998
 324.005
 332.699
 357.883
 390.969
 390.402
 391.434
 524.82
 45.4821
 60.0196
 60.2687
 59.4733
 67.0187
 75.1662
 81.9229
 82.1161
 81.5881
 88.3659
 124.054
 127.461
 126.741
 133.042
 158.777
 157.893
 166.352
 168.701
 187.173
 198.28
 202.339
 205.092
 206.79
 217.75
 235.507
 239.27
 263.118
 262.647
 262.295
 278.644
 296.701
 300.264
 299.348
 311.924
 312.451
 317.998
 329.774
 343.61
 360.036
 378.405
 378.969
 378.544
 401.463
 450.233
 456.793
 465.242
 464.374
 468.491
 472.298
 542.124
 4.35191
 42.5563
 145.868
 149.759
 182.64
 209.586
 219.039
 355.006
 358.298
 394.184
 404.015
 444.093
 443.204
 551.662
 28.3558
 29.8144
 43.0127
 47.8519
 54.0672
 53.4928
 54.0025
 65.1947
 71.0295
 70.1714
 70.0841
 70.6608
 69.842
 71.0746
 96.1514
 98.6995
 98.2295
 98.8358
 100.678
 100.162
 100.057
 109.337
 112.485
 117.201
 117.527
 116.651
 126.734
 130.455
 162.334
 163.928
 179.047
 178.131
 179.641
 205.983
 206.506
 221.112
 230.974
 262.033
 268.263
 268.255
 267.689
 268.765
 281.794
 283.748
 283.224
 282.811
 288.678
 349.371
 351.987
 388.175
 447.887
 447.492
 452.676
 458.699
 459.13
 511.349
 54.8553
 54.4236
 81.6482
 159.896
 160.198
 159.368
 159.834
 161.966
 168.276
 190.054
 336.959
 337.678
 522.852
 20.2314
 191.257
 190.947
 192.278
 192.001
 215.844
 230.482
 231.777
 240.812
 250.837
 289.818
 449.714
 457.758
 469.224
 468.484
 550.099
 0
 7.567
 8.98731
 38.2854
 44.173
 66.2959
 125.386
 129.454
 130.675
 129.988
 174.47
 306.503
 710.042
 6.17228
 16.4898
 30.4508
 33.4006
 69.0553
 76.9226
 80.9871
 81.9294
 93.8642
 93.4164
 108.579
 117.914
 117.73
 125.53
 135.724
 138.841
 144.796
 166.472
 171.387
 171.419
 171.485
 171.105
 170.743
 182.364
 183.063
 182.167
 181.383
 189.93
 278.523
 358.467
 386.237
 428.863
 443.8
 471.643
 480.6
 481.749
 502.121
 4.77065
 4.63947
 9.88691
 51.5144
 52.717
 52.1151
 51.2551
 53.2902
 80.3734
 79.7624
 89.1148
 102.955
 133.147
 139.405
 140.756
 141.246
 150.149
 153.897
 208.218
 209.042
 208.81
 208.063
 209.092
 209.792
 209.751
 216.235
 235.804
 237.833
 252.295
 253.713
 344.12
 351.588
 352.825
 369.712
 380.334
 384.253
 384.85
 387.08
 398.816
 473.18
 481.067
 483.47
 482.838
 481.986
 481.429
 520.938
 0
 16.8282
 51.1346
 128.622
 139.524
 158.583
 157.758
 181.993
 181.207
 184.224
 191.454
 211.345
 215.181
 218.259
 231.772
 271.9
 290.997
 290.103
 289.28
 289.941
 294.921
 294.479
 320.419
 332.443
 332.036
 331.995
 332.248
 334.41
 354.716
 410.243
 429.776
 430.15
 464.069
 468.907
 470.612
 479.285
 487.08
 486.174
 485.376
 484.46
 499.14
 498.757
 516.495
 5.78221
 5.28834
 4.37268
 12.2344
 68.3644
 73.8111
 72.912
 102.622
 150.91
 150.721
 152.23
 172.264
 238.325
 240.566
 264.103
 282.049
 300.577
 300.785
 319.377
 334.436
 374.949
 378.47
 377.761
 393.578
 392.687
 408.778
 441.33
 453.568
 453.212
 453.894
 464.042
 465.665
 479.486
 510.122
 26.1502
 27.1461
 33.7995
 37.1869
 40.1119
 39.9643
 49.7629
 50.9628
 50.3019
 57.7214
 57.7502
 60.2802
 151.315
 151.069
 150.27
 158.596
 159.836
 220.129
 265.107
 285.057
 284.257
 283.361
 286.237
 288.869
 315.453
 356.855
 358.455
 362.667
 381.508
 386.871
 404.107
 412.194
 412.868
 436.907
 438.837
 501.585
 16.0518
 1659.98
 885.199
 12.1708
 113.314
 1002.04
 262.994
 262.54
 1331.92
 87.2447
 347.819
 1142.38
 171.718
 1294.91
 979.013
 161.035
 770.458
 945.588
 0
 657.523
 123.679
 1638.31
 15.7507
 1175.54
 4.46667
 258.754
 259.023
 389.489
 1373.57
 14.518
 68.7773
 544.237
 0
 54.4592
 63.0076
 401.633
 410.454
 553.128
 331.58
 388.646
 4287.51
 2099.37
 79.7407
 579.915
 693.299
 1096.44
 79.6381
 242.661
 356.168
 744.444
 2.27394
 249.631
 251.047
 935.15
 289.899
 350.533
 814.603
 0
 1045.7
 410.83
 527.459
 0
 397.069
 829.312
 391.23
 913.01
 845.011
 658.665
 202.831
 715.36
 280.074
 284.01
 316.009
 331.616
 1045.67
 709.756
 426.237
 501.782
 333.479
 483.847
 925.695
 442.063
 542.669
 303.721
 370.42
 868.051
 115.587
 128.563
 607.657
 0
 610.524
 484.372
 1565.25
 1573.26
 60.0638
 451.664
 1482.91
 1173.68
 60.6749
 344.235
 566.402
 28.0185
 652.745
 6.82777
 5.92065
 191.268
 317.317
 346.056
 812.124
 210.013
 235.236
 236.931
 263.796
 325.44
 474.906
 476.23
 625.048
 38.7829
 385.523
 618.534
 1.37241
 318.093
 320.701
 500.635
 138.459
 785.663
 76.1378
 3167.85
 1300.36
 3693.97
 451.985
 2223.47
 12.4234
 327.597
 364.818
 646.8
 3.7397
 337.853
 363.181
 396.593
 774.735
 163.657
 347.753
 638.391
 1218.3
 8.69916
 924.935
 265.319
 347.692
 975.374
 850.016
 0.654984
 23.0077
 23.4147
 1731.83
 6.98349
 164.129
 672.391
 495.964
 495.079
 583.739
 411.216
 463.921
 1247.25
 10.9885
 35.3801
 1883.55
 12.8204
 850.011
 151.1
 322.45
 397.723
 416.319
 473.12
 486.515
 1033.62
 1.15303
 174.651
 359.843
 491.186
 557.389
 372.388
 537.3
 33.9252
 107.178
 491.713
 1148.45
 3226.83
 168.744
 170.039
 1947.18
 1135.97
 147.733
 251.55
 497.216
 1158.88
 1879.74
 1132.36
 70.5384
 631.181
 37.3974
 924.346
 594.443
 864.541
 17.7899
 489.597
 491.311
 525.216
 542.839
 164.146
 166.67
 174.281
 3671
 107.978
 262.178
 3459.66
 34.8395
 4323.45
 147.772
 631.021
 40.7539
 274.371
 285.193
 1572.91
 418.237
 555.718
 487.827
 603.288
 7.43927
 55.3345
 612.015
 0
 8.85408
 413.112
 747.628
 472.242
 638.915
 0.703083
 1562.44
 473.243
 556.069
 40.2393
 255.332
 415.527
 415.213
 417.576
 1121.14
 10.699
 37.7418
 641.69
 3.34607
 667.382
 296.121
 964.145
 460.888
 480.376
 481.677
 620.057
 146.18
 190.685
 258.128
 438.318
 633.35
 938.633
 491.115
 527.396
 43.2951
 136.673
 178.29
 677.73
 747.424
 597.708
 1245.56
 14.5939
 123.398
 478.271
 687.152
 381.655
 1248.36
 1534.49
 575.564
 241.407
 241.346
 341.063
 359.564
 358.911
 379.856
 532.985
 35.4407
 129.619
 165.624
 354.463
 1044.12
 452.554
 453.515
 516.384
 55.2538
 57.8723
 673.029
 1175.47
 118.246
 117.882
 605.436
 60.5379
 101.595
 125.42
 159.485
 203.751
 280.658
 444.698
 1386.5
 136.866
 174.208
 614.869
 0
 1330.92
 28.8732
 1104.94
 0.967435
 102.151
 243.671
 738.624
 8.30288
 17.0033
 38.8435
 264.721
 271.37
 313.999
 322.016
 495.055
 941.27
 223.98
 742.768
 0.345818
 1678.67
 67.4944
 801.721
 12.0742
 26.0904
 232.836
 321.05
 1482.16
 38.356
 113.693
 1212.27
 11.4774
 1627.56
 87.2718
 159.792
 417.543
 668.068
 674.044
 683.621
 125.203
 138.851
 2746.61
 0.798368
 69.3913
 2829.62
 238.62
 1937.41
 35.3462
 109.31
 244.506
 1775.79
 0
 126.905
 160.279
 240.944
 309.278
 308.525
 554.977
 206.93
 211.992
 404.624
 555.266
 421.183
 625.509
 107.236
 142.84
 2560.66
 14.614
 364.859
 1532.42
 0
 91.8006
 441.072
 1904.3
 76.8128
 1266.75
 1811.05
 3815.66
 1566.76
 1751.51
 2028.91
 29.2156
 46.2473
 130.52
 256.686
 1220.53
 232.887
 419.59
 761.807
 10.3337
 10.5073
 108.692
 311.955
 1855.52
 217.493
 386.427
 1296.64
 139.653
 178.8
 377.524
 3500.89
 1117.2
 418.582
 1215.13
 1769.31
 1032.05
 227.743
 4722.72
 158.676
 1269.67
 52.0391
 249.24
 293.01
 1684.18
 1267.16
 780.824
 23.7278
 356.442
 1342.68
 0
 4.34776
 403.616
 503.361
 585.339
 25.0443
 216.999
 1024.5
 2194.98
 0.934853
 0.268253
 44.4974
 3682.59
 1068.7
 4204.46
 67.3324
 342.615
 711.959
 60.2153
 155.736
 345.661
 387.524
 399.249
 481.436
 2531.22
 1033.28
 189.797
 201.617
 366.053
 1155.94
 30.5179
 452.875
 830.851
 28.9209
 192.287
 899.815
 181.57
 205.695
 316.832
 356.352
 1147.84
 5.28273
 237.566
 943.927
 941.824
 42.4029
 306.185
 1443.73
 30.8406
 144.546
 182.042
 181.164
 1085.92
 17.2028
 571.377
 0.447354
 13.1159
 435.092
 3724.31
 0.288654
 5059.42
 1016.08
 4078.87
 108.334
 412.401
 413.115
 472.363
