 -1.2032
 0.722875
 0.439643
 -0.600781
 0.595421
 0.137133
 0.56811
 0.370203
 -0.20191
 -0.390519
 0.140252
 -0.84851
 0.231611
 0.209681
 -0.759422
 -0.671395
 -0.263724
 -0.511939
 0.685398
 -0.0274571
 0.886763
 0.0170743
 0.488831
 0.914607
 -0.748847
 0.492004
 0.0661076
 -0.280247
 0.943414
 -0.162187
 -0.543234
 -0.702025
 0.548193
 -0.0331413
 0.0646326
 0.612774
 0.722267
 0.381084
 -1.20757
 0.142471
 0.547272
 -0.0973465
 -0.228558
 -0.615022
 1.11525
 -0.458637
 0.185935
 0.754967
 1.56907
 -0.781165
 -0.596252
 -0.892602
 -0.676646
 -0.343187
 1.81566
 -0.915028
 -0.0951242
 -0.38806
 -0.414855
 -0.689401
 0.587547
 1.34312
 -0.475167
 0.397789
 -0.154407
 -0.00155637
 1.64219
 -0.386929
 -1.05474
 0.535368
 0.331311
 0.332939
 1.11578
 -0.312961
 0.937554
 -0.249089
 -0.416034
 0.361665
 -0.224748
 -0.222864
 0.155899
 0.617228
 1.27288
 -0.0551398
 0.560321
 -0.550664
 0.0832411
 -0.223535
 -0.782751
 0.798963
 -0.249631
 0.280642
 0.110681
 0.130156
 0.502349
 -0.211355
 1.0503
 -1.32
 -0.493533
 0.68247
 -1.33963
 -0.162888
 0.137207
 -0.514742
 0.440065
 0.298422
 0.0218528
 -0.445232
 0.203846
 -0.0759669
 -0.0447314
 0.746577
 -0.301286
 0.891263
 -0.749978
 0.243799
 -0.801625
 0.84753
 -0.338961
 -1.96615
 1.39109
 -0.179695
 -0.398279
 0.0817392
 -0.709928
 0.563882
 -0.163982
 -0.472675
 0.771113
 -0.105691
 0.353979
 -0.305671
 -0.162194
 0.533993
 -0.123998
 1.0328
 -0.432772
 -0.0706143
 -0.424916
 0.125101
 0.196937
 0.918828
 -0.800442
 0.76409
 0.499478
 -0.62751
 0.117532
 -0.995989
 -0.185663
 0.446427
 0.0645524
 -0.715714
 -0.201322
 -0.553806
 0.671065
 -0.625583
 -0.509116
 1.26871
 -0.666937
 -0.396318
 1.15324
 0.244932
 0.0103733
 -0.422349
 -0.273534
 0.349655
 -1.014
 0.127417
 0.727495
 -1.54983
 0.805099
 -0.786244
 0.423282
 0.209256
 -0.128831
 -0.0992739
 0.413167
 0.428765
 -0.62243
 -0.196632
 0.231113
 -0.331058
 0.789979
 0.753024
 0.134885
 -0.470406
 0.0525079
 -0.336331
 0.825818
 0.426084
 0.482499
 -0.380551
 0.128483
 0.0341134
 0.0880051
 -0.547491
 -0.0217408
 -0.15345
 -0.836197
 0.184299
 0.0638337
 -0.323379
 0.186056
 0.515396
 -0.251574
 0.20326
 -0.250674
 0.831414
 -0.916987
 0.489515
 -0.154043
 0.0812792
 0.43588
 -0.759509
 0.365464
 -0.201195
 -0.110509
 -0.304139
 1.20679
 -1.07547
 -0.00469963
 0.352946
 -0.619853
 1.09728
 -0.459984
 0.382474
 0.209028
 -0.453469
 0.784886
 0.693362
 -0.201006
 -0.151831
 0.424359
 0.0622784
 -0.519263
 -0.842762
 -0.127909
 0.980467
 -0.27997
 -0.326331
 -1.13122
 -0.0905114
 -0.719216
 1.2266
 -0.637687
 0.891506
 0.112319
 0.753078
 0.381915
 -0.0392485
 -0.144509
 0.091732
 -0.66657
 0.420905
 -0.391589
 0.155244
 0.730887
 0.604276
 -0.85105
 -1.38003
 0.82905
 0.335037
 0.552636
 0.529038
 0.0330151
 -0.136268
 0.531323
 -0.829169
 0.385131
 -1.2719
 -0.809141
 -0.573577
 -0.125394
 -0.807558
 0.468256
 -0.994336
 0.881515
 1.31151
 0.0391974
 -0.405699
 0.298554
 1.31794
 0.0375225
 0.21965
 0.351758
 0.143031
 0.0104286
 -0.783957
 -0.293937
 -0.353847
 0.211463
 0.625619
 1.4686
 -1.18953
 0.377122
 -0.698882
 -0.182875
 -0.188893
 -0.753998
 -0.129495
 -0.981836
 -1.20858
 -0.52063
 1.08894
 -0.578757
 0.190211
 -0.570829
 -0.0086076
 -0.154219
 0.399737
 -0.278003
 0.821869
 -0.0300191
 -0.385127
 -0.976344
 -0.135577
 -0.591548
 0.790062
 -0.891574
 -0.131049
 1.27808
 0.806923
 0.36676
 0.919615
 0.0921234
 0.139025
 0.0574154
 -0.407635
 -0.923728
 1.01186
 0.0625414
 0.167156
 -1.67441
 0.571801
 -0.605359
 0.17263
 0.477644
 -0.669286
 0.190197
 0.190854
 0.176043
 -0.130792
 0.729389
 0.210639
 0.245716
 -0.359477
 -0.485512
 0.724471
 -0.955948
 0.481893
 1.05763
 -0.84464
 0.567924
 -0.355754
 0.258393
 0.495859
 -0.0926962
 -0.456323
 0.396475
 0.446239
 -0.278596
 -0.0279441
 -0.255892
 -1.17437
 0.703719
 -0.479948
 0.499713
 -0.566701
 0.425897
 0.319585
 0.546884
 0.839077
 0.269916
 -0.317081
 -1.20933
 0.401698
 0.843323
 0.0564974
 0.619661
 -0.693523
 0.624817
 -0.509404
 0.0154928
 -0.712019
 0.791571
 0.0668942
 -1.13884
 -0.585261
 1.13328
 -0.406381
 0.845586
 -0.317766
 0.942396
 0.634504
 -0.394466
 0.0485549
 0.457406
 0.621765
 0.517951
 -0.628966
 -0.199381
 -0.383281
 -0.589305
 -0.269567
 0.477245
 0.672513
 -0.353991
 -1.09415
 -0.872001
 -0.80912
 0.62109
 -0.242606
 -0.0766944
 1.16788
 1.20583
 -0.429403
 -0.209469
 -0.0607831
 -0.0665074
 0.059795
 -1.56342
 -0.354258
 1.35373
 0.842894
 -0.31773
 0.736477
 -0.156346
 -0.286203
 -0.513017
 0.608247
 0.581588
 -0.773346
 0.688822
 -0.110689
 -0.0505147
 -0.678896
 0.751792
 0.0130505
 -0.304164
 0.464142
 0.85692
 -0.816139
 -0.781803
 -0.386469
 -0.713551
 0.606654
 -0.344489
 -0.490309
 0.0242541
 -0.47128
 0.812542
 -0.250785
 0.0219306
 0.570177
 -0.265781
 0.150375
 -0.566305
 -0.740898
 0.505373
 0.315144
 0.278313
 -0.852754
 0.264003
 -0.0623233
 0.164939
 0.338487
 0.273675
 0.127539
 -0.544167
 0.613271
 -1.51285
 0.991551
 0.251123
 -1.0659
 0.460878
 -0.208839
 0.251697
 0.87008
 -0.641306
 0.328402
 0.213632
 -0.99901
 0.352606
 -0.247402
 -0.548261
 0.166095
 -0.6868
 0.399459
 -0.410534
 1.74789
 0.10417
 0.0660068
 1.03089
 -1.24306
 0.0905495
 -0.688065
 -0.145294
 -0.644313
 1.1096
 -1.06431
 1.08284
 -1.69842
 0.525686
 0.556019
 0.791793
 -0.69607
 -0.897702
 0.447737
 -0.7763
 -0.475974
 -0.0220467
 -0.691368
 -0.0610347
 -2.17625
 0.881301
 -0.79463
 -0.0432318
 0.945921
 -0.03616
 0.64346
 2.13655
 -1.3955
 0.774884
 -1.26583
 0.173285
 -0.797487
 0.129613
 0.643664
 -1.67818
 -0.362202
 1.06388
 -0.809534
 -0.192907
 -0.206833
 0.0863832
 -0.651644
 0.102626
 -1.02806
 0.179086
 2.0909
 -3.7061
 1.30121
 -0.778156
 0.104509
 2.19968
 -1.03102
 0.511789
 -0.125029
 -1.27233
 0.706952
 -0.459382
 0.978554
 0.834209
 -0.387163
 -0.581347
 -1.43606
 0.473126
 -0.751601
 0.635707
 0.607876
 0.954914
 -0.492528
 0.33549
 0.461283
 0.306893
 0.314955
 2.25074
 -0.0407497
 -1.16817
 0.0140933
 0.450242
 1.03324
 -0.332025
 0.841232
 -0.0944806
 -0.656347
 -1.80302
 0.773565
 -0.0575006
 -0.240701
 -0.568754
 -1.15597
 0.39114
 -0.236803
 -1.11707
 0.868572
 0.0996154
 0.273428
 -0.875425
 0.553524
 -0.403909
 -0.18004
 -0.350865
 -1.93006
 -0.912484
 1.51194
 0.0115695
 -1.158
 -0.367375
 -0.576973
 -0.868691
 0.560506
 -0.708569
 -0.488472
 -0.284178
 0.564521
 -0.387525
 -0.461368
 0.316027
 0.801077
 0.28138
 0.422577
 -0.337792
 0.637273
 -0.346443
 -0.354209
 0.324784
 0.749086
 -1.28224
 0.478664
 -0.759421
 0.646709
 0.173169
 0.779631
 -1.06284
 1.30801
 -1.53046
 3.15262
 -2.76108
 2.52258
 -1.2629
 1.77198
 -0.0327312
 0.713429
 -0.41938
 0.791083
 -0.483235
 1.29176
 0.213748
 0.333883
 -0.447088
 -1.34402
 -0.0178465
 -0.611106
 1.25231
 -0.251857
 0.874344
 1.17251
 -0.45915
 -0.266979
 1.57739
 0.474897
 0.135647
 1.19907
 -1.49719
 -0.229839
 0.238516
 -0.40354
 -1.07479
 -0.576169
 -0.440106
 1.03585
 -0.862063
 1.11502
 0.478671
 1.21811
 -1.51991
 0.0846521
 -1.34042
 -0.377505
 0.677453
 0.264928
 -0.638442
 0.0410957
 -0.590088
 1.17366
 0.83079
 -0.286084
 -0.734626
 -0.133949
 1.22765
 -0.527163
 -0.701592
 -0.189453
 -0.245842
 1.58854
 -2.51913
 2.29147
 0.22423
 -1.22232
 2.54308
 -1.2577
 0.600026
 0.567199
 -1.52864
 1.93421
 -2.37494
 0.85037
 -0.548015
 0.870331
 -0.366861
 0.670233
 0.309572
 1.25561
 0.00715574
 1.02191
 0.559608
 -0.726325
 0.254605
 1.04304
 0.127363
 1.78044
 -2.26941
 -0.253478
 -2.0805
 2.03317
 -1.03589
 3.10615
 -0.589207
 0.804013
 -0.0155348
 0.659457
 -0.63536
 0.578057
 1.73408
 -0.447876
 1.08923
 -0.206346
 0.623923
 0.232198
 -0.969815
 -0.244583
 -0.61828
 1.14877
 0.409102
 -1.28119
 -0.158133
 1.40227
 -1.973
 0.636389
 -0.409401
 0.736293
 -0.112008
 -0.649493
 -0.246822
 0.813342
 -1.06742
 -0.287686
 0.386704
 -1.02311
 0.424712
 -0.16776
 -1.87485
 1.49482
 -0.753869
 -0.149616
 0.415119
 -0.689275
 0.75644
 -0.293107
 0.28579
 0.0614542
 0.00958025
 -0.640225
 -1.33092
 -0.107979
 -0.501182
 0.296738
 -0.574103
 -0.241513
 2.13653
 -1.60608
 1.04739
 0.33277
 0.0242533
 0.342886
 0.218859
 -0.00423969
 0.440121
 0.870475
 0.937693
 1.25747
 -0.0428535
 0.580848
 0.0602803
 0.138249
 -0.625033
 0.665163
 0.459751
 -0.502203
 -0.659133
 1.21554
 -1.49956
 0.483872
 0.284751
 -0.205907
 -0.0387415
 -0.907114
 2.11234
 -0.46274
 -0.746518
 -1.13982
 0.386277
 0.590749
 0.471787
 0.12002
 -0.0345431
 -0.64446
 0.550099
 -1.16356
 1.19226
 -0.391623
 -0.165231
 0.888617
 1.44065
 -1.04447
 0.101722
 -1.18231
 -0.296628
 -0.532312
 -0.909265
 1.03178
 0.708365
 -0.350605
 0.811684
 -0.532536
 0.0679443
 -0.110017
 -0.550532
 1.07294
 -1.36389
 1.38447
 -0.789244
 0.905522
 -1.29783
 -0.117666
 -1.33147
 -0.298596
 0.471559
 -0.779476
 1.37398
 -1.63185
 0.218801
 0.733201
 -1.48208
 0.785391
 -1.19677
 -0.769089
 0.205269
 -0.332413
 -0.331926
 -0.290318
 -1.50953
 -0.245518
 1.57315
 -1.60693
 -1.25865
 1.67547
 -1.34597
 -0.0962595
 -1.74007
 -0.338405
 0.0731933
 0.497442
 -1.47914
 -0.804486
 0.469013
 -0.142842
 0.0213708
 -0.429052
 0.204919
 -0.0540376
 -0.631878
 -0.0283185
 -0.263397
 0.000493936
 -1.54343
 -0.172978
 0.885303
 1.25392
 -1.89169
 -0.140928
 0.389501
 -1.36891
 -0.764364
 -0.307062
 1.84525
 -1.37023
 0.930162
 -2.25983
 2.94802
 -2.62534
 1.93528
 -2.54746
 1.31337
 0.436664
 0.906504
 -0.911501
 1.60212
 -0.958422
 -0.130079
 -0.381298
 -1.12176
 -0.0161702
 -0.399237
 0.998193
 0.619922
 -1.20722
 -1.43403
 1.08499
 -0.498066
 -1.20507
 0.428794
 -1.75209
 2.6903
 0.221472
 -0.0916049
 -2.27757
 2.04985
 -1.50136
 2.26456
 -2.26344
 0.175465
 -1.07834
 0.0145671
 -0.279993
 -1.42821
 2.14087
 -1.64537
 0.528637
 0.928664
 0.563064
 -1.18015
 -0.60857
 0.589839
 -0.986489
 -0.564324
 0.6611
 0.125184
 -0.185175
 2.46108
 -1.06804
 -0.59306
 0.0571368
 1.21751
 -2.8004
 2.27336
 -1.76766
 -0.549282
 -0.111694
 -1.4665
 0.151917
 -0.794925
 0.835377
 -0.112632
 0.0309086
 1.01164
 -2.57892
 1.16048
 -0.0591822
 -0.988433
 1.48303
 -0.597688
 0.0285926
 -0.520091
 -0.772276
 -0.210067
 0.208335
 -1.45627
 0.0394384
 0.0527198
 0.0663322
 -1.37195
 0.902405
 -0.26219
 -0.0296244
 -0.133743
 2.01547
 0.709181
 -1.44152
 1.04895
 0.0660058
 0.693365
 0.207083
 -0.872201
 1.5583
 -0.683404
 0.678117
 0.681131
 0.852223
 0.856837
 -2.27253
 0.963608
 -1.7882
 -0.264222
 -2.38285
 -0.445274
 -0.945445
 0.0718448
 -0.0661998
