 -0.118959
 0.0594569
 0.047248
 -0.150162
 0.105747
 -0.0642344
 0.0142648
 0.0102032
 -0.0914828
 -0.177247
 0.102198
 0.0803594
 -0.0512028
 -0.0212841
 -0.0497658
 0.119873
 0.0619376
 0.00315798
 -0.0130103
 0.22067
 0.0225153
 -0.0538533
 0.193256
 -0.0333629
 -0.0574795
 -0.0706416
 0.173315
 -0.0121077
 -0.0119001
 0.151593
 0.0320848
 -0.00584584
 -0.0820455
 -0.0149439
 0.186417
 -0.100022
 0.105979
 -0.159237
 0.0263606
 -0.180242
 0.00278312
 0.122068
 0.0510721
 -0.054852
 0.191853
 -0.0198276
 -0.0333134
 -0.0738303
 0.170678
 -0.184508
 -0.0118827
 -0.0524996
 0.092862
 -0.160189
 -0.100999
 0.0282822
 -0.20111
 -0.149899
 -0.0604192
 -0.0447782
 0.0904812
 0.0499945
 -0.0133609
 0.0457441
 -0.0896846
 0.142587
 0.128398
 0.0275051
 0.0252437
 0.226869
 -0.135526
 0.0886537
 -0.024621
 -0.0131021
 -0.0768265
 -0.00383841
 0.0948468
 0.225916
 0.0560452
 0.0235453
 -0.0947249
 0.0159445
 -0.0608681
 0.087526
 0.00258482
 0.143317
 0.0591859
 0.0834799
 -0.0930434
 -0.104333
 -0.0475542
 0.00365261
 -0.0929059
 -0.0464242
 0.0717169
 0.0915339
 0.24081
 0.0996253
 -0.0194621
 -0.0662244
 -0.0157235
 0.026357
 0.0488329
 0.0844474
 -0.0145443
 0.119037
 -0.0145474
 -0.0720559
 0.0247138
 -0.0472379
 0.00936332
 -0.0225799
 -0.0084496
 -0.0404264
 -0.055681
 0.0489242
 -0.0678933
 -0.076784
 0.0391456
 -0.101704
 -0.0202219
 -0.0856975
 0.0368852
 -0.0628363
 -0.0888905
 -0.00420791
 0.214927
 -0.142492
 0.137607
 -0.156068
 0.0121944
 0.00998224
 0.0758043
 0.00953636
 0.0909363
 0.12523
 0.0873038
 -0.152933
 0.0558276
 0.0613119
 0.0806713
 -0.308715
 -0.0149505
 0.0943578
 0.0500761
 -0.0629062
 0.00716012
 -0.144762
 -0.148863
 -0.0698717
 -0.026096
 0.0306365
 -0.140394
 -0.107546
 0.0028985
 0.0966084
 -0.0681338
 0.0352396
 -0.0929185
 -0.0749537
 -0.103937
 0.029764
 0.0351445
 0.0204014
 0.0500008
 0.165694
 -0.0667849
 0.0864083
 -0.0435283
 -0.0410779
 0.0111419
 0.157212
 -0.0324719
 -0.0151705
 0.0417304
 -0.0388838
 0.0857296
 0.0126214
 0.0903783
 -0.0370995
 0.1617
 -0.018562
 0.028139
 0.0514511
 0.123383
 0.206739
 0.0240677
 0.0874817
 0.0936628
 -0.0467147
 -0.144089
 0.115299
 0.0793238
 -0.196403
 0.152646
 -0.0499045
 0.138429
 -0.0915542
 0.031355
 -0.290675
 -0.0553599
 0.170784
 0.0419738
 0.267561
 0.132477
 -0.215411
 0.0368438
 0.0109368
 0.060075
 0.149821
 0.158856
 0.0870887
 0.103094
 -0.095807
 -0.0874416
 -0.0579711
 0.00707344
 -0.0190364
 0.0682642
 -0.0727806
 -0.159851
 0.0104948
 0.00875881
 0.109997
 -0.0367038
 0.0132328
 -0.0391326
 0.0184211
 -0.0338146
 0.0224147
 -0.0930729
 -0.113154
 0.0089989
 -0.113352
 0.0442463
 -0.0743865
 0.103968
 0.109341
 -0.0255164
 -0.193887
 -0.0855986
 0.0868855
 0.129252
 0.148511
 0.0363268
 0.0570808
 0.0512937
 0.0234377
 0.0922023
 -0.0673542
 -0.115212
 -0.125119
 -0.209697
 0.13845
 -0.0131094
 -0.180892
 0.141534
 0.0532507
 0.0160891
 0.0306425
 0.0399394
 0.292722
 -0.0351545
 -0.0184384
 0.0884834
 0.255932
 0.142997
 -0.0131471
 -0.0303326
 -0.116786
 0.0252913
 -0.237207
 0.141988
 -0.070345
 0.021867
 -0.276215
 -0.0429225
 0.0325483
 0.011288
 -0.00687173
 -0.100272
 0.115026
 -0.0466538
 -0.000759829
 0.0553411
 -0.214834
 0.236881
 -0.0343836
 0.0675953
 0.0297333
 -0.216971
 -0.0845911
 0.0526157
 0.00588368
 0.113264
 -0.0555716
 -0.18886
 0.138084
 0.0111363
 0.00400256
 -0.0119556
 0.0367462
 -0.0957555
 0.0278795
 0.00258613
 -0.111575
 -0.000943426
 -0.141068
 0.0470851
 -0.116325
 -0.0882826
 0.0664106
 -0.0312738
 0.0314548
 -0.0985639
 0.0162959
 -0.0566574
 -0.0240019
 0.102166
 -0.0239434
 0.0344268
 0.236945
 0.0668291
 -0.0066604
 -0.0897507
 -0.084303
 -0.0564005
 0.0277264
 -0.00827786
 0.0275956
 -0.0423821
 -0.180473
 0.11688
 -0.196909
 0.0802242
 -0.0983151
 -0.112134
 0.0925121
 0.00671876
 0.0886408
 -0.0686239
 0.0256398
 0.0079316
 0.0363125
 0.161804
 0.0625085
 -0.028854
 0.0215351
 -0.0969205
 0.155022
 0.08923
 -0.134832
 0.0413577
 -0.187373
 -0.0432086
 -0.096546
 -0.081937
 -0.0186543
 -0.0882112
 0.144567
 0.0442102
 -0.0536384
 -0.0878246
 -0.0591838
 -0.0154804
 0.0177369
 0.150762
 -0.0629023
 -0.0272024
 -0.116246
 -0.0317613
 0.238181
 -0.0191481
 -0.0148258
 -0.205213
 -0.190948
 -0.0311703
 -0.0422445
 -0.0176776
 -0.140663
 0.151929
 0.136918
 -0.0441092
 -0.0650761
 -0.0234493
 -0.0375285
 0.0919996
 0.0694347
 -0.0379762
 0.138869
 -0.146401
 -0.0226292
 0.126175
 0.0149928
 0.107132
 -0.0185615
 0.0194074
 0.070285
 -0.069826
 0.0565183
 -0.0447192
 -0.147713
 0.0696552
 -0.107399
 -0.0404057
 -0.0468596
 -0.0611165
 -0.03308
 0.00328303
 0.121853
 0.0210258
 0.0619068
 0.0242081
 0.115915
 0.171897
 -0.110439
 0.109092
 -0.0951661
 -0.0415203
 0.137709
 -0.0622185
 -0.0998559
 0.0590232
 -0.0092661
 -0.0457081
 -0.0464488
 -0.0858269
 0.00601812
 -0.0182991
 -0.117516
 -0.00727714
 -0.0693734
 -0.0306022
 -0.149579
 0.0947272
 0.0742804
 0.0794678
 -0.155856
 0.0756269
 0.0163756
 0.0370734
 -0.20106
 0.0806242
 0.00338871
 -0.127795
 0.129331
 -0.0278307
 0.0613875
 0.209368
 0.0159269
 -0.131113
 0.0307278
 0.0836693
 -0.0161935
 -0.0138896
 -0.0999266
 0.117268
 -0.0287848
 0.0133053
 0.10628
 -0.00803861
 0.0188022
 -0.0516921
 0.172378
 -0.0219435
 -0.0238058
 0.0624296
 0.0616939
 0.0336553
 0.0149768
 0.044261
 0.0202248
 0.0327055
 0.0832168
 0.0670145
 0.132038
 -0.158774
 -0.00439766
 -0.0431761
 0.0993275
 0.012614
 0.196181
 -0.05258
 -0.14848
 -0.0650138
 0.0262559
 -0.0150204
 -0.00277542
 0.201732
 -0.00720555
 -0.0956733
 -0.187808
 0.0207249
 -0.0441742
 0.0585592
 -0.0859125
 -0.0783795
 0.118106
 0.0799636
 -0.237762
 -0.172623
 -0.211729
 0.054849
 0.0877791
 -0.0213477
 -0.0247058
 -0.0102613
 0.187175
 -0.0763804
 0.109843
 0.0521146
 -0.0468766
 0.188462
 0.0657594
 0.141862
 -0.0727957
 0.079799
 0.169241
 -0.193785
 -0.0174439
 -0.0440218
 0.139915
 0.0270042
 -0.0159061
 0.0144263
 0.062576
 -0.039786
 -0.0497205
 0.0599714
 -0.162863
 -0.00223868
 0.118841
 0.0883808
 0.0285436
 0.122591
 -0.106741
 0.0595912
 -0.0077576
 0.0520849
 0.0251568
 -0.10975
 0.0665071
 0.0787446
 0.0342112
 0.0783617
 -0.0179135
 -0.0416431
 -0.0370399
 -0.057404
 -0.0631513
 0.0138001
 -0.0432732
 0.176237
 -0.0184707
 -0.0522449
 0.116114
 0.0710423
 -0.046676
 0.0741165
 0.120213
 -0.0214056
 0.000779531
 -0.0848617
 0.0293855
 0.0903502
 0.0113886
 0.00227285
 -0.0328802
 -0.101608
 0.120429
 0.101964
 -0.112177
 0.174473
 -0.11756
 -0.0842274
 0.0152353
 0.144717
 -0.140467
 -0.0470693
 0.11976
 -0.011941
 -0.195657
 -0.0183406
 -0.155932
 -0.0547243
 0.150368
 0.0612918
 0.218285
 -0.0111078
 -0.0756814
 -0.0578856
 -0.124976
 -0.139731
 -0.0623462
 0.127049
 0.223999
 0.0798228
 -0.0729201
 0.0797466
 0.0991867
 -0.0532219
 0.00409182
 -0.219056
 -0.146087
 -0.17703
 0.0994027
 -0.0803881
 -0.108059
 -0.0174125
 -0.0412216
 0.101059
 0.0352582
 0.0298853
 0.0395638
 -0.0265141
 0.0209858
 0.131794
 -0.0833251
 -0.0294016
 -0.0473505
 0.156729
 -0.0546476
 -0.0892963
 0.187278
 -0.0204934
 0.000704158
 0.00545041
 -0.00312931
 -0.0382275
 0.182708
 -0.0105991
 0.00454412
 0.0263511
 0.165087
 -0.0879109
 -0.102431
 -0.107459
 -0.135321
 0.128696
 0.180563
 0.0645384
 0.0218779
 -0.0899065
 0.111871
 -0.0229644
 -0.172227
 -0.0931316
 0.0616752
 -0.131885
 0.0841749
 -0.0896032
 0.0576036
 -0.0819988
 0.0859413
 5.8142e-05
 0.0162046
 -0.0390711
 -0.031963
 -0.0955959
 -0.0290535
 0.0531085
 0.0539904
 -0.0431658
 0.034322
 -0.0508249
 0.0332074
 0.0877969
 -0.00377717
 -0.121359
 0.0462769
 0.0749312
 -0.0243066
 0.171297
 0.0173285
 -0.0446735
 -0.0551559
 0.0497019
 0.104934
 -0.16232
 -0.00523079
 -0.0340313
 0.107348
 -0.159131
 -0.0676084
 0.0431001
 0.134842
 -0.00153876
 0.0988349
 0.0380345
 0.0434142
 0.0531716
 -0.0334313
 -0.152961
 -0.141461
 0.0953036
 0.21529
 0.218172
 -0.0167952
 0.201189
 -0.0417813
 -0.0841613
 -0.0792491
 0.0439822
 -0.0370055
 -0.118091
 -0.124827
 -0.0886142
 -0.162172
 -0.0605464
 -0.229667
 -0.106524
 0.00701148
 -0.0252805
 0.0131414
 -0.168595
 -0.153404
 0.0503697
 -0.094479
 0.105771
 -0.0536655
 0.0332519
 -0.0529439
 -0.0672084
 0.0889959
 -0.136693
 -0.117735
 0.120287
 0.0253454
 0.0233478
 0.263466
 -0.00537579
 -0.0776195
 -0.103653
 0.0930807
 -0.0450481
 -0.00632922
 0.0599311
 -0.139765
 -0.11933
 -0.0464011
 0.0145157
 0.0148388
 0.0346299
 0.0162442
 0.0138208
 0.036112
 0.105106
 -0.0471528
 0.0631393
 -0.0426727
 -0.025702
 -0.160621
 0.0775058
 -0.0194093
 0.0913874
 -0.00359067
 -0.0583941
 -0.127104
 -0.0668497
 0.106078
 -0.223363
 -0.130985
 0.0818016
 -0.0685323
 0.00482615
 0.110938
 0.0650989
 0.0991236
 -0.0562692
 0.134399
 0.0685679
 0.117715
 0.00352731
 -0.0177502
 0.123016
 0.178659
 0.104704
 0.035258
 -0.0757386
 0.0903041
 -0.135474
 -0.101917
 0.0238074
 0.0156733
 -0.0429624
 -0.00650855
 0.0192743
 -0.0311511
 0.0134257
 0.163498
 -0.0701177
 0.0134334
 -0.0801637
 -0.0464165
 -0.0658676
 -0.154823
 0.1038
 0.0214098
 -0.137491
 -0.125803
 0.0254273
 0.044856
 -0.0277172
 -0.0913385
 0.151967
 0.100302
 0.0940641
 0.104728
 0.0571671
 -0.0719014
 0.178306
 -0.0220901
 -0.226211
 -0.0398032
 0.0262213
 0.0562732
 0.0810294
 -0.178279
 -0.131834
 -0.14149
 0.176159
 -0.103566
 0.0443564
 0.194574
 0.0087007
 -0.00280786
 0.0128263
 0.00588529
 0.102505
 0.198328
 0.112493
 -0.058007
 0.149681
 0.0972471
 0.107379
 0.104234
 0.0260967
 -0.0645715
 0.0245802
 -0.08124
 -0.0925307
 0.0264227
 -0.175468
 -0.022004
 0.0413986
 0.0151195
 -0.0478116
 -0.0558342
 -0.143373
 0.0402059
 0.0518452
 -0.174726
 -0.100822
 0.0655005
 0.0599372
 0.0468682
 0.111466
 -0.0791702
 -0.0517742
 -0.0129292
 -0.0531248
 0.123089
 0.016398
 0.0719889
 -0.0934579
 -0.0534472
 0.0387383
 0.0788218
 -0.174571
 -0.0942478
 -0.0330347
 -0.150346
 -0.0763992
 0.0450172
 0.0134516
 0.0367416
 0.0403934
 -0.0263123
 -0.0947888
 0.0770044
 0.0326764
 0.0213412
 -0.0804142
 -0.0333769
 0.0648885
 0.0909957
 0.150398
 0.0490391
 0.0585462
 -0.0160546
 0.0609386
 -0.0673775
 0.0743072
 -0.0727653
 -0.134304
 -0.0306898
 0.0119156
 0.131824
 -0.0866201
 0.125863
 -0.244386
 0.063091
 -0.0138062
 -0.125827
 0.0309548
 0.059524
 0.19699
 0.0615544
 -0.0511169
 0.033394
 -0.0215535
 0.129165
 -0.0197402
 -0.102024
 0.154122
 -0.0222983
 0.0995852
 0.0420223
 0.13333
 0.0807476
 -0.0853005
 -0.145208
 0.19463
 -0.162303
 0.0627461
 -0.0949208
 -0.0530801
 0.134997
 -0.03034
 0.0605889
 0.0834324
 -0.0621263
 -0.0633091
 0.0116889
 0.0327842
 -0.0386922
 -0.0402993
 0.0795407
 0.0616752
 0.11187
 0.176243
 -0.0665735
 0.00754781
 -0.0373059
 0.000497252
 -0.137145
 -0.049311
 0.0144773
 -0.0267837
 0.0857653
 0.195561
 0.00206771
 -0.132613
 -0.178503
 -0.0458246
 -0.110152
 -0.132152
 -0.00698466
 -0.104073
 -0.0449547
 0.0509339
 -0.164612
 -0.0810119
 0.0941778
 0.0709436
 -0.0715421
 0.0341396
 0.0482027
 0.0119236
 0.141875
 0.0449591
 -0.0896146
 0.126536
 0.146973
 0.051314
 -0.0148777
 0.0639527
 -0.232397
 -0.0233672
 -0.148443
 -0.0903489
 0.0340138
 -0.0929386
 0.145352
 -0.0280972
 -0.0534565
 0.0721908
 0.00751355
 -0.193941
 0.13525
 0.0687038
 0.0862442
 0.0129481
 0.0159686
 -0.105477
 -0.0168861
 -0.156366
 0.0603395
 -0.00393962
 0.0765162
 -0.0874235
 0.0866567
