 -0.118959
 1.34836
 -0.0277788
 -0.155284
 0.135104
 -0.120209
 0.0676137
 0.0559432
 -0.0227921
 -0.0637127
 0.225818
 0.0800905
 -0.127873
 -0.00689383
 -0.000891658
 0.130326
 -0.022731
 -0.0530134
 -0.0521757
 0.173955
 -0.172555
 -0.0632601
 0.232608
 -0.117407
 0.0235104
 0.00686392
 0.249616
 -0.0329224
 0.0148531
 0.186802
 0.0368772
 0.0261349
 -0.107729
 0.0562604
 0.230853
 -0.183033
 0.203019
 -0.186429
 0.0887938
 -0.177034
 0.100498
 0.187016
 0.0558506
 -0.0249007
 0.192565
 -0.0549899
 0.0191594
 -0.0361243
 0.194894
 -0.534745
 0.0679248
 -0.0564427
 0.130983
 -0.231033
 -0.0948088
 0.145015
 -0.192056
 -0.0285164
 0.0157434
 -0.0346479
 0.0526929
 -0.0671612
 0.0209991
 0.0874173
 -0.0673915
 0.241262
 0.0452092
 -0.11243
 0.0768452
 0.200141
 -0.235336
 0.223491
 -0.0572624
 -0.14554
 -0.132467
 -0.374178
 -0.0992528
 0.083424
 -0.122543
 0.0214812
 -0.0862857
 0.0776079
 -0.150394
 -0.348066
 -0.427779
 -0.53526
 -0.291742
 -0.243759
 -0.239366
 -0.104191
 -0.133798
 0.0135405
 -0.174965
 -0.0712266
 -0.0118109
 -0.137468
 0.0723123
 -0.395917
 -0.0310394
 -0.105312
 0.0552263
 0.0499464
 0.0139503
 0.0788129
 -0.109246
 0.119065
 -0.0546624
 -0.0192579
 0.0472662
 -0.054432
 0.0425765
 -0.041147
 0.0661667
 -0.0190244
 0.0355588
 0.11725
 -0.0458564
 -0.076957
 0.128138
 -0.0588885
 0.0596621
 -0.102486
 0.0555575
 -0.135664
 -0.0862358
 -0.0288008
 0.181224
 -0.296788
 0.133735
 -0.255006
 0.0643786
 0.0242657
 0.0598911
 -0.0767366
 0.101875
 0.0527594
 0.0956704
 -0.157662
 0.179954
 0.0182362
 0.043071
 -0.357641
 0.210212
 0.121317
 0.0333153
 -0.0107293
 0.0897704
 -0.0929098
 -0.085484
 -0.0325062
 0.0192313
 0.0856019
 -0.186712
 -0.0641664
 -0.0136695
 0.0829121
 -0.159315
 -0.00554857
 -0.0944964
 -0.0557603
 -0.135887
 0.107007
 0.0688334
 0.0591169
 0.0498981
 0.106351
 -0.13336
 0.0667569
 -0.153573
 0.0206032
 0.0231767
 0.128229
 -0.134425
 -0.0653188
 0.000294285
 -0.113355
 0.0370786
 -0.078457
 0.109944
 -0.118533
 0.128518
 -0.135522
 -0.0375474
 0.0216454
 0.150665
 0.217532
 -0.0843834
 0.0944442
 0.00672109
 -0.0692404
 -0.0670705
 0.259564
 0.0708331
 -0.193023
 0.315063
 -0.067665
 0.17941
 -0.162898
 0.0993718
 -0.361062
 0.063306
 0.187216
 -0.101172
 0.19759
 -0.00509732
 -0.322747
 0.166968
 -0.0475584
 0.115942
 0.0740363
 0.082414
 -0.0180446
 0.0368519
 -0.107387
 -0.0801849
 -0.00744324
 0.0280984
 -0.037708
 0.00963822
 -0.0452387
 -0.157338
 0.0574408
 0.020615
 0.0380802
 -0.0512596
 0.0195153
 -0.0277913
 0.098543
 -0.0622143
 0.0732412
 -0.0344041
 0.00616755
 0.10235
 -0.0664534
 0.176732
 -0.0488979
 0.123576
 0.000425626
 -0.0480758
 -0.161121
 0.0370225
 0.121587
 0.101318
 0.174507
 -0.0824955
 -0.0294144
 -0.0182546
 -0.0435671
 0.115244
 -0.052281
 -0.0193288
 -0.0218843
 -0.0803798
 0.24223
 -0.057998
 -0.187984
 0.240294
 0.0222865
 0.0762194
 0.0812974
 0.0358164
 0.224956
 -0.230469
 0.0214843
 0.16371
 0.27458
 0.0340633
 -0.00908716
 -0.0362858
 -0.0538748
 0.0829629
 -0.147016
 0.375209
 0.0394739
 0.420985
 -0.141918
 0.404665
 0.0240377
 -0.0462625
 -0.0246791
 -0.153558
 0.121712
 -0.0458852
 0.097355
 0.102078
 -0.19493
 0.391349
 -0.0923763
 0.108595
 -0.0129507
 -0.280359
 0.0047796
 0.0898851
 -0.0471734
 0.169634
 -0.0804979
 -0.148129
 0.239058
 -0.0688971
 -0.0451198
 -0.0147851
 0.207933
 0.355834
 0.620641
 0.0821646
 0.103436
 0.119033
 0.0606792
 0.186627
 -0.0914623
 -0.0688735
 0.0420728
 -0.110631
 0.021121
 -0.123748
 0.098806
 -0.0264145
 0.0911094
 0.102864
 0.0619786
 0.0808985
 0.146684
 -0.0745243
 -0.0300484
 -0.0305831
 0.022605
 0.022981
 0.109271
 0.0392186
 -0.00440907
 -0.011214
 -0.0949349
 0.291971
 -0.277506
 0.16529
 -0.20364
 -0.122874
 0.1655
 -0.0969657
 0.0443515
 -0.142391
 0.0735944
 -0.0273445
 0.0766174
 0.201291
 0.0449217
 -0.0173027
 0.00732241
 -0.0530173
 0.163298
 -0.0170506
 -0.0988925
 0.118551
 -0.172122
 0.0826635
 -0.0464629
 0.0365975
 0.0967034
 -0.0666546
 0.229362
 0.0407028
 -0.0255433
 -0.0126957
 0.0430433
 -0.039226
 0.028871
 0.0839537
 -0.139677
 -0.0529622
 -0.121023
 0.0471481
 0.294915
 -0.0893549
 0.0452849
 -0.130216
 -0.104825
 0.0678625
 0.0379618
 0.0547365
 -0.109773
 0.267761
 0.0915615
 -0.0562246
 0.0164795
 -0.00778039
 0.0185033
 0.196215
 0.00931645
 -0.129998
 0.183154
 -0.273258
 0.106091
 0.137931
 -0.00927927
 0.15477
 -0.0111373
 0.0612092
 0.0880784
 -0.140771
 -0.0672754
 -0.0616802
 -0.117228
 0.19771
 -0.13806
 -0.00460157
 -0.00941796
 0.0387585
 0.0749384
 0.0212407
 0.159931
 0.111011
 0.0220261
 -0.0288723
 0.033369
 0.0541458
 -0.142168
 0.231853
 -0.139555
 0.035054
 0.182144
 -0.0740267
 -0.0499643
 0.0955677
 -0.0910811
 0.0031236
 -0.0106391
 0.000499677
 0.121875
 0.0225417
 -0.133289
 0.0798719
 0.0200577
 0.000774703
 -0.0914329
 0.233088
 0.0778465
 0.00403517
 -0.170785
 0.216475
 -0.0263144
 0.0480643
 -0.141255
 0.252562
 -0.0548393
 -0.152605
 0.13403
 -0.136084
 0.0327145
 0.136309
 -0.123345
 -0.198637
 0.0650064
 0.0140592
 -0.12624
 -0.00484607
 -0.127269
 0.178536
 -0.111927
 -0.0231028
 0.0390176
 -0.102652
 0.0491731
 -0.118472
 0.173351
 -0.160554
 -0.0426743
 0.0849069
 0.0640217
 0.0604846
 -0.027057
 0.101018
 -0.0448936
 -0.0155949
 0.0891
 -0.0300016
 0.0572903
 -0.295926
 0.0252676
 0.0105682
 0.0938221
 -0.0453119
 0.241444
 -0.209065
 -0.140973
 -0.0104952
 0.00441122
 -0.0601
 -0.0581302
 0.161837
 -0.200756
 -0.0489479
 -0.0698868
 0.137172
 -0.0773363
 0.131483
 -0.0926
 -0.038913
 0.154165
 -0.0520661
 -0.246238
 -0.127122
 -1.25161
 0.918651
 0.111642
 -0.311768
 -0.920477
 -0.501341
 0.0209981
 -1.00962
 -0.289763
 -0.499037
 -0.870399
 -0.405479
 -1.03469
 0.966057
 -0.392733
 0.762414
 0.949438
 -0.00936253
 0.791887
 0.344474
 -1.20141
 0.125989
 -1.0514
 0.0716005
 -0.493003
 0.0335847
 -0.353732
 -0.968551
 0.121241
 0.229234
 -0.673566
 0.0003957
 -0.229649
 -0.0949417
 -0.568659
 0.0963007
 -0.369801
 0.562728
 0.234994
 -1.92719
 1.41431
 -0.277157
 0.690818
 0.813116
 -1.0223
 0.276981
 -0.395136
 -0.330113
 0.608818
 -0.055121
 0.486262
 -0.0471254
 -0.807713
 -0.526277
 -0.242113
 0.665466
 -0.0124029
 0.998389
 0.62621
 0.334587
 -0.0291721
 0.615657
 0.642287
 0.611124
 0.705554
 0.897577
 -0.792574
 -0.440505
 0.699282
 0.51731
 0.0679843
 -0.177052
 -0.125445
 -0.825181
 -0.822697
 -0.637818
 0.269854
 -0.564333
 -0.379579
 -0.649369
 -0.649527
 0.310947
 -0.538638
 -0.253764
 0.689062
 -0.333101
 -0.115023
 -0.676131
 -0.0126138
 -0.763101
 -0.679838
 -1.01503
 -1.22442
 0.24099
 0.611412
 -0.991472
 -1.05767
 -0.242195
 -0.520509
 -0.460934
 0.166003
 -0.771914
 -0.0858795
 0.00295553
 0.421181
 -0.347735
 0.168058
 0.666894
 0.448202
 0.157779
 0.0498675
 -0.162661
 0.244091
 -0.378446
 0.0461907
 0.37763
 -0.194445
 -0.575414
 0.472004
 0.0466874
 0.550011
 0.057935
 0.415016
 -0.364333
 0.785658
 -0.270896
 1.7162
 -1.11324
 1.87588
 -0.656761
 1.29923
 -0.112714
 0.548669
 -0.190583
 0.519064
 -0.0665904
 0.564868
 -0.158098
 -0.180812
 -0.600839
 -0.3959
 0.419765
 0.526945
 1.07757
 0.0956952
 0.934601
 0.503545
 -0.281643
 0.773734
 0.900229
 0.038684
 -0.148866
 0.0354998
 -1.27591
 0.0867387
 -0.387989
 -0.69637
 -0.687909
 0.00552408
 0.292079
 0.626503
 -0.225982
 0.864237
 -0.10648
 -0.15525
 -1.32704
 -0.114379
 -0.893419
 0.380496
 0.405047
 -0.269372
 -0.136321
 0.234453
 0.116747
 0.722443
 -0.0443935
 -0.407564
 -0.421006
 0.354911
 0.25283
 -0.596262
 -0.397405
 0.18216
 0.265777
 0.605885
 -0.791413
 1.7533
 -0.401972
 -0.0458882
 1.3013
 -1.04055
 0.376259
 -0.315826
 -0.484603
 0.794375
 -1.33832
 1.0389
 0.260868
 0.731312
 0.191022
 0.919557
 0.753
 0.90788
 0.133474
 0.670979
 0.0500554
 -0.182106
 0.719626
 0.396487
 -0.0572453
 0.0901156
 -1.82513
 0.322038
 -0.384357
 1.74531
 0.184535
 2.0212
 -0.376308
 0.67905
 0.199213
 0.472615
 0.105735
 1.10782
 0.631817
 -0.363053
 0.682254
 -0.33292
 0.0892058
 -0.215609
 -0.728728
 0.0234493
 -0.096463
 0.621193
 -0.565207
 -0.671288
 0.399511
 0.0392716
 -1.21994
 0.671997
 -0.282409
 0.197979
 -0.453567
 -0.391714
 -0.0239389
 -0.0558881
 -0.819104
 -0.105177
 -0.16318
 -0.758987
 0.0637133
 -0.795794
 -0.531876
 0.798177
 -0.663185
 0.139401
 0.0459533
 -0.364229
 0.374288
 -0.207987
 -0.255155
 -0.41531
 -0.431992
 -0.945943
 -0.684545
 0.188217
 -0.205198
 0.299673
 -0.201268
 0.690311
 0.844219
 -0.755062
 1.08955
 0.121539
 0.323257
 0.582105
 0.446999
 0.603617
 0.909012
 1.20925
 0.740965
 0.4804
 -0.0285386
 0.309582
 -0.135987
 -0.0158461
 -0.144293
 0.383027
 -0.18608
 -0.300943
 -0.187517
 0.425112
 -0.810979
 0.657173
 -0.0422811
 -0.246471
 0.231291
 0.0580209
 0.765987
 -1.05847
 -0.33688
 -0.0229433
 0.682063
 0.241925
 0.199936
 -0.153503
 -0.182526
 -0.207438
 0.272245
 -0.396361
 0.94754
 -0.362245
 0.190882
 0.648498
 0.00160971
 -1.12624
 -0.168437
 -1.01277
 -0.0423559
 -0.31183
 0.368311
 0.687209
 0.0937025
 -0.0957016
 0.147217
 -0.464752
 0.0848813
 -0.203647
 -0.0922384
 0.407028
 -0.652563
 0.462803
 -0.703531
 -0.03467
 -1.26463
 -0.255251
 -0.836741
 0.111229
 0.119254
 -0.444717
 0.291352
 -1.052
 0.193397
 -0.269484
 -1.02329
 0.108644
 -1.24097
 -0.289808
 -0.264461
 -0.496336
 -0.489355
 -0.80176
 -0.807428
 0.346574
 0.117774
 -1.57622
 -0.0404105
 0.257292
 -1.62162
 -0.477629
 -1.27231
 0.185838
 -0.267047
 -0.360042
 -1.20799
 0.0106078
 0.348905
 -0.180714
 -0.278741
 -0.256812
 0.0124598
 -0.485375
 -0.444914
 -0.0754568
 -0.429339
 -0.379922
 -0.634034
 0.442119
 0.32094
 -0.186495
 -1.51775
 0.121617
 -0.578307
 -1.05491
 0.0251393
 0.297156
 0.577505
 -1.18086
 0.27208
 -1.06496
 1.31365
 -1.90652
 1.2219
 -1.29189
 1.39038
 0.169402
 0.130742
 -0.284837
 0.347895
 -0.958553
 -0.471879
 -0.422712
 -0.571659
 0.10351
 -0.0322184
 0.307216
 -0.440972
 -1.21282
 -0.45608
 0.402196
 -0.931529
 -0.36589
 0.195334
 -0.436043
 1.72497
 -1.03192
 -0.632078
 -0.871485
 1.29843
 -0.991858
 0.466659
 -2.06925
 0.389862
 -1.02906
 0.224574
 -0.434376
 -0.206299
 1.15143
 -1.09895
 0.862853
 0.153201
 -0.563687
 -0.96961
 -0.0282253
 0.0708052
 -0.617355
 0.309626
 0.747221
 0.15724
 0.428586
 0.877452
 -1.44614
 -0.041988
 0.0154208
 -0.207354
 -1.86165
 1.0093
 -2.00128
 -0.254949
 -0.512881
 -0.593825
 0.241289
 -0.303059
 0.426326
 -0.201846
 -0.109723
 -0.281329
 -1.39752
 0.992445
 -0.426183
 -0.110135
 0.396836
 -0.867838
 -0.173024
 -0.634916
 -0.600708
 -0.168572
 -0.395549
 -0.821407
 0.416889
 -0.15443
 -0.326676
 -0.196242
 0.868717
 -0.0768364
 0.471269
 0.82073
 0.947548
 -0.203117
 -0.502089
 1.04127
 0.17391
 0.330399
 0.191269
 -0.0059704
 0.928732
 -0.131363
 0.727088
 0.0360376
 0.113745
 -0.63463
 -1.77016
 -0.0338757
 -2.19524
 -0.984156
 -1.97117
 -0.322564
 -0.538944
 0.0394023
 -0.239374
