 0
 0
 -0.517193
 0.03943
 -0.533171
 -0.00416897
 0.307847
 0.78701
 1.05985
 0.873805
 0.536554
 0.497391
 -0.525786
 -0.107646
 0.199146
 -0.607187
 -1.32304
 -1.4124
 -1.75009
 -0.838875
 -1.07291
 0.0408333
 0.1659
 0.41517
 1.55277
 0.683283
 1.10788
 0.893429
 0.629987
 1.65623
 1.23368
 0.617008
 -0.278514
 0.394531
 0.363211
 0.244247
 1.00779
 1.53812
 2.03841
 0.476059
 0.727024
 1.14875
 0.853964
 0.601844
 -0.16054
 0.852133
 0.420284
 0.571691
 1.32561
 2.53075
 2.00106
 1.17817
 0.135589
 -0.708514
 -0.894299
 1.35442
 0.102912
 0.234143
 -0.209663
 -0.696068
 -1.30727
 -0.661673
 0.904356
 0.360518
 0.653801
 0.601481
 0.363226
 2.12651
 1.69494
 0.292542
 0.586347
 1.0976
 1.09331
 2.30112
 1.84316
 2.61264
 2.37269
 1.72303
 1.86385
 1.57997
 1.19892
 1.29894
 1.75062
 2.72179
 2.54915
 2.86211
 2.33113
 2.33987
 2.05411
 1.28386
 2.15198
 1.80245
 1.89992
 1.98587
 1.95829
 2.31991
 1.91649
 2.6293
 1.43548
 0.829261
 1.63891
 0.0715028
 -0.176868
 0.0167918
 -0.676473
 -0.0577499
 0.192306
 0.342691
 -0.199023
 0.0212249
 0.0201484
 -0.0618847
 0.740591
 0.362964
 1.35362
 0.440426
 0.577547
 -0.336001
 0.611915
 0.143415
 -1.83527
 -0.394796
 -0.515305
 -0.985023
 -0.732927
 -1.32822
 -0.596131
 -0.962486
 -1.12569
 -0.397622
 -0.270237
 0.103212
 -0.297614
 -0.581105
 0.103194
 -0.151411
 0.910361
 0.350526
 0.4883
 -0.227612
 -0.0737374
 0.124874
 1.50823
 0.319776
 0.94325
 1.39299
 0.719761
 0.737677
 -0.286527
 -0.445943
 0.104152
 0.230405
 -0.636087
 -0.692448
 -1.15176
 -0.357591
 -1.0319
 -1.31778
 0.0475582
 -0.602089
 -0.980375
 0.367318
 0.530868
 0.525759
 -0.0418657
 -0.447456
 -0.106701
 -1.05268
 -0.978469
 0.0142032
 -1.86562
 -0.860037
 -1.79521
 -1.12929
 -0.798896
 -0.95532
 -0.978169
 -0.507884
 0.0908492
 -0.702311
 -0.83264
 -0.654857
 -0.919056
 -0.038445
 0.700113
 0.703367
 -0.100849
 0.092261
 -0.446266
 0.387924
 0.845399
 1.36859
 0.72174
 0.750186
 0.93648
 0.712298
 0.116503
 -0.0617919
 -0.0405091
 -0.985801
 -0.378404
 -0.333112
 -0.896754
 -0.562594
 -0.159889
 -0.488089
 0.116009
 -0.384392
 0.534038
 -0.583089
 -0.0883316
 -0.362674
 -0.23022
 0.245147
 -0.519201
 0.00391083
 -0.224485
 -0.376397
 -0.741019
 0.55885
 -0.55433
 -0.398756
 -0.0141182
 -0.743598
 0.380248
 -0.148141
 0.26299
 0.541011
 -0.13618
 0.702385
 1.34485
 1.12023
 0.906379
 1.16632
 1.2185
 0.485994
 -0.414739
 -0.7216
 0.305919
 0.0465861
 -0.159765
 -1.48324
 -1.48318
 -2.26743
 -0.995918
 -1.49778
 -0.485733
 -0.328874
 0.477374
 0.731243
 0.75129
 0.642825
 0.757658
 0.00402399
 0.241481
 -0.192712
 0.20502
 0.686694
 1.2798
 0.198178
 -1.54353
 -0.621455
 -0.438615
 0.359964
 0.850825
 0.728553
 0.344665
 0.837193
 -0.159916
 0.329361
 -1.04129
 -1.87885
 -2.15179
 -2.19378
 -2.65456
 -2.08143
 -2.59136
 -1.8184
 -0.44189
 -0.319969
 -0.781291
 -0.277635
 1.08493
 1.10661
 1.13765
 1.3085
 1.53252
 1.07836
 0.21132
 -0.256746
 -0.686958
 -0.143359
 0.441319
 2.03166
 0.671461
 0.817571
 0.037341
 -0.00948745
 -0.470903
 -1.12272
 -1.13032
 -2.09171
 -2.65765
 -2.86489
 -1.90808
 -2.36157
 -1.89077
 -2.38527
 -2.04799
 -2.05178
 -1.42455
 -1.5095
 -0.603638
 -0.521534
 -0.910102
 -1.85715
 -1.77375
 -2.23242
 -1.25261
 -2.23833
 -2.10029
 -0.794353
 -0.0815768
 0.369881
 1.40032
 1.41804
 1.41032
 1.332
 0.808039
 -0.31161
 0.750142
 0.810905
 1.03495
 -1.35301
 -0.384381
 -1.12568
 -0.716293
 -0.0222788
 -0.881886
 -0.538912
 -0.335036
 0.0517907
 -0.178853
 0.583152
 0.710421
 0.745102
 0.334236
 -0.272231
 0.475912
 -0.520266
 -0.146659
 1.0338
 0.0911008
 0.534856
 0.336782
 0.515601
 1.02997
 0.891374
 0.264389
 0.696797
 0.889024
 0.592023
 0.61345
 0.412875
 -0.933981
 -0.10354
 -0.710926
 -0.200949
 -0.717622
 -0.169724
 0.314161
 0.778273
 1.36942
 1.64936
 1.20946
 -0.0546737
 0.434007
 1.2608
 1.17984
 1.74729
 1.07132
 1.40128
 0.775769
 0.82768
 -0.0868635
 0.715255
 0.783598
 -0.618559
 -1.16462
 0.170409
 -0.54672
 0.601259
 0.123929
 0.959558
 1.62425
 1.0302
 0.997686
 1.31687
 1.81182
 2.3571
 1.59036
 1.28588
 0.977366
 0.047951
 -0.149425
 0.348752
 1.03922
 0.679421
 -0.537372
 -1.37876
 -2.29647
 -1.57425
 -1.62909
 -1.55675
 -0.367954
 0.895097
 0.619977
 0.170652
 0.299178
 0.240513
 0.213968
 -1.60805
 -1.70611
 -0.371788
 0.580338
 0.227295
 0.982109
 0.832455
 0.446694
 -0.232099
 0.501561
 1.0052
 0.0192294
 0.695844
 0.7015
 0.475375
 -0.425475
 0.342029
 0.575366
 -0.00645513
 0.472693
 1.35892
 0.577555
 -0.531906
 -0.874883
 -1.40009
 -0.764382
 -0.980272
 -1.38756
 -1.39719
 -1.62482
 -0.499299
 -0.869112
 -0.881823
 -0.101253
 -0.442311
 -0.092553
 -0.841768
 -1.44096
 -0.784156
 -0.430995
 0.041147
 -0.888926
 -0.421648
 -0.691325
 -0.315885
 0.134249
 0.370963
 0.491911
 -0.260437
 0.429131
 -1.57137
 -0.45356
 -0.0910029
 -1.38384
 -0.75598
 -1.0533
 -0.448178
 0.439425
 -0.358589
 -0.0599004
 0.291642
 -1.01086
 -0.351986
 -0.515566
 -1.03556
 -0.815111
 -1.39941
 -0.818296
 -1.34037
 0.8598
 0.969481
 1.00049
 2.01495
 0.612924
 0.567577
 -0.182306
 -0.300938
 -1.08938
 0.151
 -0.76831
 0.517018
 -0.191046
 -0.477281
 0.016305
 1.15859
 1.31475
 0.736036
 1.09176
 1.24169
 0.968323
 1.32146
 1.36809
 1.54248
 -0.134425
 -0.155637
 -0.616784
 -1.34944
 -1.11179
 -1.14238
 -1.13825
 1.00913
 0.561915
 1.20686
 0.766501
 0.800664
 0.328569
 0.43222
 1.4563
 0.519404
 -0.0830921
 0.832558
 0.588462
 0.410757
 0.462481
 0.660489
 0.493464
 0.535102
 -0.252655
 -0.592981
 1.60455
 -0.225427
 -0.268394
 -0.796256
 -1.33393
 0.357195
 0.133336
 0.372373
 0.692107
 -0.38314
 -0.200619
 -0.712129
 -0.160523
 0.739625
 1.1284
 1.02595
 -0.347153
 -0.41501
 -1.1416
 -1.3196
 -1.18308
 -0.463675
 -0.950022
 -1.1447
 -1.19989
 -1.4037
 -1.665
 -0.0714773
 0.698212
 -0.160506
 -0.843828
 -0.808227
 0.209158
 -0.0247697
 0.964932
 1.56987
 1.56743
 0.0931679
 0.558013
 1.02696
 1.10266
 1.12545
 0.355114
 0.42699
 0.765577
 -0.242073
 -0.0115709
 0.463183
 0.836976
 0.465293
 0.983341
 1.26273
 1.57043
 1.96829
 0.936472
 -0.378462
 0.679664
 1.5724
 1.25861
 1.02044
 0.919133
 0.298162
 0.670289
 0.672714
 0.174983
 -0.184364
 0.0381307
 -0.0704324
 -0.763527
 -1.04343
 -0.577198
 -0.38571
 0.0709067
 -0.193888
 0.242751
 0.262902
 -0.230254
 -0.221674
 0.751502
 -0.105352
 -0.0168626
 -0.857142
 -0.623495
 -0.468104
 -0.01249
 -0.807954
 -0.155202
 -1.7991
 0.0754748
 -1.46892
 -0.512597
 -1.38482
 -0.767481
 -0.721386
 -0.441949
 -0.765359
 -0.390689
 -0.882153
 -0.0788955
 0.339094
 0.831384
 0.981573
 -0.118192
 -0.535397
 -1.59562
 -1.16043
 -1.40656
 -1.24086
 -0.478651
 -0.719585
 -1.58936
 -0.802252
 -0.291223
 0.0210642
 1.36497
 0.902382
 0.53858
 1.09879
 1.31029
 0.718024
 -0.00771257
 -0.80804
 -0.299135
 -0.976112
 -0.628736
 -0.0143183
 1.55544
 1.09055
 1.14109
 0.454553
 -0.418156
 -0.078223
 0.502694
 -0.150282
 -0.300552
 -1.01617
 -0.49381
 0.399974
 0.56588
 0.0849002
 -0.455506
 0.618099
 0.68657
 0.228689
 -0.169247
 -0.767441
 0.403043
 -1.46742
 -0.687955
 0.0221515
 -1.39929
 0.204262
 -0.16593
 0.0951202
 0.98379
 -0.288217
 1.19399
 -0.511427
 -0.560197
 -1.31122
 -0.954427
 -1.40525
 -1.44644
 -1.71805
 -1.12506
 -1.23952
 -0.758738
 -0.15938
 -0.748194
 -1.15798
 -0.436273
 -0.25247
 1.7503
 0.994668
 0.400582
 -1.56945
 -1.02403
 -2.29288
 -0.845842
 -1.01972
 -0.730955
 -0.974948
 -0.628903
 -1.31022
 -1.65868
 -0.408061
 -0.619178
 -0.134572
 -0.0440511
 0.492241
 0.921442
 0.498418
 0.222996
 -0.443485
 0.131597
 1.08352
 0.265805
 -0.349255
 1.24421
 0.16106
 0.141755
 -0.0893443
 0.458953
 0.817959
 0.473243
 0.22391
 1.13947
 0.716057
 0.509643
 1.02373
 0.561845
 0.851551
 1.38632
 -0.375354
 0.442609
 0.195673
 -0.120622
 0.310807
 -0.18463
 0.233494
 0.111345
 0.643061
 1.05754
 1.38422
 1.54109
 0.603568
 0.322616
 -0.0991829
 -0.0221349
 -0.495129
 -1.34562
 0.237142
 -1.01747
 -0.870105
 -0.562746
 -0.871634
 -1.02164
 -1.18772
 -1.61535
 -1.84172
 -1.85885
 -1.38562
 -0.51989
 -0.563863
 -0.216582
 0.0225153
 0.259796
 -0.369398
 -0.0261591
 0.627578
 0.390178
 -0.255365
 0.642263
 -0.230869
 -0.322067
 0.0810085
 0.121435
 -0.109887
 -1.12333
 0.525769
 1.08973
 0.57807
 -0.624515
 -0.813756
 -0.380249
 -0.0383354
 0.30127
 0.51059
 -0.091516
 0.248437
 -0.634179
 -0.294417
 -0.42071
 -0.833871
 -0.523282
 1.12253
 1.05971
 1.20558
 0.816827
 0.545826
 0.250166
 -1.04818
 -0.607518
 0.0728575
 -0.287444
 0.407479
 0.255103
 0.292535
 0.447299
 -0.165551
 0.572239
 -0.310322
 0.752797
 0.530828
 1.55159
 1.29113
 1.26019
 0.507149
 0.0200662
 0.410557
 -0.12421
 1.16267
 0.376285
 0.38049
 1.43308
 0.704647
 1.37666
 1.23504
 0.585235
 0.978217
 1.09151
 1.15725
 1.51705
 0.53989
 -0.13775
 1.60785
 1.29472
 -0.141674
 1.56683
 1.60623
 1.72944
 0.94595
 0.348784
 0.67171
 1.51434
 0.983081
 -0.0593988
 0.122282
 0.179234
 0.527369
 0.308657
 0.516507
 0.931182
 0.683349
 0.71609
 0.866208
 1.17581
 0.0816334
 -0.592485
 -0.00167118
 1.64301
 1.0124
 0.645969
 1.56717
 1.00226
 0.00806502
 -0.687823
 0.882999
 0.444537
 1.15113
 -0.705276
 1.24695
 -0.227775
 0.73765
 -1.007
 -0.895167
 -0.542305
 0.28708
 -0.475606
 1.02673
 0.902144
 1.12896
 1.11697
 0.319102
 0.238517
 -0.246007
 0.464095
 1.5444
 1.35974
 0.12105
 0.852479
 1.24648
 0.166844
 0.43673
 -1.36759
 -0.0696319
 1.06436
 1.48079
 -0.577148
 0.432567
 -0.324885
 1.76452
 1.27125
 0.877527
 0.62804
 0.433405
 0.635737
 -0.842042
 0.461966
 -0.354282
 -0.568866
 0.222766
 1.35077
 0.944954
 0.197824
 0.712476
 0.158584
 -0.767955
 -0.701551
 -0.694542
 -1.28896
 0.686263
 0.905018
 0.205456
 0.268296
 1.87487
 0.13943
 1.60526
 1.49924
 1.00896
 1.29568
 0.208366
 0.17527
 -0.446835
 0.0211336
 0.130786
 0.301628
 1.72768
 -0.174118
 0.00502443
 0.446951
 -0.536015
 0.718803
 0.959324
 1.07153
 1.13141
 0.849085
 0.768275
 1.30054
 0.424699
 0.062174
 0.32779
 0.746394
 -0.610934
 -0.472773
 -0.722397
 -1.18201
 -1.87727
 -0.642213
 0.308602
 -0.910603
 -0.746653
 -0.866647
 -0.410904
 -0.3055
 -1.21136
 -0.445977
 -1.00553
 -0.890931
 -0.193045
 0.526785
 2.08622
 1.2066
 2.13209
 2.06695
 2.29501
 1.39116
 1.03852
 0.416733
 0.465449
