 0.118959
 -1.34836
 -0.489414
 0.194714
 -0.668274
 0.11604
 0.240233
 0.731067
 1.08264
 0.937518
 0.310737
 0.4173
 -0.397913
 -0.100752
 0.200037
 -0.737514
 -1.3003
 -1.35939
 -1.69791
 -1.01283
 -0.900352
 0.104093
 -0.0667075
 0.532577
 1.52926
 0.676419
 0.85826
 0.926351
 0.615134
 1.46943
 1.19681
 0.590874
 -0.170785
 0.33827
 0.132358
 0.42728
 0.804775
 1.72455
 1.94962
 0.653093
 0.626526
 0.961732
 0.798113
 0.626745
 -0.353105
 0.907123
 0.401125
 0.607816
 1.13072
 3.06549
 1.93313
 1.23461
 0.00460624
 -0.477481
 -0.799491
 1.20941
 0.294968
 0.262659
 -0.225406
 -0.66142
 -1.35996
 -0.594511
 0.883357
 0.273101
 0.721193
 0.360219
 0.318017
 2.23894
 1.6181
 0.0924004
 0.821683
 0.874114
 1.15057
 2.44666
 1.97563
 2.98681
 2.47194
 1.63961
 1.9864
 1.55848
 1.28521
 1.22133
 1.90101
 3.06986
 2.97693
 3.39737
 2.62287
 2.58363
 2.29348
 1.38805
 2.28578
 1.78891
 2.07489
 2.05709
 1.9701
 2.45738
 1.84417
 3.02521
 1.46652
 0.934574
 1.58369
 0.0215564
 -0.190818
 -0.0620211
 -0.567226
 -0.176814
 0.246968
 0.361949
 -0.24629
 0.0756569
 -0.0224281
 -0.0207377
 0.674425
 0.381989
 1.31807
 0.323176
 0.623403
 -0.259043
 0.483778
 0.202304
 -1.89493
 -0.29231
 -0.570863
 -0.849359
 -0.646691
 -1.29942
 -0.777355
 -0.665698
 -1.25942
 -0.142616
 -0.334616
 0.0789464
 -0.357505
 -0.504368
 0.00131976
 -0.20417
 0.814691
 0.508188
 0.308345
 -0.245848
 -0.116808
 0.482515
 1.29802
 0.198459
 0.909935
 1.40372
 0.62999
 0.830587
 -0.201043
 -0.413437
 0.0849207
 0.144803
 -0.449375
 -0.628282
 -1.13809
 -0.440503
 -0.872585
 -1.31223
 0.142055
 -0.546328
 -0.844488
 0.26031
 0.462034
 0.466642
 -0.0917639
 -0.553807
 0.0266591
 -1.11944
 -0.824897
 -0.00639998
 -1.88879
 -0.988266
 -1.66079
 -1.06397
 -0.799191
 -0.841964
 -1.01525
 -0.429427
 -0.0190944
 -0.583778
 -0.961158
 -0.519335
 -0.881508
 -0.0600904
 0.549448
 0.485835
 -0.016466
 -0.0021832
 -0.452987
 0.457164
 0.912469
 1.10903
 0.650907
 0.943209
 0.621417
 0.779963
 -0.0629067
 0.101106
 -0.139881
 -0.624739
 -0.44171
 -0.520327
 -0.795581
 -0.760184
 -0.154792
 -0.165342
 -0.0509586
 -0.336833
 0.418096
 -0.657125
 -0.170746
 -0.344629
 -0.267072
 0.352534
 -0.439016
 0.0113541
 -0.252584
 -0.338689
 -0.750657
 0.604089
 -0.396992
 -0.456197
 -0.0347332
 -0.781678
 0.431508
 -0.167657
 0.290782
 0.442468
 -0.0739654
 0.629144
 1.37926
 1.11407
 0.804029
 1.23277
 1.04177
 0.534892
 -0.538315
 -0.722026
 0.353995
 0.207707
 -0.196788
 -1.60483
 -1.5845
 -2.44194
 -0.913422
 -1.46837
 -0.467478
 -0.285307
 0.36213
 0.783524
 0.770619
 0.664709
 0.838037
 -0.238206
 0.299479
 -0.00472848
 -0.0352738
 0.664408
 1.20358
 0.11688
 -1.57934
 -0.846411
 -0.208147
 0.33848
 0.687116
 0.453973
 0.310602
 0.84628
 -0.12363
 0.383236
 -1.12425
 -1.73183
 -2.527
 -2.23325
 -3.07554
 -1.93951
 -2.99602
 -1.84244
 -0.395628
 -0.29529
 -0.627733
 -0.399347
 1.13081
 1.00925
 1.03557
 1.50343
 1.14117
 1.17073
 0.102725
 -0.243795
 -0.4066
 -0.148139
 0.351434
 2.07883
 0.501827
 0.898069
 0.18547
 -0.248546
 -0.402005
 -1.0776
 -1.11554
 -2.29965
 -3.01348
 -3.48553
 -1.99025
 -2.465
 -2.0098
 -2.44595
 -2.23462
 -1.96032
 -1.35568
 -1.55157
 -0.493007
 -0.542655
 -0.786354
 -1.95596
 -1.74733
 -2.32353
 -1.35548
 -2.30031
 -2.18119
 -0.941037
 -0.00705252
 0.399929
 1.4309
 1.39544
 1.38733
 1.22273
 0.768821
 -0.307201
 0.761356
 0.90584
 0.742981
 -1.0755
 -0.549671
 -0.922043
 -0.593419
 -0.187779
 -0.78492
 -0.583264
 -0.192645
 -0.0218037
 -0.151508
 0.506535
 0.509131
 0.70018
 0.351539
 -0.279553
 0.528929
 -0.683564
 -0.129608
 1.13269
 -0.0274499
 0.706978
 0.254118
 0.562064
 0.993374
 0.794671
 0.331044
 0.467435
 0.848321
 0.617566
 0.626146
 0.369832
 -0.894755
 -0.132411
 -0.794879
 -0.0612721
 -0.66466
 -0.0487006
 0.267013
 0.483358
 1.45877
 1.60407
 1.33968
 0.0501514
 0.366144
 1.22283
 1.12511
 1.85706
 0.803559
 1.30971
 0.831993
 0.8112
 -0.0790831
 0.696751
 0.587384
 -0.627875
 -1.03463
 -0.012745
 -0.273462
 0.495168
 -0.0140016
 0.968838
 1.46948
 1.04134
 0.936477
 1.2288
 1.95259
 2.42438
 1.65204
 1.40311
 0.779656
 0.186011
 -0.144823
 0.35817
 1.00047
 0.604483
 -0.558612
 -1.53869
 -2.40748
 -1.59627
 -1.60022
 -1.59012
 -0.4221
 1.03726
 0.388124
 0.310208
 0.264124
 0.0583689
 0.287994
 -1.55808
 -1.80168
 -0.280707
 0.577214
 0.237934
 0.98161
 0.71058
 0.424152
 -0.0988099
 0.421689
 0.985144
 0.0184547
 0.787277
 0.468412
 0.397529
 -0.42951
 0.512815
 0.358891
 0.0198593
 0.424629
 1.50017
 0.324994
 -0.477067
 -0.722278
 -1.53412
 -0.628298
 -1.01299
 -1.52387
 -1.27385
 -1.42619
 -0.564306
 -0.883171
 -0.755582
 -0.0964069
 -0.315042
 -0.271089
 -0.729841
 -1.41785
 -0.823174
 -0.328343
 -0.0080261
 -0.770455
 -0.594999
 -0.530771
 -0.273211
 0.0493422
 0.306941
 0.431427
 -0.23338
 0.328113
 -1.52647
 -0.437965
 -0.180103
 -1.35384
 -0.81327
 -0.757379
 -0.473445
 0.428857
 -0.452411
 -0.0145885
 0.0501982
 -0.8018
 -0.211013
 -0.50507
 -1.03998
 -0.755011
 -1.34128
 -0.980133
 -1.13962
 0.908748
 1.03937
 0.86332
 2.09228
 0.481441
 0.660177
 -0.143393
 -0.455103
 -1.03732
 0.397238
 -0.641188
 1.76862
 -1.1097
 -0.588923
 0.328073
 2.07907
 1.81609
 0.715038
 2.10138
 1.53146
 1.46736
 2.19186
 1.77357
 2.57716
 -1.10048
 0.237095
 -1.3792
 -2.29888
 -1.10243
 -1.93427
 -1.48273
 2.21054
 0.435926
 2.25825
 0.6949
 1.29367
 0.294985
 0.785953
 2.42485
 0.398163
 -0.312326
 1.50612
 0.588066
 0.640406
 0.557423
 1.22915
 0.397163
 0.904903
 -0.815383
 -0.827975
 3.53175
 -1.63974
 0.00876323
 -1.48707
 -2.14705
 1.3795
 -0.143645
 0.767508
 1.02222
 -0.991957
 -0.145498
 -1.19839
 -0.113398
 1.54734
 1.65468
 1.26807
 -1.01262
 -0.402607
 -2.13999
 -1.94581
 -1.51767
 -0.434502
 -1.56568
 -1.78698
 -1.81102
 -2.10925
 -2.56257
 0.721096
 1.13872
 -0.859788
 -1.36114
 -0.876212
 0.38621
 0.100676
 1.79011
 2.39257
 2.20524
 -0.176686
 1.12235
 1.40654
 1.75203
 1.77497
 0.0441677
 0.965628
 1.01934
 -0.931135
 0.32153
 0.578205
 1.51311
 0.477907
 1.74644
 1.94256
 2.58546
 3.19272
 0.695482
 -0.989874
 1.67114
 2.63007
 1.50081
 1.54095
 1.38007
 0.132159
 1.4422
 0.758594
 0.172027
 -0.605545
 0.385865
 -0.238491
 -1.43042
 -1.49163
 -0.734977
 -0.435577
 0.233568
 -0.437979
 0.621197
 0.216711
 -0.607884
 -0.0272296
 1.32692
 -0.577356
 -0.06355
 -1.40715
 -0.68143
 -0.88312
 0.351843
 -1.59361
 0.115695
 -3.5153
 1.18872
 -3.3448
 0.144164
 -2.68405
 -0.654767
 -1.27006
 -0.251367
 -1.28442
 -0.324099
 -1.44702
 0.079203
 0.519907
 1.43222
 1.37747
 -0.537957
 -1.06234
 -2.67319
 -1.25613
 -2.34116
 -1.74441
 -0.197008
 -1.49332
 -2.48959
 -0.840936
 -0.142357
 -0.0144356
 2.64088
 0.815643
 0.926569
 1.79516
 1.9982
 0.7125
 -0.299792
 -1.43454
 -0.0731531
 -1.84035
 -0.522256
 0.140932
 2.88248
 1.20493
 2.03451
 0.074057
 -0.823203
 0.191149
 0.639015
 -0.384735
 -0.4173
 -1.73861
 -0.449417
 0.807538
 0.986886
 -0.27001
 -0.708336
 1.21436
 1.08398
 0.0465285
 -0.435024
 -1.37333
 1.19446
 -3.22072
 -0.285983
 0.0680397
 -2.7006
 1.24482
 -0.542189
 0.410947
 1.46839
 -1.08259
 2.5323
 -1.55033
 -0.821065
 -2.04254
 -1.14545
 -2.32481
 -2.19944
 -2.62593
 -1.25854
 -1.91049
 -0.808794
 0.022726
 -1.46782
 -1.55447
 -0.379028
 -0.342586
 3.57542
 0.67263
 0.784939
 -3.31476
 -1.20857
 -4.31408
 -0.469534
 -1.69877
 -0.930168
 -1.44756
 -0.734638
 -2.41805
 -2.2905
 -0.0450086
 -1.30143
 0.198348
 -0.133257
 0.70785
 1.65017
 0.474969
 0.319459
 -1.06468
 0.696804
 1.75481
 -0.133706
 -0.388526
 2.46414
 -0.510937
 0.424163
 -0.287324
 0.912519
 1.20967
 0.497182
 0.279798
 1.95858
 0.821234
 0.672823
 1.78271
 0.498131
 1.64735
 1.9182
 -1.17353
 1.10579
 0.0562719
 -0.166575
 0.675036
 -0.558918
 0.441481
 0.3665
 1.05837
 1.48953
 2.33016
 2.22563
 0.415352
 0.527813
 -0.398855
 0.179133
 -1.18544
 -2.18984
 0.992204
 -2.10702
 -0.991643
 -0.886004
 -1.45374
 -1.46864
 -1.79134
 -2.52436
 -3.05097
 -2.59981
 -1.86602
 -0.491351
 -0.873444
 -0.0805957
 0.0383614
 0.404089
 -0.752425
 0.159921
 0.92852
 0.577696
 -0.680476
 1.45324
 -0.888042
 -0.279786
 0.32748
 -0.109855
 -0.167908
 -1.88932
 1.58424
 1.42661
 0.601013
 -1.30658
 -1.05568
 -0.580184
 0.115168
 0.483796
 0.718029
 -0.363761
 0.644798
 -1.58172
 0.0678286
 -0.611592
 -1.48237
 -0.524892
 2.24877
 1.22815
 2.21834
 0.859183
 0.857657
 -0.118146
 -1.73538
 -0.70122
 0.168559
 -0.434662
 0.872231
 0.170222
 0.496183
 0.539537
 -0.572579
 1.2248
 -0.773125
 1.45633
 0.565498
 2.81622
 1.54638
 2.09693
 0.39592
 -0.0991875
 0.855274
 -0.415563
 2.21467
 0.182888
 0.649974
 2.45638
 0.596003
 2.61762
 1.52485
 0.849697
 1.47455
 1.58087
 1.95901
 2.32448
 0.193315
 -0.255524
 3.18406
 1.33513
 -0.398966
 3.18845
 2.08386
 3.00174
 0.760112
 0.615832
 1.03175
 2.72233
 0.972473
 -0.408303
 0.302996
 0.457975
 0.784181
 0.296197
 1.00188
 1.3761
 0.758805
 1.14543
 1.24613
 1.80985
 -0.360485
 -0.913425
 0.184824
 3.16076
 0.89078
 1.22428
 2.62208
 0.977118
 -0.289091
 -1.26533
 2.06386
 0.172456
 2.2161
 -2.01893
 3.15347
 -1.44967
 2.02954
 -2.39738
 -1.06457
 -0.673046
 0.571917
 -0.823501
 1.98528
 1.37402
 1.55167
 1.68863
 0.215593
 0.270735
 -0.553224
 0.905067
 2.75722
 1.81582
 -0.281146
 1.78401
 1.61237
 -0.0284902
 0.872774
 -3.09256
 0.962293
 1.69644
 2.35227
 -1.87558
 1.42442
 -0.791544
 3.83377
 0.881383
 1.90659
 0.403466
 0.867782
 0.842036
 -1.99347
 1.56092
 -1.21713
 -0.722067
 0.786454
 2.32038
 0.973179
 0.127019
 1.32983
 -0.151041
 -1.51518
 -0.858791
 -1.12313
 -2.16641
 2.13241
 0.947006
 0.190035
 0.47565
 3.73652
 -0.869866
 3.60654
 1.75418
 1.52184
 1.8895
 -0.0329237
 0.478329
 -0.873161
 0.22298
 0.240509
 0.582957
 3.1252
 -1.16656
 0.431207
 0.557086
 -0.93285
 1.58664
 1.13235
 1.70645
 1.73212
 1.01766
 1.16382
 2.12195
 0.00780986
 0.216604
 0.654466
 0.942636
 -1.47965
 -0.395937
 -1.19367
 -2.00274
 -2.82482
 -0.439096
 0.810691
 -1.95188
 -0.920563
 -1.19705
 -0.602173
 -0.29953
 -2.1401
 -0.314614
 -1.73262
 -0.926969
 -0.30679
 1.16141
 3.85638
 1.24048
 4.32734
 3.05111
 4.26618
 1.71373
 1.57747
 0.377331
 0.704823
