 -1.08424
 -0.625488
 -0.0497714
 -0.406067
 -0.0728537
 0.253173
 0.808343
 1.10127
 0.880729
 0.546999
 0.450989
 -0.431209
 -0.166302
 0.108929
 -0.559385
 -1.40891
 -1.56403
 -1.87133
 -1.01252
 -1.04029
 -0.0135894
 0.121168
 0.422124
 1.44718
 0.780412
 1.16842
 0.924367
 0.646104
 1.55855
 1.30725
 0.653573
 -0.111151
 0.377408
 0.305129
 0.196991
 1.04005
 1.52704
 2.10564
 0.742044
 0.795564
 1.1738
 0.864386
 0.569555
 0.0117228
 0.762142
 0.448486
 0.58706
 1.36278
 2.69979
 2.28433
 1.33688
 0.342007
 -0.67204
 -0.820668
 1.01617
 0.29438
 0.199844
 -0.1254
 -0.640261
 -1.35082
 -0.772417
 0.748612
 0.408189
 0.67089
 0.566785
 0.358663
 1.96021
 1.85201
 0.563362
 0.627768
 1.15299
 1.20705
 2.26635
 2.1337
 2.91318
 2.73773
 2.05591
 2.00128
 1.76165
 1.33562
 1.44111
 1.83856
 3.17389
 3.01472
 3.53725
 2.84671
 2.70612
 2.3601
 1.51073
 2.18701
 2.03615
 2.06955
 2.18557
 2.18725
 2.47245
 2.24602
 2.89447
 1.70521
 0.972985
 1.61704
 0.244053
 -0.141331
 -0.0536114
 -0.576763
 -0.127161
 0.121608
 0.268821
 -0.0832838
 -0.0424432
 -0.000309962
 -0.0671595
 0.725839
 0.373139
 1.27325
 0.568088
 0.566975
 -0.178222
 0.588486
 0.144817
 -1.76385
 -0.503839
 -0.472005
 -0.969141
 -0.76762
 -1.35662
 -0.735542
 -0.941336
 -1.13837
 -0.488312
 -0.248307
 0.019363
 -0.226725
 -0.5197
 0.0296247
 -0.122679
 0.828631
 0.381919
 0.437574
 -0.116571
 -0.120747
 0.0801285
 1.40134
 0.497581
 0.962549
 1.40941
 0.776207
 0.747522
 -0.165403
 -0.386706
 0.0329901
 0.149473
 -0.570911
 -0.650697
 -1.18209
 -0.467024
 -1.06609
 -1.3817
 -0.0435197
 -0.524883
 -0.942646
 0.308751
 0.505243
 0.472408
 0.0442934
 -0.365298
 -0.204152
 -0.987342
 -0.992021
 -0.0974012
 -1.55623
 -1.08369
 -1.77451
 -1.23751
 -0.854716
 -0.928022
 -0.941238
 -0.602081
 -0.000662376
 -0.641525
 -0.78041
 -0.730045
 -0.850393
 -0.0915294
 0.692934
 0.684333
 0.015429
 0.0360419
 -0.338514
 0.372831
 0.883248
 1.39497
 0.72848
 0.77939
 0.977322
 0.709422
 0.232472
 -0.0846476
 -0.0523438
 -0.976078
 -0.44044
 -0.377877
 -0.843706
 -0.609526
 -0.244787
 -0.406365
 0.0379183
 -0.301632
 0.49458
 -0.498891
 -0.16761
 -0.324789
 -0.26335
 0.168809
 -0.406975
 -0.0735525
 -0.189841
 -0.363093
 -0.642827
 0.456129
 -0.471385
 -0.401692
 -0.103251
 -0.654586
 0.315598
 -0.0284763
 0.214818
 0.499809
 -0.0110003
 0.71092
 1.32251
 1.17825
 0.962235
 1.22839
 1.29505
 0.52251
 -0.30787
 -0.666224
 0.258441
 0.0740242
 -0.118624
 -1.32801
 -1.69534
 -2.30372
 -1.21534
 -1.55111
 -0.576863
 -0.355159
 0.467771
 0.744045
 0.744276
 0.62611
 0.756441
 0.171467
 0.1827
 -0.0921092
 0.150516
 0.695613
 1.26868
 0.352528
 -1.26315
 -0.750292
 -0.511374
 0.34449
 0.867518
 0.720131
 0.317706
 0.841925
 0.0171111
 0.261501
 -0.888662
 -1.93339
 -2.30541
 -2.65239
 -3.04081
 -2.60729
 -2.93385
 -2.11451
 -0.530932
 -0.35643
 -0.700989
 -0.32918
 0.918596
 1.16834
 1.2289
 1.38733
 1.64646
 1.15159
 0.386778
 -0.191212
 -0.597642
 -0.195137
 0.47748
 1.82003
 0.889297
 0.87895
 0.199187
 0.00259504
 -0.437439
 -1.156
 -1.20709
 -2.09737
 -3.50823
 -3.53411
 -2.39659
 -2.569
 -2.27479
 -2.58063
 -2.45456
 -2.38884
 -1.56058
 -1.63368
 -0.7297
 -0.523026
 -0.927782
 -1.7627
 -2.09153
 -2.33888
 -1.53346
 -2.24705
 -2.43135
 -0.903111
 -0.134114
 0.359708
 1.31954
 1.52302
 1.53446
 1.44475
 0.815095
 -0.154907
 0.704663
 0.823897
 1.073
 -0.931427
 -0.503699
 -1.15503
 -0.749413
 -0.115775
 -0.857064
 -0.594723
 -0.39241
 -0.0166023
 -0.152595
 0.577881
 0.717174
 0.754847
 0.340703
 -0.133973
 0.444917
 -0.427019
 -0.201671
 0.928025
 0.28805
 0.540474
 0.351224
 0.512511
 1.05792
 0.900678
 0.338347
 0.727519
 0.913674
 0.569725
 0.589622
 0.370254
 -0.804536
 -0.191036
 -0.612359
 -0.295167
 -0.627973
 -0.238763
 0.270884
 0.813897
 1.32244
 1.72869
 1.28699
 0.130352
 0.45185
 1.20947
 1.27933
 1.74477
 1.16354
 1.42838
 0.80031
 0.847486
 0.0991815
 0.712488
 0.763645
 -0.551459
 -1.21314
 0.0986585
 -0.419126
 0.572124
 0.177402
 0.928394
 1.60334
 1.07501
 1.0899
 1.39388
 1.85056
 2.47054
 1.79541
 1.45266
 1.01983
 0.19035
 -0.0835556
 0.332422
 1.03068
 0.646475
 -0.489667
 -1.43061
 -2.34781
 -1.78639
 -1.83888
 -1.67692
 -0.42224
 0.783727
 0.607862
 0.178655
 0.249425
 0.197617
 0.118164
 -1.27542
 -1.91234
 -0.447946
 0.562187
 0.259485
 0.974411
 0.825264
 0.424377
 -0.0888647
 0.509437
 1.00328
 0.211798
 0.707277
 0.676588
 0.417897
 -0.281367
 0.322282
 0.525865
 0.054727
 0.484001
 1.28155
 0.684031
 -0.45681
 -0.863536
 -1.43583
 -0.92747
 -0.972787
 -1.5033
 -1.49962
 -1.74513
 -0.613644
 -0.815091
 -0.86124
 -0.185406
 -0.362188
 -0.164667
 -0.837393
 -1.47074
 -0.912481
 -0.50803
 -0.0500295
 -0.860781
 -0.506452
 -0.657322
 -0.365832
 0.0652766
 0.323017
 0.434481
 -0.112741
 0.379891
 -1.18473
 -0.534923
 -0.186842
 -1.246
 -0.892957
 -1.02211
 -0.505681
 0.396635
 -0.212449
 -0.124009
 0.199043
 -0.948812
 -0.449194
 -0.458415
 -1.05333
 -0.87388
 -1.44181
 -0.941822
 -1.39067
 0.608275
 1.01292
 1.10537
 1.89421
 0.849226
 0.57199
 -0.0278881
 -0.288687
 -1.09942
 0.0722832
 -0.667071
 0.441652
 0.0702037
 -0.584011
 -0.0329038
 1.11987
 1.38299
 0.918387
 1.16277
 1.32508
 1.05548
 1.44531
 1.50049
 1.71254
 0.400911
 -0.219181
 -0.557535
 -1.42243
 -1.35296
 -1.13859
 -1.29081
 0.653819
 0.815036
 1.21081
 0.992421
 0.868185
 0.49618
 0.424598
 1.42962
 0.746665
 0.0359615
 0.751554
 0.696591
 0.395159
 0.433574
 0.643806
 0.577504
 0.499789
 -0.123159
 -0.636297
 1.26293
 -0.174351
 -0.338527
 -0.769393
 -1.38256
 0.052635
 0.348475
 0.368144
 0.642479
 -0.250114
 -0.285005
 -0.60488
 -0.219838
 0.720811
 1.16017
 1.07333
 -0.167992
 -0.539493
 -1.15421
 -1.50428
 -1.33794
 -0.562755
 -0.92703
 -1.23019
 -1.3257
 -1.50412
 -1.7943
 -0.311836
 0.680347
 -0.0294527
 -0.845695
 -0.910896
 0.157026
 0.0541854
 0.941907
 1.69563
 1.73622
 0.402226
 0.596879
 1.06485
 1.16584
 1.18327
 0.619003
 0.435308
 0.728826
 -0.0977255
 -0.0625633
 0.421145
 0.851633
 0.637681
 1.03143
 1.34253
 1.76252
 2.23459
 1.26265
 -0.217003
 0.522069
 1.68271
 1.47207
 1.13343
 0.963979
 0.511375
 0.692665
 0.733633
 0.270122
 -0.112151
 -0.0410238
 -0.00165957
 -0.699858
 -1.11439
 -0.690551
 -0.453597
 -0.0130005
 -0.104224
 0.199295
 0.274753
 -0.137498
 -0.2831
 0.721856
 0.0446745
 -0.0986922
 -0.822971
 -0.760443
 -0.508261
 -0.103489
 -0.710995
 -0.285597
 -1.41477
 -0.362682
 -1.57237
 -0.822224
 -1.11874
 -0.91207
 -0.687498
 -0.556627
 -0.670746
 -0.49334
 -0.807334
 -0.155256
 0.292951
 0.85379
 0.985135
 0.0334513
 -0.555804
 -1.67345
 -1.42088
 -1.50798
 -1.46682
 -0.571893
 -0.656157
 -1.7603
 -0.912201
 -0.366039
 -0.00671015
 1.18464
 1.14369
 0.585805
 1.16509
 1.39162
 0.923408
 0.136332
 -0.739897
 -0.398697
 -0.935217
 -0.725329
 -0.0435857
 1.35904
 1.36257
 1.28958
 0.694087
 -0.303448
 -0.14575
 0.456077
 0.00057288
 -0.343639
 -1.00739
 -0.564944
 0.381373
 0.521454
 0.252259
 -0.40396
 0.519309
 0.687198
 0.382383
 -0.142925
 -0.680866
 0.215217
 -1.32467
 -0.929255
 -0.0617534
 -1.15428
 -0.157522
 -0.0128851
 0.0578373
 0.978146
 -0.0602447
 0.851624
 0.157367
 -0.699955
 -1.36908
 -1.17221
 -1.51231
 -1.65457
 -1.88987
 -1.37032
 -1.25138
 -0.888582
 -0.249185
 -0.703599
 -1.21321
 -0.511428
 -0.251665
 1.43786
 1.30602
 0.419152
 -1.29557
 -1.28159
 -2.24446
 -1.20794
 -1.05874
 -0.894759
 -0.945703
 -0.788105
 -1.37
 -1.83999
 -0.55642
 -0.492885
 -0.212205
 -0.00799821
 0.490666
 0.940048
 0.680355
 0.230386
 -0.298821
 0.0840949
 1.10591
 0.473623
 -0.291839
 1.01374
 0.491145
 0.125452
 0.014762
 0.448969
 0.800511
 0.56018
 0.250359
 1.09314
 0.891157
 0.533548
 1.05953
 0.759609
 0.922843
 1.47959
 0.0433449
 0.321285
 0.351925
 -0.0933445
 0.248544
 -0.0142385
 0.197522
 0.148374
 0.65229
 1.11983
 1.49911
 1.68994
 0.894707
 0.307373
 0.0266314
 -0.102117
 -0.39497
 -1.42695
 -0.0533105
 -0.61388
 -1.05963
 -0.658874
 -0.86175
 -1.11085
 -1.24978
 -1.79558
 -2.08424
 -2.1805
 -1.66212
 -0.608558
 -0.534205
 -0.292596
 -0.0203154
 0.176611
 -0.220944
 -0.0872621
 0.619672
 0.426318
 -0.0814369
 0.53506
 -0.0463213
 -0.40417
 0.0049643
 0.121573
 -0.148597
 -1.07502
 0.223022
 1.1215
 0.68009
 -0.538803
 -0.9203
 -0.464932
 -0.108398
 0.235187
 0.449253
 0.0735688
 0.186337
 -0.518759
 -0.389461
 -0.323794
 -0.776823
 -0.593753
 0.915758
 1.2043
 1.32987
 1.03604
 0.562555
 0.325345
 -1.02741
 -0.703602
 0.00714527
 -0.182046
 0.377023
 0.339695
 0.238166
 0.386166
 -0.0109948
 0.500358
 -0.139091
 0.611345
 0.667084
 1.47102
 1.51839
 1.42871
 0.765461
 0.0973236
 0.372371
 0.0757985
 0.958414
 0.582815
 0.401689
 1.38318
 0.974298
 1.38139
 1.42085
 0.755757
 1.05497
 1.14214
 1.24894
 1.6687
 0.814953
 -0.0522031
 1.31763
 1.57714
 0.0764725
 1.2765
 1.84249
 1.9876
 1.26167
 0.421708
 0.689025
 1.52919
 1.24319
 0.167988
 0.0607095
 0.160154
 0.479346
 0.355129
 0.501116
 0.947845
 0.744218
 0.730487
 0.882033
 1.24662
 0.266413
 -0.533463
 -0.0281224
 1.43875
 1.26907
 0.749852
 1.61378
 1.25317
 0.212754
 -0.596153
 0.579927
 0.693627
 1.10262
 -0.0437374
 0.929094
 0.528129
 0.485609
 -0.517919
 -1.08402
 -0.627906
 0.233457
 -0.339584
 0.778621
 1.02686
 1.24394
 1.17037
 0.566864
 0.199422
 -0.128502
 0.444969
 1.52499
 1.55
 0.38179
 0.803844
 1.28594
 0.407293
 0.400304
 -0.879318
 -0.402258
 1.18376
 1.60483
 0.074707
 0.174272
 -0.0769318
 1.47301
 1.57033
 1.05685
 0.828244
 0.418033
 0.587789
 -0.586174
 0.147392
 -0.0844494
 -0.688498
 0.206597
 1.34952
 1.14022
 0.364609
 0.716858
 0.343342
 -0.715365
 -0.854076
 -0.733607
 -1.3083
 0.29467
 1.06436
 0.353946
 0.247172
 1.69316
 0.936116
 1.4035
 1.83888
 1.2049
 1.41015
 0.423003
 0.118993
 -0.316596
 -0.0377846
 0.110347
 0.271418
 1.5946
 0.546276
 -0.00608582
 0.372025
 -0.431347
 0.550175
 0.988953
 1.16094
 1.18636
 0.959845
 0.807589
 1.37216
 0.66568
 0.0472483
 0.269324
 0.720798
 -0.429315
 -0.577245
 -0.658127
 -1.22329
 -2.13648
 -0.809352
 0.270085
 -0.630825
 -0.902931
 -0.854557
 -0.50368
 -0.39509
 -1.17173
 -0.5818
 -0.998018
 -1.0545
 -0.245838
 0.545433
 2.01825
 1.58385
 2.20408
 2.53914
 2.78688
 1.88333
 1.26845
 0.632021
 0.449176
 0.638623
