 -1.28891
 -0.442166
 0.0445526
 -0.562527
 0.0518059
 0.254498
 0.74127
 0.991156
 0.760271
 0.412934
 0.49766
 -0.449116
 -0.122037
 0.150271
 -0.617641
 -1.23837
 -1.35623
 -1.71092
 -0.79216
 -0.877837
 0.0502401
 0.126548
 0.499214
 1.47178
 0.605777
 1.03157
 0.914243
 0.603234
 1.62103
 1.22889
 0.585028
 -0.252831
 0.323326
 0.318775
 0.327258
 0.910754
 1.56532
 1.97598
 0.472852
 0.629309
 1.0838
 0.849185
 0.571893
 -0.161252
 0.887295
 0.367812
 0.533985
 1.30139
 2.88098
 1.92125
 1.18211
 0.0974682
 -0.63767
 -0.90049
 1.23769
 0.0938576
 0.11276
 -0.285825
 -0.706198
 -1.26948
 -0.544517
 0.869996
 0.318845
 0.631508
 0.502807
 0.446415
 2.26644
 1.64334
 0.31927
 0.686158
 0.962768
 1.12595
 2.43356
 1.8988
 2.98298
 2.56679
 1.86553
 2.04244
 1.58203
 1.19048
 1.23728
 1.84014
 3.15739
 2.97952
 3.54069
 2.68206
 2.66711
 2.20043
 1.28371
 2.23823
 1.79256
 1.98198
 2.01067
 2.04181
 2.54891
 2.08499
 3.12484
 1.44706
 0.868349
 1.56796
 0.0479134
 -0.141985
 0.0224263
 -0.581771
 -0.0577776
 0.232421
 0.289893
 -0.221576
 0.028419
 -0.0130648
 -0.0433176
 0.665975
 0.341562
 1.26239
 0.372101
 0.55551
 -0.335828
 0.522923
 0.1006
 -1.91515
 -0.378007
 -0.533978
 -0.912195
 -0.735581
 -1.30363
 -0.562428
 -0.80819
 -1.12182
 -0.298684
 -0.322421
 0.0889287
 -0.281701
 -0.494832
 0.092256
 -0.0789401
 0.901995
 0.355255
 0.364173
 -0.184536
 -0.0361371
 0.1738
 1.28307
 0.292817
 0.960011
 1.34081
 0.63715
 0.685824
 -0.349906
 -0.483308
 0.0588247
 0.17544
 -0.589769
 -0.735828
 -1.13519
 -0.343894
 -0.940719
 -1.27699
 0.0491361
 -0.621282
 -0.948425
 0.290074
 0.497179
 0.487044
 -0.041763
 -0.388113
 -0.0401258
 -1.03303
 -0.868425
 -0.0474779
 -1.87765
 -0.831054
 -1.69326
 -1.07914
 -0.75746
 -0.880848
 -0.929518
 -0.416806
 0.0712839
 -0.620877
 -0.799458
 -0.537897
 -0.853369
 -0.00863932
 0.672831
 0.692574
 0.00760173
 0.0852985
 -0.359324
 0.41045
 0.76838
 1.22433
 0.730231
 0.746806
 0.774063
 0.730058
 0.0755224
 0.00955207
 -0.108526
 -0.915414
 -0.49707
 -0.349544
 -0.753607
 -0.492623
 -0.022315
 -0.380753
 -0.0141148
 -0.325896
 0.478171
 -0.507304
 -0.0118894
 -0.25754
 -0.163978
 0.256727
 -0.526458
 -0.046617
 -0.24551
 -0.357725
 -0.682393
 0.531308
 -0.556843
 -0.445702
 -0.0259744
 -0.671681
 0.394804
 -0.154424
 0.251649
 0.46089
 -0.10778
 0.651559
 1.28618
 1.00091
 0.813028
 1.11942
 1.08602
 0.460506
 -0.434348
 -0.612685
 0.328478
 0.0138195
 -0.282386
 -1.51794
 -1.45525
 -2.29343
 -0.877096
 -1.41129
 -0.416184
 -0.261869
 0.454332
 0.71617
 0.655407
 0.53959
 0.628341
 -0.0997553
 0.28637
 -0.185621
 0.106261
 0.717659
 1.21967
 0.147523
 -1.5394
 -0.553689
 -0.243301
 0.320041
 0.775599
 0.709906
 0.453599
 0.833133
 -0.153963
 0.26645
 -1.09896
 -1.96904
 -2.38501
 -2.3036
 -3.05368
 -2.21573
 -3.03894
 -1.80989
 -0.38434
 -0.302162
 -0.728006
 -0.284322
 1.08416
 1.00849
 1.09092
 1.2886
 1.37805
 1.13635
 0.17032
 -0.214062
 -0.623571
 -0.23273
 0.40405
 2.08471
 0.615091
 0.842497
 -0.00339076
 -0.110462
 -0.390869
 -1.0736
 -1.12749
 -2.2629
 -3.10924
 -3.45765
 -1.98766
 -2.57658
 -2.01075
 -2.58702
 -2.18753
 -2.07664
 -1.44396
 -1.48516
 -0.524281
 -0.5112
 -0.884918
 -1.93966
 -1.80399
 -2.34753
 -1.25331
 -2.32425
 -2.14676
 -0.704092
 0.0597765
 0.393269
 1.34115
 1.31114
 1.33093
 1.25046
 0.760543
 -0.279605
 0.718974
 0.725367
 0.859861
 -1.27241
 -0.469447
 -1.02036
 -0.705553
 -0.0952667
 -0.778202
 -0.494623
 -0.261269
 0.00383603
 -0.143577
 0.542847
 0.670935
 0.762689
 0.322685
 -0.258018
 0.432009
 -0.528542
 -0.0403781
 0.997858
 0.0139078
 0.519605
 0.210909
 0.465518
 0.911437
 0.776016
 0.242833
 0.612002
 0.892531
 0.563928
 0.538322
 0.310648
 -0.910235
 -0.114674
 -0.644117
 -0.124174
 -0.691862
 -0.164947
 0.235252
 0.721539
 1.43963
 1.58925
 1.13446
 -0.140797
 0.334974
 1.18059
 1.10743
 1.7164
 0.955488
 1.44663
 0.787884
 0.746124
 -0.102532
 0.659223
 0.679383
 -0.558441
 -1.0726
 0.126124
 -0.419863
 0.472539
 0.112174
 0.98383
 1.57661
 1.02278
 0.955885
 1.29908
 1.88276
 2.4809
 1.60732
 1.2554
 0.849311
 0.0786121
 -0.185229
 0.31131
 0.939349
 0.571403
 -0.555329
 -1.41684
 -2.38646
 -1.53437
 -1.57601
 -1.47421
 -0.250203
 0.926825
 0.497216
 0.215042
 0.222604
 0.196078
 0.225776
 -1.65794
 -1.74266
 -0.289973
 0.531506
 0.191485
 0.895783
 0.716598
 0.405853
 -0.216326
 0.414412
 0.915771
 -0.0121475
 0.637698
 0.563139
 0.471809
 -0.350042
 0.356958
 0.434518
 0.0362349
 0.461702
 1.29911
 0.405618
 -0.473678
 -0.850073
 -1.40479
 -0.656129
 -0.951599
 -1.3145
 -1.25792
 -1.5573
 -0.533578
 -0.799501
 -0.771776
 -0.110296
 -0.414969
 -0.15382
 -0.758626
 -1.40455
 -0.716893
 -0.336381
 0.0107761
 -0.822147
 -0.422621
 -0.552714
 -0.297016
 0.111772
 0.368635
 0.465082
 -0.218403
 0.372374
 -1.50625
 -0.405259
 -0.0968861
 -1.28682
 -0.681233
 -0.916152
 -0.477843
 0.385681
 -0.353083
 -0.00197443
 0.246379
 -0.85438
 -0.359492
 -0.570084
 -1.01372
 -0.770032
 -1.34406
 -0.778401
 -1.14682
 0.813075
 0.85156
 0.884045
 2.04811
 0.54
 0.574264
 -0.221772
 -0.336997
 -0.957352
 0.159476
 -0.813811
 1.55689
 -1.05485
 -0.501144
 0.306725
 2.05436
 1.80583
 0.902213
 2.025
 1.6413
 1.51948
 2.14498
 1.96204
 2.64292
 -0.95862
 0.1643
 -1.2994
 -2.12964
 -1.29621
 -1.95171
 -1.52675
 2.35045
 0.46293
 2.24235
 0.709327
 1.35624
 0.255199
 0.736232
 2.48482
 0.2353
 -0.314565
 1.62497
 0.676447
 0.66895
 0.680014
 1.12241
 0.456754
 0.897145
 -0.763298
 -0.802818
 3.422
 -1.57323
 0.0875078
 -1.45286
 -2.06869
 1.36158
 -0.185288
 0.730469
 0.964816
 -1.05511
 -0.131698
 -1.24166
 0.0628392
 1.52887
 1.60244
 1.38418
 -0.941576
 -0.449283
 -2.06587
 -1.8256
 -1.53907
 -0.433723
 -1.65054
 -1.7576
 -1.72067
 -2.09786
 -2.5603
 0.688216
 1.03711
 -0.739359
 -1.25917
 -0.988388
 0.560684
 -0.0168848
 1.70589
 2.4078
 2.34996
 -0.317153
 1.07528
 1.5263
 1.74009
 1.57932
 0.0258271
 0.809697
 0.964616
 -0.780767
 0.382821
 0.79649
 1.502
 0.402225
 1.68856
 1.81759
 2.44573
 3.13037
 0.82253
 -0.765875
 1.75096
 2.55715
 1.58055
 1.64014
 1.32684
 0.136251
 1.22315
 0.612506
 -0.0050027
 -0.506142
 0.305477
 -0.34655
 -1.44783
 -1.53285
 -0.633919
 -0.400319
 0.263453
 -0.398415
 0.594683
 0.237697
 -0.47609
 -0.110555
 1.29751
 -0.624707
 0.0931794
 -1.4618
 -0.770726
 -0.695842
 0.331349
 -1.59291
 0.121145
 -3.51843
 1.15049
 -3.1621
 0.133565
 -2.67951
 -0.628416
 -1.10497
 -0.339277
 -1.38685
 -0.431558
 -1.58234
 0.207899
 0.70047
 1.49676
 1.39935
 -0.627864
 -0.950471
 -2.69616
 -1.42835
 -2.43429
 -1.68273
 -0.328893
 -1.40914
 -2.5792
 -0.783332
 -0.224356
 0.0715057
 2.64093
 0.831848
 0.887498
 1.76319
 1.90261
 0.683447
 -0.246683
 -1.38055
 -0.116319
 -1.80603
 -0.573081
 0.17414
 2.97028
 1.20115
 1.91315
 0.120334
 -0.748271
 0.166842
 0.810312
 -0.367406
 -0.461973
 -1.79377
 -0.399715
 0.912472
 0.824565
 -0.275241
 -0.742367
 1.32171
 0.924845
 -0.0210798
 -0.391924
 -1.23848
 1.19292
 -3.12189
 -0.247949
 0.111454
 -2.64743
 1.21138
 -0.69515
 0.269486
 1.5637
 -0.867301
 2.75048
 -1.56712
 -0.619876
 -2.08432
 -1.22961
 -2.40406
 -2.15546
 -2.66294
 -1.37663
 -2.03532
 -0.897408
 -0.139446
 -1.52837
 -1.78413
 -0.485551
 -0.335574
 3.55014
 0.685772
 0.616344
 -3.46816
 -1.1582
 -4.40856
 -0.363763
 -1.75244
 -0.896916
 -1.50051
 -0.801847
 -2.32905
 -2.42719
 -0.162744
 -1.18114
 0.223693
 -0.109909
 0.971316
 1.64479
 0.397349
 0.215805
 -0.971597
 0.651756
 1.74848
 -0.0737748
 -0.528291
 2.34481
 -0.557338
 0.438679
 -0.272485
 0.947149
 1.22592
 0.511002
 0.31591
 2.06368
 0.774082
 0.735962
 1.74004
 0.472429
 1.48672
 1.9957
 -1.19294
 1.19718
 0.0526812
 -0.224969
 0.547932
 -0.625767
 0.547559
 0.143137
 0.927386
 1.57133
 2.26163
 2.23046
 0.52629
 0.592912
 -0.299732
 0.122863
 -1.05104
 -2.12127
 1.10992
 -2.1035
 -1.00939
 -0.762987
 -1.27508
 -1.36394
 -1.75608
 -2.6001
 -2.96067
 -2.73529
 -1.96794
 -0.467544
 -0.857771
 -0.123558
 0.0318529
 0.423363
 -0.783576
 0.173346
 1.09202
 0.507578
 -0.667043
 1.37308
 -0.934459
 -0.345654
 0.172657
 -0.00605581
 -0.146499
 -2.02681
 1.45844
 1.45204
 0.645869
 -1.33429
 -1.14702
 -0.428217
 0.215469
 0.57786
 0.822756
 -0.306594
 0.572896
 -1.40341
 0.0457385
 -0.837803
 -1.52217
 -0.49867
 2.30504
 1.30918
 2.04006
 0.727349
 0.716167
 0.0580134
 -1.83895
 -0.656864
 0.363133
 -0.425961
 0.869423
 0.183048
 0.502068
 0.642042
 -0.374251
 1.33729
 -0.831132
 1.60601
 0.662745
 2.9236
 1.65061
 2.12302
 0.331349
 -0.0746073
 0.774034
 -0.508093
 2.24109
 0.0074199
 0.62797
 2.49778
 0.611122
 2.56981
 1.46901
 0.706324
 1.51476
 1.63271
 1.78429
 2.22366
 0.258816
 -0.195587
 3.23093
 1.44659
 -0.478137
 3.13668
 2.07093
 2.94862
 0.883201
 0.63223
 1.10374
 2.62887
 0.919026
 -0.369565
 0.381818
 0.283404
 0.689934
 0.263162
 0.851537
 1.2997
 0.803823
 1.15888
 1.28287
 1.85024
 -0.386798
 -1.00821
 0.261828
 3.19344
 0.912121
 1.14386
 2.5887
 1.04201
 -0.198095
 -1.11493
 2.11289
 0.231003
 2.20004
 -1.95799
 3.08609
 -1.37536
 1.95678
 -2.53169
 -1.09526
 -0.661131
 0.703741
 -0.910121
 2.11114
 1.12964
 1.61476
 1.67482
 0.0897656
 0.30169
 -0.4937
 1.10206
 2.81878
 1.7647
 -0.247752
 1.76246
 1.74153
 -0.0482304
 0.770749
 -2.93844
 0.939994
 1.79602
 2.3943
 -1.74225
 1.50517
 -0.876845
 3.68856
 1.07601
 1.74428
 0.466212
 0.772861
 0.788956
 -1.85848
 1.53058
 -1.15655
 -0.638635
 0.724327
 2.25707
 0.984868
 0.159803
 1.29114
 -0.191341
 -1.43564
 -0.797116
 -1.01126
 -1.99017
 2.06583
 0.954554
 0.152729
 0.476147
 3.59937
 -0.919177
 3.62102
 1.7274
 1.60761
 2.08506
 -0.030856
 0.345717
 -1.05166
 0.177155
 0.130358
 0.450805
 3.11821
 -1.27064
 0.386253
 0.60802
 -1.09746
 1.50563
 1.22653
 1.77739
 1.66058
 1.0518
 1.21203
 2.13387
 0.149684
 0.261563
 0.564851
 1.06917
 -1.33268
 -0.344623
 -1.20854
 -1.93879
 -3.05721
 -0.462463
 0.662249
 -2.04223
 -0.886549
 -1.28998
 -0.456821
 -0.327627
 -2.19355
 -0.242423
 -1.72511
 -1.12091
 -0.17154
 1.23012
 3.94262
 1.25342
 4.3433
 2.94563
 4.24929
 1.55736
 1.63781
 0.373391
 0.781339
 1.05392
