 0.45441
 -0.433959
 0.868638
 0.705844
 1.35132
 2.69455
 1.28431
 0.404346
 -0.215203
 0.907197
 2.26809
 -0.816088
 0.0329066
 -1.5783
 -1.85656
 -1.06097
 -0.865254
 -1.04994
 -1.35108
 -0.952008
 0.0710097
 -0.718793
 -0.200623
 -0.792558
 -0.344028
 0.228195
 0.721187
 0.580232
 0.0578909
 0.204624
 -0.254408
 -0.0021321
 0.399759
 1.32808
 1.33508
 1.67806
 3.08558
 2.23084
 2.28226
 1.54653
 0.603679
 0.695413
 0.0893488
 -0.313382
 -0.423984
 -0.619123
 -1.30738
 -0.985299
 -2.23118
 -0.939506
 -2.24713
 -2.4416
 -1.16783
 -1.371
 -1.23387
 -2.48635
 -1.06189
 -1.06664
 -1.40513
 -1.18065
 -0.29197
 -1.29122
 -0.555366
 -0.579226
 -0.608844
 -0.193549
 0.270523
 0.365845
 0.626296
 0.746184
 -0.375659
 -2.14448
 -0.926558
 -1.27213
 -0.900444
 0.441192
 -0.283031
 -0.118047
 0.353003
 -0.58133
 0.0327222
 0.796478
 0.532452
 -0.304982
 -0.228939
 -0.793306
 -1.65649
 -1.46937
 -0.856401
 0.0646389
 0.198071
 -0.522582
 0.438454
 0.650219
 0.0913134
 -0.00980403
 0.067591
 -0.699926
 -0.891118
 0.46264
 -0.640334
 -0.876194
 -0.878523
 0.0321245
 -0.0363506
 -0.137106
 -1.24035
 -0.449655
 -0.00939439
 -0.0207678
 0.403858
 -0.438123
 -0.68164
 0.345355
 0.0921681
 -0.120701
 -0.106904
 0.349875
 1.28922
 0.52889
 0.589867
 -0.161293
 -0.812302
 -2.18028
 -1.46402
 -1.8513
 -1.38253
 -0.730086
 -1.02098
 -0.38958
 0.940199
 0.736126
 0.939415
 0.724597
 0.610774
 -0.404464
 -0.470688
 1.38145
 1.03133
 0.566861
 0.506566
 1.13246
 1.04671
 0.949602
 -0.215368
 0.334605
 0.645835
 -0.427055
 -0.565292
 -0.0992967
 -0.614811
 0.310109
 -0.188844
 -0.331653
 0.0237721
 -0.593195
 -0.142428
 -0.355135
 -0.994059
 -0.299616
 0.392506
 0.274315
 0.459406
 0.802712
 0.740263
 -0.442014
 -0.0298171
 0.38726
 -1.46121
 -0.0316201
 0.643385
 0.719081
 0.733154
 -0.1569
 0.129924
 -1.64819
 -0.23195
 -0.610886
 -0.57873
 0.0880486
 0.108326
 -0.164695
 0.0967768
 0.202852
 0.975453
 1.75235
 1.31493
 1.17851
 0.810792
 0.340882
 0.467552
 1.53192
 1.18711
 1.08991
 2.04937
 1.16225
 0.912048
 -0.041356
 1.00327
 0.551247
 0.55789
 -0.142766
 -0.41644
 -0.265463
 -2.08362
 -0.768517
 -0.622428
 -0.90404
 0.0102628
 -0.960982
 -1.24187
 -2.00869
 -2.95597
 -1.15048
 -2.37533
 -0.768467
 -0.850643
 -0.524626
 -0.0611308
 0.494998
 1.06746
 0.872038
 2.18406
 0.700388
 0.773406
 0.1795
 0.781322
 0.841077
 0.759818
 0.661677
 0.499899
 1.27287
 1.09226
 0.787791
 -0.426023
 -0.488996
 -0.314092
 0.107737
 0.794536
 0.657524
 -0.15006
 -0.0168988
 0.31108
 0.122717
 0.457959
 0.00581214
 0.395004
 0.18613
 0.0960885
 0.703005
 0.826928
 1.92117
 1.1755
 1.19614
 0.522125
 0.342324
 -0.738246
 -0.373822
 -0.340941
 -0.713058
 -0.535367
 -0.818355
 -0.260895
 0.267209
 0.346757
 -0.739716
 -1.34909
 -0.791091
 -0.188792
 0.543466
 1.03207
 0.755052
 0.149846
 -0.198341
 -0.597446
 0.510559
 -0.0927204
 0.256348
 0.537554
 1.04267
 1.45849
 1.78626
 1.48372
 1.64652
 1.41941
 1.08455
 -0.225504
 0.272168
 0.584655
 0.650601
 0.380065
 -0.353649
 -0.852995
 -1.4622
 -0.241786
 -1.65601
 -0.0942282
 -0.712204
 -0.242751
 0.207749
 -0.898215
 -1.07987
 -1.88314
 -1.1636
 -1.53299
 -1.26297
 -0.67603
 -0.434264
 1.24271
 -1.30307
 -0.239251
 -0.766976
 -1.42501
 -2.37526
 -1.80596
 -0.26738
 1.43176
 0.895165
 0.939194
 -0.182356
 -1.04288
 -1.4961
 -1.15065
 -0.316254
 -0.679094
 -0.950439
 -1.02355
 -0.621823
 -1.15516
 -0.378176
 1.08332
 -0.719882
 0.0274457
 -0.0825876
 -0.604392
 -2.27964
 -2.38195
 -1.90047
 -0.51488
 -0.995212
 -0.1885
 1.49449
 1.34928
 1.28591
 1.64451
 0.886256
 0.0121863
 -0.0330821
 0.599047
 1.04108
 0.0560135
 0.283234
 -0.281594
 -0.208676
 -0.602821
 0.299529
 0.389562
 -0.69939
 -0.413325
 -0.827222
 0.0718386
 -0.146826
 -1.60481
 -2.53516
 -2.01441
 -1.82213
 -1.78126
 -2.01163
 -1.57744
 -1.3133
 -1.97734
 -0.72934
 -1.0522
 -0.310114
 0.295701
 0.228235
 -1.06772
 -0.39571
 -0.494617
 -0.826326
 0.165063
 0.107871
 -0.587248
 0.930781
 0.591301
 0.403701
 -0.435098
 -1.04794
 -0.411243
 -0.693888
 -0.969988
 -1.54389
 -0.909791
 -1.09151
 -0.177464
 -0.350992
 -0.153662
 -1.08861
 -1.71469
 -1.18526
 -0.467369
 -0.233741
 -0.0539965
 0.64468
 0.69196
 0.745279
 1.30335
 0.959565
 1.08048
 0.655338
 -0.636187
 0.276618
 0.252544
 -0.00212511
 0.53407
 -0.379056
 -1.13852
 -1.21154
 -0.463031
 0.251431
 0.349236
 0.621087
 0.613347
 0.00508364
 -0.142095
 0.784013
 0.206323
 0.596544
 0.0500524
 0.458684
 1.31589
 0.662277
 0.781302
 0.763932
 1.5772
 -0.594503
 -0.497765
 -1.61175
 -1.38301
 -0.54168
 -0.313341
 0.323419
 0.862794
 0.218245
 -0.592419
 0.0845852
 -0.13857
 -0.264128
 -1.17094
 -0.313451
 -0.557401
 -0.0764564
 -0.0700402
 0.452083
 -0.333066
 -0.289095
 0.474666
 0.468782
 -0.451539
 -0.313545
 0.121521
 -0.666526
 -1.54624
 -2.4245
 -2.57662
 -1.65258
 -1.51782
 -0.559857
 -0.502172
 0.932072
 -0.24465
 0.248366
 -0.480031
 -1.88321
 -1.55979
 -0.783724
 -1.1729
 -0.672391
 -0.872695
 -0.39432
 0.290094
 1.05152
 0.956454
 0.940995
 -1.08532
 -0.572689
 -0.595168
 -0.917854
 -0.397359
 -2.17487
 -1.93895
 -1.55596
 -1.29453
 -0.358988
 -1.47945
 -0.958761
 -1.02436
 -0.96995
 -0.906013
 -0.972374
 -1.1844
 -2.33613
 -1.56165
 0.360978
 0.612945
 -0.300821
 0.156288
 0.239997
 0.546139
 1.10282
 0.948745
 2.68286
 0.897504
 1.9042
 1.23233
 -0.0781521
 -0.329719
 -1.96183
 -1.61104
 -0.442795
 -0.255178
 -0.987646
 -0.57789
 -0.92261
 -1.00266
 -0.677083
 -0.243399
 -0.45144
 0.0693336
 -0.766584
 -1.8597
 -2.06338
 -1.71186
 -2.21134
 -1.72166
 -1.62001
 -0.582121
 -0.375845
 -0.709142
 -1.07615
 -0.963043
 -0.108787
 0.148932
 -0.249184
 0.24791
 0.352992
 0.522201
 -0.335221
 -0.15883
 -0.617952
 -0.168003
 -0.829515
 -1.12701
 -1.03723
 -0.734448
 -0.178014
 0.999014
 0.185478
 0.0445955
 0.574003
 0.98269
 0.964104
 0.943518
 0.814928
 1.11193
 1.139
 1.19912
 1.40053
 -0.14643
 -0.00758891
 0.577279
 -0.268732
 -1.9546
 -1.17543
 -0.184921
 0.245025
 -0.146458
 -0.0727884
 0.548678
 -0.553294
 -0.723064
 -0.0459587
 0.185526
 -0.365182
 -0.715588
 -0.181563
 -0.197137
 -0.199093
 -0.274047
 -0.520661
 -0.737074
 -0.729056
 -0.256468
 -0.741017
 0.097948
 -0.490231
 -0.731938
 0.0747505
 -0.613881
 -0.035805
 0.46993
 0.45237
 -0.548115
 -0.729023
 -0.555834
 -0.109954
 0.331554
 1.27272
 0.754571
 -0.0305415
 -0.188262
 0.147641
 -0.472927
 0.654239
 0.793914
 0.778111
 2.22479
 0.351887
 0.647967
 0.0884867
 1.12814
 0.926875
 -0.026207
 0.0285302
 -0.408138
 0.623693
 0.554694
 0.0848462
 -0.537298
 0.44557
 1.6871
 0.486879
 1.24008
 0.59872
 -0.687578
 0.433919
 0.50507
 -0.29011
 -0.242496
 0.321557
 1.30551
 0.505748
 1.01021
 1.086
 1.17568
 0.262913
 0.668159
 0.656276
 2.2014
 1.52799
 1.05598
 1.05299
 0.772897
 -0.229725
 -0.396729
 -0.717003
 -0.406538
 -0.467623
 -0.0292701
 0.568989
 1.11789
 0.821791
 -0.879872
 -1.4142
 -1.55604
 -0.848547
 -0.461702
 -0.640185
 0.685332
 1.00542
 0.476597
 0.844689
 0.0176519
 0.399499
 1.08891
 0.379596
 -0.34758
 -0.135848
 -0.546585
 -0.934325
 -1.25213
 0.307253
 -0.0211437
 0.889155
 -0.177807
 1.05907
 1.5152
 0.722052
 -0.0926375
 -0.0163552
 -0.514585
 0.216186
 -0.731453
 -0.394267
 -0.374559
 0.578981
 0.728335
 1.65881
 1.32522
 1.4677
 1.60132
 2.81755
 1.70642
 0.557675
 0.380906
 -0.256392
 -0.212918
 -1.99372
 -0.548197
 0.18532
 1.38478
 1.24834
 1.83628
 1.28424
 2.24104
 1.56243
 2.24357
 2.22574
 2.49921
 2.59608
 2.76571
 2.1909
 0.754716
 0.733242
 0.786869
 0.326752
 0.752307
 2.04999
 0.502475
 0.510424
 0.778807
 1.7675
 -0.857642
 0.31414
 0.962237
 0.753599
 0.655714
 1.15284
 0.691233
 1.37198
 2.22552
 -0.0523051
 0.95106
 -0.802314
 0.467409
 0.163821
 0.159629
 -0.587425
 -0.659235
 -1.0097
 -1.27733
 -1.42507
 -1.1188
 -1.5734
 -2.5104
 -3.15545
 -2.51523
 -2.15419
 -1.00707
 -1.34216
 -1.0239
 -1.20349
 -1.19791
 -0.909291
 -0.613552
 -0.529834
 0.408577
 0.975921
 0.564471
 -0.295295
 0.654322
 0.451794
 0.619436
 0.523067
 0.371638
 -0.324626
 -0.7435
 0.244633
 -0.385719
 -0.205473
 0.464758
 -0.495096
 -0.94006
 -2.21186
 -1.90215
 -1.6814
 -1.71809
 -0.872193
 0.451957
 0.692044
 1.95077
 2.0405
 1.21677
 0.54627
 0.879578
 0.985306
 0.316755
 1.69721
 0.0813649
 0.626852
 0.697584
 -0.406512
 -0.128003
 0.44851
 0.790269
 0.880692
 0.831508
 -0.119887
 -0.262799
 -1.86351
 -0.851149
 -1.80357
 -0.993833
 -0.277262
 0.395118
 -0.28879
 -0.917035
 -0.677406
 -0.180956
 -0.616311
 -0.97548
 -1.48048
 -2.53348
 -1.17884
 -1.23002
 -1.39666
 -1.79073
 -1.40752
 -0.0895705
 -1.61605
 -1.24919
 0.662224
 0.522492
 -0.250955
 0.501969
 -1.65159
 -2.73919
 -1.14819
 -1.05622
 -1.2514
 -1.11833
 -0.95789
 -0.0789199
 0.566147
 1.0501
 0.54424
 -1.51206
 -1.22898
 -0.530054
 -0.68391
 -0.858665
 0.0620183
 -0.21398
 0.397152
 -0.226985
 0.611248
 0.589739
 0.147414
 0.27966
 0.423171
 0.495875
 1.25631
 3.02898
 3.12585
 1.94822
 1.09487
 1.13117
 -0.0327141
 0.344811
 0.0486447
 -0.441087
 -0.559011
 0.376371
 1.41874
 0.99237
 0.826165
 0.097229
 1.29059
 1.35175
 1.76263
 1.82327
 -0.387707
 0.304016
 -0.142651
 -0.0591073
 -2.00835
 -1.03977
 -1.79232
 -1.18338
 -2.52004
 -1.76774
 -1.30661
 -1.35568
 -0.854624
 -0.979135
 -0.298455
 -0.690907
 0.157841
 0.401332
 0.961821
 0.116921
 -0.578685
 -0.521287
 -1.11055
 -0.229041
 -0.690188
 -0.046319
 -0.00585939
 -0.398368
 -0.0599996
 0.631382
 0.595375
 -0.386411
 0.254353
 0.515036
 -0.244665
 -0.370796
 0.294526
 0.316422
 0.300264
 0.225718
 -0.365149
 0.0638575
 -1.82255
 -0.702983
 -0.951117
 -1.09905
 -0.201139
 -1.44805
 -1.46133
 -1.44891
 -0.682958
 0.889693
 -0.366866
 0.0902024
 -0.591202
 -1.06715
 -1.04444
 -1.06163
 -0.469789
 -0.125173
 -0.778755
 -1.01286
 -1.41489
 -0.72089
 -2.02169
 -1.12673
 -1.18644
 -1.28466
 0.144489
 -0.539705
 0.397814
 0.37794
 0.861065
 0.853363
 -0.33535
 -1.48089
 -1.30602
 -0.386311
 0.248717
 0.168583
 0.0750576
 0.683807
 -0.0454538
 1.16397
 0.981538
 -0.407557
 -0.910896
 0.213705
 -0.592336
 0.272406
 0.667887
 0.596653
 0.640305
 1.1162
 0.477537
 0.776162
 0.120901
 -0.343155
 -0.347803
 -0.115316
 -0.637708
 0.657462
 0.778782
 0.344159
 -0.600624
 -0.600896
 -0.0445347
 -0.140102
 1.31873
 2.08005
 0.857036
 0.671532
 0.466658
 0.516368
 -0.737178
 -0.999124
 0.130926
 0.261378
 0.436114
 -0.165953
 -1.15117
 -0.795258
 -0.592073
 -0.149092
 0.959057
 -0.423328
 -0.0674436
 -0.622911
 -1.62078
 -0.442211
 0.0776687
 0.220767
 -0.019906
 -0.651714
 0.389115
 0.212525
 0.468488
 0.241026
 -0.38074
 0.246591
 0.973805
 0.637978
 1.15446
 0.676615
 1.05964
 1.20202
 -0.48653
 0.313842
 0.367108
 -0.342156
 -1.00209
 0.370776
 0.0964071
 1.44489
 0.340079
 0.448377
 0.669756
 0.363432
 0.806026
 0.886211
 0.737286
 1.36417
 1.93283
 1.00048
 2.12911
 1.89926
 -0.159438
 -0.757606
 -0.631093
 -0.126954
 0.0502932
 -0.173245
 0.245081
 -0.513978
 0.293058
 -0.72502
 -0.151664
 0.894193
 0.838884
 0.752109
 -1.36762
 0.210357
 0.986288
 1.46625
 0.713921
 1.62748
 0.445514
 1.15716
 1.35756
 1.38038
 0.46211
 -0.352889
 0.365313
 -0.241979
 0.131974
 0.0252701
 0.334011
 -0.402146
 -0.580775
 -0.835643
 -0.965506
 -0.537901
 -1.55859
 -0.474332
 0.086025
 -1.63756
 -0.0802828
 0.346022
 0.824836
 0.695741
 0.75115
 0.690071
 -1.47362
 -1.21899
 -1.48335
 -0.90276
 -0.706398
 -0.589997
 -1.11712
 -0.650166
 -0.432219
 -0.48844
 -0.868573
 -0.338444
 -1.76601
 -0.671084
 -0.629205
 0.0803372
 -0.712864
 -0.496802
 -0.678636
 0.622401
 -1.12596
 0.562169
 -0.171816
 -0.175335
 0.423079
 -0.701122
 -0.460005
 0.136041
 0.338076
 0.318889
 -0.0391664
 -0.639006
 0.112057
 0.733531
 0.36418
 0.54672
 0.435172
 0.245939
 -0.517804
 0.562698
 -0.0765931
 0.00973887
 0.935955
 1.45406
 2.87725
 1.79738
 1.18928
 2.16952
 0.760725
 0.679036
 -0.0888943
 -0.575277
 -1.01283
 -1.67271
 -0.607703
 -1.24377
 -1.48348
 -0.496752
 -1.04237
 -0.892879
 -0.672903
 -0.601715
 0.932117
 -0.0555133
 0.930735
 0.883102
 0.151759
 -1.11907
 -1.23129
 -1.10257
 -1.4075
 -1.49077
 -1.22997
 -1.56288
 -1.8502
 -0.613979
 -1.13272
 -0.552055
 -0.858509
 -0.830461
 -0.621819
 -0.195869
 -0.56087
 -1.77427
 0.437751
 0.359719
 -0.236147
 1.72734
 0.987353
 0.607887
 1.73005
 0.968819
 -0.443724
 -0.441881
 -0.435436
 -0.502848
 -1.88695
 -0.586346
 -0.608189
 -0.675667
 -0.984946
 -0.730772
 -1.43312
 -1.63969
 -0.666779
 -0.336886
 -0.661449
 -0.332398
 0.00605513
 -0.616088
 -1.18258
 -0.599904
 -0.882356
 -0.642797
 -0.953841
 0.31318
 -0.54873
 -0.489861
 0.0392268
 -0.634648
 0.0849363
 -0.837501
 0.225068
 1.10129
 0.19131
 0.544787
 -0.162668
 -0.745688
 -0.211191
 -0.571801
 -0.398847
 0.270383
 0.0259249
 -0.647694
 -1.38322
 -1.74477
 -1.59905
 -0.40225
 -0.368115
 1.68901
 -0.71908
 0.427649
 1.47459
 0.0786079
 0.638573
 -0.052216
 0.305574
 0.0869481
 0.427051
 1.80427
 0.570113
 0.282303
 0.671176
 0.809889
 1.58929
 0.243078
 0.330951
 0.075561
 0.560125
 1.1218
 1.18988
 0.612746
 0.667338
 0.700545
 -0.107782
 0.599474
 0.924445
 0.636733
 0.706236
 -0.152997
 -0.387322
 -0.254302
 0.158339
 0.459807
 0.473487
 -0.103796
 -0.686029
 -0.458405
 -0.76156
 -2.01162
 -1.86622
 -2.39946
 -1.88183
 -1.14289
 -0.586279
 -0.484359
 -0.348309
 -0.981379
 -1.74459
 -1.14517
 -0.0327343
 0.77078
 1.38891
 0.434802
 1.92009
 0.353549
 0.364168
 -0.888166
 0.0216625
 -0.549626
 -0.979384
 -0.823028
 -0.992227
 -0.521956
 0.911707
 0.785558
 1.26712
 0.821987
 0.663579
 0.546816
 0.46061
 -0.118001
 0.116679
 -1.76085
 -0.765074
 -1.21442
 -0.484609
 -0.309961
 -0.405698
 -0.0753419
 -0.687967
 0.0730708
 0.387496
 -0.0654217
 -0.964412
 0.286646
 -0.468875
 0.0324376
 1.41242
 0.602004
 0.579719
 0.639034
 2.10712
 2.19187
 2.85226
 0.836806
 0.605134
 0.318485
 0.325127
 0.524637
 0.421034
 0.56278
 0.934997
 0.529748
 0.962179
 0.698907
 0.339533
 -0.375326
 -0.00840721
 -0.733658
 -1.411
 0.28206
 0.565461
 1.25629
 0.503432
 0.99669
 1.07434
 -0.0632141
 0.425743
 0.283378
 0.748287
 0.577229
 -0.461336
 0.13556
 -0.341719
 -0.587003
 -1.29244
 -0.0822621
 0.905066
 0.781198
 -0.242726
 0.850058
 0.412569
 0.29406
 -0.747504
 -1.55328
 -1.62698
 -1.0636
 -0.785724
 -1.1778
 -0.602807
 -0.534305
 0.000314018
 0.140069
 0.806209
 1.02794
 -0.0500057
 -0.500083
 0.301263
 1.94893
 1.29007
 1.47727
 -0.294661
 -1.14994
 -0.941123
 -1.01993
 -0.661238
 0.0493045
 -0.978754
 0.00915722
 0.39184
 1.06455
 1.36551
 2.10933
 1.79281
 1.13312
 -0.552028
 0.115177
 0.142212
 0.755813
 0.859499
 0.741384
 0.77563
 1.29251
 1.57648
 0.959511
 1.03312
 2.077
 1.85928
 1.11203
 2.05609
 0.707571
 0.398662
 1.05901
 0.847715
 1.38039
 1.0858
 0.576603
 -0.28491
 -0.562791
 -0.994757
 -0.273194
 -0.40947
 -0.396917
 0.497038
 0.0421757
 0.0895607
 -0.406814
 -0.863163
 -0.506021
 -0.0885968
 -0.475622
 -2.1355
 -2.23052
 -1.69463
 -0.766192
 -1.20676
 -1.26456
 -0.5093
 -0.378085
 -1.53494
 -1.05645
 -1.07162
 -1.07047
 -1.13019
 -0.470647
 0.0993731
 -0.502695
 -0.465655
 -0.293558
 -0.891401
 1.04882
 0.781437
 0.840294
 -0.140745
 -0.472405
 -0.858492
 -0.814667
 -1.10092
 -1.48513
 0.107349
 0.527925
 0.131282
 0.979114
 -0.78133
 -0.862584
 -0.0117184
 0.799594
 1.81758
 2.69032
 2.13348
 1.71712
 0.827139
 1.19326
 0.916725
 2.7482
 2.87665
 1.61259
 1.4179
 1.13736
 0.868707
 1.1554
 1.21252
 0.366086
 0.849994
 0.774494
 -0.625676
 -0.335104
 -0.566707
 0.396746
 0.297312
 1.35193
 0.884212
 -0.0498914
 0.327037
 -0.302003
 -0.661885
 -0.908926
 -1.25006
 -1.19324
 -1.36483
 -1.35967
 -1.41655
 -0.91986
 -0.740672
 -0.995003
 -0.772105
 0.655015
 0.306154
 -1.15557
 0.327923
 0.740254
 2.2228
 1.4541
 2.64687
 1.76304
 -0.233484
 0.404728
 -0.491237
 0.436799
 0.874025
 1.53667
 0.723016
 1.97835
 2.12912
 1.92564
 1.98435
 1.5541
 1.10043
 0.753801
 0.732362
 0.481823
 0.392291
 0.187176
 0.567458
 0.933393
 0.48607
 0.765036
 0.640423
 0.494882
 0.551017
 0.605855
 0.701698
 -0.443226
 -0.650672
 0.158698
 1.86516
 1.55198
 1.15206
 -0.0717544
 1.9538
 0.842883
 1.1424
 1.70146
 0.497708
 1.70292
 0.800014
 1.66931
 1.43889
 0.87842
 1.60493
 1.49809
 1.24631
 2.55948
 2.18184
 2.80187
 1.8298
 0.625103
 0.761058
 0.901926
 1.06519
 0.584854
 -0.8045
 0.0517774
 0.62628
 1.15794
 0.752944
 0.679144
 0.844572
 -0.231208
 -0.323743
 0.402831
 0.202187
 0.951659
 -0.322823
 -0.0433111
 0.118734
 0.326136
 0.621884
 0.84155
 1.97671
 1.234
 0.776654
 0.882407
 1.25863
 1.85009
 2.43039
 1.66122
 1.23407
 1.44828
 0.990877
 0.358838
 -0.383208
 -0.611456
 0.631883
 1.07474
 0.663347
 -1.01013
 -0.143256
 -0.631724
 -0.0915967
 -0.169945
 0.686176
 0.279336
 -0.486699
 -0.654444
 -0.803334
 -0.589488
 -0.870357
 0.341569
 -0.506261
 0.0272813
 0.308737
 0.558244
 1.66957
 0.435741
 1.11569
 0.946485
 0.943165
 0.406909
 0.3634
 1.17217
 0.350496
 1.13126
 0.977559
 1.97981
 1.49848
 0.825982
 0.775717
 0.00322316
 -0.170761
 -0.692579
 -0.0503701
 -0.283684
 -0.150539
 -0.577838
 -0.675183
 0.991702
 0.594788
 0.423345
 0.77956
 1.31736
 1.17103
 0.614101
 1.92273
 1.44634
 1.51011
 1.98914
 2.16
 0.304549
 0.62588
 0.095901
 -0.758928
 -0.579273
 -1.2875
 -0.977196
 0.00949969
 0.154475
 0.154326
 1.58617
 1.28747
 1.44888
 0.702166
 0.683805
 0.577614
 0.491399
 1.15954
 0.613676
 0.639827
 -0.0871763
 -0.0649293
 -0.993573
 -0.380428
 -1.09381
 -1.03502
 -0.642817
 -0.543397
 -0.100513
 -0.710643
 0.160412
 1.32338
 0.339575
 0.603279
 0.585004
 -1.01486
 -0.666704
 -1.00697
 -0.183677
 0.0743143
 -0.265791
 -0.410762
 0.349071
 -0.172169
 -0.231179
 -0.289381
 -0.0377831
 1.33206
 2.20992
 1.17757
 0.782942
 0.104679
 -0.198632
 -1.03508
 -0.455982
 0.121199
 -1.83265
 -0.38723
 -0.381066
 -0.838968
 -0.386795
 0.0262529
 0.917288
 0.827909
 1.02967
 0.574885
 0.965559
 0.793603
 1.94767
 -0.292838
 -0.652719
 -0.71995
 -0.749924
 -0.588343
 0.0733153
 -0.89229
 -1.19037
 -1.52286
 -1.08433
 -0.392679
 -2.17052
 -1.36127
 -2.60546
 -2.3199
 -2.50108
 -2.10787
 -2.02012
 -1.95969
 -1.92708
 -1.6151
 -1.47749
 -0.5027
 -0.980812
 -0.364249
 -0.81285
 -0.0323206
 -1.30111
 -0.39501
 -0.873584
 -0.807532
 0.0922552
 0.753799
 0.634412
 1.27708
 1.63113
 0.89618
 1.1417
 0.62263
 1.02297
 1.05188
 0.732639
 0.153579
 0.369858
 0.387764
 -0.619656
 -1.36817
 -2.35181
 -1.83628
 -1.73826
 -1.1875
 -0.457801
 0.0869327
 -0.423819
 -0.556467
 -0.715226
 -0.453045
 0.575169
 1.26954
 1.12092
 0.0848508
 -0.116897
 -0.247909
 -0.486664
 -0.265987
 -0.691712
 0.197296
 0.426271
 -0.372912
 -0.0155303
 0.0353697
 -0.127757
 -0.0492898
 -0.0235953
 0.956104
 0.800816
 -0.141504
 -0.0674895
 0.910179
 0.477926
 0.695759
 0.243752
 0.47475
 -0.33925
 -1.01247
 -1.21112
 -1.42636
 -0.464332
 -0.0264467
 1.19909
 0.693886
 1.11505
 1.40072
 1.0331
 1.44046
 0.108339
 -0.103188
 -1.0137
 -1.16147
 -0.871903
 -0.423638
 0.171909
 0.377072
 0.04382
 0.938144
 0.2929
 -0.82668
 -0.922125
 -1.34102
 -2.17621
 -1.66246
 -0.594712
 -0.86386
 -0.195359
 -0.787891
 -0.395574
 -0.0935715
 -0.506429
 0.106158
 0.281545
 -0.389504
 -0.32102
 -1.56535
 -1.40137
 -0.271121
 -0.884252
 -0.178034
 -0.776897
 -0.893786
 -0.551896
 0.334071
 0.416578
 0.254432
 -0.27335
 -0.242412
 -0.515587
 0.0624984
 0.591616
 0.475634
 0.152087
 0.11444
 -0.114327
 -0.0303854
 0.7857
 1.43958
 -0.156923
 0.441016
 -1.23609
 -1.41623
 -0.512161
 0.132569
 -1.36187
 -0.627505
 -1.00639
 -1.21457
 -0.539809
 -1.23333
 0.682041
 0.319283
 0.564524
 0.720332
 0.392335
 -1.56332
 -0.119774
 -0.407079
 -0.801956
 -0.0104215
 -1.39307
 -1.45947
 -1.16152
 -0.559749
 -0.722977
 -0.311212
 -1.84722
 -0.339151
 -1.82185
 0.288418
 -0.0897036
 -1.72523
 -1.35657
 -2.02494
 -1.44844
 -1.81063
 -0.537303
 -0.719525
 -0.0584565
 0.642725
 -0.20958
 0.129118
 -0.282547
 0.515569
 0.37782
 0.390824
 0.569823
 -0.213568
 0.369224
 -0.0353656
 0.773938
 -0.0468587
 -0.772362
 -0.127364
 0.531074
 -0.116247
 0.502259
 0.207515
 -1.39927
 -0.853826
 -0.714672
 -0.58429
 -0.239123
 0.467097
 0.304357
 0.274891
 -0.44612
 0.0436831
 -0.370925
 -0.512709
 -2.16787
 -1.79993
 -1.17587
 -0.950108
 -1.32541
 -0.624458
 -0.176601
 0.286062
 0.880238
 0.816476
 0.364624
 -1.13396
 -0.36929
 -1.75076
 -0.994114
 -1.04435
 -0.169684
 0.00425011
 -0.0730376
 0.330939
 0.500687
 1.28875
 0.430924
 -0.202775
 0.450196
 0.0633146
 0.315106
 0.787359
 0.387817
 -0.0612557
 -1.24098
 -1.31209
 0.140219
 0.00264258
 0.21702
 -0.433951
 -0.0826642
 0.297533
 -0.00518685
 -0.475517
 -0.315597
 -0.705271
 -0.495537
 -0.508614
 0.0448427
 -0.642238
 -1.79889
 -1.23046
 -0.993924
 -1.18732
 0.0778727
 0.263108
 0.645921
 0.919595
 0.947569
 -0.141604
 -0.163623
 0.0791109
 -0.767637
 -0.352983
 -1.31166
 -1.41257
 -1.05521
 0.053694
 0.227185
 -1.48493
 -0.404105
 -0.121423
 -0.369816
 -1.64538
 -0.61641
 -0.63495
 -0.334822
 -0.834352
 -0.532542
 -0.0405695
 0.397147
 0.446754
 0.406772
 0.869098
 0.270211
 -0.828755
 -0.47293
 0.57167
 -0.0293952
 -1.57107
 -0.898799
 -1.75182
 -0.731863
 -0.983246
 -1.67781
 -0.844864
 -1.02826
 -1.00296
 -1.62457
 -0.193767
 -0.282282
 -0.0697067
 0.502902
 0.799515
 -0.0916585
 1.87159
 1.30095
 0.741545
 2.50069
 0.519711
 0.897631
 0.491297
 0.931136
 -0.0577235
 -0.210574
 -0.431941
 0.218123
 -0.427436
 -0.111436
 -0.759623
 -0.083612
 -0.619385
 -0.316518
 -0.871324
 -1.40416
 -1.6473
 -1.03985
 -1.55763
 -2.66231
 -1.22604
 -0.538806
 0.152382
 1.00603
 0.867953
 0.611889
 -0.228944
 -0.101154
 -0.774198
 -1.49715
 0.358248
 1.35699
 0.144347
 -0.499987
 -0.87381
 -0.00188991
 0.125743
 -0.592256
 -0.229842
 -2.09734
 -1.168
 -0.949693
 -1.22831
 0.767005
 0.617985
 0.622094
 1.89521
 0.983928
 1.33863
 2.05475
 1.09852
 1.15392
 0.472177
 0.0411685
 0.221469
 0.0902533
 -0.109685
 1.11018
 0.533928
 0.0256996
 -0.00781698
 1.00027
 0.834453
 -0.0817761
 -0.325147
 -0.645234
 -1.80793
 -1.58013
 -0.573472
 -1.23821
 0.886173
 -0.234147
 -0.0722777
 -0.022448
 -1.34641
 -1.62076
 -1.03489
 0.114809
 0.391745
 0.668171
 0.359649
 -1.14835
 -0.165909
 0.267249
 -0.927022
 0.888911
 0.987482
 -0.00485129
 -0.340719
 -0.332844
 0.196549
 -0.550645
 -0.780739
 -1.09664
 -0.571434
 0.233391
 -0.0720282
 1.37614
 0.11915
 0.375319
 0.469553
 -0.446621
 0.132278
 0.370503
 0.80232
 0.814384
 0.736576
 0.59822
 0.584184
 -0.153024
 -1.08707
 -1.47058
 -0.776167
 -1.03541
 0.253818
 -0.00836643
 0.00660618
 -0.501167
 0.053569
 0.270422
 0.404862
 0.247328
 0.383813
 0.495279
 0.490956
 0.51801
 -0.317428
 -0.171686
 0.673424
 0.263534
 -0.463778
 0.0926447
 -1.01807
 -0.733927
 -0.443172
 0.0347676
 0.381682
 0.657188
 0.577725
 0.969724
 -0.863217
 0.102321
 0.429848
 0.0614009
 -0.803455
 -1.12669
 -0.635401
 0.112187
 -0.798316
 0.216908
 0.474424
 0.134478
 0.711848
 0.665596
 -1.09508
 -1.19569
 -0.648289
 -0.131489
 -0.623476
 -1.07631
 -1.43124
 -0.774356
 -0.834914
 -0.440415
 -0.872796
 -0.611332
 0.160197
 0.294136
 -0.784056
 -0.0929643
 -2.01657
 -1.51508
 -1.06791
 -0.285531
 -0.241746
 -0.375874
 -0.355075
 0.238274
 0.62542
 -0.405118
 -0.683251
 -0.466885
 -0.10638
 -0.636441
 -0.598338
 -2.06505
 -0.807048
 -0.948445
 -0.402693
 0.222592
 -0.392949
 0.544717
 -1.63355
 0.242115
 -0.716431
 -1.13743
 -1.29009
 0.419565
 0.352708
 -0.192484
 -0.612554
 -0.173756
 0.17208
 -0.0997941
 0.170558
 1.41846
 0.753187
 0.90813
 -0.0761201
 -0.35527
 0.603416
 -0.291827
 -0.386047
 -0.50319
 -0.502159
 0.201158
 0.550325
 -0.160063
 0.153051
 -0.566893
 -0.17935
 -1.41334
 -0.630706
 0.0802227
 1.00573
 0.650188
 2.47715
 0.534819
 0.818174
 0.707617
 0.8511
 0.693983
 -0.0640401
 -0.639929
 -0.122235
 0.425035
 0.939482
 0.73613
 -0.214063
 -0.400569
 -0.785105
 0.0114758
 0.536664
 0.859783
 -0.099566
 0.526356
 0.788803
 1.77018
 0.334979
 -0.680986
 0.199803
 0.215999
 1.81643
 2.45096
 1.24014
 1.20341
 0.954981
 -0.00409908
 0.378066
 -0.12521
 0.327753
 0.740624
 0.0302702
 -0.674022
 -0.606466
 0.158976
 0.0783641
 1.7437
 1.26517
 0.608099
 0.532844
 -0.00914574
 -0.317516
 0.403559
 -0.0674515
 0.264028
 0.422186
 0.379511
 0.466773
 0.741072
 0.738597
 0.423532
 0.0926016
 -0.886259
 -0.263742
 -0.848247
 -0.906314
 -0.347698
 0.33513
 -0.682537
 -1.19056
 0.631563
 0.336099
 0.741515
 1.58815
 1.8641
 0.795059
 0.319576
 0.52285
 0.365813
 -0.697374
 0.0439807
 -0.260916
 -0.165276
 0.708037
 0.562417
 0.26646
 0.507211
 0.0843742
 0.422219
 0.424244
 0.601219
 0.352782
 -0.429312
 -0.907872
 0.632038
 0.993498
 -0.186797
 0.149237
 1.07006
 0.711364
 -1.40429
 -1.42077
 -0.713433
 -1.1606
 -1.33915
 -1.22648
 -1.29894
 -1.51725
 -1.11663
 -1.04785
 -0.388137
 -1.17612
 -1.2306
 -1.77931
 -1.41797
 -0.4268
 0.538492
 0.498018
 1.17278
 0.806815
 -0.193006
 0.725915
 -0.190562
 -0.524161
 -1.09825
 -0.683596
 -0.707441
 -0.569958
 -0.467907
 -0.997645
 -1.21814
 -2.05921
 -1.76403
 -0.963823
 -0.580335
 -1.14713
 -0.630264
 -0.58207
 -0.321338
 -0.0222224
 0.0957444
 -0.6119
 -0.61964
 -0.197531
 -1.05961
 -0.12062
 -1.0608
 -2.10277
 -1.35321
 -0.442856
 -0.861304
 -1.1436
 1.34631
 0.337631
 0.656957
 0.967274
 1.4757
 2.48787
 1.89413
 1.75455
 1.35723
 0.998964
 0.719962
 0.107188
 -0.766276
 0.122773
 0.397507
 -1.13141
 -0.471243
 -0.380381
 -0.515108
 -0.305463
 0.423172
 0.0167112
 -0.664359
 0.135521
 0.60749
 0.0188085
 0.159957
 -0.591032
 -1.04964
 -0.238515
 0.183333
 -0.602881
 -0.66159
 0.00278731
 -0.608989
 0.277834
 1.17707
 1.19665
 2.06135
 1.62546
 0.828976
 1.15593
 0.0308749
 0.442897
 1.39088
 0.740421
 0.174818
 0.184505
 0.0635912
 0.367357
 0.59865
 0.456961
 -1.32529
 -0.881622
 -0.432057
 -0.998173
 -0.98473
 -1.33439
 -0.697299
 -0.802959
 -1.47681
 -0.470983
 -0.218425
 -0.780268
 -0.98737
 -0.575049
 -2.20872
 -1.09771
 0.0405732
 -0.0672618
 0.430367
 0.757932
 0.554923
 0.549159
 1.09928
 1.31753
 -0.0848911
 -0.10189
 0.895546
 1.41645
 0.659202
 1.83758
 2.44246
 -0.540484
 -0.277022
 0.30558
 0.46831
 0.823684
 1.04289
 0.306922
 -0.104821
 -0.662915
 -0.13626
 -0.074918
 -0.322814
 0.415987
 -0.713
 0.184533
 0.559992
 0.0288577
 0.297932
 0.265665
 1.34719
 0.668212
 0.52878
 0.557668
 -0.399777
 -0.796194
 -0.562855
 -0.379902
 -0.347596
 0.792549
 -0.297727
 -0.70573
 -0.453835
 0.336364
 0.016511
 0.064788
 -1.94339
 -1.50281
 -1.36857
 -0.570506
 -0.0939155
 -0.335583
 -0.953201
 -0.28575
 0.0953509
 0.278285
 1.70278
 0.385706
 -0.0682147
 -0.460758
 -1.00138
 -1.55944
 -1.55869
 -1.06143
 0.95424
 1.18735
 1.06957
 0.871025
 0.906406
 2.46783
 3.45944
 3.19018
 2.14646
 2.53278
 1.82318
 0.888463
 1.0338
 1.21898
 1.14578
 -0.729357
 -0.478003
 -0.944784
 -0.0384173
 -0.601866
 0.235
 0.761921
 1.83749
 1.26604
 1.71455
 1.00506
 2.52413
 1.08607
 0.768494
 -0.34647
 -0.900993
 0.852154
 0.209216
 -1.40831
 -0.70732
 -0.138607
 -0.250537
 -0.1027
 -0.422874
 -0.253994
 0.571049
 0.551585
 1.07726
 0.051341
 -0.498488
 -1.03473
 -1.39724
 -0.781901
 -0.736601
 -0.387753
 -1.78995
 -2.42885
 -1.33317
 -1.19225
 -2.06553
 -1.70437
 -1.43752
 -0.509883
 0.376721
 0.637374
 -0.225686
 0.324565
 0.67054
 0.326938
 0.568298
 0.630384
 -0.796381
 -0.136019
 -0.20958
 -0.992753
 0.425308
 1.25777
 1.43947
 1.02835
 -0.0345354
 -0.491373
 -0.212789
 0.0154526
 0.509096
 -0.383894
 0.320045
 1.45177
 -0.0542538
 -0.673259
 -1.57137
 -2.68347
 -1.83233
 -1.59167
 -2.65159
 -0.573791
 -0.758707
 -1.00052
 0.0699427
 -0.171062
 -0.614102
 -0.307977
 -1.01765
 -0.17098
 -0.523997
 -0.541558
 -0.91977
 -0.324504
 -2.14766
 -1.12652
 -1.21233
 -1.34091
 -1.46289
 -1.44531
 -1.81892
 -1.67473
 -2.68754
 -1.0331
 0.0212834
 0.651641
 1.16463
 1.49502
 1.21902
 2.68702
 2.14548
 2.27286
 0.43698
 1.95752
 1.652
 1.62759
 1.56435
 1.00518
 0.762772
 0.711939
 0.672936
 0.791599
 -0.420602
 0.323512
 0.332871
 -0.451141
 -0.705902
 0.391751
 0.558225
 1.32956
 0.875682
 2.3888
 1.76404
 2.41036
 1.90632
 2.21924
 0.535686
 0.27411
 0.579437
 -0.564063
 -0.999577
 -1.1952
 -0.170977
 -0.517317
 0.437099
 0.39981
 1.19674
 1.40927
 1.76715
 0.416902
 0.766495
 -0.412503
 -0.00167905
 -0.871733
 -0.660953
 -1.84734
 -1.25305
 0.171874
 -0.175155
 0.207774
 0.905988
 0.823822
 -0.388817
 0.457594
 0.633469
 0.696414
 0.680243
 -0.0555975
 -0.81249
 -0.99109
 -0.564921
 -1.20757
 -0.341543
 -0.973358
 -0.115617
 0.256925
 0.540843
 0.548872
 0.443414
 0.654852
 1.42094
 -0.0394016
 0.199385
 0.997569
 -0.492818
 -0.879583
 0.651115
 -0.107453
 0.0601247
 -0.286804
 -0.17307
 -0.211861
 -0.349213
 -0.136192
 -0.266997
 -0.0498019
 0.904042
 -0.15912
 0.573884
 -0.366136
 0.24153
 0.52069
 0.181327
 0.283476
 -0.576289
 0.198138
 -0.294171
 0.256425
 -0.099056
 0.0543924
 1.00024
 0.569307
 0.694467
 -0.0284219
 0.577717
 -0.332486
 -0.503847
 -1.76307
 -1.4925
 -0.43739
 -0.17767
 1.11747
 0.469784
 1.89249
 -0.512551
 -0.0976593
 0.710391
 0.41058
 -0.268862
 0.182196
 -0.40634
 -0.52908
 -0.915604
 -0.743224
 -0.248678
 1.76426
 1.13465
 1.10496
 2.58919
 2.04953
 2.51777
 3.4937
 2.49471
 1.61563
 1.31066
 1.58804
 3.06642
 0.886079
 1.846
 2.42731
 2.31649
 1.72461
 0.323081
 0.240426
 0.50627
 1.14105
 1.55069
 1.23974
 0.648247
 0.577962
 0.41547
 -0.458618
 -0.290222
 -0.238245
 -1.78678
 -0.0308682
 -0.359497
 0.0154594
 1.00134
 0.97236
 2.06978
 1.47876
 1.82654
 1.85352
 2.18591
 2.17419
 1.65707
 1.0502
 -0.184716
 0.108712
 -0.127482
 1.38375
 0.998011
 0.807029
 0.337828
 0.609978
 0.305653
 0.695447
 -0.105949
 0.128181
 0.326569
 0.939654
 0.664133
 -0.154987
 -0.40648
 0.229282
 0.27748
 -1.10485
 -0.402095
 1.45927
 0.989171
 1.43201
 1.39915
 1.40489
 2.28958
 3.16574
 1.56795
 1.80042
 1.03347
 0.872845
 0.678323
 0.231498
 0.578293
 -0.322087
 -0.837902
 -0.420473
 -0.309127
 -0.369012
 0.535289
 0.969109
 0.168779
 0.227704
 -0.449913
 -0.621723
 0.199272
 -0.418245
 0.00487336
 0.488091
 0.175077
 2.20669
 0.452513
 1.9421
 1.04613
 -0.0111095
 0.600161
 0.632174
 0.663312
 0.944163
 -0.669491
 0.0536368
 -0.148541
 0.449824
 2.06183
 0.794084
 -0.358654
 -0.536612
 -1.04927
 -0.688485
 0.0855011
 0.284133
 0.496357
 0.0687982
 0.763871
 1.18731
 1.11582
 1.08889
 1.11052
 -0.127841
 0.270232
 0.671708
 0.66628
 2.08839
 0.847352
 0.885497
 0.0441322
 0.5811
 -1.07148
 -0.229514
 -0.993029
 -0.941521
 -0.959763
 -2.2803
 -0.870139
 -0.533959
 -0.602671
 -0.538665
 -0.0879142
 -0.679934
 -1.04479
 -0.410483
 -0.687053
 0.27867
 1.05178
 1.96145
 0.568082
 2.24574
 3.29607
 1.82305
 1.27329
 0.200582
 -0.205823
 -0.103953
 0.0389998
 0.0425797
 0.23869
 0.61419
 0.612768
 0.173574
 0.480357
 0.933553
 0.167056
 -0.147015
 -0.109646
 -0.441192
 -0.0457905
 0.0625282
 0.550238
 -0.284205
 0.167077
 0.0909163
 0.972146
 -0.0504048
 -1.94019
 -0.427114
 0.300541
 0.481535
 -0.164432
 -0.462532
 0.268871
 -0.0139711
 -1.8707
 -0.547478
 -1.64685
 -1.05029
 -0.398968
 -0.658372
 0.766964
 -0.0438629
 0.376225
 -0.451442
 -0.770789
 -1.11949
 -1.06181
 -1.19332
 -1.07406
 -1.19019
 -1.19084
 -2.09749
 -0.935911
 -1.44549
 -2.40084
 0.300981
 0.100978
 -1.18445
 -0.201631
 0.62818
 0.7802
 -0.0171292
 0.191768
 -0.0752082
 0.28988
 1.30846
 0.629097
 1.35752
 0.0773455
 1.1927
 1.05772
 -0.229898
 -0.292535
 0.357724
 0.356651
 0.258296
 -0.348197
 -0.719702
 -0.807821
 0.139794
 -0.545934
 -0.477382
 0.150245
 0.0153394
 -0.717414
 -0.736486
 0.0714217
 0.507831
 0.114157
 -0.679433
 -1.30662
 -1.3839
 -2.57517
 -0.81302
 -0.711138
 -0.31431
 -0.72595
 -0.780375
 0.827213
 1.61259
 1.61215
 0.479933
 0.895392
 0.755378
 1.43379
 0.539398
 1.15098
 1.50929
 2.51332
 1.45293
 0.722748
 -0.140603
 1.63087
 0.945873
 -0.0422032
 0.5073
 0.461442
 0.58968
 0.533758
 0.136582
 0.544966
 1.32316
 0.387392
 1.21449
 -0.0108963
 -0.712077
 -0.104102
 -0.738846
 -1.28417
 -0.53307
 -0.357015
 -0.701023
 0.989206
 0.612569
 0.761831
 0.134915
 0.099904
 -0.56909
 0.0210326
 0.165861
 -0.862713
 -1.06628
 -1.02413
 -0.52789
 -0.551076
 -0.83529
 -0.304175
 0.385193
 1.02533
 1.09216
 1.45123
 2.34642
 1.95925
 1.37398
 2.60098
 2.35516
 1.76505
 1.31002
 1.38917
 2.86792
 1.00772
 1.47664
 2.09559
 0.737477
 -0.372643
 0.179978
 -0.449024
 -0.815824
 -0.330734
 0.667792
 -0.0260803
 0.318617
 0.251865
 0.724236
 0.420558
 -0.429087
 0.15538
 -0.433004
 -0.285083
 -1.79183
 -1.01876
 0.0650399
 -0.18732
 -0.2506
 -0.130954
 -0.382921
 -0.370547
 0.12533
 -1.74572
 -2.84955
 -2.13708
 -1.25393
 -1.20425
 -1.51879
 -1.59978
 -1.12345
 -0.254532
 0.242812
 -0.678066
 -0.0264775
 1.23346
 2.16172
 1.03842
 0.152665
 1.38157
 0.88742
 0.660152
 0.838943
 0.705461
 0.518961
 0.46708
 0.58061
 0.176223
 0.424884
 0.768562
 1.6502
 1.26745
 2.77618
 2.03557
 2.56764
 1.5946
 2.01184
 1.93061
 1.39048
 0.747066
 1.00561
 0.175019
 -0.553057
 -0.162362
 -0.269861
 -0.100654
 -0.221617
 0.293518
 -0.696316
 0.625993
 -0.172746
 0.282312
 0.294017
 -0.732481
 0.869498
 0.0782766
 0.536217
 -0.499797
 -0.667064
 -1.82529
 -1.41613
 -0.898967
 -1.92628
 -0.304425
 -0.279381
 -0.685007
 -0.0043422
 0.478911
 2.20077
 2.09554
 2.54728
 1.85696
 1.78354
 1.51289
 1.74448
 1.39145
 0.460352
 1.31665
 1.01451
 0.811234
 1.53797
 2.35616
 1.41742
 1.58426
 1.91253
 0.353611
 0.777911
 -0.341922
 -0.0984375
 -0.928398
 -0.122776
 0.333779
 0.606112
 0.384031
 -0.888767
 -0.396281
 -1.33514
 -0.482577
 -0.8943
 -0.53906
 -0.893116
 -0.717161
 -0.605317
 -0.309696
 -0.666804
 0.438867
 -0.429038
 -0.8203
 0.0935084
 0.717533
 -0.135151
 -0.0207217
 -0.4141
 0.282029
 -0.648543
 -1.00556
 -0.858608
 -1.18199
 -1.11482
 -1.30661
 -0.822674
 -0.310561
 0.420454
 0.906102
 -0.604183
 -0.295877
 0.477569
 0.273337
 -1.69041
 0.198145
 -0.158555
 0.394735
 0.351513
 0.178931
 0.00616057
 -0.0206718
 -0.792964
 0.0210981
 -0.686376
 -0.854824
 -0.292408
 1.68249
 1.2479
 0.691333
 0.0834405
 -0.486995
 -0.2403
 0.358179
 -0.483419
 0.147847
 0.817906
 -0.0296465
 -0.127538
 -0.279384
 -0.706127
 1.66531
 0.821301
 -1.5527
 0.0288248
 -1.84007
 -2.86205
 -1.52679
 -1.48988
 -0.450497
 0.171641
 0.779512
 0.0811706
 -0.185772
 0.217168
 0.317022
 0.898078
 0.809028
 -0.21746
 0.254509
 0.34597
 0.0962729
 -0.0220289
 -0.30754
 0.222849
 0.409554
 1.07613
 0.869578
 0.62047
 0.527606
 0.124797
 -0.460023
 0.00767904
 -0.0776417
 0.309086
 0.224863
 0.726194
 0.740385
 1.28105
 1.2283
 0.459219
 0.305801
 -0.243526
 -0.253968
 -0.245198
 0.144915
 0.289916
 0.189482
 0.0325486
 -0.379219
 0.151881
 -0.662607
 -0.646673
 -0.946063
 -1.49509
 -0.819528
 -0.598073
 0.19642
 -0.240725
 0.2708
 0.762598
 1.51191
 1.87975
 1.77522
 0.967981
 1.56751
 1.23592
 0.870189
 0.438582
 0.428698
 0.653254
 1.43977
 1.17543
 1.10033
 1.29155
 0.983163
 1.83651
 0.174594
 -1.69776
 0.154821
 0.137629
 0.731819
 0.38812
 -0.436849
 0.273905
 0.333563
 -0.238811
 -0.171953
 0.599173
 -1.54512
 -0.615176
 -0.111836
 -0.60019
 -0.930062
 -1.04028
 -0.114348
 -1.57705
 -0.462694
 -0.69006
 -2.32443
 -0.881961
 -2.03285
 -1.28903
 -1.31878
 -1.45396
 -1.85781
 -0.872954
 -2.40057
 -0.937986
 -1.09057
 -1.34627
 -1.35455
 -1.08824
 -0.7692
 -0.575399
 -0.223776
 -0.250718
 -0.388647
 -0.799854
 -0.258087
 -0.73413
 -2.0273
 -1.40632
 -2.57052
 -1.11942
 -0.829104
 1.10893
 0.469744
 0.996285
 1.59435
 0.579346
 0.351446
 0.335199
 1.2619
 0.155842
 0.190426
 0.418533
 0.419419
 -0.0620203
 0.86428
 -0.314026
 -1.37932
 -1.01792
 -0.96044
 -1.19212
 -0.469079
 -0.342991
 -0.153151
 0.962618
 0.000541093
 -0.455632
 0.135761
 -0.563845
 0.0369362
 -1.0671
 -1.00691
 -1.23988
 -1.28089
 -0.771762
 0.969597
 0.249078
 -0.145466
 -0.128667
 -0.211241
 0.326208
 -0.850093
 -1.06747
 -0.497181
 -0.875263
 -2.35465
 -1.67937
 -2.25049
 -0.880953
 -0.933624
 -0.949643
 -0.675126
 -2.17507
 -0.309417
 -2.01093
 -1.29165
 -0.78392
 -0.24688
 -0.824497
 -0.782847
 -0.847158
 -0.358352
 -0.903732
 -1.59376
 -0.797252
 -1.08245
 -0.923335
 -0.439779
 -1.13004
 -0.776831
 -1.19758
 0.0157082
 0.298134
 -0.403433
 -0.572136
 -0.650673
 -0.340332
 -0.368995
 -1.1144
 -1.30122
 -2.30384
 -1.96867
 -1.42673
 -0.903681
 -0.333404
 0.591772
 0.779105
 0.48922
 0.779728
 0.622883
 -0.711264
 -0.127443
 -0.715495
 -2.29439
 -1.63453
 -0.430592
 0.0633322
 1.18515
 1.68906
 1.92754
 1.59786
 2.07473
 2.20488
 0.870428
 -0.321492
 -0.245999
 -0.69176
 -1.09173
 0.158315
 -0.145858
 -0.643904
 -0.0974248
 0.30949
 0.843319
 0.0982759
 -0.0140084
 0.374024
 1.38118
 0.0824916
 0.573139
 -0.376954
 -0.953292
 -0.614208
 0.106058
 0.655044
 1.16266
 1.3705
 0.597391
 -0.106685
 -0.309835
 0.0464512
 0.42387
 1.00088
 0.569632
 0.41151
 0.0888884
 0.351045
 0.522152
 0.114215
 0.542892
 0.401185
 0.820353
 1.24071
 1.06796
 0.663653
 1.09262
 0.365552
 0.742913
 0.340204
 0.226299
 -0.734049
 -0.254064
 1.12385
 0.926774
 0.379439
 -0.0754707
 0.178165
 0.332612
 1.51551
 1.04014
 -0.00155541
 0.0867555
 -0.320082
 0.388627
 -0.0337523
 -0.131716
 -0.228603
 -0.0921079
 0.435223
 0.690988
 1.14838
 0.580331
 -0.215955
 0.550365
 0.248489
 0.00874668
 -0.757568
 -0.217061
 -0.300473
 0.130525
 0.262691
 0.59894
 0.543834
 0.552371
 0.433371
 -0.0680716
 -0.021553
 -0.680378
 -1.13408
 -0.813514
 -0.122845
 0.510108
 0.574023
 0.240475
 0.952799
 0.122245
 0.965626
 0.749935
 0.687469
 0.695138
 0.657745
 -0.319429
 1.00567
 0.868311
 1.004
 0.0592391
 -1.77873
 -0.396136
 -1.0377
 -1.03714
 -0.502796
 -0.184175
 -0.72315
 0.357838
 0.514544
 0.387457
 -0.289686
 0.156965
 -0.474006
 -0.653276
 -0.110925
 0.357809
 1.10895
 2.3064
 0.933899
 1.13215
 0.856733
 0.822363
 0.96702
 0.40036
 0.788414
 -0.197516
 -0.495176
 -0.77244
 -0.809984
 -1.07182
 -1.11571
 -0.583692
 -0.536931
 -0.975864
 -1.40284
 -0.6339
 0.182832
 0.0801918
 -0.665183
 -1.28177
 -1.22004
 -0.479139
 -0.236986
 -0.991357
 -0.190285
 0.0748325
 1.12555
 -0.0947917
 -0.165987
 -0.952119
 -0.278903
 -0.257792
 -0.46946
 -0.30597
 -0.735486
 -0.405673
 -1.01339
 -0.22693
 -0.183235
 -0.67596
 -1.10732
 -0.733458
 0.1427
 0.0102268
 -0.019302
 -0.369212
 -0.28215
 -0.0609756
 1.17406
 -1.02906
 -0.144635
 -0.290718
 -0.730981
 -0.693432
 0.505178
 0.170065
 0.632199
 0.500892
 -0.327098
 0.925966
 1.63144
 0.936243
 1.03412
 0.606389
 0.729559
 1.86164
 1.7529
 0.895058
 0.576835
 -0.267443
 0.203136
 0.120363
 0.522874
 1.29942
 0.857877
 1.23356
 0.979569
 0.218273
 0.166772
 0.485266
 0.0224756
 -0.575126
 -0.267058
 0.0216277
 -0.419363
 0.35834
 0.839262
 0.915381
 1.08471
 1.56444
 -1.06606
 0.756063
 -0.422624
 -0.48
 -0.526339
 -1.29923
 -1.37005
 -0.758889
 0.12742
 0.52933
 -0.142234
 0.0160422
 -0.849683
 -1.84728
 -0.584119
 -0.489376
 -0.223668
 0.230472
 0.338291
 0.207749
 -1.41824
 -0.660987
 -0.182505
 0.27365
 1.35968
 1.37572
 1.05227
 1.03808
 1.47122
 1.65527
 2.44568
 2.13057
 1.20102
 1.79323
 1.18792
 0.000990944
 -0.177644
 0.00303724
 -0.805293
 -1.0437
 -0.331633
 -0.675631
 -0.443323
 -0.615463
 -1.33317
 -1.41012
 -0.595099
 -0.781621
 -0.223075
 -1.19776
 -0.275847
 0.0511263
 -0.81313
 -0.197816
 0.223314
 0.309233
 0.426861
 1.34499
 0.98598
 1.01516
 1.35401
 0.93352
 0.210354
 -0.372118
 -0.508749
 -0.754743
 -1.02665
 -0.42016
 0.139971
 0.0228953
 0.63089
 0.673714
 0.268705
 -0.209602
 0.772065
 0.709652
 -0.0983637
 -0.372619
 -0.540466
 -0.509413
 -0.561213
 0.879904
 0.631155
 1.05893
 2.21644
 1.81937
 2.15983
 0.36795
 -0.750669
 -1.02071
 -0.922966
 -0.439084
 -1.41396
 -0.923872
 -0.464767
 -0.215913
 0.276184
 0.708056
 0.792145
 0.402311
 -0.46551
 -0.151083
 0.501904
 0.0385575
 0.073376
 -1.03893
 -0.214191
 0.120207
 0.461807
 1.07731
 0.774345
 1.06268
 1.3403
 0.81144
 0.322383
 0.302552
 0.428173
 0.347063
 -0.387121
 1.88246
 -0.0331292
 1.0783
 1.52628
 1.71759
 0.962896
 0.173301
 0.356277
 0.460552
 0.324271
 -0.112527
 0.0895231
 -0.646754
 -0.346105
 -0.686366
 0.123041
 1.31167
 0.837274
 2.00228
 1.12352
 1.23752
 0.955875
 0.921435
 0.769401
 0.554183
 0.757579
 -0.214497
 -0.771754
 0.756899
 0.795036
 0.60553
 -1.19836
 -1.04798
 -1.15758
 -1.43505
 -1.35626
 -0.575349
 -0.657177
 -0.18159
 -0.101451
 0.833805
 -0.154119
 -0.297529
 -0.769639
 -0.397334
 -0.388245
 0.789383
 1.15491
 1.91814
 1.69483
 1.35022
 1.24148
 0.459207
 0.704265
 1.08427
 0.81763
 0.681
 0.578011
 0.534
 0.424149
 0.624948
 0.663971
 1.52343
 0.0943876
 -0.691905
 -0.246545
 -0.415295
 0.230905
 -0.774282
 -0.877547
 -0.0838212
 0.870193
 -0.0249067
 -0.555336
 -1.08067
 -0.628646
 -0.492716
 1.02885
 0.955705
 0.904241
 0.660576
 -0.911733
 -0.296254
 0.239378
 0.607417
 0.0376485
 0.0637628
 0.604491
 -0.51311
 0.207206
 0.141704
 1.39011
 0.732645
 0.265728
 0.958219
 1.44917
 0.502329
 0.512489
 -0.495677
 -0.11389
 -0.50509
 -0.341579
 -0.610038
 -0.767367
 -0.493753
 0.242053
 0.471172
 0.192807
 0.35523
 0.663689
 -0.450128
 -0.347512
 0.0213659
 0.213104
 0.372949
 -0.0623431
 -0.101175
 -0.390231
 -0.457972
 -0.309491
 0.208311
 1.76269
 1.58726
 -0.54197
 -0.878927
 -0.00105017
 -0.63085
 -0.138533
 -0.356688
 0.0494758
 -0.413725
 -0.381832
 -0.260509
 -0.0731117
 0.770183
 0.655311
 -0.300722
 -0.646514
 0.105111
 -0.627963
 0.0128879
 0.138027
 -0.019561
 -0.0469055
 0.82444
 -0.221004
 -0.492532
 -0.959778
 0.0505295
 1.06868
 0.98849
 1.87171
 1.23361
 1.15167
 0.12395
 -0.437481
 -0.503857
 -0.285245
 0.219047
 0.533313
 1.3701
 0.00385588
 1.79975
 1.39167
 1.20421
 0.83988
 0.535605
 1.90715
 1.86769
 1.50469
 1.17723
 0.35103
 -0.167632
 -0.627
 -0.831525
 0.0204561
 -0.801218
 -0.143727
 -1.63821
 -0.329231
 -0.920684
 -0.2987
 -0.133561
 -0.704376
 -0.222432
 0.343239
 -1.25133
 -0.478683
 -0.228455
 0.197973
 0.422401
 0.460097
 -0.821882
 -1.17211
 -0.784191
 -0.735598
 -2.2778
 -1.82187
 -2.72149
 -1.30255
 -1.15338
 -0.494592
 -0.00487902
 -0.221182
 -0.212046
 -0.964435
 0.671823
 0.0791718
 0.284757
 0.581274
 0.51927
 1.39971
 0.155645
 -0.100182
 0.00901849
 -0.300012
 -0.566683
 0.715039
 0.302872
 0.36475
 -0.446132
 -0.75938
 -0.157109
 0.0825534
 0.504849
 -0.2768
 0.175558
 0.217771
 1.05654
 1.17471
 1.82997
 2.22182
 3.0448
 2.11525
 1.63377
 1.08162
 0.922567
 0.971665
 1.45771
 0.77494
 1.47791
 0.714357
 0.616638
 0.967162
 0.212999
 -1.49837
 -0.531647
 -0.43659
 -0.0374366
 -0.493709
 -0.9306
 0.0656592
 1.49712
 1.43142
 1.63722
 1.12155
 1.37415
 1.08898
 1.44377
 0.873691
 1.78884
 0.542486
 -0.345744
 0.0439314
 0.185552
 0.0807902
 1.35876
 1.39513
 1.7278
 1.50788
 0.262002
 0.126037
 -0.604585
 0.0687401
 0.458213
 0.778845
 -0.511499
 -0.0825675
 0.220842
 -0.684266
 -0.885299
 -1.13841
 -0.185081
 0.191055
 0.585692
 -0.958051
 -0.469359
 -0.247238
 -0.836212
 -1.17965
 -1.41405
 -0.721949
 0.354435
 0.888237
 1.33155
 0.0265079
 0.543117
 0.566401
 -0.105949
 -0.137814
 0.0783968
 -0.313097
 1.05506
 1.87164
 0.839207
 2.0004
 1.24876
 1.24083
 0.910051
 1.94183
 1.0321
 0.352008
 -0.310041
 -0.467029
 -0.877613
 -0.930775
 -0.505421
 -0.698311
 -1.01958
 -0.883262
 -2.37832
 -1.32551
 -2.28152
 -1.65783
 -1.32741
 -1.4494
 -2.59315
 -2.08344
 -1.18363
 -1.4267
 -0.770089
 -0.539111
 -1.09697
 -1.23101
 -1.65479
 -0.0863754
 0.664057
 -0.35952
 -0.750308
 -0.79105
 -0.206678
 0.326054
 -0.482463
 0.505489
 0.392826
 0.695048
 0.646263
 0.195288
 -0.8731
 -0.54442
 0.0908028
 -0.0448933
 -0.465686
 -0.335307
 -0.799121
 -0.486426
 0.120287
 -0.402001
 -0.061778
 -0.550512
 0.307623
 1.86176
 1.21995
 1.28162
 1.31012
 0.995426
 0.140636
 0.508355
 -0.370818
 -0.226859
 -0.280532
 0.418348
 0.271929
 0.832109
 0.310908
 0.407202
 0.0322959
 -0.0766493
 -0.755492
 0.621684
 1.73497
 1.78996
 0.406378
 -0.152056
 0.3863
 0.359968
 -0.286444
 -0.179788
 -0.627123
 0.338655
 -0.840572
 -0.684601
 -0.874448
 -0.0314273
 -0.0851146
 1.60914
 1.35653
 1.51486
 0.343045
 0.585146
 0.152485
 -0.206594
 0.788712
 0.593826
 0.744152
 -0.0123881
 0.00536584
 1.02358
 0.552742
 0.62943
 0.510117
 0.863928
 0.971033
 1.37572
 1.44595
 1.01677
 -0.300104
 0.0886793
 0.237681
 0.59197
 0.471928
 0.298822
 0.308122
 0.209604
 -0.670371
 -1.46168
 -0.593798
 -0.760077
 0.00179083
 0.892092
 0.702045
 0.643908
 0.00181795
 -1.43693
 -0.754029
 -0.447122
 -0.924843
 -1.37123
 -1.21254
 -1.40298
 -1.24283
 -1.36935
 -1.69715
 -0.360304
 -0.853937
 -0.650983
 -1.03055
 -1.20618
 -0.939851
 -0.0485329
 0.81349
 0.944035
 0.726083
 -0.470622
 0.201559
 0.190406
 -0.608789
 -0.617073
 -0.393213
 0.0737597
 0.5639
 -0.403121
 -0.211481
 -0.137212
 -0.403284
 -0.140509
 -0.904583
 -1.10882
 -0.114617
 -0.0516122
 -0.770024
 -1.01757
 -0.567608
 0.562003
 0.419662
 -0.296909
 0.482936
 0.377326
 0.313799
 0.284435
 1.42073
 0.323468
 0.796059
 0.753211
 0.715706
 0.0786875
 -0.329284
 0.0982806
 -0.0545675
 0.265681
 0.474607
 0.0186595
 0.441468
 0.300526
 0.325843
 0.150035
 -0.447707
 -0.15061
 0.173653
 0.425851
 0.832291
 0.265697
 0.526001
 0.331625
 -0.365284
 -0.93655
 -0.261375
 0.558747
 -0.447213
 0.329189
 -0.493349
 -1.02737
 -1.16824
 -0.183104
 0.408517
 0.312232
 -0.598932
 0.609031
 0.233692
 -0.523552
 -0.375868
 0.195646
 0.275068
 0.177499
 0.558275
 1.00963
 0.807353
 0.22639
 0.638262
 0.700124
 0.588764
 -0.603751
 -0.879627
 -1.99574
 -0.829231
 -0.43743
 -0.836701
 -0.906595
 0.303537
 0.443096
 1.0109
 0.754946
 0.153956
 0.49722
 0.649489
 -0.174159
 0.445034
 0.985856
 2.47673
 0.268565
 1.15967
 0.510121
 0.146611
 1.01277
 0.108205
 1.00098
 0.901485
 0.41733
 0.609968
 0.346904
 1.01778
 0.223936
 -0.170259
 1.17121
 -0.0429063
 -0.766296
 -0.819489
 -0.478893
 -0.560569
 -1.61514
 -1.15427
 -0.978919
 -0.18824
 -0.089152
 -0.806283
 -1.08061
 -0.356073
 -2.00897
 -1.24854
 -0.568434
 -0.164371
 -0.364376
 -0.621753
 0.154402
 0.534764
 0.16439
 0.0444804
 -0.219831
 1.05197
 1.18959
 1.41164
 0.089927
 -0.103912
 0.159998
 -0.295167
 -0.11518
 -1.54262
 -0.706183
 -0.957367
 -1.37228
 -1.06221
 -0.929538
 -0.302962
 0.319444
 0.57466
 0.112288
 0.54252
 -0.0731647
 0.691674
 -0.126321
 0.355038
 1.24633
 1.63326
 1.26312
 0.784333
 0.251012
 1.0786
 1.13632
 -0.0790248
 -0.800091
 -0.262235
 0.3657
 0.955881
 1.84895
 2.98006
 2.01032
 1.86029
 0.747521
 0.75399
 0.684028
 0.417883
 -0.178344
 -0.984929
 -0.9418
 -0.419952
 -0.996562
 -1.29205
 -0.889595
 -0.933336
 -0.931857
 -0.590903
 -0.0517112
 0.0686512
 -0.675796
 -1.00383
 0.211268
 0.417505
 0.302497
 -0.353418
 -2.06032
 -1.31774
 -1.62558
 -2.03522
 -0.0412028
 -0.736196
 0.999033
 0.143939
 0.704422
 0.872198
 1.74594
 0.376319
 0.61116
 0.104462
 -0.125192
 0.982056
 0.285389
 -0.405222
 0.50483
 0.583616
 0.206402
 -1.11188
 -0.429203
 0.608164
 0.81895
 -0.904016
 -0.562771
 -1.52196
 -1.63793
 -0.959141
 -0.447432
 -0.914422
 -1.0548
 -0.935062
 -1.04333
 -0.954839
 -1.12865
 -0.46682
 -0.473543
 -0.584761
 0.301857
 1.18627
 1.39906
 0.100861
 -0.149072
 -0.687791
 -2.26704
 -1.07174
 -0.797112
 -1.14447
 -1.37461
 -1.68129
 -0.602149
 -0.0825276
 -0.134853
 0.165659
 0.147462
 0.537879
 0.460902
 2.03523
 0.30033
 0.0077483
 0.0479129
 0.292928
 0.482119
 0.491046
 0.565204
 0.355678
 -0.464155
 -0.847181
 -0.352535
 -0.908569
 -1.18464
 -0.973133
 -0.000373741
 -0.945417
 -1.17948
 -1.51637
 -2.69063
 -1.71038
 -1.52573
 0.091478
 -0.763034
 0.0185441
 -0.777363
 -0.133241
 0.686824
 -0.369119
 0.176994
 -0.301382
 -0.846295
 -1.73812
 -0.216311
 0.481303
 0.851627
 -0.38318
 0.00167809
 0.246882
 -1.84723
 -0.760023
 -0.61684
 0.0521476
 -0.610936
 0.36008
 0.813949
 0.993095
 1.3542
 1.39295
 0.113215
 0.0869543
 -0.124808
 0.535297
 0.149759
 -0.0621435
 -0.649403
 1.30373
 0.151734
 -0.14267
 -0.0210351
 0.449283
 0.281131
 -0.156273
 0.321393
 0.392105
 -0.0847579
 -0.222074
 0.421865
 -0.316641
 -0.659313
 -0.886953
 -0.0711616
 0.30945
 -0.0110094
 -0.23334
 0.0346824
 0.271338
 0.0396478
 -0.518108
 -0.402567
 0.265172
 -0.75105
 0.0439157
 0.29503
 -0.401634
 -0.345547
 0.285096
 -0.654888
 0.167519
 -0.748145
 -0.908927
 1.03633
 1.65411
 1.18447
 1.32943
 0.895724
 0.273212
 -0.201706
 -1.00125
 0.16032
 -0.0150464
 0.725558
 1.46106
 1.03446
 0.950178
 0.943515
 1.58079
 0.915816
 0.775566
 0.928154
 0.725185
 -0.521402
 0.114797
 -0.610956
 -0.569557
 -1.01738
 -0.230682
 -0.693731
 -0.00717602
 -0.438614
 1.20371
 0.679897
 0.232088
 0.189689
 -0.320776
 0.0159498
 -0.0205094
 0.12312
 -0.460109
 0.5241
 -0.172988
 0.180345
 -0.642047
 -0.371742
 -1.33863
 -1.03545
 -1.03056
 -0.708255
 -2.18908
 -1.26211
 -0.944514
 -1.09978
 -2.42902
 -2.21921
 -2.26563
 -1.64138
 -1.58468
 -1.47582
 -1.21749
 -0.619452
 0.235661
 0.411518
 0.067805
 -0.242718
 -0.742465
 -0.507072
 -0.264448
 0.085456
 0.069958
 -0.157417
 0.22248
 -0.377101
 -0.0843657
 -0.828897
 -1.20762
 -0.378298
 -0.189948
 -0.645023
 0.935399
 1.69463
 3.13017
 2.91478
 2.01823
 1.62931
 1.17513
 0.313603
 -0.289329
 -1.30593
 -0.276242
 -0.596055
 -0.135822
 -0.664766
 -1.20976
 -0.628903
 -1.99383
 -0.555615
 -0.136493
 -0.591889
 -0.754
 -0.909157
 -0.269023
 -0.966465
 -1.1671
 -1.07144
 -0.979425
 -0.157933
 0.0831944
 -0.635726
 -0.732658
 -0.224806
 1.36587
 -0.338836
 -0.672479
 -1.03751
 -0.304277
 -0.590521
 0.299631
 -0.0572263
 0.586007
 -0.170235
 1.45421
 0.606028
 0.40239
 -0.265003
 0.880097
 1.4814
 0.74505
 0.822198
 -0.192766
 -0.550086
 -0.0696963
 -0.245366
 -0.92942
 -0.251018
 -0.234888
 -0.386766
 -0.34677
 -0.689311
 0.265653
 -0.608543
 -0.916774
 -0.263584
 -0.586201
 0.501676
 0.149529
 0.395669
 -0.43711
 -0.722679
 0.0988222
 0.476522
 -0.120968
 0.113916
 -0.604129
 -0.121315
 0.546391
 -0.229594
 -1.91498
 -1.2099
 0.52383
 0.462637
 0.359448
 0.599481
 0.9992
 0.336328
 0.063006
 -0.64381
 0.706583
 0.0340223
 -0.607266
 -0.917475
 -0.0958266
 0.480867
 1.43966
 1.0784
 0.871696
 0.76096
 0.578241
 -0.213508
 -0.486805
 -0.102443
 -1.13851
 -1.1618
 0.120375
 0.345846
 -0.366054
 -0.692755
 -0.0295103
 0.411346
 0.329221
 -0.473128
 -0.587597
 -0.666166
 0.290379
 0.291998
 0.335635
 0.367572
 0.284513
 -0.102074
 -0.556263
 -0.679554
 -0.280731
 -0.800846
 0.323799
 0.524999
 1.05772
 -0.111675
 0.24345
 -0.422117
 -0.0484548
 -1.73874
 -0.880894
 0.3543
 0.457144
 0.524273
 0.094329
 -0.138906
 0.0924541
 0.261097
 0.908448
 0.328135
 -0.283651
 -0.70552
 -0.192822
 -0.0468501
 0.0890367
 -1.2952
 -0.481012
 -0.200606
 -0.232675
 0.243373
 -1.64014
 -0.7496
 -0.596778
 0.891237
 0.492221
 0.499489
 0.622819
 1.0096
 0.569633
 0.701878
 1.46954
 1.28362
 1.08619
 1.64318
 0.138644
 -0.430456
 0.159151
 -0.782181
 -0.87743
 -0.799522
 -0.456832
 0.447244
 0.525718
 0.713014
 1.00216
 0.893041
 2.28922
 1.32194
 1.30115
 0.293933
 -0.0469062
 -0.303759
 0.231415
 0.768371
 1.74525
 1.08801
 -0.160489
 -0.756044
 -2.07977
 -1.54138
 -0.547356
 -0.211124
 0.3087
 0.276557
 0.0499065
 -1.05242
 -1.11608
 -1.16627
 -0.716193
 -0.389421
 0.100688
 0.272539
 -0.675931
 -1.79853
 -0.973484
 -2.46107
 -1.88464
 -2.82152
 -1.79621
 -2.77225
 -2.17599
 -2.34631
 -0.366224
 -0.850564
 -0.137857
 0.944531
 0.0868008
 1.54884
 0.956023
 0.735882
 0.062793
 0.338815
 0.444501
 1.14656
 0.314012
 -0.262246
 1.02549
 -0.873776
 0.436763
 1.32763
 0.377259
 -0.57293
 0.425693
 0.231934
 0.435008
 0.5338
 2.2383
 1.17654
 0.68423
 0.481545
 -0.19603
 0.239642
 1.59314
 0.197143
 -0.299254
 0.31909
 0.320715
 0.836449
 1.29897
 0.350409
 0.221173
 -0.243754
 1.54859
 0.0783479
 0.615673
 1.56085
 1.17553
 0.689067
 0.377242
 -0.142699
 1.63756
 0.34182
 -0.152245
 0.243026
 -0.804568
 -0.772783
 0.343574
 0.921518
 0.297379
