 0.45441
 -0.661164
 1.08562
 0.271526
 0.998397
 2.01889
 -0.0629603
 -0.237811
 -0.417375
 1.0148
 1.81449
 -1.95013
 0.440951
 -1.59476
 -1.06741
 -0.132692
 -0.334767
 -0.617315
 -0.826108
 -0.276468
 0.547013
 -0.754298
 0.158773
 -0.692247
 0.0522512
 0.400209
 0.60709
 0.219638
 -0.232225
 0.175679
 -0.35672
 0.125072
 0.400825
 1.1282
 0.671042
 1.01052
 2.24655
 0.688046
 1.16684
 0.405401
 -0.169587
 0.393574
 -0.258358
 -0.358056
 -0.267293
 -0.407131
 -0.997822
 -0.331607
 -1.73853
 0.176084
 -1.77738
 -1.31804
 0.0529751
 -0.787083
 -0.548377
 -1.86942
 0.181287
 -0.535698
 -0.871807
 -0.478082
 0.298353
 -1.14523
 0.0902435
 -0.301543
 -0.319231
 0.110873
 0.367297
 0.230584
 0.443374
 0.433036
 -0.748751
 -1.95665
 0.14568
 -0.808854
 -0.264377
 0.891414
 -0.503627
 0.0234688
 0.412026
 -0.757831
 0.323387
 0.780117
 0.134213
 -0.571208
 -0.0764482
 -0.678836
 -1.25984
 -0.641125
 -0.121715
 0.492839
 0.165752
 -0.621618
 0.699745
 0.430992
 -0.233796
 -0.0554608
 0.0724931
 -0.733722
 -0.541154
 0.908199
 -0.871654
 -0.556027
 -0.440426
 0.471386
 -0.0524128
 -0.118931
 -1.1718
 0.17052
 0.215433
 -0.0160707
 0.414241
 -0.640052
 -0.462578
 0.686175
 -0.0805092
 -0.166785
 -0.0465534
 0.403327
 1.11428
 -0.115721
 0.325422
 -0.456227
 -0.731655
 -1.77413
 -0.373881
 -1.11929
 -0.456879
 -0.0388203
 -0.655941
 0.120912
 1.13499
 0.266026
 0.571352
 0.254889
 0.248476
 -0.709851
 -0.268456
 1.61679
 0.340608
 0.0511943
 0.223136
 0.879176
 0.480481
 0.426246
 -0.690169
 0.442289
 0.478532
 -0.749972
 -0.351765
 0.183349
 -0.565163
 0.617515
 -0.343899
 -0.237231
 0.189599
 -0.605081
 0.15417
 -0.283921
 -0.816491
 0.197414
 0.542314
 0.0780617
 0.322249
 0.573009
 0.338907
 -0.812146
 0.19119
 0.402169
 -1.65484
 0.698985
 0.659195
 0.397388
 0.373614
 -0.523477
 0.208374
 -1.71315
 0.592145
 -0.494911
 -0.273287
 0.377414
 0.0643014
 -0.218857
 0.179124
 0.154464
 0.874027
 1.26462
 0.438754
 0.521045
 0.221537
 -0.0645135
 0.297111
 1.29815
 0.421144
 0.496359
 1.50442
 0.137567
 0.330921
 -0.49738
 1.02395
 0.04961
 0.282266
 -0.421711
 -0.345057
 -0.057243
 -1.95089
 0.273292
 -0.238169
 -0.592826
 0.462283
 -0.966113
 -0.761375
 -1.38775
 -1.95163
 0.327502
 -1.80009
 0.419197
 -0.466409
 -0.0993046
 0.201182
 0.525564
 0.819963
 0.338307
 1.74804
 -0.39164
 0.423212
 -0.207203
 0.691572
 0.450416
 0.339279
 0.281768
 0.16906
 1.02292
 0.455826
 0.24166
 -0.819919
 -0.275984
 -0.0695938
 0.264783
 0.740667
 0.260256
 -0.478822
 0.0581313
 0.31953
 -0.032823
 0.3966
 -0.223167
 0.392098
 -0.0113717
 0.00302345
 0.654961
 0.475425
 1.50771
 0.214917
 0.608384
 -0.075943
 0.0812612
 -0.909408
 -0.00469865
 -0.154031
 -0.542587
 -0.178838
 -0.550671
 0.148282
 0.397657
 0.213152
 -0.913095
 -0.979229
 -0.116547
 0.206753
 0.637862
 0.760337
 0.239017
 -0.22768
 -0.273264
 -0.498275
 0.809281
 -0.348
 0.302708
 0.40938
 0.773892
 0.937151
 1.05702
 0.590593
 0.904656
 0.596155
 0.37484
 -0.767777
 0.384919
 0.448571
 0.358274
 0.0547641
 -0.543682
 -0.67617
 -1.0357
 0.489313
 -1.53512
 0.733779
 -0.66509
 0.113351
 0.329125
 -1.00209
 -0.630762
 -1.34321
 -0.222028
 -0.951191
 -0.496478
 -0.044543
 -0.096249
 1.45984
 -1.92443
 0.412286
 -0.647351
 -1.04153
 -1.66275
 -0.618328
 0.635599
 1.56545
 0.179284
 0.491612
 -0.651953
 -0.951701
 -0.974663
 -0.402595
 0.25907
 -0.520967
 -0.610892
 -0.548326
 -0.110051
 -0.844249
 0.199404
 1.27241
 -1.26154
 0.387387
 -0.0963104
 -0.563098
 -1.97744
 -1.24213
 -0.70949
 0.435354
 -0.737772
 0.309106
 1.58874
 0.602031
 0.611268
 1.00155
 0.0640019
 -0.430942
 -0.0391753
 0.615588
 0.741558
 -0.464527
 0.255227
 -0.423211
 -0.0678785
 -0.498483
 0.600939
 0.239798
 -0.894171
 -0.0636302
 -0.62056
 0.48545
 -0.182745
 -1.53139
 -1.73276
 -0.746825
 -0.81493
 -0.870192
 -1.121
 -0.571626
 -0.524581
 -1.32069
 0.259331
 -0.687526
 0.215984
 0.450758
 0.080385
 -1.18184
 0.13815
 -0.296762
 -0.579017
 0.578226
 0.0253398
 -0.641184
 1.22441
 0.125911
 0.108051
 -0.636949
 -0.830389
 0.112726
 -0.488267
 -0.623044
 -1.0589
 -0.137846
 -0.636619
 0.368293
 -0.26226
 0.0218337
 -1.01178
 -1.17038
 -0.327917
 0.125261
 -5.6942e-05
 0.0628743
 0.671678
 0.36962
 0.399298
 0.930707
 0.307892
 0.600695
 0.115099
 -0.963856
 0.594711
 0.114236
 -0.128397
 0.535133
 -0.646091
 -0.948994
 -0.642283
 0.142741
 0.482946
 0.22352
 0.446469
 0.302804
 -0.30159
 -0.144636
 0.85506
 -0.185683
 0.493382
 -0.24822
 0.433658
 1.08655
 0.00433045
 0.450163
 0.373281
 1.19524
 -1.38311
 -0.200514
 -1.36286
 -0.577135
 0.149824
 -0.0425016
 0.48009
 0.701084
 -0.213152
 -0.701541
 0.380795
 -0.180862
 -0.194843
 -1.03887
 0.272017
 -0.400676
 0.202244
 -0.031812
 0.487103
 -0.559107
 -0.122562
 0.619213
 0.231449
 -0.68593
 -0.0877749
 0.278293
 -0.727287
 -1.21298
 -1.65138
 -1.36437
 -0.364272
 -0.691525
 0.199051
 -0.222243
 1.18316
 -0.710686
 0.37069
 -0.604214
 -1.6432
 -0.618184
 -0.00382862
 -0.781041
 -0.0859396
 -0.5365
 0.0420272
 0.487254
 0.90647
 0.430696
 0.462767
 -1.55581
 -0.0300308
 -0.308824
 -0.62027
 0.0615681
 -1.97619
 -0.851518
 -0.586483
 -0.516546
 0.288275
 -1.29995
 -0.219037
 -0.544977
 -0.457771
 -0.421038
 -0.519367
 -0.698213
 -1.74393
 -0.393587
 1.1418
 0.432456
 -0.607293
 0.306698
 0.161853
 0.42614
 0.829752
 0.397334
 2.20849
 -0.443928
 1.45545
 0.280229
 -0.694316
 -0.290643
 -1.79697
 -0.63012
 0.362723
 -0.0337802
 -0.860057
 -0.0840668
 -0.633665
 -0.541354
 -0.175753
 0.0951421
 -0.32974
 0.295053
 -0.801251
 -1.47641
 -1.13353
 -0.680172
 -1.35541
 -0.615988
 -0.75918
 0.227883
 -0.0847843
 -0.52122
 -0.721583
 -0.424966
 0.372735
 0.203325
 -0.32365
 0.372502
 0.229037
 0.345705
 -0.596321
 0.0087801
 -0.538537
 0.140973
 -0.745514
 -0.712253
 -0.473727
 -0.215832
 0.18921
 1.08802
 -0.314029
 -0.0481437
 0.551705
 0.695689
 0.472759
 0.461466
 0.343169
 0.704468
 0.583033
 0.629624
 0.800967
 -0.846695
 0.0656263
 0.581074
 -0.557371
 -1.82023
 -0.198135
 0.402795
 0.337485
 -0.26897
 0.000440572
 0.585072
 -0.827633
 -0.446417
 0.315573
 0.208506
 -0.457946
 -0.532997
 0.176231
 -0.106356
 -0.100524
 -0.174501
 -0.383637
 -0.476744
 -0.360519
 0.10806
 -0.612783
 0.468456
 -0.539205
 -0.486822
 0.44072
 -0.651256
 0.271135
 0.487832
 0.217405
 -0.774299
 -0.454966
 -0.191323
 0.167963
 0.38653
 1.10694
 0.118213
 -0.407827
 -0.172991
 0.241772
 -0.546748
 0.890702
 0.466795
 0.381154
 1.83574
 -0.760509
 0.472023
 -0.235497
 1.0839
 0.362806
 -0.489645
 0.0416337
 -0.422404
 0.827762
 0.242848
 -0.192501
 -0.579721
 0.714219
 1.46431
 -0.356669
 0.996642
 -0.0213201
 -0.986938
 0.777707
 0.28811
 -0.542645
 -0.097441
 0.442805
 1.14473
 -0.147008
 0.75734
 0.580889
 0.632684
 -0.324928
 0.536703
 0.322197
 1.87326
 0.427295
 0.29198
 0.525
 0.246402
 -0.616173
 -0.281867
 -0.518638
 -0.0480368
 -0.264354
 0.204542
 0.583625
 0.833398
 0.262844
 -1.29077
 -0.974264
 -0.848943
 -0.0705261
 -0.0374287
 -0.409334
 1.00542
 0.662753
 -0.0261124
 0.60639
 -0.404692
 0.390673
 0.889156
 -0.164856
 -0.537378
 0.0379419
 -0.478661
 -0.661032
 -0.784963
 0.933315
 -0.17477
 0.899727
 -0.622385
 1.14798
 0.985661
 -0.0355461
 -0.453664
 0.0299636
 -0.506408
 0.473478
 -0.839546
 -0.0285408
 -0.177426
 0.76626
 0.438845
 1.29464
 0.49582
 0.805085
 0.867467
 2.01689
 0.297642
 -0.295535
 0.102068
 -0.446845
 -0.0847216
 -1.88726
 0.448664
 0.459418
 1.29212
 0.555946
 1.21211
 0.366104
 1.59892
 0.441905
 1.46236
 1.10395
 1.38634
 1.34648
 1.46767
 0.808047
 -0.340735
 0.355884
 0.420248
 -0.0666827
 0.588931
 1.67384
 -0.52252
 0.259186
 0.523595
 1.37809
 -1.74139
 0.742961
 0.805167
 0.272481
 0.278914
 0.824984
 0.114812
 1.02636
 1.53953
 -1.16507
 0.977212
 -1.27784
 0.868565
 -0.0698837
 0.0777183
 -0.667239
 -0.365522
 -0.68008
 -0.772478
 -0.786411
 -0.406263
 -1.014
 -1.7237
 -1.90025
 -0.937508
 -0.896577
 0.0700304
 -0.838629
 -0.352814
 -0.691538
 -0.596163
 -0.310338
 -0.158906
 -0.223058
 0.673494
 0.771632
 0.0765107
 -0.577531
 0.80197
 0.124633
 0.393539
 0.213349
 0.110105
 -0.510445
 -0.581187
 0.616383
 -0.508035
 -0.0126134
 0.567494
 -0.727474
 -0.692512
 -1.74183
 -0.796222
 -0.730328
 -0.877392
 -0.0131461
 0.888054
 0.466065
 1.60474
 1.06512
 0.196515
 -0.0621132
 0.606443
 0.545517
 -0.175898
 1.53883
 -0.767238
 0.586169
 0.384158
 -0.755304
 0.0752534
 0.512512
 0.566014
 0.485558
 0.391162
 -0.535641
 -0.202856
 -1.73211
 0.0806037
 -1.37799
 -0.09205
 0.219654
 0.533749
 -0.486349
 -0.77264
 -0.218889
 0.157747
 -0.525833
 -0.667325
 -0.992739
 -1.79324
 0.087903
 -0.640605
 -0.781647
 -1.0924
 -0.51215
 0.614188
 -1.57126
 -0.441166
 1.28682
 0.19138
 -0.512201
 0.627446
 -1.90257
 -1.91339
 0.221403
 -0.482129
 -0.723287
 -0.492628
 -0.398726
 0.400025
 0.605607
 0.767028
 0.0191893
 -1.78418
 -0.472947
 0.0844332
 -0.418883
 -0.51671
 0.491351
 -0.244989
 0.504142
 -0.425561
 0.72474
 0.284115
 -0.147455
 0.205953
 0.28334
 0.28429
 1.00837
 2.40083
 1.61136
 0.385298
 0.120762
 0.583737
 -0.598301
 0.361168
 -0.123761
 -0.465409
 -0.338467
 0.655877
 1.23055
 0.283002
 0.32998
 -0.315853
 1.24198
 0.70646
 1.08675
 0.941959
 -1.29934
 0.497869
 -0.294658
 0.012218
 -1.9788
 -0.0355902
 -1.27243
 -0.287224
 -1.92835
 -0.507724
 -0.422741
 -0.702374
 -0.176784
 -0.551823
 0.191113
 -0.54168
 0.503294
 0.322412
 0.761155
 -0.36399
 -0.637145
 -0.231944
 -0.849908
 0.326235
 -0.575667
 0.298775
 0.0173001
 -0.395438
 0.139184
 0.661382
 0.279684
 -0.684099
 0.447558
 0.38786
 -0.502183
 -0.248463
 0.479924
 0.169159
 0.142053
 0.0755856
 -0.478008
 0.246432
 -1.85448
 0.208292
 -0.599626
 -0.623495
 0.348388
 -1.34748
 -0.737306
 -0.718245
 0.0414971
 1.23117
 -0.811712
 0.273635
 -0.636303
 -0.771551
 -0.510864
 -0.539412
 0.0610268
 0.109721
 -0.716169
 -0.623487
 -0.908458
 -0.0134451
 -1.66124
 -0.115884
 -0.62308
 -0.691438
 0.786819
 -0.61195
 0.667666
 0.179034
 0.672095
 0.422831
 -0.762032
 -1.31321
 -0.565574
 0.266698
 0.441873
 0.0442246
 -0.00923393
 0.646278
 -0.387357
 1.1867
 0.399552
 -0.898326
 -0.707117
 0.669153
 -0.699188
 0.568574
 0.531684
 0.262709
 0.341978
 0.796045
 -0.0805618
 0.537394
 -0.26718
 -0.403606
 -0.176225
 0.0585857
 -0.58005
 0.976316
 0.450051
 -0.0452325
 -0.772704
 -0.300584
 0.255913
 -0.117835
 1.38878
 1.42068
 -0.182988
 0.243014
 0.130892
 0.283039
 -0.995362
 -0.630535
 0.630488
 0.195915
 0.305425
 -0.38401
 -1.0682
 -0.219672
 -0.194444
 0.146944
 1.0336
 -0.902857
 0.144221
 -0.589189
 -1.30932
 0.368177
 0.298774
 0.181933
 -0.13029
 -0.641761
 0.714973
 0.0179675
 0.362226
 0.00678201
 -0.501254
 0.436961
 0.850509
 0.151076
 0.835469
 0.0993866
 0.721329
 0.672205
 -1.08754
 0.557107
 0.210187
 -0.52571
 -0.831015
 0.871823
 -0.088981
 1.39668
 -0.382365
 0.278337
 0.445567
 0.0285546
 0.624309
 0.483198
 0.29418
 0.99553
 1.25074
 0.0340682
 1.62887
 0.834703
 -1.10907
 -0.677887
 -0.25229
 0.188592
 0.11377
 -0.198392
 0.331703
 -0.636518
 0.550047
 -0.871549
 0.210846
 0.970025
 0.391788
 0.332666
 -1.74367
 0.894166
 0.88111
 0.973101
 -0.0192015
 1.27052
 -0.368227
 0.934399
 0.778984
 0.701601
 -0.228081
 -0.583944
 0.541757
 -0.424636
 0.252964
 -0.040717
 0.321376
 -0.569152
 -0.379701
 -0.545255
 -0.547685
 -0.0551482
 -1.28964
 0.304963
 0.323191
 -1.68057
 0.738497
 0.386163
 0.651825
 0.283323
 0.403279
 0.314496
 -1.81866
 -0.482181
 -0.873855
 -0.161084
 -0.255018
 -0.236798
 -0.822121
 -0.0916058
 -0.107136
 -0.272331
 -0.624353
 0.0958429
 -1.59678
 0.211919
 -0.293663
 0.39494
 -0.753032
 -0.14037
 -0.430235
 0.961719
 -1.43716
 1.12515
 -0.452901
 -0.0894266
 0.510746
 -0.912661
 -0.109444
 0.366043
 0.270056
 0.149851
 -0.198611
 -0.619423
 0.43156
 0.677503
 -0.00258602
 0.364631
 0.161812
 0.0283527
 -0.640773
 0.8216
 -0.357942
 0.0480354
 0.931086
 0.986082
 2.15022
 0.35875
 0.290589
 1.57488
 -0.324034
 0.298673
 -0.428412
 -0.53083
 -0.725195
 -1.1663
 0.228653
 -0.939919
 -0.861599
 0.24499
 -0.793997
 -0.371693
 -0.226463
 -0.265263
 1.23297
 -0.521572
 0.958492
 0.417734
 -0.289792
 -1.19495
 -0.671754
 -0.486927
 -0.856214
 -0.787018
 -0.484582
 -0.947901
 -1.06876
 0.311123
 -0.825728
 0.0143043
 -0.582482
 -0.401206
 -0.206589
 0.11504
 -0.462935
 -1.49383
 1.32488
 0.140843
 -0.416006
 1.84541
 0.123684
 0.114211
 1.4261
 0.103796
 -0.928134
 -0.220019
 -0.214495
 -0.28513
 -1.63552
 0.357128
 -0.315016
 -0.371572
 -0.647113
 -0.238299
 -1.06773
 -0.923135
 0.153068
 -0.00349664
 -0.493006
 -0.00167295
 0.172254
 -0.619115
 -0.874535
 -0.00861462
 -0.582404
 -0.201619
 -0.632442
 0.7901
 -0.70532
 -0.215496
 0.284157
 -0.654261
 0.40226
 -0.879969
 0.643819
 0.988758
 -0.359336
 0.449132
 -0.435062
 -0.664354
 0.161653
 -0.466206
 -0.112946
 0.469807
 -0.109267
 -0.660656
 -1.05937
 -1.05317
 -0.726658
 0.397273
 -0.16699
 1.87307
 -1.56359
 0.787189
 1.26077
 -0.658687
 0.599269
 -0.371502
 0.331682
 -0.0658389
 0.383577
 1.59074
 -0.332019
 -0.0027541
 0.530025
 0.474301
 1.18434
 -0.551565
 0.209412
 -0.0899147
 0.522344
 0.841734
 0.628985
 0.0178041
 0.360965
 0.366876
 -0.458054
 0.653365
 0.624708
 0.174511
 0.387869
 -0.506115
 -0.310823
 -0.0606415
 0.285491
 0.380638
 0.243583
 -0.340539
 -0.634131
 -0.115391
 -0.532358
 -1.63084
 -0.860409
 -1.46635
 -0.682104
 -0.201971
 -0.0148348
 -0.191219
 -0.10613
 -0.807224
 -1.2539
 -0.272872
 0.53985
 0.787147
 1.00352
 -0.259655
 1.70269
 -0.606497
 0.187393
 -1.07025
 0.465746
 -0.560458
 -0.704571
 -0.333336
 -0.580713
 -0.025843
 1.17268
 0.329705
 0.874344
 0.188425
 0.252585
 0.215027
 0.187202
 -0.348306
 0.175679
 -1.81919
 0.115352
 -0.831885
 0.122601
 -0.0676564
 -0.250717
 0.127507
 -0.650296
 0.417054
 0.35096
 -0.25917
 -0.931702
 0.768852
 -0.612198
 0.266875
 1.3962
 -0.104206
 0.278717
 0.349174
 1.7876
 1.13831
 1.75632
 -0.589322
 0.186731
 0.015918
 0.165885
 0.362073
 0.158715
 0.352263
 0.653607
 0.0622494
 0.697305
 0.217818
 -0.00992075
 -0.545092
 0.179256
 -0.729454
 -1.04417
 0.987559
 0.424431
 0.973562
 -0.124714
 0.744974
 0.576
 -0.600386
 0.45735
 0.0705067
 0.606597
 0.203086
 -0.74995
 0.366228
 -0.409499
 -0.416143
 -0.998938
 0.563958
 0.946197
 0.328664
 -0.633325
 0.971421
 -0.0124598
 0.0877757
 -0.894534
 -1.17953
 -0.85034
 -0.250108
 -0.253924
 -0.784939
 -0.013907
 -0.232901
 0.267466
 0.139912
 0.736175
 0.624836
 -0.563976
 -0.47508
 0.551305
 1.7983
 0.315601
 0.832236
 -1.0333
 -1.00261
 -0.366154
 -0.549365
 -0.151275
 0.379924
 -1.00341
 0.498534
 0.387261
 0.868629
 0.833235
 1.42657
 0.738143
 0.236721
 -1.11859
 0.391191
 0.0846233
 0.684707
 0.481593
 0.311634
 0.404939
 0.904693
 0.930225
 0.171272
 0.553366
 1.56044
 0.82078
 0.18239
 1.50007
 -0.320474
 0.0448769
 0.859679
 0.31821
 0.956535
 0.395605
 0.0337029
 -0.573212
 -0.420336
 -0.713361
 0.224184
 -0.272873
 -0.192182
 0.695497
 -0.206343
 0.0684728
 -0.451594
 -0.659756
 -0.0744391
 0.164414
 -0.431323
 -1.89769
 -1.16277
 -0.579374
 0.0811245
 -0.823661
 -0.661184
 0.122982
 -0.123435
 -1.34589
 -0.288986
 -0.543389
 -0.534664
 -0.594959
 0.0944506
 0.334697
 -0.552382
 -0.214307
 -0.0607303
 -0.744622
 1.49452
 0.257028
 0.449576
 -0.560892
 -0.402033
 -0.622289
 -0.385421
 -0.693587
 -0.934673
 0.849916
 0.47425
 -0.132681
 0.913473
 -1.27089
 -0.471919
 0.419573
 0.805453
 1.41778
 1.78153
 0.788322
 0.650377
 -0.031419
 0.779692
 0.320095
 2.28984
 1.50255
 0.174265
 0.611603
 0.428414
 0.300026
 0.721044
 0.634819
 -0.240173
 0.666951
 0.349497
 -1.01292
 -0.0222657
 -0.399155
 0.680099
 0.0989391
 1.20328
 0.208247
 -0.491997
 0.351982
 -0.465522
 -0.510883
 -0.577984
 -0.795593
 -0.568207
 -0.768215
 -0.677258
 -0.736716
 -0.211584
 -0.280742
 -0.624667
 -0.274603
 1.04107
 -0.0213539
 -1.30864
 0.905705
 0.576293
 1.85267
 0.342698
 1.91982
 0.439603
 -1.115
 0.52147
 -0.693601
 0.682418
 0.655625
 1.09966
 -0.0453189
 1.61684
 1.13995
 0.861078
 1.02153
 0.561922
 0.323382
 0.203586
 0.355461
 0.115642
 0.15138
 -0.00896964
 0.47387
 0.649664
 0.019373
 0.522001
 0.257905
 0.17467
 0.303577
 0.330346
 0.39877
 -0.794075
 -0.429059
 0.484034
 1.78581
 0.619397
 0.376069
 -0.647783
 1.98967
 -0.134016
 0.720954
 1.13026
 -0.35302
 1.45406
 -0.0514452
 1.26931
 0.60423
 0.158976
 1.16572
 0.695625
 0.497264
 1.93632
 0.902103
 1.71095
 0.428865
 -0.289797
 0.448507
 0.521397
 0.614226
 0.0522594
 -1.09693
 0.454027
 0.600392
 0.8448
 0.173974
 0.302672
 0.505
 -0.653494
 -0.208139
 0.564703
 0.000771326
 0.850566
 -0.798653
 0.1181
 0.140389
 0.266769
 0.458816
 0.530608
 1.55594
 0.245647
 0.159653
 0.49408
 0.817432
 1.22077
 1.50535
 0.446022
 0.403463
 0.831243
 0.266738
 -0.1366
 -0.562627
 -0.419852
 0.937611
 0.758796
 0.125978
 -1.3418
 0.361808
 -0.560096
 0.224265
 -0.124146
 0.771149
 -0.0637522
 -0.626367
 -0.411095
 -0.476112
 -0.187821
 -0.575613
 0.776748
 -0.677046
 0.280412
 0.295096
 0.403876
 1.39045
 -0.399044
 0.897816
 0.388642
 0.469922
 -0.0646731
 0.159945
 0.990475
 -0.235592
 0.956012
 0.411929
 1.49103
 0.508573
 0.076744
 0.362726
 -0.384635
 -0.172372
 -0.607199
 0.295919
 -0.258499
 -0.00869678
 -0.502568
 -0.386264
 1.32929
 0.0989371
 0.125951
 0.567888
 0.927582
 0.512344
 0.0285881
 1.61568
 0.484977
 0.786935
 1.23409
 1.16542
 -0.775449
 0.473605
 -0.217039
 -0.806879
 -0.199809
 -0.997864
 -0.333446
 0.498098
 0.149725
 0.0770886
 1.509
 0.494389
 0.805147
 -0.022275
 0.332722
 0.235711
 0.202592
 0.913838
 0.0339074
 0.332989
 -0.40709
 -0.0213412
 -0.961108
 0.116358
 -0.903595
 -0.488119
 -0.125305
 -0.221989
 0.171186
 -0.660386
 0.515733
 1.24317
 -0.322114
 0.433491
 0.283365
 -1.30736
 -0.159273
 -0.673615
 0.319806
 0.166153
 -0.302948
 -0.277867
 0.554452
 -0.346705
 -0.145094
 -0.173792
 0.106907
 1.35095
 1.54389
 0.0726112
 0.194156
 -0.286792
 -0.250972
 -0.935765
 0.0615585
 0.34919
 -1.89325
 0.529094
 -0.187451
 -0.648435
 0.0326893
 0.21965
 0.904162
 0.369265
 0.615716
 0.0600496
 0.678117
 0.310824
 1.55087
 -1.26667
 -0.5063
 -0.39359
 -0.389949
 -0.213381
 0.367487
 -0.928947
 -0.744229
 -0.927672
 -0.322904
 0.149487
 -1.97418
 -0.276006
 -1.92482
 -1.01717
 -1.34113
 -0.857333
 -0.966189
 -0.949632
 -0.947235
 -0.65156
 -0.669935
 0.236042
 -0.729462
 0.126157
 -0.630726
 0.374105
 -1.28495
 0.255548
 -0.676079
 -0.37074
 0.496021
 0.707672
 0.257512
 0.95987
 0.992596
 0.0806134
 0.693608
 0.0517807
 0.711657
 0.540391
 0.2067
 -0.21274
 0.293069
 0.202834
 -0.813538
 -1.05834
 -1.66772
 -0.660381
 -0.820119
 -0.318371
 0.135949
 0.315833
 -0.467285
 -0.344557
 -0.436992
 -0.0954323
 0.801692
 0.981955
 0.486155
 -0.475611
 -0.159323
 -0.18946
 -0.36271
 -0.0226551
 -0.558719
 0.543152
 0.327624
 -0.586048
 0.170926
 0.0431348
 -0.145441
 0.0145886
 0.00104958
 0.967901
 0.322764
 -0.541912
 0.00326242
 0.943924
 0.0228367
 0.456796
 -0.104128
 0.352874
 -0.576625
 -0.842848
 -0.704881
 -0.820799
 0.248847
 0.205719
 1.21231
 0.0943412
 0.768105
 0.843197
 0.332736
 0.923913
 -0.611892
 -0.157357
 -0.962111
 -0.654613
 -0.29117
 0.0123137
 0.383728
 0.291117
 -0.144716
 0.916234
 -0.176172
 -0.97313
 -0.508785
 -0.879954
 -1.5057
 -0.574354
 0.236518
 -0.566504
 0.236572
 -0.690212
 -0.00162809
 0.104215
 -0.459644
 0.359372
 0.228466
 -0.530276
 -0.126268
 -1.40484
 -0.618695
 0.429565
 -0.748692
 0.264092
 -0.68788
 -0.505338
 -0.105003
 0.610019
 0.249542
 0.0461435
 -0.400567
 -0.105737
 -0.394381
 0.320292
 0.560367
 0.179826
 -0.0857299
 0.0383963
 -0.171547
 0.0267779
 0.800893
 1.04673
 -0.876714
 0.519478
 -1.45659
 -0.79819
 0.195955
 0.38865
 -1.42815
 0.0534298
 -0.692638
 -0.711374
 0.0674752
 -0.963424
 1.29871
 -0.0217371
 0.404883
 0.43807
 0.032169
 -1.75949
 0.661888
 -0.347192
 -0.598416
 0.390556
 -1.38786
 -0.762938
 -0.43178
 0.0210094
 -0.443103
 0.0502762
 -1.69161
 0.584458
 -1.65228
 1.19934
 -0.233913
 -1.68037
 -0.493961
 -1.34666
 -0.435971
 -1.08641
 0.368011
 -0.450874
 0.301306
 0.671954
 -0.530943
 0.233908
 -0.347106
 0.656842
 0.120035
 0.201915
 0.374411
 -0.498479
 0.476008
 -0.219978
 0.791621
 -0.433828
 -0.748932
 0.258816
 0.594756
 -0.381784
 0.560383
 -0.0436146
 -1.50303
 -0.154188
 -0.287759
 -0.226954
 0.0530214
 0.586659
 0.0708078
 0.122713
 -0.583565
 0.266743
 -0.392767
 -0.327247
 -1.91151
 -0.715992
 -0.275908
 -0.362172
 -0.850359
 0.0382481
 0.135628
 0.374362
 0.737207
 0.376358
 -0.0436147
 -1.31628
 0.197692
 -1.56611
 -0.118735
 -0.54729
 0.352489
 0.0890923
 -0.0751626
 0.367458
 0.335217
 1.0384
 -0.21345
 -0.418237
 0.551584
 -0.161783
 0.283449
 0.629806
 -0.00586282
 -0.255164
 -1.21035
 -0.691598
 0.796263
 -0.0674667
 0.215698
 -0.54246
 0.134311
 0.338865
 -0.153953
 -0.472923
 -0.0778382
 -0.547473
 -0.142901
 -0.260846
 0.29915
 -0.664659
 -1.47778
 -0.331011
 -0.378695
 -0.69036
 0.671534
 0.224172
 0.514367
 0.596635
 0.487772
 -0.615389
 -0.0928214
 0.160923
 -0.807192
 0.030835
 -1.13517
 -0.756734
 -0.348927
 0.581299
 0.200338
 -1.59852
 0.33836
 0.080629
 -0.309104
 -1.46047
 0.206279
 -0.326745
 -0.0173469
 -0.666941
 -0.115366
 0.225701
 0.417432
 0.248181
 0.183395
 0.665712
 -0.164338
 -0.963861
 -0.0585529
 0.808136
 -0.31523
 -1.55637
 -0.113266
 -1.30242
 0.144048
 -0.617314
 -1.18619
 -0.00595887
 -0.605827
 -0.48883
 -1.12309
 0.618519
 -0.185399
 0.0714344
 0.537755
 0.548064
 -0.491416
 1.91742
 0.365157
 0.0910692
 2.12992
 -0.730635
 0.637775
 0.0424818
 0.685488
 -0.523292
 -0.181712
 -0.326654
 0.434094
 -0.536497
 0.102282
 -0.703905
 0.296199
 -0.577579
 -0.00682575
 -0.713065
 -0.968498
 -0.945219
 -0.216198
 -1.0377
 -1.88349
 0.105109
 0.0742156
 0.421785
 0.929839
 0.364938
 0.177912
 -0.534888
 0.0133178
 -0.723621
 -1.11005
 1.10682
 1.17786
 -0.534147
 -0.572161
 -0.623816
 0.435015
 0.126688
 -0.655128
 0.0662861
 -1.98242
 -0.119332
 -0.365691
 -0.753459
 1.38116
 0.234482
 0.313102
 1.58416
 0.0363231
 0.846663
 1.38544
 0.0711487
 0.604659
 -0.104783
 -0.19492
 0.200884
 -0.020481
 -0.154812
 1.16502
 -0.0211626
 -0.241264
 -0.0206668
 1.00417
 0.33432
 -0.499002
 -0.284259
 -0.482661
 -1.48531
 -0.676164
 0.216593
 -0.951474
 1.50528
 -0.677234
 0.044796
 0.0136908
 -1.33519
 -0.947557
 -0.224509
 0.632254
 0.334341
 0.472298
 0.0255632
 -1.32817
 0.408265
 0.350204
 -1.06065
 1.35242
 0.543027
 -0.498592
 -0.338294
 -0.162485
 0.362971
 -0.648919
 -0.505416
 -0.706274
 -0.0231121
 0.519108
 -0.188724
 1.41216
 -0.568922
 0.315744
 0.281894
 -0.681397
 0.355588
 0.304364
 0.617069
 0.413224
 0.329384
 0.229932
 0.285074
 -0.445116
 -1.01055
 -0.927046
 -0.0408776
 -0.647322
 0.771521
 -0.135276
 0.0107894
 -0.50447
 0.304152
 0.243638
 0.269651
 0.0448966
 0.260149
 0.303372
 0.243316
 0.272532
 -0.576433
 -0.0129724
 0.759267
 -0.0731782
 -0.595545
 0.324534
 -1.06439
 -0.224893
 -0.0762088
 0.256354
 0.364298
 0.466347
 0.249131
 0.680862
 -1.34808
 0.53393
 0.378688
 -0.153523
 -0.834155
 -0.724961
 -0.0720571
 0.429888
 -0.85441
 0.616066
 0.36597
 -0.102734
 0.644609
 0.309672
 -1.42788
 -0.648149
 -0.0504446
 0.192655
 -0.557732
 -0.764576
 -0.893086
 -0.0587346
 -0.447736
 -0.0229584
 -0.652589
 -0.174933
 0.465862
 0.214038
 -0.931124
 0.299064
 -1.97009
 -0.506799
 -0.310368
 0.248424
 -0.0989807
 -0.255
 -0.167139
 0.415812
 0.506283
 -0.717828
 -0.480691
 -0.125259
 0.127062
 -0.583251
 -0.280117
 -1.76588
 0.225477
 -0.544921
 0.0715295
 0.423938
 -0.504244
 0.741192
 -1.90591
 1.05889
 -0.837489
 -0.779218
 -0.721378
 1.06461
 0.142926
 -0.368838
 -0.516312
 0.132521
 0.258958
 -0.185834
 0.220455
 1.33318
 0.0439595
 0.531536
 -0.530185
 -0.31721
 0.781051
 -0.593535
 -0.240133
 -0.310167
 -0.250564
 0.452238
 0.449746
 -0.435225
 0.233082
 -0.643418
 0.104096
 -1.32366
 0.0759636
 0.395576
 0.965616
 0.147324
 2.15206
 -0.703756
 0.550764
 0.29853
 0.497292
 0.268433
 -0.411031
 -0.607909
 0.19773
 0.486152
 0.726964
 0.266389
 -0.582128
 -0.293538
 -0.58482
 0.404028
 0.530926
 0.591451
 -0.529458
 0.576139
 0.525625
 1.37577
 -0.550109
 -0.848475
 0.540296
 0.116098
 1.70843
 1.54274
 0.0146604
 0.583335
 0.353278
 -0.48159
 0.380116
 -0.314243
 0.390358
 0.576748
 -0.340042
 -0.689157
 -0.269455
 0.462209
 -0.00112383
 1.70452
 0.393325
 -0.0244886
 0.228795
 -0.275568
 -0.312943
 0.562317
 -0.269231
 0.297754
 0.290172
 0.168418
 0.277018
 0.507685
 0.368061
 0.0542339
 -0.119165
 -0.93256
 0.179387
 -0.716376
 -0.48219
 0.105459
 0.508979
 -0.850102
 -0.849295
 1.22685
 0.0203169
 0.573466
 1.2174
 1.07003
 -0.136992
 -0.0779534
 0.363062
 0.104388
 -0.880281
 0.392668
 -0.282906
 -0.0348182
 0.790675
 0.208398
 -0.0147487
 0.373981
 -0.169231
 0.380032
 0.213134
 0.389098
 0.0521723
 -0.605703
 -0.693216
 1.08597
 0.677479
 -0.683546
 0.242636
 0.99544
 0.176335
 -1.75997
 -0.718624
 -0.0030491
 -0.803887
 -0.758852
 -0.556906
 -0.685696
 -0.867777
 -0.358007
 -0.489535
 0.135788
 -0.982049
 -0.642538
 -1.16401
 -0.52831
 0.282183
 0.751892
 0.228773
 0.923773
 0.220424
 -0.596414
 0.822419
 -0.55352
 -0.42888
 -0.836166
 -0.134474
 -0.365643
 -0.216237
 -0.182928
 -0.763691
 -0.719321
 -1.45014
 -0.734423
 -0.0818085
 -0.0984234
 -0.856968
 -0.0566961
 -0.266938
 -0.0303032
 0.138447
 0.106856
 -0.659772
 -0.31369
 0.112289
 -0.960846
 0.409186
 -1.00049
 -1.57237
 -0.301827
 0.23375
 -0.639876
 -0.712948
 1.91811
 -0.335525
 0.488142
 0.638795
 0.992067
 1.75002
 0.65019
 0.807488
 0.479956
 0.320348
 0.22048
 -0.252792
 -0.81987
 0.505911
 0.336121
 -1.33016
 0.0944613
 -0.14476
 -0.324917
 -0.047909
 0.575904
 -0.194875
 -0.672715
 0.467701
 0.53973
 -0.284937
 0.150553
 -0.67101
 -0.754128
 0.286307
 0.302591
 -0.694547
 -0.360149
 0.333582
 -0.610383
 0.582329
 1.03815
 0.608122
 1.46302
 0.594788
 0.0162444
 0.741445
 -0.547092
 0.42746
 1.16943
 0.0449793
 -0.195392
 0.0970954
 -0.028661
 0.335561
 0.414971
 0.157636
 -1.55377
 -0.218977
 0.00875333
 -0.782144
 -0.485643
 -0.842029
 -0.0301021
 -0.45431
 -1.07533
 0.267422
 0.0170668
 -0.671056
 -0.597236
 -0.0813639
 -1.92119
 0.00664551
 0.58943
 -0.0875484
 0.463998
 0.542749
 0.175957
 0.271698
 0.824702
 0.767889
 -0.743656
 -0.0594441
 0.946491
 0.968677
 -0.0490228
 1.50798
 1.52367
 -1.76171
 -0.00678
 0.444091
 0.31552
 0.589529
 0.631043
 -0.21452
 -0.258282
 -0.610504
 0.195197
 -0.00678783
 -0.285355
 0.577394
 -0.920994
 0.541033
 0.467726
 -0.251139
 0.283503
 0.116699
 1.21436
 -0.00538217
 0.194674
 0.293278
 -0.67861
 -0.596305
 -0.164758
 -0.0984748
 -0.157645
 0.966347
 -0.694002
 -0.556866
 -0.10097
 0.563282
 -0.151671
 0.0565324
 -1.97578
 -0.531115
 -0.617171
 0.113781
 0.191337
 -0.288626
 -0.785409
 0.190851
 0.238226
 0.230609
 1.56364
 -0.465684
 -0.261068
 -0.426651
 -0.771002
 -1.05875
 -0.778975
 -0.282085
 1.48496
 0.710227
 0.475897
 0.33624
 0.470894
 2.01463
 2.22552
 1.46046
 0.551376
 1.45955
 0.556784
 -0.0231252
 0.589573
 0.702077
 0.536291
 -1.30225
 -0.113324
 -0.705783
 0.433975
 -0.582658
 0.535933
 0.644422
 1.45653
 0.347296
 1.08153
 0.147788
 2.0216
 -0.175998
 0.225459
 -0.730717
 -0.727758
 1.30265
 -0.216861
 -1.51292
 -0.00316356
 0.215053
 -0.181234
 0.0225689
 -0.371524
 -0.0425567
 0.698046
 0.26606
 0.801464
 -0.487287
 -0.524159
 -0.785486
 -0.879873
 -0.083282
 -0.345651
 -0.0194524
 -1.59607
 -1.53388
 -0.118743
 -0.525668
 -1.4694
 -0.671602
 -0.585334
 0.208875
 0.631663
 0.449013
 -0.544373
 0.437408
 0.508258
 -0.00833185
 0.404829
 0.346235
 -1.11157
 0.262171
 -0.141571
 -0.887963
 0.921685
 1.04512
 0.810581
 0.308617
 -0.54871
 -0.474105
 0.0328972
 0.121847
 0.50137
 -0.638442
 0.511992
 1.29175
 -0.78014
 -0.646132
 -1.23474
 -1.89779
 -0.490596
 -0.675505
 -1.85575
 0.752002
 -0.471812
 -0.621163
 0.570201
 -0.206033
 -0.528571
 -0.00092607
 -0.863662
 0.337846
 -0.438507
 -0.279559
 -0.648991
 0.135381
 -1.98541
 -0.0526905
 -0.649068
 -0.734743
 -0.792439
 -0.713861
 -1.09627
 -0.765267
 -1.85018
 0.310667
 0.537836
 0.640999
 0.838814
 0.912706
 0.471508
 2.07751
 0.801966
 1.20012
 -0.699449
 1.73903
 0.673244
 0.801591
 0.750555
 0.223007
 0.260181
 0.330553
 0.316967
 0.45513
 -0.816401
 0.533813
 0.171115
 -0.617577
 -0.480331
 0.744702
 0.362349
 1.05045
 0.210903
 1.95096
 0.569633
 1.52834
 0.701136
 1.26608
 -0.573932
 0.00626699
 0.442382
 -0.853781
 -0.717546
 -0.695416
 0.426626
 -0.431829
 0.695758
 0.18126
 0.996832
 0.810905
 1.06251
 -0.466672
 0.558044
 -0.79575
 0.204572
 -0.870893
 -0.225087
 -1.51686
 -0.329385
 0.798401
 -0.261092
 0.295352
 0.802101
 0.370828
 -0.800729
 0.652003
 0.404672
 0.37968
 0.332036
 -0.395719
 -0.784691
 -0.584845
 -0.0693763
 -0.925107
 0.262241
 -0.802587
 0.371062
 0.314734
 0.412381
 0.278451
 0.168978
 0.433145
 1.09351
 -0.749871
 0.219086
 0.897876
 -0.991603
 -0.633174
 1.09091
 -0.43301
 0.113851
 -0.316866
 -0.0296679
 -0.125326
 -0.243282
 0.0384147
 -0.198901
 0.0836966
 0.928942
 -0.61114
 0.653444
 -0.653078
 0.424598
 0.399925
 -0.0790182
 0.192812
 -0.718026
 0.486282
 -0.39324
 0.40351
 -0.227268
 0.10392
 0.973046
 0.0691856
 0.409814
 -0.375656
 0.591928
 -0.621345
 -0.337604
 -1.51115
 -0.610962
 0.308859
 0.0410246
 1.2063
 -0.0889483
 1.6576
 -1.4588
 0.158616
 0.759221
 0.0553847
 -0.474153
 0.316627
 -0.497438
 -0.32591
 -0.651064
 -0.285422
 0.122934
 1.8886
 0.252524
 0.537635
 2.03671
 0.754932
 1.49301
 2.23482
 0.747855
 0.368278
 0.502848
 0.932705
 2.27241
 -0.647133
 1.40296
 1.50431
 1.10283
 0.566366
 -0.539224
 0.0788852
 0.386057
 0.887915
 0.980165
 0.464394
 0.0283779
 0.253838
 0.126489
 -0.666354
 -0.0609129
 -0.0931337
 -1.66766
 0.862523
 -0.344063
 0.195208
 0.993607
 0.471692
 1.5836
 0.443865
 1.08716
 0.940251
 1.25915
 1.08123
 0.569972
 0.221666
 -0.709815
 0.201069
 -0.181838
 1.44749
 0.306138
 0.308023
 -0.0656862
 0.441063
 0.000664578
 0.54262
 -0.453672
 0.181156
 0.262479
 0.776369
 0.194306
 -0.487054
 -0.328987
 0.432522
 0.162839
 -1.24359
 0.150329
 1.66032
 0.259533
 0.937427
 0.683139
 0.705315
 1.58714
 2.02094
 -0.0149188
 1.01645
 0.133256
 0.356112
 0.2419
 -0.107663
 0.462544
 -0.611233
 -0.676859
 -0.00152189
 -0.0988909
 -0.214449
 0.719795
 0.701465
 -0.315775
 0.143315
 -0.563765
 -0.396767
 0.510134
 -0.517881
 0.213996
 0.485654
 -0.0689688
 2.11915
 -0.650833
 1.71584
 0.0750838
 -0.534177
 0.605716
 0.332093
 0.347225
 0.612507
 -1.14157
 0.388382
 -0.175359
 0.524095
 1.83691
 -0.236829
 -0.755695
 -0.357285
 -0.780962
 -0.163851
 0.429743
 0.241383
 0.35429
 -0.17938
 0.729472
 0.805379
 0.522166
 0.53098
 0.566074
 -0.683101
 0.334153
 0.536592
 0.330426
 1.75525
 -0.196841
 0.461821
 -0.398616
 0.559034
 -1.36203
 0.306226
 -0.878272
 -0.445007
 -0.489002
 -1.80042
 0.270009
 -0.0988889
 -0.335692
 -0.237329
 0.181418
 -0.635976
 -0.704822
 0.111911
 -0.481811
 0.622197
 0.912447
 1.43556
 -0.412641
 1.9617
 2.1732
 0.175018
 0.361764
 -0.436063
 -0.306114
 -0.00104179
 0.0909765
 0.0230799
 0.2174
 0.494845
 0.305673
 -0.13281
 0.39357
 0.693374
 -0.299721
 -0.230543
 -0.0361384
 -0.386369
 0.174805
 0.0854234
 0.518974
 -0.559324
 0.30918
 0.00737768
 0.926688
 -0.536478
 -1.91499
 0.54298
 0.514098
 0.331264
 -0.405199
 -0.380316
 0.500137
 -0.148407
 -1.86371
 0.387869
 -1.37311
 -0.226866
 0.126178
 -0.458888
 1.09615
 -0.427345
 0.398156
 -0.639555
 -0.545068
 -0.734093
 -0.502062
 -0.662421
 -0.477397
 -0.653161
 -0.595745
 -1.50207
 0.112834
 -0.977531
 -1.67809
 1.5014
 -0.0495125
 -1.23494
 0.390595
 0.728995
 0.46611
 -0.407229
 0.200332
 -0.171092
 0.327484
 1.16352
 -0.0251334
 1.04297
 -0.601414
 1.15403
 0.461368
 -0.758758
 -0.177586
 0.503991
 0.177789
 0.0799706
 -0.477345
 -0.545604
 -0.44797
 0.543704
 -0.615831
 -0.204415
 0.388936
 -0.0597832
 -0.725084
 -0.377779
 0.439665
 0.47212
 -0.139758
 -0.736511
 -0.966899
 -0.73059
 -1.88322
 0.474567
 -0.304629
 0.0412591
 -0.568795
 -0.4174
 1.2174
 1.19898
 0.805856
 -0.326142
 0.655425
 0.307683
 1.0561
 -0.177495
 0.881282
 0.933804
 1.75867
 0.196274
 -0.0037182
 -0.501977
 1.70117
 0.130437
 -0.515139
 0.528402
 0.207792
 0.358959
 0.238917
 -0.130297
 0.476675
 1.05068
 -0.274188
 1.0208
 -0.618142
 -0.706629
 0.251936
 -0.686795
 -0.914747
 0.109014
 -0.0904802
 -0.522516
 1.33972
 0.117965
 0.455547
 -0.246001
 0.0324467
 -0.619042
 0.305577
 0.155345
 -0.945643
 -0.634919
 -0.490988
 -0.0158269
 -0.287131
 -0.559753
 0.113471
 0.53728
 0.832733
 0.579496
 0.90515
 1.6208
 0.786042
 0.394351
 1.91399
 1.05467
 0.587473
 0.42749
 0.734157
 2.17333
 -0.426241
 0.972777
 1.35728
 -0.31032
 -0.741381
 0.3663
 -0.539014
 -0.591312
 0.077178
 0.833159
 -0.359976
 0.331657
 0.0925561
 0.598303
 0.05844
 -0.639366
 0.369924
 -0.510694
 -0.0685812
 -1.64929
 -0.12284
 0.574418
 -0.21984
 -0.15694
 -0.00565403
 -0.317443
 -0.179086
 0.310603
 -1.80839
 -1.97669
 -0.712309
 -0.185393
 -0.577279
 -0.916669
 -0.840386
 -0.323558
 0.307193
 0.370078
 -0.799472
 0.312556
 1.2467
 1.54499
 -0.0424346
 -0.366548
 1.30524
 0.196634
 0.216442
 0.508867
 0.285989
 0.16623
 0.2076
 0.34707
 -0.114082
 0.336773
 0.55612
 1.26592
 0.442347
 2.14245
 0.647478
 1.54986
 0.310777
 1.21454
 0.924688
 0.425178
 0.0518246
 0.632074
 -0.327784
 -0.640567
 0.114166
 -0.18868
 0.0342763
 -0.17129
 0.404326
 -0.843075
 0.974151
 -0.485743
 0.368685
 0.152861
 -0.87949
 1.23574
 -0.356473
 0.497079
 -0.767905
 -0.417166
 -1.49176
 -0.503487
 -0.190902
 -1.4768
 0.658715
 -0.127169
 -0.545317
 0.338162
 0.481082
 1.96131
 0.995151
 1.49952
 0.583315
 0.855061
 0.621117
 0.988041
 0.519206
 -0.235373
 1.08648
 0.356188
 0.303977
 1.13235
 1.58717
 0.239346
 0.875547
 1.1204
 -0.602653
 0.601105
 -0.730877
 0.0725235
 -0.879179
 0.341423
 0.395167
 0.439223
 0.0809745
 -1.08078
 0.0481031
 -1.137
 0.184993
 -0.653011
 -0.09191
 -0.623586
 -0.270603
 -0.246736
 -0.00703805
 -0.511956
 0.772269
 -0.648471
 -0.605781
 0.503658
 0.670779
 -0.493917
 0.0468537
 -0.403739
 0.489079
 -0.789557
 -0.68129
 -0.355827
 -0.752688
 -0.523829
 -0.749194
 -0.169371
 0.100776
 0.575734
 0.695876
 -1.05723
 0.00621498
 0.625507
 0.0345531
 -1.82707
 1.04335
 -0.257628
 0.474012
 0.154145
 0.00317451
 -0.0833048
 -0.0237521
 -0.782628
 0.41758
 -0.696926
 -0.511636
 0.135004
 1.82869
 0.406658
 0.0673825
 -0.262226
 -0.528715
 0.00319737
 0.478329
 -0.662509
 0.389556
 0.743983
 -0.4386
 -0.112715
 -0.215615
 -0.566435
 2.01838
 -0.0113555
 -1.96335
 0.805173
 -1.85448
 -1.94202
 -0.0957668
 -0.726481
 0.294442
 0.396889
 0.693692
 -0.308586
 -0.226358
 0.310054
 0.208438
 0.739567
 0.359989
 -0.621974
 0.363239
 0.218716
 -0.0767122
 -0.0701654
 -0.296526
 0.376619
 0.29813
 0.87135
 0.331515
 0.185681
 0.217371
 -0.139006
 -0.522421
 0.23769
 -0.0814812
 0.347907
 0.0703202
 0.613762
 0.377288
 0.91086
 0.587772
 -0.154931
 0.076192
 -0.396426
 -0.132205
 -0.118214
 0.267515
 0.217458
 0.0445242
 -0.0621925
 -0.395493
 0.34149
 -0.738547
 -0.31537
 -0.622727
 -1.02206
 -0.0719846
 -0.188309
 0.495457
 -0.338935
 0.391162
 0.627198
 1.13061
 1.1238
 0.835345
 0.0803718
 1.08352
 0.452171
 0.252227
 0.00348735
 0.209407
 0.438905
 1.11314
 0.455547
 0.512614
 0.74139
 0.337385
 1.34493
 -0.743662
 -1.78506
 1.0037
 0.0602184
 0.663005
 0.0222106
 -0.630909
 0.49233
 0.196611
 -0.405593
 -0.0525477
 0.685149
 -1.8447
 0.157382
 0.195753
 -0.544272
 -0.629967
 -0.575245
 0.405789
 -1.51987
 0.32583
 -0.458713
 -1.9794
 0.280252
 -1.59187
 -0.272605
 -0.674262
 -0.794569
 -1.13083
 0.0559498
 -1.96409
 0.262296
 -0.621577
 -0.800989
 -0.68141
 -0.410966
 -0.225081
 -0.190799
 0.0639237
 -0.13883
 -0.263288
 -0.605531
 0.14184
 -0.605086
 -1.66024
 -0.392668
 -1.86736
 0.165843
 -0.269395
 1.52348
 -0.0847211
 0.761413
 1.09621
 -0.217829
 0.0617728
 0.159476
 1.0943
 -0.47511
 0.112505
 0.32332
 0.210152
 -0.27173
 0.89529
 -0.746166
 -1.22231
 -0.328257
 -0.45148
 -0.7119
 0.126981
 -0.108452
 0.0183442
 1.03919
 -0.480768
 -0.455902
 0.363577
 -0.631726
 0.318859
 -1.08557
 -0.473357
 -0.736427
 -0.660948
 -0.131317
 1.35548
 -0.23572
 -0.270005
 -0.0559341
 -0.146908
 0.431829
 -1.0132
 -0.642422
 0.0365529
 -0.626673
 -1.91702
 -0.502051
 -1.4108
 0.244292
 -0.493148
 -0.482831
 -0.200304
 -1.83751
 0.778117
 -1.85622
 -0.286188
 -0.138093
 0.14508
 -0.701057
 -0.370598
 -0.455735
 0.0652269
 -0.724556
 -1.14189
 -0.000372659
 -0.683828
 -0.382109
 0.0218892
 -0.910148
 -0.211812
 -0.809164
 0.614498
 0.29028
 -0.5525
 -0.370419
 -0.364605
 -0.0149959
 -0.198829
 -0.929906
 -0.744014
 -1.65323
 -0.816749
 -0.442399
 -0.190315
 0.118436
 0.758474
 0.483219
 0.0996678
 0.535118
 0.233019
 -1.02271
 0.228189
 -0.651774
 -1.93664
 -0.48734
 0.386675
 0.278628
 1.15349
 1.09648
 1.08301
 0.634085
 1.2758
 1.16751
 -0.232011
 -0.756706
 -0.0852533
 -0.568761
 -0.745848
 0.704179
 -0.225016
 -0.570975
 0.224527
 0.358202
 0.688574
 -0.323384
 -0.0631463
 0.381028
 1.19416
 -0.608096
 0.531893
 -0.663524
 -0.764815
 -0.137562
 0.413162
 0.602015
 0.835142
 0.789166
 -0.087858
 -0.40538
 -0.256492
 0.201369
 0.400645
 0.788941
 0.0691936
 0.126694
 -0.116866
 0.306601
 0.34663
 -0.146861
 0.485784
 0.129739
 0.61976
 0.83053
 0.447611
 0.12967
 0.76079
 -0.180756
 0.560136
 -0.0312528
 0.0561969
 -0.847198
 0.112961
 1.25088
 0.364849
 -0.0839482
 -0.26519
 0.2159
 0.24353
 1.3492
 0.282384
 -0.521625
 0.0875332
 -0.36346
 0.548668
 -0.228066
 -0.11484
 -0.162746
 0.0221939
 0.481277
 0.473376
 0.80289
 0.00613969
 -0.506121
 0.658343
 -0.0266935
 -0.115498
 -0.761941
 0.161723
 -0.191943
 0.280762
 0.197429
 0.467594
 0.244364
 0.280454
 0.157185
 -0.284757
 0.0124828
 -0.669602
 -0.793893
 -0.246473
 0.283912
 0.571531
 0.318969
 -0.046537
 0.832562
 -0.354155
 0.904504
 0.267122
 0.312501
 0.351404
 0.310176
 -0.648301
 1.16538
 0.365477
 0.569843
 -0.44276
 -1.80835
 0.49323
 -0.839636
 -0.51829
 0.0157755
 0.0672225
 -0.631062
 0.719413
 0.335625
 0.130185
 -0.483414
 0.301808
 -0.552488
 -0.416273
 0.215714
 0.413271
 0.930049
 1.75193
 -0.219303
 0.665205
 0.290656
 0.393997
 0.555838
 -0.0831503
 0.588234
 -0.591723
 -0.396418
 -0.524852
 -0.423764
 -0.666826
 -0.579799
 -0.0258385
 -0.245085
 -0.707398
 -0.914907
 0.0675198
 0.499782
 -0.011224
 -0.705279
 -0.949183
 -0.579148
 0.130879
 0.00258354
 -0.872864
 0.305394
 0.169975
 1.08813
 -0.657566
 -0.118591
 -0.869125
 0.197157
 -0.11834
 -0.340564
 -0.07124
 -0.582501
 -0.0379302
 -0.810556
 0.279766
 -0.0697699
 -0.584343
 -0.769341
 -0.179797
 0.509429
 -0.0611233
 -0.0244154
 -0.359561
 -0.0975439
 0.0800993
 1.20455
 -1.61609
 0.369898
 -0.2184
 -0.585622
 -0.327941
 0.851894
 -0.0825237
 0.547166
 0.184792
 -0.577544
 1.08952
 1.16845
 0.120525
 0.565995
 0.0893305
 0.426364
 1.49686
 0.822081
 0.0186085
 0.129306
 -0.555861
 0.336858
 0.0187947
 0.462692
 1.03798
 0.208168
 0.804619
 0.362791
 -0.271511
 0.0576356
 0.40188
 -0.220157
 -0.586364
 0.0205054
 0.155156
 -0.430176
 0.568021
 0.660093
 0.49575
 0.627017
 1.02208
 -1.84827
 1.28909
 -0.800656
 -0.268688
 -0.286339
 -1.03606
 -0.720441
 -0.0738618
 0.506864
 0.46562
 -0.406899
 0.0871593
 -0.857704
 -1.42244
 0.339521
 -0.197316
 0.0210196
 0.342306
 0.223055
 0.0386034
 -1.52211
 0.048131
 0.147988
 0.364902
 1.22285
 0.695878
 0.364411
 0.511946
 0.952177
 0.919662
 1.61804
 0.90773
 0.13574
 1.19271
 0.29131
 -0.592971
 -0.17814
 0.0918594
 -0.806812
 -0.64105
 0.190215
 -0.509815
 -0.105508
 -0.393801
 -1.02543
 -0.743536
 0.109961
 -0.484071
 0.167735
 -1.08622
 0.323033
 0.18905
 -0.838693
 0.208749
 0.322222
 0.197577
 0.272244
 1.13156
 0.313485
 0.522169
 0.84643
 0.256515
 -0.256406
 -0.477295
 -0.322691
 -0.500368
 -0.649274
 0.0931627
 0.350051
 -0.0470905
 0.619443
 0.358269
 -0.0681521
 -0.343955
 0.876866
 0.32362
 -0.45319
 -0.323437
 -0.354157
 -0.23918
 -0.306507
 1.16051
 0.191203
 0.743351
 1.68698
 0.711148
 1.25015
 -0.711966
 -0.934644
 -0.64538
 -0.412609
 0.0223988
 -1.19442
 -0.21689
 -0.00283058
 0.0164702
 0.384141
 0.569964
 0.438117
 0.00623802
 -0.666666
 0.0816726
 0.577446
 -0.212395
 0.0540972
 -1.07562
 0.305274
 0.227303
 0.401704
 0.84641
 0.235688
 0.675505
 0.808957
 0.141292
 -0.0833369
 0.14136
 0.276897
 0.132977
 -0.560653
 2.07602
 -0.97436
 1.09487
 0.987125
 0.954454
 0.104099
 -0.308147
 0.269626
 0.282413
 0.0939956
 -0.274662
 0.145786
 -0.691516
 -0.0227283
 -0.513314
 0.466224
 1.25015
 0.181438
 1.58365
 0.122381
 0.675756
 0.337116
 0.443498
 0.308683
 0.169483
 0.480487
 -0.593287
 -0.664505
 1.14278
 0.416586
 0.208012
 -1.50113
 -0.448798
 -0.633589
 -0.856259
 -0.638733
 0.10278
 -0.369502
 0.146998
 -0.0106562
 0.884531
 -0.571022
 -0.220469
 -0.620875
 -0.0125143
 -0.189578
 0.983505
 0.760215
 1.34069
 0.735757
 0.502805
 0.566368
 -0.161531
 0.474662
 0.73214
 0.275493
 0.272185
 0.237511
 0.244995
 0.157149
 0.412874
 0.351497
 1.19145
 -0.667328
 -0.739098
 0.099407
 -0.292022
 0.438553
 -0.889735
 -0.490406
 0.354952
 0.912104
 -0.460003
 -0.542883
 -0.803005
 -0.0883097
 -0.178393
 1.27521
 0.441281
 0.426388
 0.208456
 -1.24202
 0.159612
 0.387505
 0.487728
 -0.26606
 0.0449386
 0.572609
 -0.815356
 0.463761
 0.0381014
 1.31925
 0.0375924
 -0.100595
 0.825355
 0.970062
 -0.222257
 0.261324
 -0.751921
 0.133949
 -0.448145
 -0.0890346
 -0.439248
 -0.462348
 -0.11007
 0.488929
 0.350145
 -0.0427789
 0.258827
 0.486074
 -0.781973
 -0.122448
 0.195122
 0.202421
 0.266397
 -0.248818
 -0.0700037
 -0.339644
 -0.262856
 -0.080505
 0.363056
 1.65853
 0.705912
 -1.3356
 -0.607942
 0.438413
 -0.630325
 0.176892
 -0.287422
 0.22782
 -0.438463
 -0.174969
 -0.0695927
 0.0571426
 0.806739
 0.27022
 -0.628378
 -0.496153
 0.428368
 -0.680518
 0.326869
 0.131583
 -0.0885745
 -0.037125
 0.847893
 -0.633224
 -0.38203
 -0.713512
 0.530419
 1.04341
 0.454151
 1.37747
 0.297755
 0.534862
 -0.451884
 -0.499457
 -0.285116
 -0.0333162
 0.36167
 0.423789
 1.10344
 -0.681193
 1.79783
 0.491793
 0.508379
 0.237773
 0.115664
 1.63935
 0.914113
 0.570843
 0.424888
 -0.237586
 -0.343147
 -0.543183
 -0.518025
 0.436219
 -0.811446
 0.256882
 -1.56635
 0.489874
 -0.756069
 0.161642
 0.0157894
 -0.637596
 0.129756
 0.454455
 -1.42295
 0.146984
 0.0108863
 0.312201
 0.323414
 0.248897
 -1.05193
 -0.761173
 -0.198134
 -0.343503
 -1.91
 -0.682976
 -1.81056
 0.0581982
 -0.502104
 0.0820978
 0.242417
 -0.218742
 -0.101455
 -0.858412
 1.15404
 -0.25674
 0.245171
 0.438895
 0.228633
 1.14007
 -0.544209
 -0.178004
 0.0591093
 -0.304521
 -0.416677
 0.998381
 -0.0546477
 0.213314
 -0.628507
 -0.536313
 0.222581
 0.161108
 0.463572
 -0.529225
 0.313958
 0.129991
 0.947659
 0.64644
 1.24261
 1.30684
 1.93389
 0.592852
 0.576142
 0.26474
 0.381755
 0.510382
 0.97188
 0.0460833
 1.09044
 -0.0245984
 0.25946
 0.658842
 -0.270581
 -1.60487
 0.217539
 -0.170767
 0.180858
 -0.474991
 -0.683746
 0.530959
 1.46429
 0.682859
 0.921512
 0.302944
 0.813378
 0.401905
 0.899278
 0.151807
 1.35199
 -0.351932
 -0.616987
 0.216803
 0.163586
 -0.0119857
 1.31836
 0.715752
 1.03024
 0.643977
 -0.491937
 -0.00496376
 -0.667603
 0.371032
 0.423843
 0.549738
 -0.900921
 0.173182
 0.262126
 -0.794687
 -0.543166
 -0.695758
 0.384123
 0.283595
 0.490165
 -1.2509
 0.00966658
 -0.0125589
 -0.712593
 -0.761544
 -0.824226
 -0.0149233
 0.715409
 0.71102
 0.887436
 -0.639269
 0.529863
 0.294842
 -0.389149
 -0.0848394
 0.147304
 -0.352295
 1.21161
 1.34411
 -0.0966123
 1.5808
 0.248557
 0.616448
 0.289637
 1.4868
 0.0611902
 -0.164044
 -0.486045
 -0.312008
 -0.644098
 -0.491969
 -0.0400328
 -0.4456
 -0.67042
 -0.373474
 -1.93669
 -0.136349
 -1.61876
 -0.517073
 -0.498493
 -0.785698
 -1.86845
 -0.786863
 -0.141912
 -0.834881
 -0.0567404
 -0.154067
 -0.827413
 -0.682521
 -1.03928
 0.741018
 0.707244
 -0.691549
 -0.570548
 -0.415896
 0.188848
 0.429393
 -0.64549
 0.74672
 0.140081
 0.498635
 0.298739
 -0.127844
 -0.970744
 -0.10787
 0.363013
 -0.0902947
 -0.44324
 -0.102464
 -0.631467
 -0.0868654
 0.363499
 -0.462145
 0.139223
 -0.519622
 0.582879
 1.70795
 0.289069
 0.671648
 0.66931
 0.340365
 -0.357077
 0.438037
 -0.624995
 -0.0414504
 -0.167102
 0.558614
 0.062755
 0.696145
 -0.105147
 0.251748
 -0.171305
 -0.0927973
 -0.717167
 0.99943
 1.42413
 0.92247
 -0.4886
 -0.355245
 0.462328
 0.166818
 -0.466428
 -0.0365661
 -0.537229
 0.652217
 -1.0099
 -0.264315
 -0.532147
 0.405797
 -0.0694009
 1.6517
 0.551962
 0.836593
 -0.414385
 0.413623
 -0.140088
 -0.282836
 0.892009
 0.19947
 0.447239
 -0.384464
 0.0115599
 1.0209
 0.0409502
 0.353059
 0.195403
 0.608869
 0.539069
 0.890203
 0.758093
 0.293792
 -0.808488
 0.238731
 0.193342
 0.473129
 0.175943
 0.0628578
 0.158711
 0.0555428
 -0.775173
 -1.12649
 0.13704
 -0.463178
 0.381829
 0.891197
 0.255999
 0.292885
 -0.320136
 -1.43784
 -0.0355639
 -0.0701079
 -0.701282
 -0.908805
 -0.52693
 -0.796712
 -0.541334
 -0.747937
 -1.01248
 0.488273
 -0.673785
 -0.224015
 -0.70506
 -0.6909
 -0.336764
 0.421393
 0.837757
 0.53729
 0.254066
 -0.833664
 0.43687
 0.0896268
 -0.703992
 -0.312678
 -0.0846769
 0.270366
 0.52702
 -0.685071
 -0.00992115
 -0.0314712
 -0.334678
 0.0611328
 -0.834329
 -0.656531
 0.439794
 0.00569629
 -0.744218
 -0.632556
 -0.058824
 0.845807
 0.138661
 -0.50674
 0.631391
 0.135857
 0.125137
 0.127535
 1.27851
 -0.386896
 0.634324
 0.355182
 0.3391
 -0.279165
 -0.368627
 0.262922
 -0.103708
 0.292964
 0.341767
 -0.218644
 0.432138
 0.0797917
 0.17558
 -0.0128865
 -0.522725
 0.0732431
 0.248958
 0.339024
 0.619366
 -0.150449
 0.393153
 0.0686245
 -0.531097
 -0.753908
 0.2069
 0.689435
 -0.726587
 0.552796
 -0.657944
 -0.780696
 -0.654559
 0.401018
 0.500069
 0.107974
 -0.755048
 0.908497
 -0.0708237
 -0.640398
 -0.114092
 0.38358
 0.177245
 0.0399652
 0.469525
 0.730488
 0.30254
 -0.177287
 0.525067
 0.380993
 0.238702
 -0.898133
 -0.577751
 -1.55593
 0.16864
 -0.0228139
 -0.617986
 -0.488245
 0.756835
 0.291327
 0.78935
 0.249497
 -0.223517
 0.420242
 0.400879
 -0.498904
 0.532113
 0.763339
 1.9838
 -0.9698
 1.02539
 -0.0697149
 -0.10845
 0.939467
 -0.398181
 0.946882
 0.400992
 -0.0334126
 0.401303
 0.0419199
 0.844333
 -0.284956
 -0.282227
 1.25634
 -0.628512
 -0.744842
 -0.436342
 -0.069148
 -0.321123
 -1.33486
 -0.3467
 -0.401783
 0.30122
 0.00496782
 -0.761707
 -0.677472
 0.184234
 -1.83093
 -0.244061
 0.0558377
 0.119846
 -0.28219
 -0.439565
 0.465278
 0.457563
 -0.102992
 -0.0377148
 -0.242071
 1.16189
 0.663605
 0.81684
 -0.615891
 -0.148876
 0.211954
 -0.375166
 0.0324036
 -1.48503
 0.0651269
 -0.604275
 -0.893593
 -0.376075
 -0.398431
 0.161807
 0.470924
 0.414938
 -0.175042
 0.486376
 -0.344425
 0.728256
 -0.472158
 0.418199
 1.06881
 1.01009
 0.446489
 0.152773
 -0.141154
 0.953094
 0.59702
 -0.647185
 -0.760578
 0.137811
 0.496817
 0.773032
 1.37101
 2.05558
 0.520295
 0.855125
 -0.182623
 0.38023
 0.307033
 0.075869
 -0.387285
 -0.895757
 -0.449335
 0.050948
 -0.786586
 -0.79377
 -0.243569
 -0.488539
 -0.465189
 -0.124975
 0.243741
 0.0945068
 -0.710122
 -0.665935
 0.713185
 0.31187
 0.0937445
 -0.504667
 -1.88361
 -0.28758
 -0.966714
 -1.22243
 0.97641
 -0.715595
 1.36713
 -0.355577
 0.632453
 0.519987
 1.30985
 -0.496654
 0.423001
 -0.201118
 -0.177423
 1.04465
 -0.205639
 -0.547916
 0.707441
 0.331201
 -0.0854061
 -1.21509
 0.126739
 0.822766
 0.514868
 -1.31349
 -0.110763
 -1.24058
 -0.876944
 -0.140178
 0.0321383
 -0.690706
 -0.597589
 -0.407662
 -0.575798
 -0.433174
 -0.651231
 0.0975057
 -0.240133
 -0.347989
 0.594237
 1.03535
 0.805921
 -0.598668
 -0.199502
 -0.613255
 -1.92314
 0.0617789
 -0.261242
 -0.745919
 -0.802376
 -0.993984
 0.238497
 0.218547
 -0.0935895
 0.233085
 0.0646323
 0.464148
 0.191962
 1.80478
 -0.717287
 -0.142416
 0.0440388
 0.268971
 0.335655
 0.249986
 0.319681
 0.0730763
 -0.641994
 -0.615104
 0.0710557
 -0.732301
 -0.730354
 -0.380813
 0.486193
 -0.94523
 -0.706767
 -0.926636
 -1.93244
 -0.365069
 -0.670536
 0.854342
 -0.808773
 0.400061
 -0.786635
 0.255441
 0.753444
 -0.712531
 0.361554
 -0.389879
 -0.695604
 -1.31497
 0.652747
 0.589459
 0.610975
 -0.808993
 0.193268
 0.246043
 -1.97067
 0.163592
 -0.236829
 0.360568
 -0.63701
 0.665548
 0.633909
 0.586121
 0.857652
 0.71585
 -0.58326
 0.0303468
 -0.168285
 0.597701
 -0.11789
 -0.137023
 -0.618331
 1.62843
 -0.50013
 -0.218537
 0.0502999
 0.459801
 0.0564896
 -0.296839
 0.399529
 0.231408
 -0.28081
 -0.179695
 0.532902
 -0.527574
 -0.500992
 -0.557296
 0.372315
 0.345031
 -0.165734
 -0.227835
 0.151352
 0.253997
 -0.0960211
 -0.537932
 -0.143513
 0.466455
 -0.883636
 0.419441
 0.273073
 -0.54915
 -0.14473
 0.45787
 -0.797437
 0.494963
 -0.831904
 -0.534854
 1.49079
 1.13595
 0.357414
 0.737197
 0.231007
 -0.17465
 -0.338312
 -0.900399
 0.660946
 -0.0952062
 0.733081
 1.09828
 0.303929
 0.432948
 0.468426
 1.10903
 0.125423
 0.317658
 0.540371
 0.261107
 -0.883994
 0.375498
 -0.668355
 -0.264079
 -0.732606
 0.278011
 -0.57839
 0.339689
 -0.435026
 1.42301
 0.0780437
 -0.107861
 0.0736456
 -0.415621
 0.176338
 -0.0284843
 0.133375
 -0.521669
 0.754154
 -0.435038
 0.266839
 -0.732219
 -0.050719
 -1.15276
 -0.36613
 -0.51284
 -0.192973
 -1.83495
 -0.167572
 -0.313458
 -0.627525
 -1.87912
 -1.0047
 -1.15603
 -0.508561
 -0.763995
 -0.683482
 -0.479575
 -0.0107083
 0.545387
 0.293687
 -0.137954
 -0.27662
 -0.621106
 -0.135839
 -0.0109122
 0.21768
 0.02723
 -0.192396
 0.301188
 -0.488341
 0.104185
 -0.786714
 -0.793167
 0.22551
 -0.000799073
 -0.550049
 1.25791
 1.22693
 2.28286
 1.3497
 0.560835
 0.620199
 0.360476
 -0.273963
 -0.446131
 -1.16126
 0.376723
 -0.457934
 0.162205
 -0.596855
 -0.877374
 -0.0240251
 -1.67937
 0.441298
 0.141315
 -0.523643
 -0.458055
 -0.532157
 0.185555
 -0.831953
 -0.683868
 -0.487887
 -0.443706
 0.331779
 0.162161
 -0.677323
 -0.414795
 0.141523
 1.47828
 -1.02177
 -0.503061
 -0.701267
 0.214476
 -0.438382
 0.594892
 -0.207042
 0.61462
 -0.463239
 1.53933
 -0.12108
 0.0993763
 -0.466198
 1.0126
 1.04135
 0.00435075
 0.449673
 -0.603866
 -0.453703
 0.205347
 -0.210518
 -0.806737
 0.213692
 -0.109379
 -0.269322
 -0.153386
 -0.515926
 0.610309
 -0.741369
 -0.612503
 0.194803
 -0.454409
 0.794776
 -0.101309
 0.320904
 -0.634944
 -0.504124
 0.460162
 0.42711
 -0.359229
 0.1744
 -0.661087
 0.180749
 0.607048
 -0.502789
 -1.80018
 -0.252414
 1.12878
 0.200722
 0.12813
 0.419757
 0.699459
 -0.163272
 -0.105158
 -0.675313
 1.02849
 -0.319269
 -0.624277
 -0.613841
 0.362911
 0.52878
 1.19923
 0.358573
 0.332494
 0.325112
 0.197761
 -0.502628
 -0.380052
 0.140959
 -1.08728
 -0.592551
 0.701277
 0.285659
 -0.538977
 -0.509728
 0.316867
 0.426102
 0.123547
 -0.637739
 -0.351033
 -0.372367
 0.623462
 0.146808
 0.189636
 0.199755
 0.100727
 -0.24433
 -0.505226
 -0.401423
 0.0590464
 -0.660481
 0.724222
 0.3631
 0.795224
 -0.640536
 0.299287
 -0.543842
 0.162604
 -1.71451
 -0.0115242
 0.794747
 0.279994
 0.295702
 -0.167808
 -0.186071
 0.161907
 0.21487
 0.7779
 -0.126089
 -0.447718
 -0.563694
 0.159938
 0.0495607
 0.112462
 -1.33971
 0.166586
 0.0399001
 -0.132372
 0.359711
 -1.76182
 0.0704686
 -0.221979
 1.18963
 0.0466028
 0.253378
 0.373075
 0.698194
 0.0648319
 0.417062
 1.1186
 0.548855
 0.444376
 1.10009
 -0.682946
 -0.499778
 0.37438
 -0.861757
 -0.486339
 -0.360807
 -0.0570714
 0.67566
 0.302097
 0.450155
 0.645655
 0.39196
 1.8427
 0.177332
 0.640178
 -0.356641
 -0.193873
 -0.280306
 0.383295
 0.652663
 1.36106
 0.215384
 -0.704492
 -0.675799
 -1.70175
 -0.501496
 0.223334
 0.0625539
 0.414262
 0.122207
 -0.0883721
 -1.07737
 -0.589869
 -0.608235
 -0.133056
 -0.0313246
 0.295399
 0.222194
 -0.8122
 -1.46057
 -0.0742187
 -1.97432
 -0.654103
 -1.8792
 -0.385449
 -1.87414
 -0.789867
 -1.25831
 0.806931
 -0.667452
 0.287425
 1.01346
 -0.385465
 1.50544
 0.181602
 0.257871
 -0.305148
 0.307419
 0.275093
 0.92431
 -0.259268
 -0.419252
 1.15661
 -1.38652
 0.873651
 1.10925
 -0.286558
 -0.76156
 0.712159
 0.0190874
 0.319041
 0.316296
 1.9714
 0.0573886
 0.0959611
 0.13943
 -0.436802
 0.337657
 1.47332
 -0.599426
 -0.397826
 0.468717
 0.16117
 0.676092
 0.880742
 -0.299074
 0.0459684
 -0.354341
 1.67046
 -0.695945
 0.576499
 1.25302
 0.395106
 0.101301
 0.0327086
 -0.33132
 1.70891
 -0.476962
 -0.323155
 0.319149
 -0.926081
 -0.370499
 0.729966
 0.749731
 -0.16338
