 -0.0826543
 0.499146
 -0.507708
 0.790099
 0.655263
 1.41384
 2.62939
 1.32557
 0.29157
 -0.241382
 0.941844
 2.36435
 -0.885379
 -0.190475
 -1.66345
 -1.76937
 -1.06049
 -0.884978
 -1.00191
 -1.20397
 -0.802561
 0.111551
 -0.673931
 -0.115332
 -0.731677
 -0.393661
 0.140874
 0.72449
 0.498109
 0.0364321
 0.116001
 -0.189225
 0.0555526
 0.315931
 1.4732
 1.19454
 1.61291
 3.01617
 2.33286
 2.19464
 1.46774
 0.411638
 0.668935
 0.152239
 -0.303594
 -0.255658
 -0.551781
 -1.35635
 -0.894811
 -2.18642
 -1.0321
 -2.23851
 -2.36751
 -1.12466
 -1.37455
 -1.16899
 -2.56346
 -0.93937
 -1.01333
 -1.49696
 -1.14078
 -0.296685
 -1.26601
 -0.593877
 -0.6001
 -0.592003
 -0.296123
 0.300732
 0.262397
 0.520238
 0.720957
 -0.268786
 -2.29614
 -0.956092
 -1.10641
 -0.843181
 0.671787
 -0.0858352
 -0.174188
 0.378636
 -0.607293
 0.0868265
 0.717066
 0.538012
 -0.48733
 -0.188819
 -0.79569
 -1.6783
 -1.54183
 -0.853946
 -0.0791847
 0.115801
 -0.482022
 0.448867
 0.655319
 0.165292
 -0.0555805
 0.332329
 -0.65815
 -1.01399
 0.484493
 -0.668668
 -0.741405
 -0.658296
 0.222748
 -0.0527872
 -0.170114
 -1.10487
 -0.533187
 -0.0837129
 0.0868013
 0.320267
 -0.537306
 -0.588662
 0.306914
 0.190085
 -0.215197
 0.0645629
 0.350505
 1.5017
 0.563435
 0.580191
 -0.130829
 -0.841593
 -2.27087
 -1.51211
 -1.81317
 -1.35415
 -0.679069
 -1.20891
 -0.482995
 1.0518
 0.734941
 0.800873
 0.752918
 0.656875
 -0.413544
 -0.418863
 1.53963
 1.09276
 0.560115
 0.581828
 1.1483
 0.992762
 0.93839
 -0.185121
 0.288353
 0.652799
 -0.315618
 -0.563899
 0.0446995
 -0.691764
 0.29324
 -0.15371
 -0.432923
 0.00466946
 -0.534823
 -0.0565685
 -0.371424
 -0.918773
 -0.376196
 0.551177
 0.18488
 0.644829
 0.820643
 0.758435
 -0.533973
 0.00890076
 0.593057
 -1.48159
 0.100449
 0.682249
 0.797913
 0.677495
 -0.0404575
 0.195034
 -1.73866
 -0.336726
 -0.679341
 -0.531709
 0.179564
 0.150701
 -0.142364
 0.172077
 0.35463
 1.03253
 1.81956
 1.22978
 1.01751
 0.775579
 0.270244
 0.522474
 1.59278
 1.23836
 1.25696
 1.85527
 1.14575
 0.805391
 -0.217698
 1.00993
 0.38993
 0.646791
 -0.222958
 -0.387731
 -0.117038
 -2.03239
 -0.586331
 -0.588897
 -1.04424
 0.0920014
 -0.874441
 -1.19178
 -2.12277
 -3.10404
 -1.15497
 -2.41037
 -0.876199
 -0.944183
 -0.685063
 -0.0629655
 0.583666
 1.07363
 0.723975
 2.00958
 0.671154
 0.685206
 -0.0365251
 0.889905
 0.699037
 0.813515
 0.849898
 0.553385
 1.41629
 1.18685
 0.900601
 -0.558674
 -0.579828
 -0.379763
 0.168216
 0.847153
 0.695184
 -0.254151
 -0.118773
 0.427021
 0.0731277
 0.589997
 -0.0297248
 0.345027
 0.13262
 0.249298
 0.606583
 0.789932
 1.98931
 1.25815
 1.21909
 0.611728
 0.203139
 -0.725646
 -0.522955
 -0.423588
 -0.647968
 -0.543717
 -0.746522
 -0.466252
 0.328495
 0.44954
 -0.711071
 -1.50709
 -0.688791
 -0.171271
 0.432961
 0.855501
 0.730061
 0.14241
 -0.28317
 -0.61878
 0.527844
 -0.100242
 0.236792
 0.373296
 1.01441
 1.4199
 1.58997
 1.56406
 1.55283
 1.42005
 1.16941
 -0.254911
 0.209626
 0.522176
 0.730081
 0.477182
 -0.280108
 -0.734828
 -1.48882
 -0.228785
 -1.63675
 0.113038
 -0.750869
 -0.237228
 0.220065
 -0.830512
 -1.17338
 -1.85305
 -1.14078
 -1.60268
 -1.23891
 -0.980829
 -0.415954
 1.3874
 -1.13941
 -0.177511
 -0.846612
 -1.53325
 -2.44953
 -1.84618
 -0.173168
 1.34846
 0.918794
 1.04276
 -0.087451
 -0.977592
 -1.52168
 -0.90213
 -0.255659
 -0.827453
 -1.00206
 -1.08336
 -0.509959
 -1.0849
 -0.600758
 1.04711
 -0.636182
 0.0703267
 -0.0635033
 -0.463524
 -2.23415
 -2.47462
 -1.99696
 -0.467768
 -1.0563
 -0.336817
 1.58332
 1.30407
 1.11657
 1.49618
 0.953325
 -0.00566415
 -0.0853948
 0.630464
 0.955033
 0.111829
 0.32451
 -0.225263
 -0.297697
 -0.64223
 0.235849
 0.397419
 -0.547171
 -0.467943
 -0.745087
 0.253316
 -0.0955117
 -1.42507
 -2.44411
 -2.18679
 -1.67014
 -1.99111
 -2.03732
 -1.7849
 -1.38801
 -1.91562
 -0.696603
 -1.10955
 -0.380386
 0.378304
 0.355287
 -0.907812
 -0.310785
 -0.579075
 -0.826569
 0.00137395
 0.195013
 -0.639089
 0.979546
 0.513459
 0.527258
 -0.402405
 -1.0115
 -0.562038
 -0.937505
 -1.02725
 -1.46725
 -1.0385
 -1.2221
 -0.257287
 -0.51509
 0.107745
 -0.944841
 -1.60288
 -1.21413
 -0.483473
 -0.225248
 -0.0310004
 0.615604
 0.733837
 0.690259
 1.22628
 1.00696
 1.04979
 0.704639
 -0.669446
 0.130792
 0.16362
 0.0776445
 0.498075
 -0.361471
 -1.15817
 -1.18224
 -0.4834
 0.395833
 0.317458
 0.595207
 0.734225
 0.00938266
 -0.317729
 0.689865
 0.207051
 0.505267
 -0.184902
 0.378311
 1.29197
 0.706952
 0.722181
 0.770506
 1.50502
 -0.497101
 -0.492147
 -1.59201
 -1.30177
 -0.484715
 -0.160988
 0.0171826
 0.813962
 0.234367
 -0.485676
 0.208627
 -0.0797521
 -0.156555
 -1.26972
 -0.365336
 -0.560731
 -0.120799
 -0.0495094
 0.357514
 -0.348979
 -0.179019
 0.412292
 0.49575
 -0.468419
 -0.392668
 0.148691
 -0.666251
 -1.40269
 -2.42324
 -2.62616
 -1.70883
 -1.6697
 -0.534851
 -0.631256
 0.92052
 -0.254237
 0.258688
 -0.345559
 -2.10919
 -1.70859
 -0.89979
 -1.31458
 -0.739724
 -0.895844
 -0.498619
 0.23837
 1.08298
 1.01308
 0.891996
 -1.16427
 -0.565696
 -0.478593
 -1.03108
 -0.411153
 -2.18393
 -1.85699
 -1.65456
 -1.34847
 -0.456191
 -1.44834
 -0.826255
 -1.0922
 -1.06165
 -0.863231
 -0.769356
 -1.14144
 -2.20579
 -1.54435
 0.387102
 0.456448
 -0.300493
 0.130366
 0.101933
 0.644234
 1.12391
 0.854825
 2.60761
 0.662991
 1.92769
 1.26144
 -0.166081
 -0.374934
 -1.80324
 -1.68225
 -0.419487
 -0.194882
 -1.0122
 -0.637455
 -0.93792
 -0.960312
 -0.631251
 -0.17294
 -0.442495
 0.0601182
 -0.845386
 -1.87893
 -2.00509
 -1.77512
 -2.23379
 -1.62027
 -1.63137
 -0.523665
 -0.591957
 -0.729538
 -1.28315
 -0.84761
 -0.0858933
 0.126392
 -0.0823366
 0.11234
 0.35071
 0.556561
 -0.400586
 -0.110625
 -0.689085
 -0.233946
 -0.808773
 -1.2851
 -1.12869
 -0.777313
 -0.263305
 1.04762
 0.247265
 -0.00563066
 0.39286
 1.10278
 0.96962
 0.815952
 0.846392
 1.13226
 1.0409
 1.19439
 1.47545
 -0.251172
 -0.130972
 0.53869
 -0.288786
 -1.9723
 -1.05457
 -0.144857
 0.173126
 -0.222204
 -0.230491
 0.678426
 -0.421176
 -0.772077
 -0.148674
 0.186922
 -0.257289
 -0.78299
 -0.133027
 -0.0801081
 -0.0766153
 -0.308688
 -0.594758
 -0.599843
 -0.722244
 -0.252096
 -0.79405
 0.0722291
 -0.535623
 -0.590968
 0.0921707
 -0.458792
 -0.0286509
 0.457244
 0.479175
 -0.486566
 -0.420404
 -0.454648
 -0.183576
 0.300706
 0.984628
 0.70739
 -0.0812421
 0.0132652
 0.222304
 -0.415826
 0.570824
 0.666457
 0.797031
 2.31671
 0.314321
 0.757575
 0.215024
 1.11815
 0.903091
 0.0648269
 0.248699
 -0.466253
 0.460285
 0.502023
 0.274676
 -0.522769
 0.328263
 1.75788
 0.412682
 1.18091
 0.540843
 -0.548663
 0.261908
 0.425775
 -0.193363
 -0.165226
 0.425729
 1.14097
 0.525047
 1.12139
 1.04651
 1.08726
 0.165471
 0.574178
 0.722822
 2.28297
 1.60251
 1.18069
 1.14935
 0.647925
 -0.180721
 -0.313789
 -0.760912
 -0.508655
 -0.477741
 0.112796
 0.423116
 0.941331
 0.893989
 -0.944317
 -1.45818
 -1.72203
 -0.816186
 -0.49814
 -0.527572
 0.440769
 1.16771
 0.536848
 0.933912
 0.114689
 0.309886
 1.04813
 0.366052
 -0.305696
 -0.237953
 -0.458971
 -0.822615
 -1.31579
 0.231243
 0.0589748
 1.01708
 -0.221463
 1.15526
 1.616
 0.875296
 -0.0446096
 0.0797127
 -0.504974
 0.231228
 -0.622804
 -0.238728
 -0.675851
 0.812175
 0.695763
 1.67776
 1.33198
 1.46477
 1.5868
 2.92995
 1.7795
 0.541709
 0.345622
 -0.181698
 -0.204158
 -2.03277
 -0.448168
 0.0327066
 1.40679
 1.33256
 1.85733
 1.23357
 2.0584
 1.63234
 2.2135
 2.36109
 2.59435
 2.51683
 2.91621
 2.30328
 0.766947
 0.844147
 0.594862
 0.172983
 0.951055
 2.09845
 0.53124
 0.517089
 0.841131
 1.69969
 -0.857228
 0.363796
 0.945921
 0.731441
 0.70119
 1.22759
 0.773419
 1.3548
 2.3821
 -0.0572057
 0.953319
 -0.72858
 0.654419
 -0.0212708
 0.256738
 -0.707333
 -0.471116
 -0.998102
 -1.22083
 -1.39283
 -1.14135
 -1.63709
 -2.46342
 -2.9476
 -2.58503
 -2.21681
 -1.05978
 -1.40414
 -1.10986
 -1.26401
 -1.58349
 -0.952575
 -0.517607
 -0.518127
 0.369562
 0.835605
 0.569463
 -0.426603
 0.751028
 0.472592
 0.608046
 0.569861
 0.25487
 -0.381512
 -0.887833
 0.326567
 -0.41037
 -0.223614
 0.442787
 -0.578908
 -0.980695
 -2.23973
 -2.04092
 -1.75795
 -1.69854
 -0.950281
 0.312678
 0.735181
 2.02322
 1.92857
 1.1572
 0.482063
 0.797649
 0.91405
 0.292535
 1.72359
 0.0336066
 0.677527
 0.805755
 -0.357389
 0.0897641
 0.400406
 0.777749
 0.752244
 0.918039
 -0.0991828
 -0.156898
 -1.97431
 -0.84816
 -1.59191
 -0.843033
 -0.274825
 0.36553
 -0.363043
 -0.825399
 -0.861561
 -0.204661
 -0.637674
 -1.04228
 -1.46809
 -2.34703
 -1.1143
 -1.23064
 -1.29633
 -1.68563
 -1.46076
 -0.0358922
 -1.57178
 -1.29353
 0.832176
 0.49405
 -0.116195
 0.432591
 -1.52785
 -2.70491
 -1.15113
 -1.09834
 -1.14138
 -1.06037
 -1.16422
 -0.0560976
 0.621193
 1.14874
 0.48421
 -1.44954
 -1.21192
 -0.589089
 -0.707664
 -0.791492
 0.038442
 -0.259916
 0.406064
 -0.20112
 0.614106
 0.632122
 0.229728
 0.255413
 0.360919
 0.38129
 1.49612
 3.03659
 3.17742
 2.0168
 1.04868
 1.15297
 -0.104349
 0.427906
 0.0720641
 -0.417977
 -0.446563
 0.454236
 1.40163
 0.980032
 0.879425
 0.112288
 1.26783
 1.24988
 1.69828
 1.734
 -0.333373
 0.254089
 -0.217916
 0.0515512
 -2.11872
 -1.01496
 -1.97122
 -1.30444
 -2.5592
 -1.7201
 -1.28336
 -1.43923
 -0.892189
 -1.01458
 -0.132876
 -0.812958
 0.312085
 0.405719
 0.998594
 0.172324
 -0.629327
 -0.481689
 -1.1703
 -0.141708
 -0.658657
 -0.0550944
 -0.0747623
 -0.376443
 -0.0089994
 0.690281
 0.921088
 -0.372761
 0.152432
 0.547633
 -0.333005
 -0.358847
 0.319991
 0.244138
 0.434517
 0.192726
 -0.40771
 0.325825
 -1.84729
 -0.617062
 -0.824858
 -0.929213
 -0.202609
 -1.55814
 -1.563
 -1.41877
 -0.671932
 0.956424
 -0.375095
 -0.0280921
 -0.480082
 -1.02597
 -1.03316
 -1.20129
 -0.539767
 -0.239263
 -0.745835
 -1.05025
 -1.26521
 -0.811362
 -2.05089
 -0.908555
 -1.09792
 -1.22706
 0.385212
 -0.534795
 0.466523
 0.290103
 0.898782
 1.10758
 -0.301612
 -1.45977
 -1.2085
 -0.398867
 0.446135
 0.0333016
 0.226972
 0.643709
 0.00863824
 1.12987
 0.952394
 -0.368848
 -0.874753
 0.182776
 -0.549014
 0.291228
 0.535573
 0.595311
 0.520768
 1.14372
 0.566268
 0.614122
 0.0936019
 -0.340012
 -0.253411
 -0.137404
 -0.601278
 0.724404
 0.686784
 0.296397
 -0.424663
 -0.572679
 -0.132221
 -0.260127
 1.31162
 1.98034
 1.0217
 0.773074
 0.56726
 0.638887
 -0.801926
 -0.964417
 -0.0197646
 0.20709
 0.370761
 -0.220542
 -1.10489
 -0.759307
 -0.512238
 -0.254047
 0.942234
 -0.517214
 -0.157467
 -0.590156
 -1.70301
 -0.396775
 -0.0458161
 0.118163
 0.030018
 -0.628614
 0.341851
 0.341579
 0.533409
 0.364788
 -0.146209
 0.0971556
 0.903226
 0.659777
 1.11381
 0.671508
 1.00131
 1.14282
 -0.475365
 0.441949
 0.34532
 -0.359494
 -1.04673
 0.415799
 0.145632
 1.43037
 0.348121
 0.400781
 0.77958
 0.223459
 0.71984
 0.874499
 0.792258
 1.30239
 1.8745
 0.687433
 2.14146
 2.05336
 -0.322134
 -0.894786
 -0.64023
 -0.158316
 -0.0582422
 -0.106147
 0.321561
 -0.428897
 0.308044
 -0.731653
 -0.428453
 0.870309
 0.705305
 0.859934
 -1.34333
 0.136574
 1.07217
 1.55713
 0.711665
 1.78384
 0.349835
 1.22361
 1.29018
 1.32729
 0.693393
 -0.407843
 0.400193
 -0.353828
 0.0414872
 0.0846739
 0.289522
 -0.419816
 -0.613097
 -0.907268
 -1.06242
 -0.570884
 -1.4555
 -0.514903
 0.0324113
 -1.55984
 -0.0230285
 0.21448
 0.905524
 0.875615
 0.688573
 0.570385
 -1.42749
 -1.40851
 -1.43614
 -0.983907
 -0.671648
 -0.729634
 -1.06324
 -0.468416
 -0.364859
 -0.399332
 -0.84371
 -0.293437
 -1.56273
 -0.697952
 -0.647052
 0.116922
 -0.804968
 -0.426271
 -0.700514
 0.622906
 -0.867761
 0.599253
 -0.2989
 -0.20168
 0.431805
 -0.682557
 -0.504152
 0.0128494
 0.164968
 0.194358
 -0.0469787
 -0.670004
 0.0276243
 0.74763
 0.397317
 0.443806
 0.550824
 0.150072
 -0.5572
 0.326936
 0.00670477
 -0.0866481
 1.06739
 1.41959
 2.96926
 1.8771
 1.28636
 2.0384
 0.837901
 0.6668
 -0.019217
 -0.43371
 -0.867586
 -1.60865
 -0.623141
 -1.26264
 -1.45981
 -0.368415
 -1.00441
 -0.872257
 -0.544028
 -0.443928
 0.929467
 -0.0153485
 0.95145
 0.896782
 0.163334
 -1.19415
 -1.11084
 -1.11458
 -1.39708
 -1.59993
 -1.27532
 -1.71756
 -1.81629
 -0.337784
 -1.08402
 -0.641969
 -0.746373
 -0.695075
 -0.624709
 -0.257133
 -0.480581
 -1.95574
 0.462783
 0.319883
 -0.121567
 1.75203
 1.00892
 0.608413
 1.66927
 1.08304
 -0.435783
 -0.311962
 -0.312729
 -0.562274
 -1.9212
 -0.395314
 -0.706585
 -0.738464
 -0.849784
 -0.728074
 -1.28885
 -1.61483
 -0.815765
 -0.216606
 -0.679097
 -0.313295
 -0.0123476
 -0.641714
 -1.17958
 -0.751425
 -0.746027
 -0.592655
 -0.940674
 0.231919
 -0.439064
 -0.513692
 -0.121682
 -0.721117
 0.10886
 -0.828707
 0.270431
 1.31579
 0.200911
 0.473744
 -0.0609966
 -0.701515
 -0.107122
 -0.531046
 -0.33289
 0.355666
 0.0206157
 -0.60235
 -1.41618
 -1.62083
 -1.75012
 -0.491246
 -0.465244
 1.65604
 -0.629821
 0.334818
 1.44514
 -0.108092
 0.501584
 -0.0756187
 0.263776
 0.209141
 0.253691
 1.67211
 0.664325
 0.296076
 0.632252
 0.877354
 1.55287
 0.361665
 0.371371
 0.167019
 0.512502
 1.19641
 1.06642
 0.515938
 0.480457
 0.654576
 -0.226625
 0.557191
 0.975161
 0.743007
 0.771612
 -0.294958
 -0.356393
 -0.242353
 0.16789
 0.453363
 0.511158
 -0.0454062
 -0.554018
 -0.595799
 -0.816438
 -2.10666
 -1.92044
 -2.50761
 -1.82866
 -1.19232
 -0.712061
 -0.401776
 -0.284504
 -1.141
 -1.60846
 -1.27849
 -0.119396
 0.931513
 1.46432
 0.512132
 1.91929
 0.356561
 0.455893
 -1.05035
 0.0341616
 -0.568397
 -1.03701
 -0.852514
 -1.0494
 -0.64648
 0.811997
 0.837843
 1.35101
 0.751756
 0.626507
 0.549972
 0.356144
 -0.161306
 0.209248
 -1.72901
 -0.774397
 -1.05578
 -0.531271
 -0.306609
 -0.450885
 -0.0289172
 -0.600259
 0.415055
 0.246607
 -0.125523
 -0.993195
 0.221605
 -0.471971
 -0.0472704
 1.29387
 0.750782
 0.518217
 0.685158
 2.04797
 2.3157
 2.8079
 0.973066
 0.632649
 0.324747
 0.436609
 0.527517
 0.6072
 0.589325
 0.986631
 0.452808
 0.810713
 0.598755
 0.314556
 -0.450393
 -0.00464448
 -0.656283
 -1.39206
 0.142072
 0.435346
 1.28624
 0.571636
 1.10034
 1.06568
 -0.0998837
 0.525127
 0.205043
 0.692336
 0.623002
 -0.34376
 0.104829
 -0.248356
 -0.573579
 -1.24845
 -0.111931
 0.969128
 0.832122
 -0.261988
 0.827309
 0.349015
 0.345715
 -0.762729
 -1.39962
 -1.64975
 -1.14718
 -0.838174
 -1.16379
 -0.46058
 -0.464045
 -0.0199071
 0.238296
 0.72887
 1.04762
 0.01161
 -0.376405
 0.275342
 2.0962
 1.16548
 1.44484
 -0.276222
 -1.11135
 -1.14318
 -0.869435
 -0.668628
 0.0760135
 -1.02044
 0.0675833
 0.587862
 1.03305
 1.3034
 2.15048
 1.63743
 1.23978
 -0.515826
 0.211299
 0.0856709
 0.71267
 0.735368
 0.658939
 0.809103
 1.34853
 1.43936
 0.849082
 1.03325
 2.01537
 1.77039
 1.10024
 2.0927
 0.852526
 0.359455
 1.07219
 0.753459
 1.39068
 1.19826
 0.575678
 -0.473627
 -0.371944
 -1.16665
 -0.145616
 -0.176603
 -0.422916
 0.554744
 -0.0373798
 0.189542
 -0.334161
 -0.729168
 -0.525989
 -0.0936831
 -0.343728
 -2.07926
 -2.20216
 -1.81509
 -0.611579
 -1.22401
 -1.37588
 -0.501594
 -0.299412
 -1.50641
 -0.986082
 -0.889909
 -1.12237
 -1.21615
 -0.460982
 0.188849
 -0.5009
 -0.640923
 -0.231048
 -0.840693
 1.06542
 0.876567
 0.840373
 -0.0370843
 -0.477121
 -0.824958
 -0.73126
 -1.00942
 -1.54678
 0.054871
 0.45229
 0.214676
 1.10399
 -0.876633
 -0.755666
 0.0233897
 0.649499
 1.72944
 2.79769
 1.97965
 1.59859
 0.968739
 1.11957
 1.07198
 2.98817
 2.86379
 1.49802
 1.51814
 1.1863
 0.836665
 1.11765
 1.31314
 0.382956
 0.641604
 0.877313
 -0.548837
 -0.416975
 -0.707143
 0.464213
 0.355566
 1.40435
 0.795029
 0.0154738
 0.385151
 -0.209013
 -0.680194
 -0.977664
 -1.16152
 -1.19818
 -1.22884
 -1.44174
 -1.50365
 -0.915823
 -0.727169
 -1.06572
 -0.798685
 0.657873
 0.233171
 -1.08563
 0.370389
 0.725827
 2.3562
 1.36577
 2.7204
 1.8592
 -0.280201
 0.441408
 -0.481534
 0.625251
 0.919107
 1.67694
 0.759947
 2.16222
 2.22394
 2.02681
 1.92029
 1.57416
 1.12215
 0.830306
 0.815625
 0.416949
 0.463108
 0.169831
 0.48665
 0.868325
 0.436835
 0.640459
 0.489618
 0.527018
 0.502247
 0.535216
 0.762372
 -0.400164
 -0.683388
 -0.050776
 1.75656
 1.59572
 1.22445
 -0.0546639
 2.04629
 0.960326
 1.10439
 1.61449
 0.393573
 1.87943
 0.717966
 1.78252
 1.59109
 0.8515
 1.65066
 1.46214
 1.24377
 2.7412
 2.0969
 2.81622
 1.77248
 0.609994
 0.733497
 0.747985
 1.03313
 0.528548
 -0.845539
 0.343934
 0.50761
 1.21077
 0.635085
 0.831682
 0.850762
 -0.300836
 -0.291546
 0.341673
 0.0488236
 1.05222
 -0.543754
 0.0679382
 0.0708131
 0.248709
 0.592443
 0.669411
 1.90231
 1.21997
 0.838134
 0.88642
 1.28002
 1.67613
 2.5004
 1.53769
 1.23637
 1.31793
 1.05744
 0.319693
 -0.471836
 -0.77312
 0.730791
 1.06192
 0.724076
 -0.939155
 -0.0738565
 -0.609012
 -0.19596
 -0.273386
 0.620066
 0.420114
 -0.526731
 -0.598997
 -0.94161
 -0.582135
 -1.0279
 0.277772
 -0.571204
 0.0512872
 0.39317
 0.532853
 1.84716
 0.401175
 1.13792
 0.890856
 0.774959
 0.491957
 0.462411
 1.13139
 0.0688079
 1.25193
 1.03992
 1.92404
 1.42631
 0.819576
 0.794456
 -0.0257941
 -0.228885
 -0.70699
 -0.0607426
 -0.24834
 0.0312646
 -0.537052
 -0.708356
 1.05851
 0.623479
 0.449766
 0.625141
 1.36901
 1.22788
 0.617441
 1.93368
 1.54608
 1.42225
 1.99581
 2.31898
 0.351683
 0.628355
 0.281924
 -0.759198
 -0.552522
 -1.3472
 -0.928647
 0.191872
 0.137822
 0.123262
 1.52919
 1.28155
 1.54542
 0.56853
 0.652782
 0.677973
 0.508313
 0.982149
 0.417875
 0.743145
 -0.00728895
 0.14105
 -0.953166
 -0.395033
 -1.02731
 -0.998279
 -0.810564
 -0.288416
 0.0105571
 -0.615605
 0.157998
 1.33116
 0.191665
 0.620998
 0.691592
 -0.98275
 -0.853826
 -0.938594
 -0.21895
 0.0850475
 -0.194477
 -0.545816
 0.325875
 -0.196142
 -0.385546
 -0.234599
 -0.0944212
 1.41233
 2.26142
 1.2647
 0.824112
 0.0434683
 -0.193477
 -0.892381
 -0.53142
 0.104669
 -1.90364
 -0.319705
 -0.340631
 -1.02476
 -0.254256
 0.0488686
 1.02753
 0.923414
 1.06064
 0.507867
 0.848826
 0.577897
 1.98786
 -0.532899
 -0.673729
 -0.724742
 -0.570046
 -0.477095
 0.197005
 -0.933816
 -1.22504
 -1.62561
 -1.2398
 -0.27427
 -2.09195
 -1.24194
 -2.45925
 -2.22652
 -2.51733
 -2.06735
 -2.13227
 -1.96015
 -2.1432
 -1.63965
 -1.61655
 -0.419769
 -0.978229
 -0.395861
 -0.886738
 0.0245221
 -1.16616
 -0.5056
 -0.90887
 -0.750068
 0.0834887
 0.71638
 0.588324
 1.22486
 1.80787
 0.942074
 1.1375
 0.662454
 1.02329
 1.18689
 0.493784
 0.139041
 0.289196
 0.439252
 -0.697782
 -1.19875
 -2.39634
 -1.87831
 -1.90432
 -1.1751
 -0.531675
 0.0976794
 -0.486689
 -0.520749
 -0.776782
 -0.385573
 0.707728
 1.20566
 0.946468
 0.154854
 -0.255003
 -0.279519
 -0.556122
 -0.164632
 -0.803574
 0.114674
 0.506815
 -0.252191
 -0.0129795
 -0.0641398
 -0.129839
 0.0769883
 0.000943419
 1.06467
 0.909838
 0.0186518
 -0.0702543
 0.888848
 0.469913
 0.753689
 -0.0140658
 0.583237
 -0.240274
 -0.804692
 -1.16081
 -1.47969
 -0.520482
 -0.173039
 1.29201
 0.720833
 1.16203
 1.40083
 1.07663
 1.56611
 0.15078
 -0.0270276
 -1.06719
 -1.13375
 -1.01016
 -0.582309
 0.172504
 0.389541
 -0.108945
 1.006
 0.438025
 -0.837644
 -0.825514
 -1.25598
 -2.28711
 -1.62397
 -0.68471
 -0.814353
 -0.0717838
 -0.902693
 -0.412035
 -0.164471
 -0.62649
 0.205218
 0.259967
 -0.315757
 -0.293409
 -1.51065
 -1.4256
 -0.31359
 -0.913634
 -0.272155
 -0.776058
 -0.92801
 -0.450047
 0.417531
 0.510491
 0.287489
 -0.155225
 -0.204863
 -0.602607
 0.311381
 0.474108
 0.453531
 0.0470189
 0.213605
 -0.136412
 0.0350858
 0.663282
 1.45374
 -0.121461
 0.445752
 -1.3075
 -1.34568
 -0.527986
 0.0347782
 -1.33061
 -0.751318
 -0.963961
 -1.28878
 -0.4239
 -1.40926
 0.735624
 0.254985
 0.72656
 0.735029
 0.325328
 -1.53838
 0.0635598
 -0.545567
 -0.617717
 -0.146177
 -1.30328
 -1.34174
 -1.3457
 -0.463982
 -0.818268
 -0.218879
 -2.08912
 -0.263928
 -1.91018
 0.313965
 0.0125836
 -1.70549
 -1.57514
 -2.13899
 -1.5217
 -1.80527
 -0.48244
 -0.855488
 -0.155501
 0.747313
 -0.101875
 0.191342
 -0.311258
 0.574233
 0.394851
 0.411057
 0.649853
 -0.270115
 0.398919
 -0.105994
 0.689364
 -0.306671
 -0.86582
 -0.0100189
 0.527747
 -0.0540932
 0.489179
 0.371587
 -1.32355
 -0.861693
 -0.673079
 -0.500829
 -0.233922
 0.585027
 0.283348
 0.203316
 -0.501176
 0.117613
 -0.449654
 -0.653839
 -1.8507
 -1.87157
 -1.26377
 -1.08761
 -1.36278
 -0.415256
 -0.18917
 0.235017
 0.887433
 0.915167
 0.461295
 -1.15912
 -0.335042
 -1.75975
 -0.910373
 -0.963019
 -0.0166592
 -0.0426048
 -0.170836
 0.288337
 0.399414
 1.19326
 0.211685
 -0.274028
 0.477618
 0.132582
 0.303415
 0.81583
 0.511732
 -0.00276712
 -1.32466
 -1.45218
 0.140551
 0.0769387
 0.106483
 -0.574415
 -0.177318
 0.237074
 -0.105247
 -0.444455
 -0.394917
 -0.61512
 -0.487465
 -0.409358
 -0.0272052
 -0.508368
 -2.01555
 -1.26518
 -0.907727
 -1.1675
 0.28671
 0.354393
 0.617779
 1.01427
 0.934336
 -0.152124
 -0.0937973
 -0.0238251
 -0.815339
 -0.198458
 -1.52242
 -1.48402
 -1.0387
 0.25381
 0.293721
 -1.44151
 -0.375239
 -0.0855734
 -0.335796
 -1.78372
 -0.541048
 -0.723725
 -0.343901
 -0.983187
 -0.639268
 0.0938864
 0.362097
 0.551642
 0.419979
 0.887679
 0.349148
 -0.708792
 -0.51805
 0.554424
 -0.142848
 -1.49597
 -0.916545
 -1.65556
 -0.648969
 -1.03067
 -1.75488
 -0.807209
 -1.24724
 -0.910321
 -1.71768
 -0.235478
 -0.461173
 -0.15484
 0.583143
 0.765556
 -0.131387
 1.77251
 1.46927
 0.84285
 2.38788
 0.348332
 0.963309
 0.413704
 0.907371
 -0.0537243
 -0.168448
 -0.512682
 0.302899
 -0.44563
 -0.167384
 -0.69254
 -0.0806504
 -0.819875
 -0.185849
 -0.810901
 -1.2451
 -1.80856
 -0.926049
 -1.47695
 -2.5996
 -1.09755
 -0.433197
 0.0100423
 1.04928
 0.873523
 0.579553
 -0.0263221
 -0.169147
 -0.893529
 -1.55042
 0.388392
 1.19831
 0.19182
 -0.392875
 -0.960496
 -0.118794
 0.0914029
 -0.585918
 -0.203593
 -2.06593
 -1.33568
 -0.988761
 -1.20872
 0.865494
 0.898467
 0.454445
 1.96298
 1.04586
 1.523
 2.03595
 1.04301
 1.21249
 0.617499
 -0.0694265
 0.300841
 0.140113
 -0.0851043
 1.14747
 0.315664
 -0.00116136
 -0.141993
 0.966746
 0.915617
 -0.0903115
 -0.335234
 -0.673534
 -1.78542
 -1.54855
 -0.618388
 -1.26441
 1.15064
 -0.222549
 -0.316477
 0.0301015
 -1.37209
 -1.60404
 -1.18361
 0.253553
 0.316169
 0.774841
 0.375983
 -1.04099
 -0.241183
 0.332529
 -1.08813
 0.901779
 0.870597
 0.0971587
 -0.349145
 -0.434771
 0.294366
 -0.59216
 -0.73555
 -1.08421
 -0.6927
 0.279816
 -0.126008
 1.31476
 0.192738
 0.413587
 0.496971
 -0.386043
 0.200475
 0.37541
 1.02775
 0.868195
 0.482946
 0.67577
 0.544268
 -0.305797
 -1.26029
 -1.53053
 -0.671229
 -1.03351
 0.15275
 -0.295509
 0.10576
 -0.430204
 0.141297
 0.243114
 0.579037
 0.354923
 0.469788
 0.2991
 0.515026
 0.456584
 -0.535653
 -0.033969
 0.588994
 0.325395
 -0.268408
 0.298449
 -1.154
 -0.637833
 -0.319249
 0.0276482
 0.280103
 0.751396
 0.520362
 1.08441
 -0.906496
 0.210082
 0.225425
 0.11652
 -0.646998
 -1.30511
 -0.590109
 0.180413
 -0.879023
 0.365257
 0.342153
 0.049597
 0.838644
 0.681106
 -1.03236
 -1.27437
 -0.552505
 0.0622987
 -0.463042
 -1.21624
 -1.41578
 -0.850084
 -0.827066
 -0.383953
 -0.889129
 -0.694196
 0.120985
 0.344283
 -0.69585
 -0.0329798
 -2.07393
 -1.43405
 -1.08107
 -0.237976
 -0.239855
 -0.556465
 -0.420829
 0.170752
 0.71928
 -0.351763
 -0.760651
 -0.495624
 0.00180052
 -0.588827
 -0.397144
 -2.00162
 -0.972794
 -0.98927
 -0.3948
 0.144025
 -0.376651
 0.622552
 -1.72018
 0.335472
 -0.801112
 -1.09157
 -1.28861
 0.471169
 0.406448
 -0.219329
 -0.74064
 -0.152599
 0.193679
 -0.0783609
 0.136606
 1.3162
 0.619926
 0.801557
 0.00523171
 -0.25062
 0.601164
 -0.226044
 -0.363703
 -0.538275
 -0.567612
 -0.0468246
 0.461669
 -0.24506
 -0.0618424
 -0.596629
 -0.347262
 -1.58166
 -0.599687
 0.0915138
 0.94066
 0.551136
 2.54257
 0.461458
 0.725652
 0.679764
 0.979852
 0.622706
 -0.139917
 -0.509479
 -0.0567367
 0.37988
 0.885646
 0.806498
 -0.214609
 -0.54375
 -0.747204
 0.010768
 0.451041
 1.00967
 -0.211061
 0.797341
 0.656594
 1.62601
 0.479047
 -0.691857
 0.335556
 0.296655
 1.67381
 2.52827
 1.21826
 1.12622
 1.039
 0.0438919
 0.244433
 -0.229362
 0.20374
 0.821261
 -0.122423
 -0.719849
 -0.70911
 0.114895
 0.0775823
 1.969
 1.34566
 0.725733
 0.524575
 0.0948856
 -0.478587
 0.356481
 -0.0320449
 0.297434
 0.394503
 0.316643
 0.540056
 0.923902
 0.722509
 0.435399
 0.0678971
 -1.008
 -0.363943
 -0.943169
 -0.890223
 -0.259077
 0.441803
 -0.79656
 -1.30126
 0.727508
 0.374991
 0.749019
 1.45243
 1.95466
 0.848463
 0.401596
 0.514146
 0.300719
 -0.75828
 -0.0952615
 -0.357808
 -0.286865
 0.85576
 0.723532
 0.164859
 0.384191
 0.140251
 0.203239
 0.479478
 0.53017
 0.505755
 -0.380572
 -0.901331
 0.601526
 0.87134
 -0.192254
 0.0684415
 1.15622
 0.666666
 -1.53329
 -1.4765
 -0.627172
 -1.10694
 -1.40185
 -1.27036
 -1.15666
 -1.60291
 -1.01295
 -0.898038
 -0.49618
 -1.23649
 -1.15153
 -1.71966
 -1.60883
 -0.53039
 0.604755
 0.47506
 1.31384
 0.847528
 -0.280052
 0.774755
 -0.286508
 -0.70043
 -1.14632
 -0.698823
 -0.636192
 -0.660614
 -0.224602
 -1.07203
 -1.17695
 -2.06636
 -1.70161
 -1.03081
 -0.451898
 -1.1521
 -0.687512
 -0.510442
 -0.351862
 0.158863
 0.127641
 -0.678559
 -0.631508
 -0.104681
 -0.976401
 -0.0481939
 -0.955948
 -2.02107
 -1.30058
 -0.323777
 -0.696325
 -1.19091
 1.27703
 0.19283
 0.317126
 1.03309
 1.4885
 2.48031
 1.84121
 1.82941
 1.31295
 1.11856
 0.895075
 0.0581704
 -0.879646
 0.196235
 0.544175
 -1.1122
 -0.434232
 -0.411547
 -0.582355
 -0.433586
 0.470421
 0.232137
 -0.634537
 0.201058
 0.601275
 0.0201906
 0.0795732
 -0.754647
 -1.21697
 -0.204974
 0.0846009
 -0.680827
 -0.470558
 -0.278563
 -0.610038
 0.289403
 1.0219
 1.36841
 1.98325
 1.76057
 0.728062
 1.11709
 0.11866
 0.442523
 1.5137
 0.746356
 0.167997
 0.377551
 -0.0659127
 0.428502
 0.47829
 0.552065
 -1.34229
 -1.05205
 -0.261904
 -1.05294
 -0.917077
 -1.38378
 -0.587326
 -0.787874
 -1.50495
 -0.34396
 -0.16839
 -0.826259
 -1.09649
 -0.554328
 -2.3526
 -1.26361
 0.0287937
 0.0752994
 0.572979
 0.909672
 0.697153
 0.680275
 1.04727
 1.42197
 -0.0149948
 0.0748434
 0.817063
 1.37768
 0.781933
 1.70264
 2.63331
 -0.476606
 -0.369623
 0.21625
 0.432854
 0.828893
 1.00929
 0.0940569
 -0.13127
 -0.634022
 -0.195719
 0.0449327
 -0.31485
 0.425824
 -0.865862
 0.309556
 0.494827
 -0.0108273
 0.446742
 0.368422
 1.4697
 0.534438
 0.554659
 0.511975
 -0.225856
 -0.875014
 -0.595318
 -0.258076
 -0.416708
 0.751177
 -0.240341
 -0.587854
 -0.521831
 0.311804
 0.192698
 0.102738
 -1.95246
 -1.61147
 -1.32004
 -0.500113
 -0.021973
 -0.34158
 -0.790188
 -0.0941574
 0.257636
 0.0846847
 1.84082
 0.336353
 -0.0607572
 -0.457691
 -1.07563
 -1.70119
 -1.52917
 -1.12852
 0.943992
 0.886131
 1.09403
 0.958214
 0.904338
 2.5673
 3.368
 3.33504
 2.14126
 2.50532
 1.71813
 0.634213
 1.0639
 1.13417
 1.17673
 -0.817669
 -0.340289
 -0.829833
 -0.101325
 -0.705429
 0.0858664
 0.522116
 1.77706
 1.24002
 1.55572
 0.977164
 2.3593
 1.11528
 0.856019
 -0.345531
 -0.973315
 0.810928
 0.30839
 -1.26398
 -0.673233
 -0.257299
 -0.209276
 -0.131003
 -0.536893
 0.0730057
 0.609713
 0.3312
 1.12497
 0.0202511
 -0.487637
 -0.988526
 -1.47407
 -0.833066
 -0.7425
 -0.41588
 -1.74078
 -2.59254
 -1.35097
 -0.967828
 -1.92768
 -1.70617
 -1.6463
 -0.519243
 0.258772
 0.649904
 -0.119379
 0.093293
 0.713511
 0.208974
 0.515116
 0.62529
 -0.885841
 0.0860823
 -0.101644
 -0.844373
 0.428265
 1.19125
 1.28154
 1.11885
 0.16417
 -0.579316
 -0.24394
 0.0846614
 0.390297
 -0.452756
 0.426326
 1.44422
 -0.0259868
 -0.607052
 -1.59512
 -2.66804
 -1.73628
 -1.43154
 -2.74554
 -0.748738
 -0.835872
 -1.05593
 0.27059
 -0.220904
 -0.52965
 -0.221341
 -1.11722
 -0.225431
 -0.533662
 -0.46185
 -0.960043
 -0.0945602
 -2.14355
 -1.28348
 -1.12962
 -1.22309
 -1.50738
 -1.45568
 -1.59593
 -1.6377
 -2.75706
 -1.00404
 -0.0206532
 0.693019
 1.20227
 1.42648
 1.26585
 2.74404
 2.02306
 2.26008
 0.568525
 1.90843
 1.55987
 1.4002
 1.52371
 0.932064
 0.737189
 0.67687
 0.704975
 0.70721
 -0.440974
 0.256349
 0.210928
 -0.420026
 -0.747401
 0.460972
 0.616683
 1.39771
 0.899503
 2.37665
 1.84598
 2.41028
 1.91115
 2.32118
 0.34649
 0.0278336
 0.709655
 -0.609308
 -1.04267
 -1.18039
 -0.17052
 -0.578752
 0.371502
 0.248539
 1.24647
 1.39067
 1.88019
 0.23864
 0.727856
 -0.445319
 0.107121
 -0.952754
 -0.535277
 -1.91634
 -1.09164
 0.112194
 -0.152319
 0.147953
 1.06444
 0.966943
 -0.451869
 0.389276
 0.529874
 0.68299
 0.650372
 0.0812709
 -0.663776
 -1.11343
 -0.456536
 -1.23228
 -0.270833
 -0.961579
 -0.250753
 0.189123
 0.585863
 0.458591
 0.451599
 0.575325
 1.65646
 0.0510777
 0.179998
 0.905317
 -0.543856
 -0.784375
 0.674479
 0.0540567
 0.114802
 -0.264953
 -0.24449
 -0.277691
 -0.369584
 -0.158844
 -0.171316
 -0.103301
 1.13595
 -0.139097
 0.607384
 -0.406577
 0.169074
 0.359411
 0.132134
 0.158514
 -0.434608
 0.385953
 -0.182199
 0.276562
 -0.231989
 -0.0152892
 1.04208
 0.544466
 0.725952
 -0.142942
 0.551298
 -0.0767767
 -0.555254
 -1.58468
 -1.47671
 -0.450891
 -0.133583
 1.20656
 0.338228
 1.8253
 -0.54771
 -0.166893
 0.72757
 0.644864
 -0.259729
 0.0854749
 -0.529773
 -0.496899
 -0.860206
 -0.720933
 -0.230168
 1.82626
 1.18998
 1.05573
 2.62434
 2.10347
 2.51479
 3.33657
 2.63644
 1.54597
 1.24441
 1.4583
 3.00552
 0.964974
 1.637
 2.47558
 2.20808
 1.76256
 0.24263
 0.205635
 0.541559
 1.27498
 1.7011
 1.21656
 0.701529
 0.501137
 0.385793
 -0.416988
 -0.294678
 -0.356615
 -1.75229
 -0.107561
 -0.287033
 0.0504511
 1.07078
 0.945856
 2.0411
 1.48791
 1.75768
 1.86438
 1.98907
 2.18401
 1.81628
 1.03235
 -0.155935
 0.169449
 -0.0972664
 1.32007
 0.926658
 0.711147
 0.376409
 0.429257
 0.244668
 0.738819
 0.0207827
 0.216807
 0.311114
 1.01086
 0.677413
 -0.103112
 -0.647384
 0.241382
 0.320717
 -1.11081
 -0.591801
 1.44631
 0.861254
 1.55158
 1.48923
 1.30506
 2.30367
 3.15628
 1.57269
 1.7698
 1.02304
 0.885628
 0.76809
 0.310676
 0.505913
 -0.325374
 -0.77455
 -0.404846
 -0.483721
 -0.378503
 0.559726
 0.685447
 0.0974656
 0.18551
 -0.430389
 -0.763103
 0.221103
 -0.402472
 -0.0118789
 0.502387
 0.249732
 2.23152
 0.499828
 1.8793
 1.14098
 0.147937
 0.459568
 0.651312
 0.526407
 1.1081
 -0.619071
 0.0587287
 -0.0924236
 0.408346
 1.96871
 0.803339
 -0.329818
 -0.520804
 -0.925074
 -0.460756
 0.178828
 0.245693
 0.638264
 0.212757
 0.765277
 1.19434
 1.11179
 1.23242
 1.02858
 -0.164474
 0.361177
 0.76535
 0.779222
 2.05033
 0.831155
 0.788035
 -0.11028
 0.474762
 -1.15201
 -0.20815
 -0.801618
 -0.976112
 -0.90203
 -2.2533
 -0.841341
 -0.561763
 -0.595124
 -0.566086
 -0.241081
 -0.690465
 -1.0335
 -0.437173
 -0.722494
 0.303775
 0.970892
 1.87303
 0.409077
 2.16257
 3.34965
 1.63408
 1.325
 0.163763
 -0.185781
 -0.110064
 0.04329
 -0.0573263
 0.357254
 0.756605
 0.576975
 0.130346
 0.60441
 0.757177
 0.294706
 0.0489236
 -0.0539833
 -0.420219
 -0.0496404
 0.0221068
 0.494339
 -0.363692
 0.0924816
 0.111745
 0.972657
 0.0107109
 -2.00384
 -0.506936
 0.319635
 0.540722
 -0.17662
 -0.438463
 0.271802
 0.130511
 -1.90992
 -0.654656
 -1.59468
 -1.14343
 -0.453908
 -0.754098
 0.852388
 -0.0484186
 0.295457
 -0.569607
 -0.814701
 -1.10583
 -1.263
 -1.3797
 -1.09633
 -1.0389
 -1.287
 -1.9973
 -1.14175
 -1.46447
 -2.48476
 0.464899
 0.109454
 -1.21858
 -0.207047
 0.654135
 0.872965
 0.0174866
 0.11632
 0.000320872
 0.0895337
 1.17727
 0.480031
 1.4565
 0.051703
 1.17642
 0.94445
 -0.0742712
 -0.315615
 0.378842
 0.251847
 -0.0581455
 -0.183903
 -0.581175
 -0.87942
 0.156857
 -0.623918
 -0.513296
 0.12549
 -0.180491
 -0.686236
 -0.750663
 0.111725
 0.619396
 0.0712585
 -0.769119
 -1.39303
 -1.36164
 -2.65637
 -0.859987
 -0.733418
 -0.286515
 -0.572424
 -0.806583
 0.929816
 1.71772
 1.67417
 0.361588
 1.02477
 0.839444
 1.55745
 0.323949
 1.21369
 1.43844
 2.57334
 1.44484
 0.895089
 -0.158261
 1.38963
 0.822806
 -0.0112181
 0.603114
 0.416029
 0.759871
 0.638496
 0.318016
 0.462465
 1.44486
 0.33278
 1.22869
 0.0163813
 -0.670721
 -0.201593
 -0.900259
 -1.34816
 -0.518758
 -0.346176
 -0.656162
 0.98033
 0.367855
 0.642899
 -0.126214
 0.132591
 -0.747972
 0.00366979
 0.306114
 -0.827159
 -1.0628
 -1.00895
 -0.651416
 -0.632373
 -0.786942
 -0.208188
 0.367855
 0.985861
 0.966587
 1.51868
 2.2945
 1.92136
 1.34725
 2.49034
 2.19759
 1.74101
 1.3418
 1.34352
 2.87724
 0.952184
 1.45192
 2.11216
 0.748626
 -0.273852
 0.181685
 -0.385668
 -0.7453
 -0.508229
 0.700045
 -0.0488206
 0.436545
 0.210014
 0.773329
 0.542285
 -0.398765
 0.0837486
 -0.585517
 -0.302636
 -1.6784
 -1.09425
 0.107211
 -0.260356
 -0.281022
 -0.0577908
 -0.241064
 -0.420832
 0.136942
 -1.90968
 -2.9389
 -2.24996
 -1.22728
 -1.20648
 -1.46137
 -1.45692
 -1.14521
 -0.381561
 0.32448
 -0.58846
 -0.222812
 1.12686
 2.1101
 1.14148
 0.0846822
 1.20851
 0.910432
 0.770721
 0.888091
 0.635035
 0.458874
 0.530231
 0.657915
 0.23861
 0.519465
 0.633339
 1.7154
 1.15481
 2.86716
 1.93121
 2.4654
 1.62992
 1.97347
 1.85389
 1.32201
 0.76987
 1.15529
 0.348164
 -0.51438
 -0.0831408
 -0.299456
 0.012863
 -0.333205
 0.491891
 -0.682539
 0.561628
 -0.343607
 0.140578
 0.365514
 -0.782597
 0.892045
 0.243181
 0.476521
 -0.599812
 -0.570825
 -1.96721
 -1.40588
 -1.07386
 -1.93151
 -0.254601
 -0.350897
 -0.669958
 -0.038667
 0.455391
 2.31916
 2.01942
 2.63114
 1.77568
 1.67777
 1.27288
 1.78679
 1.5479
 0.549892
 1.38667
 1.02512
 0.949156
 1.5712
 2.33961
 1.46503
 1.53864
 2.03163
 0.47067
 0.672475
 -0.476545
 -0.0542403
 -0.907881
 -0.134173
 0.411645
 0.505968
 0.517586
 -0.742121
 -0.533271
 -1.38613
 -0.51034
 -0.939437
 -0.587783
 -0.796282
 -0.557965
 -0.471846
 -0.283783
 -0.654622
 0.518845
 -0.396296
 -0.730339
 0.0677597
 0.831904
 -0.212157
 -0.0106028
 -0.393792
 0.204312
 -0.517457
 -1.19156
 -0.876971
 -1.22924
 -1.03122
 -1.2035
 -1.07845
 -0.240404
 0.450234
 1.18344
 -0.667707
 -0.338574
 0.633983
 0.125848
 -1.56341
 0.188314
 -0.25574
 0.362722
 0.396518
 0.131564
 -0.194692
 0.0758202
 -0.915549
 -0.0407808
 -0.967163
 -0.985723
 -0.244721
 1.85413
 1.36709
 0.645092
 0.126633
 -0.297177
 -0.246767
 0.237739
 -0.369787
 0.0733987
 0.863242
 -0.0854294
 -0.0470154
 -0.253992
 -0.855197
 1.54805
 0.873083
 -1.5766
 0.155387
 -1.83021
 -3.02714
 -1.51944
 -1.53667
 -0.532666
 0.104827
 0.776264
 0.120055
 -0.167031
 0.268431
 0.319093
 1.05594
 0.772098
 -0.225538
 0.39652
 0.349986
 0.0795167
 0.0580036
 -0.233554
 0.16674
 0.464941
 0.94507
 0.853085
 0.532311
 0.617568
 0.307878
 -0.648434
 0.196442
 0.00517889
 0.336677
 0.179217
 0.932455
 0.64513
 1.21813
 1.21304
 0.623907
 0.366559
 -0.303026
 -0.337951
 -0.171704
 0.0754505
 0.276773
 0.135236
 -0.0343574
 -0.486019
 0.212528
 -0.567324
 -0.484599
 -0.905065
 -1.56182
 -0.727703
 -0.606615
 0.0503026
 -0.275026
 0.493837
 0.806939
 1.38214
 2.05196
 1.70725
 0.975267
 1.70469
 1.16423
 0.928061
 0.347253
 0.476645
 0.564841
 1.45921
 1.21326
 1.23632
 1.16811
 0.828707
 1.68723
 0.308096
 -1.70546
 0.105676
 0.0181983
 0.725376
 0.413331
 -0.394701
 0.448044
 0.128533
 -0.146075
 -0.208365
 0.711635
 -1.62568
 -0.598502
 -0.0119274
 -0.613985
 -0.981909
 -1.08978
 0.0688729
 -1.52678
 -0.375972
 -0.626951
 -2.48583
 -0.847913
 -2.06508
 -1.34182
 -1.42027
 -1.59104
 -1.83726
 -0.901933
 -2.2228
 -1.08078
 -1.12359
 -1.28883
 -1.4029
 -1.01427
 -0.81189
 -0.582422
 -0.155911
 -0.274378
 -0.486517
 -0.505786
 -0.354255
 -0.721385
 -2.02927
 -1.2709
 -2.55536
 -1.0694
 -0.778163
 1.09933
 0.311127
 1.14201
 1.68728
 0.554444
 0.38681
 0.456872
 1.47239
 0.133241
 0.188085
 0.519004
 0.426241
 0.0950287
 0.754409
 -0.265467
 -1.42402
 -1.05708
 -1.09965
 -1.27082
 -0.421524
 -0.420727
 -0.137735
 0.98707
 0.208696
 -0.434033
 0.146846
 -0.710412
 -0.00710261
 -1.15484
 -0.887322
 -1.33314
 -1.35897
 -0.855539
 1.16448
 0.373604
 -0.153486
 -0.328433
 -0.392875
 0.157871
 -0.780875
 -1.02702
 -0.533954
 -1.02454
 -2.50104
 -1.7231
 -2.3033
 -0.680801
 -0.923372
 -0.999701
 -0.543495
 -2.14572
 -0.282143
 -1.98442
 -1.46171
 -0.860469
 -0.173531
 -0.849794
 -0.942457
 -0.813403
 -0.396479
 -0.882808
 -1.7375
 -0.742001
 -1.13571
 -0.925772
 -0.562511
 -1.23152
 -0.72624
 -1.3082
 -0.0183361
 0.362595
 -0.350123
 -0.557241
 -0.846556
 -0.367297
 -0.375668
 -1.01276
 -1.17951
 -2.27854
 -1.93678
 -1.45509
 -0.94641
 -0.201589
 0.596391
 0.794531
 0.535432
 0.830555
 0.71808
 -0.663156
 -0.118354
 -0.758381
 -2.21307
 -1.50099
 -0.301481
 0.26435
 1.11753
 1.77866
 1.87373
 1.66692
 1.945
 2.28487
 0.872471
 -0.367753
 -0.16392
 -0.881138
 -1.12317
 0.173418
 -0.318396
 -0.712258
 0.0837452
 0.24272
 1.14852
 0.232155
 0.0106618
 0.258325
 1.16469
 0.0525664
 0.597667
 -0.499308
 -0.704907
 -0.531096
 0.182189
 0.598937
 1.28897
 1.41335
 0.49308
 0.0109195
 -0.354153
 0.116198
 0.444777
 1.05423
 0.572175
 0.231463
 -0.0441364
 0.332426
 0.660413
 0.205684
 0.518904
 0.489698
 0.865709
 1.4877
 1.11467
 0.685184
 1.21195
 0.445861
 0.926493
 0.39037
 0.159204
 -0.727766
 -0.338973
 1.15831
 0.991011
 0.429674
 0.0261086
 0.206861
 0.324393
 1.42254
 1.04138
 0.139287
 0.00088565
 -0.334419
 0.214748
 -0.0115831
 -0.0631023
 -0.239906
 -0.264694
 0.55302
 0.752353
 1.21363
 0.639489
 -0.155595
 0.410366
 0.235507
 -0.0333023
 -0.852231
 -0.245486
 -0.208194
 0.0576092
 -0.0431672
 0.501933
 0.558589
 0.58374
 0.533059
 0.0391074
 0.112949
 -0.686119
 -1.21361
 -1.02824
 0.00902764
 0.477721
 0.573828
 0.193374
 0.982763
 0.0565262
 1.05764
 0.767695
 0.871256
 0.44932
 0.570329
 -0.368693
 1.00949
 0.900327
 1.1173
 0.245951
 -1.87345
 -0.298357
 -1.02729
 -1.24898
 -0.563734
 -0.230717
 -0.698233
 0.646691
 0.48824
 0.442351
 -0.235461
 0.1739
 -0.317167
 -0.673898
 -0.0173654
 0.352216
 1.14408
 2.28754
 0.936579
 0.988954
 0.946221
 0.763466
 1.08555
 0.216837
 0.800097
 -0.0488269
 -0.388148
 -0.790995
 -0.792856
 -1.07873
 -0.986689
 -0.578175
 -0.566272
 -0.892618
 -1.12268
 -0.77649
 0.260351
 0.0380426
 -0.51075
 -1.3719
 -1.39206
 -0.426346
 -0.273639
 -0.988642
 -0.29294
 0.145222
 1.2109
 -0.123153
 -0.0441199
 -0.878704
 -0.368198
 -0.170725
 -0.33519
 -0.303923
 -0.695801
 -0.495498
 -1.03791
 -0.30312
 -0.18295
 -0.608595
 -1.13064
 -0.766219
 0.266282
 -0.107011
 -0.179104
 -0.299073
 -0.379607
 -0.143178
 1.13424
 -1.11848
 -0.0794801
 -0.360487
 -0.728612
 -0.796738
 0.408854
 0.175724
 0.652454
 0.464648
 -0.262297
 0.901236
 1.69161
 0.980868
 1.07388
 0.719809
 0.621591
 1.90215
 1.75957
 0.841115
 0.563465
 -0.319745
 0.0131897
 0.212276
 0.683899
 1.15245
 0.734754
 1.28366
 0.906522
 0.126801
 0.274045
 0.74494
 0.00879232
 -0.585079
 -0.247005
 -0.0875546
 -0.363561
 0.312841
 0.718327
 0.895555
 1.06015
 1.75765
 -1.03726
 0.661903
 -0.625194
 -0.455346
 -0.46111
 -1.31905
 -1.39017
 -0.629706
 0.091019
 0.36286
 -0.137197
 -0.0503696
 -0.7121
 -2.02492
 -0.674119
 -0.474888
 -0.37493
 0.0350517
 0.270452
 0.156505
 -1.48251
 -0.765255
 -0.0558961
 0.0171988
 1.16566
 1.18848
 1.25771
 1.00508
 1.53275
 1.48135
 2.30208
 2.19708
 1.15157
 1.82195
 1.30122
 -0.0191029
 -0.15199
 0.116756
 -0.765164
 -1.03092
 -0.189716
 -0.748527
 -0.385169
 -0.708654
 -1.40192
 -1.55306
 -0.635967
 -0.74918
 -0.311666
 -1.09331
 -0.324037
 0.0164932
 -1.02264
 -0.125486
 0.24108
 0.211932
 0.527877
 1.47185
 0.985494
 0.866196
 1.178
 1.02062
 0.11685
 -0.419291
 -0.379965
 -0.754018
 -1.03217
 -0.392844
 0.0436497
 0.138878
 0.593438
 0.661145
 0.305998
 -0.326491
 0.749117
 0.763951
 0.0398789
 -0.397873
 -0.554807
 -0.635314
 -0.861856
 0.786512
 0.647031
 1.15289
 2.14551
 1.7957
 2.06529
 0.277375
 -0.602359
 -0.964713
 -0.981844
 -0.340712
 -1.37149
 -1.06215
 -0.504163
 -0.358211
 0.332904
 0.485854
 0.920561
 0.427244
 -0.378288
 -0.202162
 0.619167
 -0.0379467
 0.265192
 -1.03623
 -0.311385
 0.145238
 0.339962
 0.960321
 0.483218
 1.0334
 1.58265
 0.870322
 0.257319
 0.316505
 0.382439
 0.49624
 -0.434245
 1.86112
 0.0143589
 1.02614
 1.41054
 1.70822
 0.923439
 0.217877
 0.352823
 0.486856
 0.365689
 -0.077568
 0.188693
 -0.549848
 -0.474066
 -0.744457
 0.106264
 1.37733
 0.565565
 2.03633
 1.11513
 1.2843
 0.90153
 0.99566
 0.752302
 0.668708
 0.863099
 -0.208648
 -0.935324
 0.628836
 0.86057
 0.614624
 -1.10844
 -0.914564
 -1.06321
 -1.39276
 -1.25509
 -0.494338
 -0.733401
 -0.212831
 -0.0829561
 0.987929
 -0.097527
 -0.366109
 -0.67488
 -0.319401
 -0.54411
 0.723158
 1.23146
 1.87275
 1.76918
 1.20148
 1.3113
 0.370015
 0.467176
 1.23226
 0.853793
 0.707996
 0.641266
 0.605728
 0.675934
 0.703218
 0.640683
 1.55508
 -0.0458462
 -0.722388
 -0.346346
 -0.393182
 0.318087
 -0.704045
 -0.721818
 -0.0276331
 0.826679
 0.0916577
 -0.755809
 -1.07963
 -0.444673
 -0.597145
 1.07546
 0.85895
 0.837498
 0.457248
 -0.965029
 -0.311644
 0.148675
 0.546789
 -0.125837
 -0.0763433
 0.592336
 -0.674264
 0.197744
 0.27449
 1.43278
 0.534648
 0.416344
 0.959957
 1.32075
 0.440116
 0.642517
 -0.458285
 -0.240139
 -0.638722
 -0.391558
 -0.485847
 -1.07255
 -0.584326
 -0.0507919
 0.520891
 0.0615124
 0.350269
 0.597533
 -0.541921
 -0.471116
 0.208389
 0.333362
 0.364505
 -0.026238
 -0.165209
 -0.367708
 -0.413668
 -0.295303
 0.161001
 1.87463
 1.58194
 -0.657203
 -0.884676
 -0.0159649
 -0.511282
 -0.236942
 -0.279857
 0.0205914
 -0.343256
 -0.378345
 -0.375737
 -0.100807
 0.803871
 0.808728
 -0.342078
 -0.599531
 0.252531
 -0.708168
 -0.181537
 0.0878334
 -0.100802
 -0.105964
 0.637144
 -0.192964
 -0.590719
 -0.978652
 0.00602199
 0.844163
 0.986175
 1.94115
 1.38461
 1.31157
 0.2317
 -0.389892
 -0.472927
 -0.316225
 0.218396
 0.499249
 1.46635
 0.0393195
 1.61577
 1.40177
 1.3411
 0.776292
 0.3712
 1.9529
 1.83756
 1.6096
 1.20453
 0.240515
 -0.246819
 -0.696533
 -0.958922
 0.0435408
 -0.927372
 -0.049154
 -1.61348
 -0.341367
 -0.960664
 -0.308982
 0.0495437
 -0.746678
 -0.100899
 0.250949
 -1.31402
 -0.408793
 -0.102132
 0.154604
 0.469492
 0.431026
 -0.971778
 -1.01085
 -0.905336
 -0.776216
 -2.35491
 -1.79935
 -2.65562
 -1.42275
 -1.04432
 -0.473943
 0.0235335
 -0.232774
 -0.124197
 -1.02336
 0.64327
 0.275446
 0.410168
 0.55214
 0.399419
 1.52106
 -0.0992253
 -0.130669
 0.0237112
 -0.217726
 -0.572135
 0.846154
 0.44328
 0.270765
 -0.258792
 -0.89608
 -0.259603
 -0.0220881
 0.518639
 -0.178988
 0.066546
 0.2114
 1.02641
 1.22987
 1.90759
 2.12457
 2.94273
 2.26049
 1.62935
 1.08041
 0.863125
 1.03628
 1.34721
 0.919472
 1.57546
 0.768909
 0.724341
 1.10302
 0.252377
 -1.33059
 -0.790701
 -0.504945
 -0.00121149
 -0.302913
 -0.863955
 -0.0395209
 1.49677
 1.35153
 1.74192
 0.984288
 1.51638
 1.05653
 1.36008
 0.796894
 1.96268
 0.575421
 -0.265719
 -0.0648229
 0.133306
 0.176754
 1.41533
 1.39711
 1.69741
 1.50223
 0.180025
 0.159404
 -0.660951
 -0.0499731
 0.277628
 0.888138
 -0.462833
 -0.265235
 0.0652802
 -0.67676
 -0.754546
 -1.18145
 -0.259445
 0.0362995
 0.713473
 -0.911465
 -0.578041
 -0.358974
 -0.704984
 -1.0513
 -1.4461
 -0.781944
 0.196443
 0.885105
 1.41035
 0.00973763
 0.609646
 0.434832
 -0.168045
 -0.0715137
 0.1469
 -0.28527
 1.20775
 1.70309
 0.764
 2.09219
 1.38947
 1.33185
 0.997754
 1.92418
 0.860636
 0.292275
 -0.495622
 -0.46668
 -0.994437
 -0.754083
 -0.542649
 -0.69983
 -1.02335
 -1.044
 -2.33315
 -1.35471
 -2.30746
 -1.65539
 -1.4177
 -1.60344
 -2.45838
 -2.14688
 -1.21293
 -1.46358
 -0.572541
 -0.325126
 -0.997332
 -1.32124
 -1.75453
 -0.0854429
 0.518152
 -0.277122
 -0.645551
 -0.862739
 -0.313115
 0.246308
 -0.596151
 0.529281
 0.332032
 0.710562
 0.638453
 0.160749
 -0.832058
 -0.715327
 0.029847
 -0.136687
 -0.4949
 -0.494273
 -0.68597
 -0.439885
 -0.0236038
 -0.418415
 -0.0346976
 -0.647684
 0.484299
 1.8387
 1.3308
 1.43247
 1.36586
 0.957827
 0.0408221
 0.660355
 -0.238558
 -0.263343
 -0.190345
 0.362786
 0.261136
 0.868186
 0.312488
 0.518955
 -0.120761
 -0.284023
 -0.728821
 0.436536
 1.77613
 1.95561
 0.274505
 -0.115532
 0.289594
 0.416629
 -0.244579
 0.00824241
 -0.57307
 0.1991
 -1.02026
 -0.705807
 -0.935937
 0.0569957
 -0.113694
 1.5513
 1.29901
 1.59321
 0.270532
 0.523603
 0.167007
 -0.120989
 0.73524
 0.620807
 0.847183
 0.0668093
 -0.119261
 1.06681
 0.440004
 0.688348
 0.246658
 0.963708
 0.938889
 1.53272
 1.5638
 1.06959
 -0.212488
 0.0970046
 0.170805
 0.681665
 0.532578
 0.25768
 0.21761
 0.257834
 -0.602686
 -1.51495
 -0.584972
 -0.709514
 0.0912938
 0.821094
 0.704233
 0.408395
 0.110745
 -1.54049
 -0.68974
 -0.377517
 -0.711182
 -1.39325
 -1.29906
 -1.38327
 -1.37519
 -1.42904
 -1.62638
 -0.449173
 -0.797155
 -0.525942
 -1.04249
 -1.09866
 -1.033
 -0.0570501
 0.84076
 0.84938
 0.881649
 -0.467784
 0.0488251
 0.151418
 -0.565397
 -0.561809
 -0.39387
 0.0823908
 0.687489
 -0.555992
 -0.376822
 -0.157135
 -0.590053
 -0.0579223
 -0.853755
 -1.13207
 -0.142307
 -0.104839
 -0.808415
 -0.747075
 -0.770607
 0.809678
 0.379561
 -0.253844
 0.343327
 0.36128
 0.105267
 0.305834
 1.37094
 0.656294
 0.808423
 0.888596
 0.804447
 0.157789
 -0.231662
 0.238874
 -0.093246
 0.336322
 0.418314
 -0.0341984
 0.347709
 0.387079
 0.326103
 0.231984
 -0.454584
 0.0207719
 0.140959
 0.404567
 0.898801
 0.198216
 0.541121
 0.198692
 -0.351271
 -0.888537
 -0.404852
 0.604322
 -0.484801
 0.290216
 -0.517319
 -1.05922
 -1.1368
 -0.00581394
 0.255082
 0.49559
 -0.81203
 0.664279
 0.127667
 -0.459311
 -0.415851
 0.201367
 0.0772615
 0.214401
 0.456019
 1.01448
 0.788113
 -0.0710417
 0.490979
 0.805796
 0.58646
 -0.674707
 -0.832895
 -2.02165
 -0.912224
 -0.517845
 -0.935529
 -0.898788
 0.399787
 0.475817
 0.989021
 0.85101
 0.304505
 0.411959
 0.641026
 -0.130698
 0.47705
 0.889191
 2.60653
 0.0398675
 1.20566
 0.596434
 0.137814
 1.01281
 -0.0320946
 1.02157
 0.868615
 0.396027
 0.518019
 0.260741
 1.11484
 0.349208
 -0.291945
 1.08892
 -0.0931843
 -0.73367
 -0.892751
 -0.537707
 -0.538579
 -1.49904
 -1.18298
 -0.954293
 -0.23571
 -0.0309734
 -0.730643
 -1.22391
 -0.27465
 -2.01456
 -1.17512
 -0.522841
 -0.0110906
 -0.349883
 -0.645474
 0.304235
 0.501396
 0.365428
 0.0640119
 -0.299171
 0.945932
 1.23357
 1.59817
 -0.0160231
 -0.177341
 0.379785
 -0.412244
 -0.0741962
 -1.39919
 -0.636331
 -0.972682
 -1.24883
 -1.0358
 -0.97377
 -0.503256
 0.265117
 0.657947
 0.0579513
 0.571485
 0.0176671
 0.677684
 -0.357729
 0.486122
 1.04393
 1.53457
 1.27391
 0.860068
 0.24664
 1.1852
 1.03135
 0.0655289
 -0.93268
 -0.388987
 0.493245
 0.901585
 1.72756
 2.89954
 1.86132
 1.93681
 0.790116
 0.678603
 0.728637
 0.291951
 -0.102589
 -0.901139
 -0.868288
 -0.40897
 -0.963543
 -1.27123
 -0.955652
 -0.944233
 -1.11716
 -0.633244
 0.0560728
 0.010486
 -0.570125
 -0.970086
 0.316408
 0.378655
 0.287371
 -0.346226
 -2.05537
 -1.43031
 -1.50097
 -2.04495
 0.127541
 -0.749305
 1.10451
 0.197804
 0.856442
 0.686229
 1.52881
 0.316285
 0.710956
 0.334635
 -0.0893144
 0.924333
 0.430888
 -0.283271
 0.531726
 0.490034
 0.177912
 -0.921044
 -0.42662
 0.602918
 0.883004
 -0.935043
 -0.526786
 -1.37463
 -1.66356
 -0.969866
 -0.528672
 -0.885541
 -1.18448
 -1.06926
 -1.29602
 -0.936569
 -1.14729
 -0.564138
 -0.502199
 -0.664555
 0.0587278
 1.13835
 1.2913
 -0.0854124
 -0.122193
 -0.726954
 -2.31155
 -1.08548
 -0.806774
 -1.32724
 -1.57496
 -1.70461
 -0.565109
 0.055082
 -0.193631
 0.260158
 0.0928947
 0.584064
 0.349567
 2.03716
 0.121903
 0.123386
 -0.0666748
 0.427533
 0.604316
 0.303099
 0.646588
 0.288344
 -0.447846
 -0.793635
 -0.268242
 -0.964605
 -1.25446
 -0.99758
 0.0103879
 -0.888507
 -1.40858
 -1.4665
 -2.65128
 -1.89612
 -1.52743
 0.159041
 -0.735411
 0.0603955
 -0.746504
 -0.144112
 0.612124
 -0.301747
 -0.0567747
 -0.253655
 -0.777833
 -1.74243
 -0.256982
 0.588675
 0.975765
 -0.261457
 -0.076145
 0.189808
 -1.74446
 -0.624102
 -0.836979
 -0.0451773
 -0.576407
 0.504445
 0.6375
 0.802767
 1.26629
 1.4712
 0.128419
 0.106033
 -0.0419546
 0.562295
 0.0798691
 -0.094218
 -0.68318
 1.28677
 0.0416518
 -0.228616
 -0.00469194
 0.38264
 0.263761
 -0.104729
 0.172443
 0.514608
 -0.199114
 -0.373976
 0.383556
 -0.423297
 -0.786042
 -0.918134
 -0.117374
 0.412155
 -0.0501505
 -0.157188
 -0.0817078
 0.317226
 -0.0494912
 -0.480128
 -0.563317
 0.169329
 -0.71687
 -0.074933
 0.306439
 -0.312684
 -0.291033
 0.40372
 -0.664829
 0.212742
 -0.568363
 -0.908805
 1.19145
 1.66457
 1.09286
 1.15784
 0.820264
 0.174972
 -0.143103
 -1.15386
 0.0470299
 0.0410292
 0.634437
 1.42608
 1.03537
 1.18058
 0.924916
 1.50663
 0.872542
 0.863851
 0.841892
 0.615024
 -0.598844
 0.277011
 -0.518573
 -0.677161
 -1.07182
 -0.262516
 -0.660149
 0.14049
 -0.493559
 1.15738
 0.55937
 0.137035
 0.0442733
 -0.488597
 0.0371473
 0.169816
 0.259595
 -0.374404
 0.586897
 -0.338098
 0.0194695
 -0.578919
 -0.402977
 -1.33104
 -0.915501
 -1.08304
 -0.732853
 -2.00188
 -1.1508
 -0.959208
 -1.06384
 -2.38522
 -2.17546
 -2.40944
 -1.69497
 -1.6677
 -1.37476
 -1.4412
 -0.483367
 0.301858
 0.410204
 0.0776053
 -0.460687
 -0.706866
 -0.539855
 -0.49256
 -0.0260156
 -0.137059
 -0.131263
 0.334487
 -0.309716
 -0.0163603
 -0.79562
 -1.1663
 -0.536367
 -0.106036
 -0.671089
 0.979382
 1.65377
 3.20607
 2.95186
 2.0508
 1.79213
 1.2635
 0.415499
 -0.20939
 -1.40904
 -0.36794
 -0.775085
 -0.193647
 -0.652949
 -1.18286
 -0.482089
 -1.99795
 -0.636494
 0.0562213
 -0.475928
 -0.971306
 -0.915841
 -0.248331
 -0.988009
 -1.17695
 -1.11713
 -0.949193
 -0.299272
 0.106827
 -0.679118
 -0.670204
 -0.190895
 1.63488
 -0.204452
 -0.682901
 -0.816686
 -0.275086
 -0.585053
 0.393737
 -0.0984622
 0.621961
 -0.20718
 1.53631
 0.563939
 0.483216
 -0.135277
 0.901108
 1.46651
 0.581002
 0.859983
 -0.133099
 -0.668687
 -0.071632
 -0.0796477
 -0.98978
 -0.220493
 -0.154503
 -0.196302
 -0.349813
 -0.869907
 0.39004
 -0.489897
 -0.988259
 -0.157195
 -0.554415
 0.563948
 0.0436797
 0.445183
 -0.452756
 -0.808387
 -0.122155
 0.467924
 -0.264633
 0.0853703
 -0.615882
 -0.0768389
 0.70881
 -0.100091
 -1.87966
 -1.16229
 0.537067
 0.403509
 0.193086
 0.513181
 0.863423
 0.371427
 0.0878358
 -0.466424
 0.846713
 0.000904998
 -0.400484
 -1.0036
 -0.114519
 0.580693
 1.49182
 1.23177
 0.866381
 0.727458
 0.587568
 -0.242211
 -0.374962
 -0.170734
 -1.14662
 -1.11799
 0.132326
 0.322818
 -0.459413
 -0.724362
 -0.0561172
 0.360653
 0.217673
 -0.488887
 -0.451075
 -0.689061
 0.174452
 0.272001
 0.313502
 0.305702
 0.294122
 -0.161273
 -0.51936
 -0.609806
 -0.193287
 -0.791674
 0.46212
 0.491742
 1.13588
 0.0515215
 0.410935
 -0.372369
 0.010871
 -1.77132
 -0.973445
 0.436425
 0.441828
 0.623638
 0.128154
 -0.031849
 0.0945038
 0.171133
 0.691698
 0.387115
 -0.226295
 -0.72752
 -0.139127
 -0.135128
 -0.0171796
 -1.28319
 -0.601374
 -0.304944
 -0.223375
 -0.0293064
 -1.60667
 -0.742489
 -0.522043
 0.809387
 0.45807
 0.399488
 0.674446
 0.946141
 0.507668
 0.79691
 1.50887
 1.14414
 1.10601
 1.76483
 0.306405
 -0.369578
 0.172188
 -0.870167
 -0.894656
 -0.804586
 -0.605041
 0.517867
 0.424628
 0.749703
 1.21943
 0.955321
 2.26404
 1.51007
 1.27803
 0.421242
 -0.0395225
 -0.303025
 0.118085
 0.840432
 1.54826
 0.961777
 -0.224981
 -0.887669
 -2.10036
 -1.38903
 -0.583048
 -0.241659
 0.183164
 0.312103
 0.0499737
 -1.17925
 -1.07776
 -1.16825
 -0.702173
 -0.357557
 0.283741
 0.248381
 -0.769987
 -1.93805
 -0.713554
 -2.40256
 -1.89321
 -2.77014
 -1.76096
 -2.84142
 -2.09993
 -2.51632
 -0.284203
 -0.927356
 -0.196019
 0.96762
 0.186658
 1.45426
 0.957502
 0.645095
 0.00736025
 0.322759
 0.335478
 1.18445
 0.214552
 -0.346615
 1.23613
 -0.824125
 0.506251
 1.39774
 0.352285
 -0.49786
 0.399522
 0.236411
 0.387654
 0.249917
 2.3323
 1.27287
 0.775424
 0.326598
 -0.293879
 0.203686
 1.67513
 0.272468
 -0.175165
 0.337459
 0.184029
 0.7271
 1.27614
 0.338776
 0.417135
 -0.149989
 1.44718
 0.0813862
 0.555013
 1.38124
 1.07025
 0.689207
 0.485279
 -0.0194912
 1.55182
 0.278947
 -0.0800468
 0.151255
 -0.756567
 -0.768648
 0.316532
 0.730734
 0.26877
