 0.436357
 -0.325016
 0.758482
 0.713745
 1.36461
 2.56537
 1.50233
 0.586119
 -0.169437
 0.861218
 2.09827
 -0.304646
 -0.0649688
 -1.44483
 -2.08381
 -1.22947
 -0.941706
 -1.12407
 -1.48364
 -0.986049
 0.114725
 -0.701375
 -0.269561
 -0.755876
 -0.421596
 0.177081
 0.742934
 0.60763
 0.102551
 0.150217
 -0.227859
 -0.0233976
 0.448961
 1.26051
 1.57492
 1.68063
 3.01924
 2.45544
 2.43254
 1.70934
 0.715409
 0.652668
 0.187615
 -0.206452
 -0.419101
 -0.500387
 -1.34092
 -1.12346
 -1.99013
 -1.1867
 -2.11163
 -2.58137
 -1.44264
 -1.51787
 -1.3385
 -2.31084
 -1.41783
 -1.0522
 -1.53457
 -1.33837
 -0.373767
 -1.26933
 -0.713743
 -0.62557
 -0.643105
 -0.273998
 0.190742
 0.36537
 0.628727
 0.768863
 -0.312286
 -1.99586
 -1.29467
 -1.4366
 -0.916148
 0.417075
 -0.0151801
 -0.0545345
 0.325655
 -0.538489
 -0.0498368
 0.870085
 0.507035
 -0.175176
 -0.38631
 -0.781544
 -1.64417
 -1.65573
 -1.07897
 0.0190246
 0.0758873
 -0.505734
 0.464906
 0.723893
 0.196766
 0.0311824
 0.00582177
 -0.535547
 -0.883257
 0.330211
 -0.593415
 -0.90751
 -0.831917
 0.110684
 0.0678102
 -0.151283
 -1.20432
 -0.517005
 -0.126857
 -0.0870979
 0.485746
 -0.40511
 -0.725541
 0.38877
 0.0968638
 -0.0381277
 -0.193172
 0.457761
 1.27078
 0.774077
 0.65048
 -0.0254291
 -0.822884
 -1.98872
 -1.72758
 -2.0189
 -1.51501
 -0.894017
 -1.05313
 -0.643095
 0.807569
 0.863942
 1.05416
 0.698451
 0.661195
 -0.298798
 -0.488282
 1.17664
 1.2502
 0.656347
 0.512438
 1.23525
 1.19492
 1.03893
 -0.0941973
 0.359138
 0.687781
 -0.356567
 -0.491896
 -0.178093
 -0.47444
 0.258722
 -0.107791
 -0.303428
 -0.0976974
 -0.551691
 -0.192806
 -0.278349
 -1.07753
 -0.369116
 0.366142
 0.356459
 0.418027
 1.00337
 0.822808
 -0.363721
 -0.152747
 0.422705
 -0.991326
 -0.134617
 0.770326
 0.818806
 0.855953
 -0.0327658
 0.139983
 -1.28425
 -0.399811
 -0.632675
 -0.657163
 0.0632414
 0.133271
 -0.101143
 0.0534422
 0.206666
 1.10051
 1.75972
 1.53373
 1.28761
 0.787312
 0.380108
 0.434667
 1.4918
 1.38207
 1.26523
 2.04768
 1.20102
 1.00536
 0.073995
 0.881497
 0.604789
 0.486646
 0.0468251
 -0.428986
 -0.308666
 -1.8682
 -0.950943
 -0.572836
 -0.904995
 -0.133195
 -0.914523
 -1.32915
 -1.95924
 -3.13377
 -1.55014
 -2.21201
 -0.977438
 -0.940153
 -0.688839
 -0.227734
 0.534254
 1.19032
 0.972406
 1.92034
 0.877601
 0.845704
 0.233096
 0.720203
 1.00847
 0.750723
 0.741437
 0.624499
 1.32363
 1.32146
 0.914182
 -0.282698
 -0.584182
 -0.438076
 0.0103182
 0.883892
 0.73334
 0.0242639
 -0.123844
 0.231294
 0.201639
 0.45381
 0.164843
 0.385729
 0.169907
 0.0576125
 0.853556
 0.872187
 1.78388
 1.36299
 1.39365
 0.632339
 0.39457
 -0.801993
 -0.472409
 -0.46979
 -0.738821
 -0.56642
 -0.823191
 -0.325248
 0.129831
 0.360831
 -0.650159
 -1.42842
 -1.05324
 -0.223614
 0.589487
 1.05454
 0.711113
 0.245815
 -0.146941
 -0.60282
 0.481336
 0.0340692
 0.219476
 0.569206
 1.03132
 1.52587
 1.84081
 1.56608
 1.8146
 1.55035
 1.22399
 -0.0555097
 0.23993
 0.603856
 0.670908
 0.441781
 -0.179824
 -0.834581
 -1.4805
 -0.362167
 -1.4335
 -0.194481
 -0.571973
 -0.368144
 0.173542
 -0.858663
 -1.10975
 -1.92463
 -1.34951
 -1.67862
 -1.42297
 -0.827088
 -0.709194
 1.06809
 -0.821149
 -0.247422
 -0.726625
 -1.55441
 -2.33355
 -2.1043
 -0.419225
 1.27833
 0.938296
 1.07417
 0.0274788
 -1.01693
 -1.59279
 -1.28449
 -0.284929
 -0.609848
 -1.07894
 -1.10608
 -0.784061
 -1.19264
 -0.466991
 0.835238
 -0.486737
 0.0142894
 -0.0580718
 -0.539232
 -2.34386
 -2.53935
 -2.26154
 -0.705224
 -1.0426
 -0.314283
 1.20263
 1.57344
 1.42278
 1.63
 0.913576
 0.227637
 -0.0589459
 0.617994
 1.1529
 0.198442
 0.283473
 -0.154102
 -0.217039
 -0.612072
 0.270992
 0.337998
 -0.667476
 -0.412848
 -0.868347
 0.0757876
 -0.0111435
 -1.34758
 -2.31867
 -2.29608
 -2.21673
 -1.94602
 -2.32105
 -1.78141
 -1.56701
 -2.04798
 -0.898221
 -1.11262
 -0.460022
 0.252339
 0.258864
 -0.879503
 -0.435761
 -0.445965
 -0.880568
 0.135417
 -0.00125794
 -0.484901
 0.780301
 0.657576
 0.36069
 -0.271531
 -1.11136
 -0.529853
 -0.766117
 -1.16523
 -1.67866
 -1.04504
 -1.24854
 -0.341119
 -0.386543
 -0.317352
 -0.93561
 -1.69057
 -1.27417
 -0.641181
 -0.318095
 -0.10218
 0.7049
 0.742149
 0.851885
 1.3359
 1.02277
 1.24155
 0.68949
 -0.528013
 0.247999
 0.14709
 -0.0255735
 0.628749
 -0.303186
 -1.18716
 -1.33196
 -0.600106
 0.230961
 0.413765
 0.665444
 0.638517
 0.19599
 -0.132693
 0.695543
 0.250465
 0.657311
 0.0953199
 0.347987
 1.26768
 0.738039
 0.900645
 0.810528
 1.56473
 -0.261677
 -0.489048
 -1.5065
 -1.51031
 -0.665726
 -0.356274
 0.421527
 0.760438
 0.305293
 -0.550927
 0.0953151
 -0.0372011
 -0.225774
 -1.119
 -0.48139
 -0.563045
 -0.156101
 -0.122916
 0.49688
 -0.27246
 -0.337392
 0.566226
 0.433527
 -0.364316
 -0.383806
 0.0184419
 -0.641647
 -1.53825
 -2.24362
 -2.7214
 -1.94146
 -1.75328
 -0.83063
 -0.528863
 0.756152
 -0.135196
 0.220678
 -0.392263
 -1.57347
 -1.89096
 -1.08428
 -1.36944
 -0.908753
 -0.928697
 -0.533734
 0.227112
 1.05815
 1.0973
 1.09541
 -0.740974
 -0.767998
 -0.613654
 -0.874577
 -0.598023
 -2.28531
 -2.25183
 -1.68834
 -1.47675
 -0.50661
 -1.45148
 -1.09497
 -0.992497
 -1.06644
 -1.01391
 -0.986408
 -1.17443
 -2.14981
 -1.70342
 0.200613
 0.689046
 -0.27339
 0.106256
 0.190006
 0.510545
 1.23292
 1.07929
 2.49796
 1.18996
 1.6763
 1.40263
 0.101284
 -0.351428
 -1.71828
 -1.71723
 -0.607546
 -0.30839
 -1.00962
 -0.718857
 -0.993436
 -1.05785
 -0.758364
 -0.314911
 -0.385852
 0.00988415
 -0.790061
 -1.78842
 -2.25756
 -1.92147
 -2.30926
 -1.96573
 -1.79475
 -0.765901
 -0.415668
 -0.819465
 -1.18398
 -1.15536
 -0.127466
 0.109026
 -0.195347
 0.326955
 0.251521
 0.550698
 -0.196182
 -0.258908
 -0.539324
 -0.299056
 -0.906448
 -1.22008
 -1.202
 -0.89346
 -0.29516
 0.900842
 0.375057
 0.0855775
 0.597768
 0.975002
 1.15948
 1.06847
 0.825777
 1.24542
 1.29623
 1.28914
 1.52536
 0.0513422
 -0.11503
 0.555134
 -0.157777
 -1.69001
 -1.40595
 -0.210096
 0.240446
 -0.124694
 -0.157068
 0.500212
 -0.429981
 -0.63817
 -0.150875
 0.0791125
 -0.270982
 -0.624268
 -0.313999
 -0.190973
 -0.153738
 -0.208506
 -0.513527
 -0.774999
 -0.675617
 -0.356511
 -0.722542
 0.0248458
 -0.42635
 -0.748221
 0.111948
 -0.564114
 -0.0267305
 0.510234
 0.443257
 -0.495931
 -0.686783
 -0.434465
 -0.132084
 0.28523
 1.23729
 0.652953
 0.0961674
 -0.210229
 0.208599
 -0.341786
 0.666596
 0.84072
 0.787922
 2.03321
 0.669793
 0.695291
 0.256864
 1.1724
 1.03112
 0.142191
 0.0493062
 -0.200422
 0.586426
 0.476972
 0.133397
 -0.349721
 0.454194
 1.49229
 0.7569
 1.22445
 0.650227
 -0.646943
 0.495618
 0.417288
 -0.210558
 -0.221193
 0.37179
 1.33442
 0.537411
 1.10532
 1.28781
 1.29528
 0.390862
 0.682566
 0.652492
 2.02318
 1.78524
 1.22526
 1.26355
 0.897554
 -0.16659
 -0.35384
 -0.643474
 -0.532481
 -0.544286
 -0.107367
 0.702189
 1.10838
 0.793426
 -0.598077
 -1.5716
 -1.79307
 -1.15029
 -0.557737
 -0.653032
 0.688871
 0.972698
 0.638559
 0.974341
 0.237989
 0.470749
 1.08627
 0.472072
 -0.241617
 -0.173838
 -0.554912
 -0.923286
 -1.32564
 0.172782
 -0.0187896
 0.949383
 0.0542348
 0.966596
 1.64083
 0.904075
 0.159382
 -0.0244662
 -0.385657
 0.206075
 -0.722538
 -0.429839
 -0.311183
 0.410473
 0.948576
 1.58803
 1.51751
 1.60703
 1.73061
 2.66452
 2.00695
 0.813607
 0.371834
 -0.16219
 -0.203819
 -1.7352
 -0.711076
 0.222539
 1.20924
 1.42648
 1.89555
 1.4676
 2.10042
 1.6741
 2.23329
 2.32212
 2.59807
 2.70393
 2.74424
 2.49964
 1.09556
 0.813768
 0.944032
 0.274794
 0.743224
 1.99347
 0.818941
 0.541146
 0.875294
 1.72588
 -0.361653
 0.281926
 1.05151
 0.808752
 0.688229
 1.26192
 0.797452
 1.45177
 2.12784
 0.402981
 0.940136
 -0.554119
 0.465895
 0.306882
 0.0300512
 -0.485477
 -0.746527
 -0.960064
 -1.42077
 -1.5775
 -1.20734
 -1.7222
 -2.44454
 -3.18206
 -2.80464
 -2.54417
 -1.33065
 -1.53263
 -1.17007
 -1.37769
 -1.33098
 -1.2484
 -0.740693
 -0.518759
 0.418548
 1.02727
 0.523385
 -0.163609
 0.588175
 0.517873
 0.689005
 0.529415
 0.395727
 -0.281083
 -0.760239
 0.139659
 -0.234003
 -0.284225
 0.485389
 -0.457741
 -1.04649
 -2.04694
 -2.22931
 -2.0197
 -2.00762
 -1.08641
 0.3514
 0.687023
 1.82032
 2.18795
 1.30643
 0.605326
 0.942408
 1.06344
 0.387688
 1.52296
 0.291917
 0.658063
 0.798506
 -0.267649
 -0.169298
 0.610094
 0.852973
 0.984698
 0.852116
 0.102826
 -0.243832
 -1.52081
 -1.16738
 -1.73814
 -1.08664
 -0.297302
 0.417094
 -0.187579
 -1.02225
 -0.707003
 -0.383729
 -0.583483
 -1.04472
 -1.64585
 -2.40169
 -1.39344
 -1.30197
 -1.578
 -1.86777
 -1.49135
 -0.209379
 -1.33338
 -1.34984
 0.450342
 0.639088
 -0.134429
 0.611711
 -1.36596
 -2.62415
 -1.45248
 -1.12683
 -1.41779
 -1.13138
 -0.993812
 -0.274952
 0.625151
 1.16896
 0.663169
 -1.16504
 -1.30374
 -0.686382
 -0.717898
 -0.886592
 0.0550035
 -0.19011
 0.391369
 -0.105598
 0.653616
 0.624494
 0.24216
 0.293789
 0.406871
 0.471871
 1.21479
 3.49416
 3.1525
 2.24437
 1.28231
 1.24873
 0.171591
 0.297886
 0.137674
 -0.349379
 -0.544948
 0.443955
 1.40815
 1.09477
 0.905704
 0.273448
 1.221
 1.48896
 1.76458
 1.91775
 -0.0746373
 0.339696
 -0.0939853
 -0.144006
 -2.05242
 -1.36874
 -1.78855
 -1.47239
 -2.5256
 -2.03203
 -1.42572
 -1.50296
 -1.05741
 -1.04176
 -0.434972
 -0.556798
 0.0566474
 0.495014
 1.03944
 0.309549
 -0.493083
 -0.594884
 -1.18031
 -0.358377
 -0.603708
 -0.10687
 -0.0415189
 -0.378057
 -0.11668
 0.708079
 0.664457
 -0.0960244
 0.252798
 0.489608
 -0.0906727
 -0.423172
 0.302342
 0.306755
 0.236105
 0.287073
 -0.286619
 -0.0252589
 -1.34819
 -0.929229
 -0.931842
 -1.09551
 -0.201284
 -1.31655
 -1.72629
 -1.70208
 -0.860172
 0.766211
 -0.239083
 0.0229874
 -0.616869
 -1.09437
 -1.07859
 -1.11497
 -0.70463
 -0.243681
 -0.868848
 -1.04613
 -1.58888
 -0.816211
 -1.87863
 -1.39207
 -1.14719
 -1.37005
 0.101077
 -0.324201
 0.40299
 0.404172
 0.893511
 0.979456
 -0.0871357
 -1.36114
 -1.41285
 -0.452114
 0.229612
 0.268923
 -0.011001
 0.832186
 0.0739565
 1.12466
 1.08562
 -0.322419
 -0.936792
 0.201398
 -0.579723
 0.291878
 0.751311
 0.548419
 0.692359
 1.13484
 0.584069
 0.91944
 0.147981
 -0.280434
 -0.37312
 -0.122975
 -0.606668
 0.624399
 0.910783
 0.342124
 -0.608606
 -0.519649
 -0.10608
 -0.19947
 1.10786
 2.02206
 1.01734
 0.816459
 0.537454
 0.59478
 -0.591025
 -1.09155
 0.108286
 0.138734
 0.408024
 -0.0921
 -1.17717
 -0.881532
 -0.64747
 -0.187384
 0.867483
 -0.332508
 -0.193214
 -0.63116
 -1.54052
 -0.612962
 0.0404636
 0.11006
 -0.0548469
 -0.588702
 0.392107
 0.189772
 0.56807
 0.290837
 -0.203188
 0.375626
 0.933301
 0.637323
 1.24635
 0.713172
 1.15923
 1.30585
 -0.331868
 0.323342
 0.425324
 -0.241412
 -1.08504
 0.281251
 0.155228
 1.34325
 0.550561
 0.456064
 0.713839
 0.449721
 0.808723
 0.947981
 0.794637
 1.44087
 1.90399
 1.11843
 1.81043
 2.08778
 0.227647
 -0.863491
 -0.77531
 -0.216085
 -0.0162448
 -0.215115
 0.255704
 -0.399102
 0.343293
 -0.704128
 -0.243472
 0.720024
 0.9228
 0.745449
 -0.891399
 0.124429
 0.979999
 1.58462
 0.880949
 1.58113
 0.763593
 1.14321
 1.5244
 1.4975
 0.593396
 -0.0948272
 0.346525
 -0.108423
 0.0117261
 -0.0316638
 0.356325
 -0.32709
 -0.579343
 -0.85999
 -1.04621
 -0.726142
 -1.51826
 -0.548077
 0.00267787
 -1.36189
 -0.143491
 0.381628
 0.83018
 0.798785
 0.940855
 0.710607
 -1.14804
 -1.29914
 -1.7848
 -1.04353
 -0.832826
 -0.624849
 -1.30845
 -0.756759
 -0.399333
 -0.460966
 -0.831023
 -0.444929
 -1.51081
 -0.745681
 -0.684248
 0.0177647
 -0.696364
 -0.634569
 -0.62667
 0.555591
 -0.84437
 0.579233
 -0.0105371
 -0.280063
 0.434127
 -0.660954
 -0.534195
 0.0644363
 0.243636
 0.19826
 -0.0591575
 -0.604075
 0.052234
 0.744823
 0.407325
 0.604823
 0.37209
 0.316735
 -0.512327
 0.527917
 -0.098074
 0.0209446
 0.888878
 1.5911
 2.73603
 2.0972
 1.38547
 2.11352
 0.947789
 0.778721
 0.0533336
 -0.473705
 -1.00366
 -1.63978
 -0.750588
 -1.34489
 -1.68203
 -0.634531
 -1.05091
 -0.93643
 -0.741853
 -0.56696
 0.89769
 0.125401
 0.95053
 1.00398
 0.302393
 -1.00718
 -1.39995
 -1.10655
 -1.58397
 -1.68896
 -1.40908
 -1.76079
 -2.11864
 -0.759478
 -1.06602
 -0.677725
 -0.924313
 -0.800482
 -0.616687
 -0.289266
 -0.551616
 -1.56861
 0.10088
 0.361974
 -0.150688
 1.52074
 1.1249
 0.663755
 1.6256
 1.05558
 -0.264043
 -0.465632
 -0.384579
 -0.438297
 -1.7046
 -0.758925
 -0.512535
 -0.750995
 -1.0768
 -0.736775
 -1.49592
 -1.75052
 -0.857335
 -0.527311
 -0.556011
 -0.440748
 -0.0482262
 -0.582042
 -1.30344
 -0.758472
 -0.992479
 -0.644627
 -0.963631
 0.274489
 -0.558016
 -0.46427
 -0.0427495
 -0.702185
 -0.0167269
 -0.83663
 0.203623
 1.13716
 0.500518
 0.599367
 -0.0720776
 -0.679586
 -0.282644
 -0.461482
 -0.442827
 0.305325
 0.104934
 -0.622986
 -1.41184
 -1.91969
 -1.7506
 -0.605482
 -0.460007
 1.35213
 -0.265365
 0.455943
 1.36025
 0.267834
 0.587823
 -0.000898808
 0.274053
 0.0820864
 0.51784
 1.53724
 0.724535
 0.359025
 0.752315
 0.885956
 1.61829
 0.474694
 0.376228
 0.128296
 0.667274
 1.16649
 1.37795
 0.612223
 0.670854
 0.657695
 0.0189336
 0.571946
 1.00425
 0.706625
 0.842298
 0.044087
 -0.446939
 -0.292104
 0.113224
 0.489023
 0.473734
 0.0296144
 -0.624467
 -0.459027
 -0.834303
 -1.86131
 -2.21158
 -2.45889
 -2.23989
 -1.31923
 -0.772019
 -0.615651
 -0.357181
 -1.01299
 -1.85817
 -1.23531
 -0.181643
 0.755668
 1.52597
 0.652549
 1.76514
 0.629753
 0.34793
 -0.753267
 -0.132611
 -0.475211
 -1.05804
 -0.925964
 -1.05332
 -0.692759
 0.740112
 0.805184
 1.37844
 0.950047
 0.665805
 0.542634
 0.463464
 -0.0723214
 0.0396031
 -1.37568
 -0.974774
 -1.34657
 -0.54582
 -0.406327
 -0.408474
 -0.171939
 -0.638267
 0.0751251
 0.596641
 -0.0719078
 -1.02594
 0.224412
 -0.426442
 -0.0387543
 1.23353
 0.656928
 0.699615
 0.656057
 1.9296
 2.25193
 2.8463
 1.15018
 0.719197
 0.354476
 0.306152
 0.624868
 0.418668
 0.713548
 1.05056
 0.60173
 1.01132
 0.657625
 0.316234
 -0.282506
 -0.118053
 -0.74074
 -1.43641
 0.171218
 0.532356
 1.22091
 0.638011
 1.1218
 1.27072
 0.114684
 0.429752
 0.33506
 0.780196
 0.568093
 -0.375202
 0.160612
 -0.278507
 -0.503639
 -1.35537
 -0.136018
 0.88558
 0.897452
 -0.0764145
 0.81752
 0.4465
 0.248255
 -0.700254
 -1.58103
 -1.75759
 -1.24386
 -0.93364
 -1.33538
 -0.753404
 -0.490721
 -0.0337067
 0.0851802
 0.920825
 1.10418
 0.149965
 -0.396269
 0.376178
 1.70551
 1.54432
 1.53342
 -0.109316
 -1.1709
 -0.998487
 -1.19534
 -0.683096
 -0.0146494
 -0.950059
 -0.0746917
 0.43774
 1.23067
 1.45859
 2.02133
 2.01565
 1.17815
 -0.288817
 0.0912716
 0.16764
 0.785573
 0.941883
 0.734775
 0.814871
 1.38475
 1.71102
 0.984508
 1.10173
 1.95885
 2.00609
 1.19621
 1.95532
 0.983433
 0.5062
 1.09222
 0.944807
 1.39086
 1.23316
 0.705419
 -0.154282
 -0.647357
 -0.947901
 -0.483694
 -0.325234
 -0.283801
 0.49595
 0.15544
 0.0128415
 -0.263434
 -0.843306
 -0.53487
 -0.176674
 -0.420907
 -1.84359
 -2.39968
 -1.89464
 -1.06704
 -1.23588
 -1.40225
 -0.744821
 -0.432795
 -1.37658
 -1.18397
 -1.09027
 -1.02018
 -1.24086
 -0.677979
 0.0485599
 -0.369245
 -0.501795
 -0.46864
 -0.903436
 0.852727
 0.860558
 0.99962
 0.0252575
 -0.360238
 -0.876582
 -0.836081
 -1.14356
 -1.58374
 -0.0341409
 0.54355
 0.145891
 1.04975
 -0.455835
 -0.945758
 -0.0148413
 0.854165
 1.64338
 2.52527
 2.41807
 1.84339
 0.896657
 1.37923
 0.975475
 2.79521
 3.04168
 1.8408
 1.53402
 1.34768
 0.988685
 1.25425
 1.33823
 0.577393
 0.942916
 0.730337
 -0.452806
 -0.378445
 -0.593857
 0.312348
 0.323891
 1.33374
 1.00489
 0.0730258
 0.357384
 -0.155106
 -0.569924
 -0.94228
 -1.43537
 -1.23001
 -1.54113
 -1.43023
 -1.65238
 -1.12384
 -0.809931
 -1.03619
 -0.898559
 0.558036
 0.342061
 -1.02262
 0.286042
 0.846173
 2.00697
 1.72762
 2.436
 2.04676
 0.102329
 0.399675
 -0.409704
 0.448843
 1.07331
 1.58519
 0.933767
 1.84304
 2.3177
 2.15427
 2.15974
 1.72533
 1.24843
 0.829104
 0.850894
 0.547974
 0.345492
 0.239345
 0.611644
 0.987119
 0.494893
 0.826298
 0.605489
 0.413179
 0.598512
 0.620517
 0.733269
 -0.341462
 -0.609387
 0.111377
 1.5114
 1.68853
 1.32804
 0.146619
 1.69193
 1.0935
 1.3253
 1.71128
 0.676653
 1.52241
 1.05297
 1.58391
 1.68882
 1.06316
 1.59116
 1.69748
 1.39536
 2.38104
 2.47463
 2.68188
 2.08884
 0.81355
 0.841413
 0.999668
 1.10495
 0.621119
 -0.723313
 -0.0245031
 0.855469
 1.16607
 0.849016
 0.662332
 1.03862
 -0.0943592
 -0.372893
 0.441809
 0.176914
 0.905308
 -0.164856
 -0.237087
 0.134807
 0.273878
 0.640016
 0.927317
 1.74861
 1.34638
 0.838977
 1.02991
 1.36228
 1.87143
 2.28794
 1.92978
 1.32849
 1.57306
 1.02421
 0.495593
 -0.300261
 -0.645819
 0.494656
 1.2253
 0.707738
 -0.731137
 -0.191788
 -0.541992
 -0.159645
 -0.243813
 0.651892
 0.291269
 -0.32292
 -0.672333
 -0.777016
 -0.755879
 -0.878075
 0.210815
 -0.487152
 -0.0788303
 0.29992
 0.655373
 1.55889
 0.777385
 1.14545
 1.07637
 1.0325
 0.379645
 0.39875
 1.24856
 0.475366
 0.997266
 1.17267
 1.91478
 1.67193
 0.882464
 0.854267
 0.168983
 -0.175451
 -0.700218
 -0.13668
 -0.261734
 -0.181086
 -0.411751
 -0.657681
 0.813054
 0.679085
 0.442655
 0.883918
 1.29629
 1.35841
 0.719113
 1.76119
 1.65167
 1.71425
 1.96108
 2.24073
 0.653712
 0.719378
 0.192275
 -0.657034
 -0.651453
 -1.34142
 -1.1192
 -0.0197404
 0.213456
 0.119981
 1.40659
 1.43071
 1.57836
 0.871351
 0.663589
 0.584299
 0.558803
 1.21907
 0.574721
 0.57345
 0.118839
 -0.0453041
 -0.880141
 -0.489476
 -1.17312
 -1.05571
 -0.743119
 -0.700107
 -0.0353902
 -0.62886
 0.191059
 1.24784
 0.534682
 0.573832
 0.627637
 -0.73383
 -0.759754
 -1.1897
 -0.23778
 -0.00153327
 -0.20502
 -0.359346
 0.278038
 -0.0897958
 -0.260129
 -0.399539
 -0.0663431
 1.17638
 2.16379
 1.38656
 0.90438
 0.261
 -0.191478
 -1.07173
 -0.511776
 0.026108
 -1.55261
 -0.557182
 -0.369015
 -0.830152
 -0.623156
 0.0317042
 0.946917
 0.986125
 1.208
 0.644624
 1.02593
 0.801641
 1.69311
 0.101708
 -0.766609
 -0.748831
 -0.777508
 -0.544072
 0.082482
 -0.821182
 -1.34382
 -1.71393
 -1.28441
 -0.627533
 -2.1646
 -1.53917
 -2.47552
 -2.55294
 -2.58571
 -2.46699
 -2.27201
 -2.30089
 -2.19089
 -1.96315
 -1.67628
 -0.744882
 -1.00095
 -0.493528
 -0.838191
 -0.14812
 -1.14156
 -0.441624
 -0.975518
 -0.876182
 0.0858386
 0.805245
 0.650848
 1.29874
 1.6853
 1.1184
 1.29094
 0.68404
 1.14556
 1.18905
 0.871901
 0.11395
 0.349957
 0.32539
 -0.565457
 -1.4712
 -2.12672
 -2.13574
 -2.02828
 -1.45463
 -0.603991
 -0.0159295
 -0.335261
 -0.59248
 -0.691504
 -0.581576
 0.612024
 1.38293
 1.23472
 0.18267
 -0.0542012
 -0.330378
 -0.478263
 -0.383305
 -0.596818
 0.109656
 0.383161
 -0.213532
 -0.0154657
 0.00533961
 -0.178709
 -0.0886311
 0.0233147
 0.966862
 0.9464
 0.090638
 -0.00943647
 0.907987
 0.509838
 0.76884
 0.341331
 0.3408
 -0.153898
 -1.02186
 -1.20659
 -1.578
 -0.641303
 -0.129933
 1.03828
 0.816934
 1.2273
 1.53992
 1.15845
 1.5517
 0.408667
 -0.0552324
 -0.986475
 -1.29391
 -0.953525
 -0.633599
 0.0415021
 0.367458
 0.0996452
 0.864724
 0.440583
 -0.702036
 -0.959021
 -1.42371
 -2.06267
 -1.94114
 -0.748831
 -0.930451
 -0.26117
 -0.725566
 -0.579663
 -0.172973
 -0.49089
 -0.0163756
 0.305756
 -0.299517
 -0.319687
 -1.40335
 -1.51717
 -0.389039
 -0.960635
 -0.285643
 -0.847423
 -0.917001
 -0.683332
 0.395567
 0.459788
 0.307196
 -0.157554
 -0.204196
 -0.457987
 -0.0508664
 0.79461
 0.409588
 0.179703
 0.0363147
 -0.0272253
 -0.0818692
 0.857221
 1.40305
 0.0105154
 0.492328
 -0.966076
 -1.64556
 -0.632491
 0.0805548
 -1.20929
 -0.793121
 -1.15468
 -1.3161
 -0.752483
 -1.23683
 0.392874
 0.386556
 0.574109
 0.897194
 0.426408
 -1.24144
 -0.206394
 -0.252796
 -0.885576
 0.0294592
 -1.30195
 -1.60046
 -1.19795
 -0.834519
 -0.661753
 -0.47728
 -1.52798
 -0.610029
 -1.52829
 0.0325422
 -0.0115978
 -1.37421
 -1.4845
 -2.179
 -1.69887
 -2.00596
 -0.67392
 -0.680398
 -0.212326
 0.631823
 0.00229586
 0.132857
 -0.173473
 0.525213
 0.407646
 0.387284
 0.626429
 -0.0234709
 0.350899
 0.0508143
 0.76725
 0.0624958
 -0.956614
 -0.264846
 0.641217
 0.00690196
 0.578504
 0.22983
 -1.03801
 -0.968088
 -0.781595
 -0.618335
 -0.278443
 0.499856
 0.370077
 0.240847
 -0.399099
 -0.0550725
 -0.256373
 -0.555823
 -2.06983
 -1.87939
 -1.40164
 -1.09017
 -1.56149
 -0.828437
 -0.142728
 0.265032
 0.919812
 0.912649
 0.475426
 -0.883164
 -0.514732
 -1.51836
 -1.21257
 -1.04767
 -0.215455
 0.0424566
 -0.110555
 0.266513
 0.498548
 1.24635
 0.525099
 -0.219748
 0.43775
 0.140466
 0.333
 0.861004
 0.444656
 0.0942114
 -1.11978
 -1.51244
 -0.0250888
 0.00700671
 0.215402
 -0.408805
 -0.237794
 0.222839
 0.000223446
 -0.466794
 -0.360852
 -0.726704
 -0.518484
 -0.528467
 0.0337076
 -0.658934
 -1.57729
 -1.53388
 -1.10457
 -1.24921
 0.0277537
 0.349111
 0.769019
 1.01176
 1.1254
 0.01262
 -0.192047
 0.0632134
 -0.849285
 -0.494709
 -1.20199
 -1.73009
 -1.21672
 0.0105445
 0.301624
 -1.14279
 -0.497423
 -0.174709
 -0.315595
 -1.45945
 -0.892107
 -0.612245
 -0.482615
 -0.86037
 -0.725903
 -0.174945
 0.494237
 0.424564
 0.46014
 0.963344
 0.379816
 -0.75135
 -0.508985
 0.53964
 0.0757607
 -1.39179
 -1.04372
 -1.74216
 -0.89419
 -0.976679
 -1.75306
 -1.11514
 -1.05914
 -1.19348
 -1.6427
 -0.359857
 -0.315198
 -0.235835
 0.493368
 0.940922
 0.0553681
 1.57881
 1.41719
 0.921891
 2.36932
 0.750196
 0.895032
 0.570576
 0.977895
 0.109866
 -0.199776
 -0.38065
 0.150576
 -0.279855
 -0.194984
 -0.805865
 -0.128418
 -0.568135
 -0.532899
 -0.83088
 -1.48368
 -1.7398
 -1.31739
 -1.60196
 -2.52858
 -1.53339
 -0.626117
 0.182287
 0.94387
 0.993268
 0.648744
 -0.106205
 -0.0277728
 -0.835602
 -1.62473
 0.170751
 1.33543
 0.277582
 -0.391641
 -0.826211
 -0.117034
 0.0178605
 -0.570422
 -0.317357
 -2.35195
 -1.40417
 -1.13782
 -1.39064
 0.565416
 0.711439
 0.834396
 1.64633
 1.17425
 1.47629
 2.11891
 1.24856
 1.26625
 0.607955
 0.201136
 0.115791
 0.13765
 -0.0598795
 1.05634
 0.630172
 -0.0159854
 -0.0410571
 0.910863
 0.903618
 0.140509
 -0.299542
 -0.619376
 -1.68524
 -1.77741
 -0.73023
 -1.35045
 0.622394
 0.0572816
 -0.117284
 -0.202796
 -1.16393
 -1.82137
 -1.19612
 -0.022245
 0.476356
 0.696723
 0.444578
 -0.942909
 -0.196038
 0.200155
 -0.825012
 0.613509
 1.12135
 0.113099
 -0.224921
 -0.368332
 0.101639
 -0.434434
 -0.802568
 -1.16533
 -0.712031
 0.14849
 0.000707176
 1.19966
 0.308987
 0.413697
 0.500431
 -0.356769
 0.120723
 0.402561
 0.890619
 1.04308
 0.838285
 0.474266
 0.662954
 -0.0374542
 -1.19472
 -1.73561
 -1.00582
 -1.03508
 0.202799
 -0.037419
 -0.192601
 -0.367436
 0.0278653
 0.286407
 0.381032
 0.345664
 0.435866
 0.563737
 0.380384
 0.54909
 -0.23238
 -0.362025
 0.781912
 0.267017
 -0.338961
 0.148745
 -0.848691
 -0.916034
 -0.479562
 0.0348389
 0.381927
 0.668015
 0.661121
 1.0357
 -0.507903
 0.0365989
 0.511714
 -0.00658359
 -0.789242
 -1.13706
 -0.891481
 0.098238
 -0.768661
 0.144632
 0.587434
 0.101603
 0.726422
 0.793992
 -0.802879
 -1.2622
 -0.85422
 -0.161659
 -0.454387
 -1.07497
 -1.68055
 -0.949393
 -0.906278
 -0.551837
 -0.863516
 -0.713444
 0.0819505
 0.239174
 -0.73032
 -0.127088
 -1.95822
 -1.72795
 -1.15531
 -0.400612
 -0.250005
 -0.370249
 -0.500643
 0.18176
 0.650952
 -0.271176
 -0.627701
 -0.595229
 -0.198805
 -0.524137
 -0.606065
 -1.7015
 -1.0019
 -1.08378
 -0.561572
 0.208371
 -0.343422
 0.56497
 -1.25404
 0.0348968
 -0.655072
 -1.30528
 -1.41078
 0.291062
 0.368987
 -0.057602
 -0.582174
 -0.340015
 0.132772
 -0.0500891
 0.131394
 1.29571
 0.786099
 0.944444
 0.0367632
 -0.265502
 0.673711
 -0.164727
 -0.350496
 -0.489143
 -0.552294
 0.141059
 0.451908
 -0.0797077
 0.0509686
 -0.648507
 -0.284145
 -1.39522
 -0.926466
 0.0468877
 1.01741
 0.656078
 2.23207
 0.875688
 0.872502
 0.711149
 0.940887
 0.823851
 0.0411414
 -0.645739
 -0.132119
 0.491402
 0.995164
 0.76453
 -0.0222328
 -0.383767
 -0.866144
 -0.0299244
 0.58427
 0.909119
 0.166393
 0.502225
 1.04163
 1.61944
 0.520276
 -0.575557
 0.17387
 0.264832
 1.64733
 2.31275
 1.50028
 1.34605
 1.02335
 0.233871
 0.413649
 -0.114929
 0.262841
 0.748614
 0.2203
 -0.75566
 -0.679452
 0.068274
 0.0439103
 1.52059
 1.56544
 0.747698
 0.619746
 0.0871009
 -0.206598
 0.327218
 -0.0115897
 0.253547
 0.441557
 0.349845
 0.435271
 0.87078
 0.923253
 0.436876
 0.145403
 -0.905059
 -0.446043
 -0.947272
 -0.997326
 -0.46297
 0.397637
 -0.600481
 -1.37757
 0.402974
 0.412797
 0.845912
 1.56722
 1.86818
 1.03517
 0.413126
 0.605235
 0.357783
 -0.716393
 -0.0510474
 -0.301586
 -0.271155
 0.660625
 0.673499
 0.384549
 0.478046
 0.0786905
 0.471566
 0.286418
 0.687172
 0.323212
 -0.240516
 -0.92336
 0.531522
 1.07972
 -0.126248
 0.0911823
 1.02581
 0.818555
 -1.02731
 -1.68398
 -0.938618
 -1.22452
 -1.47189
 -1.36589
 -1.46931
 -1.62104
 -1.2981
 -1.0482
 -0.432568
 -1.29529
 -1.38135
 -1.81705
 -1.5305
 -0.673049
 0.48376
 0.546477
 1.20734
 0.964722
 -0.0154457
 0.691057
 -0.00662228
 -0.538564
 -1.30438
 -0.842452
 -0.741331
 -0.58734
 -0.577385
 -0.924232
 -1.39554
 -1.98273
 -2.04149
 -1.1468
 -0.742057
 -1.16823
 -0.783313
 -0.657436
 -0.361692
 -0.103293
 0.156585
 -0.554806
 -0.687596
 -0.296421
 -1.03437
 -0.157816
 -1.02618
 -1.91245
 -1.51465
 -0.552321
 -0.806761
 -1.1506
 0.991032
 0.494437
 0.642611
 0.877765
 1.5758
 2.3603
 2.12422
 1.89754
 1.5866
 1.09045
 0.84707
 0.326678
 -0.811319
 0.019434
 0.444273
 -0.838217
 -0.613186
 -0.407549
 -0.530319
 -0.421448
 0.369124
 0.112566
 -0.50912
 0.12039
 0.706995
 0.127161
 0.117285
 -0.601858
 -1.24455
 -0.431979
 0.157102
 -0.634233
 -0.725687
 0.0415213
 -0.735661
 0.270309
 1.18314
 1.25747
 2.08302
 1.79338
 1.03404
 1.20913
 0.212897
 0.522297
 1.36064
 0.907552
 0.277297
 0.153516
 0.17608
 0.285308
 0.691049
 0.388199
 -0.953441
 -1.02885
 -0.663028
 -0.970248
 -1.06917
 -1.44629
 -0.904925
 -0.748857
 -1.53806
 -0.630257
 -0.216536
 -0.756914
 -1.05911
 -0.769139
 -2.03262
 -1.47766
 -0.116785
 -0.0766363
 0.543051
 0.929216
 0.668485
 0.657942
 1.24967
 1.41458
 0.133014
 -0.0810497
 0.993712
 1.43594
 0.748196
 1.77952
 2.31589
 0.207021
 -0.319931
 0.250181
 0.427578
 0.896505
 1.1681
 0.418209
 -0.165624
 -0.643983
 -0.205208
 -0.14725
 -0.216484
 0.441708
 -0.671281
 0.069504
 0.687208
 0.0868047
 0.247146
 0.329618
 1.34848
 0.838589
 0.462713
 0.601081
 -0.343219
 -0.683336
 -0.696906
 -0.471223
 -0.308135
 0.724083
 -0.21674
 -0.641701
 -0.468586
 0.302335
 0.0474947
 0.134528
 -1.95425
 -1.67904
 -1.578
 -0.720777
 -0.133529
 -0.260461
 -1.02412
 -0.30079
 0.142177
 0.339611
 1.42262
 0.722347
 -0.0179217
 -0.396297
 -1.07964
 -1.70898
 -1.87045
 -1.19289
 0.684132
 1.30663
 1.0368
 0.981747
 1.07302
 2.26469
 3.55687
 3.23053
 2.50512
 2.52276
 2.04968
 0.976307
 1.01419
 1.36839
 1.24883
 -0.426306
 -0.621292
 -0.916929
 -0.0406389
 -0.587586
 0.160609
 0.747572
 1.59702
 1.39749
 1.75542
 1.03011
 2.31438
 1.25467
 0.851133
 -0.203606
 -0.952009
 0.643941
 0.301047
 -1.08325
 -0.806129
 -0.205572
 -0.325586
 -0.129495
 -0.393162
 -0.38867
 0.790388
 0.597667
 1.02963
 0.281116
 -0.441734
 -1.11591
 -1.5261
 -1.00603
 -0.808778
 -0.496156
 -1.58735
 -2.38337
 -1.73276
 -1.29746
 -1.8616
 -1.85947
 -1.59252
 -0.802262
 0.3765
 0.633713
 -0.073381
 0.39236
 0.607236
 0.383371
 0.546475
 0.650157
 -0.670942
 -0.272255
 -0.0831117
 -0.975742
 0.440497
 1.26756
 1.53118
 1.05652
 0.212117
 -0.300544
 -0.346452
 -0.057579
 0.594009
 -0.359078
 0.284817
 1.43288
 0.101778
 -0.630184
 -1.51249
 -2.63073
 -2.08197
 -1.74557
 -2.45498
 -0.837013
 -0.866021
 -1.09898
 -0.0122927
 -0.0177203
 -0.596642
 -0.347442
 -1.02955
 -0.316269
 -0.509242
 -0.571348
 -0.90674
 -0.471291
 -2.82331
 -1.3988
 -1.42076
 -1.45367
 -1.58595
 -1.66071
 -1.97021
 -1.78728
 -2.57663
 -1.35398
 -0.0179364
 0.68153
 1.26807
 1.61506
 1.34562
 2.54736
 2.39913
 2.27953
 0.712575
 1.82488
 1.82371
 1.73373
 1.60176
 1.09388
 0.784396
 0.761636
 0.706963
 0.905577
 -0.400349
 0.317513
 0.271629
 -0.440682
 -0.669811
 0.348795
 0.639843
 1.37901
 1.00398
 2.19648
 1.99031
 2.40139
 2.12994
 2.26019
 0.894091
 0.183733
 0.487234
 -0.43579
 -1.10276
 -1.34149
 -0.25457
 -0.469104
 0.403756
 0.350035
 1.13038
 1.56292
 1.82799
 0.743817
 0.749245
 -0.364991
 -0.0893423
 -0.829737
 -0.790907
 -1.61581
 -1.47073
 0.192068
 -0.1565
 0.178717
 0.923859
 1.00996
 -0.220611
 0.436989
 0.654104
 0.704586
 0.731234
 0.071148
 -0.757888
 -0.941028
 -0.769818
 -1.22889
 -0.472085
 -0.999305
 -0.193858
 0.146098
 0.544642
 0.59982
 0.388478
 0.728269
 1.38501
 0.271541
 0.204216
 1.01794
 -0.421124
 -0.934234
 0.602689
 0.0540202
 0.103643
 -0.197277
 -0.209481
 -0.274783
 -0.384926
 -0.212284
 -0.277846
 -0.0512296
 0.877622
 0.143697
 0.623761
 -0.245421
 0.202132
 0.515962
 0.129093
 0.222328
 -0.62238
 0.264546
 -0.0903554
 0.309298
 -0.0297253
 -0.0676518
 0.96127
 0.641511
 0.753293
 0.134146
 0.559495
 -0.234037
 -0.332316
 -1.62517
 -1.55224
 -0.555526
 -0.259531
 1.05673
 0.615539
 1.63311
 -0.100243
 -0.195504
 0.704066
 0.440815
 -0.00236589
 0.143304
 -0.372751
 -0.604582
 -0.931792
 -0.778888
 -0.33898
 1.4973
 1.30937
 1.28251
 2.37673
 2.29453
 2.52443
 3.54324
 2.68304
 1.91835
 1.44972
 1.65364
 2.98335
 1.19684
 1.81284
 2.26482
 2.46928
 1.89234
 0.612392
 0.180674
 0.519117
 1.21873
 1.70502
 1.4955
 0.712045
 0.637084
 0.370626
 -0.403561
 -0.32985
 -0.280428
 -1.59723
 -0.145949
 -0.35653
 -0.0111132
 1.01413
 1.1396
 1.9253
 1.66648
 1.89998
 1.9501
 2.22898
 2.17973
 1.88236
 1.26739
 -0.0640791
 0.0674878
 -0.0620335
 1.23985
 1.07614
 0.844417
 0.342278
 0.693664
 0.226942
 0.735966
 0.0751159
 0.146777
 0.355711
 0.997326
 0.75086
 0.00514373
 -0.341905
 0.0671335
 0.254581
 -0.933923
 -0.546305
 1.11152
 1.09181
 1.43864
 1.63028
 1.61419
 2.13291
 3.09414
 1.85786
 1.89941
 1.14507
 0.966089
 0.732964
 0.347317
 0.681494
 -0.248062
 -0.863948
 -0.499888
 -0.353315
 -0.491227
 0.544631
 1.07709
 0.155726
 0.154056
 -0.385106
 -0.600174
 0.0951298
 -0.31003
 -0.0560549
 0.517616
 0.219847
 2.01381
 0.758622
 1.7681
 1.15687
 0.242238
 0.7457
 0.597283
 0.733039
 0.974328
 -0.384423
 0.0257771
 -0.125466
 0.515
 1.81279
 0.97088
 -0.269662
 -0.505145
 -1.13136
 -0.727362
 0.176219
 0.305933
 0.499429
 0.224173
 0.900102
 1.28318
 1.26836
 1.23018
 1.3367
 -0.0274899
 0.224033
 0.79803
 0.778299
 1.95749
 1.0501
 0.987838
 0.15357
 0.54363
 -0.898266
 -0.37092
 -1.0343
 -0.87359
 -1.0247
 -2.05333
 -1.0953
 -0.624512
 -0.632145
 -0.577671
 -0.181424
 -0.74932
 -1.1349
 -0.544455
 -0.681948
 0.245157
 1.10035
 1.838
 0.781964
 1.9264
 3.21608
 2.12873
 1.33235
 0.448095
 -0.158656
 -0.136177
 -0.00925311
 0.0214888
 0.140054
 0.748062
 0.739416
 0.219661
 0.484104
 1.09576
 0.211293
 -0.020969
 -0.0234911
 -0.35756
 -0.105601
 0.0204752
 0.577335
 -0.187687
 0.0725465
 0.0375519
 1.00026
 0.135691
 -1.66068
 -0.600349
 0.254683
 0.511899
 -0.00459597
 -0.428716
 0.279177
 0.0255395
 -1.48476
 -0.711157
 -1.61396
 -1.19206
 -0.596063
 -0.670157
 0.623948
 0.168763
 0.382727
 -0.419848
 -0.832675
 -1.25514
 -1.11901
 -1.42858
 -1.26458
 -1.30992
 -1.18981
 -2.08015
 -1.14597
 -1.69799
 -2.30119
 -0.0622142
 0.211704
 -1.06219
 -0.315355
 0.653939
 0.888994
 0.198559
 0.164476
 -0.0867365
 0.313966
 1.15515
 0.645078
 1.29568
 0.355138
 1.12707
 1.1889
 -0.185177
 -0.209385
 0.357746
 0.350606
 0.186764
 -0.441834
 -0.593131
 -0.739133
 0.0643946
 -0.4719
 -0.570807
 0.08975
 0.00390268
 -0.844786
 -0.743435
 0.0141953
 0.574863
 0.239871
 -0.702931
 -1.45629
 -1.61318
 -2.45558
 -1.05891
 -0.793459
 -0.433653
 -0.685185
 -0.706235
 0.679627
 1.65787
 1.82648
 0.729834
 0.919639
 0.902548
 1.51004
 0.763804
 1.08838
 1.63696
 2.33832
 1.69031
 0.824749
 0.124779
 1.38523
 0.911631
 0.066286
 0.568319
 0.519711
 0.608252
 0.653168
 0.257396
 0.703133
 1.291
 0.631651
 1.19578
 0.19156
 -0.694832
 -0.164212
 -0.801624
 -1.49964
 -0.743855
 -0.417238
 -0.667878
 0.849853
 0.650094
 0.706779
 0.180652
 -0.0707672
 -0.491584
 -0.148631
 0.112455
 -0.765193
 -1.11385
 -1.08074
 -0.65867
 -0.65032
 -0.889443
 -0.390166
 0.460977
 1.07594
 1.20813
 1.47512
 2.27957
 2.13546
 1.53924
 2.41974
 2.4441
 1.90715
 1.47524
 1.55481
 2.72652
 1.37173
 1.516
 2.05962
 1.00312
 -0.285235
 0.202776
 -0.358071
 -0.776221
 -0.404264
 0.566259
 0.13071
 0.290163
 0.302397
 0.774683
 0.470465
 -0.26571
 0.132649
 -0.387681
 -0.44077
 -1.55059
 -1.16503
 -0.030783
 -0.128755
 -0.309011
 -0.198436
 -0.304791
 -0.31389
 0.0412271
 -1.40882
 -3.23868
 -2.55755
 -1.56965
 -1.28272
 -1.69366
 -1.78678
 -1.17981
 -0.365984
 0.143186
 -0.622182
 -0.0520038
 1.03318
 2.00146
 1.20097
 0.393105
 1.24756
 0.873247
 0.716335
 1.00738
 0.791862
 0.491303
 0.432417
 0.660364
 0.279484
 0.470742
 0.912276
 1.53354
 1.4781
 2.56886
 2.33703
 2.46561
 1.75315
 2.06607
 2.06062
 1.53742
 0.796506
 1.13491
 0.428848
 -0.388477
 -0.223688
 -0.223238
 -0.173466
 -0.150736
 0.219191
 -0.562321
 0.575509
 -0.065315
 0.164082
 0.187244
 -0.675012
 0.706131
 0.250818
 0.683127
 -0.489783
 -0.723067
 -1.6242
 -1.65779
 -1.04732
 -1.93227
 -0.44696
 -0.282482
 -0.696753
 -0.0677208
 0.496026
 1.95239
 2.30587
 2.48072
 2.14599
 1.89727
 1.64543
 1.70939
 1.60518
 0.718023
 1.36568
 1.1805
 0.897824
 1.62438
 2.28543
 1.59794
 1.73684
 1.95127
 0.70037
 0.930393
 -0.318676
 -0.244089
 -0.938399
 -0.197209
 0.326917
 0.712271
 0.33268
 -0.720758
 -0.432237
 -1.41347
 -0.672521
 -0.943156
 -0.679931
 -0.947561
 -0.727862
 -0.56165
 -0.31722
 -0.617587
 0.428315
 -0.293768
 -0.802647
 0.107119
 0.762088
 0.0939074
 -0.109167
 -0.345245
 0.292601
 -0.686346
 -0.990919
 -1.04008
 -1.31945
 -1.21949
 -1.41164
 -0.904912
 -0.5851
 0.484312
 1.00854
 -0.28829
 -0.426423
 0.47788
 0.369391
 -1.43755
 0.114484
 -0.106793
 0.357059
 0.316445
 0.210066
 -0.0106895
 -0.161274
 -0.758879
 -0.112137
 -0.716235
 -1.04277
 -0.487617
 1.43755
 1.51539
 0.837841
 0.170392
 -0.380646
 -0.200458
 0.367828
 -0.490194
 0.17696
 0.831447
 0.16555
 -0.166579
 -0.22107
 -0.661973
 1.27551
 0.881665
 -1.32442
 -0.0916506
 -1.45534
 -2.90523
 -1.98666
 -1.68668
 -0.611361
 0.0888309
 0.805053
 0.21639
 -0.125671
 0.189555
 0.319536
 0.970768
 0.990679
 -0.0975133
 0.227651
 0.408299
 0.125194
 -0.03205
 -0.216879
 0.241364
 0.373597
 1.16203
 0.886958
 0.645189
 0.488524
 0.239306
 -0.261057
 -0.167165
 0.0299506
 0.345467
 0.227057
 0.772229
 0.94051
 1.29539
 1.35041
 0.574343
 0.397361
 -0.105044
 -0.316415
 -0.327144
 0.132043
 0.216524
 0.17288
 0.00789884
 -0.35301
 0.0427166
 -0.617183
 -0.619728
 -0.881886
 -1.57886
 -1.05151
 -0.623177
 0.171956
 -0.254493
 0.236365
 0.96975
 1.54223
 1.86474
 2.03796
 1.05696
 1.6062
 1.48344
 0.913816
 0.517913
 0.367604
 0.750456
 1.3924
 1.34594
 1.26883
 1.50071
 1.02714
 1.69684
 0.298745
 -1.27664
 -0.000156526
 0.0879658
 0.725623
 0.413007
 -0.333714
 0.296039
 0.413001
 -0.260446
 -0.155664
 0.613076
 -1.09198
 -0.858631
 -0.18438
 -0.484561
 -0.97329
 -1.12694
 -0.226659
 -1.23771
 -0.562911
 -0.621516
 -2.49623
 -1.22727
 -1.85636
 -1.51983
 -1.49637
 -1.7123
 -2.07503
 -1.10729
 -2.44687
 -1.08752
 -1.25262
 -1.53315
 -1.47426
 -1.21768
 -0.829185
 -0.677422
 -0.317616
 -0.230397
 -0.397932
 -0.85858
 -0.18906
 -0.775458
 -1.82136
 -1.59253
 -2.37163
 -1.43281
 -0.896902
 0.908295
 0.554862
 0.984788
 1.70968
 0.813667
 0.344889
 0.335991
 1.3179
 0.502224
 0.146982
 0.421457
 0.471721
 0.0295283
 0.966851
 -0.287951
 -1.29123
 -1.16298
 -1.03866
 -1.40198
 -0.674468
 -0.371276
 -0.262479
 0.938497
 0.202711
 -0.25555
 0.1029
 -0.501017
 -0.113013
 -1.05333
 -1.12046
 -1.30395
 -1.47022
 -0.972481
 0.747565
 0.494375
 -0.00160964
 -0.163011
 -0.34354
 0.220018
 -0.905033
 -1.09621
 -0.620771
 -0.91846
 -2.31696
 -1.98962
 -2.30531
 -1.16503
 -0.845011
 -0.985635
 -0.801464
 -1.8715
 -0.459876
 -1.73295
 -1.47983
 -1.04178
 -0.398382
 -0.805486
 -0.839301
 -0.971256
 -0.458958
 -0.979413
 -1.63593
 -1.09919
 -1.13539
 -1.02677
 -0.571992
 -1.28368
 -0.954469
 -1.29253
 -0.11656
 0.251689
 -0.26137
 -0.528402
 -0.652431
 -0.556864
 -0.407148
 -1.18176
 -1.39309
 -2.10456
 -2.27637
 -1.5786
 -1.07755
 -0.482881
 0.683076
 0.875454
 0.519931
 0.898858
 0.688475
 -0.559148
 -0.185575
 -0.696346
 -2.21023
 -1.79448
 -0.475857
 0.0706959
 1.24821
 1.69595
 2.06192
 1.76863
 2.12782
 2.21335
 1.16799
 -0.227653
 -0.31934
 -0.60879
 -1.31295
 0.0865313
 -0.0916907
 -0.707794
 -0.217099
 0.407274
 0.881018
 0.427912
 0.065278
 0.394874
 1.2722
 0.165685
 0.610206
 -0.26709
 -1.09804
 -0.570162
 0.111622
 0.762099
 1.2111
 1.56987
 0.740794
 -0.0342377
 -0.215792
 -0.0421147
 0.485178
 1.08513
 0.648896
 0.412835
 0.0244446
 0.258332
 0.540983
 0.259148
 0.647422
 0.384233
 0.960064
 1.3607
 1.35304
 0.743581
 1.20068
 0.556854
 0.873406
 0.490935
 0.246422
 -0.775163
 -0.35442
 0.969785
 1.05747
 0.491809
 0.0364918
 0.186218
 0.325354
 1.41306
 1.10641
 0.194505
 0.129393
 -0.304719
 0.398359
 -0.0684368
 -0.122721
 -0.191245
 -0.148393
 0.360699
 0.838162
 1.27376
 0.691863
 -0.0377987
 0.618753
 0.196422
 0.0279224
 -0.802011
 -0.373214
 -0.326347
 0.127187
 0.184349
 0.476661
 0.504098
 0.586055
 0.450711
 0.0855031
 0.010292
 -0.578868
 -1.2503
 -0.969386
 -0.327198
 0.628002
 0.59004
 0.276442
 0.974838
 0.307442
 0.951607
 0.868861
 0.755332
 0.869784
 0.560779
 -0.26142
 0.894267
 0.970469
 1.14871
 0.317486
 -1.34025
 -0.574618
 -1.05521
 -1.08747
 -0.779159
 -0.302778
 -0.735593
 0.354857
 0.714415
 0.366576
 -0.136987
 0.138095
 -0.378668
 -0.546523
 -0.20522
 0.421837
 1.14136
 2.16361
 1.17901
 1.26221
 0.858516
 0.970481
 1.05452
 0.547826
 0.768332
 -0.0386919
 -0.362776
 -0.696585
 -0.847824
 -1.14106
 -1.19329
 -0.653706
 -0.57297
 -1.0609
 -1.49497
 -0.648858
 0.0744472
 0.121071
 -0.679288
 -1.28112
 -1.37547
 -0.745464
 -0.280428
 -1.07068
 -0.281021
 -0.0390892
 1.13536
 0.123858
 -0.194456
 -0.923157
 -0.345535
 -0.346
 -0.392986
 -0.287743
 -0.713601
 -0.483338
 -1.14911
 -0.337461
 -0.266693
 -0.640637
 -1.17231
 -0.86747
 0.0923925
 0.087102
 -0.108289
 -0.413339
 -0.286679
 -0.177856
 1.05006
 -0.625539
 -0.28232
 -0.243276
 -0.752952
 -0.729822
 0.412161
 0.155734
 0.700231
 0.522577
 -0.228781
 0.902473
 1.62129
 1.0852
 1.1914
 0.679342
 0.878468
 1.68081
 1.94332
 1.03538
 0.577004
 -0.140575
 0.134845
 0.00023177
 0.623142
 1.40875
 0.852822
 1.26503
 1.12855
 0.320794
 0.0979173
 0.581508
 0.259803
 -0.523861
 -0.361854
 -0.027672
 -0.416076
 0.402412
 0.895569
 0.961719
 1.2028
 1.61223
 -0.43943
 0.598033
 -0.411817
 -0.62001
 -0.527828
 -1.30866
 -1.55217
 -0.945997
 0.171886
 0.554461
 -0.116206
 -0.0283029
 -0.916672
 -1.67579
 -0.848125
 -0.596664
 -0.293325
 0.109378
 0.199422
 0.164722
 -1.18389
 -0.893345
 -0.336927
 0.332344
 1.15396
 1.42128
 1.07467
 1.29378
 1.53141
 1.80786
 2.25613
 2.23303
 1.40537
 1.77981
 1.3539
 0.270372
 -0.175662
 -0.0325874
 -0.760625
 -1.08431
 -0.446081
 -0.556783
 -0.572079
 -0.569559
 -1.45755
 -1.63677
 -0.870851
 -0.807916
 -0.303936
 -1.24515
 -0.319307
 -0.0376963
 -0.85654
 -0.417009
 0.23097
 0.291031
 0.365709
 1.3838
 1.17546
 1.14736
 1.37333
 0.927502
 0.397867
 -0.333048
 -0.533396
 -0.665209
 -1.08982
 -0.564829
 0.109164
 -0.0354782
 0.754186
 0.713514
 0.311907
 -0.0999334
 0.707787
 0.759328
 0.091094
 -0.248837
 -0.544929
 -0.554001
 -0.655155
 0.607869
 0.611186
 1.16399
 2.11869
 1.99014
 2.18394
 0.576313
 -0.775027
 -0.989089
 -0.946185
 -0.606398
 -1.32373
 -1.04547
 -0.680032
 -0.315643
 0.176524
 0.817493
 0.754921
 0.515593
 -0.378156
 -0.175502
 0.508927
 0.189996
 0.00014193
 -0.876313
 -0.307438
 0.00792913
 0.504047
 1.07061
 0.770242
 1.00921
 1.43974
 1.03979
 0.422164
 0.243008
 0.435024
 0.307342
 -0.188117
 1.57409
 0.190847
 1.06503
 1.56834
 1.7637
 1.07953
 0.305391
 0.365801
 0.464429
 0.332719
 -0.00996575
 0.0582909
 -0.564594
 -0.37948
 -0.737464
 0.052005
 1.22304
 0.958148
 1.70901
 1.29565
 1.37445
 1.09545
 1.00681
 0.886511
 0.565781
 0.914757
 -0.00162379
 -0.772092
 0.552946
 0.812148
 0.67595
 -0.884183
 -1.06815
 -1.1665
 -1.55172
 -1.47334
 -0.692891
 -0.617303
 -0.318823
 -0.161069
 0.855438
 0.104348
 -0.256015
 -0.805244
 -0.447956
 -0.370433
 0.662995
 1.22209
 1.92312
 1.85731
 1.57744
 1.31919
 0.627782
 0.731523
 1.05032
 0.98421
 0.752967
 0.619998
 0.589194
 0.463874
 0.835248
 0.769848
 1.48829
 0.323487
 -0.779855
 -0.366166
 -0.464433
 0.228696
 -0.713578
 -0.856686
 -0.0769968
 0.908682
 0.12353
 -0.418515
 -1.30434
 -0.764293
 -0.439751
 0.839213
 1.10591
 0.96051
 0.6625
 -0.847291
 -0.444707
 0.209234
 0.615856
 0.107694
 -0.0594809
 0.578527
 -0.471322
 0.091334
 0.122875
 1.3648
 0.851773
 0.216852
 1.09809
 1.5185
 0.593364
 0.488882
 -0.365539
 -0.16956
 -0.527194
 -0.49058
 -0.613198
 -0.693306
 -0.777343
 0.177393
 0.314814
 0.248645
 0.258133
 0.733539
 -0.430874
 -0.457068
 -0.113372
 0.277237
 0.431129
 0.00850549
 -0.0964016
 -0.388833
 -0.455573
 -0.343941
 0.185379
 1.53355
 1.83312
 -0.188827
 -0.968473
 -0.0677553
 -0.600513
 -0.154986
 -0.392972
 0.0259776
 -0.356333
 -0.37418
 -0.313107
 -0.198061
 0.78284
 0.720317
 -0.083852
 -0.637279
 0.0905437
 -0.508162
 -0.102586
 -0.0130161
 -0.0413739
 -0.115147
 0.813232
 -0.197653
 -0.440286
 -1.08523
 -0.0112517
 1.02419
 0.986186
 1.80795
 1.43188
 1.39167
 0.426802
 -0.283981
 -0.486224
 -0.341068
 0.170887
 0.577196
 1.34836
 0.248086
 1.57183
 1.47752
 1.37291
 1.00204
 0.524266
 1.63851
 2.0413
 1.68736
 1.39632
 0.516288
 -0.139864
 -0.629461
 -0.881092
 -0.114614
 -0.811592
 -0.301698
 -1.33878
 -0.432398
 -0.987736
 -0.439499
 -0.196299
 -0.57034
 -0.34688
 0.425459
 -1.07066
 -0.676925
 -0.262028
 0.231227
 0.401379
 0.490347
 -0.757804
 -1.39001
 -0.806767
 -0.852042
 -2.14311
 -2.1454
 -2.62867
 -1.61829
 -1.31663
 -0.584511
 -0.0660472
 -0.179713
 -0.248754
 -0.963702
 0.510336
 0.173221
 0.368535
 0.710978
 0.514466
 1.31625
 0.463591
 -0.225153
 -0.0497034
 -0.244263
 -0.485068
 0.65782
 0.427553
 0.429883
 -0.419076
 -0.628979
 -0.32458
 -0.0290311
 0.484256
 -0.137674
 0.187697
 0.12474
 1.0733
 1.29663
 1.85738
 2.28544
 2.89431
 2.32834
 1.93147
 1.20723
 1.03364
 1.06304
 1.5633
 0.806862
 1.57914
 0.887882
 0.685108
 1.13376
 0.43655
 -1.17274
 -0.593368
 -0.649039
 -0.147213
 -0.404149
 -0.860394
 0.0588785
 1.28395
 1.59886
 1.70638
 1.32125
 1.41514
 1.31419
 1.52211
 0.91568
 1.68343
 0.880834
 -0.212855
 0.0224051
 0.0818613
 0.046135
 1.30865
 1.58109
 1.80942
 1.67786
 0.504734
 0.0790752
 -0.546818
 -0.0215988
 0.41629
 0.763226
 -0.364894
 -0.131339
 0.0719357
 -0.779456
 -0.897201
 -1.16144
 -0.301759
 0.100953
 0.551832
 -0.690881
 -0.574657
 -0.38792
 -0.938652
 -1.22298
 -1.51274
 -0.930382
 0.301316
 0.874271
 1.41536
 0.274369
 0.58245
 0.636349
 -0.056671
 -0.195488
 0.0630573
 -0.205157
 0.973707
 1.91189
 0.910927
 1.81978
 1.46224
 1.47664
 1.06178
 1.88789
 1.17191
 0.364374
 -0.232753
 -0.572551
 -0.902364
 -1.03914
 -0.521374
 -0.712979
 -1.08837
 -0.94968
 -2.39007
 -1.58428
 -2.19189
 -1.88496
 -1.45795
 -1.70035
 -2.58247
 -2.35591
 -1.47223
 -1.62516
 -0.977532
 -0.500627
 -1.0598
 -1.29332
 -1.85141
 -0.258734
 0.705811
 -0.358691
 -0.681542
 -0.750413
 -0.346263
 0.264989
 -0.459301
 0.440268
 0.400563
 0.73759
 0.702364
 0.25901
 -0.874587
 -0.625913
 -0.0633555
 -0.0781456
 -0.45839
 -0.412052
 -0.900738
 -0.518184
 0.0993013
 -0.40571
 -0.140877
 -0.47093
 0.248285
 1.7533
 1.36101
 1.49423
 1.55016
 1.14776
 0.290202
 0.489409
 -0.17135
 -0.20326
 -0.318613
 0.495492
 0.235884
 0.898654
 0.406589
 0.399281
 0.15857
 -0.172682
 -0.898337
 0.567637
 1.52669
 1.94763
 0.768312
 -0.128401
 0.426656
 0.286575
 -0.136441
 -0.202831
 -0.46388
 0.365015
 -0.876974
 -0.862472
 -0.902591
 -0.138474
 -0.0451356
 1.37361
 1.50513
 1.61287
 0.620902
 0.595013
 0.183131
 -0.138934
 0.839157
 0.589797
 0.846224
 0.201446
 0.025853
 0.936039
 0.631777
 0.614509
 0.556593
 0.806946
 1.15307
 1.44818
 1.68331
 1.20465
 -0.16468
 0.0754016
 0.202647
 0.611316
 0.530222
 0.333128
 0.259901
 0.147888
 -0.635787
 -1.45122
 -0.814797
 -0.755772
 -0.0362412
 0.961556
 0.712094
 0.690632
 -0.018037
 -1.16666
 -1.00746
 -0.506783
 -0.933557
 -1.37604
 -1.32526
 -1.63858
 -1.33559
 -1.62594
 -1.90209
 -0.441285
 -0.936695
 -0.69329
 -1.03216
 -1.33449
 -0.967044
 -0.176001
 0.83358
 1.07968
 0.726656
 -0.308507
 0.181383
 0.0800488
 -0.606437
 -0.616446
 -0.439264
 0.00869456
 0.622391
 -0.243279
 -0.37189
 -0.280019
 -0.379909
 -0.325142
 -0.898955
 -1.16331
 -0.21174
 -0.103915
 -0.823755
 -1.09861
 -0.53301
 0.422509
 0.56754
 -0.199734
 0.534128
 0.287376
 0.287789
 0.144312
 1.35555
 0.512925
 1.07118
 0.837504
 0.863548
 0.254579
 -0.21154
 0.0920181
 0.0387876
 0.21061
 0.536571
 0.0636568
 0.436695
 0.240957
 0.353099
 0.157886
 -0.308543
 -0.23001
 0.221717
 0.414983
 0.909946
 0.39509
 0.524305
 0.342767
 -0.338518
 -0.991138
 -0.339346
 0.500957
 -0.355395
 0.312836
 -0.450554
 -1.12886
 -1.28885
 -0.258505
 0.538553
 0.211885
 -0.461626
 0.449007
 0.311918
 -0.525748
 -0.399191
 0.141037
 0.246052
 0.0551303
 0.632848
 1.04242
 0.889556
 0.313713
 0.52887
 0.68314
 0.680669
 -0.55204
 -0.938557
 -1.82534
 -1.09272
 -0.604684
 -0.895785
 -0.998654
 0.269785
 0.504954
 1.10341
 0.80498
 0.320212
 0.624006
 0.662607
 -0.0293778
 0.501359
 1.08259
 2.22345
 0.661675
 1.03084
 0.628803
 0.247537
 1.02483
 0.291373
 0.932251
 1.02387
 0.45547
 0.653662
 0.30825
 1.02318
 0.434024
 -0.025803
 1.0003
 0.0901904
 -0.817284
 -0.823395
 -0.63224
 -0.605782
 -1.52125
 -1.2243
 -1.07278
 -0.266689
 -0.161298
 -0.800253
 -1.11852
 -0.572694
 -1.6941
 -1.46679
 -0.693665
 -0.222692
 -0.248824
 -0.587571
 0.11069
 0.671488
 0.195735
 0.16251
 -0.172088
 0.931678
 1.26614
 1.56024
 0.422995
 -0.151603
 0.0666276
 -0.0792525
 -0.244076
 -1.30831
 -0.823874
 -0.950308
 -1.52788
 -1.09223
 -0.978268
 -0.447334
 0.20389
 0.59351
 0.238777
 0.560178
 0.0637894
 0.785092
 0.0198833
 0.2231
 1.31709
 1.59463
 1.37879
 0.864388
 0.378695
 1.09759
 1.34063
 0.0273817
 -0.738296
 -0.451487
 0.304952
 1.10004
 1.75556
 2.79218
 2.23288
 1.94567
 0.99096
 0.860121
 0.694439
 0.458923
 -0.143655
 -0.982897
 -0.939547
 -0.507661
 -1.06781
 -1.42442
 -1.00308
 -1.01149
 -0.981348
 -0.816881
 -0.152314
 0.088265
 -0.703636
 -1.00032
 0.186905
 0.48296
 0.270168
 -0.254812
 -1.81778
 -1.52514
 -1.87182
 -2.06802
 -0.223114
 -0.638282
 0.815849
 0.379214
 0.801672
 1.06986
 1.59265
 0.516116
 0.634637
 0.252534
 0.0425543
 0.970247
 0.374652
 -0.213517
 0.589549
 0.639404
 0.201277
 -1.00872
 -0.457479
 0.605532
 0.915876
 -0.616684
 -0.692293
 -1.46508
 -1.76624
 -1.16925
 -0.589522
 -1.01229
 -1.0966
 -1.07875
 -1.18216
 -1.17072
 -1.20699
 -0.631641
 -0.560518
 -0.604853
 0.250428
 1.04876
 1.49731
 0.256765
 -0.232781
 -0.642199
 -2.14673
 -1.39862
 -0.900745
 -1.26637
 -1.66267
 -1.98159
 -0.796407
 -0.141312
 -0.0652782
 0.0798586
 0.179181
 0.55375
 0.489504
 1.75281
 0.55169
 -0.0617338
 0.0850002
 0.195213
 0.582956
 0.573299
 0.485791
 0.40802
 -0.42789
 -0.847965
 -0.440622
 -0.909918
 -1.34395
 -1.09965
 -0.0759423
 -0.950698
 -1.26195
 -1.82852
 -2.64087
 -1.9578
 -1.83801
 -0.0187536
 -0.736212
 -0.0280565
 -0.773261
 -0.202246
 0.712412
 -0.330638
 0.17943
 -0.362221
 -0.847497
 -1.66142
 -0.339338
 0.489097
 1.00911
 -0.224054
 0.00113201
 0.161644
 -1.82486
 -0.92511
 -0.59531
 -0.13582
 -0.628575
 0.37615
 0.982434
 1.01259
 1.34563
 1.49618
 0.387493
 0.0769197
 -0.0909715
 0.625373
 0.221207
 -0.0834803
 -0.631972
 1.03688
 0.367339
 -0.168343
 -0.115848
 0.489935
 0.242254
 -0.0896574
 0.350638
 0.289867
 0.0771065
 -0.288334
 0.356695
 -0.219724
 -0.692824
 -0.982221
 -0.167986
 0.267502
 0.0981688
 -0.232163
 0.0189682
 0.167906
 0.0916086
 -0.500596
 -0.435087
 0.1619
 -0.801816
 0.00820094
 0.195557
 -0.292306
 -0.332093
 0.315408
 -0.570192
 0.136137
 -0.726579
 -0.820058
 0.811789
 1.76459
 1.34464
 1.41515
 0.883575
 0.334147
 -0.176682
 -1.0122
 0.0253097
 -0.0714651
 0.803012
 1.422
 1.1361
 1.07223
 1.19964
 1.59485
 0.977714
 0.825046
 1.09645
 0.731278
 -0.522211
 0.0207946
 -0.474501
 -0.550243
 -1.16678
 -0.358751
 -0.682458
 -0.0602903
 -0.278781
 0.998986
 0.719687
 0.226327
 0.116724
 -0.321392
 -0.142674
 -0.0243928
 0.185885
 -0.290232
 0.57775
 -0.00196905
 0.036074
 -0.729475
 -0.421701
 -1.3403
 -1.13529
 -1.01188
 -0.847808
 -1.98727
 -1.40132
 -0.981285
 -1.18539
 -2.26101
 -2.49823
 -2.45648
 -1.93937
 -1.84789
 -1.71501
 -1.26366
 -0.923536
 0.305308
 0.449049
 0.116942
 -0.189619
 -0.864609
 -0.570042
 -0.362783
 -0.102024
 -0.0158122
 -0.259446
 0.198951
 -0.208842
 -0.112638
 -0.821519
 -1.31824
 -0.481694
 -0.351483
 -0.549916
 0.78516
 1.70459
 3.12598
 3.05616
 2.3025
 1.85568
 1.42275
 0.527081
 -0.118195
 -1.22327
 -0.43539
 -0.615786
 -0.326015
 -0.664007
 -1.313
 -0.774304
 -1.68447
 -0.699032
 -0.267082
 -0.418801
 -0.683069
 -1.06806
 -0.382231
 -1.01616
 -1.28955
 -1.14872
 -1.06886
 -0.230559
 -0.0502193
 -0.594396
 -0.770338
 -0.287063
 1.20789
 0.0173277
 -0.558829
 -1.12485
 -0.28819
 -0.539996
 0.298847
 0.0570692
 0.609279
 -0.00612823
 1.24086
 0.791213
 0.38246
 -0.0949235
 0.92083
 1.53501
 0.84455
 0.825733
 -0.0177337
 -0.465816
 -0.213733
 -0.232505
 -0.883834
 -0.390943
 -0.247425
 -0.328066
 -0.266585
 -0.662947
 0.144031
 -0.50978
 -0.870504
 -0.414247
 -0.481451
 0.506913
 0.233454
 0.330938
 -0.319742
 -0.714432
 0.00567708
 0.377162
 -0.0118454
 -0.0190347
 -0.583193
 -0.210762
 0.614354
 0.00863223
 -1.54889
 -1.38894
 0.411914
 0.471381
 0.315036
 0.556765
 1.0483
 0.366479
 0.117324
 -0.603219
 0.741171
 0.251221
 -0.581198
 -0.816613
 -0.226413
 0.507202
 1.45931
 1.24519
 1.05836
 0.831434
 0.583062
 -0.0663636
 -0.469249
 -0.114045
 -1.15718
 -1.25271
 0.0868404
 0.335833
 -0.270308
 -0.724503
 -0.123019
 0.415579
 0.285973
 -0.465675
 -0.599005
 -0.592746
 0.266521
 0.200804
 0.300442
 0.336289
 0.234456
 -0.0315336
 -0.534242
 -0.659449
 -0.339419
 -0.756361
 0.303721
 0.641558
 1.11741
 0.102095
 0.30578
 -0.221164
 -0.090901
 -1.4011
 -1.13043
 0.259106
 0.511653
 0.536331
 0.223384
 -0.0906408
 0.0987008
 0.224679
 0.917296
 0.291141
 -0.137253
 -0.64132
 -0.300162
 -0.0632332
 -0.00425124
 -1.19598
 -0.63272
 -0.353271
 -0.317733
 0.224056
 -1.4665
 -0.947943
 -0.657757
 0.823205
 0.48196
 0.489283
 0.61768
 1.14061
 0.579545
 0.740868
 1.52842
 1.47764
 1.14976
 1.69184
 0.430984
 -0.237915
 0.156284
 -0.780621
 -0.956018
 -0.859258
 -0.567296
 0.368921
 0.590967
 0.733748
 1.13612
 1.12843
 2.12978
 1.48682
 1.56782
 0.480463
 0.0834007
 -0.265032
 0.208649
 0.774444
 1.71419
 1.0997
 -0.100512
 -0.799534
 -1.95608
 -1.73881
 -0.62144
 -0.319393
 0.287936
 0.183517
 0.0941684
 -1.01262
 -1.26945
 -1.2315
 -0.855006
 -0.481559
 0.0588651
 0.344941
 -0.683819
 -1.73246
 -1.28822
 -2.4433
 -2.12975
 -2.7827
 -2.04884
 -2.69086
 -2.60034
 -2.46339
 -0.655615
 -0.823823
 -0.26705
 0.886422
 0.274115
 1.44003
 1.00482
 0.796726
 0.13899
 0.290381
 0.43637
 1.12747
 0.490916
 -0.218853
 0.900852
 -0.432425
 0.413892
 1.35631
 0.596308
 -0.559742
 0.46705
 0.223477
 0.444656
 0.532079
 1.8456
 1.41646
 0.806808
 0.547606
 -0.164877
 0.151346
 1.42778
 0.49169
 -0.164553
 0.398877
 0.308762
 0.835204
 1.31983
 0.51813
 0.209199
 -0.0393635
 1.36697
 0.214714
 0.676122
 1.48043
 1.22702
 0.688495
 0.400049
 0.02081
 1.46918
 0.547303
 -0.100437
 0.254012
 -0.847721
 -0.781213
 0.322725
 0.978004
 0.28933
