 0.519012
 -0.824162
 1.26619
 -0.0763536
 0.709349
 1.15152
 -1.12706
 -0.739456
 -0.461006
 1.1026
 1.15643
 -2.669
 0.82041
 -1.25436
 -0.420351
 0.539907
 0.118786
 -0.239097
 -0.481738
 0.217918
 0.917286
 -0.812925
 0.40437
 -0.640544
 0.310081
 0.570742
 0.602061
 -0.11686
 -0.395558
 0.113785
 -0.343861
 0.165828
 0.393409
 0.944581
 0.101727
 0.486092
 1.40632
 -0.560724
 0.0996881
 -0.485299
 -0.75233
 0.241031
 -0.48132
 -0.358691
 -0.115506
 -0.244729
 -0.789141
 0.232894
 -1.09532
 0.999714
 -1.07953
 -0.342859
 0.924872
 -0.393206
 0.0360489
 -1.14184
 1.14563
 -0.112831
 -0.521241
 0.158595
 0.76701
 -0.972641
 0.552262
 -0.0316931
 -0.0430046
 0.318005
 0.486865
 0.0646378
 0.36633
 0.248624
 -1.03324
 -1.72707
 1.00147
 -0.480505
 0.190263
 1.26026
 -0.686967
 0.0313007
 0.499844
 -0.917125
 0.557456
 0.783259
 -0.210032
 -0.713188
 0.10102
 -0.592726
 -0.848478
 0.0225638
 0.462859
 0.872971
 0.155072
 -0.621534
 0.946928
 0.275026
 -0.458552
 -0.13411
 0.0614023
 -0.867876
 -0.225107
 1.3442
 -1.07791
 -0.238842
 -0.0905118
 0.76898
 -0.154938
 -0.098496
 -1.0342
 0.587866
 0.40633
 -0.003385
 0.398945
 -0.725378
 -0.188235
 0.977432
 -0.21005
 -0.228213
 0.0220257
 0.393198
 0.920278
 -0.727622
 0.0870446
 -0.60562
 -0.692055
 -1.14713
 0.543285
 -0.50679
 0.298159
 0.460136
 -0.374064
 0.565819
 1.29056
 -0.187863
 0.319223
 -0.102422
 -0.0917226
 -0.955673
 -0.074738
 1.5955
 -0.289435
 -0.436415
 -0.0476774
 0.653421
 0.0466181
 0.0461721
 -1.03259
 0.544259
 0.399427
 -1.00937
 -0.176278
 0.385807
 -0.51914
 0.950486
 -0.401031
 -0.149719
 0.335226
 -0.556361
 0.342017
 -0.22178
 -0.706103
 0.549657
 0.742338
 -0.194718
 0.233147
 0.358537
 0.00216437
 -1.12216
 0.381226
 0.413804
 -1.58438
 1.34697
 0.669877
 0.136557
 0.05804
 -0.710261
 0.18044
 -1.47929
 1.33885
 -0.295949
 0.0221784
 0.59495
 -0.0462932
 -0.251844
 0.195806
 0.0345891
 0.745881
 0.727189
 -0.285828
 0.057835
 -0.230196
 -0.39547
 0.164423
 0.969326
 -0.210711
 0.0268746
 0.790716
 -0.654242
 -0.140397
 -0.731396
 1.09919
 -0.405143
 0.0967157
 -0.599966
 -0.206028
 0.0790649
 -1.75116
 1.08145
 0.0134946
 -0.316097
 0.911045
 -1.00652
 -0.454707
 -0.767452
 -1.011
 1.5539
 -1.05705
 1.43293
 -0.0639543
 0.255343
 0.457329
 0.59722
 0.606653
 -0.101228
 1.19637
 -1.13198
 0.17455
 -0.45211
 0.756728
 0.118561
 0.0516858
 -0.0720781
 -0.225399
 0.770242
 -0.094833
 -0.272672
 -1.1833
 -0.025508
 0.141752
 0.390081
 0.715676
 -0.113813
 -0.67092
 0.130307
 0.350067
 -0.225382
 0.380682
 -0.425154
 0.415454
 -0.17512
 -0.0750078
 0.604258
 0.265604
 0.993949
 -0.62632
 0.1355
 -0.586754
 -0.217158
 -1.00513
 0.253237
 0.0531652
 -0.315234
 0.0815485
 -0.279474
 0.421274
 0.596083
 0.0323362
 -1.0997
 -0.71735
 0.453844
 0.465176
 0.760758
 0.621578
 -0.144388
 -0.484246
 -0.289351
 -0.31965
 1.10012
 -0.493775
 0.319718
 0.332413
 0.658021
 0.511458
 0.420913
 -0.0238836
 0.250541
 -0.00247968
 -0.19606
 -1.22492
 0.494841
 0.39423
 0.148731
 -0.2883
 -0.657006
 -0.554472
 -0.745672
 1.12665
 -1.20471
 1.44227
 -0.685012
 0.382725
 0.41077
 -1.07873
 -0.27924
 -0.751253
 0.503535
 -0.537841
 0.179711
 0.411826
 0.271634
 1.48405
 -2.20855
 0.891987
 -0.549114
 -0.707802
 -0.800301
 0.345238
 1.42696
 1.4515
 -0.410166
 0.155378
 -1.01528
 -0.929482
 -0.6152
 0.237194
 0.617202
 -0.354188
 -0.251484
 -0.104015
 0.2993
 -0.682679
 0.617908
 1.436
 -1.53385
 0.650471
 -0.128399
 -0.475728
 -1.88034
 -0.305204
 0.213078
 1.29173
 -0.574828
 0.74202
 1.53945
 -0.00987665
 0.118704
 0.513434
 -0.5826
 -0.725689
 -0.0532817
 0.703389
 0.522433
 -0.756591
 0.171645
 -0.478612
 0.00822416
 -0.314374
 0.913222
 0.102149
 -1.0649
 0.134322
 -0.400404
 0.820875
 -0.264459
 -1.25207
 -0.893601
 0.148031
 -0.0299422
 -0.275875
 -0.32994
 0.25591
 0.217888
 -0.659972
 1.0174
 -0.416016
 0.649524
 0.632726
 -0.11944
 -1.23479
 0.472051
 -0.13518
 -0.301493
 0.961986
 -0.0026319
 -0.679914
 1.41939
 -0.32197
 -0.15277
 -0.798788
 -0.708955
 0.481651
 -0.20408
 -0.227724
 -0.651412
 0.422206
 -0.210032
 0.880976
 -0.129256
 0.197738
 -1.04336
 -0.745728
 0.328717
 0.572945
 0.165378
 0.123068
 0.735901
 0.126544
 0.118048
 0.645645
 -0.203507
 0.234588
 -0.360302
 -1.23265
 0.917445
 0.0162979
 -0.189194
 0.551104
 -0.801261
 -0.825686
 -0.173787
 0.582137
 0.714361
 0.0179313
 0.347985
 0.04331
 -0.538235
 -0.142076
 1.01327
 -0.4394
 0.45026
 -0.409947
 0.532889
 0.889366
 -0.553932
 0.193693
 0.0883466
 0.794224
 -1.76669
 0.00805282
 -1.01435
 0.0817014
 0.636049
 0.128442
 0.582515
 0.743255
 -0.50867
 -0.785294
 0.580991
 -0.245828
 -0.146022
 -0.962442
 0.78833
 -0.19771
 0.40463
 -0.00211729
 0.546389
 -0.629973
 0.0115875
 0.745245
 0.0212354
 -0.860066
 0.0846127
 0.41111
 -0.790338
 -0.871995
 -0.840931
 -0.298158
 0.684694
 -0.0444497
 0.839068
 0.00598858
 1.38741
 -1.05572
 0.474915
 -0.650952
 -1.22791
 0.218233
 0.62431
 -0.469653
 0.405826
 -0.188973
 0.36211
 0.725731
 0.819776
 0.0143176
 0.0823296
 -1.63297
 0.396267
 -0.0479576
 -0.395983
 0.433062
 -1.87415
 -0.0679058
 0.168654
 0.177811
 0.841856
 -0.995291
 0.353367
 -0.166242
 0.02576
 0.0477337
 -0.123177
 -0.405072
 -1.00837
 0.502369
 1.74496
 0.301945
 -0.729838
 0.406749
 0.0596398
 0.408612
 0.588691
 -0.0446175
 1.64314
 -1.41765
 1.0133
 -0.525058
 -1.16016
 -0.185347
 -1.34334
 0.0860105
 1.0747
 0.111097
 -0.814741
 0.293341
 -0.355981
 -0.119931
 0.201948
 0.316341
 -0.212911
 0.452379
 -0.85018
 -0.943035
 -0.378632
 0.0836146
 -0.534134
 0.268061
 -0.174479
 0.865469
 0.107998
 -0.227508
 -0.454447
 0.127796
 0.720144
 0.194919
 -0.321738
 0.409292
 0.13918
 0.199988
 -0.752742
 0.141678
 -0.428699
 0.390029
 -0.672502
 -0.411309
 0.0831032
 0.235231
 0.482153
 1.16415
 -0.672568
 -0.161687
 0.603398
 0.582141
 0.0567033
 0.0988524
 0.00982498
 0.399029
 0.163972
 0.248245
 0.330972
 -1.42411
 0.136142
 0.686106
 -0.696467
 -1.40122
 0.566349
 0.84447
 0.385303
 -0.29782
 0.0651354
 0.730703
 -1.10841
 -0.216995
 0.621202
 0.227786
 -0.457904
 -0.366979
 0.468991
 -0.0579462
 -0.0736301
 -0.131891
 -0.204839
 -0.180241
 -0.0757741
 0.365733
 -0.470446
 0.818896
 -0.498579
 -0.212598
 0.702917
 -0.656285
 0.432061
 0.538885
 -0.0139871
 -0.975106
 -0.200217
 -0.0140612
 0.322564
 0.468806
 0.936588
 -0.331676
 -0.611223
 -0.128987
 0.195334
 -0.564089
 1.08242
 0.269896
 0.121465
 1.23617
 -1.64692
 0.38097
 -0.500711
 0.95738
 -0.0870322
 -0.7609
 -0.0155207
 -0.449121
 1.05268
 0.0166865
 -0.368626
 -0.624397
 0.976963
 1.16403
 -1.00098
 0.81177
 -0.530685
 -1.18779
 1.04428
 0.15538
 -0.636333
 -0.0278303
 0.537015
 0.908687
 -0.603562
 0.580272
 0.166417
 0.248769
 -0.696396
 0.517095
 0.0783141
 1.30035
 -0.49773
 -0.377255
 0.0828624
 -0.251798
 -0.814514
 -0.173119
 -0.329685
 0.22843
 -0.0356312
 0.370373
 0.589393
 0.685264
 -0.147906
 -1.49207
 -0.627278
 -0.33489
 0.571733
 0.258449
 -0.154891
 1.21644
 0.531928
 -0.529155
 0.437493
 -0.695923
 0.35606
 0.776389
 -0.57606
 -0.607669
 0.131858
 -0.31696
 -0.464314
 -0.503025
 1.48857
 -0.250033
 0.890408
 -0.962844
 1.18806
 0.485566
 -0.711921
 -0.715914
 0.0201434
 -0.465369
 0.711049
 -0.953767
 0.192965
 -0.072455
 1.08632
 0.136401
 0.892263
 -0.160253
 0.275048
 0.265841
 1.07773
 -0.923001
 -0.965894
 -0.169875
 -0.507813
 -0.0221209
 -1.53104
 1.3217
 0.670708
 1.17653
 0.0196893
 0.562986
 -0.389731
 0.866847
 -0.384302
 0.600953
 0.108617
 0.236983
 0.10958
 0.227413
 -0.416576
 -1.20772
 0.0468205
 0.0998851
 -0.320068
 0.570241
 1.04241
 -1.27951
 0.00990588
 0.358205
 0.884747
 -2.06134
 1.13915
 0.687712
 -0.137169
 -0.0432115
 0.56073
 -0.430143
 0.67835
 0.773043
 -1.97912
 0.997342
 -1.50744
 1.19448
 -0.347537
 0.0513219
 -0.742214
 -0.0391943
 -0.488949
 -0.422668
 -0.356666
 0.185488
 -0.580848
 -0.807449
 -0.718634
 0.142957
 0.0408636
 0.886156
 -0.472851
 0.234079
 -0.267826
 -0.0669646
 0.335089
 0.211883
 -0.00115203
 0.936675
 0.657707
 -0.312221
 -0.733072
 1.01478
 -0.233154
 0.216413
 -0.0786309
 -0.174134
 -0.535953
 -0.378726
 1.02749
 -0.56057
 0.126146
 0.709003
 -0.900529
 -0.467585
 -1.06624
 0.0104172
 0.0212197
 -0.249674
 0.612131
 1.30168
 0.374345
 1.08514
 0.164733
 -0.622138
 -0.551875
 0.460345
 0.265791
 -0.526362
 1.23043
 -1.43167
 0.624456
 0.12098
 -1.0734
 0.188091
 0.52033
 0.452567
 0.206949
 0.0998719
 -0.815213
 -0.144649
 -1.36392
 0.806929
 -0.889975
 0.505272
 0.545731
 0.69192
 -0.553109
 -0.659208
 0.118395
 0.477831
 -0.378823
 -0.407041
 -0.603571
 -0.933598
 0.953585
 -0.187665
 -0.347354
 -0.571446
 0.194285
 1.25138
 -1.29749
 0.221934
 1.74387
 -0.193088
 -0.628479
 0.727906
 -1.79855
 -1.09631
 1.25243
 0.0243013
 -0.319448
 0.00999968
 0.0665527
 0.889271
 0.681248
 0.54777
 -0.485568
 -1.64925
 0.145803
 0.525538
 -0.128809
 -0.178928
 0.846495
 -0.228552
 0.651286
 -0.511662
 0.854736
 0.0103877
 -0.389963
 0.0640606
 0.151458
 0.110952
 0.833504
 1.99804
 0.115912
 -0.933043
 -0.734484
 0.200044
 -0.981374
 0.402235
 -0.290233
 -0.421443
 -0.126971
 0.890518
 0.953911
 -0.306866
 -0.0743283
 -0.605977
 1.10871
 0.221127
 0.514694
 0.219467
 -1.80864
 0.673069
 -0.348075
 0.0739094
 -2.10397
 0.749974
 -0.773589
 0.498835
 -1.22115
 0.527171
 0.294383
 -0.219601
 0.381815
 -0.14957
 0.57961
 -0.423922
 0.869605
 0.182929
 0.633724
 -0.689044
 -0.665407
 0.0344423
 -0.698617
 0.811919
 -0.461999
 0.551786
 0.0135755
 -0.303294
 0.259763
 0.717079
 -0.0258232
 -1.01711
 0.625559
 0.337176
 -0.638306
 -0.0901663
 0.66119
 -0.0132353
 -0.00803255
 -0.147444
 -0.479346
 0.382451
 -1.67401
 0.918065
 -0.31478
 -0.270647
 0.727929
 -1.11394
 -0.168153
 -0.139078
 0.558595
 1.43814
 -1.19551
 0.398083
 -0.588777
 -0.61429
 -0.0526174
 -0.081806
 0.496657
 0.296086
 -0.629585
 -0.300292
 -0.538633
 0.448995
 -1.06726
 0.658818
 -0.238636
 -0.272129
 1.32813
 -0.709413
 0.937785
 -0.0623504
 0.603408
 0.0806741
 -1.19472
 -1.05953
 0.0469168
 0.756387
 0.62848
 -0.177212
 -0.0443026
 0.605214
 -0.569752
 1.11602
 -0.0442478
 -1.27481
 -0.567944
 1.07615
 -0.762499
 0.840893
 0.460082
 0.0128468
 0.0970475
 0.614067
 -0.559653
 0.353172
 -0.466141
 -0.374036
 -0.0331075
 0.130435
 -0.469264
 1.22568
 0.18638
 -0.34466
 -0.905003
 -0.0949866
 0.466599
 -0.0672489
 1.36799
 0.710437
 -0.962999
 -0.205236
 -0.235619
 0.0275207
 -1.22991
 -0.289627
 1.0727
 0.158499
 0.200933
 -0.462861
 -0.956625
 0.22336
 0.111837
 0.324854
 1.12153
 -1.27474
 0.324
 -0.473693
 -0.950368
 1.09005
 0.437238
 0.155876
 -0.17301
 -0.61872
 1.02072
 -0.152078
 0.226491
 -0.242572
 -0.567976
 0.521835
 0.836145
 -0.265904
 0.586573
 -0.400642
 0.487719
 0.304544
 -1.47469
 0.798707
 -0.016625
 -0.586732
 -0.725544
 1.32798
 -0.260571
 1.19762
 -0.879804
 0.107944
 0.313057
 -0.329859
 0.585264
 0.228141
 -0.0798613
 0.648616
 0.601591
 -0.756076
 1.123
 -0.0536738
 -1.82571
 -0.541357
 0.119476
 0.424144
 0.142072
 -0.156873
 0.361851
 -0.720663
 0.77219
 -1.01217
 0.488181
 1.14848
 0.0524911
 0.0401436
 -1.75133
 1.46775
 0.843425
 0.512448
 -0.676179
 0.869469
 -1.02025
 0.793374
 0.30079
 0.207328
 -0.733893
 -0.78822
 0.754368
 -0.508617
 0.365554
 -0.073151
 0.271651
 -0.616612
 -0.159527
 -0.246893
 -0.138939
 0.336275
 -0.947381
 0.907422
 0.517581
 -1.39431
 1.41635
 0.404657
 0.6157
 -0.106739
 0.0652405
 0.0220345
 -1.71842
 0.128354
 -0.376291
 0.392607
 0.151081
 0.046799
 -0.578811
 0.306482
 0.0690833
 -0.0961071
 -0.431691
 0.398781
 -1.21738
 0.817045
 0.013704
 0.664817
 -0.813285
 0.170399
 -0.200399
 1.25611
 -1.46728
 1.44699
 -0.60979
 0.0188365
 0.635807
 -1.09276
 0.148362
 0.568589
 0.230786
 0.0332927
 -0.253516
 -0.557097
 0.722238
 0.717199
 -0.340305
 0.207506
 -0.0717162
 -0.234089
 -0.662399
 1.08512
 -0.425009
 0.0142398
 0.975526
 0.523717
 1.31644
 -0.872062
 -0.491625
 0.827162
 -1.09061
 -0.0591797
 -0.613466
 -0.454488
 -0.56995
 -0.772192
 0.858058
 -0.721746
 -0.419387
 0.825282
 -0.682499
 0.0679792
 0.130404
 -0.0229319
 1.34162
 -0.804067
 0.965878
 0.0525292
 -0.594389
 -1.17052
 -0.205802
 0.00429805
 -0.469387
 -0.291872
 0.19085
 -0.485467
 -0.401076
 1.05681
 -0.72824
 0.406293
 -0.282344
 -0.0541082
 0.078388
 0.335443
 -0.294483
 -1.08803
 2.05662
 -0.100809
 -0.470571
 1.6423
 -0.627125
 -0.345162
 1.01718
 -0.613693
 -1.34708
 -0.0298486
 -0.0726173
 -0.125568
 -1.14233
 1.16227
 -0.117221
 -0.0444099
 -0.338339
 0.11301
 -0.767848
 -0.461679
 0.757496
 0.288454
 -0.339405
 0.238348
 0.265069
 -0.569694
 -0.661728
 0.42111
 -0.241054
 0.1014
 -0.370976
 1.21516
 -0.789935
 -0.0252055
 0.470942
 -0.580503
 0.70439
 -0.94549
 1.03233
 0.866729
 -0.815268
 0.398457
 -0.545822
 -0.618589
 0.418871
 -0.35436
 0.0882192
 0.638215
 -0.250732
 -0.643601
 -0.809488
 -0.503507
 -0.12977
 1.14464
 0.0312388
 1.81738
 -1.92141
 1.08576
 1.02543
 -1.17731
 0.695915
 -0.502482
 0.349671
 -0.18169
 0.308698
 1.28355
 -0.947578
 -0.3053
 0.456239
 0.253705
 0.740935
 -1.07817
 0.0145627
 -0.243075
 0.500255
 0.653985
 0.181545
 -0.454197
 0.154915
 0.177238
 -0.635642
 0.798571
 0.447061
 -0.268536
 0.0992906
 -0.727525
 -0.151982
 0.0642891
 0.355576
 0.321133
 0.0203712
 -0.481543
 -0.579061
 0.0949905
 -0.238504
 -1.04487
 -0.10492
 -0.538441
 0.26772
 0.509425
 0.4203
 0.0964105
 0.0445951
 -0.728483
 -0.717173
 0.373149
 1.09685
 0.875065
 0.594456
 -0.811766
 1.253
 -1.28953
 -0.0086306
 -1.20916
 0.91774
 -0.509372
 -0.48964
 0.111051
 -0.200808
 0.35664
 1.38659
 -0.00681223
 0.5406
 -0.400966
 -0.0859514
 -0.0838729
 -0.0865085
 -0.428466
 0.200909
 -1.58493
 0.754233
 -0.572172
 0.509957
 0.124944
 -0.101865
 0.278947
 -0.60935
 0.675384
 0.181586
 -0.318515
 -0.900418
 1.21761
 -0.648047
 0.433216
 1.2808
 -0.636939
 -0.0511662
 0.13784
 1.24444
 0.203969
 0.530606
 -1.65772
 -0.253869
 -0.278174
 -0.0185952
 0.188259
 -0.108849
 0.106348
 0.461235
 -0.384901
 0.558508
 -0.153089
 -0.282521
 -0.597062
 0.33234
 -0.736095
 -0.780127
 1.56328
 0.390284
 0.785561
 -0.648233
 0.550168
 0.170373
 -0.951
 0.529635
 -0.190067
 0.575154
 -0.124244
 -0.998204
 0.504372
 -0.383336
 -0.255283
 -0.781789
 1.11243
 0.997511
 -0.071676
 -0.908536
 1.07951
 -0.380808
 -0.10076
 -1.04597
 -0.818303
 -0.357973
 0.405891
 0.213542
 -0.49721
 0.410384
 -0.0301408
 0.430339
 0.105087
 0.682529
 0.375307
 -0.897651
 -0.407879
 0.752582
 1.43016
 -0.551889
 0.367944
 -1.55415
 -0.89468
 0.112864
 -0.0521521
 0.186339
 0.653979
 -1.02607
 0.945745
 0.370157
 0.642811
 0.425535
 0.717928
 -0.134829
 -0.459272
 -1.5286
 0.607098
 -0.0436594
 0.699903
 0.229213
 -0.000592396
 0.155932
 0.575649
 0.362488
 -0.454852
 0.252647
 0.925601
 -0.00927333
 -0.574174
 0.85508
 -1.10927
 -0.346325
 0.73276
 -0.127381
 0.637399
 -0.157527
 -0.492843
 -0.729961
 -0.17373
 -0.575957
 0.682959
 -0.179618
 -0.107198
 0.918866
 -0.399304
 0.0502214
 -0.452975
 -0.509145
 0.194298
 0.349315
 -0.327224
 -1.49987
 -0.320417
 0.307525
 0.748048
 -0.624298
 -0.178233
 0.631056
 0.0687985
 -1.07717
 0.322441
 -0.104183
 -0.130275
 -0.118485
 0.538175
 0.509542
 -0.558093
 -0.000895524
 0.172283
 -0.672389
 1.69342
 -0.204864
 0.123053
 -0.815116
 -0.323154
 -0.399461
 -0.0111229
 -0.412297
 -0.574318
 1.51264
 0.488679
 -0.306399
 0.835077
 -1.55982
 -0.0691252
 0.740825
 0.830775
 0.993877
 0.795828
 -0.379617
 -0.136262
 -0.70193
 0.410492
 -0.144092
 1.72323
 0.0535097
 -1.02299
 0.0359996
 -0.17046
 -0.19762
 0.417583
 0.220572
 -0.735748
 0.55996
 0.0887325
 -1.33012
 0.170391
 -0.176882
 1.01949
 -0.140322
 0.978178
 -0.399457
 -0.722003
 0.341911
 -0.540258
 -0.360912
 -0.262086
 -0.457708
 -0.0684908
 -0.342947
 -0.201386
 -0.210633
 0.379816
 0.105892
 -0.309026
 0.167157
 1.35672
 -0.315812
 -1.25579
 1.37168
 0.475784
 1.28114
 -0.628588
 1.07023
 -0.673641
 -1.75687
 0.679875
 -0.851112
 0.930378
 0.448062
 0.666088
 -0.743178
 1.0831
 0.155476
 -0.0696703
 0.132927
 -0.19496
 -0.325729
 -0.293049
 0.0205873
 -0.267652
 -0.0714568
 -0.223764
 0.441813
 0.500469
 -0.373432
 0.389463
 -0.0349704
 -0.0764393
 0.0714947
 0.11827
 0.198053
 -1.10383
 -0.209223
 0.794765
 1.56218
 -0.0680261
 -0.267683
 -1.07783
 1.74659
 -0.95279
 0.364972
 0.606888
 -0.937839
 1.12884
 -0.826464
 0.865948
 -0.0936963
 -0.527928
 0.739658
 0.0468258
 -0.0667837
 1.13727
 -0.266576
 0.584983
 -0.727384
 -0.958932
 0.231419
 0.266171
 0.35696
 -0.412012
 -1.25186
 0.821036
 0.511535
 0.658455
 -0.361758
 0.0272474
 0.206936
 -0.945122
 -0.0720578
 0.733354
 -0.164759
 0.856484
 -1.21708
 0.306667
 0.0668683
 0.203065
 0.391306
 0.334874
 1.0792
 -0.55593
 -0.380994
 0.191779
 0.475864
 0.591408
 0.611808
 -0.570623
 -0.209193
 0.336692
 -0.293721
 -0.561846
 -0.619954
 -0.173983
 1.26778
 0.494509
 -0.354181
 -1.45521
 0.747367
 -0.468136
 0.449366
 -0.0478526
 0.925278
 -0.328797
 -0.743034
 -0.145602
 -0.178019
 0.185731
 -0.29594
 1.23872
 -0.764924
 0.492373
 0.248632
 0.262203
 1.02604
 -1.06977
 0.744271
 -0.0615564
 0.14164
 -0.395315
 -0.0932065
 0.786152
 -0.656023
 0.928458
 -0.0792566
 0.874855
 -0.252111
 -0.543849
 0.0346912
 -0.625473
 -0.149657
 -0.471333
 0.57031
 -0.200991
 0.067254
 -0.443016
 -0.120629
 1.52141
 -0.379422
 -0.180824
 0.434151
 0.671152
 -0.0106084
 -0.508763
 1.14375
 -0.282006
 0.168171
 0.538834
 0.244921
 -1.66527
 0.367695
 -0.436081
 -0.938958
 0.107745
 -0.788894
 0.227995
 0.908907
 0.0215842
 -0.0178412
 1.28333
 -0.0984811
 0.296811
 -0.674064
 0.0950591
 -0.0684838
 -0.119169
 0.710759
 -0.407428
 0.155575
 -0.624306
 -0.0380151
 -1.02119
 0.46369
 -0.778087
 -0.0283935
 0.25516
 0.110457
 0.253026
 -0.639417
 0.806664
 1.08984
 -0.79648
 0.382167
 0.00663935
 -1.42542
 0.222996
 -0.335873
 0.700814
 0.217416
 -0.290067
 -0.164869
 0.823854
 -0.41567
 -0.0639865
 -0.0139935
 0.168256
 1.2708
 0.751459
 -0.874856
 -0.360322
 -0.563112
 -0.234947
 -0.878251
 0.380605
 0.557528
 -1.65728
 1.34645
 -0.0493092
 -0.489521
 0.401606
 0.28596
 0.898048
 -0.0414089
 0.284581
 -0.416013
 0.518066
 -0.047185
 1.11522
 -1.88615
 -0.23371
 -0.0751023
 -0.0527662
 0.0259745
 0.559577
 -1.01819
 -0.410007
 -0.488889
 0.341199
 0.612271
 -1.89033
 0.552786
 -1.23358
 -0.0936837
 -0.359197
 0.0503466
 -0.204661
 -0.168616
 -0.230739
 0.180051
 -0.0366239
 0.871666
 -0.58118
 0.4847
 -0.44233
 0.738618
 -1.16608
 0.724539
 -0.469919
 0.0326881
 0.835907
 0.721757
 -0.0655325
 0.710412
 0.460444
 -0.689468
 0.348863
 -0.453458
 0.483106
 0.165752
 -0.314986
 -0.379834
 0.210916
 0.0361938
 -1.00471
 -0.773417
 -0.927974
 0.260601
 -0.149972
 0.449691
 0.571105
 0.515745
 -0.432941
 -0.105791
 -0.170756
 0.195206
 0.997597
 0.675206
 0.0290564
 -0.763798
 -0.209055
 -0.0753752
 -0.198744
 0.172817
 -0.432186
 0.913231
 0.268487
 -0.720346
 0.236725
 0.0183191
 -0.114569
 0.041208
 -0.0536736
 0.965919
 -0.118274
 -0.8192
 -0.0280883
 0.978241
 -0.37901
 0.298927
 -0.412357
 0.354865
 -0.737135
 -0.78159
 -0.401896
 -0.417182
 0.838387
 0.390549
 1.21132
 -0.475072
 0.506466
 0.377896
 -0.242372
 0.475077
 -1.15744
 -0.206013
 -0.959447
 -0.226726
 0.180224
 0.376558
 0.623811
 0.194954
 -0.289896
 0.973669
 -0.565415
 -1.14006
 -0.121377
 -0.598196
 -0.806687
 0.34597
 0.87514
 -0.245741
 0.553182
 -0.653782
 0.32303
 0.239062
 -0.326419
 0.610114
 0.100539
 -0.559484
 -0.00392974
 -1.10995
 -0.00652302
 1.03656
 -0.647045
 0.62799
 -0.575268
 -0.140943
 0.244677
 0.845614
 0.0422568
 -0.203295
 -0.445043
 -0.0489711
 -0.253124
 0.551741
 0.483229
 -0.0645203
 -0.273828
 -0.0107041
 -0.240831
 0.0545425
 0.822136
 0.739766
 -1.44323
 0.613789
 -1.41183
 -0.338058
 0.713192
 0.60854
 -1.24407
 0.537486
 -0.403363
 -0.352137
 0.5363
 -0.81293
 1.80214
 -0.349067
 0.319123
 0.170634
 -0.308621
 -1.56677
 1.33198
 -0.316356
 -0.340009
 0.647176
 -1.15578
 -0.297176
 0.143791
 0.51118
 -0.197771
 0.340988
 -1.3091
 1.47909
 -1.26436
 1.94273
 -0.325563
 -1.3868
 0.220995
 -0.603867
 0.440115
 -0.484263
 1.13135
 -0.197959
 0.643161
 0.787324
 -0.745017
 0.234732
 -0.364815
 0.836471
 -0.166587
 -0.00756693
 0.215372
 -0.673324
 0.621014
 -0.348105
 0.873244
 -0.626868
 -0.649943
 0.600974
 0.651235
 -0.520845
 0.632598
 -0.259349
 -1.40959
 0.355461
 0.0800987
 0.0547439
 0.222385
 0.733779
 -0.21495
 -0.0425019
 -0.602414
 0.446104
 -0.373986
 -0.106169
 -1.41599
 -0.028688
 0.469931
 0.173602
 -0.473883
 0.534343
 0.272528
 0.454202
 0.684795
 0.0252158
 -0.439741
 -1.34446
 0.644387
 -1.18332
 0.54718
 -0.137301
 0.747564
 0.0591158
 -0.0679501
 0.437349
 0.210211
 0.846934
 -0.668166
 -0.431433
 0.711778
 -0.337151
 0.200417
 0.557589
 -0.371174
 -0.417521
 -1.11701
 -0.187783
 1.42709
 -0.133544
 0.138463
 -0.515288
 0.336622
 0.400158
 -0.23685
 -0.361547
 0.0836024
 -0.331787
 0.096636
 -0.041002
 0.443066
 -0.631729
 -1.06892
 0.481677
 0.160608
 -0.34148
 1.19525
 0.0624013
 0.414626
 0.393977
 0.111127
 -0.921716
 -0.0399231
 0.157011
 -0.82546
 0.32063
 -1.00353
 -0.20767
 0.267301
 1.04924
 0.0478141
 -1.43651
 0.944088
 0.20053
 -0.230021
 -1.12365
 0.891611
 -0.0711969
 0.24111
 -0.51647
 0.257284
 0.464323
 0.400351
 0.0624678
 -0.0915026
 0.543365
 -0.507862
 -1.1005
 0.199807
 1.05769
 -0.478663
 -1.24894
 0.452249
 -0.825617
 0.761373
 -0.327709
 -0.722396
 0.639741
 -0.251931
 0.0537603
 -0.73238
 1.35782
 -0.0797205
 0.225338
 0.648208
 0.357778
 -0.710188
 1.7102
 -0.355322
 -0.547379
 1.52647
 -1.63769
 0.546701
 -0.392732
 0.564191
 -0.797505
 -0.146052
 -0.212202
 0.663259
 -0.582755
 0.250646
 -0.638481
 0.564122
 -0.487484
 0.286976
 -0.645031
 -0.67278
 -0.494709
 0.491171
 -0.675915
 -1.05163
 1.06621
 0.471435
 0.615484
 0.933828
 -0.0560073
 -0.224779
 -0.685758
 -0.00145069
 -0.666455
 -0.731199
 1.72117
 0.947038
 -0.920728
 -0.583461
 -0.433336
 0.843463
 0.136655
 -0.661825
 0.268561
 -2.14836
 0.661767
 0.197862
 -0.401882
 1.77413
 -0.154055
 -0.0640713
 1.19188
 -0.78873
 0.430427
 0.595914
 -0.787394
 0.223244
 -0.604539
 -0.416363
 0.185217
 -0.16319
 -0.199992
 1.14145
 -0.5173
 -0.331649
 -0.0398958
 1.05286
 -0.0631281
 -0.775109
 -0.20923
 -0.284141
 -1.0117
 0.00800634
 0.818321
 -0.732062
 1.8868
 -1.09335
 0.105265
 0.113681
 -1.19403
 -0.449285
 0.40792
 1.16137
 0.222803
 0.380554
 -0.330262
 -1.31889
 0.84495
 0.441338
 -1.15754
 1.70164
 0.219573
 -0.757499
 -0.322079
 -0.0191868
 0.53641
 -0.7288
 -0.210408
 -0.429777
 0.372182
 0.84119
 -0.279109
 1.32567
 -1.00577
 0.220959
 0.0868448
 -0.853739
 0.506766
 0.202085
 0.515209
 0.0153324
 -0.0299092
 -0.00868016
 -0.0128154
 -0.581722
 -0.888919
 -0.475319
 0.524705
 -0.363855
 1.2363
 -0.190169
 0.102908
 -0.473196
 0.458069
 0.14511
 0.137918
 -0.233373
 0.0809431
 0.0939488
 0.081284
 0.0340642
 -0.688964
 0.173627
 0.815881
 -0.321977
 -0.664356
 0.417153
 -1.14714
 0.237965
 0.158271
 0.354088
 0.354279
 0.387913
 -0.0902751
 0.515336
 -1.59232
 0.943095
 0.301633
 -0.232009
 -0.905762
 -0.490065
 0.41363
 0.688347
 -0.949074
 1.02366
 0.222177
 -0.240549
 0.676825
 -0.0446519
 -1.48399
 -0.22984
 0.420145
 0.390846
 -0.516686
 -0.611931
 -0.464313
 0.466383
 -0.0561941
 0.27523
 -0.479564
 0.175685
 0.776147
 0.118188
 -1.0746
 0.568762
 -1.92524
 0.345986
 0.278741
 0.680456
 -0.0120296
 -0.130394
 0.0558227
 0.602589
 0.4802
 -0.990456
 -0.275939
 0.165422
 0.296818
 -0.525938
 -0.0172388
 -1.30436
 0.999712
 -0.110991
 0.427698
 0.603171
 -0.487447
 0.941621
 -1.87659
 1.75507
 -0.990544
 -0.504169
 -0.319213
 1.57967
 -0.102182
 -0.46405
 -0.362845
 0.400625
 0.285371
 -0.243768
 0.209755
 1.1591
 -0.530102
 0.324518
 -0.764794
 -0.270734
 0.924331
 -0.765891
 -0.124453
 -0.12544
 -0.0140189
 0.708671
 0.498733
 -0.541377
 0.296029
 -0.586665
 0.312484
 -1.04795
 0.655191
 0.646574
 0.925901
 -0.284582
 1.68093
 -1.66688
 0.411044
 -0.0145025
 0.261124
 -0.156001
 -0.581564
 -0.505822
 0.37736
 0.548139
 0.615284
 -0.121116
 -0.828731
 -0.169158
 -0.322393
 0.71728
 0.573502
 0.458078
 -0.843279
 0.713286
 0.244293
 0.962847
 -1.10573
 -1.0546
 0.865727
 -0.070724
 1.35067
 0.638936
 -1.02799
 0.127789
 -0.102873
 -0.805129
 0.369757
 -0.359362
 0.492203
 0.544874
 -0.600962
 -0.633236
 0.0403976
 0.777384
 -0.0709845
 1.44301
 -0.40356
 -0.597965
 -0.105987
 -0.437474
 -0.301483
 0.805805
 -0.368071
 0.285592
 0.144123
 -0.044658
 0.118629
 0.330724
 -0.000648625
 -0.285634
 -0.289996
 -0.972956
 0.561952
 -0.583329
 -0.0541565
 0.427253
 0.656714
 -1.04228
 -0.581007
 1.70424
 -0.314711
 0.470921
 0.818201
 0.415749
 -0.919486
 -0.435337
 0.203639
 -0.156363
 -1.01711
 0.707232
 -0.206325
 0.0866532
 0.94749
 -0.182262
 -0.338983
 0.313187
 -0.3055
 0.331315
 0.0831787
 0.207694
 -0.206958
 -0.746271
 -0.542787
 1.43285
 0.478199
 -0.997588
 0.283436
 0.957367
 -0.337669
 -1.69397
 -0.150697
 0.537881
 -0.597349
 -0.364947
 0.0359561
 -0.19895
 -0.464383
 0.304811
 -0.0352442
 0.46547
 -0.79911
 -0.144859
 -0.665517
 0.189166
 0.93578
 1.01415
 -0.0582775
 0.732284
 -0.349117
 -0.862974
 0.971109
 -0.781377
 -0.252057
 -0.603949
 0.303864
 -0.0425084
 0.0488524
 0.0832294
 -0.69963
 -0.323508
 -0.805771
 0.0248641
 0.554818
 0.288751
 -0.716333
 0.368788
 0.0300762
 0.14875
 0.248569
 -0.00227759
 -0.682447
 -0.00903746
 0.335087
 -0.929688
 0.818585
 -0.97799
 -0.9565
 0.506417
 0.748255
 -0.482984
 -0.454279
 2.18194
 -0.782594
 0.449781
 0.560639
 0.542704
 0.871805
 -0.356088
 0.0563301
 -0.242808
 -0.222497
 -0.271492
 -0.568398
 -0.869489
 0.89908
 0.248038
 -1.38239
 0.499013
 0.0266833
 -0.118772
 0.160908
 0.80271
 -0.357855
 -0.741257
 0.754927
 0.505937
 -0.474113
 0.0970945
 -0.681431
 -0.489907
 0.784989
 0.362076
 -0.718834
 -0.0448604
 0.512079
 -0.457098
 0.880347
 0.893733
 0.235566
 0.714609
 -0.189872
 -0.726535
 0.481064
 -0.90419
 0.403637
 0.918115
 -0.606148
 -0.469059
 -0.0144809
 -0.201471
 0.351221
 0.262547
 -0.0900902
 -1.50551
 0.313436
 0.389025
 -0.708343
 -0.0162306
 -0.529211
 0.478858
 -0.161531
 -0.750184
 0.874688
 0.127424
 -0.588524
 -0.232848
 0.327351
 -1.47829
 0.874944
 1.14683
 -0.10543
 0.467752
 0.356237
 -0.241187
 -0.0392111
 0.569398
 0.367303
 -1.28896
 -0.0660548
 0.918869
 0.618877
 -0.629484
 0.997584
 0.613247
 -2.42629
 0.156675
 0.619804
 0.211328
 0.463651
 0.339208
 -0.591083
 -0.259681
 -0.512713
 0.428814
 0.0484698
 -0.261416
 0.756557
 -1.0971
 0.935366
 0.377652
 -0.408022
 0.257973
 -0.117124
 0.980053
 -0.631114
 -0.0717244
 0.0464216
 -0.855194
 -0.45748
 0.178108
 0.124095
 -0.0500589
 1.14079
 -0.967916
 -0.401361
 0.119269
 0.824166
 -0.264309
 -0.0581705
 -2.05698
 0.273427
 0.0334671
 0.599267
 0.366584
 -0.238488
 -0.682539
 0.489398
 0.236335
 0.0819745
 1.33793
 -1.11848
 -0.354275
 -0.33554
 -0.62195
 -0.633356
 -0.169261
 0.336276
 1.81265
 0.362638
 0.150668
 -0.112278
 0.114806
 1.36036
 0.989566
 -0.137471
 -0.829925
 0.381501
 -0.455642
 -0.741819
 0.379978
 0.304488
 0.114666
 -1.60303
 0.196377
 -0.576639
 0.789194
 -0.486261
 0.866038
 0.661706
 1.07491
 -0.379564
 0.5154
 -0.525602
 1.33721
 -1.10463
 -0.264144
 -1.05962
 -0.606478
 1.61726
 -0.509881
 -1.39164
 0.457854
 0.46766
 -0.0682874
 0.079781
 -0.262159
 0.148222
 0.717383
 -0.0120461
 0.698431
 -0.84385
 -0.461985
 -0.628269
 -0.53757
 0.468037
 0.0242874
 0.246344
 -1.17147
 -0.642591
 0.859772
 0.0535054
 -0.893772
 0.0682092
 0.113652
 0.844038
 0.895743
 0.374941
 -0.723285
 0.511738
 0.513943
 -0.330139
 0.337501
 0.135041
 -1.29623
 0.613586
 -0.169194
 -0.874098
 1.28487
 0.839291
 0.339931
 -0.225015
 -0.906734
 -0.464714
 0.232864
 0.186361
 0.509347
 -0.749376
 0.737573
 1.00656
 -1.34244
 -0.604198
 -0.905434
 -1.03561
 0.586069
 -0.00928911
 -1.02343
 1.90853
 -0.117283
 -0.263109
 1.04364
 -0.28831
 -0.375738
 0.182208
 -0.808207
 0.800953
 -0.283811
 -0.0376859
 -0.44489
 0.488752
 -2.72875
 0.744755
 -0.137273
 -0.324053
 -0.362856
 -0.153328
 -0.514532
 -0.191351
 -0.938935
 1.40309
 0.986103
 0.702183
 0.575052
 0.412796
 -0.0808603
 1.28151
 -0.344908
 0.256473
 -1.5475
 1.25636
 -0.0847205
 0.173861
 0.201564
 -0.429828
 -0.147668
 0.024447
 0.0300925
 0.200602
 -1.10756
 0.758487
 0.0152802
 -0.65161
 -0.249785
 1.0962
 0.17887
 0.762322
 -0.393723
 1.29698
 -0.38634
 0.555412
 -0.280338
 0.349042
 -1.42709
 -0.162757
 0.4594
 -1.14544
 -0.493455
 -0.298819
 0.92582
 -0.298584
 0.982508
 -0.0214671
 0.88184
 0.316452
 0.437322
 -1.13637
 0.510605
 -1.09285
 0.355977
 -0.936858
 0.161847
 -1.08053
 0.445614
 1.28371
 -0.268694
 0.331037
 0.775906
 -0.0544778
 -1.18755
 0.888858
 0.264829
 0.174712
 0.0482449
 -0.579224
 -0.839159
 -0.277252
 0.343607
 -0.772352
 0.760195
 -0.728472
 0.767721
 0.396851
 0.355519
 0.0139567
 -0.0701127
 0.276669
 0.809689
 -1.38492
 0.153138
 0.837941
 -1.32644
 -0.390379
 1.38706
 -0.620459
 0.0495862
 -0.312079
 0.0554725
 -0.0302929
 -0.107235
 0.157301
 -0.119002
 0.120086
 0.980923
 -0.992252
 0.762858
 -0.852805
 0.60871
 0.346888
 -0.230318
 0.0901942
 -0.780894
 0.699153
 -0.476308
 0.491497
 -0.306287
 0.164338
 0.97656
 -0.400569
 0.208827
 -0.591806
 0.702437
 -0.785335
 -0.255539
 -1.06991
 0.0324366
 0.921186
 0.19136
 1.19031
 -0.591019
 1.29488
 -1.92555
 0.352206
 0.870958
 -0.286755
 -0.64723
 0.403032
 -0.458226
 -0.0748093
 -0.434892
 0.0813185
 0.381952
 1.72747
 -0.516889
 0.092533
 1.321
 -0.329808
 0.420961
 1.02846
 -0.653533
 -0.718083
 -0.0962574
 0.409228
 1.52505
 -1.80867
 0.84787
 0.627817
 -0.00630262
 -0.315738
 -1.15017
 -0.0619558
 0.313482
 0.67717
 0.430039
 -0.205599
 -0.504511
 -0.0644449
 -0.130511
 -0.789354
 0.0871378
 0.0142502
 -1.24061
 1.60634
 -0.248969
 0.27592
 0.963675
 0.068825
 0.979439
 -0.374619
 0.412072
 0.192424
 0.364598
 0.190659
 -0.301647
 -0.548891
 -1.09643
 0.223422
 -0.231483
 1.33712
 -0.243921
 -0.0822406
 -0.368869
 0.317256
 -0.202315
 0.491298
 -0.663703
 0.125994
 0.138904
 0.686212
 -0.259997
 -0.67227
 -0.238792
 0.714518
 0.0131985
 -1.25464
 0.564502
 1.70332
 -0.354495
 0.577383
 0.0787049
 0.124954
 0.82785
 0.79047
 -1.29841
 0.326715
 -0.624733
 -0.0569524
 -0.152665
 -0.420773
 0.370817
 -0.753976
 -0.538574
 0.274662
 0.0515319
 -0.00750602
 0.923134
 0.517362
 -0.529721
 0.0565901
 -0.570616
 -0.169785
 0.858233
 -0.531132
 0.346417
 0.529494
 -0.28254
 1.76408
 -1.4729
 1.26827
 -0.722434
 -0.898741
 0.597762
 0.137714
 0.081726
 0.447922
 -1.49253
 0.644848
 -0.184194
 0.607423
 1.40445
 -0.997829
 -1.073
 -0.175327
 -0.61056
 0.197712
 0.636975
 0.127105
 0.253736
 -0.414091
 0.687345
 0.517907
 0.0740194
 0.118391
 0.104284
 -1.05607
 0.388507
 0.436853
 0.0129487
 1.17826
 -1.00023
 0.156683
 -0.634465
 0.65391
 -1.37303
 0.781095
 -0.82615
 -0.0719714
 -0.0485913
 -1.1513
 1.158
 0.216829
 -0.0703814
 0.0174531
 0.384661
 -0.508239
 -0.44444
 0.489048
 -0.244774
 0.967651
 0.796576
 0.867108
 -1.09107
 1.51732
 1.0535
 -1.22092
 -0.301726
 -0.876904
 -0.322419
 0.0496039
 0.100811
 -0.0218012
 0.19738
 0.390808
 -0.0171892
 -0.357315
 0.353758
 0.491354
 -0.545884
 -0.315675
 -0.0724147
 -0.303577
 0.314618
 0.0701156
 0.555228
 -0.682027
 0.436239
 -0.0549298
 0.888518
 -0.836966
 -1.67139
 1.40349
 0.761618
 0.192264
 -0.545318
 -0.252096
 0.71764
 -0.246263
 -1.61527
 1.19877
 -0.959303
 0.402624
 0.547364
 -0.216249
 1.37805
 -0.683624
 0.431146
 -0.715304
 -0.263069
 -0.440437
 -0.0131811
 -0.165576
 0.115119
 -0.213586
 -0.150908
 -0.793152
 0.851332
 -0.556236
 -0.836714
 2.42255
 -0.253195
 -1.17164
 0.903224
 0.860986
 0.23486
 -0.674405
 0.14699
 -0.203056
 0.313645
 1.06562
 -0.532193
 0.815652
 -1.10136
 1.07537
 0.012482
 -1.12963
 -0.135114
 0.673361
 -0.0282358
 -0.0650833
 -0.383689
 -0.409228
 -0.157958
 0.943814
 -0.628757
 0.0531109
 0.603046
 -0.121588
 -0.664295
 -0.0571983
 0.764858
 0.463138
 -0.379525
 -0.774189
 -0.687168
 -0.220153
 -1.09393
 1.59746
 0.0665277
 0.299765
 -0.39867
 -0.13381
 1.48621
 0.728053
 0.108765
 -0.944334
 0.55805
 -0.122226
 0.670596
 -0.793644
 0.764427
 0.423272
 0.899883
 -0.88303
 -0.620094
 -0.77031
 1.54349
 -0.478003
 -0.75652
 0.579537
 -0.0834028
 0.192223
 -0.106703
 -0.3811
 0.385118
 0.828534
 -0.813208
 0.863
 -1.03713
 -0.711213
 0.506509
 -0.60003
 -0.599384
 0.604309
 0.10152
 -0.321702
 1.50602
 -0.330236
 0.338923
 -0.462247
 0.0554468
 -0.624175
 0.599341
 0.108785
 -1.07131
 -0.286695
 -0.0179327
 0.35028
 0.001096
 -0.257071
 0.396775
 0.669165
 0.708084
 0.22227
 0.508537
 0.760893
 -0.159038
 -0.382123
 1.07249
 -0.0462354
 -0.290436
 -0.265765
 0.213017
 1.383
 -1.50551
 0.563815
 0.607706
 -1.10903
 -1.03386
 0.476629
 -0.539756
 -0.390553
 0.341036
 1.07449
 -0.569336
 0.338984
 -0.134148
 0.564669
 -0.302864
 -0.807995
 0.531414
 -0.471429
 0.144747
 -1.24796
 0.513368
 1.06347
 -0.235966
 -0.0486543
 0.0825863
 -0.247
 -0.0728256
 0.462059
 -1.54576
 -1.329
 0.381347
 0.680309
 -0.0554414
 -0.487184
 -0.325405
 0.277117
 0.77923
 0.524747
 -0.946662
 0.536456
 1.256
 0.874608
 -0.909136
 -0.74837
 1.16288
 -0.335263
 -0.194096
 0.236656
 -0.0962292
 -0.143732
 -0.0264563
 0.130133
 -0.378432
 0.232132
 0.392811
 0.900197
 -0.237297
 1.41406
 -0.530133
 0.534396
 -0.712253
 0.436152
 0.087157
 -0.316465
 -0.525509
 0.36504
 -0.726439
 -0.736641
 0.290692
 -0.140097
 0.12599
 -0.163599
 0.552397
 -1.05421
 1.25805
 -0.626943
 0.507689
 0.0466653
 -1.04053
 1.48873
 -0.641227
 0.439947
 -0.966303
 -0.123254
 -1.05337
 0.30942
 0.358557
 -0.858413
 1.48455
 -0.0278814
 -0.345855
 0.602238
 0.534693
 1.497
 -0.0132865
 0.461306
 -0.485152
 0.121588
 -0.0323476
 0.436509
 -0.181606
 -0.829876
 0.815785
 -0.206176
 -0.1273
 0.675223
 0.714227
 -0.741665
 0.271802
 0.412626
 -1.33126
 0.459722
 -0.991151
 0.232456
 -0.884159
 0.710672
 0.46109
 0.300626
 -0.173288
 -1.23834
 0.309884
 -0.880202
 0.713607
 -0.432816
 0.259506
 -0.359778
 0.0684199
 -0.00368514
 0.154626
 -0.333804
 1.08294
 -0.812614
 -0.406351
 0.837458
 0.694328
 -0.737996
 0.10299
 -0.334642
 0.686393
 -0.890658
 -0.473463
 0.151485
 -0.442476
 0.0097521
 -0.380425
 0.298586
 0.493348
 0.724716
 0.558303
 -1.47173
 0.241285
 0.816455
 -0.264591
 -1.5634
 1.67789
 -0.295107
 0.612799
 -0.0462773
 -0.186452
 -0.142254
 0.0334181
 -0.834699
 0.803412
 -0.675454
 -0.0756067
 0.498106
 1.68227
 -0.338739
 -0.529245
 -0.474701
 -0.507279
 0.0967195
 0.614595
 -0.727933
 0.546747
 0.758048
 -0.697692
 -0.0811498
 -0.174054
 -0.407981
 2.13071
 -0.66639
 -2.1975
 1.48495
 -1.61073
 -1.07502
 1.04048
 -0.167244
 0.92531
 0.621497
 0.700226
 -0.559875
 -0.245727
 0.356586
 0.051105
 0.651675
 -0.0652651
 -0.869611
 0.453189
 0.0117795
 -0.224792
 -0.111567
 -0.274883
 0.474918
 0.206858
 0.697091
 -0.0581117
 -0.207896
 -0.043787
 -0.378262
 -0.568935
 0.481268
 -0.166491
 0.340288
 -0.109619
 0.593012
 0.00805445
 0.650262
 0.132278
 -0.638697
 -0.226547
 -0.471603
 -0.0133883
 0.0108078
 0.303747
 0.141073
 -0.103892
 -0.127338
 -0.318652
 0.528736
 -0.829711
 -0.0524041
 -0.397286
 -0.673792
 0.510304
 0.104527
 0.778571
 -0.304796
 0.511391
 0.475913
 0.735294
 0.482603
 -0.0140003
 -0.650283
 0.63093
 -0.22125
 -0.250412
 -0.410149
 0.0203508
 0.273811
 0.827561
 -0.11327
 0.0555694
 0.26439
 -0.140971
 0.868138
 -1.38848
 -1.58473
 1.70531
 -0.0177103
 0.707424
 -0.312368
 -0.747045
 0.69074
 -0.0350433
 -0.38898
 -0.00958925
 0.821441
 -1.80361
 0.767046
 0.414122
 -0.472634
 -0.359306
 -0.145031
 0.863125
 -1.30659
 0.963874
 -0.245544
 -1.86928
 1.25856
 -1.00845
 0.545254
 -0.154547
 -0.29203
 -0.483993
 0.729974
 -1.54494
 1.13528
 -0.17184
 -0.409561
 -0.185428
 0.185219
 0.18508
 0.134468
 0.264806
 -0.0744861
 -0.123554
 -0.372063
 0.316726
 -0.421202
 -1.09998
 0.436748
 -1.10073
 1.12256
 0.172494
 1.68646
 -0.544464
 0.673661
 0.567676
 -0.873612
 -0.209555
 -0.0508195
 0.861031
 -0.970167
 0.0137413
 0.233372
 -0.0472832
 -0.396712
 0.871822
 -1.04236
 -1.02576
 0.261038
 0.0184268
 -0.302327
 0.596349
 0.0502477
 0.158247
 1.07623
 -0.784359
 -0.464246
 0.536933
 -0.647863
 0.597399
 -1.04623
 0.0343772
 -0.416628
 -0.137077
 0.386492
 1.6031
 -0.67011
 -0.375214
 -0.00952475
 -0.015107
 0.612894
 -1.0629
 -0.315331
 0.406251
 -0.384506
 -1.29241
 0.511418
 -0.582209
 1.13827
 -0.16421
 -0.0622624
 0.198236
 -1.32801
 1.68584
 -1.45081
 0.50459
 0.419929
 0.462087
 -0.631955
 0.010493
 -0.0287991
 0.354445
 -0.582933
 -0.753123
 0.638306
 -0.39339
 0.108942
 0.35378
 -0.721171
 0.277053
 -0.566294
 1.19164
 0.270025
 -0.623964
 -0.178279
 -0.0951903
 0.289692
 -0.0398512
 -0.806096
 -0.380323
 -0.92505
 0.00217286
 0.358186
 0.377549
 0.463529
 0.884664
 0.279063
 -0.2746
 0.363425
 -0.142079
 -1.27723
 0.477582
 -0.577992
 -1.45185
 0.418591
 1.02513
 0.372177
 0.983862
 0.578426
 0.283257
 -0.105099
 0.460902
 0.268348
 -1.11688
 -1.10012
 0.0484131
 -0.44487
 -0.431808
 1.2097
 -0.265109
 -0.389397
 0.49516
 0.323529
 0.638298
 -0.720612
 -0.166877
 0.384212
 1.01387
 -0.999005
 0.55764
 -0.864757
 -0.598727
 0.134745
 0.642718
 0.57991
 0.612159
 0.280893
 -0.672551
 -0.527318
 -0.226711
 0.312038
 0.368981
 0.640354
 -0.405337
 -0.159339
 -0.207019
 0.302468
 0.208558
 -0.401265
 0.441739
 -0.134671
 0.470366
 0.494994
 -0.134656
 -0.37109
 0.515495
 -0.6551
 0.427545
 -0.435558
 -0.143948
 -0.934367
 0.373347
 1.30876
 -0.100838
 -0.499202
 -0.393182
 0.160109
 0.118493
 1.08867
 -0.316131
 -0.846877
 -0.00989466
 -0.305605
 0.732778
 -0.283184
 -0.111138
 -0.128142
 0.0915127
 0.625393
 0.285141
 0.52141
 -0.521769
 -0.677287
 0.774348
 -0.213944
 -0.207584
 -0.768708
 0.479016
 -0.0808602
 0.335381
 0.12674
 0.519829
 0.00216522
 0.0274664
 -0.133029
 -0.447556
 -0.0288154
 -0.691816
 -0.564181
 0.244221
 0.70104
 0.618975
 0.112319
 -0.297386
 0.781463
 -0.675321
 0.895081
 -0.188781
 -0.0123633
 -0.00147252
 0.111459
 -0.831749
 1.26296
 -0.0390193
 0.24838
 -0.799819
 -1.5862
 1.29883
 -0.756856
 -0.0601757
 0.469821
 0.260956
 -0.504876
 1.05309
 0.0677239
 -0.121664
 -0.579338
 0.373556
 -0.552567
 -0.229356
 0.468678
 0.439203
 0.789145
 1.01954
 -1.10853
 0.325636
 -0.130438
 0.0242599
 0.291057
 -0.537728
 0.551495
 -0.838789
 -0.313949
 -0.308437
 -0.0568293
 -0.3482
 -0.114559
 0.332983
 0.00520476
 -0.494632
 -0.602349
 0.473826
 0.850937
 -0.13928
 -0.71733
 -0.770367
 -0.00356991
 0.646598
 0.145918
 -0.797042
 0.707621
 0.253851
 0.990134
 -1.08704
 -0.0713033
 -0.879037
 0.533169
 0.0221974
 -0.222261
 0.0474476
 -0.409677
 0.212463
 -0.653609
 0.700447
 0.0364269
 -0.457686
 -0.563712
 0.263173
 0.858612
 -0.17918
 -0.00127797
 -0.234235
 0.0123938
 0.20175
 1.19324
 -1.75978
 0.836164
 -0.163796
 -0.392465
 -0.00121047
 1.2089
 -0.25312
 0.524507
 -0.129877
 -0.693429
 1.16477
 0.720051
 -0.606417
 0.210535
 -0.394541
 0.158659
 1.05922
 0.0411712
 -0.724191
 -0.264111
 -0.70404
 0.45459
 -0.0129579
 0.410866
 0.724848
 -0.299629
 0.530277
 -0.155115
 -0.585728
 -0.0288838
 0.307463
 -0.485136
 -0.532653
 0.223225
 0.219333
 -0.328522
 0.765973
 0.582728
 0.243392
 0.307243
 0.552089
 -2.19708
 1.6353
 -1.07372
 0.0051848
 -0.072482
 -0.847554
 -0.233119
 0.444171
 0.801592
 0.463442
 -0.479066
 0.108894
 -0.866303
 -0.963694
 1.17679
 0.0774549
 0.181563
 0.484308
 0.164371
 -0.10573
 -1.34039
 0.58916
 0.428328
 0.38824
 1.13676
 0.255628
 -0.113814
 0.0360664
 0.526329
 0.275108
 0.774785
 -0.0690522
 -0.791704
 0.628243
 -0.46805
 -1.03085
 -0.156559
 0.119402
 -0.877381
 -0.319148
 0.584836
 -0.367067
 0.176448
 -0.18439
 -0.748894
 -0.234851
 0.682212
 -0.171949
 0.445244
 -0.93348
 0.774
 0.286341
 -0.873034
 0.605631
 0.356456
 0.0499508
 0.153777
 0.855919
 -0.296388
 0.161866
 0.507139
 -0.250501
 -0.622751
 -0.449899
 -0.114105
 -0.285245
 -0.335799
 0.467346
 0.502008
 -0.0791278
 0.615308
 0.120077
 -0.349237
 -0.405932
 1.03428
 0.0102106
 -0.672857
 -0.288715
 -0.147056
 0.000805788
 -0.0198409
 1.46972
 -0.175326
 0.516959
 0.965802
 -0.155367
 0.388244
 -1.48898
 -1.0524
 -0.38673
 0.0185282
 0.375447
 -0.983021
 0.326014
 0.382118
 0.188521
 0.534734
 0.484589
 0.269067
 -0.404967
 -0.8054
 0.202785
 0.711089
 -0.429172
 0.0380887
 -1.14151
 0.728791
 0.319314
 0.35881
 0.730644
 -0.190079
 0.525992
 0.406341
 -0.542869
 -0.448158
 -0.0143116
 0.11852
 -0.0750968
 -0.684358
 2.00834
 -1.67027
 1.05067
 0.542206
 0.353156
 -0.628691
 -0.618048
 0.147924
 0.111606
 -0.154137
 -0.375655
 0.135859
 -0.753288
 0.170368
 -0.263398
 0.796462
 1.11678
 -0.419186
 1.14345
 -0.740671
 0.259314
 -0.188852
 0.105284
 -0.109149
 -0.186521
 0.246049
 -0.864723
 -0.563444
 1.48827
 0.183312
 -0.18462
 -1.49881
 0.0402902
 -0.251936
 -0.488511
 -0.0805867
 0.562197
 -0.122965
 0.414578
 0.0517617
 0.938394
 -0.883581
 -0.158488
 -0.439135
 0.226925
 -0.0510316
 1.2071
 0.498928
 0.69166
 -0.0154443
 -0.191736
 0.11771
 -0.683513
 0.361508
 0.583147
 -0.248052
 -0.100826
 -0.0879982
 -0.0520718
 -0.141854
 0.159313
 0.0666303
 0.847607
 -1.23159
 -0.734009
 0.356222
 -0.118087
 0.621878
 -1.03166
 -0.152641
 0.644822
 0.936315
 -0.703149
 -0.510172
 -0.548534
 0.315333
 0.00492206
 1.43636
 0.0304504
 0.101559
 -0.174998
 -1.30454
 0.520322
 0.520878
 0.467181
 -0.439095
 0.0663559
 0.65487
 -1.06366
 0.765598
 -0.074869
 1.09031
 -0.58101
 -0.317796
 0.68175
 0.55854
 -0.72739
 0.0487659
 -1.00806
 0.288726
 -0.287056
 0.148142
 -0.22164
 -0.207459
 0.295205
 0.761719
 0.365606
 -0.272245
 0.19662
 0.38327
 -1.02841
 0.0848528
 0.357744
 0.0688484
 0.097767
 -0.355999
 -0.0701636
 -0.223624
 -0.0878655
 0.0697277
 0.480682
 1.37255
 -0.0415151
 -1.77077
 -0.31127
 0.816921
 -0.584548
 0.356296
 -0.15603
 0.305834
 -0.376924
 -0.0309238
 0.0652381
 0.177675
 0.883647
 -0.0835532
 -0.89258
 -0.295201
 0.690075
 -0.760693
 0.605582
 0.168521
 -0.129207
 -0.014345
 0.919196
 -0.834796
 -0.247323
 -0.494512
 0.967401
 1.01816
 0.142023
 0.821776
 -0.509265
 0.00706269
 -0.884769
 -0.51568
 -0.0963321
 0.13186
 0.487112
 0.3588
 0.849106
 -1.21826
 1.53251
 -0.138248
 -0.0288543
 -0.339062
 -0.252026
 1.26731
 0.0884018
 -0.1502
 -0.213283
 -0.688239
 -0.380379
 -0.382642
 -0.18456
 0.844308
 -0.855132
 0.625674
 -1.28963
 1.18108
 -0.646369
 0.521165
 0.112683
 -0.619883
 0.399797
 0.526357
 -1.32161
 0.637096
 0.146765
 0.333359
 0.246775
 0.0208556
 -1.18883
 -0.418227
 0.204083
 0.0532932
 -1.36689
 0.209511
 -0.829315
 1.03733
 0.106118
 0.459814
 0.407896
 -0.203246
 -0.0159799
 -0.839505
 1.53369
 -0.47005
 0.0930894
 0.30081
 -0.0376738
 0.916829
 -1.05747
 -0.125928
 0.080966
 -0.267974
 -0.267342
 1.22995
 -0.4186
 -0.0133969
 -0.689841
 -0.370187
 0.5715
 0.230572
 0.506345
 -0.656313
 0.366686
 0.0581936
 0.861902
 0.270221
 0.62751
 0.377843
 0.76974
 -0.614393
 -0.329012
 -0.422118
 -0.0467688
 0.199916
 0.527023
 -0.540344
 0.65967
 -0.687578
 -0.0838017
 0.409416
 -0.666465
 -1.42512
 0.737217
 0.141662
 0.357733
 -0.402938
 -0.557481
 0.922833
 1.32347
 0.102088
 0.354852
 -0.420672
 0.43085
 -0.20219
 0.465579
 -0.4444
 0.886534
 -1.08184
 -0.788276
 0.288124
 0.146684
 -0.087171
 1.1319
 0.165765
 0.41231
 -0.0195521
 -0.997497
 -0.10095
 -0.706223
 0.639353
 0.466263
 0.485598
 -1.25303
 0.331494
 0.337171
 -0.844736
 -0.220442
 -0.406892
 0.879689
 0.360398
 0.515533
 -1.40435
 0.336808
 0.19012
 -0.579678
 -0.517996
 -0.461443
 0.515722
 1.08326
 0.677828
 0.530252
 -1.13599
 0.572712
 0.0267029
 -0.491502
 -0.0274428
 0.134571
 -0.352057
 1.25898
 0.704147
 -0.792165
 1.05578
 -0.62995
 0.0871748
 -0.270076
 0.890134
 -0.752272
 -0.496262
 -0.525028
 -0.0769291
 -0.435684
 -0.0447052
 0.232709
 -0.17033
 -0.388544
 0.0736673
 -1.34607
 0.748861
 -0.837181
 0.422501
 0.197443
 -0.282651
 -0.979033
 0.102466
 0.674652
 -0.412229
 0.486044
 0.0719133
 -0.734671
 -0.295983
 -0.530167
 1.4958
 0.791254
 -0.876843
 -0.40442
 -0.104862
 0.516475
 0.578104
 -0.705609
 1.03642
 -0.128718
 0.405559
 -0.00819761
 -0.379443
 -1.03534
 0.206144
 0.651971
 -0.107993
 -0.321703
 0.082848
 -0.406465
 0.167786
 0.539186
 -0.382106
 0.277538
 -0.436233
 0.895969
 1.26901
 -0.477695
 0.163433
 0.117689
 -0.218096
 -0.667625
 0.448587
 -0.831705
 0.0352973
 -0.0552707
 0.685837
 -0.126902
 0.637518
 -0.461597
 0.0867931
 -0.360386
 -0.0519208
 -0.614314
 1.29646
 1.09015
 0.171507
 -1.1873
 -0.402906
 0.542188
 -0.00301911
 -0.553071
 0.0417475
 -0.472122
 0.938084
 -1.07607
 0.157786
 -0.196785
 0.797463
 -0.102131
 1.4873
 -0.0461667
 0.313862
 -0.972307
 0.324481
 -0.340472
 -0.30594
 0.960146
 -0.145443
 0.225417
 -0.645736
 -0.0409563
 1.0553
 -0.435032
 0.174505
 -0.131755
 0.560288
 0.189364
 0.509291
 0.150581
 -0.359151
 -1.23427
 0.28789
 0.105642
 0.440512
 -0.151444
 -0.199449
 0.00222137
 -0.0697215
 -0.893621
 -0.848535
 0.700156
 -0.1708
 0.673273
 0.870263
 -0.109001
 -0.0136013
 -0.426432
 -1.2774
 0.533035
 0.182957
 -0.556039
 -0.664857
 0.0679935
 -0.339518
 0.0476806
 -0.250756
 -0.473044
 1.1851
 -0.487522
 0.103865
 -0.506221
 -0.291993
 0.13162
 0.856997
 0.89063
 0.238922
 -0.122724
 -1.19016
 0.649167
 0.0312237
 -0.757855
 -0.0510491
 0.122545
 0.402565
 0.54
 -0.930768
 0.184102
 0.0968038
 -0.222773
 0.26491
 -0.841033
 -0.309555
 0.920334
 0.0383925
 -0.718916
 -0.290196
 0.214065
 1.19312
 -0.242139
 -0.579294
 0.787971
 -0.0559509
 -0.0734914
 0.0390454
 1.04972
 -0.858013
 0.414886
 0.0290812
 -0.0250487
 -0.549868
 -0.369329
 0.323681
 -0.200087
 0.303856
 0.200248
 -0.354658
 0.470893
 -0.106752
 -0.03398
 -0.168217
 -0.540528
 0.224575
 0.200945
 0.274024
 0.505379
 -0.50371
 0.326089
 -0.198354
 -0.53721
 -0.639867
 0.549191
 0.905809
 -0.959717
 0.797637
 -0.74077
 -0.61154
 -0.229624
 0.878291
 0.544367
 -0.0431974
 -0.957216
 1.26104
 -0.352361
 -0.653415
 0.06012
 0.556887
 0.0446844
 -0.0221312
 0.418447
 0.586404
 -0.124919
 -0.4744
 0.599912
 0.192161
 -0.125127
 -1.1385
 -0.263849
 -0.992445
 0.928933
 0.30754
 -0.37794
 -0.0631254
 1.16857
 0.105167
 0.627594
 -0.184041
 -0.530798
 0.319501
 0.250648
 -0.670403
 0.632057
 0.605537
 1.33426
 -1.94485
 0.990977
 -0.576858
 -0.348898
 0.887018
 -0.721434
 0.964345
 0.00229577
 -0.413144
 0.257635
 -0.209769
 0.762434
 -0.680813
 -0.375011
 1.29225
 -0.998726
 -0.724099
 -0.0897244
 0.260511
 -0.0680757
 -0.982669
 0.27474
 0.110207
 0.687603
 0.0744124
 -0.76928
 -0.387874
 0.651216
 -1.41945
 0.547763
 0.481458
 0.300149
 -0.237734
 -0.237689
 0.756164
 0.367253
 -0.305661
 -0.202918
 -0.2361
 1.23085
 0.320208
 0.326664
 -1.17518
 -0.13558
 0.243968
 -0.459037
 0.168168
 -1.23411
 0.57532
 -0.313977
 -0.555197
 0.156607
 0.0575336
 0.526436
 0.707146
 0.328392
 -0.41917
 0.502227
 -0.507696
 0.767425
 -0.657801
 0.580829
 0.830972
 0.550702
 -0.155782
 -0.409518
 -0.481373
 0.850946
 0.155435
 -1.00396
 -0.803825
 0.481192
 0.69394
 0.606794
 0.853971
 1.06462
 -0.666655
 0.0843489
 -0.945851
 0.0700054
 0.0158357
 -0.269714
 -0.435606
 -0.880308
 -0.0384085
 0.360627
 -0.658836
 -0.460873
 0.268143
 -0.0558358
 -0.0371143
 0.300283
 0.48093
 0.0321922
 -0.714122
 -0.430195
 1.15699
 0.166552
 -0.108487
 -0.542183
 -1.47156
 0.530225
 -0.441512
 -0.567051
 1.82184
 -0.765823
 1.56515
 -0.7253
 0.603868
 0.213422
 0.906419
 -1.0127
 0.318351
 -0.458422
 -0.292081
 1.05956
 -0.549682
 -0.644406
 0.87282
 0.107678
 -0.288757
 -1.18663
 0.463565
 1.03215
 0.312957
 -1.49969
 0.24275
 -0.938296
 -0.391604
 0.494301
 0.380344
 -0.483621
 -0.211054
 0.105726
 -0.112905
 0.125303
 -0.27042
 0.51565
 0.00361981
 -0.102654
 0.914983
 0.990034
 0.358959
 -1.03454
 -0.147368
 -0.520006
 -1.41977
 0.912934
 0.18473
 -0.459594
 -0.335429
 -0.40663
 0.908207
 0.423798
 -0.12036
 0.273489
 -0.0809765
 0.460855
 -0.0945601
 1.40325
 -1.48547
 -0.183637
 -0.0383855
 0.261888
 0.155423
 -0.0310177
 0.182692
 -0.238569
 -0.716234
 -0.400119
 0.353013
 -0.641676
 -0.379345
 0.154809
 0.921638
 -0.961086
 -0.373439
 -0.419941
 -1.17437
 0.693484
 0.0581109
 1.50868
 -0.895253
 0.707354
 -0.833657
 0.544258
 0.856524
 -0.942763
 0.481176
 -0.305446
 -0.593842
 -0.883586
 1.4031
 0.746079
 0.420438
 -1.19982
 0.262589
 0.237789
 -2.01467
 0.819348
 0.0287925
 0.701159
 -0.583397
 0.952557
 0.477989
 0.375091
 0.542859
 0.229883
 -1.08371
 -0.0514998
 -0.197004
 0.667328
 -0.341088
 -0.163349
 -0.537754
 1.72006
 -0.919429
 -0.209995
 0.112767
 0.494627
 -0.140386
 -0.353418
 0.455367
 0.117424
 -0.437502
 -0.0892196
 0.730671
 -0.603279
 -0.269526
 -0.196179
 0.750149
 0.384876
 -0.313986
 -0.182013
 0.176156
 0.249614
 -0.225617
 -0.451105
 0.0450417
 0.725218
 -0.971145
 0.725071
 0.27049
 -0.598745
 -0.0194087
 0.606441
 -0.973911
 0.800966
 -0.939321
 -0.251695
 1.72059
 0.573143
 -0.319926
 0.322289
 -0.274266
 -0.486117
 -0.351654
 -0.869093
 1.17917
 -0.118495
 0.761982
 0.787568
 -0.289979
 0.0368583
 0.0190557
 0.669935
 -0.528917
 -0.0474959
 0.232597
 -0.110614
 -1.13724
 0.619638
 -0.751512
 -0.0316699
 -0.489615
 0.713067
 -0.419942
 0.599859
 -0.419271
 1.49255
 -0.437696
 -0.333043
 -0.0203108
 -0.365666
 0.345923
 -0.0615401
 0.0160689
 -0.549826
 0.952155
 -0.588866
 0.374172
 -0.748945
 0.157217
 -0.937319
 0.195755
 -0.0963747
 0.235233
 -1.25442
 0.600563
 0.169514
 -0.22618
 -1.19717
 -0.113012
 -0.281018
 0.470073
 -0.15292
 -0.04731
 0.111097
 0.517666
 0.788676
 0.147192
 -0.293262
 -0.267224
 -0.403922
 0.136825
 0.177072
 0.390535
 0.0102034
 -0.122386
 0.330214
 -0.54333
 0.197079
 -0.805159
 -0.522623
 0.684606
 0.184884
 -0.44388
 1.45625
 0.725208
 1.4722
 -0.149918
 -0.649351
 -0.195118
 -0.369376
 -0.736415
 -0.533694
 -1.01388
 0.973654
 -0.247846
 0.44907
 -0.47036
 -0.660054
 0.408556
 -1.20238
 1.29892
 0.369412
 -0.475022
 -0.207141
 -0.0967504
 0.533611
 -0.767831
 -0.301539
 0.0282379
 0.048271
 0.718633
 0.249053
 -0.701222
 -0.0912198
 0.383141
 1.39878
 -1.61755
 -0.354377
 -0.441947
 0.528496
 -0.26491
 0.8839
 -0.336668
 0.707741
 -0.628089
 1.44804
 -0.745097
 -0.181478
 -0.578139
 1.05611
 0.633903
 -0.621963
 0.244731
 -0.877717
 -0.332717
 0.454954
 -0.160873
 -0.804186
 0.598837
 -0.0269316
 -0.173564
 -0.0702839
 -0.313134
 1.01394
 -0.899819
 -0.380607
 0.574012
 -0.324256
 1.06133
 -0.330495
 0.287258
 -0.764925
 -0.261676
 0.814064
 0.499317
 -0.47977
 0.245598
 -0.668563
 0.40512
 0.691193
 -0.700177
 -1.4488
 0.490721
 1.5742
 -0.0656867
 -0.088473
 0.363679
 0.535123
 -0.496944
 -0.254103
 -0.691055
 1.20759
 -0.595492
 -0.582103
 -0.416129
 0.777188
 0.62172
 0.878618
 -0.246632
 -0.173419
 -0.0349474
 -0.144396
 -0.653931
 -0.227038
 0.260917
 -0.98645
 -0.106092
 1.20483
 0.203507
 -0.593126
 -0.26509
 0.601342
 0.471696
 -0.0746799
 -0.683348
 -0.110118
 -0.141671
 0.955582
 0.0263528
 0.0284411
 0.0227875
 -0.0712463
 -0.325656
 -0.372969
 -0.140089
 0.270387
 -0.563075
 1.09539
 0.179438
 0.625664
 -1.03378
 0.254259
 -0.632098
 0.281468
 -1.41197
 0.640888
 1.23255
 0.0752285
 0.0945021
 -0.400254
 -0.218795
 0.13055
 0.130176
 0.746163
 -0.400557
 -0.524368
 -0.415025
 0.427358
 0.0758935
 0.130877
 -1.1788
 0.650467
 0.248103
 -0.0127893
 0.44743
 -1.4372
 0.658729
 0.084732
 1.34525
 -0.327427
 0.0312121
 0.218192
 0.466165
 -0.366596
 0.233199
 0.731507
 -0.0312287
 0.00561556
 0.585834
 -1.33385
 -0.54432
 0.525863
 -0.952809
 -0.0858509
 0.0353973
 0.23729
 0.973961
 0.0731001
 0.30912
 0.386415
 -0.090997
 1.17446
 -0.777223
 0.0577487
 -0.797563
 -0.337841
 -0.225509
 0.511673
 0.656359
 0.873756
 -0.448559
 -1.06229
 -0.574554
 -1.06841
 0.361558
 0.767595
 0.263656
 0.529594
 0.000353089
 -0.217934
 -1.06259
 -0.0901998
 -0.153743
 0.313239
 0.220614
 0.416422
 0.0611997
 -0.932201
 -0.962468
 0.649827
 -1.72974
 0.272809
 -0.88949
 0.721308
 -0.929906
 0.241073
 -0.363456
 1.86071
 -0.53962
 0.660306
 1.08244
 -0.693505
 1.25338
 -0.449439
 -0.160776
 -0.506104
 0.283021
 0.113611
 0.791991
 -0.693531
 -0.433405
 1.24747
 -1.66855
 1.23802
 0.850064
 -0.801427
 -0.912027
 0.96491
 -0.176045
 0.208245
 0.144425
 1.59568
 -0.915849
 -0.466065
 -0.227818
 -0.491475
 0.445225
 1.2241
 -1.18344
 -0.437022
 0.574042
 -0.0286976
 0.651174
 0.592728
 -0.758014
 -0.129577
 -0.456498
 1.51696
 -1.23246
 0.594736
 0.925414
 -0.154222
 -0.381757
 -0.289157
 -0.464469
 1.48867
 -1.00452
 -0.379384
 0.334059
 -0.998975
 -0.0246451
 1.09137
 0.661472
 -0.441405
