 0.0826543
 -0.0447351
 0.0737494
 0.0785388
 0.0505815
 -0.0625257
 0.0651603
 -0.041261
 0.112776
 0.0261791
 -0.034647
 -0.0962606
 0.069291
 0.223382
 0.0851497
 -0.0871893
 -0.000481287
 0.0197236
 -0.048036
 -0.147113
 -0.149447
 -0.040541
 -0.0448623
 -0.0852916
 -0.0608817
 0.0496328
 0.0873209
 -0.00330325
 0.0821231
 0.0214588
 0.0886227
 -0.0651827
 -0.0576847
 0.0838278
 -0.145116
 0.140543
 0.0651425
 0.0694087
 -0.102022
 0.0876195
 0.0787921
 0.192041
 0.0264785
 -0.0628902
 -0.00978739
 -0.168327
 -0.0673422
 0.0489678
 -0.0904877
 -0.0447601
 0.0925972
 -0.00861729
 -0.0740881
 -0.0431649
 0.00355775
 -0.0648812
 0.077106
 -0.12252
 -0.0533168
 0.091832
 -0.0398694
 0.0047151
 -0.025213
 0.0385113
 0.0208743
 -0.0168414
 0.102574
 -0.0302092
 0.103448
 0.106058
 0.0252265
 -0.106873
 0.151665
 0.0295345
 -0.165723
 -0.0572626
 -0.230595
 -0.197196
 0.0561416
 -0.0256331
 0.0259631
 -0.0541042
 0.079412
 -0.00556048
 0.182347
 -0.0401209
 0.002384
 0.0218035
 0.0724538
 -0.00245426
 0.143824
 0.0822709
 -0.0405602
 -0.0104128
 -0.00509926
 -0.0739787
 0.0457765
 -0.264738
 -0.0417764
 0.122873
 -0.0218524
 0.0283345
 -0.134789
 -0.220227
 -0.190624
 0.0164366
 0.0330074
 -0.135479
 0.0835321
 0.0743185
 -0.107569
 0.0835903
 0.0991833
 -0.0929775
 0.0384412
 -0.0979172
 0.094496
 -0.171467
 -0.000629903
 -0.212477
 -0.0345453
 0.00967618
 -0.0304643
 0.0292917
 0.0905862
 0.0480917
 -0.0381355
 -0.0283781
 -0.0510165
 0.18793
 0.0934156
 -0.111606
 0.00118435
 0.138542
 -0.0283207
 -0.046101
 0.00908004
 -0.0518256
 -0.158183
 -0.0614297
 0.00674516
 -0.0752616
 -0.0158446
 0.0539489
 0.0112112
 -0.0302472
 0.0462517
 -0.00696361
 -0.111437
 -0.00139281
 -0.143996
 0.0769525
 0.0168694
 -0.0351346
 0.10127
 0.0191027
 -0.0583724
 -0.0858596
 0.0162889
 -0.0752856
 0.0765804
 -0.15867
 0.0894347
 -0.185423
 -0.0179314
 -0.0181716
 0.0919585
 -0.0387179
 -0.205797
 0.0203789
 -0.132069
 -0.0388635
 -0.0788323
 0.0556588
 -0.116443
 -0.0651099
 0.0904656
 0.104775
 0.068455
 -0.0470214
 -0.0915152
 -0.0423757
 -0.0223304
 -0.0753005
 -0.151778
 -0.0570821
 -0.0672132
 0.0851517
 0.161002
 0.0352132
 0.0706385
 -0.0549225
 -0.0608542
 -0.051249
 -0.167047
 0.194108
 0.0165013
 0.106657
 0.176342
 -0.00665735
 0.161317
 -0.0889007
 0.0801919
 -0.0287085
 -0.148425
 -0.0512261
 -0.182187
 -0.0335302
 0.140201
 -0.0817386
 -0.0865411
 -0.0500822
 0.114085
 0.148066
 0.00448408
 0.0350373
 0.107732
 0.0935397
 0.160437
 0.00183468
 -0.0886677
 -0.00617231
 0.148063
 0.174477
 0.0292334
 0.0881998
 0.216025
 -0.108584
 0.142039
 -0.0536973
 -0.188221
 -0.053486
 -0.143417
 -0.0945915
 -0.11281
 0.132651
 0.0908321
 0.0656713
 -0.0604785
 -0.0526166
 -0.0376606
 0.104091
 0.101874
 -0.115941
 0.0495894
 -0.132038
 0.035537
 0.0499769
 0.0535099
 -0.15321
 0.0964218
 0.036996
 -0.0681368
 -0.082651
 -0.0229567
 -0.0896027
 0.139185
 -0.0126
 0.149134
 0.0826464
 -0.0650899
 0.0083496
 -0.0718326
 0.205356
 -0.0612862
 -0.102783
 -0.0286449
 0.158
 -0.1023
 -0.0175211
 0.110505
 0.176569
 0.0249908
 0.00743607
 0.0848289
 0.0213339
 -0.0172858
 0.00752131
 0.0195559
 0.164258
 0.0282567
 0.0385856
 0.196293
 -0.0803416
 0.0936891
 -0.000639372
 -0.0848637
 0.0294071
 0.0625414
 0.0624783
 -0.0794794
 -0.0971172
 -0.0735411
 -0.118167
 0.0266196
 -0.0130006
 -0.0192611
 -0.207266
 0.0386655
 -0.00552245
 -0.0123156
 -0.0677025
 0.0935106
 -0.0300913
 -0.0228153
 0.0696895
 -0.02406
 0.304799
 -0.0183101
 -0.144696
 -0.163664
 -0.06174
 0.0796361
 0.108231
 0.0742734
 0.0402234
 -0.0942122
 0.0833011
 -0.023629
 -0.103562
 -0.0949046
 -0.0652866
 0.0255818
 -0.248516
 -0.0605942
 0.148359
 0.0516231
 0.0598149
 -0.111864
 -0.0702613
 0.222582
 0.0362115
 -0.0837001
 -0.042881
 -0.0190842
 -0.140867
 -0.045488
 0.0926629
 0.0964896
 -0.0471118
 0.0610913
 0.148317
 -0.0888287
 0.0452041
 0.169338
 0.148332
 -0.0670698
 0.0178505
 0.0523127
 -0.0314172
 0.0860482
 -0.055815
 -0.0412758
 -0.0563313
 0.0890216
 0.0394093
 0.0636792
 -0.00785711
 -0.152219
 0.0546176
 -0.082135
 -0.181477
 -0.0513142
 -0.179734
 -0.0910504
 0.172383
 -0.15199
 0.209849
 0.0256861
 0.207454
 0.0747075
 -0.0617237
 -0.0327371
 0.0573497
 0.0702721
 -0.0826034
 -0.127051
 -0.159909
 -0.084925
 0.0844582
 0.00024321
 0.163689
 -0.0871422
 0.0518405
 -0.0487649
 0.0778418
 -0.123556
 -0.0326931
 -0.0364343
 0.150795
 0.243617
 0.0572577
 -0.0766404
 0.128713
 0.130581
 0.0798228
 0.164098
 -0.261408
 -0.143769
 -0.111803
 0.0288654
 0.0161043
 -0.00849341
 -0.0229961
 0.0290758
 -0.0418766
 0.05502
 0.0770688
 -0.047397
 0.030685
 -0.0493017
 0.0332588
 0.145826
 0.0889241
 -0.0797696
 0.0359956
 -0.0175848
 0.0196526
 -0.0293
 0.0203693
 -0.144402
 0.0317772
 0.0258803
 -0.120877
 -0.00429902
 0.175634
 0.0941475
 -0.000727431
 0.0912769
 0.234954
 0.0803732
 0.0239225
 -0.0446746
 0.0591206
 -0.00657426
 0.0721884
 -0.0974018
 -0.00561841
 -0.0197316
 -0.0812331
 -0.0569643
 -0.152353
 0.306237
 0.0488318
 -0.0161221
 -0.106743
 -0.124042
 -0.0588178
 -0.107573
 0.0987847
 0.0518849
 0.0033299
 0.0443427
 -0.0205308
 0.0945689
 0.0159135
 -0.110076
 0.0623738
 -0.0269684
 0.0168792
 0.0791237
 -0.0271703
 -0.000275616
 -0.143556
 -0.00125671
 0.0495328
 0.0562443
 0.151882
 -0.0250059
 0.129084
 0.0115521
 0.00958699
 -0.0103225
 -0.134472
 0.225978
 0.148799
 0.116066
 0.141677
 0.0673332
 0.0231494
 0.104298
 0.051724
 -0.0314653
 -0.0566262
 0.048999
 0.0789501
 -0.0069922
 -0.116574
 0.113231
 0.0137941
 0.0090595
 -0.0819578
 0.0986033
 0.0539404
 0.0972034
 -0.0311115
 -0.132507
 0.0678436
 0.0916961
 -0.0427814
 -0.203018
 -0.0429588
 -0.130341
 -0.0173052
 -0.0261237
 0.156497
 -0.00032815
 0.0259219
 0.138064
 -0.0980955
 -0.0210893
 0.0939198
 0.0752517
 0.234513
 -0.0234896
 -0.0291114
 0.0879289
 0.0452158
 -0.15859
 0.0712135
 -0.0233084
 -0.0602957
 0.0245521
 0.0595647
 0.0153099
 -0.0423469
 -0.0458315
 -0.0704589
 -0.00894464
 0.00921536
 0.0788023
 0.0192276
 -0.0582947
 0.0632591
 0.0224537
 -0.101383
 0.0113609
 -0.0584555
 0.216113
 0.020396
 0.207001
 -0.115433
 -0.0228935
 0.0225401
 -0.166848
 0.13557
 0.00228118
 -0.0343598
 0.0653646
 -0.0482053
 0.0711333
 0.0659426
 -0.0207426
 0.158092
 0.0914588
 0.0428654
 0.085291
 -0.0486104
 -0.0617863
 0.0502261
 0.181142
 -0.120086
 -0.0055157
 0.127566
 -0.0314636
 -0.0203259
 0.0981023
 0.00473717
 -0.0749239
 0.104741
 0.123383
 0.038589
 0.0200545
 0.0177051
 -0.120867
 -0.0400642
 0.0718987
 0.0757457
 0.157703
 -0.129748
 -0.132118
 0.0490136
 0.102715
 -0.00139543
 -0.107893
 0.067402
 -0.0485364
 -0.117029
 -0.122477
 0.0346405
 0.074097
 -0.137231
 -0.00681228
 -0.00437127
 0.053033
 0.0257188
 0.0453916
 -0.14097
 -0.0174202
 -0.155089
 -0.00715411
 0.012686
 -0.0268054
 -0.0615487
 -0.308619
 -0.101186
 0.0736224
 0.0308475
 0.288087
 0.0471811
 0.0507006
 -0.201527
 -0.0746628
 -0.0571014
 0.0834149
 0.127457
 -0.0189198
 -0.091921
 0.0375661
 -0.109608
 -0.126538
 0.0099871
 0.0237841
 -0.0910339
 -0.220169
 0.0581146
 0.163408
 0.0526716
 -0.18983
 -0.0145294
 0.117307
 -0.0707871
 0.0741966
 0.059169
 0.057877
 -0.138915
 0.172011
 0.0792949
 -0.0967473
 -0.0772703
 -0.104172
 0.164538
 -0.0192992
 -0.111176
 0.0394889
 0.0884245
 0.097442
 0.0939816
 -0.0665463
 -0.0815731
 -0.0745174
 -0.124714
 -0.0963627
 0.124972
 -0.0490034
 -0.0829403
 0.0439086
 0.102116
 0.0101174
 -0.142066
 0.145873
 0.176561
 -0.0721988
 0.064445
 0.0439813
 0.165984
 -0.0323611
 0.0364377
 -0.112613
 0.244563
 -0.162296
 -0.060251
 -0.0892237
 -0.097037
 0.0896129
 0.0407734
 0.0135445
 -0.0418834
 0.102105
 -0.0876135
 -0.111709
 0.0636659
 0.0760097
 -0.0801185
 -0.127924
 0.0436556
 -0.0961908
 -0.100799
 -0.153244
 -0.0480279
 -0.0960679
 -0.00961169
 -0.0150423
 -0.108649
 -0.155539
 0.301291
 -0.233194
 0.0325726
 -0.0189546
 -0.00675505
 0.00292711
 0.0145192
 -0.112397
 -0.0730825
 0.0159655
 0.0352832
 -0.0746942
 -0.00875949
 0.0390522
 -0.100028
 0.152613
 -0.0220087
 -0.0842222
 -0.0210509
 0.0506719
 0.182642
 -0.0699134
 0.0300714
 -0.135355
 -0.0951388
 0.079258
 -0.150502
 -0.112376
 -0.0122309
 -0.110905
 0.192006
 0.153769
 -0.198748
 -0.0484596
 -0.0287654
 -0.00666517
 -0.0623245
 0.0678092
 -0.00041425
 -0.0496559
 0.0163158
 0.0221584
 -0.0454757
 -0.0747538
 -0.0821856
 0.0171814
 -0.156578
 0.00490063
 -0.00225974
 -0.0737339
 -0.18701
 0.185091
 -0.0971092
 0.119908
 -0.188119
 -0.0115959
 -0.056497
 -0.032242
 0.0225521
 0.0636931
 -0.0469747
 -0.207853
 0.0698005
 0.0626159
 0.0527118
 0.061983
 0.0859665
 0.060527
 0.385586
 0.0432848
 -0.0959448
 -0.0117069
 0.039015
 0.140315
 -0.00499211
 0.131308
 -0.0967058
 -0.0207984
 0.0113903
 -0.046794
 0.116768
 0.0568864
 0.144333
 -0.081934
 0.0246512
 0.0181411
 0.0219701
 0.0838125
 0.0406347
 0.0278671
 0.13877
 0.0765448
 -0.0195514
 0.0780881
 0.139279
 -0.0431369
 -0.072452
 0.111932
 0.059566
 0.064207
 0.0819295
 0.0712557
 0.0242196
 -0.026385
 0.0477583
 -0.0506747
 -0.108171
 -0.0491239
 -0.217767
 0.0481043
 0.0125204
 0.128448
 -0.0865305
 -0.020704
 -0.105902
 0.110802
 -0.00298851
 -0.211658
 -0.1508
 -0.00243704
 0.0295878
 0.0742533
 -0.0916359
 0.184155
 0.0237048
 0.0213635
 0.0667955
 -0.0123901
 -0.186452
 -0.0645366
 0.000619875
 -0.100331
 -0.105101
 0.0532437
 -0.0536783
 -0.0442728
 0.0443414
 -0.169952
 0.0284419
 -0.13476
 0.0693782
 -0.123738
 -0.0342805
 0.00293719
 0.0421144
 -0.110023
 -0.057963
 0.206333
 -0.0228224
 -0.0550464
 -0.0986349
 0.0600299
 -0.0625151
 -0.0170554
 0.0590349
 0.0237539
 -0.0671736
 0.0235763
 0.0459363
 -0.00891262
 -0.0258648
 -0.0028585
 -0.0423836
 -0.0823138
 0.024247
 0.0622514
 0.114585
 -0.239815
 -0.00760719
 -0.0515632
 -0.0685723
 0.04619
 -0.0217912
 0.0716351
 -0.083095
 -0.0234194
 -0.02311
 -0.112447
 -0.0778646
 0.0171029
 0.0123373
 -0.0532601
 -0.0150587
 0.0227581
 0.101874
 0.0643408
 0.089272
 -0.0543342
 0.0499265
 0.075265
 -0.110658
 0.110361
 -0.0248073
 0.178906
 0.121061
 0.0391577
 -0.0476437
 -0.0232492
 0.0835467
 0.0375645
 0.0354469
 -0.165579
 0.12205
 -0.154244
 -0.00438717
 -0.0367721
 -0.0554035
 0.050642
 -0.0395974
 0.0597452
 -0.0873327
 -0.0315313
 0.00877544
 0.0689029
 -0.0219248
 -0.0510002
 -0.0588984
 -0.325713
 -0.0136501
 0.101921
 -0.0325967
 0.0883407
 -0.0119482
 -0.0254645
 0.0722844
 -0.134253
 0.0329912
 0.0425605
 -0.261967
 0.0247434
 -0.085921
 -0.126259
 -0.16984
 0.00147016
 0.110086
 0.101671
 -0.0301431
 -0.0110263
 -0.0667304
 0.00822971
 0.118295
 -0.11112
 -0.0411823
 -0.0112787
 0.139656
 0.069978
 0.11409
 -0.03292
 0.0373868
 -0.149685
 0.0904721
 0.0292032
 -0.218172
 -0.0885218
 -0.0576037
 -0.240723
 -0.00491035
 -0.068709
 0.0878374
 -0.0377173
 -0.254218
 -0.033738
 -0.0211188
 -0.0975172
 0.0125558
 -0.197418
 0.135282
 -0.151915
 0.040098
 -0.054092
 0.0341038
 0.0291434
 -0.0387085
 -0.0361427
 0.0309287
 -0.0433216
 -0.0188222
 0.132315
 0.00134156
 0.119537
 -0.0275239
 -0.0887315
 0.16204
 0.0272996
 -0.0031433
 -0.0943925
 0.0220886
 -0.0364291
 -0.0669413
 0.0919985
 0.0477614
 -0.175962
 -0.0282177
 0.0876861
 0.120025
 0.00710427
 0.0997098
 -0.164659
 -0.101542
 -0.100602
 -0.122518
 0.0647477
 -0.0347079
 0.15069
 0.0542871
 0.0653531
 0.0545888
 -0.0462807
 -0.0359509
 -0.0798347
 0.104955
 0.0168234
 0.0938859
 0.0900237
 -0.0327545
 0.0822355
 -0.0454367
 0.123485
 0.102604
 -0.049924
 -0.0231007
 0.0472644
 -0.129054
 -0.0649207
 -0.123762
 -0.234532
 0.149435
 0.0705784
 -0.0217986
 0.0406441
 0.00510745
 0.0583304
 0.0591995
 -0.011165
 -0.128107
 0.0217873
 0.0173384
 0.0446396
 -0.0450227
 -0.0492251
 0.0145223
 -0.00804156
 0.0475953
 -0.109824
 0.139974
 0.0861858
 0.0117126
 -0.0549726
 0.0617784
 0.0583248
 0.313049
 -0.0123458
 -0.1541
 0.162697
 0.13718
 0.00913671
 0.0313619
 0.108535
 -0.0670984
 -0.0764806
 -0.0850803
 -0.0149854
 0.00663312
 0.276789
 0.0238841
 0.133579
 -0.107825
 -0.0242911
 0.0737835
 -0.085885
 -0.0908821
 0.00225661
 -0.156358
 0.0956796
 -0.0664524
 0.0673854
 0.0530935
 -0.231283
 0.0549533
 -0.0348808
 0.111849
 0.0904869
 -0.0594038
 0.044489
 0.0176696
 0.0323228
 0.0716255
 0.0969109
 0.0329824
 -0.103092
 0.040571
 0.0536138
 -0.0777194
 -0.0572542
 0.131541
 -0.0806884
 -0.179874
 0.062577
 0.119685
 -0.0461322
 0.189519
 -0.0472135
 0.0811468
 -0.0347504
 0.139638
 -0.0538793
 -0.181749
 -0.0673601
 -0.089108
 -0.0248633
 -0.0450067
 -0.20328
 0.026868
 0.0178477
 -0.0365844
 0.0921041
 -0.0705312
 0.0218781
 -0.000504887
 -0.258202
 -0.0370843
 0.127083
 0.0263454
 -0.00872619
 -0.0185642
 0.0441478
 0.123191
 0.173108
 0.124531
 0.00781237
 0.0309978
 0.0844329
 -0.014099
 -0.0331377
 0.102914
 -0.115652
 0.0958664
 0.0393964
 0.235763
 -0.0832979
 0.096387
 -0.13143
 0.0344733
 -0.0920094
 -0.0797227
 -0.0970838
 0.131115
 -0.077176
 0.0122361
 -0.0696772
 -0.141567
 -0.145247
 -0.0640665
 0.015438
 0.0188688
 -0.0236715
 -0.128338
 -0.0379633
 -0.0206222
 -0.128875
 -0.157786
 0.00264999
 -0.0401648
 -0.0207144
 -0.0136799
 -0.0115747
 0.0750759
 -0.120446
 0.0120067
 -0.0104156
 0.10916
 0.0453574
 0.154678
 -0.0339189
 -0.276195
 -0.0486991
 0.0899149
 -0.112136
 -0.135386
 0.0028894
 0.061264
 -0.0802885
 0.181471
 -0.0250314
 0.0398357
 -0.114579
 -0.0246891
 -0.0215649
 -0.00052605
 0.0607718
 -0.114219
 -0.00794051
 -0.129919
 -0.122707
 0.059426
 0.034248
 -0.191032
 0.0983965
 0.0627971
 -0.135162
 -0.00269814
 -0.144273
 -0.0248631
 0.148986
 -0.12028
 0.0176475
 -0.0191026
 0.0184027
 0.0256258
 -0.00299795
 0.15152
 -0.136329
 -0.0501425
 -0.0131662
 0.0812612
 -0.109666
 0.0238309
 0.160909
 0.0864694
 -0.0239234
 -0.00879347
 -0.045363
 -0.214493
 -0.00960054
 0.0710428
 -0.101672
 -0.0441735
 -0.104069
 -0.0407556
 -0.0659567
 -0.0852828
 0.00530923
 -0.0453439
 0.0329608
 -0.123948
 0.151077
 0.0889962
 0.0971293
 0.0329717
 -0.0892584
 0.0928317
 0.0294491
 0.1867
 0.136989
 0.0234028
 0.041798
 -0.122193
 0.17336
 0.132152
 -0.0942118
 -0.0137731
 0.0389242
 -0.0674657
 0.0364216
 -0.118587
 -0.0404201
 -0.0914582
 0.0476228
 -0.074612
 0.123464
 0.0968076
 0.18688
 0.0459685
 0.118844
 0.0422829
 -0.0507155
 -0.106274
 -0.0653762
 0.14196
 -0.0309284
 -0.0119496
 -0.0095508
 0.00644449
 -0.0376708
 -0.0583898
 -0.132011
 0.137393
 0.0548777
 0.0950387
 0.0542267
 0.108147
 -0.0531752
 0.0494307
 0.125783
 -0.0825828
 -0.0638047
 0.159622
 -0.136131
 0.133319
 0.0866618
 -0.160733
 -0.0754022
 -0.0773299
 0.000805085
 -0.00301155
 -0.0917254
 0.162185
 -0.0124991
 0.018771
 0.0576301
 0.0294863
 0.0571733
 0.124524
 0.0997102
 -0.0522844
 -0.08389
 0.0702305
 0.037072
 -0.0031561
 0.104466
 0.0433047
 -0.0925698
 -0.0318451
 0.00932291
 -0.158645
 0.0466618
 -0.00335242
 0.0451878
 -0.0464247
 -0.0877082
 -0.341985
 0.140889
 0.0601014
 0.0287824
 0.0650413
 0.00309607
 0.079708
 0.118553
 -0.148778
 0.0615019
 -0.0461247
 0.059154
 -0.123827
 0.0443548
 -0.136259
 -0.0275152
 -0.00626197
 -0.111482
 -0.00288005
 -0.186167
 -0.0265449
 -0.0516344
 0.0769396
 0.151466
 0.100153
 0.0249765
 0.0750672
 -0.00376273
 -0.0773753
 -0.0189413
 0.139987
 0.130115
 -0.0299518
 -0.0682038
 -0.103654
 0.00866034
 0.0366696
 -0.0993836
 0.0783355
 0.0559505
 -0.0457732
 -0.117576
 0.0307312
 -0.0933629
 -0.0134234
 -0.043994
 0.0296685
 -0.0640615
 -0.0509245
 0.0192623
 0.0227493
 0.0635542
 -0.0516547
 0.0152255
 -0.153665
 0.0227661
 0.0835834
 0.0524503
 -0.0140127
 -0.142227
 -0.0702594
 0.0202212
 -0.0982264
 0.0773388
 -0.0196752
 -0.0616158
 -0.123678
 0.0259215
 -0.147271
 0.124592
 0.0324335
 -0.0184386
 -0.0385869
 0.20206
 -0.150492
 0.00738968
 -0.026709
 0.0416827
 -0.0584261
 -0.196023
 0.0314951
 0.0621116
 -0.0411578
 0.155379
 -0.106654
 -0.0362019
 -0.0961222
 0.0565409
 0.0431427
 0.124131
 0.082445
 -0.0334729
 -0.056021
 0.13712
 0.110429
 -0.000127199
 0.061639
 0.0888936
 0.0117884
 -0.0366125
 -0.144955
 0.0392074
 -0.0131789
 0.094256
 -0.0102912
 -0.11246
 0.000925102
 0.188717
 -0.190847
 0.171897
 -0.127578
 -0.232867
 0.0259996
 -0.0577059
 0.0795555
 -0.099981
 -0.072653
 -0.133995
 0.0199685
 0.00508623
 -0.131894
 -0.0562384
 -0.0283536
 0.120457
 -0.154613
 0.0172558
 0.111314
 -0.0077057
 -0.0786728
 -0.0285222
 -0.0703717
 -0.181707
 0.0518981
 0.0859594
 -0.00966483
 -0.0894755
 -0.00179576
 0.175269
 -0.06251
 -0.0507082
 -0.016605
 -0.0951298
 -7.88847e-05
 -0.10366
 0.0047159
 -0.0335337
 -0.0834069
 -0.0915
 0.0616468
 0.0524783
 0.0756344
 -0.0833939
 -0.124876
 0.0953022
 -0.106918
 -0.0351081
 0.150094
 0.0881355
 -0.107374
 0.153831
 0.11853
 -0.1416
 0.0736945
 -0.155259
 -0.239968
 0.0128591
 0.114571
 -0.100246
 -0.0489421
 0.0320423
 0.0377446
 -0.100623
 -0.0168699
 0.208389
 -0.102819
 -0.0768392
 0.0818709
 0.140436
 -0.0674676
 -0.0582541
 -0.0524186
 0.0891828
 -0.0653652
 -0.0581147
 -0.0929906
 0.0183091
 0.0687373
 -0.0885364
 0.00494626
 -0.135991
 0.0820688
 0.0870998
 -0.00403747
 -0.0135032
 0.0707128
 0.0265796
 -0.00285828
 0.0729824
 -0.069932
 -0.0424662
 0.0144273
 -0.133406
 0.0883284
 -0.0735266
 -0.0961615
 0.0467164
 -0.0366796
 -0.00970304
 -0.188451
 -0.0450826
 -0.140276
 -0.0369311
 -0.183872
 -0.0948135
 -0.10117
 0.064059
 -0.020059
 -0.021723
 -0.0765055
 -0.0832638
 0.0648739
 -0.0708174
 0.0173445
 0.0808077
 0.0650687
 0.0492351
 0.124577
 0.150805
 -0.0321359
 0.0487705
 0.0706385
 -0.0606738
 -0.0430617
 0.0327159
 0.209474
 0.108599
 -0.0437469
 -0.0723912
 -0.0170905
 -0.0924901
 -0.117443
 0.0380081
 0.0869635
 0.104135
 -0.176515
 0.0820485
 -0.113204
 -0.152205
 0.0269199
 -0.0457251
 0.0359476
 0.00254297
 -0.181727
 0.0849424
 -0.0143547
 0.0573172
 0.0151088
 0.0275617
 0.153941
 0.0320587
 0.0563059
 0.0410391
 -0.292156
 0.11867
 -0.0528338
 0.117859
 -0.152538
 -0.00618996
 0.0696274
 -0.0321977
 0.0611582
 0.153363
 -0.100566
 0.220931
 -0.111249
 0.0479208
 0.0774269
 0.0294413
 0.172139
 0.0743986
 0.0140316
 -0.0614807
 -0.00401346
 -0.0213858
 0.173955
 -0.0700107
 0.123528
 -0.00230251
 0.130344
 -0.0665622
 0.0391453
 0.0886276
 0.161664
 -0.0989077
 0.0128198
 -0.0607286
 -0.0709719
 -0.0693997
 -0.0227128
 0.104364
 0.103441
 0.0661108
 -0.140778
 0.0400323
 -0.0554476
 0.138276
 -0.00735368
 0.157546
 0.0637976
 0.0649429
 -0.0240058
 -0.0844335
 0.0253913
 -0.177587
 0.0345653
 -0.0222358
 0.0556286
 0.168205
 -0.0850477
 -0.0990111
 0.0407859
 0.281688
 -0.120671
 -0.0623662
 0.0557649
 0.0721628
 0.00640634
 -0.0187389
 0.0290173
 0.0581242
 0.0144109
 0.0103725
 -0.0353441
 -0.181803
 -0.0407852
 0.0331733
 -0.0668053
 -0.0286903
 -0.0264216
 0.154419
 -0.0516512
 -0.0568511
 -0.00333997
 -0.0109445
 -0.0997399
 0.0878585
 -0.00666681
 -0.158984
 -0.0471346
 -0.00247553
 -0.186023
 0.000269965
 -0.0267514
 0.0596957
 -0.048549
 -0.182372
 0.0166527
 0.031064
 0.0569757
 0.00591805
 -0.0965325
 0.133636
 0.031023
 -0.100358
 -0.0169141
 0.177388
 0.195801
 -0.103318
 -0.0798873
 -0.205979
 -0.0404067
 0.014605
 -0.0664973
 -0.036744
 0.167747
 -0.254981
 -0.11107
 -0.0950375
 0.00241428
 -0.00778316
 0.14791
 -0.0177191
 -0.106588
 -0.0321113
 0.187122
 -0.068373
 0.0352723
 -0.0107333
 -0.0713138
 0.135054
 0.0231963
 0.023973
 0.154367
 -0.0547821
 0.0566382
 -0.0802684
 -0.0514953
 -0.0871292
 -0.0411704
 0.0612111
 -0.00515497
 -0.1427
 0.0754377
 0.0165303
 0.0709877
 -0.0675247
 -0.040435
 0.185795
 -0.132539
 -0.0226158
 -0.110245
 -0.0955052
 -0.0309662
 0.0670183
 0.116734
 0.215707
 -0.0401882
 0.240061
 0.0210091
 0.00479251
 -0.179878
 -0.111248
 -0.123689
 0.0415262
 0.03467
 0.102752
 0.155471
 -0.118409
 -0.0785729
 -0.119325
 -0.146204
 -0.0933826
 0.0162594
 -0.0405249
 0.11215
 0.000453872
 0.21612
 0.0245542
 0.139063
 -0.0829311
 -0.00258318
 0.0316125
 0.0738877
 -0.0568428
 -0.134952
 0.11059
 0.0352856
 -0.0574637
 0.00876653
 0.0374192
 0.0460881
 0.0522151
 -0.176734
 -0.0458937
 0.00419868
 -0.0398243
 -0.000322925
 -0.135009
 0.238854
 0.0145385
 0.0806619
 -0.0514881
 0.0781258
 -0.16942
 0.0445372
 0.042026
 0.166062
 -0.0124059
 0.0738734
 -0.0107467
 0.06287
 -0.035718
 0.0615559
 -0.0674722
 -0.132559
 0.0638766
 0.174456
 -0.0700032
 0.138106
 0.0316101
 0.0694583
 -0.101355
 0.111862
 0.0826216
 -0.0805432
 -0.120721
 -0.0025508
 0.0995095
 0.00208239
 -0.126278
 -0.0245387
 -0.10857
 -0.109022
 -0.160156
 0.00276481
 0.0213311
 0.00801331
 -0.0579296
 0.257818
 -0.108488
 -0.0989766
 -0.207781
 -0.0503035
 0.0533322
 0.0561502
 0.146593
 -0.0929169
 -0.0269476
 -0.0469783
 -0.000104045
 -0.0435316
 -0.125645
 -0.0424415
 -0.0761605
 0.0534831
 -0.0277167
 0.138255
 0.158671
 -0.000594922
 -0.0124694
 0.152765
 -0.0678545
 -0.145125
 0.0109641
 -0.0966114
 -0.0850324
 0.110895
 -0.0384898
 0.0899982
 -0.0495076
 -0.123575
 0.114802
 0.0164614
 0.0708993
 0.12006
 -0.0990599
 0.021578
 -0.0737472
 -0.0276116
 -0.0547052
 0.0242285
 0.0424692
 0.0293816
 0.0941218
 -0.000838613
 0.0342234
 -0.101849
 -0.08346
 -0.093913
 -0.0330568
 -0.118125
 -0.0375493
 0.0870202
 -0.248882
 0.117508
 0.0221028
 0.105068
 -0.0991657
 0.0220851
 -0.0654712
 0.122418
 -0.0141592
 -0.0354624
 -0.00473605
 0.0714192
 -0.0705489
 0.0158243
 0.0977907
 -0.0312628
 0.123813
 -0.0424293
 0.0742141
 -0.115909
 0.175933
 -0.0535826
 0.064298
 -0.162036
 -0.0146971
 0.0670068
 -0.0249481
 -0.183334
 0.138488
 -0.184239
 0.135756
 -0.0897879
 -0.117732
 0.184181
 -0.0957672
 0.0952906
 -0.0923339
 0.241903
 -0.0752231
 0.0883308
 -0.0255471
 -0.102287
 -0.0197311
 0.218563
 0.114043
 0.0732553
 -0.00535836
 -0.0548632
 0.135962
 0.097045
 -0.104588
 -0.107705
 -0.062224
 0.0287115
 -0.0586647
 -0.0170314
 -0.020233
 -0.0800301
 0.0565472
 -0.0296953
 0.0706289
 0.0845746
 0.259812
 0.0934586
 -0.117345
 0.00332682
 -0.0621542
 0.0130802
 -0.164072
 -0.0757248
 0.00786779
 -0.0415923
 -0.0834613
 -0.00520114
 -0.11793
 0.021008
 0.0715753
 0.0550569
 -0.0739298
 0.0787286
 0.14113
 -0.317166
 0.0716449
 0.0879044
 0.137501
 0.0373676
 -0.209202
 0.0125683
 0.0510449
 -0.00719521
 -0.0986905
 -0.0966716
 0.0251558
 -0.0342482
 0.00898842
 -0.0837406
 -0.0813278
 -0.153025
 0.0468549
 0.0977979
 0.0426019
 0.101273
 0.0954838
 0.21924
 0.0712528
 -0.0274214
 -0.0692678
 0.0116907
 -0.0284712
 -0.123916
 -0.0584885
 0.0836756
 0.140088
 -0.000331967
 -0.0742962
 0.110536
 0.140465
 0.0946542
 0.0604592
 0.10006
 -0.0310618
 0.0793207
 -0.0901512
 -0.00807168
 -0.0992558
 0.0720479
 -0.133869
 0.21666
 0.0347214
 -0.086197
 -0.0198216
 -0.208837
 -0.0912842
 0.0281417
 -0.0946733
 0.0132333
 0.0105202
 -0.0698261
 0.102936
 0.0477026
 -0.154525
 0.210756
 0.0714523
 -0.0165114
 -0.200116
 -0.0665364
 -0.0434179
 -0.0288663
 -0.0358501
 -0.0340196
 0.138339
 -0.0753623
 0.0887749
 0.00907861
 0.148835
 0.106726
 -0.134456
 0.0350508
 -0.104888
 -0.0132074
 -0.0185807
 -0.0789369
 -0.119963
 0.0451198
 0.0172466
 0.113453
 -0.0750937
 0.0177466
 -0.096259
 -0.082894
 0.0474208
 0.0770717
 -0.0376548
 0.218981
 -0.0926387
 0.0931056
 0.0417105
 0.178891
 0.0851332
 -0.0802417
 0.0339586
 0.0397286
 0.0990769
 -0.168318
 -0.101305
 0.112808
 0.171379
 -0.0656783
 0.0775931
 0.0237654
 -0.0039992
 -0.042126
 0.0807415
 -0.0847761
 0.0181945
 0.0559489
 -0.0670826
 -0.00296162
 0.20049
 -0.130669
 -0.060423
 -0.159063
 0.161265
 -0.113799
 -0.0806732
 -0.0627044
 -0.128491
 -0.105609
 0.142339
 -0.0432454
 -0.0055695
 0.0323355
 -0.202621
 0.0679928
 0.119331
 0.0532754
 -0.0301441
 0.158678
 -0.0474727
 -0.107112
 0.0866869
 0.116905
 0.0343403
 -0.00633842
 -0.0262495
 -0.03141
 0.167679
 0.0390674
 -0.0195903
 -0.0984892
 -0.280482
 0.167649
 -0.0677697
 -0.0619336
 -0.184372
 0.0187993
 0.0555164
 -0.0585732
 -0.145322
 0.110595
 -0.0793722
 -0.0498595
 -0.0245812
 -0.0372907
 0.218264
 0.026861
 0.134176
 0.0335203
 -0.0811645
 0.00853542
 0.0100874
 0.0283
 -0.0225127
 -0.0315772
 0.044916
 0.026198
 -0.264462
 -0.0115983
 0.244199
 -0.0525495
 0.0256765
 -0.016724
 0.148723
 -0.138744
 0.0755763
 -0.10667
 -0.0163342
 -0.10736
 0.0752741
 -0.0652799
 0.16111
 -0.0128689
 0.116885
 -0.10201
 0.00842566
 0.101927
 -0.0978175
 0.0415151
 -0.0451895
 -0.0124304
 0.121266
 -0.046425
 0.05398
 0.0613866
 -0.0735873
 -0.0382674
 -0.0274171
 -0.0605777
 -0.0681973
 -0.00490727
 -0.225429
 -0.0538103
 0.25363
 -0.0775499
 0.0399154
 0.152773
 0.173223
 0.0599482
 -0.104938
 -0.00189915
 0.101069
 0.287142
 -0.099154
 -0.070963
 -0.0877277
 0.027308
 -0.174175
 -0.107595
 -0.0859751
 0.196179
 -0.0240705
 0.0614268
 0.218224
 -0.137718
 0.0844298
 -0.0618611
 -0.19537
 -0.205804
 0.135932
 -0.0960938
 -0.123923
 0.00711938
 0.101579
 -0.0942082
 0.0573633
 -0.11469
 0.0432793
 -0.107761
 0.204423
 -0.0551188
 -0.156457
 0.178424
 -0.0452925
 -0.068226
 0.0807071
 -0.148349
 0.132272
 0.0848808
 -0.126795
 -0.0155099
 -0.0627254
 0.0786762
 -0.0957843
 -0.193788
 -0.160435
 0.139923
 -0.0154666
 0.0757277
 -0.00784745
 -0.0564626
 0.0163326
 0.0828645
 0.0392112
 -0.0501474
 -0.0882066
 -0.0599844
 0.0573617
 -0.0810357
 0.013158
 -0.0475552
 -0.00189133
 0.180592
 0.0657539
 0.0675223
 -0.0938601
 -0.0533557
 0.0774007
 0.0287388
 -0.10818
 -0.0476146
 -0.201193
 -0.0634342
 0.165746
 0.0408252
 -0.00789321
 0.0785667
 -0.0162975
 -0.0778344
 0.0866255
 -0.0933574
 0.0846806
 -0.0458678
 -0.00148346
 -0.051604
 -0.0537397
 0.026845
 0.128085
 -0.0211574
 -0.0215986
 -0.0214332
 0.0339522
 0.102254
 0.133261
 0.106573
 -0.0813518
 -0.10465
 0.00225203
 -0.0657837
 -0.0223442
 0.0350844
 0.0654532
 0.247983
 0.0886563
 0.0849974
 0.214894
 0.0297364
 0.167912
 0.168318
 -0.0310196
 -0.0112911
 0.0650669
 0.0990522
 -0.0654177
 0.0733604
 0.0925219
 0.0278532
 -0.128752
 0.0712772
 0.0758771
 -0.13045
 -0.0654979
 0.0451547
 0.0538351
 -0.0703679
 0.000546128
 0.143181
 -0.0379007
 0.000707879
 0.0856231
 -0.149889
 0.111495
 -0.270985
 0.132209
 0.14417
 -0.144068
 0.010871
 -0.135753
 -0.080656
 0.142621
 -0.0773121
 0.0218827
 0.0771863
 -0.0840186
 -0.047991
 0.133633
 0.104153
 0.124012
 -0.080637
 0.152694
 0.0458269
 0.102643
 0.0440812
 0.000781859
 -0.225302
 -0.0804885
 -0.117634
 0.00826893
 -0.104031
 0.161072
 0.047078
 -0.0354066
 -0.0334058
 0.0276828
 0.0628682
 -0.0732823
 -0.18283
 0.016088
 -0.0118666
 0.0247045
 0.121736
 0.100201
 0.0949221
 -0.0160901
 -0.0886212
 -0.106672
 0.114024
 0.110697
 -0.0959445
 -0.0388926
 -0.00750403
 0.135726
 -0.0905571
 -0.0534038
 -0.08202
 0.00870346
 0.0650938
 0.0609052
 0.139242
 0.0968921
 0.121589
 -0.147723
 -0.161116
 0.1016
 0.12302
 -0.0558772
 0.21898
 -0.0552338
 0.0710497
 -0.152973
 -0.0487401
 -0.00654116
 0.0305121
 0.122157
 0.00545693
 0.0807959
 -0.086166
 0.0446979
 0.128996
 0.0557301
 -0.086261
 -0.053662
 0.0626945
 0.0438778
 -0.142281
 0.08566
 -0.103678
 -0.149812
 0.108044
 0.0603729
 -0.0790683
 -0.0596495
 0.190863
 0.10359
 -0.066263
 0.0229585
 -0.141056
 -0.0407131
 0.0870457
 -0.0488398
 0.0959457
 0.176269
 0.0480694
 0.0152262
 -0.071249
 0.0906561
 -0.243305
 0.0743891
 -0.0411889
 0.00714582
 -0.0624142
 0.0669853
 -0.128436
 0.00496567
 0.0572486
 -0.071628
 0.0305242
 -0.181085
 -0.0318962
 0.0666592
 0.0118685
 -0.0928501
 -0.0832108
 -0.0724256
 -0.10485
 -0.0817009
 -0.0526352
 -0.119079
 -0.16498
 0.0473097
 0.0692821
 0.144801
 0.339831
 -0.0658171
 -0.0127956
 0.00756214
 0.0529185
 -0.0748569
 0.0442853
 -0.119599
 -0.175114
 0.0490181
 0.113371
 -0.0734621
 -0.146668
 -0.0192101
 -0.0370109
 0.0311653
 0.0672475
 0.128123
 -0.0472488
 -0.215426
 -0.0298221
 -0.0655368
 0.00621586
 -0.00138211
 0.0803838
 0.163616
 0.167325
 -0.0335408
 0.0987324
 0.077946
 -0.191032
 0.28135
 0.00104896
 -0.0115688
 0.155163
 -0.171755
 0.0780998
 -0.135108
 0.100913
 0.0388455
 -0.087785
 0.000373641
 -0.122817
 -0.0059346
 0.00682119
 -0.193047
 0.129504
 -0.0611452
 0.12036
 -0.0951043
 0.0170001
 0.170432
 -0.170153
 0.0547697
 -0.0676526
 0.0493894
 -0.109972
 -0.0150851
 0.028135
 -0.127023
 -0.0500347
 0.0459905
 0.109119
 -0.0207217
 0.143887
 0.165897
 0.0117795
 -0.142561
 -0.142612
 -0.15174
 -0.14223
 -0.131116
 0.052008
 -0.104441
 -0.0698962
 -0.176733
 0.078483
 0.03877
 -0.122731
 0.134937
 -0.19085
 -0.0638776
 0.0926008
 0.08933
 0.0354557
 -0.00520852
 0.0335927
 0.212865
 0.0264491
 -0.0288934
 0.0594591
 -0.119851
 -0.00796384
 -0.00983685
 0.152862
 -0.125023
 0.0651658
 0.039685
 -0.14881
 -0.102758
 -0.122515
 0.133774
 -0.0258792
 0.0456927
 -0.173921
 0.0788208
 0.0324627
 -0.121826
 0.0691125
 0.0413721
 -0.0573867
 -0.117876
 0.0679959
 0.02456
 -0.176187
 -0.0379496
 0.0090771
 0.10866
 -0.0485299
 -0.070393
 -0.0719425
 0.00599672
 -0.163013
 -0.191592
 -0.162285
 0.1936
 -0.138041
 0.0493533
 -0.00745744
 -0.00306734
 0.0742474
 0.141753
 -0.029523
 0.0670885
 0.010248
 0.301216
 -0.0244547
 -0.0871888
 0.00206827
 -0.0994697
 0.091437
 -0.144868
 0.00520605
 0.0274611
 0.105049
 0.25425
 -0.0300935
 0.0848127
 -0.0309472
 0.0883121
 -0.137713
 -0.114951
 0.0629075
 0.103563
 0.149133
 0.239805
 0.0604316
 0.0260219
 0.15883
 0.0278967
 0.164838
 -0.0292084
 -0.0875247
 -0.000938187
 0.0723215
 0.0412265
 -0.0991738
 -0.14433
 -0.0340873
 0.118692
 -0.0412618
 0.0283034
 0.114019
 -0.326999
 -0.0386641
 0.220385
 -0.0477092
 0.0310899
 -0.0108512
 -0.0462042
 0.0768283
 0.0511645
 0.00589899
 0.0281273
 -0.0491666
 0.163686
 0.0178012
 -0.224424
 -0.137846
 0.00180153
 0.208783
 0.0093604
 0.117949
 -0.0125301
 -0.106307
 0.231272
 -0.0429704
 0.117964
 0.0531818
 0.00509454
 0.0894605
 -0.222101
 -0.107936
 -0.14838
 -0.00295619
 0.0665186
 0.15793
 -0.0905011
 -0.198705
 0.0879429
 0.0311502
 -0.0692088
 0.118799
 0.068862
 -0.106281
 0.00755617
 -0.0282671
 -0.066207
 0.0237475
 -0.0154361
 -0.096056
 -0.160127
 0.0939547
 0.174947
 0.0771648
 0.055418
 -0.200647
 0.0498425
 -0.0844519
 -0.0866357
 0.0995722
 0.0544514
 0.00966457
 -0.0797075
 0.0402732
 -0.229943
 -0.00410521
 0.156964
 -0.0827076
 -0.117814
 0.0444854
 0.0103746
 -0.222999
 -0.0370294
 0.0695199
 -0.0290654
 0.0419366
 -0.0413782
 -0.037632
 0.0685451
 -0.0468304
 -0.0570137
 0.122416
 0.0127783
 -0.131545
 0.0490922
 0.0921361
 0.227394
 0.0406428
 0.0731188
 0.0255834
 0.0350689
 -0.0320381
 0.0843883
 0.0203718
 0.0671629
 0.121943
 -0.0311156
 0.0414993
 -0.0692213
 -0.0584587
 -0.0681463
 -0.0238206
 0.0121586
 -0.0819432
 7.88654e-05
 -0.00483169
 -0.101945
 0.189196
 0.246277
 -0.130218
 0.045245
 0.0430886
 -0.0148144
 -0.000456939
 0.0614345
 0.0655969
 0.151272
 -0.0497321
 0.0186053
 -0.113044
 0.178262
 0.0386396
 0.0328165
 -0.1088
 0.0810213
 -0.125676
 0.0690069
 -0.161415
 0.0596797
 -0.0228358
 0.0598214
 -0.158451
 -0.14312
 0.0630521
 0.0683188
 0.103595
 0.0134244
 0.0298712
 -0.136868
 -0.148714
 0.122336
 -0.108386
 0.0247129
 -0.0707095
 -0.0117791
 0.135136
 0.0678022
 -0.0450197
 0.0902813
 -0.00818516
 0.079527
 -0.235525
 -0.0904793
 0.0193872
 0.0922513
 0.0510375
 -0.0952084
 -0.0233649
 -0.16151
 -0.0546773
 -0.0218507
 0.07142
 0.06583
 0.0203714
 0.0226523
 -0.095681
 0.0534992
 -0.231908
 -0.0200226
 -0.0335002
 0.0404411
 0.0724562
 0.16128
 0.0491933
 0.124962
 -0.141681
 -0.187815
 -0.111972
 -0.0201376
 0.132934
 0.0696816
 -0.0418376
 0.0248406
 -0.031484
 0.11452
 0.0264192
 -0.255709
 0.0514065
 -0.178396
 -0.0157853
 0.0135011
 -0.0440869
 -0.0890924
 0.131556
 0.0671901
 0.0351591
 0.0692332
 -0.0171791
 -0.234284
 -0.00913366
 0.0967213
 0.123433
 -0.0321805
 -0.0553972
 -0.0222911
 -0.0185098
 -0.0619987
 -0.0553283
 0.0492329
 -0.0351442
 -0.053937
 0.00298665
 0.15713
 -0.141729
 0.069659
 0.0662554
 0.129733
 0.0609066
 -0.0788958
 0.208999
 -0.0482694
 0.108409
 -0.0379514
 0.0804513
 0.0347911
 -0.0352892
 -0.133928
 -0.15041
 0.0231832
 -0.0532819
 0.0768256
 0.029677
 -0.0416302
 0.00445637
 0.11837
 -0.0344935
 0.0766926
 -0.0724644
 -0.0349917
 -0.0694414
 0.0265039
 0.0286832
 -0.00915093
 0.0688565
 -0.0108594
 0.196842
 -0.00981792
 -0.159211
 0.017848
 -0.0287809
 -0.0607373
 -0.0302156
 0.0636813
 0.0713535
 0.095882
 -0.0385804
 0.18072
 0.0609857
 -0.0433727
 -0.126732
 -0.0886254
 0.0154551
 -0.0712029
 -0.0132803
 -0.0518749
 0.240904
 -0.0121005
 -0.0432364
 0.0059586
 0.189706
 0.0129687
 0.127917
 -0.119564
 -0.0900868
 0.0998231
 -0.0140895
 0.00946058
 -0.00474148
 0.0306213
 0.0104252
 -0.0127832
 -0.0897672
 -0.0791777
 0.0723798
 0.00328781
 -0.0633519
 -0.0156265
 0.174594
 0.00949085
 -0.0244373
 0.283662
 0.0713134
 0.0421941
 -0.0195237
 0.14138
 -0.0218301
 -0.0157732
 0.0167523
 -0.0142957
 -0.0746548
 -0.0248284
 -0.0473156
 0.0627992
 -0.0948456
 -0.159047
 0.140593
 -0.0191388
 0.136905
 -0.16394
 -0.0504197
 -0.00509188
 -0.0561171
 0.0414786
 0.0931169
 -0.00925547
 -0.0288354
 -0.0158082
 -0.124194
 -0.227729
 -0.093327
 0.0384401
 -0.141908
 -0.143959
 -0.00140635
 -0.00702871
 0.00403605
 -0.143527
 0.081939
 0.036633
 -0.0909449
 -0.0936417
 -0.112942
 0.0380584
 0.0161972
 0.0974619
 0.154412
 0.106338
 0.0805349
 -0.0213638
 -0.191411
 0.0345915
 -0.0577332
 -0.0269989
 -0.0287983
 0.0278046
 -0.0075472
 0.0274211
 0.153167
 0.0105312
 -0.0112861
 0.0266901
 0.0354409
 -0.025105
 0.0808894
 0.0884138
 0.159005
 0.0831636
 -0.0535816
 0.18897
 -0.0517095
 0.0368186
 -0.0200423
 0.00611093
 -0.00429025
 0.099906
 -0.118564
 -0.142415
 0.0357925
 0.0432278
 -0.124053
 0.176376
 -0.12765
 -0.195939
 -0.0556626
 -0.0209723
 0.00384985
 0.0404214
 0.0558991
 0.0794871
 0.0745956
 -0.0208288
 -0.000511053
 -0.0611157
 0.0636518
 0.0798213
 -0.0190939
 -0.059187
 0.0121887
 -0.0240688
 -0.00293119
 -0.144482
 0.0392294
 0.107177
 -0.0521728
 0.0931338
 0.05494
 0.0957261
 -0.0854238
 0.00455574
 0.0807679
 0.118164
 0.0439118
 -0.0136555
 0.201198
 0.186373
 0.0222731
 -0.151286
 0.096157
 -0.100189
 0.205839
 0.0189866
 0.0839222
 -0.163918
 -0.00847612
 0.0341284
 0.00541642
 -0.0259543
 -0.0927646
 -0.0346158
 0.0754482
 -0.0755291
 0.200346
 0.131189
 0.149066
 -0.0989775
 0.0256425
 0.0162803
 0.113269
 -0.155627
 0.02308
 -0.0211183
 0.104804
 0.316441
 -0.164294
 -0.138528
 0.0715981
 -0.0170639
 0.0779843
 0.0359136
 0.0247549
 0.19583
 -0.0311776
 0.0141771
 -0.0403036
 -0.111564
 0.0428988
 0.0896865
 0.0864133
 -0.022253
 0.0811964
 0.0469673
 0.0222795
 -0.0277952
 -0.153526
 0.0262079
 -0.102603
 -0.105133
 -0.0620185
 0.118344
 -0.129382
 -0.0840658
 -0.123662
 0.21545
 -0.0627041
 0.0708553
 -0.0600268
 0.0080903
 -0.172341
 0.0176579
 0.241238
 0.123066
 -0.030985
 -0.0958139
 0.0454131
 -0.17019
 -0.104739
 -0.181434
 0.0825009
 -0.121699
 0.0546125
 -0.0141975
 -0.0272776
 -0.0413561
 0.097491
 0.161413
 0.0639941
 -0.0143125
 -0.0108392
 -0.0448612
 0.00887593
 0.244713
 0.118932
 0.261129
 -0.0326872
 0.178883
 0.0173628
 -0.140253
 -0.0355534
 -0.00347192
 -0.0151751
 0.123526
 0.0812973
 -0.0483489
 -0.0959864
 0.017338
 0.0394679
 0.125573
 -0.0674484
 0.0519176
 0.037887
 0.026723
 0.110646
 0.157572
 0.0240459
 -0.031779
 0.0456499
 -0.00932659
 0.0555336
 0.0247203
 -0.0165636
 -0.0111483
 -0.0987901
 -0.00170672
 -0.0633561
 -0.0705237
 0.177495
 -0.0322533
 0.0227404
 -0.117928
 0.0418511
 -0.0490935
 -0.121727
 -0.0303229
 0.0716313
 0.152513
 0.017553
 -0.113434
 0.075495
 -0.0421713
 0.0730361
 0.0304216
 -0.0731634
 -0.141856
 0.0502851
 -0.0116119
 0.163957
 0.0893515
 0.112878
 -0.0266528
 0.00223274
 -0.0574199
 -0.142858
 0.0217648
 0.12703
 -0.0816682
 -0.0896063
 0.196335
 0.106606
 0.051617
 -0.10305
 0.0679827
 0.173064
 -0.0230114
 -0.110569
 -0.0491482
 0.0704259
 0.060087
 -0.063151
 -0.0773058
 -0.0623873
 -0.0945806
 0.135223
 -0.0651981
 0.11264
 -0.0909817
 0.104356
 0.10224
 -0.0353212
 0.0383751
 0.0767233
 0.0684685
 -0.0228046
 -0.14968
 -0.173145
 -0.0386776
 -0.0792215
 0.029595
 -0.113517
 0.111588
 -0.198374
 -0.0137768
 0.0643644
 0.170861
 0.141734
 -0.0714972
 0.0501159
 -0.0225464
 -0.164904
 0.0596963
 0.100016
 -0.0962385
 0.141924
 -0.0102546
 0.17489
 0.005227
 -0.0498243
 0.071516
 -0.0150491
 0.0343248
 0.0235197
 -0.118389
 0.0761208
 -0.0838547
 0.0812747
 0.105766
 0.240004
 -0.0423028
 -0.156451
 -0.0895402
 -0.070022
 -0.0106095
 -0.137922
 -0.0332313
 0.0165464
 -0.0476101
 0.0456181
 -0.119097
 -0.117059
 0.105436
 0.134623
 -0.0441973
 -0.0205172
 0.0113965
 -0.0778665
 0.100145
 -0.133556
 -0.146646
 0.136991
 0.0509862
 0.0277634
 0.0451376
 0.0487234
 -0.0968345
 -0.159196
 -0.133471
 -0.0259136
 -0.0121825
 -0.0799783
 -0.0327416
 -0.0899611
 0.0257486
 -0.114371
 0.0770058
 -0.0101189
 -0.0203078
 0.077717
 -0.131086
 0.185999
 0.0183626
 0.0472509
 -0.0836073
 -0.103109
 0.255775
 -0.070157
 -0.02978
 -0.277337
 0.063524
 0.0426977
 -0.156414
 0.147489
 -0.127
 0.00983125
 0.0971848
 0.0320129
 -0.0450054
 0.0473664
 0.200852
 -0.096492
 0.122585
 0.061879
 0.280787
 0.130899
 -0.047687
 -0.171644
 -0.119185
 0.0462408
 -0.0431926
 -0.189818
 0.00646677
 0.120441
 -0.113632
 0.0744479
 -0.0453355
 0.0557829
 -0.0805227
 -0.0253919
 0.149071
 0.117259
 -0.0517816
 0.023908
 -0.126562
 -0.00985825
 0.16509
 -0.00735245
 0.046794
 0.0821692
 0.0668136
 0.00324806
 -0.0388849
 -0.0187417
 -0.0512629
 -0.00207087
 -0.157866
 0.0369295
 0.00807789
 -0.142011
 -0.00401523
 0.0167563
 -0.0800326
 -0.0739866
 0.0561089
 -0.055387
 0.131057
 0.0164931
 0.0881591
 -0.0899624
 -0.183081
 0.188411
 -0.188763
 -0.0828206
 -0.0275903
 0.0456465
 -0.206262
 0.0952553
 0.0629227
 0.0152591
 -0.164689
 -0.0607576
 0.0595007
 0.0839835
 -0.0734941
 0.0694649
 0.0131432
 0.0542458
 0.0669059
 0.1068
 -0.0606471
 -0.095283
 -0.162074
 -0.0409986
 0.0667275
 -0.091825
 0.00854127
 0.146118
 0.0343012
 -0.223037
 -0.0443408
 0.129768
 -0.172212
 0.0679718
 -0.00728592
 -0.137182
 0.0716965
 -0.0578719
 0.0913289
 -0.047947
 0.0884134
 -0.0194444
 -0.0378276
 -0.135985
 0.123444
 0.154456
 0.149285
 -0.133502
 0.00769969
 0.0491446
 0.119431
 0.00644338
 -0.0252112
 -0.042148
 -0.174139
 0.20503
 -0.0927359
 0.0364119
 -0.112463
 0.0805605
 -0.0166746
 -0.0999081
 0.0137951
 0.0518472
 0.0495079
 -0.183221
 -0.0502625
 -0.0867217
 -0.0631093
 0.161406
 -0.0340484
 0.0322295
 0.0527913
 0.101491
 0.137078
 -0.020548
 0.0289786
 -0.177766
 0.142795
 0.033016
 -0.0574419
 0.0483521
 -0.0739739
 0.0426899
 0.00702294
 -0.0678649
 0.0236596
 0.0978697
 -0.294068
 0.0961681
 -0.0127448
 0.00197151
 -0.135423
 -0.0151595
 -0.050023
 -0.050941
 0.00960372
 0.158617
 -0.145724
 -0.092929
 0.0249018
 -0.0353647
 -0.121673
 -0.210488
 0.0226008
 0.00234151
 -0.100471
 -0.00682195
 -0.157049
 0.10987
 -0.0485588
 0.0446967
 0.0391658
 0.139214
 0.0786968
 -0.0475546
 0.0777352
 -0.0154163
 -0.0244519
 -0.208155
 -0.0215991
 -0.0110851
 0.146567
 0.0440388
 0.0877347
 -0.119586
 0.0932633
 0.0780844
 0.0837776
 -0.194888
 -0.124526
 0.00801971
 0.199766
 0.181634
 0.168338
 -0.0692179
 -0.0404454
 0.0367724
 0.14928
 0.146395
 0.0437268
 0.0528079
 -0.200151
 -0.010252
 0.0500581
 -0.131631
 -0.0293482
 -0.0272744
 -0.0265148
 0.170056
 0.076549
 -0.0733491
 0.0252973
 0.15961
 -0.0337552
 0.0381272
 -0.0209238
 0.143741
 -0.0552512
 0.0532587
 0.00243618
 0.122732
 0.101486
 -0.0505905
 0.110617
 0.0340442
 -0.0644602
 -0.0533101
 -0.0148951
 0.195883
 0.0269648
 0.00667278
 -0.101641
 -0.121702
 -0.0252923
 -0.0318837
 0.0283625
 0.0427292
 -0.131815
 -0.00461915
 -0.015426
 -0.0462121
 -0.0508268
 -0.0951966
 -0.0481076
 -0.00908826
 0.0428861
 -0.081313
 -0.133542
 -0.129111
 -0.201018
 0.0676295
 -0.0895982
 0.0538168
 -0.0690595
 0.129727
 -0.079993
 -0.00204301
 0.0462613
 -0.0820794
 0.189378
 0.0314407
 -0.0151026
 0.172538
 0.0683539
 -0.18117
 0.0667695
 -0.305206
 -0.133879
 -0.0246702
 0.115699
 0.216487
 0.0299252
 -0.0245281
 0.122354
 -0.248385
 -0.0831116
 -0.0761309
 0.0561068
 -0.126311
 -0.042847
 0.104311
 -0.117604
 0.0443178
 -0.0697465
 -0.0209064
 -0.0533571
 -0.00254307
 0.180047
 0.133025
 0.0186191
 -0.138261
 -0.0914691
 0.0239879
 -0.0885128
 -0.0453556
 -0.246991
 -0.0467064
 -0.0215318
 -0.119338
 -0.0803087
 -0.183581
 -0.0501662
 0.0670946
 -0.00628273
 0.0849092
 -0.0344549
 -0.0642377
 -0.0502356
 -0.101579
 -0.028696
 0.00821883
 0.0929684
 -0.0012424
 -0.140843
 0.0858699
 0.0143367
 0.17388
 -0.0221692
 -0.0686133
 0.0113023
 0.172586
 -0.117797
 -0.0613653
 -0.0652485
 -0.0591572
 -0.0603602
 0.139999
 0.0129824
 0.042049
 0.094663
 0.0284257
 -0.0922788
 0.0729157
 0.305858
 0.0970066
 -0.0147549
 -0.0313693
 -0.0996883
 -0.107179
 -0.134502
 0.00574063
 0.0795256
 0.214723
 -0.131872
 0.0323869
 0.000195197
 0.0471002
 -0.0299633
 0.0657186
 -0.0920152
 -0.0177606
 -0.183788
 0.245818
 0.0874155
 0.0492645
 -0.00382053
 -0.0320152
 -0.113305
 -0.186712
 0.0947146
 -0.0977793
 -0.0104132
 0.211838
 0.060938
 0.0465416
 -0.0249167
 -0.288853
 0.0263038
 -0.0548944
 -0.0542246
 -0.0169348
 -0.156839
 0.0206213
 -0.0935591
 0.00559266
 -0.0351217
 0.0188682
 -0.00268016
 0.1432
 -0.0894885
 0.0588977
 -0.118535
 0.183523
 -0.011683
 -0.148689
 -0.107029
 0.0185549
 -0.017128
 0.00691045
 -0.129018
 -0.00551741
 0.0293408
 -0.0832463
 -0.280155
 0.14259
 -0.0775192
 0.0421493
 -0.154433
 0.0901242
 0.172026
 -0.0527926
 0.0366526
 -0.00271493
 0.102655
 -0.0703897
 -0.0853533
 0.0283611
 -0.121867
 -0.0734148
 0.0892949
 -0.0870667
 -0.134269
 -0.00204682
 -0.0396851
 0.0898242
 0.0245153
 0.0761895
 -0.000284627
 -0.067365
 0.023322
 0.0327609
 -0.123582
 0.117238
 0.159802
 -0.0701386
 0.0974569
 0.0822025
 0.0398152
 0.0894197
 -0.0651545
 0.0697695
 -0.0023691
 0.103306
 0.0963239
 -0.00565854
 -0.0202551
 0.0362434
 -0.0648013
 0.0247307
 -0.0601759
 -0.0446244
 -0.0397668
 -0.11342
 0.107968
 -0.0405102
 -0.00667351
 0.0539435
 0.01337
 0.0523017
 0.189947
 -0.0919131
 -0.161025
 0.146968
 0.123123
 -0.0501038
 0.0730469
 0.0914723
 -0.107273
 -0.259674
 0.0136833
 0.00995311
 -0.0200525
 0.109182
 -0.0558017
 0.0454991
 0.120935
 0.0198265
 0.0245629
 -0.193211
 -0.0287914
 0.0941602
 0.20257
 -0.024654
 -0.065229
 0.0198207
 0.0201138
 -0.129183
 0.036401
 0.166469
 -0.00503715
 0.0664118
 -0.137583
 0.177635
 0.0899997
 -0.014488
 0.151262
 0.195421
 0.0678394
 0.0512443
 0.0642703
 0.104268
 -0.126609
 0.256451
 0.194022
 0.187235
 -0.20544
 0.0329981
 -0.0615309
 0.173924
 0.143592
 -0.0665096
 0.0494583
 -0.0287246
 -0.113294
 0.0200938
 -0.0256547
 -0.113718
 -0.0401291
 -0.0127792
 -0.141917
 0.0728963
 -0.0581543
 0.0931911
 0.0687524
 0.142944
 0.0408684
 -0.0324404
 0.0885907
 -0.104453
 0.04819
 0.0346331
 0.20951
 -0.0723298
 -0.0177663
 0.0973016
 -0.101017
 -0.126857
 0.000486166
 0.148964
 0.176006
 -0.0870984
 0.0935032
 0.0471728
 -0.128785
 -0.000724563
 0.00552986
 -0.0273158
 0.0963217
 -0.115983
 0.0374529
 0.0125697
 -0.0372933
 0.116889
 0.0229478
 -0.0542991
 -0.138243
 0.0252538
 0.0143402
 0.125901
 0.300642
 0.0933921
 -0.0158763
 -0.0939563
 0.0709306
 0.0236698
 0.0945368
 0.0905747
 -0.14831
 -0.0560016
 0.0588782
 -0.0983717
 -0.042477
 0.138278
 0.0393964
 0.142298
 -0.0567198
 0.222202
 -0.128415
 -0.0249335
 -0.0872228
 0.0510794
 -0.117263
 0.0765043
 -0.191816
 -0.00270172
 0.0971941
 -0.0250304
 0.121845
 0.116993
 0.291127
 0.0292817
 -0.242359
 -0.0588825
 0.0650638
 -0.0139529
 0.0457334
 -0.149177
 0.047124
 0.0213467
 -0.047488
 0.0521669
 0.115732
 0.00936805
 0.0394563
 -0.0445756
 0.00345399
 -0.0263046
 -0.0414178
 -0.0349587
 -0.0991704
 -0.0969063
 0.127961
 0.0580905
 0.0167774
 -0.0656613
 0.271709
 -0.0340434
 0.00839095
 -0.0467823
 0.0543444
 -0.0742245
 0.0170987
 -0.114525
 -0.10552
 -0.00584948
 0.16357
 0.128063
 -0.0655344
 -0.00909425
 -0.0899223
 -0.133414
 -0.0943664
 -0.0422916
 -0.101169
 -0.0810104
 0.0762243
 0.0312405
 -0.0184953
 -0.154124
 -0.0565925
 0.0685802
 -0.0947589
 -0.0779326
 0.155864
 0.0662244
 -0.0765534
 0.0453896
 -0.0743506
 0.148739
 -0.0698181
 0.0891919
 0.23709
 -0.147989
 -0.0361635
 -0.0269959
 -0.0632549
 -0.0717274
 -0.251785
 -0.0782703
 0.0232882
 -0.0316455
 0.140234
 0.030483
 0.0998005
 -0.022113
 -0.0871821
 -0.0702373
 -0.155729
 -0.0561881
 0.0435146
 -0.116564
 0.200472
 -0.00104722
 -0.183974
 0.10443
 -0.0466143
 0.0967541
 0.0667429
 0.203328
 0.0532959
 0.01539
 0.0907031
 0.0606283
 0.163485
 0.140106
 0.0121545
 0.161154
 0.00946175
 -0.132785
 -0.0426766
 0.197997
 -0.150616
 -0.00173808
 0.128418
 0.0622126
 -0.130028
 -0.0373915
 0.126249
 0.133632
 0.0499786
 -0.124191
 0.305181
 0.0905731
 0.292845
 -0.0497189
 0.131295
 0.00496157
 0.0661564
 0.0917931
 0.123604
 -0.187023
 -0.120258
 0.0084443
 -0.0361051
 0.064034
 -0.0225233
 -0.0443038
 -0.0141883
 0.0473103
 -0.111946
 0.00531493
 0.115233
 0.00574898
 0.0149147
 -0.119568
 0.0984098
 -0.0768316
 0.0288844
 -0.0704688
 -0.00348628
 0.115228
 0.0276952
 -0.0336876
 -0.153416
 0.0413555
 -0.0469823
 -0.14742
 0.0802059
 0.194425
 0.0501935
 0.0812413
 0.0590586
 0.187297
 -0.0280399
 0.0981871
 0.018874
 0.0445075
 0.224515
 0.00231475
 -0.0694345
 -0.150993
 -0.159903
 -0.107749
 -0.0475898
 -0.0309297
 0.0309798
 0.000651317
 0.0340644
 -0.0962484
 -0.0354636
 0.183985
 -0.0100954
 -0.13689
 0.0635887
 0.164405
 -0.0457436
 0.030128
 -0.104915
 -0.0272955
 0.110515
 0.0791871
 0.0695331
 0.127397
 -0.0230847
 0.126154
 -0.0945727
 -0.0247339
 0.0121353
 0.0399799
 0.010282
 -0.183104
 0.0423014
 -0.121533
 0.09229
 0.0626858
 -0.0698899
 -0.126323
 0.0433696
 -0.0470911
 0.0290708
 0.149896
 -0.161264
 0.121144
 0.0406175
 0.0771159
 -0.022522
 -0.0658706
 0.120202
 -0.109054
 -0.0206482
 -0.0284125
 0.0115923
 -0.0878483
 0.05892
 0.0285528
 -0.196274
 -0.125411
 0.029134
 0.119851
 -0.121353
 0.254871
 0.0304878
 -0.0146927
 -0.0822855
 0.00545191
 -0.131115
 -0.140408
 0.0939843
 -0.187341
 0.1367
 0.102495
 0.104642
 -0.01379
 -0.0978117
 0.109012
 0.00637004
 0.0301379
 -0.0551592
 -0.0776268
 0.0972531
 0.102069
 -0.145235
 0.0044169
 0.00121575
 0.0594426
 -0.0646144
 0.110507
 -0.144532
 -0.0975493
 -0.0545526
 -0.107702
 -0.135854
 -0.039378
 -0.167785
 0.259054
 0.0683554
 -0.0362251
 -0.190796
 -0.0666455
 0.10518
 0.000343017
 0.079888
 -0.104699
 0.137266
 -0.142227
 0.032452
 0.0836896
 0.0767968
 -0.173841
 -0.0329346
 -0.0800252
 0.108754
 0.0522458
 -0.0959635
 -0.0565681
 -0.00197719
 0.0303892
 0.00564602
 0.081977
 -0.0333672
 0.0563669
 0.118713
 0.180585
 -0.109293
 -0.0486661
 0.182668
 0.155562
 -0.00750608
 -0.130753
 0.043041
 0.0743643
 0.154756
 -0.127781
 -0.0465858
 0.108682
 0.111736
 -0.131229
 -0.128352
 0.0320531
 0.0599955
 0.157992
 0.00313255
 -0.0788009
 0.0167703
 -0.0665284
 0.131569
 0.0620964
 -0.0663
 -0.0685029
 -0.0278267
 -0.152686
 0.168547
 0.075207
 -0.0917878
 -0.140707
 -0.0910259
 -0.0877023
 0.017649
 0.171468
 0.0597332
 0.18558
 -0.000349303
 0.116824
 -0.176692
 0.0372287
 0.00151933
 0.00377206
 0.160743
 -0.0451781
 0.0291996
 0.0259428
 -0.00243746
 0.0902941
 0.15404
 -0.134771
 0.0634463
 0.0292983
 0.0368793
 -0.197548
 -0.213984
 -0.0996357
 0.0902376
 0.0997469
 -0.000932475
 0.145905
 -0.0823983
 -0.104757
 0.0716883
 0.106437
 0.0797469
 0.113688
 -0.0237923
 0.060794
 -0.0155143
 0.00780953
 0.0345384
 -0.0410427
 0.170907
 0.0609558
 0.091794
 0.0292133
 0.158965
 -0.113151
 -0.046541
 0.14389
 0.0164134
 -0.0270804
 0.0971724
 -0.176676
 0.0230628
 -0.11085
 -0.15085
 -0.0557377
 0.0375995
 0.0998144
 -0.152
 -0.13226
 0.0364835
 -0.0901869
 0.0555622
 0.0107925
 -0.0360766
 -0.00158026
 -0.111754
 0.153057
 0.207374
 -0.0266706
 0.185148
 -0.041151
 -0.165655
 0.131873
 -0.0365242
 0.0967061
 -0.0566613
 -0.0418655
 -0.188031
 -0.0540538
 0.139556
 0.179686
 0.0212054
 0.0614892
 -0.088423
 0.028579
 0.057846
 0.0575242
 -0.07835
 0.0725129
 0.0615423
 -0.0145219
 -0.0856047
 0.0534718
 -0.0269813
 -0.103031
 -0.0791974
 0.124627
 -0.0432253
 0.112738
 -0.0589182
 0.263459
 -0.0997801
 0.0321439
 -0.157005
 -0.117851
 -0.0528268
 -0.0876154
 -0.00832528
 0.0668766
 -0.0896953
 -0.0606493
 0.0411423
 0.0905122
 -0.0482306
 -0.0676842
 0.0532773
 -0.00882611
 -0.0505627
 -0.089503
 0.0709977
 -0.00218787
 0.235512
 -0.108927
 0.103563
 -0.0642891
 -0.069605
 -0.213662
 0.0220235
 0.0865179
 -0.0197112
 0.132361
 0.0596939
 -0.0707692
 0.088869
 -0.0567816
 -0.125041
 0.0119416
 -0.107511
 0.0931463
 0.00851723
 -0.0272695
 0.094655
 -0.155566
 -0.00283795
 0.152734
 0.0389886
 -0.0433919
 -0.0552632
 0.000657175
 -0.00863105
 -0.123589
 0.152871
 0.165341
 0.0199234
 0.186769
 -0.0825868
 -0.0508282
 0.0232514
 0.0276903
 0.0532268
 0.0383901
 -0.270492
 0.202999
 -0.247675
 0.0401013
 -0.0430652
 0.13961
 0.016045
 0.208533
 -0.021399
 0.0497906
 -0.332826
 -0.0123647
 -0.135385
 -0.0887413
 -0.0791019
 -0.0976213
 -0.140594
 0.0386785
 -0.0706418
 0.056293
 0.0528579
 0.0937592
 -0.0865536
 -0.000259759
 -0.0819491
 0.00687733
 -0.171382
 0.032694
 0.0212835
 -0.0665094
 0.0674813
 -0.01512
 0.132933
 -0.0140134
 -0.0480124
 0.143477
 -0.0455752
 0.0375878
 0.0389731
 0.0239704
 0.0318512
 -0.0314488
 -0.17729
 0.153435
 -0.183358
 0.213099
 -0.0552483
 0.106025
 -0.0642414
 0.0399825
 -0.00572134
 0.197806
 -0.0369015
 0.102255
 -0.00484971
 0.0192397
 0.297431
 0.147283
 -0.105672
 0.00230462
 0.070956
 -0.046732
 0.0259093
 0.0829929
 0.0804158
 0.0988281
 -0.00780694
 -0.0962493
 -0.0327216
 0.0218768
 -0.0960642
 -0.150548
 0.0852611
 0.00846309
 -0.0434611
 -0.0320163
 0.0966651
 -0.129799
 0.228697
 -0.0459882
 -0.0863131
 0.00879746
 -3.33399e-05
 0.1403
 -0.0205875
 0.0328703
 0.0213034
 0.0919493
 0.0861628
 -0.0970523
 -0.125272
 0.121686
 0.0822962
 0.050278
 -0.0326254
 0.0732612
 0.0588139
 -0.0219904
 -0.116106
 0.028712
 -0.024626
 0.0474705
 -0.0581786
 -0.0756403
 0.143296
 -0.0814227
 0.00559002
 -0.0734211
 -0.0455935
 -0.153281
 -0.014493
 0.0237215
 -0.149834
 0.0333676
 -0.201038
 -0.0195315
 0.0793405
 0.106042
 -0.0439794
 -0.186534
 0.10595
 0.0734286
 -0.219787
 0.117077
 -0.0409836
 -0.143426
 -0.0698522
 0.015315
 -0.123441
 -0.0264111
 0.0442321
 0.200294
 0.0543264
 -0.0832876
 0.0543366
 -0.0289654
 -0.0908317
 0.0139901
 0.231408
 -0.131083
 0.202398
 0.0986879
 -0.0107869
 -0.0757351
 0.00437181
 -0.1066
 0.104974
 -0.144554
 0.132589
 0.126753
 -0.127545
 0.0542967
 0.121395
 0.0805222
 0.149002
 -0.0765238
 -0.0425949
 0.0753871
 -0.0446093
 0.125932
 -0.0757546
 -0.0837901
 -0.0735115
 -0.0109817
 -0.0330192
 -0.0208253
 0.066057
 0.0108972
 0.185306
 0.0423404
 -0.107784
 0.0581651
 -0.105672
 -0.0337471
 -0.105139
 0.0388495
 0.015126
 -0.00719196
 -0.0049546
 0.112571
 -0.124611
 0.00972968
 -0.168743
 0.0131088
 -0.105481
 -0.0538649
 -0.152019
 0.185969
 0.217133
 0.0600332
 -0.0997963
 -0.230173
 -0.0358774
 0.0577227
 -0.145499
 -0.121951
 -0.0268954
 0.093582
 0.0284896
 -0.190841
 -0.00258323
 0.0052463
 -0.064054
 0.0310267
 -0.0359853
 -0.14733
 0.0256302
 0.0107252
 0.0812401
 -0.0288812
 0.129681
 0.134195
 0.252691
 -0.0182702
 0.0186393
 0.0973186
 0.028656
 0.0797936
 0.243129
 0.0479288
 0.107756
 0.186273
 -0.0268792
 0.0391637
 0.0445138
 0.013735
 0.00966251
 0.182766
 0.200346
 0.023323
 -0.0370399
 -0.13761
 0.0587775
 -0.0944993
 0.0545669
 -0.0461852
 0.111335
 -0.0019215
 0.178427
 -0.115637
 0.114588
 -0.134605
 -0.122197
 0.187947
 -0.0813848
 0.0673341
 -0.0163095
 -0.0535464
 -0.0842932
 0.0560361
 0.069818
 0.0244472
 -0.0107616
 -0.05691
 0.229101
 -0.049873
 -0.0393475
 0.185733
 0.0017043
 -0.0675626
 -0.0276234
 -0.0418514
 -0.0308592
 0.0108711
 0.0746998
 -0.0673725
 0.233769
 -0.0477272
 -0.0684626
 0.00431701
 0.0406708
 -0.107372
 -0.124138
 -0.121722
 0.0778231
 0.0570742
 -0.102772
 -0.135921
 0.220139
 0.0973248
 -0.0345283
 -0.144365
 0.176449
 0.190329
 0.0879055
 -0.0782542
 -0.0152046
 -0.0190784
 -0.0828532
 -0.0269972
 0.0698899
 0.0320745
 0.0337772
 0.0169588
 0.110082
 0.0859456
 -0.0163431
 0.0666433
 0.0173705
 -0.0515441
 0.14895
 -0.122503
 0.114356
 0.151902
 0.0383097
 0.106656
 0.126729
 0.0311814
 0.0462126
 -0.102706
 0.039141
 -0.076152
 0.11639
 -0.0458878
 0.089139
 -0.0379794
 0.16075
 0.0958429
 -0.0341796
 0.118849
 -0.0114086
 -0.08895
 -0.0545142
 -0.118623
 0.00994089
 -0.0452226
 -0.179782
 -0.000121881
 -0.155119
 -0.0104514
 0.0916108
 0.171592
 0.0754599
 0.0982398
 -0.058603
 0.152611
 0.11329
 -0.0560756
 0.0911216
 0.0349818
 -0.000909502
 -0.230402
 0.0185995
 0.074155
 0.0432743
 -0.088285
 0.0862626
 0.110161
 0.0774419
 -0.162214
 -0.0923827
 0.107604
 0.0544336
 0.0318343
 -0.033582
 -0.147666
 0.054945
 0.0463233
 0.120527
 0.0950524
 0.145416
 0.167821
 -0.0211975
 -0.190325
 -0.136474
 -0.0857041
 -0.0627972
 0.165109
 0.160876
 -0.063128
 0.0312351
 -0.00759171
 -0.119945
 0.0524772
 0.0245977
 -0.187199
 -0.111315
 0.0146936
 -0.0359407
 -0.0437974
 -0.0437424
 0.143813
 0.0535893
 0.0830149
 -0.101067
 0.223715
 -0.136084
 -0.0661964
 0.00131433
 -0.00980029
 0.217969
 -0.0355992
 0.0327827
 0.228112
 0.111472
 0.207017
 -0.0261541
 -0.112008
 -0.0673844
 -0.0680054
 -0.0332771
 -0.041316
 0.158069
 -0.0839122
 0.0260666
 -0.0439831
 0.0408582
 -0.075899
 -0.0370722
 -0.032573
 -0.162813
 -0.0883632
 -0.101896
 -0.0799391
 0.103115
 0.0916977
 0.17903
 0.0578251
 -0.0118171
 -0.0268977
 -0.146815
 0.00412138
 0.0808787
 -0.192714
 -0.115961
 0.217306
 0.00668481
 -0.0206918
 0.0215441
 0.00985362
 0.0456922
 -0.0302317
 0.141339
 -0.0236325
 0.0433923
 -0.0624547
 -0.0339109
 -0.269001
 -0.134383
 0.0104221
 -0.22082
 -0.0291905
 -0.00546792
 -0.0941058
 0.0412359
 -0.035954
 0.0369444
 -0.0820957
 0.0420888
 -0.0808256
 -0.129726
 -0.0210111
 0.0148867
 0.164048
 -0.037785
 -0.059667
 0.118601
 0.00193564
 -0.165719
 0.0603597
 -0.0305249
 -0.0803853
 -0.190465
 0.00304301
 0.180596
 -0.124387
 -0.118646
 0.0714846
 -0.106389
 -0.031786
 -0.0622728
 0.105849
 -0.0495144
 0.0156462
 0.0857079
 0.220977
 0.00859728
 0.143664
 0.0285455
 0.0117528
 -0.0444765
 -0.162419
 -0.129504
 -0.0353236
 -0.0476161
 -0.0132372
 0.0591278
 0.166362
 0.0863
 0.135777
 -0.035099
 -0.0248298
 -0.177386
 -0.14013
 0.0331173
 -0.206782
 0.0861264
 0.0186921
 -0.0998262
 -0.052161
 -0.153371
 0.00531483
 0.0335021
 -0.00932662
 0.0287034
 -0.111844
 0.0682911
 0.00811203
 -0.0438183
 -0.0119512
 0.0230286
 0.0933586
 0.0316065
 0.026607
 0.0506936
 0.111548
 0.0157587
 -0.136522
 0.0228951
 0.115928
 0.019997
 0.0221335
 0.0618702
 -0.00960921
 0.0591989
 -0.0369025
 -0.069748
 -0.087444
 -0.0091724
 -0.138321
 0.0332571
 -0.0781538
 -0.163196
 -0.167484
 -0.049748
 -0.0593257
 0.0325756
 0.0925511
 -0.0821252
 0.0153153
 -0.0993641
 -0.0338247
 -0.107057
 -0.00204968
 0.0899641
 0.21675
 -0.05898
 -0.0573559
 0.0220003
 -0.0536951
 0.088278
 0.106216
 -0.0120099
 0.120362
 0.104338
 -0.00930018
 0.27268
 -0.0334643
 -0.00711071
 -0.0747357
 0.0818494
 0.0341506
 0.100001
 -0.0516269
 0.063462
 0.061965
 -0.0950313
 -0.0393299
 0.139479
 -0.0198204
 -0.12165
 -0.167761
 -0.060878
 -0.0130365
 0.0879861
 0.0172255
 0.00506407
 0.148208
 -0.0706234
 0.10109
 -0.0366884
 -0.217267
 -0.0622799
 0.0251833
 -0.188131
 0.0231237
 -0.127309
 -0.00738364
 -0.000734483
 0.11333
 -0.0720605
 0.196984
 0.126229
 0.064492
 0.131626
 0.0205945
 -0.152346
 0.0356925
 0.0305345
 0.125537
 -0.0355457
 -6.7268e-05
 0.126829
 -0.0383248
 0.00197059
 -0.01402
 -0.0318645
 -0.183053
 0.0241572
 0.094056
 0.13952
 -0.25993
 -0.0585057
 0.00857399
 -0.0513768
 -0.035254
 0.0691717
 -0.0760565
 0.170013
 -0.0820203
 0.0767926
 0.0581623
 -0.0230893
 -0.0998567
 0.0945784
 -0.00147958
 0.0907873
 0.0554328
 0.0160561
 0.109023
 -0.0378872
 0.0994594
 0.0843689
 -0.21064
 -0.0496514
 -0.0694879
 -0.0701003
 0.0249739
 -0.0750703
 0.0261709
 -0.00447669
 0.0473546
 0.283883
 -0.0940052
 -0.0963342
 -0.0911932
 0.154947
 0.0978488
 0.0359556
 -0.0819881
 -0.0753257
 -0.124089
 -0.018369
 0.136685
 0.109349
 0.0228223
 0.0116333
 -0.195962
 -0.093765
 0.101406
 -0.00303831
 0.0606607
 0.179609
 0.10528
 -0.000139911
 -0.108037
 -0.123207
 0.0857403
 0.0628733
 -0.0721985
 0.0917719
 -0.0480003
 -0.0041349
 0.0270421
 0.190784
 0.0286088
 -0.0556166
