 -0.836892
 0.437585
 0.381305
 1.71817
 -0.478318
 0.536395
 1.87296
 -1.95282
 0.822278
 -0.392467
 0.0331233
 0.456033
 0.110179
 0.268897
 -0.886531
 2.29903
 -0.33812
 0.316272
 -0.608811
 -0.0298189
 -0.213933
 0.526204
 1.00111
 -1.45846
 0.539449
 -0.705341
 1.25606
 -1.07751
 0.403117
 -0.5193
 0.102668
 -0.243862
 -0.409252
 0.475777
 -1.04204
 0.817999
 0.470984
 -1.83267
 0.473504
 -1.72855
 1.57299
 -1.71716
 0.908673
 -1.69155
 0.427543
 0.147267
 0.0417328
 -0.745873
 -1.43958
 0.485227
 0.0329098
 -0.381395
 -1.31736
 1.43532
 0.0970936
 -0.163691
 -0.863628
 1.55209
 -1.86459
 -0.0476181
 -0.513032
 -0.180126
 0.258782
 0.28322
 1.35169
 -0.567711
 -0.376415
 0.0329589
 -0.300249
 -0.093996
 -0.299009
 -0.287957
 -0.19902
 0.819411
 -0.734561
 0.51783
 -0.502948
 1.1167
 -0.0910658
 -0.600948
 1.68512
 -0.777388
 0.922609
 -1.06452
 0.512262
 -0.428515
 -0.851942
 -0.711012
 0.640556
 -0.690803
 0.612195
 0.389538
 0.477195
 -0.470438
 -0.309174
 -0.477174
 0.597649
 -0.211022
 0.306945
 0.586026
 -1.31114
 0.0454865
 0.076339
 -0.18134
 1.27167
 -1.79796
 0.90182
 -0.585968
 0.178461
 -1.92654
 0.867519
 -1.13268
 0.571552
 0.101235
 -0.0405899
 0.49948
 -0.442131
 1.40494
 -0.614877
 0.331306
 -0.179705
 0.238569
 2.28626
 -0.541414
 0.331704
 0.287624
 -0.914442
 1.26552
 -1.732
 1.23029
 -1.72553
 1.82946
 -1.8049
 0.39124
 0.266255
 0.0720514
 -0.43667
 0.124904
 -0.612099
 1.12629
 -0.81565
 0.251314
 -0.346982
 0.14526
 -0.710568
 -0.311809
 0.475293
 -0.463525
 0.612895
 1.31492
 -0.800238
 0.729064
 -0.797129
 1.36706
 -1.75507
 0.980743
 -0.397531
 -0.525736
 0.23771
 0.758769
 0.49613
 0.731376
 -0.380312
 -0.171658
 0.204389
 -0.322722
 0.809414
 0.342513
 0.0272777
 -0.02084
 0.171073
 -0.760297
 0.579167
 -0.596451
 1.62583
 -0.0588986
 1.10825
 -0.356876
 -0.420246
 -0.168545
 0.385501
 -1.09499
 -0.165287
 1.09684
 -1.26677
 0.22339
 0.637529
 -0.715974
 0.19983
 0.100984
 0.19446
 -0.343213
 -0.0542974
 -0.30365
 -0.54791
 0.529095
 0.331839
 0.638828
 -0.131318
 0.299003
 0.305528
 0.699473
 -0.753139
 0.153742
 0.466002
 -0.995557
 -0.390809
 0.918275
 -0.775274
 0.277503
 0.0327052
 0.561197
 -1.72797
 1.919
 -1.96749
 2.18364
 -1.9834
 1.70341
 -1.91298
 2.3242
 -1.56474
 0.418747
 -0.638698
 0.185438
 -0.257876
 1.23588
 0.343648
 -0.685986
 0.941061
 0.12904
 0.492729
 0.219967
 -0.305514
 0.522501
 0.0221411
 -0.640893
 -0.812702
 0.718513
 -1.36049
 2.01545
 -1.26225
 0.441691
 -0.539871
 1.0378
 -0.644665
 0.34978
 -0.455461
 0.90182
 0.55927
 0.663584
 -0.612855
 0.174054
 -0.264443
 -0.268021
 0.343482
 -0.447783
 -1.04702
 0.326649
 0.499825
 0.126552
 -0.405541
 -0.170425
 0.448703
 -0.072513
 -1.31202
 0.426894
 0.039703
 -0.265729
 -0.223526
 0.5102
 -0.3293
 0.0692982
 -0.234566
 -1.24812
 1.46023
 -0.782075
 0.565001
 -0.624682
 -0.686018
 0.369749
 -1.57844
 -0.627419
 -0.0108573
 -0.735981
 0.293453
 0.297179
 -0.429027
 -0.595463
 0.189379
 -0.405851
 0.584812
 -0.0776184
 -1.29665
 0.22466
 -0.482386
 0.143585
 -0.150646
 0.0431019
 0.179946
 0.187631
 -0.0160839
 0.551012
 0.0913331
 0.0599835
 -0.444437
 0.741796
 -0.6168
 0.469152
 -0.0625252
 -0.27273
 -0.988628
 1.48408
 -1.47099
 1.49727
 -0.693978
 0.572692
 -0.720887
 1.0107
 1.08898
 -0.759715
 0.0746394
 -0.767344
 -0.149243
 0.973379
 -1.97125
 1.32018
 -0.793322
 0.115749
 -0.84457
 0.875678
 -0.427968
 1.37006
 -1.79068
 0.825291
 -0.950824
 0.0404377
 -0.889937
 0.167057
 -0.707236
 0.758433
 -0.151883
 0.229144
 -0.836061
 1.24663
 -0.486047
 1.08467
 0.348607
 -0.640387
 0.410426
 -0.327782
 0.588711
 -1.39637
 1.8543
 -0.697613
 0.200549
 0.122734
 -1.21512
 -0.419723
 0.22536
 -0.955311
 -0.0506061
 -0.365041
 0.132316
 0.536326
 -0.784923
 0.900259
 0.334204
 0.220593
 0.0951989
 0.549983
 -0.741216
 0.556112
 -0.102974
 -0.613019
 0.0445614
 0.345066
 0.290413
 -0.85004
 1.17709
 -0.646828
 0.989786
 -1.42111
 1.42588
 -1.63177
 0.661352
 -0.109646
 0.38421
 -0.2867
 0.298612
 0.22852
 0.651348
 -1.98415
 0.946668
 -0.935892
 0.145475
 -1.47781
 0.70898
 -0.272489
 0.899592
 -0.100558
 1.05178
 0.462673
 0.0697438
 1.37465
 -0.791249
 0.780235
 0.367807
 -0.356509
 1.09725
 -0.287313
 1.06321
 -0.297557
 0.0797575
 0.250656
 0.58224
 -0.0637276
 0.0432815
 0.526368
 0.472131
 -0.869977
 -0.679418
 -0.74401
 0.178614
 -1.2117
 0.0311602
 -0.29589
 -0.672182
 -0.623736
 -0.228297
 0.274129
 -0.00250422
 0.116532
 -1.10625
 0.667403
 -0.266274
 0.220811
 0.020889
 0.936153
 0.841912
 0.228197
 0.877094
 -1.96038
 0.686866
 0.157839
 -0.594887
 0.0758222
 0.258699
 -0.50447
 -0.0105416
 -1.0885
 0.526007
 -1.54929
 0.262651
 -0.408353
 1.52318
 -0.771963
 -0.522325
 -0.541372
 0.546193
 -0.300618
 0.308642
 -1.48747
 0.735335
 -1.8863
 1.31321
 -1.74665
 1.95079
 -0.979079
 1.58564
 -1.81261
 0.956507
 -0.00496671
 -0.705161
 1.55673
 -0.148777
 0.910512
 0.0641565
 0.193992
 0.346044
 -0.234067
 0.273057
 -0.30747
 1.70857
 -1.97563
 0.415513
 -0.833045
 1.26617
 0.137905
 -1.82412
 1.14516
 -1.24986
 -0.595256
 0.429573
 0.333994
 0.517021
 0.383022
 1.17239
 -0.0384661
 1.4833
 -0.702276
 0.258553
 0.310797
 -0.450593
 1.3181
 -1.34689
 0.338551
 -0.16877
 0.649591
 -0.787313
 0.0960743
 0.40406
 -0.482145
 0.944653
 0.100252
 -0.757709
 0.813437
 -0.69371
 0.196912
 -0.612841
 -0.61258
 0.396278
 -0.832976
 -0.701845
 0.573139
 -1.16595
 -0.225145
 -0.88528
 0.167699
 -1.31284
 1.36375
 -1.67648
 1.46763
 -0.874555
 0.247883
 0.439491
 -0.920244
 0.749515
 0.117502
 0.0237921
 0.584086
 -1.04611
 0.414047
 -0.728414
 -0.469404
 0.364139
 -1.11232
 1.02934
 0.254526
 0.338829
 -0.651818
 0.50854
 0.606327
 0.301363
 0.770381
 -0.424916
 1.00947
 -0.971888
 1.1364
 0.0736447
 -0.527278
 1.10876
 -0.396372
 0.055114
 0.152413
 -0.0561751
 1.54413
 -1.97407
 0.224311
 -0.00470003
 -0.544813
 0.511606
 -0.666393
 -0.360209
 -0.812743
 0.373365
 0.139179
 0.044754
 -0.729883
 0.280175
 -0.178879
 0.323438
 0.113644
 -0.502679
 0.273596
 -1.47436
 0.743393
 0.439659
 -0.957858
 -0.0317984
 -0.587779
 0.28616
 -0.596688
 -0.394887
 0.201895
 -0.530508
 0.272542
 0.0875546
 0.130203
 0.405472
 -1.28371
 1.04425
 0.761295
 2.2282
 -1.98429
 0.981371
 0.0739773
 0.508183
 0.0905458
 0.0819221
 1.2254
 -0.479647
 -1.37395
 -0.0492735
 -0.534896
 -0.534106
 0.0284208
 -0.642963
 0.338484
 -0.277191
 0.0592727
 0.378997
 0.252759
 -0.875696
 0.00399226
 0.336527
 -0.585842
 -0.489072
 -0.248026
 0.0933114
 -0.197518
 0.894727
 -0.63783
 -1.09807
 -0.13929
 0.021011
 0.156776
 -0.461831
 -0.681371
 0.442163
 0.735412
 0.239381
 0.115324
 0.0904535
 0.107753
 0.0308464
 0.314829
 -0.45362
 0.527217
 0.321482
 0.217566
 0.440898
 -0.899234
 0.759173
 0.418221
 -1.22607
 0.00541043
 0.11435
 0.0623731
 -0.668261
 0.820506
 -1.74165
 1.71385
 -0.396236
 -0.344848
 -0.268475
 0.223611
 -0.54117
 0.135141
 -0.42171
 0.125449
 -0.637988
 0.436022
 -0.695289
 -0.53862
 -0.204463
 -1.92109
 0.965245
 -0.0485173
 -1.2446
 0.866473
 -1.40336
 0.612737
 -0.476966
 0.163604
 -0.935987
 -0.673241
 0.207274
 -0.0643964
 -0.191149
 0.17494
 0.561747
 0.614058
 0.0409248
 0.798266
 0.168661
 0.535518
 -0.877473
 1.2127
 -0.275486
 1.27291
 -0.688496
 1.02369
 -1.60888
 2.16153
 -1.66986
 0.756051
 -0.941941
 -0.245095
 0.185041
 -0.235687
 0.533871
 -0.630947
 0.972167
 -0.0273355
 -0.317735
 0.430743
 -0.568326
 -0.701227
 -0.0261599
 -1.87673
 0.736885
 -0.902848
 -0.0863088
 0.196532
 0.41322
 0.00168687
 0.33901
 0.200529
 1.43018
 -1.82986
 0.965514
 -0.754113
 1.62835
 -0.648615
 1.384
 0.296591
 0.614924
 0.121112
 0.844587
 -0.218618
 0.645176
 0.757606
 -0.11463
 -0.763437
 -0.364245
 0.456106
 -0.333783
 0.0413801
 -0.496123
 -0.376679
 1.02716
 -0.453434
 0.667825
 1.21269
 -0.889868
 1.81537
 -1.70084
 1.12848
 0.643363
 0.0601906
 0.914632
 -0.853868
 -0.587677
 0.646906
 0.563845
 1.07805
 -0.177765
 -0.530296
 0.338843
 -0.11151
 -0.581024
 1.46077
 -1.401
 1.8216
 -1.29823
 0.350906
 0.482388
 0.28955
 0.321536
 -1.13362
 1.92324
 -1.79149
 1.86784
 -1.06909
 0.60469
 0.204816
 0.398018
 -0.561062
 0.687575
 -0.71475
 0.0100335
 0.190981
 -0.522566
 0.454147
 0.00436645
 -0.643202
 -0.732595
 0.332918
 0.0703296
 0.287893
 -1.89886
 0.864216
 0.35158
 -0.511718
 -0.659936
 -0.976257
 0.463216
 1.04554
 -0.621419
 -0.720657
 -0.0148794
 -0.0505306
 -0.151253
 0.470793
 -0.109603
 -0.120834
 -0.396017
 0.740798
 -0.131307
 -0.0354656
 0.434974
 0.531287
 0.426992
 -0.658158
 -0.197273
 0.546881
 -1.92216
 0.192509
 0.50766
 -1.13336
 -0.442256
 0.170493
 0.188303
 -1.35849
 0.318993
 -0.0416139
 -0.653967
 -0.169571
 -0.460813
 0.23336
 0.634148
 1.1885
 0.729549
 -0.604191
 0.533895
 -0.274
 0.858286
 0.0232643
 0.842548
 0.384344
 -1.02775
 -0.780578
 0.200488
 -0.517559
 -1.18282
 0.288237
 -0.560475
 0.818071
 0.160537
 -0.0470362
 -0.593834
 0.303902
 1.05703
 -0.847553
 0.714873
 -0.324859
 0.453054
 0.404523
 -0.596009
 0.788932
 -0.523101
 -0.266697
 0.492929
 -1.1989
 0.115307
 0.401567
 0.118603
 0.769793
 -1.45342
 1.73021
 -0.647521
 0.414705
 0.48667
 -0.0960839
 0.19503
 -0.832611
 0.535351
 -0.759959
 0.675207
 -0.00542754
 -0.575208
 0.00178497
 -0.482745
 0.537434
 0.482511
 -0.939867
 0.333764
 0.688837
 -0.538407
 2.12727
 -0.478768
 0.567916
 0.21739
 -0.426237
 -0.634882
 0.0610607
 0.35641
 0.346139
 0.217552
 0.480609
 0.383647
 0.243194
 0.0809261
 0.405791
 -0.594538
 0.140405
 0.483285
 -1.10633
 0.754914
 -0.358459
 -0.348976
 0.00422066
 0.00526075
 -0.669622
 1.6672
 -0.828606
 0.423516
 1.65547
 -1.70173
 1.13337
 -0.731067
 0.865806
 0.0110765
 0.672081
 -0.101712
 -0.484328
 0.297799
 -0.785749
 -0.610669
 0.585669
 -0.059475
 1.60688
 -0.628655
 1.11002
 -0.842027
 1.81811
 -0.705406
 -0.113309
 0.379325
 0.664974
 0.559703
 0.520053
 0.196284
 1.83512
 -0.817703
 1.59463
 -1.36155
 1.26636
 -0.370781
 1.45397
 -0.260207
 0.131703
 -0.706315
 0.941105
 0.320966
 0.882937
 0.257857
 0.400248
 -0.0173949
 0.0372034
 0.840458
 -0.911382
 0.307358
 0.658948
 -0.595355
 0.759176
 -0.364332
 -0.222486
 0.26549
 -0.412672
 -0.84047
 0.854433
 -0.862538
 0.256644
 -0.524569
 -0.525138
 -0.420454
 -0.84961
 0.273051
 -0.324606
 0.425294
 -1.07729
 1.58531
 -1.78801
 1.00035
 -1.98119
 0.754853
 0.490191
 -0.553495
 -0.0580656
 -0.244876
 -0.988288
 0.443222
 -0.269548
 0.263348
 0.654602
 -1.19956
 -0.293547
 -0.750511
 0.683997
 0.308901
 -0.737757
 -1.51482
 0.849552
 -1.49604
 1.55776
 -0.873521
 -0.39392
 1.45841
 -1.86179
 -0.423325
 -0.549375
 0.149744
 0.150903
 -0.580112
 -0.0307733
 0.567626
 1.58296
 0.361782
 -0.382397
 -0.184898
 0.748016
 0.161124
 0.852698
 -0.689341
 1.37062
 -0.508736
 1.24879
 -0.409649
 0.49777
 0.071138
 1.00687
 -1.87575
 1.58212
 -1.20362
 0.750444
 -0.857751
 0.8458
 -0.440733
 -0.562268
 1.2564
 -1.03436
 -0.453934
 -0.0994484
 -0.344885
 0.624295
 0.178646
 -1.90061
 0.429008
 0.0144659
 0.244798
 0.203247
 -0.0952449
 -0.189355
 -0.526253
 -0.690593
 0.446877
 0.168998
 -0.309059
 0.0285951
 0.00885363
 0.735557
 -0.397928
 0.398086
 -0.773441
 -0.155051
 0.0713532
 -0.43752
 0.0169438
 1.71063
 -0.536839
 0.331193
 1.88298
 -1.75505
 2.38699
 -1.98249
 0.456603
 -0.364973
 -0.316821
 -0.708341
 0.270538
 -0.540406
 0.00955408
 0.96878
 -0.200759
 0.391049
 0.267436
 -0.668082
 1.7134
 -1.95854
 0.938517
 0.24236
 0.457088
 0.232184
 -0.733271
 0.718414
 0.258815
 0.673331
 -1.07427
 0.309559
 0.883725
 -0.693518
 -0.721332
 -0.140881
 -0.600137
 1.74932
 -1.90158
 2.07462
 -1.76816
 0.857828
 0.0937471
 -0.413366
 -0.540533
 -0.242167
 0.757077
 -1.16178
 1.28148
 -0.537551
 1.80095
 -1.96571
 1.22491
 -0.8217
 0.578031
 -0.207569
 0.826757
 -1.19048
 1.63345
 -1.93776
 0.372927
 0.180705
 -0.0164526
 -0.00602269
 -0.776946
 0.720995
 -0.845626
 -0.166149
 -0.0879317
 0.251297
 0.171595
 -0.713215
 0.213334
 0.0595017
 0.464267
 -0.244033
 0.759712
 1.14234
 -1.11187
 0.748356
 -0.831575
 -0.296159
 -0.328549
 -0.651705
 -0.0718118
 -0.501707
 -0.105357
 -0.612605
 0.336203
 -0.370202
 0.410402
 -1.31272
 0.451531
 0.035194
 -0.800378
 0.650267
 0.190627
 -1.03017
 1.70477
 -0.715842
 0.819647
 -0.668598
 -0.227585
 -0.956616
 0.300807
 -0.0484031
 0.20591
 -0.465047
 -1.29155
 0.678243
 -0.129086
 -0.42359
 0.0435679
 0.71055
 -0.799754
 0.0170198
 -0.53613
 0.979174
 -1.52214
 1.4771
 -0.615208
 0.996937
 -0.716531
 2.05143
 -1.09722
 -0.00161786
 -0.628379
 0.529985
 0.233473
 -1.03309
 0.252073
 0.326718
 0.277313
 -0.636139
 0.393501
 -0.213692
 -0.733071
 0.872284
 -0.091312
 -0.821949
 0.802673
 -0.810193
 -0.0382515
 -0.653586
 -0.211913
 -0.534812
 -0.672327
 0.0795215
 -0.446595
 -0.367908
 -0.983535
 1.4172
 -0.0588545
 0.872113
 -1.19985
 1.94322
 -1.89609
 0.159128
 -0.49052
 -0.516357
 -0.7404
 0.281476
 -0.125848
 0.616211
 -0.808225
 -0.169073
 0.0944044
 1.1021
 -0.485279
 0.522838
 0.0958239
 -0.106841
 0.367414
 -0.0143466
 0.681609
 0.0260425
 0.185847
 0.292688
 -0.207285
 0.42489
 -1.06703
 0.198145
 0.124875
 -0.369997
 -0.00615606
 -1.05708
 1.22336
 -1.77111
 0.309973
 0.304732
 -0.438046
 0.139855
 0.769305
 -0.0319014
 0.305194
 0.614451
 -0.963274
 -0.623895
 0.500028
 0.0756987
 -0.714038
 1.33267
 0.33213
 0.368884
 -1.85589
 1.22918
 -0.65783
 1.74316
 -0.730444
 1.26786
 -0.580064
 0.176421
 -0.00723404
 -0.420984
 -0.201457
 0.0841876
 0.273253
 0.141345
 -0.318273
 0.316469
 -0.801014
 1.29717
 -0.608154
 1.23609
 -0.618246
 -1.0181
 0.28694
 0.52274
 0.0407085
 -0.771629
 -1.09674
 0.168781
 -1.67883
 0.550779
 0.162952
 -1.8137
 0.740037
 -0.95778
 0.348701
 0.0819005
 0.893754
 0.244556
 0.156151
 0.126431
 -0.368691
 0.250942
 0.0870297
 -0.165038
 -0.760713
 0.250787
 -0.132385
 -0.18997
 0.144934
 -0.347083
 0.764843
 0.149971
 -0.504314
 -0.298021
 -0.028105
 -0.636794
 -0.472544
 0.252522
 -0.589635
 0.326448
 -0.573999
 -0.59547
 0.58378
 0.121798
 0.769678
 0.245394
 0.43915
 -0.646697
 0.545796
 0.00685192
 0.1247
 -0.524514
 -0.353325
 -0.693398
 0.237801
 -1.6556
 2.04342
 -1.98256
 0.514089
 -0.671008
 -0.391951
 0.0825506
 -0.422784
 0.22859
 0.273488
 -0.648251
 0.4834
 0.0923711
 -0.677462
 -0.427502
 0.84125
 -1.16743
 0.266566
 -0.0486162
 0.187411
 -0.334097
 -0.174213
 0.0635919
 -0.391583
 -0.285297
 -0.116051
 0.568915
 -0.285561
 -0.488134
 0.565621
 0.0701359
 -0.695607
 -0.156597
 0.205957
 0.0197526
 -0.140379
 0.237522
 0.0996844
 -0.637585
 0.162556
 0.495277
 0.303401
 0.436995
 -0.590397
 1.93171
 -1.80594
 0.976817
 0.0565642
 0.211125
 -0.288253
 0.656093
 -0.469164
 0.49993
 -0.0332871
 1.89881
 1.61674
 -0.284093
 -0.287358
 0.379821
 0.127121
 0.300869
 -0.538243
 0.118663
 -0.616224
 -1.96137
 1.41279
 -1.55282
 1.64125
 -1.98263
 0.503536
 -1.97191
 0.557565
 -0.592101
 0.446885
 0.0740441
 0.277142
 0.488714
 -0.965408
 1.08219
 -1.74848
 0.543938
 -0.644305
 0.298655
 0.203576
 0.178621
 0.136804
 -0.287406
 0.388937
 0.460844
 -0.662341
 -0.534538
 0.172767
 0.156973
 0.233374
 0.356706
 0.895974
 -1.87675
 1.11068
 0.49149
 -1.00551
 -0.0901129
 -0.584467
 0.408523
 -1.90033
 1.97111
 -1.42453
 0.887822
 -0.315597
 0.290375
 -0.354296
 0.42945
 -0.91598
 0.621069
 -0.078922
 0.775461
 0.0451401
 0.167894
 -0.26221
 0.597902
 -0.92139
 1.07922
 0.956375
 -0.331124
 0.494898
 0.137944
 2.22716
 -0.882253
 1.50182
 -1.53305
 2.10933
 -0.332152
 0.57455
 -0.357437
 0.541774
 -0.120349
 1.01301
 -0.784292
 0.758353
 -0.80277
 -0.0627112
 0.085788
 -0.473647
 1.16284
 -0.607332
 1.14636
 0.38047
 0.444768
 -0.452898
 -0.677562
 0.144824
 -0.765266
 0.245745
 0.912242
 -0.127134
 -0.302427
 0.920914
 0.256456
 0.116861
 0.324405
 0.326092
 0.470197
 0.245122
 -0.232855
 0.299502
 0.761721
 0.652336
 -1.02918
 0.648313
 0.115622
 -0.656425
 0.289619
 -0.696688
 0.169498
 -0.62722
 0.0855899
 1.53764
 -0.79168
 0.852759
 -0.322336
 0.21372
 -0.754061
 -1.16057
 -0.187417
 -0.172297
 0.662011
 -0.124548
 0.632012
 1.12059
 -0.741917
 0.793872
 0.572847
 -0.602751
 -0.220395
 -0.394181
 0.792384
 -0.403625
 0.381248
 -0.537539
 -0.624721
 1.56512
 -0.631912
 -0.14455
 0.356473
 0.480288
 -0.734419
 -0.00584131
 -0.636152
 0.05761
 0.264298
 -0.917233
 0.0910647
 0.505627
 -0.590084
 -0.459886
 0.994428
 -0.49796
 -0.465006
 0.293519
 0.322887
 -0.44228
 0.179422
 -0.249659
 0.0664064
 1.36673
 -0.636046
 0.556427
 -0.342356
 -0.730983
 -0.912893
 1.04876
 -1.97533
 1.72563
 -0.935205
 1.35944
 -1.16149
 0.568035
 0.345113
 1.20252
 -0.258188
 0.935436
 -0.216896
 -0.16502
 1.53105
 -0.597821
 0.184297
 -1.19724
 0.934672
 -0.0429519
 0.499402
 -0.561242
 1.26257
 -0.300142
 0.239858
 -0.742747
 -0.5481
 0.291016
 -1.1253
 2.03225
 -1.98203
 0.30115
 -1.1199
 1.12047
 -1.73915
 2.08355
 -1.95475
 1.75205
 -0.687156
 -0.614567
 -0.0394881
 -1.52742
 0.0721896
 0.557899
 -1.2822
 0.569077
 -0.713115
 0.345947
 -0.368918
 0.335156
 0.391271
 -0.0506107
 -0.612477
 0.351864
 -1.58871
 0.146009
 -0.713467
 0.132493
 -0.367695
 -0.415062
 -0.630328
 0.832433
 0.233022
 0.408722
 0.526255
 0.192188
 -0.196127
 0.0312061
 0.0265067
 0.604597
 -0.4136
 0.370275
 1.09685
 -0.359552
 0.960617
 -0.612012
 0.931365
 -1.05561
 -0.291127
 -0.858862
 0.346967
 0.260237
 -0.648914
 -0.754369
 -0.660017
 0.369566
 0.286931
 0.488497
 0.391473
 -1.0052
 0.22551
 0.319754
 1.11783
 0.441292
 0.191276
 -0.25296
 0.371887
 -0.787448
 0.230985
 0.245847
 0.558566
 0.308461
 0.143378
 0.698488
 -0.636503
 1.51206
 -1.31638
 1.65632
 -0.940152
 -0.074882
 0.634574
 -0.140118
 0.287514
 -0.254483
 -0.527636
 0.146117
 -0.677247
 0.606374
 -0.268118
 0.571633
 -0.436558
 0.224576
 0.535922
 0.267915
 -0.364736
 -0.657611
 0.119399
 0.204989
 0.246786
 -1.39866
 0.725074
 -0.705303
 -0.806315
 -0.418355
 0.322397
 0.471186
 0.100167
 0.124099
 -1.87755
 2.34858
 -1.0803
 0.543242
 0.562243
 0.17607
 0.241069
 1.47585
 -0.59351
 1.48936
 0.63197
 0.457503
 0.527354
 1.11196
 -0.520753
 2.30012
 -1.92554
 2.24304
 -1.40961
 0.691324
 -0.34848
 2.06197
 -1.97819
 0.788144
 -0.38592
 1.82991
 -1.32337
 1.68853
 -0.567644
 -0.556318
 -0.853302
 0.00815219
 0.169566
 -0.454818
 0.275442
 -0.0310451
 -0.557482
 0.63979
 0.28837
 0.952462
 -1.98422
 1.11347
 -0.960097
 -0.182192
 -0.734795
 -0.0664149
 -1.19921
 -0.712055
 0.143749
 0.451504
 -0.503832
 -1.02574
 0.396942
 -0.445629
 0.215106
 -0.546183
 0.241623
 0.587786
 -0.0608215
 -1.56374
 0.561127
 -0.668793
 -0.00764904
 -0.506984
 0.0442807
 -0.107291
 -0.617404
 0.961388
 -0.99208
 0.0266817
 -0.0310214
 0.129154
 -1.37395
 0.642022
 -0.389495
 1.17706
 -0.395285
 -0.532998
 1.45028
 -0.719605
 -0.447213
 1.23588
 -0.542197
 -0.222209
 0.485913
 0.826872
 -0.54336
 0.519997
 0.169107
 -0.733382
 0.23153
 -0.421167
 1.77623
 -1.26114
 0.712899
 -0.649818
 -0.161848
 0.693343
 -0.639873
 0.507264
 -0.867735
 1.59339
 0.416377
 0.693185
 0.709921
 -1.4707
 -0.094745
 0.207258
 1.27109
 -1.18238
 0.186136
 -0.891602
 0.561697
 -0.604327
 0.212336
 -0.475702
 0.641562
 -1.98159
 0.568269
 0.178098
 1.77458
 0.328452
 0.506603
 0.4574
 0.517152
 1.17464
 0.1757
 0.822753
 0.599257
 -1.45035
 2.34661
 -0.957154
 2.18148
 -1.26053
 1.10559
 -0.674794
 0.389448
 -1.04206
 -0.757956
 -0.124499
 0.322134
 0.469614
 -0.638252
 1.03651
 -1.92227
 0.256612
 -0.636655
 -0.698449
 0.0536466
 -0.758104
 0.173252
 0.0606984
 -0.853019
 0.534015
 -0.0134123
 -1.90672
 0.288173
 -0.340238
 0.22159
 -0.19834
 -0.625141
 0.323533
 0.485532
 0.762812
 0.177937
 -1.33048
 0.717169
 -1.17337
 0.486806
 -0.0631991
 -0.0370964
 0.397699
 -0.561882
 0.553067
 0.352513
 -0.461279
 -0.718021
 0.0623154
 -0.581414
 -0.124657
 0.115247
 -0.144456
 -0.331004
 -0.505776
 -0.0591719
 -0.0691859
 -0.474603
 0.246636
 -0.28099
 0.539889
 -0.838386
 -0.212925
 -0.735365
 0.456063
 0.470019
 -0.0905189
 -0.37005
 0.100768
 0.655497
 0.556461
 -0.260212
 -0.534952
 1.37009
 -0.569269
 0.762467
 -0.648254
 -0.477818
 -0.982765
 -1.80986
 0.18867
 -0.770555
 0.454827
 -0.664005
 0.77518
 -0.733202
 1.22635
 -0.339181
 0.5226
 -0.627565
 0.372702
 -0.602082
 0.280587
 -0.806238
 0.431307
 -0.762186
 1.08538
 -0.275049
 0.383964
 -1.06183
 0.284537
 -0.812946
 -0.686001
 -0.562073
 0.0323116
 -0.182388
 -0.401309
 0.277773
 -0.0724658
 -0.556554
 0.400349
 -0.113338
 0.449559
 -0.0620697
 0.147399
 0.795894
 0.0691873
 -0.135519
 -0.126227
 -1.21698
 1.43786
 -1.90522
 0.689882
 -0.501132
 0.0381595
 -0.69189
 0.532483
 -0.811785
 -0.105261
 0.491564
 0.648455
 -0.851327
 -0.401933
 -0.0334809
 0.101735
 1.14822
 -0.185609
 -0.343546
 0.0411529
 -0.11214
 -0.346377
 -0.537225
 -0.275175
 0.34741
 -0.964997
 1.32718
 1.4681
 -0.661054
 0.255209
 1.00614
 -0.864801
 0.443915
 -0.348398
 1.8302
 -1.91685
 0.480474
 -0.50792
 0.963054
 -0.960067
 0.123433
 -0.290892
 0.496377
 -0.136891
 0.276868
 -0.815597
 0.521638
 -0.72698
 0.560614
 -0.239075
 0.651291
 -0.553873
 -0.432901
 0.483158
 -0.608907
 -0.090911
 -0.25011
 1.39837
 -0.74009
 1.04102
 0.354724
 -1.72467
 1.01188
 0.21605
 -0.142618
 0.506793
 1.37498
 0.22259
 0.4124
 -1.95355
 0.632068
 0.822288
 0.00919006
 -0.384166
 1.18534
 -0.510946
 0.575512
 -1.6492
 2.00754
 -1.53148
 1.70501
 -0.874665
 1.1403
 1.11608
 -0.318639
 0.396835
 -0.54552
 0.289038
 0.219117
 -0.417193
 -0.543639
 -0.0251686
 -0.211465
 -0.686268
 1.77628
 -0.615301
 0.746977
 0.590853
 0.0878662
 0.428762
 -0.525253
 0.593838
 -0.0636503
 -0.177845
 -0.675271
 0.850632
 -1.16551
 1.1567
 0.1474
 -0.0458746
 0.14316
 0.317023
 -0.684581
 1.16889
 0.0978614
 -0.544034
 0.346661
 -0.614583
 0.137468
 0.139475
 0.289493
 0.58534
 -0.500003
 0.295998
 -0.114645
 -0.435007
 0.455084
 -1.33154
 0.514355
 0.122546
 0.388931
 0.203601
 -1.37821
 0.811266
 -0.389322
 1.29088
 -1.13503
 0.71085
 -0.926082
 1.08315
 -0.23831
 -0.390832
 -0.616344
 0.127099
 -0.468524
 0.558458
 0.361182
 0.12586
 0.428344
 1.81804
 -1.80756
 0.703306
 -0.630953
 0.538102
 -0.673394
 -0.0961918
 0.226533
 0.158581
 0.364099
 -0.318858
 0.462952
 -0.496344
 1.41696
 0.143837
 -1.05679
 0.583211
 -0.750004
 0.557052
 -0.459736
 0.194606
 0.475558
 -1.14894
 1.93013
 -1.31424
 1.30543
 -1.24215
 0.348917
 -0.671396
 0.281393
 1.84006
 -1.0523
 1.18891
 1.39951
 0.472936
 -0.752827
 -0.339803
 0.487824
 0.325786
 -0.241349
 -0.408223
 0.0884764
 0.319126
 -0.456967
 0.532498
 -0.145103
 -0.54208
 0.11965
 0.783217
 0.598781
 0.358567
 -0.673769
 1.35241
 -1.32266
 0.755563
 -0.489435
 0.449903
 -0.556453
 0.953376
 -1.03745
 0.511331
 -0.0597148
 -0.878473
 -0.215665
 0.806975
 -0.0877989
 -0.664692
 0.737213
 -0.277143
 0.387423
 -0.82031
 1.76116
 -1.90262
 0.312533
 0.254018
 -0.418672
 0.923892
 -0.96514
 0.57143
 -0.814172
 0.599717
 -0.164978
 0.298753
 0.292436
 -0.313473
 0.343865
 0.956586
 -0.654513
 0.139287
 -0.811278
 0.0224537
 -0.241881
 0.861862
 0.608982
 0.308783
 -0.499882
 0.995851
 -1.32073
 1.14292
 0.615119
 0.458046
 -1.89413
 1.69606
 -1.73575
 1.32177
 0.25239
 -0.389702
 -0.839472
 1.00048
 -1.36085
 0.565454
 0.100788
 -0.817848
 0.322986
 -0.437036
 0.550901
 0.319102
 -0.477679
 0.37258
 -0.495886
 0.474224
 -0.870037
 1.06154
 0.679059
 0.255197
 -0.492762
 -0.895434
 0.625787
 -0.240489
 1.01866
 0.22419
 -0.491664
 -0.776923
 0.678922
 -0.717419
 0.194769
 0.115785
 -0.899512
 0.289254
 -0.684874
 -0.838327
 -0.0260841
 0.829577
 -0.666554
 -0.230255
 -0.160118
 0.502627
 0.221155
 -0.035387
 0.0788954
 0.348882
 1.25929
 -0.659767
 -0.447921
 0.67137
 -0.996377
 0.205113
 0.0367438
 0.201772
 0.320637
 0.526866
 2.15602
 -1.85753
 2.34788
 -1.98416
 0.634103
 -0.361132
 0.458406
 -1.35612
 0.407063
 -1.00253
 1.09926
 -0.429143
 -0.471431
 0.401847
 -0.673154
 0.896015
 -0.841638
 -0.721566
 0.824503
 -0.608329
 0.49986
 -0.0666103
 -0.626237
 0.125867
 -1.61331
 0.511276
 -0.457384
 0.725672
 -0.847054
 0.0346735
 -1.39739
 0.988721
 -0.673399
 0.22123
 0.440325
 -0.629993
 0.417823
 -0.296327
 0.443086
 -0.720888
 0.13947
 0.0991582
 1.65858
 -0.164702
 0.299824
 0.789072
 0.0430014
 0.308646
 0.0148874
 -0.631795
 -0.6231
 0.258863
 0.171057
 0.966506
 -0.143709
 0.366474
 0.313788
 0.0164676
 0.302647
 -1.87538
 0.805216
 -0.689416
 0.18847
 0.349757
 0.264144
 -1.18285
 1.25136
 -0.0998506
 -0.541436
 0.484757
 -0.0203459
 0.141316
 -0.1088
 -0.426104
 -0.36936
 1.14986
 -0.247859
 -0.0569197
 -0.290737
 -0.737954
 0.480195
 -0.917631
 -0.0912386
 -1.03702
 -0.261575
 0.945216
 -0.0621569
 -0.223622
 -1.1753
 0.668576
 -1.12307
 0.584994
 0.467151
 1.13816
 -0.69053
 -0.572863
 0.457772
 0.536223
 0.88864
 0.278744
 1.66842
 -0.81761
 -0.0564569
 0.396299
 0.680686
 0.163848
 0.654233
 0.722439
 -1.0248
 1.05877
 -1.75736
 0.325387
 -0.0973959
 0.293077
 -0.301281
 0.307893
 -0.0648092
 0.444117
 -0.846601
 -0.359919
 -0.0936844
 0.378534
 0.0738216
 -0.831885
 0.683879
 -0.572283
 0.667605
 -0.9747
 -0.0428045
 -0.4111
 -0.549189
 0.463165
 1.25113
 -0.1113
 -0.571248
 -0.0120295
 -0.553719
 0.517316
 -1.39631
 0.856258
 -0.513041
 0.756365
 -1.14939
 0.420271
 0.126997
 -0.925763
 1.51564
 -0.656701
 0.627485
 0.425146
 -1.36865
 0.927529
 -1.97617
 2.20125
 -1.98392
 1.25022
 -0.552792
 0.124174
 0.478178
 -0.629431
 -0.372131
 -0.157476
 1.38963
 -0.923427
 0.0484675
 -0.395512
 0.112134
 -0.977174
 0.255348
 0.635334
 0.362257
 -0.919673
 1.91722
 -0.910651
 -0.0729552
 -0.543426
 1.57891
 -0.77799
 -1.31964
 1.71399
 -0.623791
 0.380894
 0.371617
 -0.571579
 0.705114
 -0.179669
 -0.753658
 0.574905
 -0.611171
 1.01986
 -0.689273
 2.00264
 -1.61549
 0.71603
 0.308088
 -0.390008
 0.0365087
 -0.00935293
 1.60409
 -0.190412
 0.708001
 -1.94036
 0.000528109
 0.220086
 -0.961084
 0.342607
 -0.447986
 0.560626
 0.282218
 0.0823862
 -0.260017
 0.851107
 -1.83764
 2.0275
 -1.98035
 0.385138
 0.0747202
 -0.0971906
 -0.769128
 0.301944
 -0.197525
 1.00709
 -0.522717
 0.468274
 0.467629
 0.0223661
 -0.280124
 0.877143
 0.396184
 -0.700699
 0.345277
 -0.398058
 0.587941
 -0.63239
 1.05343
 -0.432942
 0.679434
 -0.0821266
 1.78885
 -1.24548
 0.815517
 -0.450267
 0.555272
 2.07412
 -1.9783
 0.331117
 -0.621866
 0.0839966
 0.450712
 -0.953851
 0.307249
 0.234736
 -0.54441
 0.0899543
 -0.673003
 -0.0472296
 -0.866741
 -0.111528
 -0.525129
 0.471009
 0.546392
 -0.583262
 0.0548286
 -0.714702
 -0.393812
 -0.805526
 0.411431
 0.174423
 -0.13588
 0.38385
 -0.449703
 0.862034
 -1.42394
 0.942742
 -0.253351
 -0.646976
 0.223154
 -0.305675
 -0.341671
 0.080131
 0.352826
 0.420672
 0.965833
 -0.381832
 0.654243
 -0.0211763
 1.01497
 -0.208734
 0.38308
 -0.332641
 -0.508411
 -0.498538
 -0.436
 0.31117
 -0.751846
 0.119251
 0.237313
 0.660637
 -0.631816
 -0.98339
 -0.330001
 0.782529
 -0.592893
 -0.0267302
 1.2243
 0.173489
 0.356687
 1.72107
 -0.742236
 0.568157
 -0.0967239
 -0.683003
 0.513145
 0.80842
 -0.687313
 0.768327
 0.516739
 0.818816
 -0.690986
 0.347293
 -1.18867
 0.482822
 0.139924
 0.466664
 -0.499554
 -0.277002
 -0.0262329
 0.274244
 0.390752
 0.61044
 0.41356
 0.37171
 1.0241
 0.1904
 -1.11256
 0.305904
 0.0367378
 -0.548759
 1.09152
 -0.557819
 1.59357
 -0.313063
 0.424386
 -1.73814
 0.334186
 -0.252275
 -0.60929
 0.12748
 0.452676
 -0.9166
 -1.38961
 0.612638
 -0.71079
 0.51204
 0.575564
 -1.13814
 0.265317
 0.64372
 0.621038
 -0.223749
 0.214357
 -0.379313
 -0.212553
 -0.0335664
 -1.23661
 1.21458
 -1.22508
 -0.770173
 0.790638
 -1.00833
 0.971144
 -0.421349
 1.56268
 -1.20089
 1.59683
 -1.74008
 1.00063
 0.50529
 0.332792
 -0.778362
 1.13431
 -0.657705
 -0.0991041
 -0.612794
 -0.0195362
 -0.499667
 -0.538277
 0.341404
 -0.336322
 1.11181
 0.289538
 0.385593
 0.750429
 -0.250881
 0.658486
 -1.4363
 -0.0572821
 -1.06376
 1.03294
 -0.83272
 -0.619042
 1.57458
 -0.928023
 0.434485
 0.554601
 -0.512138
 0.670713
 -0.649436
 0.884057
 0.0631213
 0.0578971
 -0.702569
 0.861459
 0.159268
 0.682876
 0.323894
 0.185516
 -0.855096
 -0.195649
 0.614109
 -0.85613
 0.419301
 -0.816868
 0.00337029
 -0.860183
 -0.24924
 -0.0969041
 0.0334507
 -0.182025
 -0.126929
 0.131859
 1.35945
 -0.351107
 -0.329955
 0.398519
 -0.990835
 0.747723
 -0.50575
 -0.281162
 -0.706985
 -0.0532412
 0.261178
 0.306499
 0.169428
 -0.561062
 0.504562
 -0.837283
 -0.113617
 0.726012
 -0.0903126
 0.26966
 0.267568
 -0.319202
 -0.250427
 -0.780257
 -0.515711
 0.745113
 -0.795539
 0.932051
 0.590237
 0.845423
 -0.509953
 0.0592459
 0.454758
 0.579592
 0.404831
 1.26378
 -0.893067
 1.05467
 -0.864617
 -0.448826
 1.64634
 -1.79923
 0.483248
 -0.26051
 -0.227571
 1.04172
 0.00774811
 0.443641
 -0.665005
 -0.909632
 0.0474865
 0.0106055
 -1.70108
 1.22051
 -0.6097
 0.165768
 -0.717266
 0.0833583
 -0.475776
 0.307683
 -0.797617
 -0.540523
 0.167264
 0.992995
 -1.48437
 0.749457
 0.125595
 -1.53838
 1.12356
 -0.807925
 -0.551935
 -0.829353
 0.313243
 0.733527
 -0.828129
 1.66484
 -1.89869
 1.29603
 -0.187377
 -0.372752
 0.810743
 -0.198945
 -0.0317813
 -0.368589
 -0.341713
 -0.314949
 -1.37526
 0.551319
 -0.727502
 0.376746
 0.0271567
 -0.8409
 1.3604
 -0.667779
 0.0707242
 0.269148
 -0.471461
 0.75042
 0.58577
 0.516763
 0.94594
 -0.386883
 1.2507
 -1.87183
 2.03312
 -1.96032
 0.877621
 0.572451
 -0.504155
 -0.0568779
 -0.0308
 -0.184989
 0.104858
 -0.324283
 0.524337
 -0.767385
 -0.0144959
 0.275441
 -1.00621
 1.83987
 -1.91381
 1.44982
 -1.86516
 1.63278
 -1.44517
 1.48374
 0.0403541
 1.61515
 -1.57676
 1.26887
 -0.460838
 1.07677
 -1.41037
 1.56085
 -0.684366
 0.21661
 0.143569
 -0.633778
 0.367032
 0.412107
 -0.130333
 0.179764
 -0.368364
 0.189925
 -0.0279057
 0.568261
 -0.0584374
 0.160636
 0.875123
 -1.96547
 0.53187
 -0.72122
 0.21444
 0.742841
 -0.193492
 0.146467
 -0.955987
 1.07491
 -0.492299
 1.93762
 -0.913644
 -0.206969
 0.245072
 -0.930254
 0.223558
 -0.643337
 -0.21622
 0.773938
 0.0316325
 -0.920035
 0.1448
 -0.397814
 0.221181
 -0.598995
 0.805044
 0.862596
 -0.666722
 -0.318894
 -0.591135
 0.0499316
 -0.845805
 -0.623644
 -0.560141
 -0.0830926
 0.10691
 -0.0956
 0.600477
 -0.0347224
 -0.787525
 0.797045
 0.232957
 -0.600016
 1.14323
 -0.114495
 0.772185
 0.254511
 0.787381
 0.112115
 1.29751
 -0.896568
 0.36782
 1.36254
 -1.51248
 0.0384207
 -0.673419
 0.200361
 -0.680246
 0.367586
 -0.0527558
 -0.0186301
 0.460922
 0.487643
 -0.576909
 1.10669
 -0.646598
 0.436428
 -0.51374
 -0.0746571
 1.25791
 -0.398925
 -0.463079
 1.18506
 -0.763949
 1.28682
 -0.483546
 -0.141581
 0.338728
 0.577863
 -0.839284
 -0.456252
 -0.224142
 0.624698
 -0.158698
 0.496368
 -1.98091
 -0.0197235
 -0.611558
 0.143703
 -0.51423
 -0.502403
 0.0562218
 0.165255
 -1.08167
 -0.753259
 0.332074
 0.0568894
 -0.783953
 -0.0778671
 -0.799162
 0.413415
 -0.44931
 1.9833
 -0.515847
 -0.572272
 -0.405331
 0.561584
 0.495622
 0.0225109
 1.05945
 -1.18191
 2.30223
 0.386772
 -0.495373
 1.27466
 -0.543514
 0.765656
 0.700316
 -1.51198
 0.590703
 -1.79061
 1.79148
 -0.762794
 0.0959522
 -0.566147
 1.24838
 -0.458063
 -0.482505
 1.23343
 -1.14712
 -0.274722
 -0.728051
 0.409046
 -0.963677
 0.321102
 -0.686671
 0.519913
 -0.579756
 1.81723
 -1.97271
 1.05095
 0.314989
 0.23717
 0.536212
 -0.473316
 1.56588
 -0.95714
 0.611796
 -1.81999
 0.923082
 0.530756
 0.260175
 0.464429
 0.687342
 -0.182875
 -1.38218
 0.0540796
 -0.731082
 0.300296
 -0.672486
 -0.00276284
 -0.715439
 0.123009
 -0.569069
 1.23333
 -1.91429
 1.7563
 -0.999696
 2.12747
 -1.38791
 2.08508
 -1.9284
 1.85231
 -1.45821
 0.312206
 -0.206573
 0.613553
 -1.13721
 0.622604
 -0.650724
 0.841687
 -0.591384
 0.145526
 -0.67668
 0.335454
 -0.76616
 0.432506
 -0.53345
 0.732859
 -0.247953
 0.911236
 -1.10058
 0.561273
 -0.584697
 0.0853375
 0.480214
 0.228195
 -1.02537
 0.265908
 -0.450905
 1.46269
 -0.040795
 0.693823
 -0.884765
 0.90842
 -0.443468
 1.52338
 -1.31654
 0.555734
 -0.0168526
 -0.696293
 0.0100507
 1.4249
 -0.213312
 -0.489221
 -0.502563
 -0.232952
 -0.0593903
 0.206946
 -0.289806
 -0.168562
 -0.316551
 0.703212
 0.0622403
 0.310674
 -0.949075
 0.316504
 0.250631
 1.7352
 -0.730463
 0.607799
 -0.155604
 0.302787
 0.0460193
 0.3058
 -0.119955
 0.696959
 0.732924
 -0.463867
 1.01746
 -1.23402
 1.66986
 0.0323263
 -0.600516
 0.830922
 0.00822051
 0.555622
 -0.677781
 -0.216718
 0.483948
 -0.256686
 -0.270471
 -0.67061
 -1.10824
 0.255573
 -0.0104513
 0.218946
 -0.380139
 0.98434
 0.180363
 -0.408294
 -0.174528
 -0.0354936
 -0.48378
 0.947379
 0.239282
 0.554833
 0.221393
 -1.97122
 1.9176
 -0.460638
 -0.344835
 -0.17892
 -0.0812998
 1.24964
 -1.0757
 0.594444
 0.189011
 -0.0219124
 0.125001
 -0.534924
 -0.259111
 -0.460427
 0.993896
 -1.08066
 0.701328
 0.483915
 0.983147
 -0.753862
 0.310415
 -0.75405
 -0.467793
 -0.248188
 -0.606561
 -0.353602
 0.195387
 -0.379261
 0.864239
 -1.75395
 0.658759
 -0.53169
 0.683175
 -0.941355
 -0.0425177
 0.241569
 -0.624906
 0.113659
 0.217228
 -0.800435
 -0.596566
 0.302682
 -0.41865
 -0.376716
 0.239581
 -0.50957
 0.169526
 -0.423711
 0.235535
 0.235126
 0.233697
 -0.613517
 0.382704
 -1.024
 1.25141
 -0.657287
 0.817634
 0.297233
 0.000752514
 -1.10581
 1.05998
 -1.03288
 0.118564
 -0.337145
 -0.421042
 0.326775
 0.0375477
 0.285501
 1.50609
 -0.599316
 0.545997
 0.31493
 -0.835194
 -0.644541
 1.84957
 -0.784036
 0.842272
 0.497629
 0.743352
 -0.905094
 -0.198838
 0.394473
 -0.134809
 0.261302
 -0.525996
 0.550872
 -0.498613
 -0.386682
 0.856241
 -0.263978
 1.29479
 -1.96739
 1.6441
 -1.72339
 1.2027
 -0.7703
 1.0544
 -0.895186
 -0.00108726
 -0.0216118
 0.262781
 -0.696798
 -0.204923
 -0.12322
 -0.842455
 0.4421
 -0.860598
 0.253122
 -0.648172
 0.513225
 0.119809
 -0.266527
 -0.482821
 -0.774606
 0.350329
 -0.313366
 -0.543424
 0.47017
 -0.100688
 -1.0071
 0.971689
 -0.0754609
 -0.429222
 -0.582129
 0.382067
 0.26065
 0.447476
 0.75181
 0.319391
 0.483085
 -1.95982
 2.0722
 -0.69931
 1.32164
 0.268056
 -0.208244
 -0.510731
 0.321459
 -1.18227
 0.0334173
 -0.101306
 -0.326989
 -0.386887
 0.251228
 0.146405
 0.0766747
 -0.622688
 0.0796209
 0.217286
 0.357936
 0.30878
 0.0753481
 0.17259
 -0.0315893
 -0.601964
 0.0221096
 -0.707333
 0.446153
 -0.193379
 0.247881
 0.344876
 -0.315003
 0.597299
 0.474103
 0.137848
 0.197205
 1.80646
 -0.673187
 0.875808
 -1.3495
 0.512087
 -1.08864
 0.189357
 -0.142745
 0.27167
 0.520318
 0.759138
 0.36414
 0.908974
 -0.253489
 0.333675
 0.472473
 -1.65479
 1.13446
 -1.32886
 0.127261
 -0.300821
 0.327418
 -0.725798
 1.48594
 0.0471007
 0.0844679
 0.134231
 0.537631
 0.239477
 -0.285644
 -0.532156
 0.325034
 0.696963
 -0.256042
 0.0354888
 -0.617553
 0.268621
 -0.197234
 0.162671
 -0.633961
 0.572471
 0.0814874
 -0.803659
 0.665357
 -0.290839
 -0.49256
 0.680411
 -0.132928
 0.311436
 -0.291219
 0.241774
 -0.815274
 0.940012
 0.416977
 0.335288
 0.37932
 0.303228
 -0.841088
 0.767749
 0.0553557
 -1.10007
 0.942323
 -0.66807
 0.929153
 -0.580746
 1.11133
 -0.978629
 -0.0590758
 0.0732608
 0.309636
 -0.541731
 0.348445
 -0.327932
 0.233942
 -1.25759
 2.31233
 -0.597527
 1.08299
 0.594223
 -0.818094
 0.749547
 0.140183
 -0.65696
 0.130763
 0.193181
 -0.0433577
 0.130896
 0.349932
 -1.29479
 0.637076
 0.656775
 0.440304
 0.0243971
 -1.66471
 1.70875
 -1.85631
 2.38064
 -0.562155
 -0.25876
 0.800289
 0.108907
 0.810095
 -1.25405
 0.498393
 -0.0697082
 0.432353
 -0.174247
 -0.581998
 0.335609
 -0.024771
 -1.18943
 0.114151
 0.684974
 -0.870359
 -0.115462
 0.662408
 -0.51865
 1.56864
 -0.822424
 0.380602
 0.2256
 0.0951034
 0.234039
 -0.0247779
 -0.554045
 0.608052
 -0.115353
 -0.11295
 -0.441255
 0.417184
 -1.97081
 0.784079
 -1.37731
 0.988505
 -0.64785
 0.534569
 0.556477
 -0.690865
 0.275196
 0.0598154
 -0.11048
 -0.112586
 -0.363249
 -0.146604
 1.18944
 0.0524554
 -0.34139
 0.213752
 0.482688
 -0.670428
 0.677006
 -0.372895
 -0.578128
 -0.120473
 -0.364593
 -0.945528
 0.740448
 -0.550561
 0.625882
 0.239916
 0.269801
 1.06749
 -0.593336
 0.0330957
 -0.127247
 0.0152929
 -0.404888
 0.309991
 -1.2538
 0.0844504
 0.0469615
 0.0600205
 0.414147
 -0.387155
 -0.280431
 2.12287
 -0.322662
 -0.00883743
 -0.00547171
 0.11343
 0.214163
 -0.653309
 0.867786
 -0.944506
 0.487945
 0.170963
 -0.345098
 -1.18236
 0.894282
 0.492774
 -0.554058
 1.09555
 -0.689639
 1.36569
 -0.93758
 0.420978
 -0.843728
 0.656908
 -0.419608
 -0.148804
 -1.91039
 1.15673
 -1.84072
 0.453808
 0.403743
 0.0451108
 0.0027864
 -1.33428
 0.781263
 0.132673
 -0.252289
 -0.258348
 0.306472
 -0.946935
 1.6595
 -0.215994
 -0.290617
 0.310275
 0.954633
 -0.100349
 -0.278139
 0.778685
 -0.922128
 0.415771
 -0.0571313
 -0.097731
 -0.180742
 -1.28521
 0.390267
 -0.316596
 -0.147168
 -0.224209
 -0.909261
 0.731857
 -1.66309
 0.809427
 0.0144879
 -0.4116
 0.553382
 -1.21815
 0.953839
 -0.277454
 -0.111039
 -0.100362
 -1.00904
 0.173943
 -1.48681
 0.0797073
 -0.925596
 -0.555648
 0.79991
 -0.815948
 1.62813
 -1.09204
 0.872926
 -1.41451
 0.143194
 -0.544027
 1.29541
 -0.842773
 1.26096
 -1.9532
 0.116371
 -0.777313
 0.557779
 0.0269133
 0.275095
 -0.170821
 -0.289092
 -0.576886
 0.181261
 -0.372486
 0.218293
 0.332469
 0.638483
 -0.606042
 0.570066
 -0.33011
 0.876552
 -0.875412
 0.856714
 -0.712146
 0.306823
 0.213355
 -0.464891
 -0.0139699
 -0.765406
 1.22672
 -1.96814
 0.0711348
 -1.95783
 0.117149
 0.105794
 0.031054
 0.395607
 -0.691262
 0.594695
 -0.392469
 1.69372
 -1.97028
 1.12167
 -1.96107
 1.60681
 -0.834881
 -0.134334
 0.687968
 0.357988
 -0.73696
 0.737886
 0.125099
 -0.408968
 -0.522337
 0.104259
 -0.736037
 1.13491
 -0.844592
 0.709389
 -0.672879
 0.181643
 0.384698
 -0.91026
 0.0373299
 -0.674785
 -1.37022
 1.81729
 -1.34684
 0.24831
 0.0824283
 0.32922
 -0.705362
 0.80509
 -0.745948
 0.671649
 -0.380425
 0.751861
 -1.16437
 1.17442
 -0.903223
 -0.0984268
 -1.82258
 1.56463
 -1.98361
 0.778915
 -1.20868
 0.213155
 0.0153084
 0.173835
 0.959485
 -0.642876
 0.488442
 0.365814
 -0.778483
 0.468693
 0.280103
 0.0389541
 0.470433
 0.697559
 -1.88012
 1.03906
 -0.978653
 0.269579
 -0.386521
 0.229084
 -0.770175
 0.458038
 -0.324299
 0.587624
 -0.610594
 0.824824
 -0.550472
 1.11296
 -0.453095
 -0.248645
 0.328559
 -0.817633
 0.251319
 -0.739625
 -0.314958
 0.411771
 -0.307328
 0.926471
 0.704219
 0.710881
 -0.671761
 -0.134352
 0.37885
 -0.339235
 0.625078
 -0.342038
 0.373587
 0.0870241
 -0.107535
 -0.494477
 0.568433
 -0.0949289
 -0.917868
 0.713413
 -0.705514
 0.370701
 -0.621102
 0.37534
 -0.12914
 0.368659
 -0.923796
 0.63102
 0.215084
 0.19001
 -0.0751872
 -0.0705246
 -0.943181
 0.396711
 -0.596835
 0.89207
 0.672386
 -0.508263
 -0.0554503
 0.807858
 -1.83508
 1.59307
 -1.82775
 0.582833
 0.355808
 -0.71012
 0.873252
 -1.92045
 1.94488
 -1.57174
 1.75915
 -1.6921
 1.08431
 -0.273725
 -0.668657
 0.448995
 0.308051
 -0.303243
 0.069708
 -0.283772
 -0.165601
 0.0711071
 0.0343068
 -0.907465
 0.452884
 -0.779403
 -0.630208
 -0.5065
 0.500355
 -1.12419
 0.447759
 -0.749253
 -0.311792
 -0.185451
 -0.411932
 0.334179
 0.0327999
 0.427801
 -0.490141
 0.490519
 -1.00939
 0.254365
 -0.652718
 0.638907
 -0.874394
 0.509356
 0.225764
 0.227349
 -0.0881399
 -0.0772421
 0.602276
 -0.833327
 0.691738
 -0.607782
 -0.148133
 0.464805
 -0.530616
 0.464648
 -0.684059
 0.27628
 -0.699455
 -0.274852
 0.934139
 -0.556915
 0.0211292
 -0.445959
 0.261536
 -0.0138828
 -0.00416263
 0.292058
 -0.169085
 -0.661972
 0.56485
 -0.566734
 -0.618602
 -0.388929
 -0.00631749
 -0.306497
 -0.359632
 0.239712
 -0.458676
 1.02663
 0.149813
 -0.475644
 0.590461
 -0.00314015
 0.0661478
 0.0903501
 -0.676577
 0.379742
 -0.551109
 -0.340966
 -1.94202
 1.2527
 -1.77764
 0.824393
 -1.70346
 0.739238
 -1.97471
 0.564069
 0.527608
 0.199558
 -0.177783
 -0.176961
 0.228921
 -0.761466
 1.52113
 -0.649411
 0.583639
 -1.20579
 -0.382476
 0.156842
 0.576527
 -0.681789
 0.443585
 0.329754
 0.974613
 1.06166
 -1.07561
 0.426273
 2.0105
 -1.28253
 0.327981
 0.196114
 0.369458
 0.503648
 0.36093
 -0.700895
 1.98781
 -1.68621
 0.419025
 0.398128
 -0.522894
 -0.110014
 1.65494
 -1.29816
 0.604222
 -1.87827
 0.0776309
 0.137403
 -0.423808
 0.239426
 0.968654
 -0.63545
 0.341726
 0.725902
 -0.990888
 1.65527
 0.631043
 0.608017
 -0.502426
 -0.538411
 1.18627
 0.259207
 -0.10466
 -1.35439
 0.893158
 -0.309943
 0.0936642
 -0.611881
 -0.121105
 -0.349872
 0.640807
 0.346106
 -0.589423
 0.567279
 -0.490188
 0.510438
 -0.120757
 -0.772845
 -0.165754
 -0.417226
 0.461371
 -0.742524
 1.95963
 -0.706843
 1.2855
 -0.582357
 0.519843
 -1.29262
 1.91769
 -1.06458
 0.27656
 -0.715654
 1.06607
 -0.766409
 -0.661579
 1.11452
 -0.287715
 -0.383058
 0.296614
 -0.20607
 1.15182
 0.581231
 0.425055
 0.224513
 -0.19423
 0.686864
 -0.560734
 0.192281
 -1.03446
 1.24513
 -0.532773
 0.540301
 0.00277952
 -0.300768
 0.414249
 0.36684
 -0.209791
 -0.527439
 0.101758
 -0.603101
 -0.154801
 -0.591485
 0.594583
 0.106786
 -0.535622
 0.397566
 0.332482
 -0.754669
 -0.600828
 0.382242
 0.153274
 -0.390823
 0.509834
 0.161447
 -0.40936
 0.507704
 -0.500951
 -0.259035
 -0.491047
 1.97186
 -1.98394
 0.804304
 -0.311129
 -0.333281
 0.810426
 -1.45536
 0.601942
 -0.487616
 -0.876058
 -0.240274
 0.355323
 -0.784777
 -0.491908
 0.199645
 -0.648803
 0.0381296
 -1.01161
 0.419768
 0.214737
 -0.619313
 0.907088
 0.173722
 0.47268
 0.202405
 0.573821
 -1.03025
 -0.672513
 -0.363287
 0.230926
 0.412613
 -0.353909
 -0.280815
 -0.15952
 -0.00305132
 0.349091
 -0.192381
 -0.0977375
 -0.729374
 0.246628
 -0.10349
 0.248512
 1.60783
 -1.53431
 0.452547
 -1.81739
 1.83022
 0.497208
 1.4347
 -0.658974
 0.302511
 0.263555
 0.3575
 -0.646404
 0.514442
 0.229828
 -1.25193
 1.66072
 -1.02895
 0.973024
 0.376219
 0.33652
 0.194052
 -0.0996302
 1.55312
 -1.33469
 1.03758
 0.0859181
 0.324638
 -0.381006
 1.27906
 0.167447
 0.0723011
 -0.713098
 1.2632
 -0.23273
 0.666557
 -0.731254
 0.911706
 -1.1282
 1.11949
 -0.608663
 -0.317926
 0.771981
 -1.82822
 0.352661
 -0.92601
 0.231904
 -0.661094
 0.925655
 -0.903587
 0.588136
 0.254937
 0.447803
 -0.900886
 -0.533823
 -0.103092
 -1.86812
 1.05177
 -0.757959
 -0.248436
 -0.0306484
 -0.0261514
 -1.83343
 0.541067
 -0.761479
 0.388486
 0.663071
 -0.791053
 2.23392
 -1.9307
 2.05111
 -0.231966
 1.02002
 0.011185
 0.178088
 0.614686
 -0.272436
 -0.973106
 1.03727
 -0.3747
 0.885897
 0.899562
 0.489062
 0.24502
 -0.777537
 -0.162949
 -0.54797
 0.194947
 -0.645215
 0.685998
 -1.56066
 0.152625
 0.581886
 -0.0816781
 0.0584464
 0.224256
 1.48124
 -0.333958
 1.74884
 -1.12928
 1.31543
 -0.600246
 0.00651891
 0.353031
 0.144699
 0.491019
 0.28762
 1.00768
 0.279865
 0.387956
 -0.0286525
 -0.115911
 0.397827
 0.934888
 -0.901176
 0.661039
 -0.817212
 1.3549
 -1.23863
 1.73537
 -1.05578
 0.549558
 0.305999
 0.420073
 0.433855
 -0.241352
 0.204722
 0.283211
 0.879022
 0.616353
 0.622282
 0.654582
 -1.51934
 0.343596
 -0.32148
 0.206537
 -0.779647
 1.13811
 -0.921837
 -0.569226
 0.16172
 -0.0925332
 -1.2601
 1.10194
 -0.0258235
 0.760578
 0.41716
 -1.44911
 0.562321
 -1.40971
 0.841386
 -1.66176
 1.62357
 -1.95208
 0.652063
 -0.540282
 0.621154
 -0.704726
 -0.496261
 0.209497
 -0.214825
 0.292562
 -0.0783665
 -0.0532956
 0.0879353
 -0.756932
 1.14089
 -0.536874
 0.0160994
 0.711046
 -0.308836
 0.271196
 0.142534
 -0.0861821
 0.561198
 -0.806567
 0.703958
 -0.681698
 0.890952
 0.293566
 0.812682
 0.596128
 -0.140535
 0.762053
 -1.0013
 0.702831
 1.76228
 -1.81268
 0.597561
 -0.165335
 -0.0232206
 0.153756
 0.815884
 0.462631
 -0.705229
 -0.0232504
 -0.604321
 1.23139
 -1.78778
 1.81398
 -1.91587
 0.380186
 -0.45058
 -0.402471
 -0.80507
 -0.736664
 -0.144312
 0.100562
 -1.14312
 0.593803
 -1.02525
 0.180322
 1.08888
 -1.55203
 0.456839
 -0.110758
 0.32065
 0.180073
 -0.307754
 -0.593729
 -0.325536
 -0.31306
 -0.29396
 0.862643
 0.283212
 1.64772
 -1.87582
 0.766125
 0.482526
 0.323547
 -0.581809
 0.500124
 -1.54338
 0.818985
 -0.756632
 0.130579
 -1.47706
 0.810095
 -0.865922
 0.297354
 -0.562386
 -0.839822
 -0.688039
 -0.566739
 -0.260303
 -0.718328
 -0.241586
 0.0917254
 -0.540599
 -0.162685
 -0.657106
 0.325705
 -0.247445
 0.215837
 0.0982639
 -0.407827
 -0.361777
 0.0354853
 0.677108
 -1.30313
 0.581013
 -1.11385
 0.418554
 -0.423619
 -0.00438823
 0.278501
 -0.0282414
 -0.186311
 0.715698
 0.0709549
 -0.262171
 0.665782
 -0.722372
 0.861063
 -0.237478
 0.878903
 -1.32934
 1.08413
 -0.922543
 0.89887
 -0.723583
 0.511715
 0.218632
 -0.788664
 -0.165292
 -0.794226
 0.77946
 -1.6775
 0.340235
 0.449656
 0.952862
 -0.14726
 0.34538
 -0.731291
 -0.398784
 0.564499
 -0.645961
 0.953793
 -1.85709
 1.52839
 -0.835852
 0.443098
 -0.124611
 0.223734
 -0.691824
 -0.360567
 0.1404
 0.0370571
 0.135829
 -0.163988
 -0.024594
 1.67998
 0.387453
 0.758723
 0.63405
 -1.80372
 0.458749
 -0.586045
 0.668617
 -0.616075
 0.199622
 -1.48652
 1.40694
 -1.58902
 1.35938
 -0.622779
 0.699161
 -1.08193
 0.35521
 0.558363
 0.301047
 -0.965842
 0.853671
 -1.68707
 0.343932
 -0.623908
 -0.387051
 -0.310488
 0.651704
 -1.96057
 1.78485
 -0.569664
 -0.745381
 0.217268
 -0.220184
 0.185332
 0.0721149
 0.0238556
 0.492868
 0.303028
 -0.622052
 0.954826
 -0.162419
 0.637823
 -0.348159
 0.684993
 1.02621
 0.194048
 0.0124407
 -0.379601
 0.653973
 0.177375
 -0.0687466
 -0.506073
 -0.358155
 0.108541
 0.501028
 0.520081
 -0.479846
 0.646443
 -0.572435
 1.40756
 -0.779778
 1.42619
 -0.0719662
 0.201471
 0.0115956
 0.640534
 0.552677
 -0.223465
 0.752949
 -0.295956
 -0.623414
 -0.473795
 0.213838
 0.0882728
 0.838181
 -0.390475
 -0.12281
 -0.471655
 0.11526
 0.384015
 0.0421817
 0.28731
 0.130318
 -0.380204
 -0.610584
 0.484335
 -1.6297
 -0.310341
 0.279804
 0.725561
 -0.500454
 1.49437
 -1.98436
 2.03151
 -0.75405
 -0.524436
 -1.65404
 0.577176
 -1.41567
 -0.112961
 0.349625
 0.34931
 -0.445732
 0.683869
 -0.183488
 -0.0102383
 0.122986
 0.231883
 -0.213663
 -0.43513
 0.63938
 0.309022
 -0.563166
 0.402294
 0.396636
 -0.622303
 0.515367
 -0.72179
 0.43111
 -1.57141
 0.402757
 -1.2329
 0.402689
 -0.446509
 0.66154
 -0.945759
 -0.946509
 -1.14641
 -0.27672
 -0.402303
 -1.06043
 0.232673
 -0.335343
 0.254968
 0.289412
 -0.605736
 0.276937
 -1.11013
 0.361924
 -0.855636
 -0.619133
 -0.605062
 0.963263
 -0.585211
 0.518527
 -0.709495
 0.114814
 -0.469926
 0.517351
 -0.220238
 0.400552
 0.543681
 0.70356
 0.77138
 -0.551345
 1.3005
 -1.97963
 1.27705
 -0.223345
 0.652009
 -0.16233
 0.358265
 0.383708
 -1.93038
 0.419799
 0.220947
 -0.901275
 0.992727
 -0.152103
 1.08605
 -1.98415
 0.589469
 0.286406
 -0.692935
 0.664565
 -0.862134
 1.14344
 0.00966446
 0.909036
 0.207124
 0.372132
 -0.651153
 -0.387929
 -0.42053
 0.0208284
 0.230168
 0.416292
 -0.383808
 -0.217124
 0.961475
 -0.872778
 1.47403
 -1.18278
 0.528839
 0.0132656
 -0.605635
 1.13798
 -1.21129
 1.51145
 -1.92068
 1.99016
 -1.1644
 0.150653
 0.114978
 -0.708684
 0.819005
 -0.273685
 -0.453109
 1.48266
 -0.782499
 -0.64678
 0.623953
 -1.26198
 -0.468351
 -0.0514014
 1.14254
 -1.74049
 0.390807
 0.480845
 -0.875036
 -0.703969
 0.132105
 -0.203017
 -0.419214
 -0.056841
 0.484651
 0.0138115
 1.74644
 -1.88047
 0.712072
 -0.431022
 0.353888
 -0.697232
 0.224419
 -0.0265765
 -0.741696
 0.955281
 -0.796349
 -0.648408
 0.202149
 -0.538526
 0.198793
 0.715487
 0.0479382
 0.212639
 -0.994143
 1.33546
 -0.617521
 0.480129
 -0.264774
 -0.435913
 0.680228
 -0.2099
 -0.19195
 0.462313
 0.182123
 -0.169409
 0.459178
 0.426577
 -1.77148
 0.447113
 0.630962
 -0.509125
 0.641472
 -0.775314
 0.585119
 0.316595
 -0.197854
 -0.785807
 -0.584511
 -0.472796
 -0.0841377
 -0.479204
 0.202159
 -0.489028
 0.794257
 -0.661802
 0.283425
 0.582299
 -1.67626
 1.60075
 -1.26596
 0.891659
 -0.157057
 0.0876636
 0.16183
 -1.09793
 0.43554
 0.617219
 0.329955
 -0.606959
 0.967353
 -0.0469781
 1.20215
 -1.96258
 0.731891
 -0.243594
 -0.176377
 0.391297
 -0.989778
 0.635095
 -0.116555
 -0.620489
 -0.0417814
 -0.764775
 0.241559
 -0.8466
 0.663204
 0.204059
 0.603366
 -1.89392
 1.57226
 -0.441393
 0.533887
 -0.0483335
 -0.153127
 0.208099
 0.182883
 -0.731721
 -0.549822
 0.487025
 -0.52391
 0.609058
 -1.07936
 0.200243
 -0.444953
 0.571917
 -0.964357
 0.754509
 0.565402
 -0.504742
 0.547374
 -0.38007
 0.336177
 2.26822
 -0.504437
 0.299998
 -0.201413
 0.0532038
 -0.644276
 -0.601968
 -0.0702073
 -1.02546
 0.563835
 0.0644519
 -0.427825
 0.313661
 0.790309
 -0.180588
 0.415689
 -0.563735
 -0.4045
 -0.639929
 0.113369
 -1.69557
 1.89436
 -0.97142
 1.21748
 -0.355247
 0.399603
 0.0981673
 -0.0440105
 -0.723202
 0.43967
 0.0482636
 0.388751
 -0.678693
 1.47425
 0.175651
 -0.93533
 0.829096
 0.582486
 0.116258
 0.271452
 -0.517696
 0.715079
 -0.519944
 0.496357
 0.556405
 -0.513934
 -0.072165
 -0.837831
 0.611129
 0.263993
 0.275796
 -0.662168
 -0.976904
 -1.68989
 1.39877
 -0.683677
 1.28775
 -1.34913
 0.0359973
 0.45544
 0.684548
 0.341166
 -0.807001
 0.337885
 0.147713
 -0.109873
 -0.0135965
 1.19804
 -0.753748
 0.582481
 -1.17822
 0.101786
 0.342646
 0.23914
 -0.202623
 0.0314027
 -0.507352
 -0.509906
 0.258544
 -0.275812
 -0.684948
 0.623517
 -1.64708
 1.52526
 -1.21255
 -1.23834
 0.352948
 0.26222
 -0.165724
 0.188527
 0.349888
 -0.529956
 0.398611
 -0.523616
 0.509913
 0.381058
 -0.74467
 -0.0358548
 -0.170828
 0.365345
 1.89758
 -1.94425
 1.51067
 -1.46486
 -0.668436
 -0.663194
 -0.683744
 0.239606
 -0.185312
 0.5271
 -0.529548
 0.663842
 0.00573424
 0.602266
 0.140166
 0.680175
 -0.921169
 2.15136
 -1.82989
 2.18018
 -1.871
 0.676937
 0.198431
 -0.798926
 -0.255091
 -0.295249
 -1.00966
 1.16102
 -0.572959
 0.719053
 -1.11132
 0.933164
 0.921734
 0.0774438
 0.451386
 0.541223
 -0.70244
 2.32769
 0.0156871
 0.38046
 0.565958
 -0.601553
 0.781537
 -1.80868
 2.12815
 -0.744624
 1.08234
 -1.08603
 0.15083
 -0.510284
 -1.28865
 0.937964
 -0.585317
 0.680276
 -0.117321
 0.724252
 -0.262723
 -0.0339362
 0.969385
 -1.48006
 0.615017
 -0.943383
 1.83009
 -0.671302
 0.597656
 -1.97469
 1.05497
 0.379197
 0.027893
 -0.445489
 1.55083
 -1.94849
 1.24674
 -1.09141
 -0.205884
 -0.481228
 -0.228378
 0.72188
 0.410131
 0.340045
 0.46262
 -0.104942
 0.0789201
 0.526225
 0.130947
 0.358484
 -0.332012
 -0.264693
 -0.471514
 0.0025541
 -0.744298
 0.954851
 -1.56567
 1.55685
 -0.561141
 1.55295
 -1.72171
 2.08799
 -1.97794
 0.133364
 -0.0749145
 -1.94643
 0.208346
 -0.655402
 -0.327905
 0.398547
 -0.0719181
 -0.216342
 0.421194
 -0.800448
 0.461782
 -0.454116
 0.0363894
 -0.327597
 1.52375
 -1.82975
 2.27321
 -0.751704
 -0.271054
 -0.359484
 0.514999
 0.649381
 -0.719507
 1.07475
 0.337964
 -0.448873
 0.524032
 -0.712876
 0.373888
 -0.627793
 0.33074
 -0.643358
 -0.260848
 0.146206
 -0.162374
 0.0104625
 -0.122942
 -0.420984
 0.413494
 0.426521
 -0.184487
 -0.64003
 0.169352
 -0.399198
 0.244114
 0.236936
 0.585632
 -0.504783
 0.609476
 -0.610601
 0.389841
 0.151589
 0.562256
 -1.0782
 2.10273
 -0.399273
 0.667753
 -0.0334408
 0.402603
 -0.691291
 -0.494485
 0.203958
 -1.20595
 0.384443
 -0.371266
 0.334659
 -0.138033
 -0.105079
 0.717424
 -0.476998
 0.211894
 -0.628873
 0.207905
 0.784342
 0.500055
 0.0283552
 -0.0119936
 -0.582095
 0.895826
 0.99828
 -0.699002
 -0.00590411
 -1.77948
 1.39413
 -0.920695
 -0.185186
 -0.438031
 -0.603613
 -0.437615
 -0.0315625
 -0.0301461
 -0.196927
 0.15928
 -0.889325
 0.0730705
 0.224391
 0.0486433
 0.381096
 0.759675
 -0.475466
 0.317199
 0.0964731
 0.413599
 0.194761
 0.51455
 0.220333
 0.22317
 -0.563168
 0.609709
 0.365313
 0.372991
 0.201234
 0.0796626
 0.367867
 -0.447202
 1.03374
 0.702708
 -0.543079
 0.440356
 -0.734486
 0.63526
 0.113993
 0.260476
 -0.585079
 -0.812524
 0.0291015
 0.871971
 -0.941201
 0.442979
 0.373657
 -0.198464
 -0.173632
 0.476502
 0.479865
 -0.377531
 0.0802821
 0.13497
 -0.10816
 0.23883
 -0.233482
 0.575906
 -0.288568
 -0.690281
 -0.235623
 0.848257
 -0.652209
 0.151392
 -1.64521
 0.794618
 0.515673
 -0.509178
 0.103205
 -0.825141
 -0.0563125
 0.369012
 0.0552529
 -0.667434
 -0.750601
 0.74663
 -0.539557
 -0.118718
 0.542093
 -0.601446
 2.11263
 -1.62258
 0.323802
 -0.444631
 0.231465
 -1.1842
 0.282605
