 -1.67378
 -0.296479
 0.555075
 3.82489
 1.72079
 2.27734
 5.34006
 -0.167608
 1.52723
 0.284126
 0.265135
 1.09766
 0.98872
 1.2299
 -0.912133
 3.95958
 2.09546
 2.09937
 0.251936
 0.116717
 -0.346163
 0.810095
 2.56928
 -1.11842
 0.296002
 -1.20348
 1.66968
 -0.986251
 0.115859
 -0.957499
 -0.464912
 -0.813163
 -1.38772
 -0.0198492
 -2.09797
 0.167418
 1.05916
 -2.92393
 -1.09974
 -4.22691
 0.187135
 -3.30333
 -0.494984
 -3.72959
 -1.75563
 -0.934404
 -0.570617
 -1.89118
 -4.20298
 -1.97164
 -1.31433
 -1.68282
 -3.8127
 0.201755
 0.335415
 -0.0925907
 -1.79207
 1.84974
 -2.43437
 -1.79929
 -2.28557
 -1.96015
 -0.854542
 -0.0317385
 2.68116
 0.741388
 -0.233858
 -0.0977829
 -0.668947
 -0.656255
 -1.0574
 -1.31609
 -1.31931
 0.715309
 -0.968406
 0.357775
 -0.755453
 1.70459
 1.01108
 -0.494138
 3.02434
 0.562265
 2.2388
 -0.561875
 0.631213
 -0.41518
 -1.99451
 -2.81818
 -0.691615
 -1.86574
 -0.0816268
 0.721938
 1.45975
 0.080945
 -0.561687
 -1.34753
 0.252027
 -0.245625
 0.441953
 1.48142
 -1.58529
 -1.01873
 -0.560433
 -0.754984
 2.01484
 -2.18554
 0.273762
 -0.980303
 -0.32929
 -4.08359
 -1.12348
 -3.05179
 -0.993151
 -0.492736
 -0.426095
 0.700693
 -0.393777
 2.53423
 0.54421
 1.04356
 0.371081
 0.736895
 5.08834
 2.47901
 2.39872
 2.25435
 -0.250838
 2.35546
 -1.81519
 1.18994
 -2.61811
 1.82624
 -2.33144
 -0.849525
 -0.0621567
 0.100593
 -0.802926
 -0.312241
 -1.44277
 1.24265
 -0.761446
 -0.0303836
 -0.715232
 -0.210142
 -1.56824
 -1.72138
 -0.254382
 -1.10512
 0.452207
 2.94638
 0.461986
 1.78152
 -0.347195
 2.49108
 -1.76638
 0.725023
 -0.287545
 -1.25275
 -0.401508
 1.23648
 1.8578
 2.76321
 1.17362
 0.478219
 0.743532
 -0.124973
 1.53135
 1.75697
 1.28443
 0.857424
 0.942342
 -0.860954
 0.555666
 -0.803936
 2.6889
 1.76443
 3.4516
 1.70237
 0.351166
 -0.0912734
 0.707111
 -1.69501
 -1.51708
 1.13173
 -1.74133
 -0.772152
 0.734552
 -0.917762
 -0.242773
 0.0320268
 0.411338
 -0.39849
 -0.387538
 -0.878576
 -1.71082
 -0.139385
 0.566109
 1.67393
 0.909116
 1.23439
 1.47513
 2.43153
 0.195796
 0.44454
 1.24318
 -1.12089
 -1.56624
 0.740183
 -1.03242
 -0.167688
 -0.0519712
 1.08601
 -2.69573
 1.95098
 -2.5693
 2.56877
 -2.16867
 1.88875
 -2.50383
 2.89571
 -1.10248
 0.0657545
 -1.23137
 -0.491081
 -0.85951
 1.8701
 1.99637
 0.0254852
 1.89996
 1.58805
 2.0971
 1.9079
 0.724503
 1.55215
 1.13079
 -0.490233
 -1.96857
 0.059029
 -2.67967
 2.15513
 -1.01591
 0.172242
 -0.959172
 1.40418
 -0.306407
 0.485076
 -0.571369
 1.40368
 2.10112
 2.79795
 0.732855
 0.861107
 0.0738881
 -0.48432
 0.34794
 -0.652008
 -2.55045
 -1.13202
 0.207239
 0.398171
 -0.532363
 -0.713504
 0.397953
 0.133541
 -2.53055
 -0.917598
 -0.562913
 -0.925498
 -1.0949
 0.253971
 -0.480821
 -0.197979
 -0.607717
 -2.92163
 0.875312
 -0.951432
 0.464
 -0.924565
 -2.01923
 -0.673964
 -3.62866
 -3.7949
 -2.67814
 -3.34666
 -1.75576
 -0.634674
 -1.30232
 -2.10255
 -1.09303
 -1.57682
 0.0658479
 -0.109143
 -2.66971
 -1.41948
 -1.95841
 -1.08371
 -1.05989
 -0.65572
 -0.0991113
 0.305884
 0.181951
 1.22939
 1.04324
 0.850234
 -0.29371
 1.278
 -0.339004
 0.701002
 0.365651
 -0.289505
 -2.17991
 1.44222
 -1.93242
 1.64185
 -0.238662
 0.97832
 -0.75695
 1.49153
 3.22204
 0.735995
 0.664475
 -1.06955
 -1.04717
 1.21374
 -3.09289
 0.47533
 -1.25391
 -0.646241
 -2.14151
 0.252299
 -0.679328
 2.2646
 -1.99614
 0.253285
 -1.72435
 -1.12617
 -2.56819
 -1.46362
 -2.43901
 -0.190438
 -0.437072
 0.152338
 -1.56549
 1.39741
 0.00609291
 2.17361
 2.21874
 0.272342
 1.01149
 0.0524791
 1.21416
 -1.94283
 2.34861
 0.248801
 0.575258
 0.648149
 -1.97654
 -2.22302
 -1.1054
 -2.6844
 -1.98029
 -2.11629
 -1.21677
 0.220914
 -1.41521
 0.809872
 1.23532
 1.30591
 1.10454
 1.87314
 -0.171234
 0.99236
 0.488705
 -0.883944
 -0.529638
 0.319385
 0.804396
 -1.137
 1.55828
 -0.202861
 1.83757
 -1.55593
 1.76262
 -2.0297
 -0.098087
 -0.287952
 0.566854
 -0.176603
 0.473602
 0.788561
 1.85469
 -2.67002
 0.0243223
 -1.85476
 -1.00738
 -3.66078
 -1.14459
 -1.34619
 0.856851
 0.39868
 2.38263
 2.59319
 1.95472
 4.1176
 1.29982
 2.47035
 2.46486
 1.01238
 2.90317
 1.45759
 3.14674
 1.6076
 1.28484
 1.4007
 2.14497
 1.37402
 1.04838
 1.7866
 2.19488
 -0.203536
 -1.50131
 -2.53894
 -1.42003
 -3.41742
 -2.32988
 -2.22269
 -2.90025
 -3.27765
 -2.75095
 -1.3774
 -0.969191
 -0.44537
 -2.52426
 -0.432177
 -0.835071
 -0.142927
 -0.0582713
 1.83152
 2.96589
 2.53251
 3.52695
 -1.45191
 0.357399
 0.565857
 -0.793675
 -0.403928
 0.234649
 -0.844686
 -0.612363
 -2.60565
 -0.771943
 -3.63893
 -2.02195
 -2.23207
 1.48391
 -0.505191
 -1.39828
 -2.06154
 -0.350693
 -0.84672
 0.02458
 -2.95774
 -0.599748
 -4.19242
 -0.308276
 -3.70909
 1.30522
 -1.0445
 2.44013
 -1.91714
 0.571019
 0.38978
 -1.13748
 2.31722
 1.3245
 2.74817
 2.05203
 1.82441
 1.96917
 0.910287
 1.18331
 0.213379
 3.56651
 -1.4547
 -0.187266
 -1.79718
 1.27431
 1.16783
 -2.83076
 0.308788
 -2.28356
 -2.789
 -1.09316
 -0.0972218
 0.965986
 1.44223
 3.35434
 2.27111
 4.55638
 1.78491
 1.76655
 1.85818
 0.399537
 2.91587
 -0.652675
 0.22023
 -0.183378
 1.17082
 -0.755054
 -0.336389
 0.572648
 -0.563437
 1.4949
 1.24694
 -0.642564
 1.17708
 -0.563465
 -0.000600932
 -1.2261
 -2.08343
 -0.665846
 -2.13204
 -2.89612
 -0.881008
 -2.94861
 -2.51432
 -3.53058
 -2.13601
 -4.12089
 -0.157127
 -3.46295
 0.511194
 -1.39127
 -0.478125
 0.544294
 -1.45948
 0.477393
 0.569178
 0.446009
 1.48038
 -1.05595
 0.0889285
 -1.39458
 -1.91501
 -0.612232
 -2.6532
 0.201439
 0.650058
 1.1327
 -0.510746
 0.659558
 1.67434
 1.77477
 2.7831
 1.09834
 2.78778
 0.00767239
 2.27817
 1.74201
 0.164852
 2.33293
 0.840304
 0.69844
 0.793734
 0.443263
 3.39854
 -1.56916
 -0.649793
 -0.464255
 -1.4146
 0.0329889
 -1.30969
 -1.6372
 -2.77153
 -1.19334
 -0.55698
 -0.300378
 -1.67003
 -0.608671
 -0.783828
 0.0981968
 0.296026
 -0.79814
 -0.011506
 -2.95677
 -0.582952
 0.471252
 -1.58584
 -1.17368
 -1.99714
 -0.825676
 -1.77135
 -2.02972
 -1.01701
 -1.77293
 -0.695963
 -0.312065
 0.0419609
 0.840318
 -1.9792
 0.703062
 2.01473
 5.8667
 0.138111
 2.05942
 1.58955
 2.12905
 1.67143
 1.33384
 3.3845
 1.40985
 -1.761
 -1.33125
 -2.00166
 -2.46938
 -1.67172
 -2.45613
 -1.04232
 -1.28401
 -0.78026
 0.211811
 0.653785
 -1.29374
 -0.897634
 0.0447099
 -1.14039
 -1.77641
 -1.73954
 -1.03106
 -1.11678
 1.00771
 -0.570262
 -2.59532
 -2.09531
 -1.42469
 -0.683733
 -1.40228
 -2.34433
 -0.756708
 0.941129
 1.13755
 1.02693
 0.899761
 0.845339
 0.65343
 1.08706
 -0.146299
 0.952026
 1.30938
 1.3517
 1.82799
 -0.518878
 1.15513
 1.64503
 -1.30062
 -0.899611
 -0.401028
 -0.155974
 -1.4457
 0.629019
 -3.04299
 1.2976
 0.11585
 -0.6086
 -0.962971
 -0.226858
 -1.24114
 -0.598517
 -1.26238
 -0.632769
 -1.71891
 -0.331197
 -1.62241
 -2.21293
 -1.95798
 -5.21276
 -1.71844
 -1.29994
 -3.39916
 -0.646465
 -3.25924
 -1.056
 -1.69313
 -0.857983
 -2.47256
 -3.07728
 -1.73955
 -1.34647
 -1.32483
 -0.577502
 0.719242
 1.73159
 1.29396
 2.5023
 2.08893
 2.53329
 0.0183573
 2.43825
 1.1558
 3.35489
 0.971427
 2.72738
 -1.30859
 3.40704
 -0.954794
 0.843746
 -1.29326
 -1.39547
 -0.606749
 -0.896099
 0.440473
 -0.953562
 1.27684
 0.839118
 -0.048088
 0.827824
 -0.557174
 -1.79248
 -1.30705
 -4.66839
 -1.7941
 -3.06157
 -2.31571
 -1.22794
 -0.0331157
 -0.0198072
 0.664155
 0.865967
 3.46653
 -1.23314
 1.06783
 -0.760744
 2.72417
 0.609691
 3.19479
 2.82953
 3.21052
 2.48959
 3.43189
 1.96508
 2.66591
 3.38135
 2.13768
 -0.0304956
 -0.749838
 0.387325
 -0.396439
 -0.194747
 -1.12857
 -1.54336
 0.973969
 -0.22509
 1.17809
 3.25004
 0.49529
 3.97745
 -0.617464
 1.82474
 2.56404
 1.91521
 3.16991
 0.511203
 -0.817513
 0.721553
 1.63278
 3.29904
 1.9538
 0.307066
 0.892633
 0.401823
 -0.880773
 2.30501
 -1.18849
 2.81127
 -0.628582
 0.261805
 1.14804
 1.38273
 1.61098
 -1.13956
 3.04879
 -1.44882
 2.72151
 -0.233126
 1.04619
 1.14197
 1.59541
 -0.00533637
 1.37141
 -0.46951
 -0.30859
 0.165948
 -0.928968
 0.258017
 0.189345
 -1.15386
 -2.27289
 -0.92519
 -0.506974
 0.220905
 -3.64308
 -0.821727
 0.127952
 -0.93387
 -1.97358
 -3.33402
 -1.40738
 1.10592
 -0.468694
 -1.7694
 -1.26834
 -0.988899
 -0.994736
 0.245271
 -0.0475166
 -0.27493
 -0.984485
 0.792456
 0.292106
 0.133543
 0.963427
 1.73697
 2.06986
 0.132589
 -0.301733
 0.882548
 -3.22654
 -1.87356
 -0.29617
 -2.47403
 -2.61634
 -1.49045
 -0.66671
 -3.18368
 -1.59059
 -1.19664
 -2.14558
 -1.84105
 -2.21036
 -1.08053
 0.511924
 2.73534
 3.37384
 1.15331
 1.8751
 0.764573
 2.25177
 1.62277
 2.82104
 2.74341
 -0.135118
 -1.65574
 -0.758041
 -1.56575
 -3.46165
 -1.84668
 -2.41363
 -0.0533979
 0.283696
 0.104515
 -1.11451
 -0.172351
 1.99341
 -0.299721
 1.21994
 0.204242
 1.04908
 1.5434
 -0.111638
 1.49972
 0.0035998
 -0.530873
 0.614246
 -1.96782
 -1.14686
 0.000331414
 0.237438
 1.70579
 -1.71278
 2.26146
 0.287981
 1.031
 1.69504
 0.994358
 1.08611
 -0.904946
 0.437239
 -1.21385
 0.500719
 0.339649
 -0.912662
 -0.635293
 -1.4102
 0.0877323
 1.02644
 -1.16123
 -0.145333
 1.27594
 -0.183654
 4.12598
 1.93065
 2.48729
 2.17588
 0.670645
 -0.800313
 -0.438098
 0.406152
 0.976585
 1.11871
 1.74432
 1.98832
 1.87821
 1.4766
 1.8452
 0.102565
 0.352606
 1.21339
 -1.36329
 0.555526
 -0.328049
 -0.927585
 -0.640869
 -0.438086
 -1.6459
 2.18226
 -0.12963
 0.756291
 3.84035
 -0.715225
 1.76609
 -0.225871
 1.5735
 1.12361
 2.13069
 1.28806
 -0.0670151
 0.548687
 -1.18742
 -2.05253
 -0.265433
 -0.304753
 3.00044
 0.842998
 2.81015
 0.283049
 3.83435
 1.27323
 0.664643
 1.2239
 2.18668
 2.65008
 2.89516
 2.41918
 5.36367
 2.11916
 4.67267
 0.547776
 2.91616
 1.29975
 3.81777
 2.15203
 1.76982
 -0.173753
 1.76058
 1.87434
 3.07791
 2.67025
 2.66967
 1.83398
 1.35819
 2.63165
 0.019393
 0.628292
 1.7577
 0.0396814
 1.54613
 0.353626
 -0.197433
 0.392776
 -0.550402
 -2.06622
 0.262511
 -1.54132
 -0.565635
 -1.44508
 -2.06183
 -2.28419
 -3.29815
 -1.76261
 -1.88304
 -0.467538
 -2.48186
 1.43333
 -2.57269
 0.199821
 -3.82251
 -1.16605
 0.164145
 -0.992087
 -0.810592
 -1.05717
 -2.71659
 -1.01517
 -1.24971
 -0.348104
 1.06553
 -1.65326
 -1.74437
 -2.72208
 -0.537465
 0.241577
 -1.30641
 -3.94412
 -1.06178
 -3.73532
 0.500788
 -1.39649
 -1.76538
 1.68106
 -2.54685
 -2.62944
 -2.93936
 -1.75806
 -0.928838
 -1.81041
 -1.32883
 0.205068
 3.30947
 3.04019
 1.36334
 0.584543
 1.90521
 1.6559
 2.86452
 0.626484
 3.17978
 1.20837
 3.34345
 1.52112
 2.06032
 1.5845
 3.12289
 -1.56548
 2.06841
 -0.959343
 0.829348
 -1.13496
 0.897128
 -0.253476
 -1.30197
 1.60141
 -0.947722
 -1.57127
 -1.29879
 -1.59892
 0.129345
 0.447834
 -3.48773
 -1.5834
 -1.07945
 -0.266017
 0.220283
 -0.0362917
 -0.404115
 -1.33539
 -2.31596
 -0.727416
 -0.171195
 -0.737954
 -0.459378
 -0.303857
 1.25841
 0.0850337
 0.855695
 -0.947894
 -0.973629
 -0.538834
 -1.25222
 -0.842668
 2.83139
 0.908293
 1.29819
 4.67469
 -0.237812
 4.60752
 -0.739721
 0.395401
 -0.453165
 -0.950857
 -2.08228
 -0.916521
 -1.72238
 -1.18656
 1.10697
 0.373363
 1.04345
 1.26529
 -0.450463
 3.11147
 -1.73905
 0.659697
 0.946507
 1.57673
 1.56808
 -0.368886
 1.17861
 1.34266
 2.28652
 -0.547978
 0.235534
 1.93232
 -0.0344084
 -1.46675
 -1.30849
 -2.11621
 2.01729
 -2.39107
 2.4755
 -1.80348
 0.453221
 0.504749
 -0.473408
 -1.41245
 -1.47305
 0.483019
 -1.98544
 1.17316
 -0.253894
 3.42418
 -1.53449
 1.37567
 -0.680429
 0.679761
 0.0606944
 1.696
 -1.19376
 2.43128
 -2.17362
 -0.775684
 -0.181569
 -0.160003
 -0.124048
 -1.64073
 0.293482
 -1.48581
 -1.37237
 -1.13652
 -0.292971
 0.138111
 -1.32975
 -0.504158
 -0.233907
 0.764798
 0.0472924
 1.55253
 3.37145
 0.136284
 1.59211
 -0.548672
 -0.976389
 -1.34057
 -2.24181
 -1.71289
 -2.20244
 -1.75242
 -2.4519
 -1.04393
 -1.47115
 -0.209002
 -2.77174
 -1.03716
 -0.655621
 -2.05969
 -0.141249
 0.28238
 -1.86267
 2.10566
 0.0422813
 1.66889
 -0.168972
 -0.573451
 -2.31465
 -1.01864
 -0.809853
 -0.155077
 -1.03865
 -3.31016
 -0.960624
 -0.930608
 -1.49861
 -0.961888
 0.747779
 -1.07606
 -0.719204
 -1.5757
 0.855357
 -2.44554
 1.24233
 -0.360789
 1.74132
 -0.214136
 3.95297
 0.57264
 0.397612
 -0.97843
 0.375068
 0.729494
 -1.55553
 -0.584723
 0.244129
 0.725516
 -0.764416
 0.251911
 -0.251046
 -1.64187
 0.595256
 0.234055
 -1.48006
 0.569305
 -1.22187
 -0.931814
 -1.95944
 -1.79543
 -2.32643
 -2.97315
 -1.92216
 -2.2387
 -2.30291
 -3.57911
 0.329029
 0.112611
 1.82305
 -1.12356
 3.09995
 -1.62221
 -0.817288
 -1.55314
 -2.11991
 -2.96474
 -1.51237
 -1.31035
 0.315175
 -1.39583
 -1.31522
 -0.731849
 1.69191
 0.213777
 1.19532
 1.02837
 0.506177
 1.08915
 0.733713
 1.87682
 1.36586
 1.32779
 1.51483
 0.645812
 1.30185
 -1.22276
 -0.459641
 -0.0719991
 -0.790394
 -0.565588
 -2.51006
 0.68967
 -3.05945
 -1.52167
 -0.455702
 -1.19508
 -0.55685
 1.14882
 0.740368
 1.12865
 2.01895
 -0.51328
 -1.60709
 -0.124904
 0.0639644
 -1.3833
 1.69703
 1.85218
 2.03429
 -2.28777
 0.856925
 -0.715812
 2.98525
 0.628785
 2.97587
 0.922984
 0.99893
 0.684783
 -0.36262
 -0.656748
 -0.291348
 0.342562
 0.522484
 -0.270807
 0.443373
 -1.29167
 1.69017
 -0.0331883
 2.44894
 0.477766
 -1.70175
 -0.617349
 0.613335
 0.510752
 -1.18573
 -3.02349
 -1.77888
 -4.60287
 -2.12045
 -1.15841
 -4.43828
 -1.62672
 -3.05427
 -1.44059
 -0.844609
 1.19628
 1.32651
 1.24086
 1.12146
 0.0476433
 0.535234
 0.548723
 0.0540309
 -1.4836
 -0.536949
 -0.640633
 -0.828384
 -0.290001
 -0.897168
 0.901668
 0.93111
 -0.356851
 -0.845837
 -0.648296
 -1.7274
 -2.15427
 -1.00294
 -1.88133
 -0.664034
 -1.61282
 -2.31992
 -0.45638
 -0.0758699
 1.48625
 1.53116
 1.95011
 0.071685
 1.14177
 0.812944
 0.818461
 -0.476105
 -1.03992
 -2.11474
 -1.00472
 -4.0145
 1.27669
 -3.07143
 -1.12182
 -2.12729
 -2.27301
 -1.426
 -1.84377
 -0.83346
 -0.036447
 -1.32201
 0.0413906
 0.213716
 -1.20532
 -1.69873
 0.493389
 -1.98948
 -0.859505
 -0.698886
 -0.114398
 -0.748271
 -0.872216
 -0.483367
 -1.12152
 -1.35566
 -1.18106
 0.311084
 -0.353364
 -1.22362
 0.274707
 0.332566
 -1.15842
 -1.12409
 -0.374947
 -0.222958
 -0.436829
 0.169265
 0.317854
 -1.05267
 -0.411758
 0.702323
 1.09843
 1.64289
 -0.0307708
 3.84187
 -0.922572
 1.30783
 1.02861
 1.14228
 0.223089
 1.46835
 0.0895159
 1.06252
 0.67719
 4.27165
 6.22364
 3.78836
 2.07714
 2.21364
 1.80379
 1.86439
 0.228588
 0.397338
 -0.954311
 -4.59076
 -0.387948
 -3.37721
 0.918456
 -3.32234
 -1.31857
 -4.86681
 -2.29164
 -2.78835
 -1.05807
 -0.592562
 0.139491
 1.07507
 -1.17827
 1.3396
 -2.55924
 -0.703592
 -1.78112
 -0.649477
 -0.0474831
 0.324004
 0.500411
 -0.224524
 0.620707
 1.35618
 -0.375355
 -1.33182
 -0.586742
 -0.0967732
 0.399008
 0.992717
 2.48685
 -2.0127
 0.812473
 1.55171
 -0.924817
 -0.827598
 -1.74825
 -0.406731
 -4.08537
 1.08247
 -2.09133
 0.311711
 -0.412997
 0.291653
 -0.504436
 0.505795
 -1.4779
 0.207606
 -0.0125199
 1.54216
 1.16979
 1.15464
 0.283829
 1.39449
 -0.86664
 1.5518
 2.99901
 1.43706
 1.99574
 1.6729
 5.62534
 2.17323
 4.52491
 0.101337
 4.2896
 2.33841
 2.78599
 1.23532
 1.94827
 1.12309
 2.81219
 0.399949
 1.79667
 -0.347871
 -0.368932
 -0.0866766
 -1.00797
 1.62009
 -0.0805976
 2.2363
 2.32635
 2.51798
 0.856792
 -0.755371
 -0.239111
 -1.69791
 -0.697047
 1.33655
 0.681317
 -0.127932
 1.75228
 1.73951
 1.45138
 1.66477
 1.81753
 2.21266
 2.03911
 0.961665
 1.27217
 2.41396
 2.99444
 0.0377437
 1.32305
 1.15738
 -0.502686
 0.227358
 -1.23422
 -0.524961
 -1.62191
 -0.964159
 2.40038
 0.0969046
 1.77335
 0.596674
 0.845112
 -0.916544
 -2.96272
 -2.44874
 -2.05871
 -0.117077
 -0.331049
 1.03229
 2.96378
 0.590815
 2.00132
 2.54661
 0.577129
 -0.0367993
 -0.814121
 1.01488
 -0.0968305
 0.694715
 -0.588778
 -1.66159
 1.96713
 0.113169
 -0.209882
 0.566029
 1.3568
 -0.51908
 -0.375039
 -1.53483
 -0.959162
 -0.142817
 -1.93444
 -1.17198
 0.19087
 -1.04656
 -1.65236
 0.832202
 -0.413379
 -1.21938
 -0.266526
 0.459205
 -0.563116
 -0.0353375
 -0.524055
 -0.234026
 2.56965
 0.526662
 1.48152
 0.35235
 -1.21532
 -2.67651
 0.223969
 -3.79388
 0.795541
 -1.31353
 1.79941
 -1.06339
 0.391695
 0.964413
 3.08013
 1.63971
 3.01867
 1.67928
 0.845453
 3.65392
 1.3621
 1.32206
 -1.46905
 0.841013
 0.502805
 1.35077
 -0.176946
 2.40128
 1.08061
 1.23614
 -0.620193
 -1.53034
 -0.489203
 -2.59304
 2.24936
 -2.3895
 -1.07035
 -2.98904
 0.148602
 -3.37428
 1.8051
 -2.64593
 1.65195
 -0.217943
 -1.38169
 -1.04616
 -3.78716
 -2.50663
 -0.638844
 -3.01159
 -0.969963
 -2.1052
 -0.781748
 -1.28506
 -0.22923
 0.62208
 0.334235
 -0.99099
 0.0100355
 -3.1704
 -1.92726
 -2.77602
 -1.67822
 -1.91015
 -2.16723
 -2.77772
 -0.279535
 0.27037
 1.0067
 1.7572
 1.61442
 0.737837
 0.578898
 0.458242
 1.52996
 0.243775
 0.911192
 2.83154
 1.26297
 2.80532
 0.739697
 2.38052
 -0.444861
 -0.893657
 -2.34328
 -0.946365
 -0.141982
 -1.39721
 -2.48679
 -3.06078
 -1.40342
 -0.40853
 0.691024
 1.26666
 -1.12374
 -0.335595
 0.404592
 2.51887
 2.64579
 2.23461
 1.0583
 1.48459
 -0.535685
 0.0869913
 0.552588
 1.50394
 1.66968
 1.45553
 2.41585
 0.418088
 3.31678
 -0.311016
 3.09493
 0.286144
 0.050537
 1.30452
 0.63293
 1.01808
 0.203689
 -0.91269
 -0.34665
 -1.59715
 0.0947428
 -0.469916
 0.814325
 -0.303088
 0.23699
 1.23774
 1.40225
 0.2521
 -1.13875
 -0.558328
 0.0191473
 0.506976
 -2.44244
 -0.259557
 -1.5923
 -2.72724
 -2.74578
 -1.27725
 0.0482978
 0.234143
 0.412099
 -3.46664
 2.27052
 -0.571229
 0.686623
 1.60512
 1.47573
 1.51515
 4.0123
 1.62159
 4.11384
 4.14363
 3.81555
 3.72559
 4.83183
 2.34078
 6.23878
 0.516064
 4.84733
 0.573904
 1.78438
 0.552107
 4.51042
 -0.799085
 1.01693
 -0.0599911
 3.61782
 -0.114257
 3.29707
 1.17266
 -0.291771
 -1.91084
 -1.32129
 -0.585769
 -1.31967
 -0.372888
 -0.323112
 -1.34114
 0.34078
 0.815287
 2.47562
 -2.23551
 0.66209
 -1.45673
 -1.3841
 -2.43846
 -1.83975
 -3.68624
 -4.00448
 -2.51564
 -0.857939
 -1.60822
 -3.17724
 -1.43018
 -1.89238
 -0.894458
 -1.71849
 -0.719693
 0.671787
 0.348608
 -2.88346
 -0.896169
 -1.9649
 -1.39073
 -1.98748
 -1.30267
 -1.12645
 -2.02333
 0.506449
 -1.62965
 -1.08739
 -0.823215
 -0.317942
 -2.97046
 -0.795279
 -1.33569
 1.41914
 0.202829
 -0.924016
 2.25374
 0.138409
 -0.79754
 1.91349
 0.255049
 -0.265884
 0.785707
 2.20374
 0.455897
 1.35912
 1.2896
 -0.564044
 0.068229
 -0.794574
 2.99626
 -0.424894
 1.12837
 -0.509774
 -0.680537
 0.91031
 -0.64253
 0.564757
 -1.34014
 2.24868
 2.40683
 3.07115
 3.56965
 -0.442651
 -0.499346
 0.0649748
 2.58766
 -0.553408
 -0.0151138
 -1.79378
 -0.132254
 -1.30123
 -0.486189
 -1.29174
 0.378909
 -3.69794
 -1.45202
 -0.660218
 3.087
 2.81781
 2.98567
 3.00477
 3.13764
 4.54564
 3.53335
 4.11885
 4.08171
 -0.0435042
 4.66277
 1.34963
 5.3077
 1.19434
 3.04722
 0.783468
 1.32732
 -1.155
 -2.32441
 -1.87609
 -0.668992
 0.470933
 -0.946851
 1.41022
 -2.85739
 -1.48695
 -2.31417
 -3.01682
 -2.00448
 -2.91934
 -1.69704
 -1.06653
 -2.45261
 -0.648796
 -0.480982
 -4.15013
 -2.32874
 -2.3106
 -1.17424
 -1.21865
 -2.10333
 -0.825268
 0.393376
 1.80099
 1.61657
 -1.52937
 0.363778
 -2.09209
 -0.490853
 -0.469995
 -0.403189
 0.513165
 -0.764549
 0.57095
 1.10469
 -0.149275
 -1.54053
 -0.953743
 -1.83045
 -1.53063
 -0.840945
 -0.877574
 -1.27631
 -1.90497
 -1.45182
 -1.15465
 -1.75746
 -0.73695
 -1.07784
 0.325287
 -1.44907
 -1.4402
 -2.47887
 -0.823082
 0.36388
 0.0736783
 -0.688525
 -0.280431
 1.11469
 1.89321
 0.80482
 -0.506529
 2.3856
 0.531383
 1.8969
 0.0313229
 -0.933711
 -2.61913
 -5.4531
 -3.43983
 -3.94899
 -1.85464
 -2.62626
 -0.288022
 -1.66802
 1.28509
 0.221204
 1.20004
 -0.4151
 0.454834
 -0.885779
 -0.0588715
 -1.65369
 -0.294966
 -1.73085
 0.959165
 0.121317
 0.85285
 -1.52667
 -0.499594
 -1.97561
 -2.75493
 -3.05259
 -2.07219
 -1.81531
 -2.07334
 -0.89579
 -0.771984
 -1.6535
 -0.356751
 -0.476402
 0.565638
 0.271807
 0.485063
 1.93133
 1.49031
 0.772176
 0.288069
 -2.2323
 1.3131
 -2.89127
 -0.644125
 -1.45315
 -0.940888
 -2.0424
 -0.364715
 -1.87887
 -1.52573
 -0.0848835
 1.23749
 -0.836409
 -1.38935
 -1.03951
 -0.524186
 1.92951
 0.979441
 -0.0014845
 0.0812667
 -0.167394
 -0.80993
 -1.6414
 -1.69933
 -0.494712
 -2.27629
 1.06096
 3.67887
 1.2531
 1.38759
 2.98359
 0.358914
 1.13907
 0.100551
 3.73078
 -1.22216
 0.105434
 -0.942036
 1.26668
 -1.03346
 -0.476553
 -0.915371
 0.351995
 -0.0273861
 0.534565
 -1.257
 0.163378
 -1.3396
 0.183512
 -0.349692
 1.0578
 -0.367288
 -1.1229
 0.180284
 -1.09162
 -0.945953
 -1.16239
 1.98308
 -0.0920268
 2.01762
 2.12178
 -1.96409
 0.648898
 0.886328
 0.335193
 1.24822
 3.62371
 2.98177
 2.91204
 -1.86866
 -0.0439275
 1.61383
 1.14806
 0.0353093
 2.39539
 0.65488
 1.60944
 -2.17179
 2.49482
 -1.31659
 2.4884
 -0.00744671
 2.27538
 3.82494
 2.04018
 2.2218
 0.464217
 0.903029
 1.07035
 -0.0851374
 -1.14687
 -0.853149
 -1.02013
 -2.08663
 2.09192
 0.233741
 1.65757
 2.34201
 1.81514
 2.12812
 0.439177
 1.4951
 0.919269
 0.287799
 -1.14908
 0.896907
 -1.70319
 1.12116
 1.07961
 0.66398
 0.751106
 1.15982
 -0.557288
 1.94769
 1.5591
 0.00330503
 0.695635
 -0.74222
 -0.244619
 0.107716
 0.654387
 1.62875
 0.14012
 0.69008
 0.253766
 -0.692379
 0.425502
 -2.36522
 -0.626946
 -0.193771
 0.642223
 0.856758
 -2.15668
 0.112854
 -0.699646
 2.09202
 -0.805655
 0.857741
 -1.25175
 1.29008
 0.426432
 -0.483161
 -1.5709
 -0.845432
 -1.52885
 0.0467199
 0.755067
 0.780266
 1.40288
 4.61809
 -0.382457
 1.13889
 -0.464682
 0.750927
 -0.82114
 -0.767181
 -0.0839608
 0.25839
 0.909071
 -0.0013659
 0.924949
 -0.345224
 2.59227
 2.10226
 -0.641988
 0.717031
 -0.998086
 0.415443
 -0.628663
 -0.050853
 0.91552
 -1.65702
 2.70034
 -0.738234
 2.09409
 -1.01843
 -0.0150699
 -1.35334
 -0.384553
 3.41092
 0.283048
 2.57595
 4.60217
 4.16739
 1.41152
 0.30846
 1.19157
 1.48567
 0.557271
 -0.426356
 -0.121496
 0.553204
 -0.526692
 0.696312
 0.197213
 -0.946111
 -0.422977
 1.27035
 2.08681
 2.1779
 0.17699
 2.82872
 -0.665225
 1.04547
 -0.247041
 0.726877
 -0.604093
 1.48389
 -1.03618
 0.297335
 0.0887047
 -1.69485
 -1.61773
 0.481541
 0.16148
 -1.21635
 0.622983
 -0.118197
 0.692109
 -1.15614
 2.71301
 -1.90613
 -0.709227
 0.0115766
 -0.82924
 1.26732
 -1.04316
 0.412649
 -1.33949
 0.261792
 -0.146701
 0.494815
 0.931242
 0.0249231
 0.705176
 2.40679
 0.375731
 0.541585
 -1.24345
 -0.825505
 -1.06162
 0.980593
 1.90438
 1.95063
 0.365678
 2.24768
 -1.06808
 1.53819
 2.30697
 2.53097
 -2.01658
 1.9805
 -2.08514
 1.18393
 1.33353
 0.154069
 -1.5711
 0.901196
 -2.09086
 -0.332697
 -0.0313128
 -1.65762
 -0.514358
 -1.23412
 0.237916
 0.804745
 -0.392036
 0.470734
 -0.662258
 0.484868
 -1.40067
 1.14261
 2.15794
 2.02096
 0.429144
 -1.49047
 0.208246
 -0.335206
 1.80268
 1.71026
 0.21385
 -1.40415
 0.374939
 -1.17238
 -0.431128
 -0.0702191
 -1.84818
 -0.715216
 -1.8704
 -2.98593
 -2.14232
 0.159528
 -1.22144
 -1.31552
 -1.2411
 0.136486
 0.53785
 0.305721
 0.371796
 0.958021
 3.1892
 0.912908
 -0.256806
 1.16298
 -1.17867
 -0.414844
 -0.216903
 0.251711
 0.817471
 1.62596
 5.45021
 0.100086
 4.76582
 -0.632244
 0.825636
 -0.14432
 0.815788
 -2.14119
 -0.684711
 -2.48436
 0.459464
 -0.536662
 -1.31852
 -0.119274
 -1.4298
 0.791171
 -1.12946
 -2.23375
 0.0853801
 -1.15689
 0.189896
 -0.000293347
 -1.25268
 -0.625143
 -3.66422
 -1.5424
 -1.99445
 0.0552286
 -1.65545
 -1.08947
 -3.55741
 -0.512749
 -1.70572
 -0.751544
 0.354569
 -1.01179
 0.127395
 -0.503478
 0.533738
 -1.06816
 -0.468771
 -0.129823
 3.22628
 1.92899
 1.94994
 2.94311
 2.14618
 2.11961
 1.51351
 -0.204137
 -1.3891
 -0.454641
 0.0238647
 1.94972
 1.07738
 1.48712
 1.66856
 1.20093
 1.44594
 -2.73859
 -0.306584
 -1.59344
 -0.738469
 0.182585
 0.656098
 -1.90643
 1.16821
 0.618046
 -0.650239
 0.514347
 0.319351
 0.506178
 0.136725
 -0.756501
 -1.26827
 1.41193
 0.492631
 0.231002
 -0.419772
 -1.76975
 -0.278433
 -2.03016
 -1.60359
 -3.19655
 -2.76074
 -0.0420826
 -0.153772
 -0.554884
 -2.73901
 -0.580155
 -2.65225
 -0.686584
 0.453694
 2.59391
 0.434675
 -0.841454
 0.326526
 1.30101
 2.68799
 2.43908
 5.04419
 1.89571
 1.21409
 1.64246
 2.51109
 2.08546
 2.76829
 3.38268
 0.318278
 2.34033
 -1.87649
 -0.662771
 -0.658731
 0.125042
 -0.515033
 0.255263
 0.049066
 0.922579
 -1.0474
 -1.45302
 -1.20448
 -0.0860685
 0.0873953
 -1.60259
 0.245942
 -0.972407
 0.654524
 -1.49123
 -1.12947
 -1.61283
 -2.22736
 -0.632823
 2.05928
 1.21889
 -0.28927
 -0.226548
 -1.26602
 0.148416
 -2.68872
 -0.16959
 -1.1448
 0.711374
 -1.80081
 -0.420027
 -0.040025
 -1.87954
 1.7156
 -0.112479
 1.17623
 1.67366
 -1.56574
 0.759037
 -3.421
 2.0078
 -2.56237
 0.706783
 -0.610835
 -0.179237
 0.83089
 -0.677239
 -1.21833
 -1.16778
 1.96181
 -0.473585
 -0.234575
 -0.955225
 -0.444389
 -2.26542
 -1.0751
 0.518098
 1.08718
 -1.07832
 3.07962
 0.334435
 0.0881941
 -1.02512
 2.44024
 0.152186
 -2.53275
 1.65505
 -0.089046
 0.699455
 1.23285
 -0.280161
 1.21412
 0.490543
 -1.16394
 0.335054
 -0.987804
 1.34826
 -0.434762
 3.70095
 -0.640319
 0.983838
 1.30486
 0.133388
 0.166389
 0.0977666
 3.27662
 1.91281
 2.75497
 -1.95223
 -1.36551
 -0.515683
 -2.28315
 -0.912989
 -1.53506
 0.0467071
 0.597132
 0.582765
 -0.112099
 1.62374
 -2.53866
 2.27794
 -2.36615
 -0.886028
 -0.470779
 -0.523927
 -1.90501
 -0.729615
 -0.905781
 1.38012
 -0.0793479
 0.881004
 1.55196
 1.13111
 0.231526
 1.91635
 2.13382
 0.092274
 0.755145
 -0.267514
 0.988623
 -0.572744
 1.70594
 0.328274
 1.58866
 0.947809
 4.24116
 0.477857
 1.96553
 0.47534
 1.44328
 5.15854
 -0.345627
 0.420295
 -0.949524
 -0.496674
 0.553752
 -1.52008
 -0.449555
 0.154784
 -0.98047
 -0.506421
 -1.7005
 -1.28481
 -2.63285
 -2.06605
 -2.49649
 -0.805528
 0.528915
 -0.796283
 -0.447741
 -1.74282
 -2.0076
 -3.01637
 -1.2886
 -0.553174
 -0.658982
 0.306413
 -0.684917
 1.24463
 -1.97664
 0.501833
 -0.155419
 -1.40275
 -0.535614
 -0.98628
 -1.37374
 -0.801354
 0.144705
 0.942638
 2.59151
 1.05039
 2.04376
 1.38828
 3.00174
 1.68375
 1.94479
 0.696069
 -0.529573
 -1.36778
 -1.82944
 -0.65827
 -1.96448
 -1.13663
 -0.321018
 1.09656
 -0.496039
 -2.31401
 -2.27981
 -0.030806
 -1.20735
 -0.898606
 1.81958
 1.62068
 1.84785
 4.73564
 1.83048
 2.41765
 1.49891
 -0.316771
 0.80455
 2.18002
 0.151392
 1.64263
 2.18332
 3.16595
 0.834197
 1.27852
 -1.48238
 -0.0720218
 0.229434
 1.09393
 -0.233356
 -0.717353
 -0.554613
 0.160258
 0.893684
 1.84646
 2.11964
 2.22717
 3.60721
 2.90585
 -0.191018
 0.478096
 0.408142
 -0.811817
 1.61478
 0.0147063
 3.19743
 1.61207
 1.97722
 -2.09223
 -0.796192
 -1.06188
 -1.9619
 -1.11837
 0.122494
 -1.74746
 -4.00244
 -1.57643
 -2.52508
 -0.743477
 0.630694
 -1.83479
 -0.753717
 0.759838
 1.77396
 0.794275
 0.984707
 -0.069332
 -0.473639
 -0.39868
 -2.75231
 0.502538
 -2.09838
 -3.00921
 -0.525175
 -2.38429
 0.273287
 -0.651397
 2.66938
 -0.533204
 2.82041
 -1.50587
 0.947153
 1.67359
 1.8371
 -0.270757
 2.07909
 0.139951
 -0.100243
 -1.29576
 -0.946103
 -1.66161
 -2.23968
 -0.884967
 -1.29212
 1.31913
 1.50247
 1.82291
 2.7769
 1.44207
 2.32642
 -1.2441
 -0.985435
 -2.81732
 0.0937654
 -1.5998
 -2.35795
 1.4986
 -0.807025
 0.304054
 1.32204
 -0.0988485
 1.27223
 -0.40831
 1.4823
 1.16385
 0.93049
 -0.753794
 1.19526
 1.15522
 2.17441
 2.16987
 1.88994
 -0.387233
 -0.662361
 0.764565
 -1.17706
 0.0146568
 -1.62348
 -1.12969
 -2.51115
 -2.25629
 -1.77321
 -1.17434
 -1.18609
 -1.08412
 -0.495167
 2.37228
 0.958378
 0.0109548
 0.804706
 -1.41837
 0.502583
 -0.659692
 -1.02411
 -2.13085
 -1.59807
 -0.596296
 0.19559
 0.47577
 -0.789086
 0.456764
 -1.35483
 -1.17562
 0.629093
 0.25974
 0.721138
 1.03993
 0.0895482
 -0.43817
 -1.86723
 -2.33849
 -0.146714
 -1.69378
 0.678457
 1.65539
 2.84962
 0.974828
 0.800872
 1.47013
 2.18827
 2.34145
 4.16658
 1.13048
 2.90067
 0.301233
 -0.686788
 2.81193
 -1.63011
 -0.174577
 -0.643224
 -0.905399
 1.44965
 1.03025
 1.60846
 -0.204088
 -1.96213
 -1.27851
 -0.873749
 -4.01379
 -0.368628
 -1.47744
 -0.70267
 -1.9264
 -1.18176
 -1.77879
 -0.629786
 -2.03608
 -2.50631
 -1.41989
 0.99207
 -2.27428
 -0.0930824
 0.186032
 -2.94654
 0.184545
 -1.48667
 -2.14454
 -3.15988
 -1.58543
 0.35725
 -1.40618
 2.34536
 -2.15563
 1.08312
 0.383433
 -0.477101
 1.28752
 0.503372
 0.288798
 -0.53502
 -1.05794
 -1.37045
 -3.70983
 -1.49424
 -2.50098
 -0.99719
 -0.64372
 -2.1324
 1.22813
 -0.475868
 -0.191659
 0.404135
 -0.660028
 1.03882
 1.89872
 2.36263
 3.54572
 1.70824
 3.69717
 -1.15565
 3.2573
 -1.64053
 0.606871
 1.56971
 0.0904888
 -0.0504136
 -0.0968895
 -0.437801
 -0.0967452
 -0.716288
 0.547273
 -1.15168
 -0.835167
 -0.0337355
 -2.03604
 2.25451
 -2.24946
 1.32502
 -2.8028
 1.30361
 -1.97781
 1.583
 1.18881
 4.06247
 -0.30978
 2.3209
 0.702956
 2.64562
 -0.968808
 2.44353
 0.341739
 0.672437
 0.757843
 -0.737065
 0.218119
 0.976897
 0.423161
 0.65574
 -0.277709
 0.185454
 0.0740062
 1.18833
 0.714954
 0.82174
 2.32546
 -2.30311
 -0.548437
 -1.82635
 -0.849564
 0.890988
 0.236707
 0.458628
 -1.59093
 1.03616
 -0.259286
 3.69373
 0.758326
 0.11689
 0.571968
 -1.46013
 -0.574975
 -1.68916
 -1.61485
 0.417481
 0.355502
 -1.59122
 -0.824253
 -1.37261
 -0.518462
 -1.56091
 0.517447
 2.0874
 0.12774
 -0.54837
 -1.56613
 -0.996427
 -2.38911
 -2.91966
 -3.16405
 -2.38102
 -1.45289
 -1.20823
 0.355197
 0.179193
 -1.44961
 0.57936
 0.871466
 -0.590005
 1.87347
 1.08244
 2.30208
 2.12048
 3.05909
 2.3656
 4.25094
 1.18252
 1.56341
 3.81947
 -0.351336
 -0.169094
 -1.4652
 -0.624922
 -1.79794
 -0.523384
 -0.471881
 -0.367577
 0.664539
 1.44046
 -0.145493
 2.11153
 0.184875
 1.00227
 -0.325892
 -0.377439
 2.25161
 0.778278
 -0.381364
 2.10317
 -0.0556763
 2.53466
 0.80717
 0.281858
 0.874757
 1.76805
 -0.440929
 -1.22115
 -1.30309
 0.337231
 -0.0813351
 0.935801
 -3.30675
 -2.35417
 -2.87104
 -1.72232
 -2.23408
 -2.56866
 -1.68562
 -0.849426
 -2.75795
 -3.43708
 -1.74181
 -1.10549
 -2.34175
 -1.79496
 -2.85479
 -1.17153
 -1.71869
 2.76352
 0.902773
 -0.512603
 -1.16948
 0.304529
 1.20441
 0.888112
 2.74058
 -0.445404
 4.29267
 3.77841
 1.65414
 3.70722
 1.50803
 2.58693
 3.21148
 -0.775927
 0.638256
 -3.13444
 1.38885
 -0.55339
 -0.195468
 -1.26912
 1.60838
 0.20974
 -0.818191
 1.89412
 -0.968358
 -1.22729
 -2.31521
 -0.802553
 -2.48914
 -1.10019
 -2.14348
 -0.460608
 -1.48194
 2.5971
 -2.12746
 0.612684
 1.05886
 1.21554
 1.9233
 0.39968
 3.41153
 0.473791
 1.55525
 -2.55131
 0.0602469
 1.10368
 1.29293
 1.83391
 2.65842
 1.49515
 -1.71775
 -1.09427
 -2.22815
 -0.959114
 -2.01635
 -1.41697
 -2.42276
 -1.44991
 -2.15308
 0.959515
 -3.15692
 1.30276
 -1.08746
 3.49371
 -0.330221
 3.93901
 -1.0995
 2.93497
 -0.86194
 0.0210539
 -0.398409
 0.948219
 -1.61067
 0.117743
 -1.21903
 0.830056
 -0.60173
 -0.130159
 -1.44447
 -0.340222
 -1.77047
 -0.37432
 -1.32892
 0.535472
 -0.121076
 1.73772
 -0.984757
 0.433217
 -0.866142
 -0.435624
 0.655491
 0.915233
 -1.41008
 -0.455237
 -1.22048
 2.07105
 1.36814
 2.34535
 -0.127788
 1.72739
 0.322237
 3.27233
 -0.342453
 0.87175
 0.57652
 -0.989022
 -0.672214
 2.37925
 1.23885
 -0.111247
 -1.083
 -1.224
 -0.975583
 -0.269016
 -0.767923
 -0.874671
 -1.24537
 0.534664
 0.498745
 0.97047
 -1.21882
 -0.220166
 0.347146
 3.71339
 1.13845
 2.01251
 1.09755
 1.37386
 1.05374
 1.34922
 0.704544
 1.8871
 2.78682
 1.02304
 2.75105
 -0.54231
 2.96011
 2.13673
 0.294676
 1.86812
 1.32412
 2.03813
 0.0711297
 -0.383644
 0.699345
 -0.0238311
 -0.557623
 -1.73156
 -3.42858
 -1.88886
 -1.3431
 -0.50228
 -1.11187
 1.19037
 1.19398
 0.0192011
 -0.335616
 -0.305918
 -1.1817
 1.06757
 1.22586
 1.96777
 1.82022
 -2.66829
 1.96739
 0.455895
 -0.370543
 -0.617221
 -0.594654
 2.08301
 -0.693288
 0.703586
 0.870533
 0.565548
 0.645886
 -0.617728
 -0.950632
 -1.5863
 0.877385
 -1.54715
 0.319649
 1.19158
 2.8004
 0.452558
 0.937621
 -0.851766
 -1.53182
 -1.56865
 -2.31118
 -2.32503
 -1.23675
 -1.62424
 0.591507
 -3.09385
 -0.848178
 -1.6571
 0.206377
 -1.73825
 -1.30181
 -0.428128
 -1.5495
 -0.857333
 -0.165677
 -1.71684
 -2.39492
 -1.07108
 -1.58706
 -1.86437
 -0.825898
 -1.59727
 -0.779037
 -1.39275
 -0.503854
 0.117555
 0.549683
 -0.842256
 0.175829
 -1.92491
 1.15538
 -0.505807
 1.2812
 1.49131
 1.04542
 -1.47983
 1.08408
 -1.30691
 -0.677707
 -1.14869
 -1.64616
 -0.498765
 -0.27404
 0.379174
 3.27761
 1.0957
 1.85898
 1.93115
 -0.318584
 -1.51209
 2.64067
 0.280398
 1.88082
 2.31183
 3.10499
 0.363303
 -0.143365
 0.688591
 0.212396
 0.671282
 -0.582095
 0.694277
 -0.511231
 -1.13123
 0.920623
 0.116479
 2.67111
 -2.06501
 1.84269
 -2.1569
 0.895568
 -0.913702
 1.4692
 -0.761928
 -0.535524
 -0.418091
 0.232898
 -1.23057
 -1.27124
 -1.13631
 -2.48033
 -0.852029
 -2.31762
 -1.11609
 -2.0776
 -0.427873
 -0.0598932
 -0.574979
 -1.36813
 -2.5069
 -1.05417
 -1.36465
 -2.04211
 -0.489134
 -0.543771
 -2.39485
 0.266986
 0.0359688
 -0.833265
 -1.74754
 -0.459147
 0.199897
 1.03488
 2.22804
 2.19841
 2.50505
 -2.1661
 2.62812
 0.441066
 2.95202
 2.60252
 1.40528
 -0.0377653
 0.616482
 -1.93301
 -1.28627
 -1.103
 -1.42608
 -1.77203
 -0.737965
 -0.223765
 -0.00328594
 -1.24768
 -0.714131
 -0.065319
 0.670149
 1.08666
 0.911361
 0.983133
 0.625015
 -0.766417
 -0.492273
 -1.75926
 -0.339173
 -0.624179
 0.0588367
 0.730938
 -0.118349
 1.11175
 1.72643
 1.4842
 1.43335
 4.61627
 1.88501
 3.07112
 -0.549219
 0.63972
 -1.72948
 -0.831925
 -0.867836
 -0.0641462
 0.995734
 2.21529
 2.27898
 3.41324
 1.88229
 1.98495
 2.33441
 -1.67549
 1.09608
 -1.89046
 -1.0688
 -1.3498
 -0.290025
 -1.65461
 1.81365
 1.36376
 1.12357
 1.05496
 1.81373
 1.74857
 0.65271
 -0.607414
 0.224877
 1.55134
 0.573855
 0.472676
 -0.904232
 -0.0957203
 -0.461473
 0.002311
 -1.2663
 0.258528
 0.343945
 -1.36656
 0.374123
 -0.319792
 -1.20897
 0.51454
 0.0943212
 0.688898
 -0.100209
 0.413403
 -1.34117
 0.941208
 1.4928
 1.71554
 1.95951
 1.97812
 -0.297496
 1.32725
 1.03979
 -1.47229
 0.854046
 -0.738308
 1.34149
 -0.222448
 2.06694
 -0.5104
 -0.475432
 -0.186281
 0.488876
 -0.741248
 0.178015
 -0.531253
 0.096007
 -2.44798
 2.91107
 0.842696
 2.75586
 3.11755
 0.546097
 1.88136
 1.59732
 -0.195798
 0.124468
 0.47349
 0.244727
 0.433101
 1.00304
 -1.88745
 -0.0470657
 1.2806
 1.77703
 1.29272
 -2.42452
 1.72033
 -2.50839
 3.0054
 0.979472
 0.168109
 1.71825
 1.42059
 2.6146
 -0.677881
 0.52227
 0.226172
 1.02303
 0.367624
 -0.906659
 0.0365564
 -0.0239525
 -2.39562
 -1.44863
 0.355906
 -1.49158
 -1.27503
 0.432293
 -0.734695
 2.62299
 0.191244
 0.895075
 1.07775
 0.944634
 1.12932
 0.740969
 -0.589411
 0.803517
 0.331756
 0.00632967
 -0.87808
 0.219712
 -3.78783
 -1.08332
 -3.51294
 -0.48205
 -1.63313
 -0.0740557
 1.06111
 -0.638951
 0.103127
 0.19182
 -0.0866869
 -0.285854
 -0.926596
 -0.941824
 1.71961
 1.30864
 0.233267
 0.59079
 1.37893
 -0.375605
 1.09109
 0.0179729
 -1.14368
 -1.04152
 -1.45825
 -2.91183
 -0.557385
 -1.49129
 0.20786
 0.625334
 0.977336
 2.81911
 0.786704
 0.616884
 0.177325
 0.154713
 -0.701476
 0.128949
 -2.41733
 -1.52323
 -0.972337
 -0.560595
 0.435878
 -0.469196
 -0.889299
 3.62324
 1.89094
 1.30598
 0.903245
 0.859131
 1.02972
 -0.585817
 1.3255
 -0.961162
 0.303077
 0.55408
 -0.30234
 -2.57636
 -0.014884
 0.975129
 -0.425525
 1.89323
 -0.0540161
 2.69357
 0.0103404
 0.849195
 -1.09302
 0.548701
 -0.455126
 -0.616197
 -4.25212
 -0.66303
 -4.14557
 -1.99428
 -0.588512
 -0.321737
 -0.219643
 -2.82232
 -0.413095
 -0.02382
 -0.521253
 -0.881573
 -0.00415801
 -1.89678
 1.99125
 0.961888
 0.0920875
 0.685012
 2.38877
 1.47144
 0.473733
 1.88898
 -0.521967
 0.466165
 0.212053
 -0.0470248
 -0.394402
 -2.84649
 -1.21201
 -1.4816
 -1.33146
 -1.38044
 -2.78483
 -0.485666
 -3.66616
 -0.947456
 -0.634243
 -1.26717
 0.219744
 -2.28247
 0.309949
 -0.337945
 -0.458639
 -0.521771
 -2.38333
 -1.32044
 -3.89792
 -2.56913
 -3.64958
 -3.666
 -0.966382
 -2.30836
 1.64041
 -1.03579
 1.0208
 -2.11447
 -1.19374
 -1.92367
 1.24425
 -0.814573
 1.95172
 -2.5402
 -1.5454
 -2.6364
 -0.729925
 -0.457121
 0.230205
 -0.180499
 -0.704532
 -1.64694
 -0.790338
 -1.29821
 -0.472159
 0.334426
 1.51106
 -0.154339
 1.03209
 0.0622453
 1.79668
 -0.493151
 1.36822
 -0.466537
 0.28707
 0.627659
 -0.49042
 -0.371234
 -1.79068
 1.19997
 -3.09629
 -2.02514
 -5.33325
 -3.49898
 -2.2377
 -1.50428
 -0.261781
 -1.56577
 0.0933506
 -0.719593
 2.88373
 -1.92194
 0.897977
 -3.29355
 0.908124
 -1.03408
 -0.992521
 0.681172
 1.1928
 -0.638963
 1.0285
 0.970146
 -0.138834
 -1.14186
 -0.590782
 -1.88562
 0.94988
 -1.02427
 0.701791
 -0.854504
 -0.234867
 0.604989
 -1.39703
 -0.90326
 -1.98185
 -4.12774
 0.745157
 -2.17207
 -1.02383
 -0.551822
 0.272164
 -1.22021
 0.756034
 -0.962673
 0.669426
 -0.292252
 1.29915
 -1.41934
 1.35531
 -0.857731
 -0.797265
 -4.20325
 0.186977
 -3.83634
 -1.12761
 -3.20669
 -1.81837
 -1.24224
 -0.521902
 1.55364
 -0.198205
 0.83814
 1.31832
 -0.634138
 0.49349
 0.905648
 0.711862
 1.43917
 2.40254
 -2.07846
 0.623196
 -1.52107
 -0.525589
 -1.14095
 -0.340501
 -1.7787
 -0.329015
 -0.878908
 0.560012
 -0.82918
 1.06922
 -0.352489
 1.97917
 0.479229
 -0.161829
 0.543838
 -1.25458
 -0.375568
 -1.74215
 -1.84942
 -0.471051
 -0.944393
 1.19187
 2.24274
 2.99168
 0.750656
 0.256755
 0.937428
 -0.0222706
 1.23457
 0.180121
 0.873258
 0.785329
 0.33466
 -0.754692
 0.608581
 0.236149
 -1.67043
 0.257523
 -1.23076
 -0.120131
 -1.3263
 -0.177726
 -0.382688
 0.469436
 -1.51899
 0.198749
 0.569292
 0.778525
 0.394593
 0.135166
 -1.79175
 -0.460801
 -1.51623
 0.722778
 1.85072
 0.278975
 0.0843822
 1.67478
 -2.49782
 1.43767
 -2.64913
 -0.688728
 0.229507
 -1.25959
 0.864794
 -3.23554
 1.62489
 -2.00605
 2.11406
 -1.90435
 0.83557
 0.0374502
 -1.3111
 -0.0197796
 0.602256
 -0.184907
 0.00998111
 -0.560556
 -0.723592
 -0.3643
 -0.186396
 -1.94541
 -0.456016
 -1.87802
 -2.57503
 -2.81552
 -0.970153
 -2.9275
 -1.15373
 -2.30612
 -2.23787
 -1.93741
 -2.18005
 -0.857676
 -0.534774
 0.48126
 -0.6434
 0.530658
 -1.64733
 -0.644399
 -1.75651
 0.0482537
 -1.71501
 -0.181795
 0.324271
 0.681687
 0.300901
 0.0561466
 1.24385
 -0.795957
 0.826306
 -0.63715
 -0.742271
 0.41002
 -0.774218
 0.387344
 -1.09698
 -0.215324
 -1.54964
 -1.63445
 0.724162
 -0.606917
 -0.382583
 -1.15973
 -0.288737
 -0.229881
 -0.169242
 0.465646
 -0.0122171
 -1.3325
 0.196952
 -0.995601
 -1.93412
 -2.13175
 -1.50486
 -1.66639
 -1.88574
 -0.840594
 -1.50577
 0.999226
 0.999084
 -0.25193
 1.00457
 0.696919
 0.620139
 0.614798
 -0.922796
 0.113527
 -1.02275
 -1.39786
 -4.86255
 -0.898378
 -4.18414
 -1.28011
 -4.30301
 -1.53363
 -5.02296
 -2.38793
 -0.616335
 -0.0323179
 -0.378188
 -0.618654
 0.0247833
 -1.50558
 1.98835
 0.0930219
 1.23239
 -1.54891
 -1.84919
 -0.980748
 0.466529
 -1.03701
 0.161265
 0.772394
 2.4899
 3.86625
 0.555152
 1.24115
 4.8898
 0.857807
 1.25643
 1.27173
 1.62912
 2.14768
 2.22524
 0.155877
 4.08473
 -0.513106
 0.478875
 1.13147
 -0.25376
 -0.39766
 3.03152
 -0.474264
 0.87646
 -3.14301
 -2.04485
 -1.15659
 -1.65723
 -0.681207
 1.46046
 -0.248576
 0.509448
 1.80842
 -0.715884
 2.80943
 3.22869
 3.47611
 1.42843
 -0.0769221
 2.31869
 2.1415
 1.28973
 -1.80598
 0.522133
 -0.254392
 0.00925379
 -1.21728
 -1.09431
 -1.46576
 0.255582
 0.871119
 -0.569062
 0.736215
 -0.465026
 0.695358
 0.245236
 -1.37402
 -1.29332
 -1.73978
 -0.295104
 -1.69162
 2.73512
 0.5009
 2.92163
 0.88043
 1.65599
 -1.42605
 2.83714
 -0.14317
 0.452902
 -1.11428
 1.35214
 -0.58632
 -1.73358
 1.01554
 0.135447
 -0.671302
 0.123317
 -0.325818
 2.07557
 2.61536
 2.68086
 2.32563
 1.23948
 2.24137
 0.447487
 0.697803
 -1.58045
 1.38394
 -0.0967881
 1.01285
 0.714555
 -0.101347
 0.757555
 1.26397
 0.465195
 -0.729242
 -0.306953
 -1.42107
 -1.30435
 -2.09602
 -0.278044
 0.0189417
 -1.05798
 0.0545436
 0.703144
 -1.01714
 -1.91365
 -0.575074
 -0.0960037
 -0.848849
 0.425474
 0.620725
 -0.384212
 0.74646
 -0.47938
 -0.853636
 -1.57964
 2.83797
 -1.9813
 0.221698
 -0.467069
 -0.99351
 0.925394
 -2.26294
 -0.380174
 -1.24135
 -2.62106
 -2.31529
 -0.910058
 -2.20659
 -2.52843
 -1.37061
 -2.25703
 -1.50366
 -3.07579
 -1.31351
 -0.489986
 -1.58162
 0.707045
 0.842375
 1.53502
 1.47933
 2.18317
 -0.532279
 -1.71762
 -1.92891
 -0.888384
 0.203357
 -0.565468
 -0.957458
 -0.98926
 -0.698585
 0.209173
 -0.23834
 -0.362313
 -1.71237
 -0.705401
 -0.700761
 0.00649147
 3.22021
 -0.814464
 0.334969
 -3.4003
 1.28022
 1.89057
 4.19281
 1.61702
 1.73693
 1.74296
 1.93507
 0.0617449
 1.0721
 1.21013
 -1.65677
 2.1617
 -0.544699
 1.56476
 1.84777
 1.96648
 1.76464
 1.03599
 3.83143
 0.0126088
 2.08398
 1.63062
 1.79071
 0.491487
 2.90215
 2.3664
 1.80108
 -0.165439
 2.4106
 1.22196
 2.18849
 0.0694327
 1.87201
 -0.946
 1.57679
 -0.113574
 -0.715355
 1.04321
 -2.92619
 -1.34301
 -2.79213
 -1.49068
 -2.36566
 0.195344
 -1.67043
 0.00696906
 0.514753
 1.25593
 -0.92262
 -1.71348
 -1.40562
 -4.72018
 -1.20059
 -2.35633
 -2.14631
 -1.56371
 -1.1469
 -4.46969
 -2.04665
 -2.95561
 -1.29196
 0.421773
 -1.28686
 3.56704
 -1.36447
 3.14708
 1.73903
 3.25736
 2.30252
 1.96794
 2.60693
 1.27998
 -1.05023
 1.33939
 0.188173
 1.90352
 3.13159
 3.17023
 2.7092
 0.341369
 -0.0869393
 -1.1568
 -0.419865
 -1.58434
 0.262961
 -2.93724
 -1.75082
 -0.0618001
 -0.206616
 -0.0277387
 0.429096
 3.26285
 1.61608
 4.62895
 0.981703
 3.31805
 1.12214
 0.798537
 1.26504
 1.17492
 1.80448
 1.83838
 3.30223
 2.87129
 2.78582
 1.89277
 1.09311
 1.56083
 2.96236
 0.271299
 1.51199
 -0.576033
 2.30659
 -0.862659
 2.86687
 -0.104745
 1.02579
 1.33005
 1.77118
 2.10754
 0.992572
 1.10424
 1.33939
 2.69562
 3.11964
 3.42831
 3.70898
 -0.442387
 0.377521
 -0.378695
 0.147988
 -1.4557
 1.25722
 -0.96362
 -1.81299
 -0.94565
 -0.847022
 -3.11312
 0.0246976
 -0.0343587
 1.4971
 1.88229
 -1.58062
 0.0182086
 -2.80667
 -0.281895
 -3.52084
 0.782554
 -3.35637
 -1.04533
 -1.8123
 -0.0262985
 -1.42786
 -1.99203
 -0.975424
 -1.11245
 -0.193589
 -0.292245
 -0.311163
 -0.0419433
 -1.54322
 1.20152
 -0.232687
 -0.130682
 1.33062
 0.313759
 0.762022
 0.818483
 0.400574
 1.4028
 -0.631175
 0.966092
 -0.687131
 1.30091
 1.49777
 2.6738
 3.06392
 1.86367
 2.82868
 -0.0225219
 1.3899
 4.4975
 -0.477113
 0.861143
 0.272131
 0.14405
 0.408347
 1.91761
 2.26759
 0.176855
 0.0772977
 -1.15453
 1.6546
 -2.41734
 1.93582
 -2.47667
 -0.9733
 -1.58247
 -1.91267
 -2.94901
 -3.53764
 -2.76497
 -1.73435
 -3.5003
 -1.2626
 -2.93431
 -1.69338
 0.992401
 -2.40938
 -0.772885
 -0.762535
 0.107525
 0.435414
 -0.310719
 -1.40496
 -1.63454
 -1.7703
 -1.82713
 0.446294
 0.878829
 3.91061
 -1.01421
 0.822304
 1.54067
 1.72556
 0.044275
 1.03124
 -2.36488
 -0.0174483
 -1.52548
 -0.806676
 -3.51879
 -0.842962
 -2.32192
 -1.03063
 -1.84622
 -2.97199
 -3.45647
 -3.55301
 -3.00771
 -3.54206
 -2.96261
 -1.89038
 -2.40446
 -2.00849
 -2.72016
 -1.2527
 -1.37178
 -0.528573
 -0.173473
 -0.937086
 -1.37951
 -0.89469
 0.727934
 -2.09671
 -0.305672
 -2.44166
 -0.872058
 -1.45768
 -1.02915
 -0.163404
 -0.170866
 -0.492229
 1.08684
 0.902695
 0.107544
 1.40684
 -0.459953
 1.40016
 0.505155
 2.11141
 -1.1807
 1.34177
 -0.905844
 1.16365
 -0.632611
 0.580603
 0.843686
 -0.986747
 -1.02131
 -2.30337
 -0.0534364
 -3.39241
 -1.69421
 -0.286637
 1.70508
 0.899034
 1.32008
 -0.538524
 -1.17453
 0.306823
 -1.07715
 1.15358
 -2.90667
 1.0221
 -0.956231
 0.216834
 -0.0974388
 0.37926
 -1.11817
 -1.50385
 -0.771894
 -0.466212
 -0.0546894
 -0.366259
 -0.305569
 3.14606
 2.97715
 3.60145
 3.78911
 -0.955058
 0.248957
 -0.997821
 0.63876
 -0.785017
 -0.150268
 -3.07823
 0.659126
 -2.71665
 0.817116
 -0.673578
 0.926817
 -1.51509
 -0.350145
 0.871624
 1.21223
 -1.08312
 0.949156
 -2.70972
 -1.20894
 -2.09408
 -2.23995
 -2.18894
 -0.228853
 -4.08133
 0.712763
 -0.640393
 -1.93904
 -0.922791
 -1.08632
 -0.389762
 -0.128604
 -0.0423114
 0.956118
 1.27534
 -0.351367
 1.6637
 0.839749
 1.86347
 0.608111
 1.79566
 3.30938
 2.70466
 1.91815
 0.5835
 1.7164
 1.55623
 0.951865
 -0.34584
 -0.958397
 -0.453795
 0.684399
 1.51924
 0.103777
 1.36553
 -0.188998
 2.68281
 0.318411
 3.07526
 2.00875
 1.80907
 1.28954
 2.18374
 2.63398
 1.39685
 2.4837
 1.14667
 -0.444155
 -1.2585
 -0.453273
 -0.140745
 1.57784
 0.323538
 -0.0191431
 -0.956709
 -0.439176
 0.460607
 0.406788
 0.859371
 0.862196
 -0.15687
 -1.33098
 0.0369872
 -3.2335
 -2.88413
 -1.45928
 0.429623
 -0.700172
 2.49862
 -2.21969
 2.50924
 0.248367
 -0.875014
 -3.92059
 -1.59006
 -3.94438
 -2.98699
 -1.39164
 -0.27553
 -1.08434
 0.608704
 0.059117
 0.0209054
 0.260605
 0.64619
 0.025007
 -0.852755
 0.681832
 1.09533
 -0.359604
 0.552866
 1.18028
 -0.418412
 0.737846
 -0.927088
 0.213259
 -2.99355
 -1.28997
 -3.36877
 -1.55276
 -1.97995
 -0.0628869
 -1.93554
 -3.24789
 -4.56635
 -3.74988
 -3.42953
 -4.52153
 -2.69973
 -2.5605
 -1.28241
 -0.318865
 -1.43468
 -0.4504
 -2.53554
 -1.05103
 -2.44699
 -2.95116
 -3.27594
 -0.366631
 -1.42706
 0.0381091
 -1.39231
 -0.744991
 -1.46135
 0.01176
 -0.432244
 0.498534
 1.43634
 2.41255
 3.23155
 1.15939
 3.41257
 -1.57046
 1.45478
 0.571659
 1.70418
 0.868267
 1.32432
 1.69444
 -2.67465
 -1.03266
 -0.280967
 -1.99923
 0.585995
 0.105991
 2.24629
 -2.39591
 -0.498196
 0.224076
 -1.22902
 0.468819
 -1.39609
 1.30962
 0.936063
 2.47332
 2.14557
 2.24616
 0.270007
 -0.586853
 -1.25186
 -0.834643
 -0.123913
 0.745844
 -0.245524
 -0.606114
 1.49867
 -0.696486
 2.46052
 -0.643198
 0.607439
 0.451738
 -0.895054
 1.64942
 -1.26799
 2.13532
 -2.34664
 2.33768
 -0.69242
 -0.183388
 0.101584
 -1.34626
 0.695629
 -0.060429
 -0.948518
 2.30135
 0.0459497
 -1.26139
 0.36493
 -2.2685
 -2.52465
 -1.87006
 0.976042
 -2.79776
 -1.17682
 0.137918
 -1.65353
 -2.56541
 -1.53158
 -1.47814
 -1.87312
 -1.42487
 -0.028106
 0.00794879
 3.49844
 -1.31202
 0.505731
 -0.508033
 0.352153
 -1.14796
 -0.354732
 -0.301466
 -1.69442
 0.724469
 -1.08557
 -2.05671
 -1.0354
 -1.80183
 -0.863697
 0.826386
 0.674346
 0.897321
 -1.36016
 1.71881
 -0.0318761
 0.937945
 0.127013
 -0.782917
 0.812414
 0.14889
 -0.279676
 0.728853
 0.874443
 0.273292
 1.10966
 1.62992
 -2.40202
 -0.787187
 0.710893
 -0.520625
 0.918507
 -0.907674
 0.534866
 1.0076
 0.309609
 -1.35489
 -2.11744
 -2.4278
 -1.86774
 -2.26582
 -1.18176
 -1.80529
 0.324812
 -1.09624
 -0.200515
 1.02424
 -2.63555
 1.35661
 -1.58228
 0.675719
 0.158889
 0.286549
 0.524245
 -1.82888
 -0.409134
 0.948044
 1.32354
 -0.28744
 1.7335
 1.11949
 3.18794
 -1.6936
 0.278262
 -0.292406
 -0.557438
 0.392387
 -1.70488
 0.0767713
 -0.179369
 -1.36654
 -1.04014
 -2.25765
 -1.09723
 -2.46126
 -0.396477
 0.130583
 1.29814
 -2.87914
 1.12912
 -0.0924045
 1.00309
 0.605496
 0.117593
 0.498513
 0.714724
 -0.963135
 -1.77384
 -0.267636
 -1.23517
 0.353499
 -1.91127
 -0.9374
 -1.54609
 0.0615731
 -1.88561
 0.18909
 1.26317
 -0.125267
 1.00706
 -0.0551967
 0.633716
 4.98005
 2.47716
 2.33401
 1.23098
 0.968092
 -0.610887
 -1.63156
 -1.2825
 -2.94868
 -0.936407
 -0.526581
 -1.22426
 -0.229659
 1.41986
 0.632725
 1.27429
 -0.23547
 -0.97383
 -1.96154
 -1.14634
 -4.19358
 0.853216
 -1.34559
 1.49304
 0.334636
 1.03345
 0.91975
 0.555804
 -1.05734
 0.139201
 0.193968
 0.913279
 -0.718091
 2.44584
 2.06339
 -0.426287
 1.35979
 2.11683
 1.71429
 1.74291
 0.184645
 1.55941
 0.0516991
 1.0289
 1.83304
 0.255261
 0.034353
 -1.65161
 0.0661285
 0.574276
 0.953586
 -0.656826
 -2.41359
 -5.06929
 -0.750962
 -1.89303
 1.25038
 -1.82299
 -1.20409
 0.0680136
 1.41671
 1.67403
 -0.442183
 0.366241
 0.551795
 0.166511
 0.089365
 2.45863
 0.213544
 1.31444
 -1.43633
 -0.801859
 0.12399
 0.565074
 -0.00969478
 0.056019
 -0.975491
 -1.70266
 -0.674771
 -1.02396
 -2.08667
 -0.213634
 -3.4437
 0.639936
 -1.97715
 -3.86069
 -1.99658
 -0.873169
 -0.942666
 -0.282812
 0.501808
 -0.708646
 0.301169
 -0.836413
 0.434337
 1.06615
 -0.743035
 -0.591834
 -0.75594
 0.201532
 3.93623
 -1.13314
 2.22814
 -1.37002
 -2.29589
 -2.93351
 -3.42095
 -1.91545
 -1.71144
 -0.143807
 -1.15976
 0.515851
 0.372564
 1.46533
 1.30606
 2.27459
 -0.250124
 4.12763
 -0.770447
 3.82105
 -1.06727
 0.606782
 0.821609
 -1.02273
 -1.22609
 -1.44876
 -3.03346
 0.198625
 -1.00688
 0.73329
 -1.70934
 0.669788
 2.31232
 1.77351
 2.14423
 2.58341
 0.403505
 4.93784
 3.48786
 3.20242
 3.37361
 1.15842
 2.37397
 -1.95559
 2.88739
 0.531928
 2.53702
 -0.396147
 0.0243565
 -1.00352
 -3.27977
 -0.41991
 -1.46457
 0.335352
 0.000103219
 1.44858
 0.488559
 0.274119
 2.13065
 -1.46867
 0.201965
 -1.74539
 2.43841
 0.364285
 1.45031
 -2.93415
 0.0560321
 0.797616
 0.614117
 -0.461097
 2.7789
 -1.95176
 1.12725
 -1.39374
 -1.38738
 -1.93363
 -1.81029
 0.176555
 0.94385
 1.34079
 1.86379
 1.09477
 0.924179
 1.69938
 1.45146
 1.73299
 0.549068
 -0.145038
 -1.04456
 -0.726081
 -1.99685
 0.511907
 -2.773
 1.17259
 -0.301465
 2.89487
 -1.417
 3.18408
 -1.72702
 -0.942186
 -0.809359
 -4.45941
 -2.70489
 -3.20423
 -2.89877
 -1.23205
 -1.00627
 -1.13707
 0.0464377
 -1.56839
 -0.174307
 -1.03025
 -0.648394
 -1.10907
 2.27115
 -2.0697
 3.09762
 0.664924
 -0.0766613
 -0.772631
 0.489157
 1.64117
 -0.290193
 1.94637
 2.03839
 0.529126
 1.41845
 -0.432835
 0.444792
 -0.944231
 0.000517832
 -1.28635
 -1.42214
 -0.703088
 -0.816911
 -0.550912
 -0.631522
 -1.28403
 -0.0718362
 0.802756
 0.192956
 -1.14499
 -0.46279
 -1.12235
 -0.297417
 0.26568
 1.35724
 -0.0594979
 1.1773
 -0.397089
 0.50172
 0.654382
 1.58258
 -1.0486
 3.47144
 1.63146
 2.47753
 1.66739
 1.97238
 -0.0019164
 -0.990312
 -0.285302
 -2.61161
 -1.05924
 -1.484
 -0.369484
 -0.534704
 -0.58445
 1.02573
 -0.235983
 0.2586
 -1.07673
 -0.337898
 1.33215
 1.93262
 1.40954
 0.962693
 -0.490306
 1.44844
 3.01047
 0.709323
 0.484718
 -3.21965
 0.534497
 -1.46724
 -1.39744
 -1.85427
 -2.50522
 -2.62888
 -1.90334
 -1.39263
 -1.3687
 -0.639527
 -2.22632
 -1.41228
 -0.539816
 -0.280585
 0.565784
 1.9154
 0.389847
 0.907291
 0.82805
 1.40683
 1.37431
 1.99111
 1.83444
 1.73045
 0.0849804
 1.2789
 1.62586
 1.88408
 1.72133
 1.36425
 1.69071
 0.289095
 2.26984
 2.9943
 1.00985
 1.58761
 -0.357645
 1.02017
 0.942103
 1.18042
 -0.343861
 -1.86575
 -1.24782
 0.870467
 -1.27308
 -0.00519525
 0.743678
 0.123647
 -0.26071
 0.770508
 1.49909
 0.294298
 0.366573
 0.526541
 0.152259
 0.584242
 -0.0579935
 1.11122
 0.200716
 -1.24006
 -1.33929
 0.759013
 -0.773109
 -0.238393
 -3.4573
 -0.830874
 0.449735
 -0.703541
 -0.286069
 -1.85053
 -1.408
 -0.247574
 -0.062796
 -1.37883
 -2.46638
 -0.233206
 -1.24236
 -1.10709
 0.309226
 -0.986433
 3.53476
 -0.770826
 0.108027
 -0.813644
 -0.10662
 -2.44304
 -1.14492
