 -0.826391
 -0.593035
 0.266841
 1.92826
 1.89307
 1.54702
 2.98064
 1.56567
 0.735685
 0.544906
 0.116788
 0.574723
 0.640764
 0.793577
 -0.0939524
 1.67641
 2.06052
 1.48954
 0.769722
 0.0983346
 -0.109096
 0.424098
 1.41635
 0.304032
 -0.0166298
 -0.492147
 0.479929
 -0.00155796
 -0.219856
 -0.3417
 -0.542562
 -0.48305
 -0.804162
 -0.302039
 -0.902039
 -0.488726
 0.479145
 -0.722488
 -1.20039
 -1.98474
 -1.00721
 -1.26435
 -1.07377
 -1.75459
 -1.78103
 -0.931521
 -0.550645
 -1.14276
 -2.45094
 -2.08207
 -1.19647
 -1.2141
 -2.33778
 -0.796188
 0.183538
 -0.0503711
 -0.946428
 0.288295
 -0.529107
 -1.58492
 -1.48443
 -1.54379
 -0.924796
 -0.318754
 1.18608
 1.07503
 0.134158
 -0.134711
 -0.464962
 -0.386141
 -0.64244
 -0.830129
 -1.13342
 0.0981886
 -0.4048
 -0.0392244
 -0.257713
 0.650054
 0.884615
 0.0848275
 1.15632
 1.02928
 1.17192
 0.458969
 0.111401
 0.0119309
 -1.14965
 -1.89735
 -0.94642
 -1.10395
 -0.483022
 0.327366
 0.811203
 0.433363
 -0.27369
 -0.713884
 -0.199046
 -0.0925642
 0.201156
 0.807107
 -0.317118
 -0.877821
 -0.562182
 -0.530949
 0.6874
 -0.284445
 -0.413692
 -0.360626
 -0.518806
 -1.8983
 -1.53515
 -1.75436
 -1.18973
 -0.499191
 -0.338853
 0.202296
 0.170713
 0.960528
 0.992415
 0.636585
 0.480359
 0.427646
 2.45936
 2.53977
 1.78883
 1.55161
 0.446494
 1.03074
 0.106703
 0.100704
 -0.684871
 0.185301
 -0.352184
 -1.01585
 -0.319399
 -0.0567953
 -0.349995
 -0.440351
 -0.689436
 0.294619
 -0.0895875
 -0.194485
 -0.378166
 -0.331306
 -0.810796
 -1.25497
 -0.496682
 -0.603646
 0.0122772
 1.50642
 0.94407
 0.98988
 0.351577
 1.0669
 0.192382
 -0.0358457
 0.202072
 -0.664115
 -0.552874
 0.570124
 1.25692
 1.85664
 1.31231
 0.611711
 0.471481
 0.187524
 0.788844
 1.29095
 1.10404
 0.689338
 0.559602
 -0.135074
 0.126071
 -0.154793
 0.947101
 1.52471
 1.9043
 1.77127
 0.61926
 -0.00575554
 0.410318
 -0.544098
 -1.24396
 0.239374
 -0.500039
 -0.866806
 0.222444
 -0.31839
 -0.347219
 -0.113068
 0.252082
 0.0203356
 -0.269992
 -0.572629
 -1.01733
 -0.27141
 0.165096
 1.08791
 0.906875
 0.807374
 1.1177
 1.65729
 0.860688
 0.176949
 0.651237
 -0.145995
 -1.00309
 -0.0563824
 -0.423728
 -0.281999
 -0.307222
 0.600114
 -0.675609
 0.131425
 -0.725565
 0.515438
 -0.558455
 0.232085
 -0.373547
 0.844106
 0.511258
 -0.374918
 -0.60399
 -0.6073
 -0.590377
 0.593331
 1.43396
 0.553282
 1.03035
 1.22264
 1.444
 1.43827
 0.909383
 0.795293
 0.872161
 0.145297
 -1.14194
 -0.3766
 -1.04253
 0.361807
 0.18546
 -0.0981629
 -0.341626
 0.393952
 0.211565
 0.0927742
 -0.0153903
 0.570875
 1.4486
 1.92934
 1.09578
 0.677741
 0.257175
 -0.143491
 0.0737384
 -0.107399
 -1.30048
 -1.15661
 -0.156973
 0.273735
 -0.130016
 -0.522981
 0.0204762
 0.19398
 -1.12161
 -1.12185
 -0.564919
 -0.666196
 -0.752464
 -0.135449
 -0.127377
 -0.191414
 -0.286969
 -1.51161
 -0.307374
 -0.233599
 0.104332
 -0.225892
 -1.22588
 -0.777323
 -1.72573
 -2.8399
 -2.41493
 -2.47786
 -1.8031
 -0.782462
 -0.780062
 -1.28876
 -1.13461
 -0.999114
 -0.359963
 -0.047693
 -1.25467
 -1.35937
 -1.19842
 -1.10936
 -0.809245
 -0.601378
 -0.288095
 0.0726441
 0.153203
 0.604891
 0.753786
 0.761503
 0.0999878
 0.502661
 0.290922
 0.271318
 0.289044
 0.00794067
 -1.17273
 0.207311
 -0.394921
 0.195579
 0.370449
 0.590805
 -0.0969168
 0.527096
 1.90681
 1.24045
 0.475552
 -0.470397
 -0.821867
 0.294437
 -1.13984
 -0.519189
 -0.506057
 -0.729152
 -1.37206
 -0.371208
 -0.119464
 0.921149
 -0.121285
 -0.260225
 -0.84536
 -0.980734
 -1.53535
 -1.40184
 -1.6551
 -0.574518
 -0.301465
 -0.0019385
 -0.82549
 0.154569
 0.500718
 1.02918
 1.55026
 0.80921
 0.568646
 0.403019
 0.646095
 -0.393402
 0.424766
 0.712331
 0.264257
 0.37021
 -0.640407
 -1.59099
 -1.06894
 -1.5749
 -1.69508
 -1.51134
 -1.31561
 -0.209979
 -0.582066
 0.043149
 0.73494
 0.964564
 0.88009
 1.28166
 0.386133
 0.521158
 0.519682
 -0.25996
 -0.499506
 0.0165966
 0.416256
 -0.394158
 0.512197
 0.478634
 0.954683
 -0.0624738
 0.36315
 -0.257035
 -0.476287
 -0.0930957
 0.29354
 0.210432
 0.200603
 0.544619
 1.17157
 -1.31423
 -0.566604
 -1.03588
 -0.965326
 -1.84086
 -1.40795
 -1.10478
 0.139272
 0.499324
 1.19401
 1.88233
 1.51387
 2.33857
 1.7956
 1.54457
 1.81393
 1.14843
 1.69341
 1.57415
 1.93538
 1.59452
 0.94837
 1.13207
 1.39925
 1.2565
 0.813694
 1.12641
 1.4862
 0.513669
 -0.776608
 -1.69964
 -1.4232
 -2.02092
 -2.21963
 -1.60484
 -2.1481
 -2.43893
 -2.12485
 -1.21073
 -0.888359
 -0.622746
 -1.36231
 -0.746762
 -0.519345
 -0.294216
 -0.012188
 0.937694
 1.96472
 1.95294
 2.33131
 0.425005
 -0.086298
 0.2634
 -0.104295
 -0.326473
 0.0172106
 -0.306479
 -0.441737
 -1.49012
 -0.875934
 -1.8291
 -1.94761
 -1.5719
 0.0982458
 0.251145
 -0.649471
 -1.33278
 -0.682719
 -0.497375
 -0.211674
 -1.26622
 -1.0371
 -2.07425
 -1.15103
 -1.62385
 -0.363689
 -0.118899
 0.837601
 0.121274
 -0.220083
 0.230926
 -0.273517
 0.769451
 1.13064
 1.67841
 1.68601
 1.44307
 1.42643
 0.999247
 0.856127
 0.508789
 1.6526
 0.179511
 -0.42781
 -0.959164
 0.21938
 0.721421
 -0.693583
 -0.664163
 -0.916165
 -1.92708
 -1.16532
 -0.309062
 0.46672
 0.944233
 1.91143
 1.95839
 2.51429
 2.14276
 1.39037
 1.32123
 0.709064
 1.52722
 0.550991
 -0.010947
 -0.0441158
 0.567621
 -0.0356772
 -0.320329
 0.242824
 -0.0500272
 0.563029
 1.00838
 -0.0213291
 0.495031
 0.141301
 -0.146705
 -0.541434
 -1.35511
 -0.840516
 -1.27166
 -2.01814
 -1.07202
 -1.71103
 -2.12658
 -2.59045
 -2.14906
 -2.52261
 -1.07678
 -1.51702
 -0.641373
 -0.582878
 -0.538972
 0.190064
 -0.579012
 -0.0922861
 0.332824
 0.289174
 0.853498
 -0.0301867
 -0.124883
 -0.682394
 -1.35239
 -0.825901
 -1.48221
 -0.450774
 0.493519
 0.737729
 0.114205
 0.273648
 1.10961
 1.32857
 1.78732
 1.21974
 1.6499
 0.827337
 1.09113
 1.39431
 0.619264
 1.09108
 1.07857
 0.535731
 0.50385
 0.352096
 1.51778
 0.1797
 -0.756922
 -0.503257
 -0.760761
 -0.241432
 -0.714787
 -1.15553
 -1.9216
 -1.20567
 -0.746991
 -0.308514
 -0.855905
 -0.650022
 -0.548749
 -0.235205
 0.181573
 -0.281625
 -0.251243
 -1.39426
 -0.950425
 0.122136
 -0.727186
 -0.999427
 -1.25005
 -0.938109
 -1.13473
 -1.44821
 -1.04923
 -1.04374
 -0.763464
 -0.37298
 -0.0354356
 0.36185
 -0.691981
 -0.0195165
 1.09196
 3.23229
 1.18977
 0.96772
 1.32231
 1.50455
 1.27501
 1.09721
 1.92734
 1.6098
 -0.29322
 -1.03039
 -1.31374
 -1.61183
 -1.63333
 -1.66772
 -1.10628
 -0.858188
 -0.710669
 -0.123434
 0.297434
 -0.514408
 -0.773777
 -0.110577
 -0.546294
 -1.17953
 -1.36791
 -1.01034
 -0.797713
 0.160852
 -0.0366877
 -1.38349
 -1.72379
 -1.32393
 -0.659124
 -0.853402
 -1.46365
 -0.817855
 0.368741
 0.718955
 0.735294
 0.6812
 0.641597
 0.48891
 0.790952
 0.261236
 0.404491
 0.817645
 0.930742
 1.36977
 0.33479
 0.501593
 1.09804
 0.00352313
 -0.769185
 -0.439551
 -0.124323
 -0.710728
 -0.107682
 -1.09195
 -0.150128
 0.47385
 -0.226695
 -0.684772
 -0.314393
 -0.587269
 -0.698548
 -0.707646
 -0.671988
 -0.912816
 -0.521742
 -0.994619
 -1.49529
 -1.4999
 -2.91311
 -2.0338
 -1.27307
 -2.09094
 -1.21695
 -1.75592
 -1.37161
 -1.00759
 -0.845261
 -1.35798
 -2.2446
 -1.69511
 -1.19543
 -1.04497
 -0.715909
 0.205985
 1.08592
 1.01909
 1.62334
 1.56364
 1.91785
 0.697493
 1.10698
 1.26915
 1.82466
 1.46974
 1.63964
 0.344081
 1.18625
 0.767706
 0.262029
 -0.422731
 -1.00487
 -0.692048
 -0.627471
 -0.0389142
 -0.254169
 0.447766
 0.735544
 0.249312
 0.377344
 0.000111173
 -1.04001
 -1.09745
 -2.32264
 -2.04211
 -2.13435
 -2.04039
 -1.18131
 -0.314307
 0.0440182
 0.282226
 0.477106
 1.75464
 0.702072
 0.267924
 -0.0926877
 1.00914
 1.00042
 1.5648
 2.04263
 2.33912
 2.07205
 2.28275
 1.79834
 1.86245
 2.30914
 1.91165
 0.451844
 -0.240637
 -0.0186638
 0.0134112
 -0.182769
 -0.50366
 -1.03041
 0.0535852
 0.343174
 0.567086
 1.85665
 1.16227
 1.77911
 1.11415
 0.687665
 1.77781
 1.50985
 1.97757
 1.0087
 -0.165935
 0.193144
 0.992361
 1.90618
 1.86338
 0.804117
 0.483542
 0.31211
 -0.204464
 0.813298
 0.223398
 0.894907
 0.558216
 -0.0206988
 0.798346
 1.01613
 1.10565
 0.0288312
 1.00648
 0.43381
 0.780262
 0.661225
 0.445147
 0.774067
 1.13048
 0.522981
 0.685428
 0.121611
 -0.150198
 -0.0978369
 -0.321095
 -0.0517779
 0.15766
 -0.606186
 -1.50726
 -1.00517
 -0.447465
 -0.144936
 -1.45579
 -1.21322
 -0.128734
 -0.464529
 -1.35886
 -2.17274
 -1.49189
 0.222978
 0.0367983
 -0.987238
 -1.16005
 -0.889276
 -0.719636
 -0.122932
 0.078953
 -0.136361
 -0.362716
 0.199421
 0.368286
 0.101872
 0.482484
 1.18533
 1.57377
 0.569644
 -0.0126959
 0.390298
 -1.16586
 -1.85757
 -0.63687
 -1.21458
 -1.93812
 -1.4397
 -0.752095
 -1.56325
 -1.632
 -1.11192
 -1.35367
 -1.68729
 -1.52974
 -1.13087
 0.0999081
 1.39106
 2.29424
 1.4804
 1.21597
 0.941338
 1.198
 1.20364
 1.76125
 2.06791
 0.560627
 -0.784867
 -0.79012
 -0.889038
 -2.00193
 -1.76688
 -1.64099
 -0.53714
 0.15103
 0.0184824
 -0.443496
 -0.328618
 0.953605
 0.419026
 0.655676
 0.378118
 0.651325
 1.08031
 0.45764
 0.874379
 0.344862
 -0.187384
 0.11708
 -0.768575
 -1.08768
 -0.225511
 0.141716
 0.993647
 -0.0676696
 0.517257
 0.826442
 0.609599
 1.10007
 0.908714
 0.704365
 -0.170579
 0.0216524
 -0.570242
 -0.00592869
 0.211691
 -0.111947
 -0.61144
 -0.797875
 -0.249559
 0.571782
 -0.377765
 -0.261651
 0.658001
 0.349785
 1.71731
 2.01777
 1.82711
 1.67757
 0.854874
 -0.225503
 -0.432789
 0.107088
 0.606731
 0.717844
 1.24619
 1.54411
 1.35142
 1.11089
 1.39449
 0.568125
 0.154558
 0.683405
 -0.348438
 -0.191463
 0.111645
 -0.489188
 -0.545718
 -0.448428
 -0.86995
 0.571027
 0.465736
 0.370648
 1.93159
 0.984976
 0.594067
 0.333163
 0.729543
 0.976439
 1.35222
 1.17538
 0.482741
 0.29041
 -0.499624
 -1.39691
 -0.64846
 -0.200038
 1.23415
 1.20503
 1.52912
 0.882838
 1.65673
 1.61413
 0.597527
 0.802084
 1.39665
 1.9441
 2.04599
 1.79657
 2.88807
 2.44546
 2.7056
 1.7294
 1.45136
 1.45528
 2.13207
 2.01486
 1.44997
 0.503465
 0.824812
 1.37388
 2.0247
 1.93767
 1.90165
 1.50756
 1.12681
 1.71103
 0.70512
 0.207382
 1.03728
 0.575924
 0.778653
 0.551944
 0.059799
 0.105616
 -0.0588243
 -1.20333
 -0.42697
 -0.644551
 -0.731525
 -0.844583
 -1.31102
 -1.69909
 -2.27711
 -1.80356
 -1.38742
 -0.637977
 -1.40348
 0.102858
 -0.627458
 -0.443098
 -2.04758
 -1.46254
 -0.164406
 -0.451598
 -0.689845
 -0.776032
 -1.68954
 -1.02247
 -0.841188
 -0.567345
 0.564538
 -0.341161
 -1.21034
 -1.92237
 -0.808622
 -0.0103586
 -0.576648
 -2.06521
 -1.32979
 -1.85962
 -0.735597
 -0.578113
 -1.20872
 0.329565
 -0.484464
 -1.9259
 -2.10405
 -1.70208
 -0.995774
 -1.08532
 -1.13445
 -0.100115
 1.68211
 2.32719
 1.39577
 0.650999
 1.11045
 1.19512
 1.88063
 1.14568
 1.58797
 1.45962
 1.76614
 1.58135
 1.32047
 1.34589
 1.81172
 0.336166
 0.451331
 0.17354
 0.279712
 -0.263251
 0.23578
 0.195039
 -0.59202
 0.424309
 -0.0795408
 -1.03501
 -1.16156
 -1.22306
 -0.27329
 0.278663
 -1.33392
 -1.57742
 -0.971276
 -0.28233
 -0.0848595
 0.0290726
 -0.208549
 -0.737419
 -1.48528
 -0.854594
 -0.28237
 -0.439726
 -0.590716
 -0.31214
 0.638611
 0.491144
 0.448024
 -0.251398
 -0.794843
 -0.619302
 -0.656056
 -0.751083
 1.03212
 1.19371
 0.764857
 2.36796
 1.53711
 2.27563
 0.590745
 0.0156452
 -0.0659457
 -0.6917
 -1.31947
 -0.960708
 -1.0723
 -1.08868
 0.342551
 0.48077
 0.52408
 0.841981
 0.133396
 1.14891
 0.14769
 -0.131128
 0.648934
 1.06155
 1.1038
 0.304008
 0.547783
 1.01032
 1.42799
 0.379287
 0.0527752
 0.986517
 0.497766
 -0.827341
 -1.11443
 -1.35085
 0.401926
 -0.455823
 0.474559
 0.0727064
 -0.298356
 0.251064
 0.0778762
 -0.939182
 -1.0571
 -0.164199
 -0.72803
 0.0740335
 0.279513
 1.44322
 0.250409
 0.266761
 -0.00902162
 0.296019
 0.303958
 0.873271
 -0.0200919
 0.749296
 -0.237011
 -0.831087
 -0.256885
 -0.162946
 -0.0570168
 -0.761021
 -0.18782
 -0.617853
 -1.16631
 -1.02305
 -0.41312
 -0.0358737
 -0.713827
 -0.599261
 -0.260079
 0.459231
 0.278235
 0.808907
 2.02299
 1.08878
 0.896033
 0.0674126
 -0.537315
 -0.91475
 -1.47693
 -1.54603
 -1.50662
 -1.4651
 -1.6577
 -1.16832
 -0.959225
 -0.500011
 -1.27102
 -1.16808
 -0.647994
 -1.1877
 -0.614639
 0.0956185
 -0.920632
 0.452195
 0.680426
 1.0033
 0.44387
 -0.250716
 -1.37135
 -0.966281
 -0.634422
 -0.397096
 -0.564191
 -1.78211
 -1.21079
 -0.753824
 -0.977817
 -0.832029
 0.189232
 -0.376856
 -0.575113
 -0.906607
 0.0713068
 -0.837777
 -0.191875
 0.289095
 0.777982
 0.340459
 1.53098
 1.46525
 0.362788
 -0.357564
 -0.0225411
 0.402803
 -0.580615
 -0.575275
 -0.0757088
 0.355842
 -0.227405
 -0.0849536
 0.00704328
 -0.793346
 -0.0941093
 0.258989
 -0.610034
 -0.0800827
 -0.532979
 -0.805059
 -1.16669
 -1.37444
 -1.60589
 -2.07754
 -1.7142
 -1.60931
 -1.84666
 -2.33769
 -0.658251
 0.206003
 1.01171
 0.0746907
 1.03997
 0.263591
 -0.85672
 -0.885949
 -1.41413
 -2.14486
 -1.53053
 -1.03907
 -0.206132
 -0.627672
 -1.04432
 -0.649747
 0.637947
 0.607965
 0.745468
 0.719301
 0.569997
 0.677318
 0.685847
 1.25867
 1.1987
 0.951563
 1.10531
 0.669348
 0.789193
 -0.230772
 -0.626105
 -0.215594
 -0.361766
 -0.474842
 -1.35107
 -0.38655
 -1.05855
 -1.476
 -0.624159
 -0.784296
 -0.64379
 0.38321
 0.606977
 0.771894
 1.31727
 0.137922
 -0.836804
 -0.40327
 -0.0500502
 -0.63626
 0.404236
 1.2713
 1.54227
 -0.275167
 -0.287433
 -0.0435991
 1.07316
 0.997795
 1.49447
 1.30883
 0.761291
 0.435757
 0.0321684
 -0.34936
 -0.317329
 0.13749
 0.183393
 0.0707438
 0.121459
 -0.60106
 0.476236
 0.49595
 1.01388
 0.880696
 -0.617083
 -0.654714
 0.216027
 0.31833
 -0.385343
 -1.74562
 -1.58577
 -2.47222
 -2.32754
 -1.22597
 -2.28047
 -1.87618
 -1.91233
 -1.59188
 -0.714585
 0.34666
 0.923977
 0.87332
 0.834309
 0.364041
 0.201983
 0.426785
 0.233792
 -0.65524
 -0.605762
 -0.333581
 -0.660516
 -0.336283
 -0.444669
 0.331649
 0.731448
 0.141554
 -0.346105
 -0.550958
 -1.03303
 -1.45187
 -1.16282
 -1.10521
 -0.788183
 -1.07339
 -1.54951
 -0.792114
 -0.150702
 0.75017
 1.2077
 1.30513
 0.689247
 0.66053
 0.641954
 0.472277
 0.0456298
 -0.596612
 -1.28036
 -1.04987
 -1.96347
 -0.412901
 -1.48727
 -1.31351
 -1.52178
 -1.55881
 -1.38624
 -1.31702
 -1.06313
 -0.227457
 -0.735847
 -0.270629
 0.0817607
 -0.596422
 -1.18602
 -0.198667
 -0.790966
 -0.94264
 -0.579858
 -0.39443
 -0.315895
 -0.609912
 -0.57133
 -0.619933
 -0.988518
 -0.951518
 -0.140871
 -0.0272701
 -0.608779
 -0.0606933
 0.242662
 -0.422988
 -0.821696
 -0.440206
 -0.224463
 -0.312765
 -0.0936352
 0.151378
 -0.415437
 -0.485183
 0.309109
 0.720451
 1.11809
 0.56701
 1.70756
 0.882472
 0.302486
 0.790399
 0.766804
 0.353001
 0.838523
 0.554773
 0.504666
 0.667282
 2.10687
 3.93697
 3.47374
 2.08959
 1.64496
 1.4198
 1.37281
 0.63248
 0.25501
 -0.279712
 -2.36921
 -1.30094
 -1.70405
 -0.517017
 -1.60695
 -1.42585
 -2.83156
 -2.30782
 -1.97992
 -1.19775
 -0.653855
 -0.142462
 0.603048
 -0.260395
 0.268829
 -0.651491
 -0.934848
 -1.14186
 -0.780025
 -0.321391
 0.0678518
 0.318994
 0.100219
 0.340299
 0.851396
 0.325418
 -0.623058
 -0.629905
 -0.271602
 0.166812
 0.613774
 1.50127
 -0.00848916
 -0.0828347
 1.00525
 -0.0153569
 -0.61955
 -0.97224
 -0.588834
 -1.80362
 -0.484491
 -0.573512
 -0.421628
 -0.0795997
 0.048279
 -0.0775249
 0.0672183
 -0.591327
 -0.234367
 0.13439
 0.937806
 0.957698
 0.845487
 0.472204
 0.856649
 0.0117784
 0.565584
 1.7639
 1.52918
 1.43585
 1.33181
 2.94141
 2.56635
 2.47737
 1.64109
 1.87661
 2.31352
 1.90744
 1.32371
 1.36664
 1.02524
 1.65633
 0.921287
 0.956493
 0.203523
 -0.351454
 -0.168013
 -0.394608
 0.484835
 0.404719
 1.0012
 1.64588
 1.83842
 1.05631
 -0.115582
 -0.355929
 -0.928298
 -0.744231
 0.498737
 0.588689
 0.138961
 0.797367
 1.28102
 1.12718
 1.21762
 1.3836
 1.57367
 1.53846
 1.09567
 0.783098
 1.48047
 2.1248
 0.926432
 0.737217
 0.915814
 0.0841303
 -0.0746334
 -0.693506
 -0.563584
 -0.947823
 -0.982492
 0.856857
 0.707921
 0.939438
 0.851928
 0.451129
 -0.134346
 -1.58156
 -1.98372
 -1.64002
 -0.470017
 -0.174801
 0.553336
 1.64578
 1.08225
 1.14516
 1.73235
 0.894663
 0.120697
 -0.395289
 0.314163
 0.318721
 0.291167
 0.0119143
 -0.896402
 0.403911
 0.629533
 -0.142954
 0.339288
 0.901071
 0.113739
 -0.253204
 -0.874808
 -0.814008
 -0.311273
 -0.878509
 -1.13606
 -0.197892
 -0.327384
 -1.05001
 0.136165
 0.00900824
 -0.449788
 -0.474098
 0.223835
 -0.07645
 -0.22866
 -0.165994
 -0.24045
 1.04994
 1.02292
 0.796293
 0.57792
 -0.59548
 -1.66408
 -0.553622
 -1.89157
 -0.578983
 -0.452827
 0.559849
 0.114459
 -0.101911
 0.522986
 1.66277
 1.71477
 1.89613
 1.59332
 0.842314
 1.82245
 1.66537
 1.04172
 -0.338908
 0.0777325
 0.489995
 0.739862
 0.32733
 1.00955
 1.11918
 0.856839
 0.0723335
 -0.71695
 -0.594703
 -1.31184
 0.302701
 -0.8068
 -1.0841
 -1.59496
 -0.71256
 -1.22708
 0.00931636
 -0.760854
 0.0434868
 0.308114
 -0.665301
 -0.880124
 -2.00349
 -2.28259
 -0.927408
 -1.58264
 -1.15261
 -1.20664
 -0.96201
 -0.890498
 -0.426191
 0.17961
 0.329783
 -0.420731
 -0.267211
 -1.2465
 -1.93897
 -1.9095
 -1.66079
 -1.31971
 -1.60249
 -1.8768
 -0.767417
 0.0470188
 0.594599
 1.14527
 1.1335
 0.843896
 0.414685
 0.294047
 0.930216
 0.551426
 0.554165
 1.53384
 1.28628
 1.68214
 1.12068
 1.41614
 0.581452
 -0.448845
 -1.5502
 -1.03011
 -0.335558
 -0.66429
 -1.49899
 -2.14821
 -1.48955
 -0.619148
 0.289651
 0.851271
 -0.322454
 -0.443914
 0.0576201
 1.2669
 1.9073
 1.67835
 1.04985
 0.988736
 0.0991984
 -0.134377
 0.270595
 0.947115
 1.17575
 1.06762
 1.61425
 0.847338
 1.61834
 0.915745
 1.18959
 0.906289
 0.115624
 0.762769
 0.601368
 0.699213
 0.345564
 -0.429386
 -0.351787
 -0.817313
 -0.333577
 -0.168796
 0.449555
 0.0966962
 -0.0456608
 0.623961
 1.04892
 0.449416
 -0.443157
 -0.513997
 -0.141697
 0.261243
 -0.895388
 -0.663385
 -0.858378
 -1.80924
 -2.06055
 -1.20484
 -0.314434
 0.12241
 0.196886
 -1.36009
 0.518789
 0.324494
 0.326349
 0.96581
 1.20909
 1.06379
 2.12217
 1.84165
 2.20843
 3.00487
 2.88869
 2.68748
 3.21216
 2.38158
 3.61398
 2.15831
 2.39665
 1.76746
 1.10657
 0.819548
 2.13073
 0.779473
 0.400753
 0.364085
 1.57302
 0.983933
 1.48358
 1.52959
 0.202113
 -1.1079
 -1.21963
 -0.693484
 -0.769041
 -0.6327
 -0.276306
 -0.701318
 -0.0156317
 0.383531
 1.44809
 -0.742904
 -0.309704
 -0.559867
 -1.11317
 -1.55565
 -1.60755
 -2.21033
 -3.07478
 -2.37466
 -0.904968
 -0.9784
 -2.06052
 -1.54957
 -1.29532
 -0.946433
 -1.06798
 -0.799345
 0.288334
 0.364422
 -1.1527
 -1.12707
 -1.18123
 -1.25068
 -1.25834
 -1.2024
 -0.896022
 -1.21529
 -0.278831
 -0.579266
 -0.955224
 -0.715665
 -0.335878
 -1.34063
 -1.08096
 -0.853353
 0.294426
 0.432946
 -0.417087
 0.732696
 0.800897
 -0.203243
 0.747903
 0.71512
 0.0118901
 0.329889
 1.22199
 0.942902
 0.802156
 0.922997
 0.0898947
 -0.139816
 -0.307902
 1.00456
 0.770038
 0.506788
 0.14864
 -0.434509
 0.36374
 0.0125692
 0.0830339
 -0.401597
 0.648745
 1.81865
 2.14112
 2.52527
 0.996536
 -0.334437
 -0.00284696
 1.14804
 0.595358
 -0.103195
 -0.907732
 -0.454108
 -0.570938
 -0.537701
 -0.681009
 -0.137496
 -1.99896
 -1.59455
 -0.718242
 1.20437
 2.1472
 2.21244
 2.10217
 2.23385
 2.97104
 2.84826
 2.81006
 3.03244
 1.28941
 2.33562
 1.91573
 2.76558
 2.19581
 1.78822
 1.20374
 0.960895
 -0.163659
 -1.46964
 -1.46551
 -0.738594
 0.0452269
 -0.296566
 0.536573
 -0.782427
 -1.46588
 -1.51264
 -2.12272
 -1.85555
 -2.09768
 -1.73672
 -1.07473
 -1.48282
 -0.851988
 -0.435155
 -1.91123
 -2.34732
 -1.64145
 -1.2656
 -0.89125
 -1.34659
 -0.936887
 -0.0395537
 0.92305
 1.13779
 -0.149116
 -0.132299
 -0.844301
 -0.717834
 -0.318718
 -0.317603
 0.0985386
 -0.145217
 0.138627
 0.780082
 0.344355
 -0.830133
 -0.883345
 -1.05934
 -1.28829
 -0.840107
 -0.592245
 -0.903618
 -1.31159
 -1.26742
 -1.00717
 -1.08047
 -0.846573
 -0.729366
 -0.0999527
 -0.618641
 -1.15825
 -1.64937
 -0.910945
 0.0229106
 0.120368
 -0.230557
 -0.279051
 0.570292
 1.25701
 0.897421
 0.0709826
 0.899896
 0.977958
 1.13062
 0.588566
 -0.352505
 -1.53356
 -3.17763
 -3.29365
 -2.93501
 -1.92487
 -1.83758
 -0.621718
 -0.969663
 0.210957
 0.504796
 0.747536
 0.124059
 0.116498
 -0.272183
 -0.28132
 -0.842563
 -0.539451
 -0.992954
 0.0324692
 0.390314
 0.473506
 -0.562002
 -0.573876
 -1.06963
 -1.90623
 -2.2487
 -1.92029
 -1.51169
 -1.49165
 -0.948327
 -0.710157
 -0.973328
 -0.495557
 -0.396836
 0.120041
 0.243679
 0.339718
 1.19241
 1.1886
 0.735668
 0.313277
 -0.818505
 0.021246
 -0.933407
 -1.00154
 -0.860391
 -0.891744
 -1.32908
 -0.571759
 -0.998168
 -1.32464
 -0.420998
 0.716037
 -0.15687
 -0.875262
 -0.875483
 -0.514771
 0.878083
 0.934517
 0.390965
 -0.0254131
 -0.136648
 -0.35135
 -1.03081
 -1.20877
 -0.642418
 -1.26662
 -0.121081
 2.02799
 1.62583
 0.869506
 1.75228
 0.960105
 0.666696
 0.333969
 1.63786
 0.726039
 -0.0703154
 -0.351244
 0.522983
 -0.222784
 -0.547055
 -0.647698
 -0.0351264
 0.148409
 0.211689
 -0.526569
 -0.151977
 -0.681189
 -0.23602
 -0.212082
 0.456742
 0.215318
 -0.487035
 -0.154649
 -0.552268
 -0.777613
 -0.80554
 0.585144
 0.510605
 0.959162
 1.51719
 -0.0625619
 -0.0977497
 0.538114
 0.467349
 0.852748
 1.98899
 2.29888
 2.20474
 0.144267
 -0.431792
 0.763813
 0.97798
 0.337888
 1.18057
 0.995429
 1.00637
 -0.220748
 0.609558
 0.368148
 0.737176
 0.684614
 1.07813
 2.35084
 2.06047
 1.59752
 0.831511
 0.497722
 0.832319
 0.232088
 -0.476537
 -0.75526
 -0.763148
 -1.37152
 0.328019
 0.628798
 0.891825
 1.56861
 1.39299
 1.55589
 0.813896
 0.765283
 0.837615
 0.32629
 -0.520312
 0.170617
 -0.424792
 0.0666468
 0.883611
 0.440701
 0.516558
 0.677671
 0.0342252
 0.877651
 1.12418
 0.372988
 0.36512
 -0.171914
 -0.312812
 -0.0238572
 0.283869
 1.08126
 0.587055
 0.434082
 0.336646
 -0.214865
 0.0972527
 -0.873061
 -0.766449
 -0.192705
 0.266093
 0.473136
 -0.566733
 -0.372519
 -0.181903
 0.772638
 0.250874
 0.406131
 -0.43105
 0.321278
 0.613087
 -0.16806
 -0.895779
 -0.893372
 -0.891263
 -0.348995
 0.468684
 0.561352
 0.972399
 2.27297
 1.51861
 0.480584
 0.160321
 0.258774
 -0.210717
 -0.607981
 -0.142281
 0.0901924
 0.519179
 0.388554
 0.53776
 0.267671
 1.08071
 1.74795
 0.315985
 0.188617
 -0.369255
 -0.00564675
 -0.158823
 -0.212312
 0.619386
 -0.491899
 0.653016
 0.463549
 0.752549
 0.169798
 -0.227817
 -0.707661
 -0.572895
 1.40217
 1.22519
 1.23767
 2.65651
 3.12699
 1.80823
 0.500392
 0.670049
 1.03054
 0.647509
 -0.0122442
 -0.281319
 0.172439
 -0.00358168
 0.323451
 0.260529
 -0.326398
 -0.525913
 0.558149
 1.35703
 1.58086
 0.736448
 1.30288
 0.6689
 0.43453
 0.348635
 0.402957
 -0.092019
 0.558444
 -0.0530041
 0.0220936
 -0.0843938
 -0.74028
 -1.31005
 -0.0810678
 0.0353961
 -0.723479
 0.0684128
 0.0929008
 0.260508
 -0.35139
 0.783473
 0.0801097
 -0.666737
 -0.177312
 -0.433538
 0.365078
 -0.212743
 0.0330409
 -0.621157
 -0.205914
 0.0143945
 0.148721
 0.614617
 0.302434
 0.369399
 1.34963
 0.81686
 0.255862
 -0.362079
 -0.84792
 -0.72814
 0.247606
 1.21433
 1.4123
 0.749887
 1.20875
 0.277995
 0.421769
 1.56702
 1.75194
 -0.031554
 0.379132
 -0.0629719
 0.0312248
 0.919038
 0.510165
 -0.797188
 0.0507923
 -0.668712
 -0.59963
 -0.135083
 -0.981375
 -0.579381
 -0.754968
 -0.0919849
 0.5083
 -0.0788817
 0.17465
 -0.166684
 0.183316
 -0.540426
 0.231092
 1.41389
 1.53196
 0.867326
 -0.624442
 -0.2308
 0.0409932
 0.772294
 1.27235
 0.668599
 -0.770322
 -0.0923925
 -0.416421
 -0.543884
 -0.204783
 -0.944805
 -0.82473
 -1.18143
 -2.02315
 -1.91838
 -0.467029
 -0.576399
 -0.960549
 -0.967637
 -0.184459
 0.239696
 0.270114
 0.235407
 0.632522
 1.72997
 1.29842
 0.228032
 0.530733
 -0.229204
 -0.530337
 -0.207166
 -0.0320065
 0.527624
 1.03292
 2.92193
 1.87108
 2.44966
 0.61885
 0.258402
 0.231011
 0.349361
 -0.649762
 -0.856882
 -1.41629
 -0.310333
 0.0473904
 -0.798795
 -0.342438
 -0.560352
 0.00748848
 -0.236224
 -1.39728
 -0.449148
 -0.532977
 -0.138565
 0.086919
 -0.549838
 -0.637308
 -1.75082
 -1.56188
 -1.40574
 -0.325079
 -0.932262
 -0.957879
 -1.89909
 -1.20349
 -0.935677
 -0.84238
 -0.0268992
 -0.326338
 -0.117773
 -0.164276
 0.166659
 -0.280517
 -0.538865
 -0.222563
 1.38645
 1.86867
 1.56224
 1.9327
 1.68377
 1.52665
 1.35029
 0.367965
 -0.601182
 -0.56048
 -0.123349
 0.960962
 0.912063
 1.00384
 1.16074
 0.960973
 0.940291
 -0.638476
 -0.836918
 -0.868172
 -0.68049
 -0.0575196
 0.311698
 -0.724106
 0.0506035
 0.61885
 -0.116634
 0.110166
 0.277706
 0.273274
 0.120839
 -0.227831
 -0.781397
 0.37772
 0.657849
 0.0986493
 -0.0560491
 -0.958811
 -0.455626
 -1.04819
 -1.32923
 -2.07412
 -2.2355
 -0.643692
 -0.0630215
 -0.332568
 -1.45986
 -1.03205
 -1.4555
 -0.986088
 0.136406
 1.35486
 1.00488
 -0.197911
 0.0629926
 0.68836
 1.63519
 1.85088
 2.77964
 2.26059
 1.00823
 1.11404
 1.65349
 1.56598
 1.85774
 2.40381
 1.19496
 1.23642
 0.0938129
 -0.924258
 -0.426882
 -0.125128
 -0.168758
 0.101173
 0.139726
 0.531086
 -0.339281
 -0.963585
 -0.979962
 -0.331814
 0.0900076
 -0.880362
 -0.163528
 -0.35441
 0.0224653
 -0.625797
 -0.923022
 -1.06358
 -1.48352
 -0.748628
 0.755453
 1.13288
 0.290613
 -0.134511
 -0.539873
 -0.203308
 -1.04481
 -0.704601
 -0.50902
 0.153416
 -0.631965
 -0.651246
 -0.233805
 -1.03296
 0.359216
 0.444629
 0.560057
 1.06323
 -0.139607
 -0.0242304
 -1.54768
 0.143141
 -1.14608
 -0.234154
 -0.0272199
 -0.145078
 0.416386
 0.0468941
 -0.791987
 -0.944196
 0.564395
 0.272194
 -0.273504
 -0.539875
 -0.448371
 -1.28358
 -1.0413
 0.0216401
 0.699594
 -0.165757
 1.07314
 0.94732
 0.0857783
 -0.370433
 0.835545
 0.642126
 -1.08542
 0.00253623
 0.475398
 0.400567
 0.683072
 0.233391
 0.649485
 0.502034
 -0.530258
 -0.112536
 -0.353435
 0.48969
 0.181683
 1.53593
 0.943063
 0.33973
 0.960004
 0.384569
 0.124188
 -0.00547548
 1.4505
 1.73492
 1.86527
 -0.163385
 -1.11232
 -0.645269
 -1.23416
 -1.04834
 -0.9504
 -0.298672
 0.221423
 0.399409
 0.0680501
 0.824146
 -0.592684
 0.423377
 -0.709749
 -0.987268
 -0.477898
 -0.438738
 -1.05424
 -0.731496
 -0.723989
 0.440792
 0.475349
 0.50783
 1.0033
 0.922213
 0.41742
 0.998942
 1.49607
 0.588436
 0.365583
 0.183725
 0.501523
 0.0616275
 0.694919
 0.659085
 0.870355
 0.810842
 2.021
 1.53215
 1.14097
 0.822748
 0.888894
 2.63484
 1.2404
 0.220915
 -0.247302
 -0.560902
 0.261129
 -0.69901
 -0.582913
 -0.0843225
 -0.383145
 -0.531905
 -1.00985
 -1.20779
 -1.72974
 -1.68389
 -1.82359
 -0.979579
 0.195483
 -0.188262
 -0.485619
 -1.04122
 -1.46119
 -2.03673
 -1.49056
 -0.542289
 -0.52853
 -0.0655949
 -0.179102
 0.439209
 -0.330262
 -0.108328
 0.148822
 -0.66176
 -0.598227
 -0.571279
 -0.867946
 -0.835125
 -0.0269154
 0.464805
 1.50713
 1.29938
 1.22265
 1.18315
 2.01283
 1.55482
 1.27155
 0.843114
 0.0585139
 -0.785156
 -1.23475
 -0.823768
 -1.16084
 -1.0826
 -0.493883
 0.625523
 0.123025
 -1.27852
 -1.73019
 -0.488921
 -0.645618
 -0.782945
 0.610792
 1.24979
 1.24215
 2.43579
 2.14651
 1.67684
 1.24825
 0.224128
 0.282788
 1.32307
 0.588427
 0.865968
 1.57524
 2.07856
 1.21981
 0.81969
 -0.298794
 -0.284203
 0.117353
 0.572437
 0.117745
 -0.310397
 -0.444184
 -0.134174
 0.458102
 1.23498
 1.47887
 1.68859
 2.29771
 2.31497
 0.84963
 0.0887644
 0.329511
 -0.234017
 0.540011
 0.460491
 1.42361
 1.65233
 1.5429
 -0.282947
 -0.891885
 -0.742396
 -1.20612
 -1.13271
 -0.18212
 -0.867024
 -2.27021
 -1.82412
 -1.78416
 -0.942677
 0.0794366
 -0.7399
 -0.768388
 0.185173
 1.11198
 0.907775
 0.556792
 0.34681
 -0.220501
 -0.359303
 -1.32272
 -0.357495
 -0.758609
 -2.11137
 -0.969706
 -1.19819
 -0.452534
 -0.271735
 0.96961
 0.73651
 1.06569
 0.296821
 0.0708962
 1.11436
 1.36381
 0.30386
 0.936667
 0.608658
 -0.119012
 -0.550592
 -0.945113
 -1.10601
 -1.53107
 -1.00514
 -0.819304
 0.339291
 1.00935
 1.38682
 1.86741
 1.42738
 1.39445
 0.0938922
 -0.866755
 -1.63081
 -0.656187
 -0.800391
 -1.52398
 0.0553025
 0.0417989
 0.0204739
 0.827888
 0.331281
 0.675254
 0.18658
 0.660233
 0.952342
 0.659984
 -0.0838851
 0.469939
 0.763969
 1.50927
 1.62783
 1.36706
 0.33488
 -0.402402
 0.19044
 -0.413035
 -0.303004
 -0.839176
 -0.976918
 -1.4991
 -1.77254
 -1.62851
 -0.986426
 -0.836955
 -0.774723
 -0.65639
 0.886873
 1.09252
 0.181156
 0.459111
 -0.394466
 -0.110504
 -0.138663
 -0.577858
 -1.33857
 -1.24328
 -0.789356
 0.0101328
 0.27775
 -0.275887
 0.00152079
 -0.706505
 -1.0572
 -0.0306807
 0.218595
 0.399253
 0.718138
 0.317041
 -0.0991315
 -0.968898
 -1.59984
 -0.649027
 -0.847017
 -0.0855558
 1.08407
 1.79344
 1.31423
 0.58869
 0.968496
 1.56783
 1.69506
 2.4428
 1.59574
 1.74484
 0.883194
 -0.227999
 1.04968
 0.232501
 -0.414001
 -0.285498
 -0.554233
 0.361791
 0.903802
 1.10464
 0.35523
 -1.05571
 -1.12502
 -0.795661
 -2.11566
 -1.14161
 -0.82594
 -0.737374
 -1.3276
 -1.16726
 -1.19246
 -0.75947
 -1.23873
 -1.74302
 -1.35593
 0.126892
 -0.730731
 -0.506429
 -0.0634543
 -1.18121
 -0.605895
 -0.751072
 -1.32195
 -2.31161
 -1.60516
 -0.1118
 -0.793989
 0.667645
 -0.103187
 -0.0413571
 0.426625
 -0.0508077
 0.50781
 0.654551
 0.238588
 -0.2428
 -0.503102
 -0.971183
 -2.08238
 -1.65279
 -1.73898
 -1.11191
 -0.598827
 -1.22725
 0.0179135
 0.0379181
 -0.245452
 0.0621447
 -0.1732
 0.402765
 1.18744
 1.70083
 2.21997
 1.90527
 2.17838
 0.644872
 1.07794
 0.103435
 -0.0811199
 1.01764
 0.482501
 0.0208189
 -0.0157108
 -0.285898
 -0.127018
 -0.36395
 0.104539
 -0.521211
 -0.744151
 -0.207306
 -1.01451
 0.364553
 -0.169147
 -0.108879
 -0.663697
 -0.207717
 -0.485884
 0.113661
 0.890809
 2.11538
 1.27612
 0.987976
 1.01736
 1.40149
 0.32594
 0.713506
 0.885761
 0.313112
 0.473481
 -0.0687866
 -0.103657
 0.531117
 0.513034
 0.43512
 0.0308284
 0.0230335
 0.0585133
 0.666185
 0.682428
 0.60475
 1.30331
 -0.421829
 -0.751191
 -1.16079
 -0.882883
 0.322677
 0.35817
 0.254093
 -0.767335
 0.148045
 0.368587
 1.47851
 1.35335
 0.233699
 0.273452
 -0.591716
 -0.664463
 -0.896374
 -1.18195
 -0.221163
 0.205219
 -0.752499
 -0.714026
 -0.79544
 -0.607713
 -0.90113
 -0.0239456
 1.10846
 0.488621
 -0.193251
 -0.786013
 -0.888141
 -1.51748
 -2.03416
 -2.32412
 -2.1503
 -1.31012
 -0.931184
 -0.00938826
 0.133342
 -0.691456
 0.00501292
 0.537274
 -0.0575143
 0.638965
 1.09541
 1.54884
 1.65125
 2.06689
 1.8379
 2.49017
 1.80069
 1.10609
 2.10167
 1.12213
 -0.191225
 -0.754256
 -0.664565
 -0.993853
 -0.766017
 -0.498527
 -0.361593
 0.213361
 0.912636
 0.398881
 0.98745
 0.714079
 0.624305
 0.0581881
 -0.308954
 0.919661
 1.0361
 0.0989236
 0.845664
 0.59032
 1.16706
 1.02855
 0.448988
 0.489939
 1.08311
 0.317659
 -0.613503
 -1.00638
 -0.0914576
 0.0802297
 0.386194
 -1.51388
 -2.02282
 -1.99714
 -1.65617
 -1.54379
 -1.79544
 -1.50256
 -0.932559
 -1.63917
 -2.47683
 -1.78733
 -1.10988
 -1.4757
 -1.45241
 -1.95774
 -1.40316
 -1.09477
 0.769243
 1.07304
 0.0359495
 -0.696884
 -0.0808388
 0.786029
 0.723062
 1.54023
 0.774807
 1.85289
 2.81497
 1.87148
 2.16286
 1.73926
 1.7624
 2.29288
 0.785956
 0.140466
 -1.08984
 -0.0597351
 0.170186
 -0.277713
 -0.573847
 0.459407
 0.546518
 -0.282294
 0.688218
 -0.0582057
 -0.848236
 -1.45038
 -0.903724
 -1.45417
 -1.09801
 -1.36493
 -0.752284
 -0.759646
 0.697477
 -0.444347
 -0.175298
 0.658424
 0.737925
 1.2549
 0.733552
 1.66409
 1.1583
 0.962884
 -0.527083
 -0.634203
 0.637522
 0.814799
 1.29811
 1.76236
 1.39334
 -0.195514
 -0.9911
 -1.45134
 -1.1129
 -1.20141
 -1.26078
 -1.54829
 -1.33456
 -1.47379
 -0.0856516
 -1.06666
 -0.20557
 -0.0811847
 1.27419
 0.94188
 1.60957
 0.768706
 0.920001
 0.421928
 -0.126704
 -0.173889
 0.433463
 -0.497747
 -0.21982
 -0.500277
 0.149682
 0.0102297
 -0.254704
 -0.654759
 -0.568232
 -0.962267
 -0.582161
 -0.65396
 -0.0346782
 0.235407
 0.877141
 0.071503
 -0.0133535
 -0.348432
 -0.371803
 0.217794
 0.58725
 -0.343519
 -0.638483
 -0.605853
 0.540671
 1.13451
 1.53924
 0.554751
 0.712842
 0.716969
 1.62376
 0.908716
 0.322746
 0.391395
 -0.324809
 -0.658611
 0.885577
 1.24073
 0.423503
 -0.557322
 -0.838206
 -0.75708
 -0.388342
 -0.42858
 -0.569292
 -0.872775
 0.120398
 0.397134
 0.577421
 -0.353605
 -0.416476
 -0.00238297
 1.71259
 1.4302
 1.29668
 1.12779
 0.926841
 0.923754
 0.996194
 0.644829
 1.18363
 1.82644
 1.31015
 1.55678
 0.648027
 1.1391
 1.67811
 0.72596
 1.02868
 1.10327
 1.47917
 0.629174
 -0.247626
 0.243294
 0.155549
 -0.121126
 -1.01409
 -2.05676
 -1.84408
 -1.20779
 -0.61491
 -0.584518
 0.291241
 0.863024
 0.447635
 -0.202849
 -0.409018
 -0.644314
 0.25226
 0.899847
 1.38024
 1.30976
 -0.831935
 0.150525
 0.863023
 0.103579
 -0.325276
 -0.462276
 0.816979
 0.325368
 0.231713
 0.514781
 0.410463
 0.341306
 -0.0955519
 -0.564267
 -0.974442
 0.0696413
 -0.529305
 -0.19378
 0.655015
 1.66784
 1.02524
 0.513884
 -0.305046
 -0.956908
 -1.20384
 -1.48292
 -1.7526
 -1.32457
 -0.995909
 -0.0628631
 -1.13981
 -1.1334
 -1.00694
 -0.216187
 -0.79079
 -0.992549
 -0.509945
 -0.856102
 -0.818361
 -0.36412
 -0.950111
 -1.67615
 -1.01845
 -0.989857
 -1.29875
 -0.892327
 -1.03642
 -0.734208
 -0.749422
 -0.469484
 -0.12175
 0.181375
 -0.258393
 -0.0214767
 -0.878283
 0.0544884
 0.0378313
 0.583602
 1.00884
 0.873258
 -0.473322
 0.169547
 -0.274454
 -0.742999
 -0.809587
 -1.09927
 -0.690969
 -0.23331
 0.140751
 1.41523
 1.42614
 1.21581
 1.47903
 0.342985
 -0.840915
 0.623627
 0.805808
 1.10736
 1.52642
 2.06519
 0.922693
 0.0281451
 0.290543
 0.287619
 0.417042
 0.0238168
 0.281308
 -0.0576353
 -0.556507
 0.244194
 0.325824
 1.29874
 -0.17386
 0.263189
 -0.229303
 -0.0882144
 -0.273062
 0.395252
 0.0458749
 -0.502458
 -0.366347
 0.0938482
 -0.678215
 -1.08173
 -0.923157
 -1.5736
 -0.948839
 -1.55673
 -1.06448
 -1.32454
 -0.544625
 -0.132899
 -0.263826
 -0.757418
 -1.7433
 -1.03014
 -0.855251
 -1.3444
 -0.774783
 -0.357967
 -1.34445
 -0.485704
 0.103506
 -0.396946
 -1.08146
 -0.53812
 -0.0287725
 0.505182
 1.39491
 1.53483
 1.81605
 -0.313383
 0.609886
 0.923715
 1.40904
 1.88635
 1.32025
 0.364868
 0.356314
 -0.642879
 -1.20599
 -0.925733
 -0.897325
 -1.29526
 -0.933031
 -0.399034
 -0.0787608
 -0.681006
 -0.73865
 -0.268108
 0.27246
 0.570265
 0.632791
 0.716585
 0.613616
 -0.169492
 -0.40912
 -1.01372
 -0.537383
 -0.412787
 -0.135329
 0.336429
 0.117168
 0.551992
 1.18536
 1.07425
 1.09636
 2.42539
 2.1671
 1.92698
 0.667635
 0.307529
 -0.699658
 -0.804942
 -0.699461
 -0.236604
 0.418386
 1.45871
 1.67047
 2.21109
 1.91198
 1.41478
 1.71745
 0.190923
 0.150583
 -0.516818
 -1.00015
 -0.895179
 -0.427853
 -0.951418
 0.402548
 1.03186
 0.873405
 0.733905
 1.13775
 1.28144
 0.785462
 -0.0470898
 -0.0520936
 0.894461
 0.696741
 0.424462
 -0.361272
 -0.320327
 -0.222245
 -0.0830658
 -0.639167
 -0.147053
 0.193451
 -0.605691
 -0.158094
 -0.0981543
 -0.493267
 -0.00103829
 0.147866
 0.445075
 0.238589
 0.189734
 -0.538773
 0.227954
 0.996952
 1.2212
 1.3884
 1.42999
 0.396595
 0.642996
 0.812884
 -0.320119
 -0.00549281
 -0.00493657
 0.46106
 0.353402
 0.91359
 0.350965
 -0.500618
 -0.247065
 0.155406
 -0.107849
 -0.0880529
 -0.139611
 -0.212691
 -1.02574
 0.895784
 1.20054
 1.58556
 2.21947
 1.17082
 1.10947
 1.16017
 0.317154
 -0.00870567
 0.107328
 0.23933
 0.195471
 0.644633
 -0.548259
 -0.426448
 0.64383
 1.2368
 1.03999
 -0.608954
 0.105739
 -0.436876
 1.10689
 1.26564
 0.331887
 1.02927
 1.11387
 1.67619
 0.514834
 0.095724
 0.186492
 0.665265
 0.437717
 -0.41088
 -0.237157
 0.0367546
 -1.15997
 -1.43133
 -0.125763
 -0.697894
 -0.944356
 -0.045145
 -0.152729
 0.911173
 0.786373
 0.521375
 0.735341
 0.681436
 0.673814
 0.516601
 -0.166707
 0.351152
 0.443237
 0.104712
 -0.371117
 -0.114806
 -1.69843
 -1.41796
 -1.88294
 -1.09559
 -0.837324
 -0.397098
 0.622294
 -0.0438466
 -0.0664721
 0.0434188
 -0.0317839
 -0.117585
 -0.476647
 -0.695678
 0.524022
 1.02273
 0.584882
 0.397715
 0.907856
 0.207678
 0.488491
 0.318211
 -0.487837
 -0.749647
 -1.01194
 -1.85525
 -0.881369
 -0.773157
 -0.219206
 0.266363
 0.646302
 1.58986
 1.14576
 0.44827
 0.328815
 0.132029
 -0.239432
 -0.127168
 -1.08168
 -1.43693
 -1.02227
 -0.606958
 0.122817
 -0.0658553
 -0.516088
 1.36803
 1.8946
 1.04704
 0.80306
 0.60112
 0.637568
 -0.0672736
 0.576984
 -0.144144
 6.09291e-05
 0.337912
 0.00380289
 -1.30295
 -0.668334
 0.56111
 0.197128
 0.812137
 0.563443
 1.2521
 0.760145
 0.409326
 -0.284223
 0.0886236
 -0.0414363
 -0.430173
 -2.05528
 -1.38343
 -2.05161
 -2.00319
 -0.635599
 -0.421279
 -0.313214
 -1.17937
 -0.925813
 -0.180233
 -0.267961
 -0.435962
 -0.430865
 -0.902288
 0.324682
 0.901
 0.309387
 0.329049
 1.36472
 1.33426
 0.636055
 1.04502
 0.201295
 0.127341
 0.335166
 0.0597067
 -0.137195
 -1.38289
 -1.31582
 -1.11012
 -1.00321
 -1.07189
 -1.72173
 -0.857657
 -1.735
 -1.26174
 -0.597828
 -0.788029
 -0.107777
 -0.951912
 -0.390539
 -0.171485
 -0.334804
 -0.459534
 -1.24719
 -1.40674
 -2.1345
 -2.32056
 -2.50673
 -2.80812
 -1.29245
 -1.48969
 0.145676
 0.0814032
 0.262989
 -0.512357
 -1.20553
 -1.17114
 0.120451
 -0.0847711
 0.693337
 -0.602985
 -1.42364
 -1.79871
 -1.04554
 -0.407762
 0.0201841
 0.0100328
 -0.35195
 -0.825756
 -0.868397
 -0.752457
 -0.541526
 0.0258274
 0.903147
 0.348074
 0.562652
 0.386915
 0.900206
 0.24189
 0.489861
 0.0873322
 -0.0947915
 0.437413
 -0.0161443
 -0.399899
 -0.990451
 0.10843
 -1.09315
 -1.82668
 -3.12972
 -3.27545
 -2.11058
 -1.50206
 -0.415739
 -0.848237
 -0.241042
 -0.327537
 1.08736
 -0.0100867
 -0.0148198
 -1.23473
 -0.405857
 -0.260348
 -0.774153
 0.0808492
 0.714996
 0.0555823
 0.431717
 0.582324
 0.317931
 -0.576859
 -0.694287
 -1.14879
 -0.00223469
 -0.324391
 0.0868218
 -0.202291
 -0.493486
 0.257199
 -0.526405
 -0.891518
 -1.19869
 -2.38211
 -0.627028
 -0.723202
 -1.05442
 -0.567741
 0.0163038
 -0.59061
 0.149106
 -0.35241
 0.0994789
 0.126885
 0.576089
 -0.299741
 0.31215
 -0.101355
 -0.594053
 -2.01828
 -0.912336
 -2.13575
 -1.50634
 -1.78635
 -1.6183
 -1.05093
 -0.66291
 0.690665
 0.317353
 0.321969
 0.840465
 0.110224
 0.154496
 0.575932
 0.506457
 0.836532
 1.48751
 -0.0919287
 -0.175923
 -0.606113
 -0.592946
 -0.588378
 -0.462154
 -1.04303
 -0.694669
 -0.511756
 0.0645011
 -0.185514
 0.33333
 0.186393
 0.925689
 0.795152
 0.0573852
 0.235839
 -0.501066
 -0.486967
 -0.937817
 -1.29901
 -0.580758
 -0.608593
 0.478047
 1.38729
 2.07127
 1.13355
 0.307924
 0.588968
 0.309107
 0.712295
 0.529633
 0.532317
 0.596759
 0.380638
 -0.247639
 0.168341
 0.148829
 -0.82719
 -0.274814
 -0.482493
 -0.363058
 -0.67203
 -0.46536
 -0.155751
 0.197693
 -0.692159
 -0.163083
 0.305398
 0.424192
 0.419249
 0.171213
 -0.877101
 -0.619442
 -0.874892
 0.0338584
 1.10404
 0.653517
 0.0978735
 0.816713
 -0.388373
 0.00606435
 -0.721712
 -0.826025
 -0.0521156
 -0.531738
 0.224867
 -1.18123
 -0.0283559
 -0.236241
 0.314797
 -0.000432334
 -0.00636968
 0.149018
 -0.678032
 -0.356546
 0.326432
 0.136095
 -0.128887
 -0.246678
 -0.359228
 -0.325815
 -0.277307
 -1.10968
 -0.639825
 -1.11965
 -1.78651
 -1.97032
 -1.12893
 -1.59755
 -1.22703
 -1.47515
 -1.70904
 -1.57171
 -1.47476
 -1.08252
 -0.623971
 0.122824
 -0.0876637
 0.151818
 -0.604401
 -0.815445
 -1.00821
 -0.388945
 -0.802629
 -0.596357
 0.033112
 0.417883
 0.311234
 0.067336
 0.587866
 -0.0146057
 0.262768
 0.0346024
 -0.466385
 0.115552
 -0.148379
 0.00679848
 -0.474593
 -0.389594
 -0.873011
 -1.12617
 0.0389143
 -0.0636501
 -0.447661
 -0.609309
 -0.383731
 -0.198252
 -0.138847
 0.186362
 0.174264
 -0.644806
 -0.1233
 -0.33711
 -1.21863
 -1.49403
 -1.37001
 -1.06343
 -1.28196
 -0.824284
 -0.849234
 0.0929754
 0.74462
 0.226744
 0.566705
 0.519295
 0.455835
 0.38112
 -0.311094
 -0.158437
 -0.306486
 -1.02214
 -2.60329
 -1.60672
 -2.01838
 -1.54955
 -2.16013
 -1.75373
 -2.95379
 -2.4382
 -0.869213
 -0.0912998
 -0.202621
 -0.431042
 -0.306346
 -0.78142
 0.432266
 0.486798
 0.681451
 -0.299247
 -1.31848
 -0.875706
 -0.0724025
 -0.381367
 -0.189126
 0.382142
 1.46631
 2.40321
 1.35393
 0.822186
 2.42246
 1.83147
 0.915831
 0.977949
 1.22206
 1.44174
 1.66161
 0.741233
 1.72057
 1.2142
 0.193082
 0.709124
 0.232606
 -0.25958
 1.20628
 0.759666
 0.424126
 -0.99988
 -1.88565
 -1.22682
 -0.977503
 -0.758636
 0.658269
 0.29325
 0.104133
 1.07568
 0.202802
 1.12153
 2.18548
 2.52195
 1.6371
 0.307787
 1.1078
 1.70279
 1.21799
 -0.330799
 -0.195379
 0.115158
 -0.113171
 -0.627068
 -0.803426
 -1.05484
 -0.290155
 0.46688
 0.023415
 0.233313
 0.110768
 0.20467
 0.264367
 -0.695906
 -1.07119
 -1.28154
 -0.535686
 -0.99257
 0.708978
 0.926581
 1.41608
 1.19321
 1.08476
 -0.121684
 0.784676
 0.616784
 0.221546
 -0.481566
 0.425485
 0.089319
 -0.97424
 0.0169447
 0.313431
 -0.340428
 -0.0851216
 -0.0450631
 0.851742
 1.93502
 1.9505
 1.85858
 1.20143
 1.44594
 0.831564
 0.405256
 -0.595015
 0.245701
 0.359677
 0.520195
 0.583796
 0.169808
 0.388936
 0.872968
 0.47246
 -0.290823
 -0.34067
 -0.71971
 -1.11858
 -1.33411
 -0.65928
 -0.107364
 -0.472082
 -0.190733
 0.461288
 -0.321212
 -1.14482
 -0.685687
 -0.254878
 -0.301911
 0.041158
 0.375788
 0.0291462
 0.390946
 0.00109454
 -0.616879
 -0.982029
 0.896453
 -0.481895
 -0.340355
 0.000814824
 -0.435894
 0.305767
 -0.566326
 -0.657804
 -0.813473
 -1.65134
 -1.84017
 -0.978337
 -1.30674
 -1.85218
 -1.33821
 -1.53978
 -1.34585
 -1.98453
 -1.30717
 -0.644121
 -0.849385
 -0.0496652
 0.510749
 1.01094
 1.08473
 1.49086
 0.237038
 -1.05083
 -1.42547
 -0.920028
 -0.06303
 -0.145714
 -0.567488
 -0.831379
 -0.637508
 -0.14322
 -0.117153
 -0.311672
 -0.981233
 -0.775252
 -0.607901
 -0.160629
 1.36361
 0.716047
 -0.090933
 -1.19689
 -0.193484
 1.17633
 2.34604
 1.84671
 1.19056
 1.32883
 1.37527
 0.625369
 0.572994
 0.92908
 -0.442092
 0.600478
 0.352338
 0.714244
 1.31081
 1.45891
 1.29634
 0.894197
 1.87062
 1.23373
 1.03685
 1.28189
 1.32616
 0.757535
 1.43639
 1.83104
 1.35889
 0.305467
 0.982903
 1.28364
 1.48094
 0.628687
 0.957259
 0.102466
 0.505064
 0.294793
 -0.385542
 0.316175
 -0.777625
 -1.47366
 -1.79942
 -1.50391
 -1.51088
 -0.426449
 -0.82241
 -0.421375
 0.252696
 0.846573
 -0.203474
 -1.04797
 -1.15284
 -2.47528
 -1.73848
 -1.58402
 -1.59345
 -1.37308
 -1.13101
 -2.28757
 -2.20974
 -2.10164
 -1.30469
 0.0543565
 -0.488016
 1.25365
 0.489733
 1.02172
 1.76306
 2.01053
 1.7742
 1.5408
 1.79249
 1.35294
 -0.167562
 0.375974
 0.527136
 0.981166
 2.04704
 2.34823
 2.15328
 0.903047
 0.102162
 -0.507974
 -0.562594
 -0.890542
 -0.217481
 -1.12717
 -1.69433
 -0.43486
 -0.128155
 0.0300748
 0.0446109
 1.51675
 1.64068
 2.44608
 1.83125
 1.70081
 1.44524
 0.708866
 0.839508
 0.830105
 1.23875
 1.34524
 2.0527
 2.33098
 2.05989
 1.65701
 0.882472
 1.08946
 1.89511
 0.968866
 0.899069
 0.0896097
 1.00835
 0.291443
 0.913701
 0.723308
 0.473216
 0.891983
 1.21902
 1.41403
 0.942147
 0.695355
 1.03551
 1.68147
 2.19009
 2.48557
 2.73013
 1.22739
 0.0902003
 -0.148927
 -0.0650431
 -0.692174
 0.276203
 -0.176159
 -1.10661
 -0.965638
 -0.570969
 -1.66918
 -0.736412
 -0.0785864
 0.874375
 1.36998
 0.0727862
 -0.30636
 -1.17634
 -0.821328
 -1.55913
 -0.568979
 -1.32796
 -1.25925
 -1.11331
 -0.339611
 -0.586167
 -1.38081
 -1.00892
 -0.788322
 -0.441105
 -0.233751
 -0.199104
 -0.235885
 -0.786124
 0.264339
 0.407753
 -0.0209391
 0.728422
 0.608781
 0.431751
 0.49151
 0.406993
 0.725191
 0.0807041
 0.395266
 -0.117078
 0.546803
 1.02382
 1.67136
 2.08603
 1.69756
 1.87287
 0.888336
 0.787547
 2.3037
 1.40065
 0.291457
 0.387571
 0.217628
 0.13976
 1.09226
 1.67789
 0.615819
 0.0556379
 -0.635208
 0.447257
 -0.318453
 0.192894
 -0.414093
 -1.12388
 -1.03903
 -1.44922
 -1.99933
 -2.55086
 -2.40038
 -1.66408
 -2.07216
 -1.47748
 -1.77599
 -1.66048
 0.10463
 -0.58141
 -0.955066
 -0.597532
 -0.0899109
 0.135246
 0.0412581
 -0.771091
 -1.11857
 -1.31759
 -1.34644
 -0.195004
 0.553541
 1.92776
 0.927282
 0.233395
 0.989949
 1.31369
 0.536057
 0.540455
 -0.700833
 -0.566002
 -0.88822
 -0.850862
 -1.73382
 -1.18905
 -1.4416
 -1.11812
 -1.18879
 -2.06125
 -2.61533
 -2.72766
 -2.43621
 -2.7221
 -2.39106
 -1.77438
 -1.64232
 -1.61652
 -1.91161
 -1.23455
 -0.910481
 -0.543431
 -0.26361
 -0.506284
 -0.879797
 -0.844615
 0.13068
 -0.672659
 -0.683835
 -1.22681
 -0.961597
 -0.832001
 -1.03255
 -0.322326
 -0.176437
 -0.302371
 0.374504
 0.661352
 0.370286
 0.785464
 0.158381
 0.636992
 0.563831
 1.10747
 0.274758
 0.273361
 -0.122402
 0.293857
 0.130379
 0.232594
 0.364332
 -0.361766
 -0.691894
 -1.4955
 -0.568782
 -1.44524
 -1.74324
 -0.525462
 0.737766
 0.875451
 0.880037
 0.0662305
 -0.764388
 -0.178394
 -0.304955
 0.347161
 -0.962691
 -0.14554
 -0.0986717
 -0.12009
 0.167597
 0.104922
 -0.436988
 -1.07409
 -0.740991
 -0.490473
 -0.185472
 -0.158164
 -0.282856
 1.27499
 2.31073
 2.42403
 2.71298
 0.904473
 -0.0949502
 -0.335522
 0.097615
 -0.19617
 -0.333094
 -1.3591
 -0.476397
 -0.8193
 -0.298703
 -0.075564
 0.256468
 -0.491702
 -0.533781
 0.443599
 0.692773
 -0.18444
 0.175485
 -0.759174
 -1.12977
 -1.45996
 -1.66825
 -1.63617
 -0.688139
 -1.97198
 -0.709296
 -0.0897106
 -1.17356
 -1.10076
 -0.814195
 -0.444063
 -0.203462
 -0.062882
 0.605926
 0.911547
 0.221977
 0.688209
 0.751428
 1.20766
 0.825442
 1.0206
 2.0944
 2.025
 1.62747
 0.85884
 1.15901
 1.16395
 0.820017
 0.132375
 -0.471638
 -0.460089
 0.296599
 0.938188
 0.487247
 0.742395
 0.352512
 1.12926
 0.830386
 1.45083
 1.75452
 1.42068
 1.01638
 1.38752
 1.8906
 1.42145
 1.6042
 1.24815
 0.245322
 -0.636608
 -0.479441
 -0.135853
 0.840336
 0.577887
 0.114327
 -0.336407
 -0.539798
 0.0925346
 0.373294
 0.62461
 0.583423
 0.249708
 -0.630735
 -0.167193
 -1.3739
 -2.32632
 -1.48479
 -0.103231
 -0.159132
 0.987146
 -0.781921
 0.574582
 0.729773
 -0.309278
 -2.02625
 -1.71393
 -2.23485
 -2.57264
 -1.44884
 -0.487875
 -0.503774
 0.0579781
 0.0905522
 -0.0557704
 0.0688799
 0.350734
 0.0654281
 -0.28871
 0.141219
 0.703675
 0.252064
 0.179401
 0.819315
 0.10038
 0.324184
 -0.264215
 -0.185966
 -1.19356
 -1.42119
 -1.85356
 -1.63066
 -1.41399
 -0.490127
 -1.01767
 -2.15973
 -3.22382
 -3.04937
 -2.74766
 -3.22026
 -2.6117
 -2.02753
 -1.3658
 -0.42307
 -0.794581
 -0.594639
 -1.32073
 -1.14103
 -1.51699
 -2.12769
 -2.34229
 -1.00222
 -0.913968
 -0.309119
 -0.762437
 -0.65088
 -0.918864
 -0.419392
 -0.189721
 0.0232285
 0.975164
 1.57308
 2.20728
 1.4092
 1.78026
 0.024266
 0.384809
 0.66086
 0.975618
 0.920146
 0.991237
 1.27945
 -0.687644
 -1.14762
 -0.347252
 -1.13076
 -0.066437
 0.226225
 1.03315
 -1.00421
 -0.801369
 0.0212883
 -0.499686
 -0.0316866
 -0.597523
 0.236189
 0.746813
 1.51109
 1.57244
 1.57413
 0.767584
 -0.10278
 -0.799795
 -0.743543
 -0.228027
 0.433762
 0.14509
 -0.341281
 0.504864
 0.0712049
 0.906177
 0.496048
 0.143855
 0.362048
 -0.270098
 0.532202
 -0.0850391
 0.626824
 -0.241481
 0.378832
 0.286609
 -0.253793
 -0.108571
 -0.58767
 0.0734639
 0.201782
 -0.399045
 0.820523
 0.619385
 -0.630773
 0.0367905
 -0.982087
 -1.75469
 -1.70643
 0.0935455
 -0.772524
 -1.21321
 -0.238413
 -0.800356
 -1.63187
 -1.40107
 -1.04392
 -1.23688
 -1.13687
 -0.467727
 0.0348898
 1.44186
 0.624014
 0.0435325
 -0.121675
 0.0962662
 -0.570227
 -0.439309
 -0.277717
 -0.930662
 -0.0866325
 -0.297202
 -1.32977
 -1.14436
 -1.19556
 -0.977716
 0.108183
 0.575973
 0.553474
 -0.417184
 0.426776
 0.513849
 0.563734
 0.412335
 -0.25085
 0.332142
 0.361868
 -0.010911
 0.316384
 0.544361
 0.362451
 0.627499
 1.1339
 -0.346434
 -0.858142
 0.217556
 -0.0589862
 0.301122
 -0.220966
 0.124909
 0.772727
 0.381044
 -0.536303
 -1.44404
 -1.61597
 -1.67063
 -1.57061
 -1.1648
 -1.19619
 -0.282964
 -0.371708
 -0.416912
 0.489557
 -0.749639
 0.00870099
 -0.160488
 0.0482213
 0.236821
 0.167198
 0.300335
 -0.739079
 -0.520575
 0.430658
 0.865651
 0.321062
 0.930355
 0.987297
 1.80148
 0.202328
 -0.263146
 -0.0255551
 -0.364856
 0.0587075
 -0.704167
 -0.278284
 -0.133801
 -0.589575
 -0.94494
 -1.37551
 -1.17951
 -1.69058
 -0.762032
 -0.0721455
 0.818671
 -0.870391
 -0.219353
 0.297789
 0.597272
 0.407734
 0.208046
 0.241583
 0.413839
 -0.25165
 -1.07008
 -0.581812
 -0.638482
 0.0252237
 -0.854873
 -0.89475
 -0.9246
 -0.287145
 -0.915023
 -0.343154
 0.699017
 0.271695
 0.515892
 0.332093
 0.413989
 2.5062
 2.61208
 1.79492
 1.23679
 0.692286
 0.0520177
 -0.899335
 -1.02414
 -1.80765
 -1.13584
 -0.534364
 -0.607219
 -0.431765
 0.585815
 0.581272
 0.77061
 0.277792
 -0.497977
 -1.06554
 -1.13621
 -2.14188
 -0.618606
 -0.456322
 0.313495
 0.610049
 0.618788
 0.666476
 0.467701
 -0.36133
 -0.200616
 0.101771
 0.544577
 -0.0432012
 0.974523
 1.63041
 0.377463
 0.587202
 1.45136
 1.29946
 1.25111
 0.64226
 0.90978
 0.405094
 0.542036
 1.2613
 0.68466
 0.0779496
 -0.88401
 -0.364158
 0.333084
 0.448539
 -0.00276664
 -1.34697
 -2.88419
 -1.57536
 -1.13753
 0.078151
 -0.506365
 -1.03809
 -0.151061
 0.727602
 1.14384
 0.246958
 0.00564746
 0.370879
 0.174175
 0.0368421
 1.21467
 0.785687
 0.78621
 -0.392127
 -0.891807
 -0.155975
 0.304153
 0.00985538
 -0.0172626
 -0.41093
 -1.05819
 -0.720806
 -0.611334
 -1.29141
 -0.74848
 -1.55119
 -0.577705
 -0.668659
 -2.35846
 -1.99021
 -0.955072
 -0.69787
 -0.393385
 0.258803
 -0.172184
 0.0707994
 -0.260006
 0.125497
 0.604675
 -0.0969507
 -0.49023
 -0.579374
 -0.0900844
 1.74694
 0.625932
 0.683726
 0.0770354
 -1.51566
 -2.09082
 -2.45739
 -1.89276
 -1.36543
 -0.414131
 -0.584629
 -0.0159368
 0.30582
 0.956272
 1.07204
 1.45858
 0.493349
 1.65447
 1.13642
 1.47608
 0.821741
 -0.0109601
 0.538649
 -0.436285
 -0.718567
 -0.935027
 -1.77009
 -0.569005
 -0.373483
 0.243078
 -0.478384
 -0.0110904
 1.36516
 1.43041
 1.46155
 1.9004
 0.905398
 2.4473
 2.92778
 2.31962
 2.42926
 1.43247
 1.53802
 0.0832901
 0.802815
 0.966934
 1.27045
 0.574518
 -0.0721158
 -0.490631
 -1.71777
 -1.03134
 -0.830222
 -0.12239
 0.0966476
 0.733064
 0.633974
 0.272857
 1.17997
 0.156156
 -0.096892
 -0.753029
 0.643882
 0.793152
 0.8543
 -1.09616
 -0.672677
 0.432965
 0.37117
 -0.00398597
 1.19787
 -0.0161975
 -0.0424219
 -0.305519
 -1.0124
 -1.32023
 -1.34194
 -0.34102
 0.511462
 0.732641
 1.34157
 0.988672
 0.634853
 1.21217
 1.13604
 1.1637
 0.741978
 0.201989
 -0.486581
 -0.605964
 -1.25758
 -0.257836
 -0.917172
 -0.132312
 0.154526
 1.18976
 0.427064
 1.1315
 0.0424258
 -0.903935
 -0.694307
 -2.35314
 -2.53379
 -2.40864
 -2.30384
 -1.37466
 -0.914555
 -0.886423
 -0.226962
 -0.788633
 -0.534761
 -0.575117
 -0.627236
 -0.716096
 0.706913
 -0.182963
 0.918834
 1.05986
 0.192325
 -0.299485
 0.0917562
 1.02311
 0.333252
 0.937775
 1.40823
 0.802759
 0.896177
 0.213283
 0.0948013
 -0.304895
 -0.337125
 -0.675922
 -1.0001
 -0.793261
 -0.604171
 -0.507435
 -0.49672
 -0.78716
 -0.3042
 0.273122
 0.293807
 -0.637915
 -0.512071
 -0.536634
 -0.437099
 0.0406128
 0.692545
 0.279466
 0.59616
 0.209371
 0.222457
 0.498853
 0.922921
 -0.0308187
 1.24674
 1.61246
 1.67316
 1.30284
 1.43614
 0.558318
 -0.412014
 -0.341879
 -1.22254
 -1.24767
 -1.00343
 -0.54614
 -0.443697
 -0.427275
 0.378198
 0.270411
 -0.0104742
 -0.370826
 -0.342384
 0.672813
 1.28433
 1.12
 0.80106
 0.187314
 0.656355
 1.84141
 1.13023
 0.339515
 -1.13545
 -0.62341
 -0.642713
 -1.14802
 -1.21786
 -1.67713
 -1.94444
 -1.67857
 -1.16908
 -0.996702
 -0.796269
 -1.42072
 -1.29994
 -0.668049
 -0.298232
 0.255441
 1.10097
 0.768043
 0.555868
 0.567198
 0.865901
 0.904726
 1.36686
 1.37649
 1.27615
 0.681637
 0.780878
 1.11003
 1.4136
 1.29475
 1.06977
 1.21207
 0.63646
 1.23919
 2.06313
 1.39714
 0.975489
 0.270644
 0.565924
 0.615981
 0.711211
 0.3406
 -1.11377
 -1.03569
 0.221379
 -0.389166
 -0.239859
 0.49277
 0.181658
 -0.0580082
 0.250484
 0.951201
 0.697585
 0.246771
 0.313091
 0.202582
 0.336786
 0.127157
 0.532198
 0.407538
 -0.607828
 -0.96339
 0.123345
 -0.136244
 -0.279438
 -1.50303
 -1.20085
 -0.0970581
 -0.191694
 -0.35919
 -1.1389
 -1.14513
 -0.305572
 -0.138937
 -0.583002
 -1.67979
 -0.647605
 -0.507538
 -0.866891
 -0.0897773
 -0.340826
 1.3061
 0.994277
 -0.154909
 -0.171023
 -0.412025
 -1.22364
 -1.24348
