 -0.888071
 1.21334
 0.46893
 1.14997
 -1.9229
 -0.105935
 0.610748
 -3.80412
 0.939162
 -0.888223
 -0.0771279
 0.429693
 -0.336831
 -0.134899
 -1.39463
 2.59547
 -1.81797
 -0.511363
 -1.39448
 -0.147108
 -0.240991
 0.672711
 0.673923
 -2.16442
 0.988359
 -0.829399
 1.68327
 -1.66081
 0.85256
 -0.514315
 0.470909
 -0.0480814
 -0.0629624
 1.05672
 -1.09383
 1.76654
 0.525212
 -1.99694
 1.67873
 -1.08524
 3.30895
 -1.49609
 2.31308
 -1.17518
 1.90993
 0.790001
 0.371927
 -0.532865
 -0.520347
 2.19865
 0.746669
 0.223307
 -0.486123
 2.90701
 -0.0376846
 -0.216773
 -0.857354
 2.21289
 -2.18213
 0.862995
 0.18858
 0.671109
 1.03178
 0.693013
 1.26429
 -1.55892
 -0.592807
 0.098769
 -0.127899
 0.0779479
 -0.0183039
 0.10932
 0.400784
 1.37846
 -0.947752
 0.960958
 -0.537526
 1.38443
 -0.768694
 -0.933957
 1.70114
 -1.91016
 0.756989
 -1.92137
 0.851862
 -0.588075
 -0.719825
 -0.00624232
 1.824
 -0.429161
 1.43122
 0.448012
 0.311631
 -0.916365
 -0.25573
 -0.218013
 1.21516
 -0.247716
 0.341686
 0.520467
 -1.67488
 0.575581
 0.436292
 0.0569023
 1.54656
 -2.19226
 1.84301
 -0.630806
 0.605663
 -1.58245
 2.58232
 -0.675008
 1.86356
 0.441813
 0.120386
 0.766849
 -0.706027
 1.5002
 -1.58292
 0.109795
 -0.598443
 0.0400129
 1.94402
 -2.4591
 -0.696
 -0.614635
 -1.75189
 1.28018
 -2.32575
 1.93304
 -1.84923
 2.71204
 -2.16408
 1.39444
 0.658583
 0.105852
 -0.378186
 0.449451
 -0.488871
 1.65659
 -1.29105
 0.529876
 -0.239492
 0.419379
 -0.651197
 0.337233
 1.20561
 -0.263746
 1.10495
 0.97775
 -1.88984
 0.622241
 -1.52246
 1.37337
 -2.40806
 1.69873
 -0.663503
 -0.32971
 0.757596
 0.964352
 0.0324792
 -0.0214151
 -1.3996
 -0.683803
 -0.058554
 -0.558524
 0.883138
 -0.314073
 -0.756201
 -0.555575
 -0.179587
 -1.16263
 0.969844
 -0.778189
 1.78739
 -1.13647
 0.433981
 -1.65785
 -0.978677
 -0.250733
 0.384249
 -1.35606
 0.508496
 1.65869
 -1.5303
 0.915264
 1.00911
 -0.957971
 0.539876
 0.192058
 0.0716966
 -0.479178
 0.0592111
 -0.066514
 -0.156814
 1.13653
 0.422666
 0.410211
 -0.83139
 -0.0775961
 -0.273823
 0.0833358
 -1.75332
 0.0560026
 0.398639
 -1.49357
 0.0829192
 1.62579
 -1.01995
 0.65233
 0.208214
 0.619304
 -1.85787
 2.91596
 -2.60948
 3.17452
 -3.31511
 2.47401
 -2.42388
 3.43233
 -2.38193
 1.00495
 -0.602218
 0.674982
 0.000294451
 1.57338
 -0.413515
 -1.41639
 0.885016
 -0.682246
 -0.111546
 -0.668068
 -1.04207
 0.412036
 -0.615441
 -1.06092
 -0.661533
 1.53654
 -1.28652
 2.90011
 -1.93207
 0.844481
 -0.551347
 1.47099
 -1.11011
 0.512566
 -0.610638
 1.16564
 0.00919853
 -0.181795
 -1.6624
 -0.250692
 -0.534384
 -0.285099
 0.511487
 -0.54275
 -0.863249
 1.32763
 1.00275
 -0.0609253
 -0.468731
 0.0653979
 0.780056
 -0.26813
 -1.20006
 1.53481
 0.377362
 0.0368723
 0.140398
 1.00895
 -0.370529
 0.192971
 -0.156568
 -0.91707
 2.55839
 -1.14603
 0.957942
 -0.797917
 -0.344774
 1.20204
 -1.07259
 0.760991
 1.40636
 0.279294
 1.61663
 1.03797
 -0.105468
 -0.0907954
 0.997391
 0.0599858
 1.29869
 -0.111117
 -1.10886
 1.20598
 0.0671733
 0.888129
 0.263649
 0.404924
 0.458666
 0.195372
 -0.168874
 0.597235
 -0.439269
 -0.4913
 -0.665437
 0.985828
 -1.09516
 0.659225
 -0.325706
 -0.384455
 -0.878692
 2.18521
 -1.76175
 2.21224
 -1.32237
 0.646611
 -1.10178
 1.3402
 0.409052
 -2.03958
 -0.28285
 -0.976736
 0.273034
 1.45738
 -2.43023
 2.51863
 -1.00462
 0.607983
 -0.577039
 1.77608
 -0.506588
 1.48825
 -2.27668
 1.62718
 -1.02994
 0.629322
 -0.54587
 1.10696
 -0.140914
 1.73103
 -0.0470326
 0.330717
 -0.887297
 1.9143
 -0.985652
 1.06495
 -0.486843
 -1.48775
 0.335109
 -0.708255
 0.63722
 -1.69977
 2.54858
 -1.54335
 0.0744534
 -0.136285
 -1.40436
 0.398398
 1.03874
 -0.603887
 0.924821
 0.424472
 0.987993
 1.10889
 -0.944031
 1.53221
 0.0507102
 -0.348676
 -0.514211
 0.115794
 -1.43601
 0.663796
 -0.541016
 -0.750759
 0.34532
 0.555168
 0.161273
 -1.16455
 1.56104
 -1.27967
 1.00258
 -1.91606
 1.98683
 -1.99378
 1.50875
 -0.123147
 0.45806
 -0.529745
 0.323309
 -0.0575893
 0.369837
 -2.99109
 2.01124
 -0.899603
 0.806522
 -0.913274
 2.23851
 0.294661
 1.46512
 -0.523745
 0.902294
 -0.501356
 -0.96205
 0.417717
 -2.46292
 0.287371
 -0.640849
 -1.2626
 0.581264
 -1.44163
 0.356211
 -1.46747
 -0.581516
 -0.400037
 0.0864858
 -0.970958
 -0.548689
 0.184897
 -0.183287
 -1.73319
 -0.597096
 -0.19864
 1.14318
 -0.585853
 1.35077
 0.568111
 0.23822
 0.531665
 0.962454
 1.23457
 0.50841
 0.545244
 -0.882754
 1.7139
 -0.0531553
 0.545855
 -0.00137922
 0.94652
 0.0517584
 -1.01064
 -0.186991
 -3.19811
 1.29548
 -0.00182307
 -0.805562
 0.290286
 0.372547
 -0.510342
 0.225984
 -0.790872
 1.58064
 -0.984051
 1.62711
 0.402812
 2.32498
 -1.41632
 -0.332533
 0.045914
 1.47317
 -0.108599
 0.657174
 -1.2611
 2.0364
 -1.32799
 2.98257
 -1.32272
 3.42618
 -1.49185
 1.82126
 -2.45777
 1.79164
 -0.212426
 -0.959973
 1.8375
 -0.993877
 0.361938
 -1.08289
 -0.718652
 -0.402981
 -1.01257
 -0.167451
 -0.760688
 1.34682
 -3.31539
 1.04152
 -0.80333
 1.89116
 -0.342934
 -1.99727
 2.36866
 -1.27033
 0.292405
 1.56589
 0.78744
 0.626246
 0.0182283
 0.504402
 -1.39293
 0.416644
 -2.53141
 -0.560531
 -0.403915
 -1.0872
 0.965659
 -2.21781
 0.560807
 -0.226863
 0.795333
 -1.27366
 0.321419
 0.536316
 -0.630569
 1.22834
 -0.588771
 -1.22539
 1.09651
 -1.1829
 0.387258
 -0.579942
 -0.0894664
 1.29985
 -0.618235
 0.0874316
 1.79414
 -0.729809
 0.967256
 0.083379
 1.54066
 -0.373297
 3.00943
 -1.29797
 2.83484
 -1.08823
 0.771887
 0.649187
 -1.1508
 1.39998
 -0.118158
 -0.219463
 0.484448
 -1.6137
 0.804994
 -0.768555
 0.180737
 1.21962
 -0.817446
 2.05299
 0.030924
 0.0593991
 -1.06761
 0.738095
 0.340193
 -0.429155
 0.0887637
 -1.40689
 0.508113
 -2.04597
 1.08121
 -0.878417
 -1.13492
 1.04805
 -1.27353
 -0.351683
 -0.176631
 -0.365
 1.24088
 -3.27413
 0.851905
 0.272041
 -0.306126
 1.08277
 -0.602423
 0.215725
 -0.200491
 1.46436
 0.663728
 0.227997
 -0.668448
 0.916752
 0.070743
 0.7059
 -0.0113227
 -0.522491
 0.619846
 -1.17408
 1.98283
 0.693958
 -1.10796
 0.533438
 -0.0973552
 1.10445
 -0.18612
 0.346641
 0.974547
 -0.10844
 0.968314
 0.339557
 0.183463
 0.461367
 -1.43076
 1.77387
 0.595748
 1.20488
 -4.5431
 0.98238
 -0.831107
 -0.126886
 -0.776041
 -0.673866
 0.55434
 -1.74497
 -1.7405
 0.528013
 0.0465071
 0.227493
 0.999944
 0.0252141
 1.32633
 0.139514
 0.497392
 0.73025
 0.15691
 -1.1304
 0.448883
 0.631789
 -0.517962
 0.0449337
 0.483328
 0.735468
 0.199338
 1.44341
 -0.943137
 -0.862736
 0.82899
 0.804589
 0.646184
 -0.109504
 -0.191648
 1.38169
 1.06834
 -0.148763
 -0.389394
 -0.394004
 -0.341259
 -0.353886
 -0.0309615
 -0.779725
 0.6878
 -0.0338608
 -0.332336
 -0.160675
 -1.6661
 1.01268
 -0.0127408
 -1.79439
 0.448219
 0.429152
 0.137296
 -0.609411
 1.51864
 -1.63007
 2.81181
 -0.841906
 -0.329332
 0.0448243
 0.566307
 -0.404478
 0.626675
 -0.139029
 0.591915
 -0.414726
 1.15477
 -0.505242
 0.148962
 0.615339
 -0.958311
 3.05888
 0.674967
 -0.572002
 2.36313
 -0.900459
 2.04714
 -0.0396209
 0.771875
 -0.709302
 0.292815
 1.36103
 0.607014
 0.356837
 0.718244
 0.885127
 0.370422
 -0.683033
 0.253193
 -0.843636
 -0.390897
 -1.85341
 1.16012
 -1.23392
 0.687553
 -2.08444
 0.533309
 -2.3259
 2.5275
 -2.64141
 1.17266
 -1.26965
 0.267381
 0.725492
 0.049738
 0.992086
 -0.795269
 1.3469
 -0.593808
 -0.592383
 0.507153
 -0.814374
 -0.492419
 0.600305
 -1.1542
 2.65636
 -0.209234
 1.08453
 1.04022
 0.946033
 -0.0672435
 0.361237
 -0.0698254
 0.923964
 -2.83421
 1.46558
 -1.17545
 1.74178
 -1.65405
 1.014
 -0.951153
 -0.585628
 -1.26168
 -0.192968
 -1.50102
 -0.159399
 -0.337495
 -1.45242
 -1.52036
 -0.345803
 0.821557
 -0.462977
 0.142948
 -0.376366
 0.118362
 1.69932
 -0.831887
 0.825529
 0.593208
 -2.15879
 1.39848
 -2.88294
 1.37127
 -0.0970437
 -0.9728
 0.138303
 -2.01166
 -0.752729
 1.04453
 0.349977
 0.396405
 -1.49474
 -1.28043
 0.228495
 -0.399271
 -0.715395
 1.682
 -2.06843
 2.10536
 -2.18231
 0.594747
 0.33106
 -0.239211
 -0.230376
 -1.73002
 2.17797
 -2.60646
 2.27248
 -2.04572
 0.80277
 -0.254753
 -0.0792707
 -1.12776
 0.774817
 -1.21929
 0.0746953
 0.337855
 -0.5326
 0.839398
 -0.14581
 -0.611628
 -0.28747
 1.25444
 0.355987
 0.561144
 -1.73277
 2.35705
 0.677069
 -0.426416
 -0.201051
 -0.274501
 1.82435
 1.60357
 -0.950034
 -0.569384
 0.653861
 0.441201
 0.208548
 0.92152
 -0.233802
 -0.11017
 -0.31344
 1.19174
 -0.462763
 -0.156849
 0.44658
 0.151545
 -0.339688
 -1.36304
 -0.280946
 0.734816
 -1.99443
 1.42308
 1.37259
 -0.994476
 0.574948
 1.13604
 0.768635
 -0.977233
 1.5801
 0.587552
 -0.18942
 0.770169
 0.301041
 1.09319
 1.08453
 0.917587
 -0.367401
 -1.91496
 0.134156
 -1.02396
 0.653114
 -0.825412
 0.209062
 -0.799287
 -1.94573
 -0.815394
 0.818102
 -0.178931
 -0.572543
 1.58419
 0.194319
 1.79858
 0.0873186
 -0.114685
 -0.597279
 0.742998
 1.08711
 -1.64433
 0.83818
 -0.68747
 0.371515
 -0.0297084
 -1.15447
 0.792814
 -0.943617
 -0.256522
 0.809259
 -1.3149
 0.821301
 0.853783
 0.0271853
 0.679405
 -1.94023
 2.27796
 -1.51527
 0.31705
 0.127091
 -0.790117
 -0.22842
 -1.27043
 0.955567
 -0.902543
 1.22351
 -0.198608
 -0.759811
 0.347364
 -0.175911
 1.13745
 0.486522
 -1.29383
 0.748094
 0.795982
 -0.973803
 2.01116
 -2.00357
 -0.262525
 -0.837184
 -1.16322
 -0.8218
 0.331442
 0.517844
 0.163779
 -0.192849
 0.00975902
 -0.408255
 -0.564211
 -0.684163
 -0.252097
 -1.22338
 0.0515062
 0.412076
 -1.48221
 1.47372
 -0.555447
 -0.174346
 0.31107
 0.25332
 -0.517289
 2.14385
 -1.6431
 0.495709
 1.06527
 -2.80742
 1.44631
 -1.38261
 1.00369
 -0.696836
 0.270043
 -0.965776
 -0.970712
 0.261081
 -0.994569
 -0.0600077
 1.51069
 0.00886514
 1.538
 -1.77817
 0.720796
 -1.9156
 1.49633
 -2.2097
 -0.607332
 0.107699
 0.225821
 -0.367789
 -0.519342
 -0.956163
 0.616489
 -2.89467
 0.414796
 -2.95146
 0.962974
 -1.47651
 0.666948
 -1.69005
 -0.827639
 -1.43162
 1.03511
 -0.419268
 0.0603468
 -0.946951
 -0.640773
 -1.07393
 -0.75711
 0.244548
 -1.90219
 0.338405
 0.479414
 -1.23025
 0.818063
 -0.858849
 -0.356781
 0.31887
 -0.52227
 -0.670494
 1.78123
 -1.03455
 0.911625
 -0.218239
 0.0626337
 0.462538
 -0.050098
 1.56975
 0.401309
 1.22372
 -0.831541
 2.4084
 -1.97307
 2.00614
 -2.23166
 2.3496
 0.988594
 -0.510177
 0.310332
 0.128891
 -0.572971
 1.51097
 0.138512
 0.825458
 0.805715
 -1.56819
 0.332791
 -0.0807938
 1.78636
 0.496863
 -0.85216
 -0.813288
 2.41854
 -0.91808
 3.05531
 -1.08961
 0.203213
 2.05527
 -2.20168
 0.595056
 0.494054
 1.24754
 0.835431
 -0.180259
 0.616087
 1.09591
 1.1631
 -1.04182
 -1.45533
 -0.726101
 0.562915
 -0.610802
 0.131218
 -1.84777
 0.980738
 -1.70304
 0.70394
 -1.61278
 -0.0107379
 -0.850512
 0.381898
 -2.72291
 2.12331
 -1.87616
 1.1521
 -1.25367
 1.32262
 -0.71921
 -0.442077
 1.72536
 -1.57284
 0.0125328
 0.540921
 0.276311
 1.31082
 0.0236877
 -1.81069
 1.79944
 0.583529
 0.586083
 0.349937
 -0.1832
 -0.149947
 -0.28618
 -0.201474
 1.41503
 0.433051
 -0.15419
 0.37553
 0.1749
 0.881668
 -0.856324
 0.387865
 -1.11905
 0.249478
 0.462426
 -0.193065
 0.454648
 1.83405
 -1.58455
 0.0237387
 1.06069
 -3.20652
 2.69113
 -3.90204
 0.800006
 -0.453877
 -0.010445
 -0.342954
 1.08066
 -0.109428
 0.646657
 1.41721
 -0.621816
 0.321487
 -0.17021
 -1.11774
 1.74532
 -3.01349
 1.70547
 -0.0966844
 0.0947892
 -0.418315
 -1.36975
 0.918819
 -0.301088
 0.215645
 -1.88338
 0.451368
 0.842157
 -1.39919
 -0.666175
 0.460345
 -0.0638365
 2.40178
 -2.33299
 2.92854
 -2.35633
 1.70117
 -0.0941414
 -0.60752
 -0.190118
 0.302543
 1.4592
 -1.30702
 2.01987
 -0.928073
 1.63708
 -3.16144
 1.80303
 -1.34897
 0.855437
 -0.501449
 0.846855
 -1.75042
 1.95443
 -2.62419
 1.24254
 0.438288
 0.0447329
 -0.00908393
 -0.822622
 1.41744
 -1.0252
 0.460578
 0.472255
 0.695462
 0.254123
 -0.715224
 0.731411
 0.221261
 0.524533
 -0.525038
 0.797331
 0.38393
 -2.34021
 0.718379
 -1.41032
 -0.0787698
 0.110288
 -0.110209
 0.807655
 0.221372
 0.715987
 0.0917937
 1.35683
 0.0837609
 1.08973
 -1.11236
 1.61423
 0.420594
 -0.612938
 1.58817
 0.182522
 -1.07099
 2.29423
 -1.56238
 0.742955
 -1.30843
 -0.170335
 -0.725654
 1.15579
 0.289867
 0.586338
 -0.290073
 -0.793109
 2.0646
 0.256899
 0.022243
 0.544968
 1.15125
 -1.09291
 0.348219
 -0.201653
 1.62198
 -1.54494
 2.49118
 -1.0905
 1.14085
 -1.35526
 1.99128
 -2.56664
 -0.30664
 -0.726735
 0.973898
 0.0457358
 -1.27501
 0.804607
 0.584321
 0.171572
 -0.823591
 0.732988
 -0.313012
 -0.712778
 1.58564
 -0.337294
 -0.992295
 1.47348
 -1.0183
 0.407198
 -0.300304
 0.530752
 0.222611
 0.195967
 1.12874
 0.370486
 0.62287
 -0.185128
 2.77032
 -0.260351
 0.808296
 -1.81447
 2.18499
 -2.74023
 0.769482
 -0.135094
 0.140398
 0.0726966
 1.43488
 0.433579
 1.25285
 -0.95871
 0.383302
 0.521038
 1.37519
 -1.06065
 0.447272
 -0.410161
 -0.580802
 0.165279
 -0.544896
 0.354051
 -0.818478
 -0.406749
 -0.293207
 -0.764208
 0.217114
 -1.51518
 0.714114
 0.304375
 -0.279313
 0.252587
 -0.843169
 2.2819
 -1.69196
 1.47084
 0.9572
 -0.115936
 0.602896
 1.10965
 -0.51558
 -0.0399546
 0.202254
 -1.62653
 -0.427142
 1.17712
 0.106731
 -0.763442
 1.83636
 -0.322779
 -0.438125
 -2.31144
 2.21753
 -0.986156
 1.84671
 -1.80648
 0.93206
 -1.75038
 -0.300395
 -0.366578
 -0.589896
 -0.0783384
 0.298819
 0.311944
 0.0307554
 -0.479287
 0.417786
 -0.961931
 1.73727
 -1.20465
 1.25793
 -1.49887
 -1.23824
 0.935456
 0.804051
 -0.218881
 -1.03576
 -0.647595
 1.21754
 -0.73657
 2.46555
 0.995627
 -1.04053
 2.56717
 -0.407432
 1.62676
 0.538136
 1.31286
 -0.27318
 -0.409393
 -0.43483
 -0.731292
 0.218969
 -0.231044
 -0.404268
 -0.853492
 0.820817
 -0.00309803
 0.125203
 0.421984
 -0.199056
 1.1384
 -0.328593
 -0.784568
 -0.197674
 0.2674
 -0.339683
 0.235864
 1.15612
 -0.188535
 1.11011
 -0.174741
 0.0657491
 1.6186
 0.253988
 0.853666
 -0.461908
 -0.117198
 -1.41585
 0.549334
 -0.488393
 -0.202781
 -0.760156
 -0.114525
 -0.330317
 1.05614
 -1.01095
 3.67478
 -2.66937
 1.82625
 -0.131322
 0.41738
 0.940165
 0.228658
 1.04271
 0.600393
 -0.54574
 1.04869
 0.0340072
 -0.700342
 0.142721
 1.61022
 -1.27472
 1.06065
 0.256443
 0.545488
 -0.261128
 0.113658
 0.42024
 -0.150741
 0.20863
 0.393017
 1.12481
 -0.378162
 -0.299393
 1.06657
 -0.121741
 -0.847905
 0.263851
 0.614812
 0.136472
 -0.0258351
 0.421122
 -0.00897949
 -0.713312
 0.551643
 0.688081
 -0.00969158
 0.012807
 -1.21424
 1.63387
 -2.89668
 1.45627
 -0.514759
 -0.237606
 -0.627267
 0.616739
 -0.99841
 0.566963
 -0.557129
 1.27779
 -0.417989
 -2.68902
 -1.77161
 -0.490526
 -0.814897
 -0.461201
 -1.16293
 -0.0594245
 -0.746008
 -1.55715
 3.26849
 -1.06119
 3.00765
 -2.60588
 1.86972
 -1.44609
 2.46823
 0.331004
 1.62167
 0.487926
 0.537908
 0.477881
 -1.39286
 1.61846
 -1.89976
 1.65271
 -0.292534
 1.03998
 0.529796
 0.183457
 -0.0772029
 -0.460036
 0.438151
 0.250207
 -1.22107
 -0.370525
 0.66172
 0.402291
 0.208521
 0.183368
 0.476958
 -2.52158
 1.90829
 0.204177
 -1.58143
 0.225188
 -0.257624
 1.15462
 -1.53236
 3.58152
 -1.61675
 1.82758
 -0.382788
 0.413604
 -0.432944
 0.707774
 -1.13817
 1.27978
 -0.23387
 0.727887
 -0.637908
 -0.370489
 -0.683084
 0.506392
 -1.50234
 1.39951
 0.355426
 -1.46939
 -0.101302
 -0.739566
 1.39379
 -3.04615
 0.466604
 -3.03138
 1.84591
 -1.97392
 -0.313092
 -1.37486
 0.0382876
 -0.893262
 0.50759
 -1.84859
 0.689614
 -1.44383
 0.0979768
 0.204599
 -0.406645
 1.56347
 -1.14507
 1.16031
 -0.489852
 -0.503093
 -1.34406
 -0.989761
 0.434478
 -0.700377
 0.893806
 1.23091
 -0.617172
 -0.502773
 1.02861
 -0.489545
 -0.639506
 -0.301937
 -0.415187
 -0.252333
 -0.689382
 -1.07222
 -0.0602439
 0.309125
 -0.353081
 -2.16498
 0.675363
 -0.504899
 -1.06023
 0.507409
 -0.688479
 0.614419
 -0.368136
 0.705299
 1.74451
 -1.72747
 0.834757
 -1.02473
 -0.0266007
 -1.15045
 -0.801611
 0.926626
 0.738457
 1.50559
 -0.0909621
 0.775831
 0.645101
 -1.88982
 0.603445
 -0.18104
 -1.48054
 -0.393219
 -0.291078
 1.19132
 -0.746468
 0.452844
 -0.762863
 -0.393202
 2.13822
 -1.34336
 -0.135601
 0.364194
 0.255241
 -1.25783
 0.116648
 -0.433182
 0.556912
 0.648299
 -0.969771
 0.806405
 1.04163
 -0.659689
 0.0125948
 1.59717
 -0.692396
 -0.359636
 0.83083
 0.362743
 -0.553628
 0.415586
 -0.249017
 0.220019
 1.38592
 -1.64828
 0.474858
 -0.851944
 -0.826093
 -0.499882
 2.15152
 -2.08119
 3.20269
 -1.2438
 1.75132
 -1.80516
 1.09784
 0.216964
 0.728466
 -1.49514
 0.227734
 -1.36802
 -0.83012
 0.99287
 -2.01838
 -0.468726
 -1.56755
 1.55644
 -0.449228
 0.405509
 -1.00227
 1.29268
 -1.17012
 -0.238446
 -1.25068
 -0.33889
 0.906681
 -0.929811
 2.98808
 -3.02456
 1.22534
 -0.757706
 2.36626
 -1.54684
 3.3724
 -2.43849
 2.70759
 -1.26866
 -0.509039
 0.450827
 -0.86106
 1.45052
 1.67254
 -0.903248
 1.83654
 -0.421327
 1.25952
 0.0437651
 0.883482
 0.548891
 -0.341883
 -0.652132
 0.788398
 -1.36561
 1.37794
 -0.00487443
 1.19073
 0.305263
 0.411899
 0.180782
 1.97634
 0.299023
 0.31391
 0.171087
 -0.514798
 -0.867803
 -0.301608
 -0.219574
 0.465852
 -0.919916
 0.254193
 0.701549
 -1.35411
 0.42295
 -1.68031
 0.58651
 -1.98548
 -0.126491
 -0.493266
 1.30184
 0.658341
 -0.590366
 -0.33958
 0.268927
 1.61723
 0.912968
 0.687151
 0.101144
 -1.39924
 0.659869
 0.470122
 0.927424
 -0.562723
 -0.883399
 -1.0676
 -0.0373803
 -1.35437
 0.441874
 0.16056
 0.372598
 -0.307525
 -0.557476
 0.114505
 -1.50871
 1.12508
 -2.40906
 1.63676
 -2.05765
 -0.215933
 0.634731
 -0.640827
 -0.0313218
 -0.583503
 -0.475692
 0.43432
 -0.567438
 1.31908
 -0.269663
 0.740801
 -0.651952
 0.357595
 0.55588
 -0.307905
 -0.785285
 -0.744423
 0.484442
 0.398491
 0.168957
 -1.40495
 1.74043
 -0.610438
 -0.255732
 0.68311
 1.34538
 1.05711
 0.0142196
 -0.00697415
 -1.72479
 3.88094
 -1.85656
 0.770622
 0.365986
 -0.593964
 -0.373628
 0.700464
 -2.12013
 0.651954
 -1.10566
 -1.31232
 -1.02199
 -0.573123
 -2.31581
 1.23539
 -4.02751
 1.82636
 -3.01457
 0.480335
 -1.03523
 1.55192
 -3.75962
 1.12541
 -0.753229
 1.57843
 -2.45524
 1.45036
 -1.86683
 -0.91496
 -0.74657
 0.723029
 0.693415
 -0.150043
 0.894875
 0.0951027
 -0.366443
 1.17006
 0.178153
 0.589358
 -3.34494
 2.07336
 -1.20953
 0.408938
 -0.263696
 0.851561
 -0.463457
 0.687278
 1.62552
 1.45637
 -0.101222
 -0.393095
 1.71303
 0.182403
 0.943524
 -0.122929
 0.917226
 0.878196
 -0.379574
 -1.39711
 1.80628
 -0.329041
 0.718554
 0.0626418
 0.768029
 0.370595
 -0.184521
 1.8386
 -1.23336
 0.592512
 0.363211
 0.391609
 -1.12145
 1.91965
 -0.00611184
 1.72159
 -0.812123
 -0.49284
 1.73136
 -1.64802
 -0.483247
 1.45758
 -1.23101
 -0.326244
 0.655301
 0.59282
 -1.41222
 0.402455
 -0.418644
 -1.24129
 0.447319
 -0.381694
 1.94892
 -2.2774
 0.938662
 -1.08384
 0.0220079
 1.00594
 -0.977815
 0.860382
 -1.18605
 1.98097
 -0.545154
 -0.301432
 -0.58315
 -2.58506
 0.0453244
 0.290967
 1.1981
 -2.10798
 0.33326
 -0.919244
 1.32411
 -0.543048
 0.690973
 -0.235653
 1.2525
 -2.28756
 2.09269
 0.726361
 1.7871
 -0.968362
 -0.675666
 -0.682082
 -0.673203
 -0.304876
 -1.72972
 -0.646398
 -1.18406
 -2.7422
 2.33902
 -2.73331
 1.37811
 -3.1662
 0.519202
 -1.86699
 0.0208993
 -1.53068
 -0.364431
 0.692189
 1.06962
 0.80799
 -0.786712
 1.36645
 -2.22151
 1.34016
 -0.052049
 0.157705
 1.1703
 0.00687791
 1.31404
 0.718291
 -0.524401
 1.5784
 0.217805
 -1.49146
 1.9077
 0.534887
 1.14477
 0.255055
 -0.123882
 1.19227
 0.896361
 0.720187
 -0.54351
 -1.79007
 1.37495
 -1.24832
 1.39761
 0.0772274
 0.112157
 0.616868
 -0.712916
 0.913118
 0.0620172
 -0.844222
 -0.656931
 0.606358
 -0.198656
 0.585367
 0.673618
 0.139587
 0.100442
 0.0968444
 0.657245
 0.487274
 0.00822578
 0.957022
 0.0566622
 1.04341
 -1.01355
 0.398999
 -0.209415
 1.46939
 0.823424
 -0.238379
 -0.359555
 0.303307
 0.803215
 0.145573
 -0.978753
 -0.794389
 1.50451
 -1.4861
 0.569243
 -1.35272
 -0.438862
 -0.65911
 -0.504051
 2.23189
 0.47566
 2.04831
 0.07421
 1.78896
 -0.608127
 1.84627
 -0.794419
 0.445384
 -1.0172
 0.548512
 -0.719087
 0.658021
 -0.827789
 1.16003
 -0.655785
 1.79214
 -0.638352
 0.338994
 -1.31422
 0.878298
 -0.704771
 0.0600458
 0.555421
 1.1758
 0.649053
 0.364106
 1.09054
 0.30336
 -0.200098
 1.06706
 0.0596406
 0.716664
 -0.291711
 -0.0741955
 0.571612
 -0.751502
 -0.726034
 -0.416789
 -1.30064
 2.26875
 -2.06353
 1.94127
 -0.168143
 0.572286
 -0.297629
 1.36357
 -0.745124
 0.631684
 1.17533
 0.690418
 -1.30733
 -0.00971939
 0.45637
 0.452251
 1.25428
 -0.913533
 -0.718715
 0.0371225
 -0.0990424
 -0.255088
 -0.128575
 0.354299
 1.06532
 -0.797106
 2.22784
 0.762084
 -2.13003
 -0.214668
 0.426279
 -1.99592
 0.341702
 -0.685849
 1.52867
 -3.09105
 0.906265
 -0.488893
 1.2812
 -1.4091
 0.512292
 -0.00511437
 0.915485
 -0.313088
 0.267564
 -1.03126
 1.04225
 -0.766068
 1.17175
 -0.207914
 0.874209
 -0.918461
 -0.289207
 0.967943
 -0.564543
 0.320017
 0.140467
 1.78049
 -1.50896
 1.06325
 -0.449903
 -2.21603
 1.78459
 -0.0788605
 -0.548029
 0.341604
 0.681799
 -1.2663
 -0.849698
 -2.96357
 1.42946
 0.919113
 -0.700352
 -0.733516
 1.0724
 -1.39666
 0.360837
 -2.03374
 2.66729
 -2.26648
 2.06255
 -1.84185
 1.09558
 0.101207
 -1.79245
 -0.419886
 -1.32742
 0.104727
 -0.264542
 -0.709267
 -0.476322
 0.395421
 0.16147
 -0.258587
 2.50497
 -1.30725
 0.719355
 -0.0253456
 -0.856907
 -0.322765
 -1.27995
 0.563457
 -0.705041
 -0.484027
 -0.74072
 1.37431
 -1.48957
 1.86177
 -0.431254
 -0.417647
 -0.201071
 0.0497342
 -1.09682
 1.27959
 -0.667178
 -0.998749
 0.324492
 -0.807701
 0.392393
 0.189953
 0.246676
 0.324431
 -1.06788
 0.162269
 -0.420816
 -0.4583
 0.743351
 -1.36292
 1.48245
 0.284561
 0.486825
 -0.0611929
 -1.58229
 1.67985
 -0.414906
 1.50557
 -1.86275
 1.00468
 -1.24563
 1.58185
 -0.759466
 -0.425414
 -0.374165
 0.727851
 -0.0968597
 1.24395
 0.289948
 -0.259647
 0.0974154
 1.03225
 -3.27799
 0.941748
 -1.04709
 0.805625
 -0.922439
 0.210271
 0.439768
 0.131712
 0.263263
 -0.687628
 0.46913
 -0.849948
 1.42253
 -1.00795
 -1.82918
 0.936057
 -1.00186
 1.01473
 -0.529162
 0.432989
 0.440019
 -1.43544
 2.48471
 -2.13933
 1.5384
 -1.90618
 0.750449
 -0.618885
 0.870459
 1.72708
 -2.36981
 1.03367
 0.20924
 -1.48136
 -2.41236
 -0.791944
 0.430388
 -0.169165
 -0.787461
 -0.544763
 0.283329
 0.38876
 -0.620158
 0.752015
 -0.400239
 -0.564713
 0.492208
 1.00871
 0.146327
 -0.488089
 -1.50716
 1.17624
 -2.26784
 1.05371
 -0.890223
 0.53161
 -0.734816
 1.24311
 -1.59164
 0.908169
 -0.064276
 -1.00046
 0.48738
 1.4806
 -0.178028
 -0.593067
 1.2741
 -0.44303
 0.487053
 -1.14313
 2.10563
 -2.65369
 1.00239
 0.52124
 -0.30154
 1.34107
 -1.42078
 1.01642
 -0.972724
 1.22335
 -0.259193
 0.359376
 0.0356026
 -0.622407
 0.315196
 0.668295
 -1.52265
 -0.0272354
 -1.12166
 0.521466
 0.103431
 1.33727
 0.268595
 -0.472316
 -1.19001
 0.822466
 -2.0348
 1.58484
 0.0170316
 -0.410837
 -2.55918
 2.34159
 -2.23035
 2.10526
 -0.253546
 -0.859535
 -0.909414
 1.66527
 -1.50773
 1.44006
 0.20715
 -0.765338
 0.968848
 -0.13227
 1.05922
 0.166547
 -0.605818
 0.509599
 -0.581388
 0.72749
 -1.10702
 1.61871
 0.235125
 -0.665386
 -1.27032
 -1.09206
 1.28572
 -0.366384
 1.1725
 -0.547395
 -1.11531
 -0.817054
 1.28633
 -0.902592
 0.656202
 0.280827
 -0.9078
 1.04462
 -0.368484
 -0.182558
 1.09106
 1.76997
 -0.685904
 0.258461
 0.347895
 1.0267
 0.13177
 -0.279261
 -0.10382
 0.152894
 0.743576
 -1.90955
 -0.750387
 0.856346
 -1.44516
 0.670393
 0.15144
 0.304596
 0.157359
 0.252857
 1.20388
 -3.59919
 2.26364
 -4.15476
 0.979269
 -0.634377
 0.585174
 -1.51505
 1.33333
 -0.749592
 2.05404
 -0.610837
 -0.157459
 0.946723
 -0.711551
 1.55062
 -1.24551
 -0.327665
 1.75046
 -0.574914
 0.99056
 -0.185954
 -0.605582
 0.571762
 -1.09212
 1.96258
 0.23145
 1.51449
 -0.841098
 0.60653
 -0.810949
 2.52722
 -0.487186
 0.895845
 0.793556
 -0.749374
 0.807896
 -0.3069
 0.672273
 -0.991768
 0.538331
 0.263629
 1.48629
 -1.48292
 -0.597301
 0.00332075
 -1.11009
 -0.553737
 -0.93083
 -1.17646
 -0.567318
 0.810768
 0.321521
 0.968467
 -0.849475
 -0.0599172
 -0.285522
 -0.67971
 -0.158984
 -2.14528
 1.98618
 -0.566582
 0.725942
 0.619248
 0.171879
 -1.32752
 1.99779
 -0.606158
 -0.6914
 0.797044
 -0.266591
 -0.0367259
 -0.260887
 -0.437607
 -0.0230375
 1.6259
 -0.80216
 -0.181832
 -0.366675
 -0.625039
 1.18187
 -0.869897
 0.652367
 -0.396405
 0.98904
 2.06075
 -0.0811747
 -0.11544
 -0.886243
 1.9297
 -0.842939
 1.75941
 0.743323
 0.88552
 -1.73773
 -0.702681
 0.771453
 0.512195
 0.366279
 -0.845678
 0.457552
 -2.78216
 -0.80438
 -0.0713775
 0.057257
 -0.8532
 -0.141165
 -0.465854
 -2.32471
 0.879155
 -2.35301
 1.18918
 0.0984379
 0.555215
 -0.31025
 0.412981
 -0.220269
 0.43376
 -1.19192
 0.0998296
 0.438794
 0.893249
 0.000343863
 -0.848156
 1.34096
 -0.606324
 1.19219
 -1.18691
 0.47214
 0.0917658
 0.121804
 1.37599
 1.47039
 -0.950439
 -0.998932
 0.0328694
 -0.457015
 1.06799
 -1.31469
 1.96867
 -0.401635
 1.2467
 -1.35301
 1.22358
 0.320542
 -0.889012
 2.10746
 -1.28125
 0.763562
 0.0266702
 -1.82698
 1.61679
 -2.30805
 3.57358
 -3.0455
 2.20731
 -0.767387
 0.254141
 0.582007
 -0.974471
 -0.0202483
 0.336958
 1.7855
 -1.65942
 0.211965
 -0.204778
 0.430507
 -0.800676
 1.09201
 1.138
 0.138541
 -1.39493
 2.11325
 -2.04737
 -0.193121
 -0.540426
 1.81415
 -1.66289
 -1.22769
 2.68246
 -1.22562
 0.380156
 0.170965
 -0.964116
 0.827419
 -0.614231
 -0.913468
 1.11747
 -0.689952
 1.37895
 -1.19696
 1.8925
 -2.68726
 1.05812
 -0.160285
 -0.772277
 -0.078032
 -0.0482033
 1.36698
 -1.42708
 -0.0631649
 -2.68363
 0.647501
 0.774815
 -0.811851
 1.30231
 -0.0298216
 1.21359
 0.272628
 -0.218899
 -0.406787
 0.915755
 -2.08378
 2.87078
 -2.97084
 1.36392
 0.382113
 0.10594
 -0.63332
 1.01816
 0.154584
 1.39755
 -1.02759
 0.500348
 0.15765
 -0.646998
 -0.663424
 0.82433
 -0.346571
 -1.47153
 0.320977
 -0.652641
 0.734929
 -0.990253
 1.27271
 -1.02533
 0.631518
 -0.710711
 1.17745
 -2.72989
 0.636759
 -1.17328
 0.407765
 1.21258
 -4.04256
 0.383595
 -0.778484
 0.448782
 0.626864
 -1.12003
 0.935941
 0.408225
 -0.534535
 0.441604
 -0.441845
 0.637511
 -0.398665
 0.839488
 0.371226
 1.54218
 0.863159
 -0.729897
 0.353517
 -0.523487
 0.355937
 -0.119949
 1.71204
 0.611662
 0.111511
 0.698452
 -0.501701
 1.20414
 -1.76006
 1.69582
 -0.450268
 -0.587224
 0.752888
 -0.0698427
 0.0652804
 0.60758
 0.603425
 0.42709
 0.561802
 -1.39358
 0.337171
 -0.870803
 0.237951
 -1.3338
 -0.212049
 -1.0316
 -0.740265
 -0.209414
 0.159934
 1.09585
 -0.534801
 0.825624
 0.718862
 0.773391
 -1.02632
 -0.810485
 0.601316
 1.71183
 -0.472892
 0.409952
 1.54609
 -0.625477
 -0.248601
 0.777056
 -2.60243
 -0.146918
 -1.00595
 -1.20797
 0.741194
 0.492561
 -1.44139
 0.769163
 -0.163682
 -0.0684018
 -1.90926
 0.0233128
 -1.58399
 1.05729
 0.0797902
 0.453478
 -0.761953
 -0.193724
 0.204989
 0.525402
 0.364615
 0.255963
 -0.297438
 -0.539694
 0.0293533
 -1.32814
 -2.19778
 0.417444
 -0.232465
 -0.633505
 1.43365
 -1.08053
 1.37446
 -1.52401
 -0.322157
 -2.10348
 1.19059
 0.0995066
 -0.171388
 0.870819
 0.925232
 -0.975771
 -0.585352
 2.30646
 -0.0728173
 1.59906
 0.993773
 -1.27927
 0.954236
 1.04444
 0.363319
 -0.941745
 -0.094448
 -0.733206
 -0.170703
 0.14271
 -1.0191
 2.24841
 -1.34283
 -0.0096086
 2.06579
 -0.884551
 1.97036
 -0.404038
 1.68812
 -2.20737
 1.65656
 -2.44904
 1.65138
 0.153327
 -0.386764
 -1.45996
 1.19387
 -1.38702
 -0.0935113
 -0.574301
 0.518005
 -0.0170236
 0.171142
 1.27428
 0.042553
 1.60557
 -0.234634
 -0.289549
 -0.00169718
 -1.30362
 0.217145
 -2.0213
 0.418446
 -0.684356
 2.19861
 -0.896874
 -0.00325556
 2.4317
 -1.52828
 0.749551
 0.44941
 -0.916267
 0.755074
 -1.10604
 1.078
 -0.608662
 -0.429088
 -1.06783
 1.18178
 -0.333195
 0.169689
 -0.594742
 -0.682512
 -1.60534
 -0.0388872
 0.989935
 -1.16242
 0.948851
 -0.847961
 0.570361
 -0.525414
 0.7257
 0.824751
 0.62175
 0.241965
 0.272279
 0.594855
 1.50161
 -1.21963
 -0.563379
 0.381497
 -1.3414
 1.40919
 -0.614935
 -0.0356819
 -0.328378
 0.650699
 0.957063
 0.476316
 0.00790064
 -0.631709
 0.908043
 -0.959732
 0.45994
 1.32225
 -0.30695
 0.125928
 -0.0879152
 -0.639063
 -0.291133
 -0.705561
 0.253417
 1.76127
 -0.806192
 1.66518
 0.330946
 0.18833
 -1.61246
 -0.380737
 0.155732
 -0.0442599
 -0.475794
 0.207684
 -2.46455
 0.491126
 -1.94806
 -0.470503
 1.73351
 -2.5002
 1.15492
 -0.188885
 0.0149907
 1.49917
 -0.655111
 0.0362822
 -1.24556
 -0.855314
 0.726917
 0.471973
 -0.973365
 2.82579
 -0.40111
 0.711862
 -0.3591
 0.811583
 0.0741035
 1.04874
 -0.577776
 0.294382
 1.08056
 1.60176
 -1.57482
 1.67146
 0.196992
 -1.35673
 2.29619
 -0.884974
 0.0192063
 0.00207783
 1.55153
 1.38764
 -0.893299
 2.0626
 -2.53173
 2.12572
 -0.567464
 -0.473358
 1.08372
 -0.744487
 -0.25142
 -0.350151
 -0.156586
 0.161535
 -0.684418
 2.09302
 -0.138584
 1.41792
 0.378213
 -0.65701
 2.16685
 -1.05917
 0.230347
 0.358948
 -0.538365
 1.06785
 0.248316
 -0.25866
 -0.00913785
 -1.78557
 0.393124
 -2.89537
 2.32186
 -3.00644
 1.58458
 0.347345
 -1.00169
 -0.129028
 -0.0704157
 -0.0971647
 0.208347
 -0.219419
 0.880161
 -0.946574
 0.403942
 0.587832
 -0.990909
 2.57592
 -2.54815
 2.38716
 -2.10397
 2.73384
 -1.68593
 2.2586
 -0.60201
 0.876011
 -2.84695
 1.31646
 -1.33003
 0.777226
 -2.1369
 1.88691
 -1.6349
 0.0716279
 -0.171901
 -0.914218
 0.69032
 0.363956
 -0.567381
 -0.0816993
 -0.517996
 0.239045
 -0.116839
 0.586751
 -0.598517
 -0.22785
 0.597589
 -2.75936
 1.50153
 -0.467406
 0.904463
 1.1112
 -0.524348
 -0.0141264
 -1.08206
 1.6957
 -0.907623
 1.82251
 -2.31815
 -0.452251
 0.156976
 -1.15559
 0.794394
 -0.437446
 0.409348
 1.52292
 -0.145757
 -1.04784
 0.655071
 -0.0525348
 0.754276
 -0.331904
 1.43951
 0.724767
 -1.33179
 -0.317076
 -0.384259
 0.588942
 -0.492953
 0.290743
 0.60445
 1.15417
 0.937753
 0.406854
 1.09697
 -0.178204
 -0.883876
 1.4081
 -0.0435713
 -0.845101
 1.42541
 -0.930588
 0.2727
 -0.750131
 -0.103435
 -1.11616
 0.211899
 -2.59883
 -0.128256
 0.582087
 -2.69613
 0.143814
 -0.595879
 0.742366
 -0.469157
 1.19011
 0.201307
 0.165234
 0.6799
 0.261876
 -1.07808
 1.12267
 -1.43265
 0.354443
 -0.749139
 0.0559674
 1.35493
 -1.24944
 -0.692578
 1.32297
 -1.60504
 1.20224
 -1.37456
 -0.533457
 0.224013
 0.309965
 -1.57137
 -0.246691
 0.293598
 1.19329
 -0.293921
 0.639161
 -2.5277
 1.16186
 0.297172
 1.20921
 0.222256
 0.394091
 0.965618
 0.82721
 -0.696438
 0.240999
 1.69759
 0.733054
 -0.412276
 0.74364
 -0.155286
 1.66697
 0.0556411
 2.48358
 -1.4615
 -0.84419
 -0.122702
 1.0721
 0.36608
 -0.519682
 0.651875
 -2.21399
 2.46981
 -1.37772
 -1.93975
 0.432979
 -1.9491
 0.10108
 -0.410933
 -2.49632
 0.981336
 -1.70404
 2.86044
 -1.35008
 0.293992
 -0.460803
 1.68907
 -0.976575
 -0.48912
 1.49934
 -1.69042
 0.136487
 -0.310969
 1.36646
 -0.684781
 1.28066
 -0.263507
 1.48175
 -0.376095
 2.26063
 -2.87199
 1.89243
 0.0578829
 -0.165807
 0.110095
 -1.13801
 1.15574
 -2.23265
 0.454883
 -2.08788
 2.02149
 0.536776
 -0.167798
 -0.0603861
 -0.0155688
 -1.20057
 -1.80506
 0.657432
 -0.317248
 1.24001
 -0.326093
 0.731669
 -0.223754
 0.981642
 0.0764534
 2.07479
 -2.01942
 2.92844
 -1.53634
 2.36755
 -2.48313
 1.9998
 -3.16933
 2.13261
 -2.23398
 0.594866
 -0.19213
 0.826114
 -1.42164
 1.273
 -0.693445
 1.3758
 -0.867919
 0.368985
 -0.663457
 0.988618
 -0.681997
 1.19548
 -0.349791
 1.33574
 -0.500667
 0.958091
 -1.7255
 1.02768
 -0.635538
 0.334964
 0.717356
 -0.0860515
 -1.40753
 0.876296
 -0.243315
 1.89613
 -0.864817
 0.164041
 -1.77795
 1.073
 -1.08346
 1.13463
 -2.40501
 0.79654
 -0.346585
 -0.908422
 0.388299
 1.58204
 -1.1403
 -0.938586
 -0.354457
 0.181041
 0.349273
 0.582692
 -0.137229
 0.095872
 0.0998588
 1.1856
 -0.246426
 0.101627
 -1.31896
 0.837533
 0.372212
 1.33672
 -2.13288
 0.206211
 -1.00021
 -0.149564
 -0.615006
 -0.18999
 -0.647307
 0.432861
 0.00415544
 -1.52749
 0.588341
 -2.18265
 1.69429
 -1.12055
 -1.34563
 0.740069
 -0.781442
 -0.0201606
 -1.44564
 -0.159095
 0.708328
 -0.458553
 -0.301839
 -0.433429
 -0.474416
 1.55273
 0.688833
 0.753653
 -0.156959
 1.47424
 -0.359137
 -0.839191
 -0.135407
 0.17048
 -0.270782
 1.45216
 -0.268077
 0.0519827
 -0.578055
 -2.61164
 2.89652
 -1.21853
 -0.533045
 -0.0656543
 0.141017
 1.42232
 -1.85276
 0.927779
 -0.116766
 -0.366689
 -0.112274
 -0.692334
 -0.0170964
 -0.0339937
 1.64314
 -1.35146
 1.38941
 0.432772
 0.461967
 -1.86789
 0.142882
 -1.04853
 -0.0559454
 0.384029
 0.000951706
 0.584788
 1.1213
 0.0940314
 1.55287
 -1.61888
 1.98214
 -0.132837
 1.37406
 -1.0511
 0.514453
 0.738862
 -0.417886
 0.657636
 0.588057
 -0.753822
 0.139249
 1.19077
 0.0365299
 0.280707
 0.96768
 -0.0758936
 0.717816
 -0.116488
 0.698912
 0.43951
 0.198537
 -0.752829
 0.664841
 -1.08979
 1.99498
 -1.03419
 1.04035
 -0.217464
 -0.64504
 -1.40786
 1.66069
 -1.45597
 0.621597
 0.0356097
 0.0994197
 1.05048
 0.169335
 0.33593
 1.27318
 -1.86924
 0.15661
 -0.506688
 -1.58015
 -0.473657
 2.37324
 -1.77445
 0.698117
 -0.163423
 -0.165865
 -2.02543
 -0.308545
 0.483385
 -0.407904
 0.0958333
 -0.74939
 0.81496
 -0.652604
 -0.182743
 1.33167
 -0.580557
 1.11181
 -2.93462
 2.36163
 -2.11578
 2.03563
 -1.10006
 1.49146
 -1.48916
 0.27687
 0.163899
 0.322022
 -0.697887
 0.362399
 0.366821
 -0.454607
 1.46414
 -0.491959
 1.10032
 -0.192599
 1.3096
 0.237926
 -0.209457
 -0.200576
 -0.235955
 1.30966
 0.0931934
 0.0490459
 1.40758
 0.0520639
 -0.796838
 1.99355
 -0.208328
 -0.338816
 -0.18683
 1.06417
 0.412936
 0.458304
 0.358765
 -0.537192
 -0.410758
 -2.75388
 2.80371
 -1.69278
 1.0595
 -0.891343
 -1.18447
 -0.935324
 0.27185
 -1.37504
 0.753147
 0.396218
 0.101682
 0.265038
 1.01887
 0.465103
 0.128565
 -0.518208
 0.548687
 0.519445
 0.411469
 0.102009
 -0.385732
 -0.27851
 -0.519604
 -0.781205
 0.254752
 -0.522593
 1.18571
 -0.0297889
 0.475061
 0.339193
 -0.504377
 0.717033
 0.0407732
 -0.571035
 -0.480897
 0.903983
 -2.49169
 0.126401
 -2.28904
 0.722744
 -1.25817
 0.802518
 0.206854
 0.60419
 0.665114
 0.321711
 -0.542095
 -0.0502799
 -1.6157
 -0.42114
 -0.356207
 -2.28329
 1.77177
 -1.5713
 0.791757
 0.132965
 0.868871
 -0.60241
 2.03415
 -0.682498
 -0.526398
 -0.357202
 0.19777
 -0.523775
 -0.934861
 -0.716958
 0.562646
 0.641779
 -0.838893
 -0.302768
 -0.699611
 0.664187
 -0.151089
 0.275536
 -0.569802
 1.13542
 -0.0680451
 -0.96383
 1.30645
 -0.340824
 -0.376832
 1.22891
 -0.308028
 0.190431
 -0.553543
 0.208802
 -1.02348
 1.4592
 0.0558269
 -0.280671
 -0.304137
 -0.496487
 -1.62119
 0.926551
 -0.530877
 -1.49323
 1.62456
 -1.03394
 1.28034
 -1.05719
 1.18314
 -1.76994
 0.194005
 0.235594
 0.378996
 -0.697313
 0.639357
 -0.361297
 0.510261
 -1.21198
 3.32297
 -1.71143
 0.645906
 -0.524825
 -2.07208
 0.565875
 -0.623202
 -1.20339
 0.163849
 0.177897
 -0.266052
 0.00478715
 0.147217
 -1.52482
 1.43434
 0.754379
 -0.065363
 -0.71925
 -1.82124
 2.58754
 -2.2168
 3.5907
 -1.68393
 -0.578808
 0.697041
 -0.643407
 0.229518
 -2.12032
 0.83427
 -0.259391
 0.317894
 -0.561201
 -0.591994
 0.731642
 -0.0977412
 -1.07553
 1.02236
 1.31815
 -1.01418
 0.389435
 1.22783
 -0.628437
 1.74148
 -1.82643
 0.29958
 -0.187964
 -0.386938
 -0.130384
 -0.445362
 -0.684609
 0.872099
 -0.499966
 -0.255047
 -0.371983
 0.804457
 -2.09197
 2.37102
 -0.803889
 2.44294
 -0.483799
 1.23485
 0.595418
 -1.06456
 0.472021
 0.0149448
 -0.162984
 -0.111507
 -0.200432
 0.199765
 1.56763
 -0.669056
 -0.85597
 0.00882744
 0.255313
 -1.16837
 0.894492
 -0.70605
 -0.537288
 0.265213
 0.123058
 -0.426893
 1.92552
 -0.309548
 1.27835
 0.151108
 -0.0357349
 0.624059
 -1.66245
 -0.322723
 -0.429278
 -0.112462
 -0.400855
 0.590771
 -1.17578
 0.973397
 0.664609
 0.435907
 0.637542
 -0.483185
 -0.0724015
 2.27957
 -1.69106
 -0.768173
 -0.608581
 -0.305907
 -0.1474
 -0.961077
 1.11501
 -1.43772
 0.875369
 -0.0318338
 -0.471336
 -0.985006
 2.00131
 0.514508
 -0.907566
 1.23891
 -1.43104
 1.23054
 -1.96685
 0.464558
 -1.22022
 1.13067
 -0.542641
 0.0354723
 -1.42024
 2.91526
 -1.22837
 2.08925
 1.17944
 0.298336
 0.166552
 -1.18417
 2.01863
 0.293965
 -0.18965
 -0.0943499
 0.827335
 -0.991721
 2.33341
 -0.928159
 -0.600093
 0.264009
 0.654549
 -1.06495
 -0.820878
 0.654946
 -1.61573
 0.638173
 -0.353574
 -0.206449
 -0.183478
 -1.02371
 1.56573
 0.243646
 0.385366
 0.333165
 -0.461185
 1.8948
 -1.15415
 2.30953
 0.358157
 -0.0760187
 1.07419
 -1.22277
 1.90345
 -0.279372
 0.0246189
 0.114533
 -0.856336
 1.12392
 -0.747676
 1.48472
 -0.0183147
 0.902621
 2.31555
 -0.461253
 2.43483
 -1.72349
 1.3422
 -1.64453
 0.944134
 -0.0565706
 2.00324
 -1.33723
 1.52905
 -2.51801
 1.02188
 -0.208459
 1.74955
 0.26133
 0.403225
 -0.263471
 -0.183124
 -0.330177
 0.822829
 -0.0447245
 0.706646
 0.520868
 0.542104
 -1.10692
 0.661116
 -0.699803
 0.895308
 -1.57892
 1.16119
 -1.19278
 0.558351
 -0.0182898
 -0.624458
 0.195425
 -0.663759
 1.92268
 -2.40235
 1.18119
 -1.07043
 2.0988
 1.4054
 0.925952
 0.994184
 -0.582955
 1.23727
 -0.330109
 1.76714
 -3.08053
 1.87429
 -2.22301
 2.85899
 -1.22068
 0.262651
 1.18723
 0.118438
 -1.22838
 1.02889
 -0.27458
 -0.753124
 -0.376637
 0.565736
 -0.507907
 1.88285
 -1.1977
 1.21786
 -0.926282
 0.59662
 0.483007
 -1.16938
 0.570841
 -0.333388
 -0.503285
 3.40977
 -1.46403
 1.0832
 0.450204
 0.520657
 -0.770537
 1.32281
 -1.00343
 1.14808
 -0.593524
 0.949891
 -1.56255
 1.7052
 -1.41228
 0.198918
 -1.21181
 3.21448
 -2.41406
 2.41684
 -0.72183
 1.32965
 0.632626
 0.683962
 1.15606
 -1.1707
 0.665702
 0.0510844
 -1.34438
 0.734753
 0.0333272
 -0.354733
 0.280265
 0.208659
 -2.48152
 1.87649
 -1.20291
 0.856162
 -0.163129
 0.679778
 -0.642037
 1.32767
 -0.129304
 1.02558
 -0.790514
 1.22526
 -0.894144
 1.17615
 -1.15642
 -0.386453
 0.367779
 -1.04981
 0.745743
 -0.641166
 0.359944
 1.15487
 -0.0491823
 1.2647
 0.293695
 -0.219265
 -1.80576
 -0.422065
 0.250541
 -0.657997
 0.654102
 -0.815938
 0.276297
 -0.344623
 -0.445188
 -0.529633
 0.922329
 -0.263301
 -1.00093
 1.4619
 -0.835581
 0.903539
 -0.519956
 0.994712
 -0.108519
 0.485399
 -1.08822
 1.25085
 0.0738963
 -0.0551463
 -0.436616
 -0.249488
 -1.0022
 1.15364
 -0.342985
 1.527
 0.452545
 -1.12943
 -0.179444
 0.861013
 -2.19933
 2.49831
 -1.98766
 1.64255
 0.628248
 -0.816845
 1.36905
 -1.97771
 3.10765
 -1.94634
 2.48951
 -2.21249
 1.81839
 -0.474609
 -0.629991
 1.04722
 0.260629
 -0.501948
 0.152018
 -0.240982
 -0.028582
 0.281918
 0.192021
 -0.82061
 1.27739
 -0.614528
 0.127177
 0.492218
 1.69096
 -0.76004
 1.64047
 -0.342909
 0.6113
 0.68148
 0.339212
 1.30247
 0.402274
 0.667659
 -0.620345
 0.781679
 -1.23676
 0.956622
 -0.393102
 1.4123
 -0.95785
 1.34373
 0.296275
 0.0230672
 -0.371909
 -0.186026
 0.701136
 -1.36429
 1.07174
 -0.918215
 0.0583916
 0.751994
 -0.652273
 0.822751
 -0.789368
 0.732478
 -0.587819
 0.304732
 1.58254
 -0.753034
 0.276856
 -0.233864
 0.696672
 0.0706751
 0.0468428
 0.318457
 -0.368303
 -0.633686
 1.10581
 -0.605684
 -0.185298
 0.382363
 0.79187
 0.227922
 0.29295
 0.92764
 -0.107222
 1.67082
 -0.337363
 -0.791368
 0.694903
 -0.419701
 -0.281777
 -0.194184
 -0.869632
 0.758117
 -0.59384
 0.159673
 -1.25311
 3.2521
 -1.135
 2.51962
 -0.950003
 2.49501
 -1.43923
 2.55189
 1.57892
 0.348334
 -0.139516
 0.00135806
 0.571442
 -0.779987
 2.05699
 -1.29071
 0.603791
 -1.59824
 0.28498
 0.776116
 1.09439
 -0.839896
 0.91174
 0.274093
 0.603498
 -0.00583604
 -2.47377
 0.19739
 1.23797
 -2.95851
 -0.0857257
 -0.404849
 -0.206442
 -0.0888083
 -0.542271
 -1.56933
 1.72102
 -2.92494
 0.602309
 0.213027
 -0.872758
 -0.0202564
 1.62189
 -2.30161
 0.816188
 -1.93956
 1.22649
 0.945427
 0.0217424
 0.887764
 1.19133
 -1.13877
 0.486584
 0.555431
 -1.69529
 1.68878
 -0.435902
 -0.745457
 -1.80372
 -0.947338
 1.12817
 -0.777451
 -0.99633
 -1.70221
 1.68418
 -0.496895
 0.180039
 -0.526033
 0.29701
 0.168103
 1.35048
 0.256293
 -0.871828
 0.877346
 -0.74235
 0.787241
 -0.375164
 -0.853383
 0.403602
 0.21507
 1.21185
 -0.614892
 2.49051
 -1.70967
 1.01201
 -1.67511
 0.202477
 -1.7753
 2.35217
 -2.01505
 0.260112
 -0.859603
 1.4846
 -1.30878
 -0.435127
 1.84198
 -0.599452
 -0.30961
 0.529924
 -0.271274
 1.27823
 -0.322918
 -0.628199
 -0.950648
 -1.09268
 0.223328
 -1.3536
 -0.0381789
 -1.26786
 1.84453
 -0.969991
 0.634871
 -0.455472
 -0.520419
 0.463123
 0.0311589
 -0.62561
 -0.559694
 0.344382
 -0.450437
 0.445665
 -0.0548355
 1.53334
 0.197672
 -0.464188
 0.819173
 0.228414
 -1.04015
 -0.189208
 1.16976
 0.38378
 -0.343538
 0.89278
 -0.0748963
 -0.571849
 0.658651
 -0.692489
 0.0150129
 -0.077762
 2.35519
 -3.4444
 1.64806
 -0.426935
 -0.186852
 1.22348
 -1.64703
 1.54393
 -0.174301
 -0.458236
 0.777146
 1.29083
 -0.513869
 0.445798
 1.13844
 -0.0655217
 0.8439
 -0.423466
 1.62626
 0.762033
 -0.408938
 1.60536
 -0.142813
 0.162506
 -0.463426
 0.00345468
 -1.7563
 -0.416138
 0.374919
 0.964019
 0.758623
 -0.390562
 -0.0415709
 0.266122
 0.356032
 0.683211
 -0.209989
 0.0274938
 -0.592713
 0.914488
 0.200815
 0.496937
 1.43879
 -2.475
 0.862286
 -1.68721
 3.04386
 0.092997
 0.48347
 -2.26374
 -0.330661
 -0.507981
 -0.341665
 -1.37254
 0.54936
 -0.306725
 -1.5523
 2.11103
 -1.82335
 1.15653
 -0.255006
 -0.446622
 -0.619845
 -0.785199
 0.983254
 -2.61357
 1.0016
 -0.787388
 -0.377668
 -1.03197
 0.989108
 -1.02725
 -0.857297
 -1.32645
 1.31354
 -1.19074
 0.165378
 -1.56276
 0.900415
 -1.7688
 1.49434
 -1.07961
 -0.198284
 1.15969
 -1.95554
 1.56934
 -0.436356
 1.30553
 -0.113179
 1.88656
 -0.985546
 1.34678
 0.192047
 0.226361
 -1.34868
 -0.111936
 0.531003
 -1.04148
 3.02428
 -0.296687
 0.61884
 0.759392
 0.620479
 -1.07403
 2.38201
 0.00224138
 1.55537
 1.16362
 -1.01122
 2.68868
 -3.01552
 2.40555
 -1.49434
 0.245944
 -1.21088
 -0.812348
 -0.155541
 -1.28303
 -1.45644
 1.48323
 -0.853248
 0.848944
 0.0649595
 -0.816592
 -1.12444
 -1.82508
 -0.313283
 -0.465387
 0.668166
 -0.445477
 1.37959
 -1.40929
 1.24861
 1.34538
 -0.0653508
 0.0227645
 0.284303
 1.16558
 -1.54388
 0.80751
 -2.83649
 0.830848
 -1.88365
 -0.532235
 0.0228474
 -0.401342
 0.0357003
 -0.469726
 0.198281
 -1.19381
 -0.785994
 -1.18463
 -0.797392
 -0.0507085
 0.22782
 -2.04887
 0.581761
 -1.40032
 1.40351
 -1.97527
 1.96324
 -2.06989
 0.684072
 -0.118845
 -0.0950501
 -0.20761
 -0.984889
 -0.203721
 -0.266113
 0.318525
 -0.463968
 -0.691822
 -0.839046
 -2.76489
 0.500373
 -0.347493
 0.33999
 -0.868678
 1.68515
 -1.39144
 -0.144936
 0.839535
 0.192517
 -0.833923
 2.35548
 -0.022395
 0.751849
 -0.21027
 -2.01965
 1.22188
 -1.24811
 2.02786
 -1.25654
 3.02294
 -2.07992
 2.04997
 -0.0844312
 1.34895
 -0.771703
 0.15464
 0.967727
 0.172683
 0.805115
 0.00472609
 0.016592
 0.253085
 -0.767948
 1.69736
 -1.00804
 -0.0021691
 0.781218
 -0.835937
 0.107971
 -0.185631
 -0.440311
 0.533074
 -1.37711
 1.00128
 -0.998716
 1.16804
 -0.235682
 0.236772
 -0.415695
 -1.34465
 0.0109614
 -2.11385
 0.726814
 0.930327
 -3.21644
 0.893582
 -0.514635
 -0.225315
 0.0847831
 0.672924
 -0.345669
 -1.49868
 -0.108729
 -0.504186
 1.67693
 -2.15537
 2.67992
 -2.41164
 1.43267
 0.0199964
 0.336894
 -0.141232
 0.320869
 1.22778
 1.13507
 -0.496591
 2.07385
 -0.560607
 1.28436
 1.74519
 -1.72376
 1.49836
 0.185209
 0.582802
 0.133005
 -0.447908
 -0.398871
 0.23758
 0.373528
 0.414547
 1.6394
 0.0549849
 1.05821
 -3.07345
 1.20739
 0.197179
 -0.37123
 -1.17647
 0.543191
 -1.64518
 1.81909
 -0.706649
 0.709153
 -0.975841
 2.25925
 -0.567764
 1.23605
 -0.0816067
 -0.162411
 0.475149
 0.831981
 1.11093
 0.464203
 1.10623
 1.18466
 0.233705
 0.735992
 0.135529
 1.37024
 0.207348
 0.702355
 0.288926
 -0.242101
 0.0465988
 0.539722
 1.13638
 -1.45812
 1.53069
 -0.969731
 1.42203
 -0.0662256
 0.59242
 0.686112
 0.0367281
 -0.088684
 1.03389
 -0.410773
 -0.609599
 0.669851
 -1.25841
 1.0632
 -0.722895
 0.74726
 -2.03992
 1.61771
 -1.42419
 1.35681
 -1.24424
 0.771439
 0.040951
 -1.08193
 0.174408
 -0.419636
 1.75996
 -1.34154
 1.69191
 1.18263
 1.11343
 -0.830351
 -0.0220793
 -1.22257
 -0.0727139
 1.14108
 -0.799881
 1.39395
 -1.90782
 2.52777
 -1.31826
 0.862441
 -0.311629
 0.236212
 -0.830518
 0.165953
 0.662537
 0.327838
 0.303312
 -0.150085
 0.108222
 1.60121
 -0.980303
 -0.427634
 -0.858707
 -2.90586
 0.877894
 -0.646209
 1.14429
 -0.796338
 0.52975
 -1.2054
 2.61306
 -1.61833
 2.40753
 -0.884781
 1.08788
 -1.37489
 1.00611
 0.720451
 0.00338042
 -1.43834
 1.37532
 -1.75798
 1.35266
 -0.0530494
 0.489987
 0.569002
 1.6452
 -1.78218
 3.42457
 -0.762188
 -0.513527
 1.03902
 0.181904
 0.573195
 0.205463
 0.0375036
 0.484279
 -0.138684
 -1.06455
 1.15177
 -0.767906
 0.321496
 -1.03893
 0.532691
 0.189073
 -1.11852
 -1.11347
 -1.10279
 0.38322
 -0.561788
 -0.700125
 -0.781839
 -0.196869
 0.43112
 0.707932
 0.30722
 -0.966969
 0.668663
 -1.03995
 1.37406
 -1.78239
 1.15041
 -1.30039
 -0.690104
 -0.721556
 0.193367
 -0.33873
 -1.26674
 0.203199
 -1.24634
 -1.08193
 -0.25963
 0.657355
 0.186879
 0.886358
 -0.910003
 -0.273381
 -0.439013
 0.492446
 0.590113
 -0.25715
 0.017475
 -0.266593
 -0.670922
 -0.520893
 0.978783
 -1.33157
 0.98428
 1.40496
 1.36933
 -0.593558
 1.5889
 -3.35432
 2.74654
 -1.67153
 -0.543105
 -0.972179
 2.17734
 -0.627876
 1.36858
 1.54826
 0.959729
 -0.297739
 1.19567
 -0.330127
 -0.0157897
 0.0909618
 0.0771235
 -0.349859
 -0.413358
 1.06621
 0.0142082
 -0.959098
 0.573912
 0.134541
 -0.990787
 0.718184
 -1.00356
 0.884093
 -1.38023
 1.65358
 -0.70245
 1.77135
 0.252774
 1.51848
 -0.922099
 -0.248281
 0.18029
 1.45821
 1.1179
 0.257051
 1.9343
 0.773565
 1.27899
 0.785186
 -0.411115
 0.874228
 -0.910857
 1.40088
 -0.508114
 0.35728
 0.518177
 2.33652
 -0.294357
 1.14273
 -0.677552
 0.559045
 -0.0823107
 1.2204
 -0.198898
 0.673527
 0.3254
 0.153388
 -0.236648
 -1.7556
 0.753252
 -3.37014
 1.78094
 -0.776514
 0.512517
 -0.876757
 -0.0695028
 -0.216343
 -2.31675
 1.53445
 0.584166
 -0.800112
 1.73647
 -0.384162
 1.06367
 -3.17524
 1.6348
 0.425663
 -0.795573
 1.22265
 -1.06183
 1.72117
 -0.5524
 0.486526
 -0.783212
 -0.454557
 -1.47994
 -0.46154
 -0.0813964
 0.456026
 0.514792
 0.438012
 -0.60938
 -0.102252
 1.29208
 -1.4738
 1.62649
 -2.04947
 0.863269
 -0.28715
 -0.728167
 1.49756
 -1.7296
 1.89126
 -2.5343
 2.83386
 -1.90961
 0.378057
 0.212284
 -0.780062
 1.39462
 -0.508654
 -0.372506
 1.70363
 -1.65731
 -0.605399
 1.10834
 -1.2414
 0.424944
 0.930542
 1.82368
 -1.81725
 1.5082
 1.02093
 -0.960098
 -0.146862
 1.03786
 0.341834
 0.185267
 0.581886
 1.19932
 -0.0441896
 1.56101
 -2.90645
 1.2509
 -0.509599
 0.519474
 -0.763543
 0.654426
 0.102245
 -0.649908
 1.69851
 -1.13423
 -0.190048
 1.03088
 -0.0315058
 0.925616
 1.21334
 -0.388595
 -0.0957402
 -1.33149
 1.82275
 -1.23635
 0.48711
 -0.642502
 -0.437616
 1.00631
 -0.54519
 -0.275674
 0.615194
 -0.149128
 -0.5008
 0.400567
 -0.0204212
 -2.11342
 1.41778
 1.00114
 -0.669388
 0.963152
 -1.14078
 0.981454
 -0.0147333
 -0.545715
 -0.972872
 0.0262686
 0.334417
 0.866301
 0.296912
 1.04286
 0.0550731
 1.59492
 -0.79756
 0.767825
 0.73298
 -1.75111
 2.50729
 -1.73043
 1.51658
 -0.397229
 -0.0389064
 -0.0215607
 -1.24346
 1.15296
 0.834352
 -0.0471598
 -1.09215
 0.991962
 -0.779217
 0.622806
 -3.09159
 1.48411
 -0.328489
 -0.0383431
 0.6291
 -1.157
 1.33287
 -0.106386
 -0.568301
 0.486767
 -0.434131
 1.14035
 -0.391869
 1.71922
 0.341186
 0.542585
 -2.06243
 2.65203
 -0.785198
 0.57027
 -0.396676
 -0.372761
 0.104999
 -0.0616766
 -1.03308
 -0.128615
 1.2937
 -0.342013
 1.0897
 -1.15771
 0.879772
 -0.0409629
 1.22648
 -1.00425
 1.57233
 0.558869
 -0.866282
 0.651097
 -0.724404
 0.268073
 1.83853
 -2.4357
 -0.764002
 -1.12359
 -0.456721
 -1.01208
 -0.339555
 0.496151
 -0.542127
 1.81665
 0.3992
 -0.208776
 0.843181
 0.999629
 -0.672355
 0.209862
 -0.97618
 -0.242572
 -0.327707
 0.846527
 -0.951245
 3.54984
 -1.28357
 1.7589
 -0.891045
 0.277341
 -0.372506
 -0.434733
 -0.948611
 0.912041
 -0.0449812
 0.302633
 -1.03612
 1.57387
 -0.877134
 -1.73634
 1.05401
 0.0481354
 -0.752771
 -0.438271
 -1.13605
 0.65866
 -0.976787
 0.5346
 0.142332
 -1.16172
 -0.186822
 -0.855411
 1.34783
 0.157259
 0.107197
 -1.0212
 -0.762918
 -0.50623
 3.46878
 -0.391745
 2.02501
 -1.59409
 0.656711
 0.909256
 0.74047
 -0.21359
 -1.47701
 0.547286
 -0.0953676
 -0.298727
 -0.0828943
 1.06175
 -1.70611
 0.528835
 -1.51985
 0.679823
 0.680084
 0.12363
 -0.301533
 0.0172272
 -0.451582
 -0.0633002
 0.909591
 -0.00877528
 -0.303083
 1.64787
 -1.24522
 2.8733
 -1.3855
 -0.408845
 1.85833
 1.05769
 0.177508
 0.547138
 0.401847
 -0.636552
 0.63734
 -0.571684
 0.837989
 0.245046
 -1.15336
 0.219555
 0.0992282
 0.676646
 1.54802
 -3.17723
 1.84567
 -2.03559
 -0.128575
 0.226832
 0.392464
 1.54447
 0.557409
 1.23392
 -0.38479
 1.21111
 -0.255115
 0.443308
 -0.565737
 0.203489
 -1.7881
 2.12003
 -3.09184
 2.33971
 -2.99806
 1.22968
 -0.114183
 -1.05612
 0.0816172
 0.163996
 -0.548071
 2.32445
 -0.596107
 1.12841
 -1.40988
 1.61565
 0.6123
 -0.896505
 -0.20666
 -0.366976
 -1.68556
 2.14826
 -1.9808
 -1.00055
 -0.742559
 -1.87822
 0.294153
 -2.42827
 2.76807
 -1.80989
 0.882213
 -2.01015
 0.24644
 -0.408083
 -0.828731
 2.32202
 -0.345137
 1.30816
 -0.254954
 0.798144
 -0.801917
 -0.279548
 0.810679
 -2.0955
 1.17978
 -1.07584
 2.32521
 -1.54097
 0.507622
 -2.5333
 2.24224
 0.354916
 -0.274732
 -0.602841
 1.49557
 -2.82704
 2.06074
 -1.49388
 0.319295
 0.142618
 0.491325
 1.51876
 0.372687
 0.0655954
 -0.0957458
 -0.851545
 -0.381695
 0.122589
 -0.622621
 -0.189306
 -0.960092
 -0.49817
 -0.347304
 0.345184
 -0.461323
 1.81501
 -1.53809
 2.55836
 -0.894924
 1.50449
 -2.50191
 2.39365
 -3.30899
 0.746217
 0.290505
 -1.43087
 1.84049
 0.435216
 0.948954
 1.61779
 0.427754
 0.230348
 0.894214
 -0.849605
 1.21185
 -0.266816
 0.40991
 -0.0091187
 1.84423
 -2.31012
 3.12396
 -1.88957
 -0.499381
 -0.303639
 0.8701
 0.474165
 -1.35749
 1.12058
 -0.407282
 -1.15622
 0.344365
 -1.2703
 0.565735
 -0.757242
 0.803824
 -0.570022
 0.245423
 0.705413
 0.124688
 0.297119
 0.108397
 -0.0897094
 0.93857
 0.56646
 -0.468339
 -0.584951
 0.582375
 -0.211769
 0.696241
 0.311579
 0.59964
 -0.871233
 0.707923
 -1.03129
 0.517511
 -0.174784
 0.396431
 -1.64413
 2.33167
 -1.61704
 0.022023
 -0.962775
 -0.289188
 -1.43159
 -0.429443
 0.544811
 -1.05258
 1.51364
 0.109156
 0.97141
 0.0571252
 0.0887851
 1.03405
 -0.820923
 0.305593
 -0.719862
 0.553396
 0.929735
 0.0201232
 -0.764932
 -0.615889
 -0.957
 1.09664
 0.348632
 -1.8528
 -0.294833
 -1.65935
 2.70802
 -1.11365
 0.42636
 0.146755
 0.124024
 0.585579
 0.940713
 0.637763
 0.32063
 0.733712
 -0.612792
 0.872984
 0.798471
 0.227781
 0.475931
 0.586835
 -1.16772
 0.130821
 -0.310716
 0.13974
 -0.359402
 -0.012645
 -0.625317
 -0.551929
 -1.24256
 0.58002
 -0.136554
 -0.335918
 -0.60567
 -0.659577
 -0.202838
 -1.02752
 0.846561
 -0.225348
 -1.73085
 0.120718
 -1.35226
 0.772637
 -0.314637
 -0.0987653
 -1.05803
 -0.677909
 0.644541
 1.36966
 -1.28866
 0.947224
 0.302697
 -0.407439
 -0.224061
 0.688229
 0.219182
 -0.983304
 -0.110455
 -0.075983
 -0.316572
 0.100937
 -0.412828
 0.69247
 -0.665953
 -0.724431
 0.253701
 1.40327
 -0.916722
 0.396865
 -1.27167
 2.24429
 0.994479
 -0.588337
 0.358649
 -0.684128
 0.587564
 0.853358
 0.135881
 -0.684073
 -0.224547
 1.76263
 -0.44989
 0.338456
 1.04101
 -0.676049
 2.3059
 -2.72486
 0.641036
 -0.499145
 0.651493
 -1.03344
 1.27346
