 -0.0616792
 0.13259
 -0.0943901
 -0.223224
 0.00892629
 0.0678356
 -0.0925464
 -0.0297429
 0.0358692
 0.0941005
 0.0902103
 0.120105
 0.120065
 0.060244
 -0.0707746
 0.00692056
 0.0810776
 0.0945578
 -0.0648334
 0.00649253
 -0.0151779
 -0.0975502
 0.0676636
 0.100829
 -0.113433
 -0.0412496
 -0.000143523
 0.0104279
 0.0861652
 -0.0567558
 0.0559715
 -0.029944
 -0.0719638
 -0.0289554
 -0.211642
 0.157297
 0.213485
 -0.215289
 -0.0448148
 -0.200243
 0.0892465
 -0.044606
 0.0835301
 0.0844208
 -0.0386315
 -0.0341037
 -0.0118317
 0.0392783
 0.0394168
 0.0777313
 -0.0285014
 0.123087
 0.168844
 -0.109495
 -0.0194681
 0.169013
 -0.0035169
 0.132526
 0.196713
 0.0135524
 -0.126286
 -0.0706702
 -0.00357824
 0.157226
 0.0464654
 0.0472089
 0.0144229
 -0.000377983
 0.23928
 -0.204859
 -0.0321191
 -0.117948
 0.218108
 -0.0390323
 0.172356
 0.0317756
 0.0779613
 -0.0210802
 0.0512803
 -0.00770305
 0.0506796
 0.0849035
 0.147338
 -0.141534
 0.178586
 0.0312063
 0.0146446
 -0.103407
 -0.0477561
 -0.016824
 0.0485023
 0.0390194
 0.222366
 0.110018
 0.0989052
 -0.0658161
 0.0666783
 0.0968748
 -0.105095
 0.155313
 0.123655
 -0.131888
 -0.0202554
 0.0274186
 0.104178
 0.107027
 0.0711655
 0.00358113
 0.144166
 -0.0134395
 0.0338782
 -0.0441273
 0.00149123
 -0.0521469
 -0.0334968
 0.138458
 -0.176048
 0.145895
 -0.0411033
 0.0174188
 -0.0352437
 -0.0165525
 0.221555
 0.0894715
 -0.00581845
 0.232472
 0.0559646
 -0.00139338
 -0.0769892
 0.0171508
 0.0255847
 -0.0913744
 0.0143535
 0.0788509
 0.128457
 0.100491
 0.0724017
 0.0868761
 -0.111676
 -0.0807909
 0.0411904
 -0.0370853
 0.108291
 0.0354523
 -0.0505435
 0.0239638
 -0.019086
 0.0855185
 -0.0124464
 -0.0764605
 0.112464
 0.0943469
 -0.0925176
 -0.0407274
 -0.109352
 -0.0318025
 -0.140552
 0.0468591
 0.0577176
 -0.00727947
 0.0120417
 -0.0202528
 0.0513
 -0.12189
 -0.0518159
 -0.00251627
 -0.0306785
 -0.0736803
 -0.103271
 0.0395204
 0.118235
 -0.0852127
 -0.0171814
 -0.0677301
 0.0363505
 0.0277236
 0.294113
 0.0224821
 0.104431
 0.106189
 -0.117342
 -0.104846
 0.0574549
 -0.0977671
 0.101469
 0.0407391
 0.0145147
 0.0949714
 -0.0306668
 0.0623533
 -0.148358
 -0.088175
 -0.0692865
 0.118577
 -0.0180649
 -0.302884
 0.118184
 -0.111586
 -0.0643335
 0.0241457
 -0.157139
 -0.0988225
 -0.18247
 0.0748499
 0.191942
 -0.104388
 -0.0348801
 0.115934
 0.143966
 -0.0980923
 0.347748
 -0.0327814
 -0.0962463
 0.0888084
 0.0670737
 0.0897874
 -0.187887
 0.0732593
 -0.161588
 0.0843925
 0.0025223
 0.277382
 0.0675265
 0.0509143
 0.0995904
 0.120536
 0.0226256
 0.0266968
 -0.119851
 -0.00492695
 0.0325079
 -0.00924408
 -0.0435483
 0.341246
 0.0645522
 -0.0754234
 -0.00982895
 -0.0554268
 -0.184959
 -0.141359
 0.0375958
 -0.0732706
 -0.0374792
 0.117864
 0.0824992
 0.113385
 -0.110172
 0.0233997
 -0.035717
 -0.0100156
 0.0397687
 -0.195577
 0.0695482
 -0.06772
 -0.0465711
 -0.0874108
 -0.214778
 -0.0662112
 0.027711
 -0.127422
 0.0594551
 0.0560157
 0.046076
 -0.0641566
 0.0550927
 0.126108
 0.0246829
 0.140156
 -0.0326357
 0.0495035
 0.0108189
 -0.0964366
 -0.0675779
 -0.0131749
 -0.0558712
 -0.0371176
 -0.0978217
 -0.108025
 -0.0434578
 -0.0398717
 -0.0208197
 -0.0277666
 0.0263909
 0.0790061
 0.0730681
 0.0646775
 0.0399195
 -0.104364
 0.0294481
 -0.0339286
 0.0818269
 0.00242405
 0.0366616
 -0.104359
 -0.153887
 0.0390823
 -0.0108192
 -0.0535886
 0.0910408
 0.0236167
 -0.0161928
 0.174296
 0.0363338
 -0.209564
 0.0848095
 0.189458
 -0.108082
 0.0489032
 0.0862516
 -0.0267453
 0.00453533
 -0.202015
 0.0753911
 0.0842333
 -0.0509706
 -0.182857
 -0.0265413
 0.0561537
 -0.00622082
 -0.0580026
 -0.0224063
 0.158137
 0.0253466
 0.115774
 -0.0766556
 -0.0550741
 -0.0232318
 0.0832217
 0.148777
 0.00577419
 -0.134825
 -0.112231
 0.109205
 -0.108731
 0.068708
 -0.114294
 -0.136685
 -0.0593957
 0.0505607
 -0.13346
 0.0639946
 -0.104416
 0.0905318
 0.194246
 -0.0889599
 0.0418605
 0.136506
 -0.0782262
 0.0388057
 -0.0997834
 0.0436041
 -0.0922139
 0.180979
 0.0929318
 0.0589969
 0.068763
 -0.115804
 0.0128445
 -0.115348
 -0.134389
 -0.0645006
 -0.0444814
 0.187314
 0.102105
 -0.141051
 0.0738497
 0.125643
 -0.0779199
 -0.0883898
 -0.0613283
 0.0509957
 -0.0285963
 -0.0683374
 -0.0020943
 -0.0391183
 0.00893307
 0.0644017
 0.0340049
 -0.0881644
 -0.200025
 -0.154965
 -0.0160152
 0.0677589
 0.0258764
 -0.0446681
 -0.128138
 -0.123433
 -0.173323
 -0.0538974
 -0.128606
 -0.0131701
 0.17783
 -0.0921701
 0.160597
 -0.082909
 -0.079793
 -0.0143252
 0.254847
 -0.0203439
 -0.166219
 0.106966
 -0.00104953
 0.117264
 0.0338635
 -0.140918
 0.0426241
 0.0155696
 0.0538227
 -0.099766
 -0.112618
 -0.121578
 0.0847522
 0.0777162
 -0.247276
 0.0879353
 -0.0824871
 0.0116402
 0.106869
 0.117115
 -0.0519743
 -0.0240246
 -0.000307607
 0.0274421
 0.0150373
 0.152982
 -0.15692
 0.163627
 0.0703493
 -0.190348
 -0.305651
 0.0193649
 0.198798
 0.0341896
 -0.0635993
 0.0340131
 0.00499947
 -0.132119
 -0.049445
 -0.0814417
 0.00230984
 0.0142093
 -0.0961717
 -0.0701232
 0.0921761
 -0.135411
 -0.176916
 -0.0485919
 0.0307854
 -0.176964
 0.0868821
 -0.149081
 0.073104
 -0.0642143
 -0.0472351
 -0.00533571
 -0.183561
 -0.188253
 -0.0195895
 0.0943425
 0.0380831
 0.0221282
 0.0297008
 0.115757
 0.146509
 -0.0588189
 -0.00714946
 0.080779
 -0.0677262
 -0.0608406
 -0.138917
 0.0945915
 0.127667
 -0.296676
 -0.0694256
 0.192704
 0.0080288
 -0.0207277
 -0.109689
 -0.00500142
 -0.042649
 -0.113291
 -0.0861632
 -0.0923927
 0.071608
 0.0146232
 -0.0314312
 -0.125398
 0.20996
 -0.135859
 0.202069
 -0.0453811
 -0.0640727
 -0.0577919
 0.00334448
 0.0623039
 0.0399812
 0.0352098
 0.00301518
 0.173463
 -0.117792
 -0.165991
 0.041403
 0.0619167
 -0.162029
 0.147061
 -0.0809207
 0.0374833
 0.0443333
 -0.0671676
 -0.113307
 -0.0428973
 -0.00789451
 0.101877
 -0.102249
 0.042876
 -0.0410858
 -0.147126
 -0.0295027
 -0.0391089
 0.0395435
 0.0569347
 -0.0124208
 -0.0264748
 -0.0299633
 0.100217
 0.145226
 0.159508
 0.159133
 0.0132986
 -0.0346781
 0.0619195
 0.0132634
 0.00583688
 -0.0804146
 -0.0190023
 -0.0274905
 0.0327894
 0.0264103
 0.0605409
 0.0769582
 -0.10313
 -0.126074
 0.00276771
 0.138553
 0.130503
 0.0525348
 -0.149437
 -0.261156
 -0.0282713
 -0.0491129
 -0.0462985
 -0.10986
 -0.0833861
 0.0762146
 0.156463
 -0.0434494
 -0.0855254
 -0.00224919
 0.00545157
 -0.0121726
 0.121819
 -0.0191702
 -0.047111
 0.0179599
 0.0766375
 0.166366
 -0.0552833
 0.0396633
 0.125505
 -0.00962014
 -0.0904048
 0.145353
 0.0615665
 0.0839039
 -0.101495
 0.217379
 -0.0204689
 -0.112922
 -0.103257
 0.0108211
 0.157276
 -0.0946987
 0.0551608
 0.0729489
 0.208675
 -0.0235164
 -0.0111304
 0.0904762
 -0.0529732
 -0.020985
 0.0454206
 0.122937
 0.0234974
 -0.00593783
 -0.0817138
 -0.041147
 0.0165746
 -0.0931662
 0.141477
 0.101535
 -0.185814
 0.206846
 -0.0126793
 0.133832
 0.15277
 -0.0939976
 -0.0418878
 0.0779975
 -0.0996458
 -0.0391529
 0.0297284
 -0.0374231
 -0.202601
 0.028998
 -0.162342
 0.1639
 0.0212099
 -0.0235162
 -0.0446223
 -0.0759465
 0.0734243
 0.0712873
 0.0377896
 -0.0710814
 -0.155268
 0.0730415
 0.0840738
 0.0748286
 0.00626129
 -0.0340059
 0.165783
 0.101262
 -0.0495109
 -0.0425415
 0.0332106
 -0.119385
 0.060165
 -0.130271
 -0.144786
 -0.0571114
 0.0734113
 0.0128641
 -0.0482711
 -0.0830959
 0.00254258
 -0.168484
 0.0460975
 0.137011
 0.100519
 0.0463038
 -0.17875
 -0.172906
 -0.00778976
 0.0443537
 -0.152878
 -0.0832136
 -0.0309079
 -0.13941
 -0.054657
 0.180613
 0.0909014
 -0.0810512
 -0.0181539
 0.0132141
 0.120996
 -0.0822705
 -0.0440662
 0.084083
 -0.0298995
 0.00152136
 -0.134678
 -0.0424008
 0.15818
 0.0218354
 -0.0976916
 -0.00317816
 -0.120072
 0.229601
 0.219
 0.180913
 0.208993
 0.159508
 -0.088025
 -0.0759935
 -0.209309
 0.0648523
 -0.0211318
 0.0629009
 0.0553351
 0.109322
 0.10164
 0.00374347
 0.0294663
 -0.0761907
 0.0950315
 -0.219808
 -0.017612
 0.0715045
 -0.0648215
 0.0186891
 -0.199292
 -0.134901
 0.057395
 0.0326553
 -0.00208162
 -0.0441617
 -0.00317542
 -0.0210062
 0.0220677
 0.0704602
 0.134901
 -0.100626
 -0.054427
 -0.0525116
 -0.0025782
 0.0817205
 0.0133382
 -0.0095868
 -0.0947183
 -0.138615
 0.030075
 0.131015
 0.0633505
 -0.0941831
 0.0324045
 -0.144377
 0.059204
 0.117224
 0.0352925
 -0.0697501
 -0.0354837
 -0.0149321
 -0.0281053
 0.0697014
 0.0588924
 0.201006
 -0.0952192
 -0.123211
 0.0138757
 0.132528
 -0.0567695
 0.0192743
 0.0172797
 0.165481
 -0.135662
 0.0903829
 -0.0890626
 -0.0707216
 -0.0674524
 0.0202017
 0.102376
 -0.201091
 0.0333527
 -0.0853598
 -0.0710238
 0.114659
 -0.019641
 0.0661423
 -0.0501108
 0.0813984
 0.0759443
 0.149553
 -0.0755913
 0.0338714
 0.07917
 0.123004
 -0.0590824
 -0.130753
 0.052019
 0.181252
 -0.109107
 -0.0120726
 0.0131802
 0.0219698
 0.0707433
 -0.0131355
 -0.205481
 -0.107298
 0.0467052
 -0.147873
 0.0319342
 0.00852265
 0.0433999
 0.0145684
 0.124497
 0.0173713
 -0.0677837
 -0.0553279
 0.0840519
 0.0305172
 -0.244617
 0.127102
 -0.0455571
 -0.0377919
 -0.045452
 0.183904
 0.0659284
 -0.0132831
 -0.121738
 0.199106
 -0.0560722
 -0.0728209
 -0.0159243
 0.166065
 0.223936
 -0.0753436
 -0.0177745
 -0.026795
 0.119088
 -0.0508409
 0.0445054
 0.0621376
 -0.060714
 0.0497155
 -0.0674838
 -0.0213254
 -0.225654
 0.00782909
 -0.0385924
 0.0333847
 0.097639
 -0.0703579
 -0.176484
 0.137185
 -0.135661
 0.0427855
 0.0539778
 0.0541208
 0.135904
 -0.0760665
 0.0390305
 -0.0405954
 0.03028
 -0.0806922
 0.0284179
 0.108883
 -0.0323941
 0.311882
 -0.0102694
 0.013704
 -0.0959085
 0.0384491
 0.0737031
 -0.0215223
 0.0714874
 -0.0901967
 0.219682
 0.222718
 0.0705796
 -0.0461633
 0.237053
 -0.165645
 -0.0475174
 -0.0479338
 -0.136362
 -0.110577
 -0.0113771
 -0.0779052
 -0.117109
 0.150528
 -0.0492679
 -0.0428913
 -0.0388482
 -0.0699491
 -0.117216
 0.154354
 -0.0755675
 -0.060936
 -0.0687108
 -0.193203
 0.211238
 -0.0655382
 0.161306
 0.0679255
 -0.0588413
 -0.0675663
 -0.114199
 -0.0768034
 -0.166766
 0.0479137
 -0.0802537
 -0.00456852
 0.0580148
 -0.00379429
 0.0615723
 -0.0137414
 0.0289694
 0.104939
 0.015588
 0.0904208
 -0.308216
 0.0461426
 -0.0133292
 -0.0231868
 0.00247293
 0.110374
 -0.151485
 -0.00735247
 -0.0476458
 0.110192
 0.104649
 -0.158979
 -0.0274615
 0.157793
 0.0743474
 -0.0360817
 -0.0273414
 -0.0367998
 0.0658923
 -0.117715
 -0.208048
 0.0726903
 0.0831596
 -0.169984
 0.0536991
 -0.000487285
 0.081277
 0.0796244
 0.301899
 -0.111566
 -0.0132064
 -0.0707975
 0.0608797
 -0.0854256
 -0.0730859
 0.0734208
 -0.00456826
 -0.110027
 0.0479529
 0.137014
 0.0503214
 0.048272
 -0.0997725
 0.0414311
 -0.0104659
 -0.165396
 -0.0963444
 0.0537419
 0.14948
 0.106621
 -0.0565296
 -0.000898974
 0.0172414
 0.0346723
 0.011709
 0.122648
 0.0105128
 0.0683717
 -0.0297415
 0.0530709
 -0.125207
 0.0847465
 0.142428
 0.147598
 0.0235348
 -0.171641
 -0.00818872
 0.059391
 -0.0156273
 -0.165368
 0.112856
 -0.125582
 -0.165261
 0.0365409
 -0.0325642
 -0.0900141
 0.193287
 0.127833
 0.0881867
 -0.0499434
 -0.108293
 0.0243389
 0.150416
 0.0704269
 -0.048477
 0.0790908
 0.135335
 -0.0629545
 0.0158209
 -0.0706701
 -0.0175643
 0.141976
 -0.12749
 0.101831
 0.0607089
 -0.0714304
 0.0997918
 -0.0571821
 0.0751563
 0.0261193
 -0.0213432
 0.104397
 -0.176312
 0.0877162
 -0.123451
 0.0157404
 -0.0103712
 -0.0130516
 0.105566
 0.00808974
 0.094331
 0.0594005
 -0.183155
 -0.0354713
 0.143088
 -0.106927
 -0.161494
 -0.11013
 0.0972069
 -0.127098
 -0.030243
 -0.033935
 -0.0544887
 -0.195788
 -0.120235
 0.0555831
 -0.0107063
 0.0154422
 -0.0396755
 -0.036161
 -0.0258884
 -0.0313341
 0.0102593
 0.0731401
 -0.023776
 -0.0598717
 -0.132809
 -0.313946
 -0.059539
 0.189092
 -0.013758
 0.0370095
 0.099293
 -0.0935173
 -0.128929
 0.0192507
 0.0171166
 0.146174
 0.149319
 0.189908
 -0.136077
 0.154676
 0.0638157
 0.106498
 0.0187114
 -0.0869581
 -0.161076
 -0.0481217
 -0.0171211
 -0.103533
 -0.000918628
 0.108112
 0.099822
 0.131212
 0.200583
 -0.0148099
 -0.12563
 -0.0289333
 -0.110876
 -0.0285932
 -0.211034
 0.16878
 0.0080108
 0.0223107
 0.0471237
 -0.0515765
 -0.0463363
 -0.0119958
 0.114341
 0.228292
 0.027663
 -0.0608002
 -0.0890538
 0.0248742
 -0.0119568
 0.0964269
 0.108099
 -0.0758425
 -0.0464923
 -0.0407359
 0.0531235
 0.167175
 -0.00907504
 -0.0689326
 0.177684
 0.114741
 0.0446403
 0.00747028
 0.22809
 0.0256639
 -0.0409137
 0.0463533
 0.012963
 -0.111898
 0.00438554
 0.170769
 0.0312609
 0.0141546
 0.145948
 -0.0497088
 0.09754
 -0.0859219
 -0.0202499
 0.054622
 -0.105681
 0.00215006
 -0.132797
 0.130307
 0.0238555
 -0.149385
 0.0911729
 0.0353662
 0.126758
 0.108028
 -0.0214706
 -0.116359
 0.140122
 0.0629108
 0.0464644
 0.196053
 0.108016
 -0.180647
 0.275656
 -0.0528055
 0.150349
 -0.0959758
 -0.0396041
 -0.0344303
 -0.0600329
 0.0123299
 0.00177818
 0.0357228
 -0.121012
 -0.125646
 0.0342778
 -0.034328
 0.0113824
 0.0441037
 -0.100001
 -0.080511
 0.0261098
 -0.112071
 -0.185649
 -0.0354696
 -0.113863
 0.141072
 0.122938
 -0.0279396
 -0.00297377
 0.136715
 0.000919764
 -0.0228182
 -0.168605
 -0.0384745
 0.0357165
 -0.0865333
 -0.0575411
 -0.0413697
 0.114377
 -0.0901259
 0.0486493
 0.0261464
 0.11187
 0.0150975
 -0.0213469
 -0.00293041
 0.0732403
 -0.000939954
 0.118587
 -0.0503447
 0.01057
 0.0314321
 -0.0808551
 0.143113
 -0.0543457
 0.132018
 -0.0206371
 -0.137139
 -0.218064
 -0.0834094
 -0.0885909
 0.072247
 -0.192574
 -0.0943495
 0.173581
 0.119041
 -0.04965
 -0.0347717
 0.0500989
 0.0694512
 -0.121609
 0.000132379
 0.0317255
 -0.15273
 -0.0142494
 -0.0250264
 0.148194
 0.23752
 -0.137265
 0.00207609
 0.0455992
 0.246163
 -0.0789165
 -0.0967877
 0.028441
 0.0180091
 0.0180008
 0.0351025
 -0.175645
 0.0753066
 0.0598582
 0.12933
 0.0535251
 -0.068144
 -0.170478
 0.0378788
 -0.00102661
 -0.148206
 0.0734991
 0.0839836
 -0.00961604
 -0.0654264
 -0.0542457
 0.0330641
 -0.0529174
 -0.130208
 0.0576275
 0.230822
 -0.150349
 -0.150539
 -0.137325
 -0.0908035
 -0.0661049
 0.0214523
 0.0961301
 0.00399461
 -0.0664332
 0.00138258
 0.0976405
 0.000673421
 -0.0397145
 0.148625
 -0.0158625
 0.0317906
 -0.14444
 0.00539583
 0.0232932
 -0.0844194
 0.0658567
 -0.122428
 -0.00586203
 -0.141591
 -0.170902
 -0.14036
 0.00754554
 -0.0707185
 0.0812762
 0.0737336
 0.0174422
 0.117461
 0.0603283
 0.0104548
 -0.0629657
 -0.0576859
 0.158386
 0.0562543
 -0.112603
 0.0596919
 0.212657
 0.0516025
 0.169595
 0.0262587
 -0.0714801
 0.0136302
 0.254504
 -0.103618
 -0.0266962
 0.0318773
 -0.0632178
 0.0488266
 0.102947
 -0.128221
 -0.00198217
 0.217192
 -0.0856322
 0.0577376
 0.180973
 0.0663753
 -0.0833365
 -0.138703
 0.196595
 0.0627183
 -0.0915984
 -0.0405999
 -0.116894
 0.189925
 -0.0275474
 0.0255202
 0.0825016
 -0.0306371
 -0.0104288
 0.210864
 0.06937
 -0.143396
 -0.111585
 -0.0293252
 0.0761235
 -0.139666
 -0.0877023
 -0.220179
 -0.0432309
 0.190222
 0.101146
 0.0815311
 0.00506953
 -0.121824
 0.164371
 -0.187865
 0.121588
 -0.000874208
 0.0437967
 -0.0282796
 0.0261304
 0.064629
 -0.122594
 -0.0893369
 -0.144221
 -0.0570247
 -0.206466
 0.145086
 -0.0701167
 -0.0443882
 -0.0904169
 -0.158372
 0.00498812
 -0.20842
 -0.0274791
 0.0450508
 -0.0396568
 0.164676
 -0.0862689
 0.0169596
 0.234613
 0.00243215
 0.0908018
 -0.0516903
 0.0276262
 -0.183361
 0.108837
 -0.154987
 -0.039511
 0.0114253
 0.137886
 0.0126749
 0.00598177
 -0.0898841
 -0.00873648
 -0.0522061
 0.0731882
 0.094596
 0.0683242
 0.268634
 -0.1511
 0.0533967
 0.119672
 0.262072
 -0.00561061
 0.15366
 -0.00269799
 -0.00636289
 0.109796
 0.123413
 0.110156
 0.00963893
 0.0138062
 -0.0232041
 0.241032
 -0.0596303
 -0.0247017
 0.119354
 -0.0141759
 0.0756245
 -0.0111246
 0.084616
 -0.039808
 -0.0439771
 -0.0963628
 -0.0896967
 -0.0923498
 -0.0728713
 -0.0690688
 -0.0140111
 0.0639718
 0.0779287
 0.0089069
 0.019979
 -0.0158463
 -0.0327851
 -0.02782
 -0.00685187
 -0.138363
 -0.104468
 0.0627182
 0.231214
 0.0026757
 0.0242018
 0.16201
 0.00130478
 -0.0848351
 0.151813
 -0.16189
 -0.151896
 -0.0832997
 0.0608829
 -0.072833
 -0.0583453
 -0.0210578
 -0.0302248
 0.0689776
 -0.0858464
 -0.0689575
 -0.142255
 -0.0213328
 0.25492
 0.147463
 -0.0804748
 -0.0267743
 0.0668986
 -0.0907559
 0.0192828
 0.0310753
 0.0837088
 0.0878083
 0.0143235
 -0.0573913
 0.171369
 0.0913324
 0.0283215
 0.14573
 0.0388851
 0.20171
 0.0681223
 -0.0721927
 -0.0598447
 -0.126672
 0.0195178
 -0.190301
 -0.122822
 -0.0401983
 0.0871505
 -0.055064
 -0.0313991
 -0.0315982
 -0.0262421
 -0.0215713
 0.0113962
 -0.0143636
 -0.080079
 -0.112982
 -0.00480051
 -0.135468
 -0.0193601
 0.0392317
 0.157879
 0.00852278
 -0.0476722
 -0.0637664
 0.13612
 -0.0410507
 0.0362401
 -0.160654
 -0.222439
 -0.0534474
 -0.0461852
 -0.000646276
 -0.0664274
 -0.119635
 -0.032714
 0.143321
 0.000436279
 -0.100096
 -0.0756335
 0.125279
 0.0128417
 0.162464
 -0.147563
 0.0706315
 0.00215113
 0.117882
 0.0874121
 -0.0930348
 0.0297663
 -0.0256432
 0.0423135
 0.13307
 0.149321
 0.101559
 0.00367935
 -0.0987133
 0.070664
 0.0703071
 0.0785086
 0.100567
 -0.0151657
 0.117615
 -0.0173874
 0.0350363
 -0.0111897
 -0.0598725
 0.0351246
 0.130689
 0.0395832
 0.103307
 -0.0182883
 -0.0271806
 -0.0681784
 -0.13401
 -0.00848131
 -0.0151771
 -0.12879
 0.118323
 0.100823
 -0.0639199
 -0.0969668
 -0.0241103
 -0.0976675
 0.0130182
 0.079356
 0.232385
 -0.0562212
 0.054727
 0.0658787
 -0.0765028
 -0.0350148
 -0.00777672
 -0.103304
 0.118944
 -0.170996
 -0.136597
 -0.0523729
 -0.0702615
 -0.0831081
 -0.033238
 -0.108554
 0.0316134
 -0.00829222
 0.0490983
 0.0879213
 0.171415
 0.0632119
 0.0674118
 0.0630368
 -0.0503047
 0.0648463
 -0.0800617
 -0.0855782
 0.0727254
 -0.00575577
 0.120523
 -0.184976
 -0.0798012
 -0.0147695
 -0.149228
 0.0665873
 -0.163911
 0.0004104
 -0.234079
 0.00803063
 0.0675442
 -0.141435
 0.0160461
 -0.191359
 0.130798
 -0.323227
 0.0855498
 -0.127618
 -0.0179731
 0.0811304
 -0.118361
 -0.0635856
 0.101947
 -0.101555
 0.205227
 0.051653
 0.121737
 -0.0511266
 0.0286346
 0.0343447
 -0.0122031
 0.00456573
 -0.122062
 -0.120213
 0.136357
 0.0856726
 0.030107
 -0.129786
 -0.0286881
 0.0573335
 0.00684226
 0.0158691
 -0.0298345
 -0.148346
 0.0934186
 0.00966638
 -0.0982091
 0.168452
 0.0211714
 0.106186
 0.111979
 -0.0146716
 -0.0868649
 -0.242133
 -0.028952
 -0.10717
 0.0923364
 0.0316051
 -0.0800607
 -0.233097
 0.0897782
 -0.171153
 -0.0111898
 0.127463
 0.0181732
 0.0751828
 -0.0616809
 -0.0507422
 0.0962703
 -0.0540499
 0.0933191
 0.0405438
 -0.0224484
 -0.184649
 0.116323
 0.152515
 0.0246134
 0.140051
 -0.0495857
 0.102833
 0.0646193
 -0.109075
 0.146514
 -0.0226333
 0.0755129
 -0.0532472
 0.104238
 -0.109648
 -0.0339628
 -0.0275309
 -0.0103186
 0.0325249
 0.108904
 -0.0972819
 0.0215436
 0.0652779
 -0.00612117
 0.0586207
 -0.0561983
 0.0789013
 0.191155
 0.00378234
 0.00431956
 -0.0899363
 -0.18642
 -0.122507
 0.163278
 -0.0113319
 0.0475339
 -0.0680574
 -0.237809
 -0.06965
 0.0459974
 0.128698
 -0.0110303
 -0.0591024
 0.189875
 -0.0199524
 0.0769067
 0.0651195
 0.0488446
 0.0840429
 0.117159
 0.0321882
 0.0310165
 0.0405664
 -0.0230441
 -0.0219295
 0.0206643
 0.0445847
 -0.0442131
 0.0598039
 -0.0751759
 -0.00801843
 0.136151
 0.13099
 -0.0454133
 -0.0775015
 0.0623283
 -0.0976039
 0.089012
 0.157383
 -0.126583
 -0.0967748
 0.0555123
 -0.00612393
 -0.17867
 0.0656764
 0.100167
 0.168909
 -0.11909
 0.167546
 -0.0491661
 -0.140313
 -0.0181402
 -0.0731391
 -0.0025821
 -0.0386214
 -0.0116176
 -0.0387843
 0.0164276
 -0.195556
 0.0942917
 -0.059893
 0.0302822
 0.0474019
 -0.104491
 0.0894562
 -0.126957
 0.0867998
 -0.197934
 0.0383118
 0.0934355
 0.0505217
 0.0651121
 0.00331058
 -0.057379
 0.106082
 -0.0596911
 0.134446
 -0.0378146
 0.0529672
 -0.0542235
 0.065296
 -0.0523323
 -0.0703934
 -0.0266984
 -0.0286798
 -0.0744308
 -0.100385
 -0.0545809
 0.178646
 -0.147475
 -0.0993458
 0.0555911
 0.069558
 0.031812
 0.065613
 0.0332287
 0.207901
 -0.00147875
 0.0117632
 -0.155453
 0.135402
 -0.043443
 -0.126412
 0.147559
 0.0124245
 0.0653767
 -0.0921451
 0.0206499
 -0.0928815
 0.0758207
 -0.00430039
 -0.154295
 0.0192389
 0.0592044
 0.0853668
 0.0475427
 -0.00242712
 0.0505929
 -0.00191388
 -0.129832
 -0.072209
 0.104208
 0.0498917
 -0.0439827
 0.00432459
 -0.0697493
 -0.0170536
 -0.0360576
 -0.0956879
 0.0941091
 -0.147649
 -0.0819101
 -0.00851228
 -0.0957277
 -0.0987638
 0.0301471
 0.0519615
 0.091482
 0.174071
 0.127076
 0.0746475
 -0.195172
 -0.141595
 -0.08786
 -0.0326355
 -0.0830847
 0.0595282
 0.156541
 -0.151381
 0.0561959
 0.0174808
 -0.0415816
 0.0230907
 -0.00556284
 0.149786
 -0.0511697
 0.00698001
 -0.104104
 -0.053257
 -0.038337
 -0.0800739
 0.134818
 -0.219693
 -0.00791206
 -0.115119
 -0.0357207
 -0.0372715
 -0.0119452
 -0.0628901
 -0.205532
 0.115043
 -0.115686
 -0.116952
 -0.0266255
 -0.0155619
 -0.104363
 -0.0725571
 -0.0408335
 0.0982601
 0.090303
 -0.0107027
 -0.00741777
 -0.0774926
 -0.0285638
 -0.0703017
 0.201419
 0.0977129
 -0.138273
 -0.0323511
 0.076886
 -0.0976451
 0.0500952
 -0.0401056
 0.0137281
 -0.0378424
 -0.0543141
 -0.074686
 -0.0235068
 -0.156527
 -0.0396993
 -0.0497902
 -0.16671
 -0.0678701
 0.0937709
 -0.0192117
 -0.11697
 -0.0288634
 -0.0513457
 -0.0263555
 -0.0337441
 0.00902471
 0.100081
 0.131419
 0.09598
 -0.108112
 -0.0222251
 0.00416343
 -0.0612181
 0.104896
 -0.152405
 0.0997725
 -0.0279313
 0.00405948
 0.0258255
 0.110647
 0.190513
 0.119688
 -0.0243885
 -0.022118
 -0.0402414
 0.0233543
 -0.094908
 -0.0402351
 0.11514
 -0.0545347
 0.00994187
 -0.147115
 -0.0838861
 0.0239266
 -0.0508304
 -0.09306
 0.0432056
 -0.0169021
 -0.109112
 0.126486
 0.132122
 0.0196994
 0.0426204
 -0.0659477
 0.0461358
 0.0490779
 0.0655221
 -0.0696191
 0.108174
 -0.000247591
 -0.0985324
 -0.0225681
 0.00513246
 -0.0553201
 -0.106167
 -0.0475089
 0.00325233
 0.0170326
 -0.0605518
 0.0980858
 -0.0784609
 -0.0299979
 -0.0443811
 -0.0550345
 -0.0592647
 0.054449
 0.0724407
 -0.0291609
 0.0241888
 0.0571529
 -0.215581
 0.0735144
 -0.0327041
 -0.0141204
 -0.0809483
 0.0587803
 0.0169139
 0.00793008
 0.0535618
 -0.0440972
 0.0457979
 0.0422032
 0.0288201
 -0.0695016
 -0.013195
 0.100631
 -0.074495
 -0.134733
 -0.00932712
 0.0491896
 0.0434963
 0.0885489
 0.0404491
 -0.0344694
 0.117727
 0.00124538
 -0.0908843
 0.0997259
 0.120221
 0.0302476
 -0.142106
 -0.135735
 -0.00876978
 0.0286054
 0.0421101
 -0.194061
 0.0151956
 0.182985
 0.0515366
 0.0481226
 0.0108769
 0.0905601
 -0.10707
 -0.111671
 0.0774536
 0.0705988
 -0.110502
 0.0870336
 0.0291338
 -0.0575
 -0.0724866
 -0.14799
 0.0814627
 -0.13024
 0.0610511
 0.118873
 -0.0711322
 0.0923081
 -0.0783327
 0.00840681
 -0.0252022
 0.0726278
 -0.204945
 -0.076982
 0.168927
 0.0615875
 0.0275704
 0.0339192
 0.119251
 -0.00863905
 -0.0863106
 -0.245582
 -0.0322151
 -0.18382
 0.0803693
 0.0258906
 0.16603
 0.0352404
 -0.109502
 0.0284893
 0.0298716
 -0.0627709
 0.0784983
 0.0681781
 0.18768
 0.0677746
 -0.0759802
 -0.16946
 -0.000310977
 0.168008
 0.00601304
 5.43416e-05
 0.0329573
 -0.0364841
 0.0120632
 0.0505271
 -0.0316914
 -0.0817538
 0.031923
 -0.12905
 -0.175951
 -0.0589702
 0.0585233
 -0.0726671
 -0.195795
 -0.00741174
 0.111373
 -0.0645049
 0.0766559
 -0.0728608
 0.00329776
 0.00934453
 -0.20355
 -0.114057
 -0.139804
 0.00878142
 -0.0380601
 0.0100032
 0.0257519
 -0.0279899
 0.0227698
 0.0628596
 0.0712225
 -0.193832
 0.128999
 -0.0849231
 0.00380678
 0.0714687
 0.0928033
 0.0903169
 0.155872
 0.0612711
 0.0636116
 0.0921042
 -0.0635167
 0.034278
 0.237351
 -0.047556
 0.108951
 0.0673903
 0.054615
 -0.167874
 0.0919284
 -0.193702
 0.221266
 -0.0536482
 0.123169
 0.0287769
 -0.155352
 0.15633
 0.187366
 -0.0373227
 0.0598482
 -0.0370147
 -0.0308089
 0.0705231
 -0.102445
 -0.0261876
 -0.131694
 -0.0673826
 0.010332
 -0.04628
 -0.0643613
 -0.11632
 -0.14968
 0.0269603
 0.107894
 -0.158801
 -0.104311
 -0.120148
 0.0332904
 -0.0216084
 -0.207106
 0.0431594
 0.00883092
 -0.0824774
 0.169078
 0.0384525
 0.0503222
 -0.0510288
 0.0640967
 -0.132016
 -0.0659312
 -0.0947176
 0.162159
 -0.178508
 0.0787074
 -0.06852
 0.0821678
 0.0392056
 -0.0028875
 -0.185132
 -0.0424415
 0.00247404
 -0.167111
 -0.0699955
 -0.192671
 -0.00339821
 -0.163626
 -0.0428995
 0.105452
 0.0844237
 0.0222942
 0.0451037
 0.0166385
 -0.23022
 -0.0280249
 0.17467
 0.0974564
 0.0476206
 0.0181133
 -0.0401686
 0.073706
 0.0900131
 -0.0596388
 -0.184071
 0.0790483
 0.12868
 -0.00618052
 -0.0531945
 0.119187
 0.0687989
 -0.00813891
 0.0507003
 0.0247515
 0.138293
 0.0948243
 -0.0633724
 -0.0981278
 0.0355442
 -0.0411031
 0.0720098
 0.0275875
 0.0596442
 0.0178542
 -0.0657131
 0.0503509
 -0.108025
 -0.0460446
 -0.193389
 -0.118387
 0.0840797
 0.0805753
 -0.0547488
 -0.150107
 0.317452
 -0.17148
 0.102574
 -0.0560551
 0.268117
 0.291893
 -0.0106623
 0.0870516
 0.108348
 -0.0996336
 0.166012
 -0.0207949
 -0.237007
 -0.010675
 0.143574
 0.146756
 0.0592765
 -0.059782
 0.0610822
 0.0897753
 -0.0117956
 0.0639541
 -0.0841988
 0.00640106
 -0.0292806
 0.0238436
 0.0672896
 0.0926338
 -0.217995
 0.125939
 0.00606582
 0.0280512
 0.0348579
 0.0197625
 0.0107306
 -0.0206008
 -0.0651126
 0.0949917
 -0.0117971
 0.144197
 0.00334616
 -0.0541305
 -0.186876
 -0.0111085
 0.0113504
 -0.0361656
 0.0418423
 0.0433853
 0.0621756
 -0.0511779
 0.00953663
 0.184724
 -0.109387
 0.10834
 -0.0829192
 -0.103837
 0.277809
 -0.0570875
 0.0560309
 -0.118084
 -0.0817269
 -0.0130472
 -0.0361599
 -0.0394041
 -0.116688
 -0.0384704
 0.0260544
 -0.199131
 0.064996
 -0.0170602
 -0.0736552
 0.167119
 -0.0254327
 -0.111232
 0.0277062
 0.0544818
 -0.0332144
 0.0211725
 0.0977262
 -0.0298041
 0.0235017
 0.0946754
 0.050023
 -0.00242805
 1.55694e-05
 -0.0299361
 0.02856
 -0.0115246
 -0.0335054
 -0.107832
 -0.0283686
 -0.0187629
 -0.0655107
 0.0688073
 -0.0529769
 0.0220586
 -0.0562379
 0.1197
 -0.118555
 0.0374094
 -0.0920903
 -0.0200621
 -0.0859329
 -0.00778634
 0.0886231
 -0.0397517
 0.0914941
 -0.0495038
 0.0490168
 -0.0180147
 -0.119985
 -0.198764
 0.104674
 -0.0293639
 -0.270472
 0.113336
 -0.218119
 -0.0598412
 -0.0341454
 0.0434436
 -0.0277667
 -0.0829771
 -0.0560368
 -0.043611
 0.0335602
 -0.139762
 0.094785
 -0.154881
 0.146393
 -0.0910394
 -0.00132162
 0.173293
 -0.0642575
 0.0325038
 0.0689113
 -0.0684668
 -0.0861193
 -0.0152284
 0.00213617
 -0.177513
 0.00903764
 0.0174202
 -0.0299839
 -0.125298
 -0.230551
 0.0205694
 0.149248
 0.0657932
 -0.161507
 -0.0309217
 -0.170273
 -0.0178488
 -0.00977022
 0.0313705
 0.188178
 0.013623
 0.0408527
 0.0278754
 0.10165
 -0.0608612
 0.0845068
 -0.0049938
 -0.187009
 -0.0617017
 0.0427657
 0.0526885
 0.0407575
 -0.0567974
 0.0432798
 0.0366387
 -0.02995
 0.00935089
 0.124451
 -0.0730521
 0.00185766
 -0.0200894
 -0.0480833
 0.21215
 -0.0796235
 -0.0859996
 -0.132252
 -0.100141
 -0.0485667
 0.0741263
 0.0279862
 -0.0562939
 -0.0602358
 0.063357
 0.0187304
 0.22274
 0.032405
 0.0932461
 -0.0796661
 -0.0156456
 -0.148694
 -0.0700953
 -0.132993
 0.150362
 0.0321015
 -0.00856624
 0.116991
 0.0014427
 0.0831064
 0.0286709
 0.04622
 0.0919106
 0.0865579
 -0.10138
 -0.13699
 -0.0389905
 -0.106498
 0.236943
 -0.137451
 0.0216114
 -0.0164497
 -0.203225
 -0.104732
 -0.0482599
 0.0699433
 0.0160182
 -0.0342607
 0.0205824
 -0.175732
 0.119601
 -0.0981083
 -0.00597161
 0.197319
 0.0934115
 -0.0960721
 0.0258755
 -0.00750526
 -0.102744
 0.0821126
 -0.0240362
 -0.0706504
 -0.12189
 -0.14369
 0.00527872
 -0.121464
 -0.0154558
 -0.0622048
 -0.0515126
 -0.00966864
 0.0740108
 0.134319
 0.103918
 -0.131301
 -0.0102775
 0.0910265
 0.13967
 -0.01372
 0.0752751
 -0.00133705
 0.00943881
 0.108375
 -0.120904
 -0.0333838
 -0.211616
 -0.0136162
 -0.190475
 0.0944993
 0.0628235
 0.0533259
 0.0301962
 0.0118843
 0.100522
 -0.0763476
 0.0385172
 -0.132106
 0.0412571
 -0.0429544
 -0.141988
 -0.0382108
 0.0849324
 0.0555359
 -0.0817991
 -0.0465108
 0.135221
 0.00991084
 0.14718
 -0.0459674
 -0.109457
 0.187349
 0.0353449
 -0.102226
 0.0978502
 0.107334
 0.0660692
 -0.0014625
 -0.0985403
 -0.0303769
 -0.0781895
 0.0706277
 0.0780715
 -0.136451
 0.148017
 -0.0688313
 0.123661
 0.0142406
 0.114613
 -0.015628
 0.234726
 -0.192415
 0.0545763
 -0.093379
 0.0675023
 0.00759002
 -0.0227983
 0.0979113
 -0.0211763
 0.107928
 -0.0204906
 0.132647
 -0.0912567
 0.0168423
 -0.0149598
 -0.0260171
 0.0738989
 -0.103009
 -0.155351
 0.148958
 0.0509796
 -0.122819
 -0.0868299
 0.0353557
 -0.0172491
 0.0502606
 0.0569146
 0.073717
 0.0738487
 0.0476679
 -0.0812214
 -0.0341074
 -0.0632581
 0.00504586
 0.0215273
 0.0894375
 0.0671075
 0.104254
 -0.0208805
 -0.0263554
 -0.0304969
 -0.00578902
 0.0210254
 -0.124427
 -0.182947
 -0.110887
 0.0601593
 -0.13094
 0.132736
 -0.00122149
 0.0429933
 0.00339372
 -0.00696152
 0.0615831
 0.1448
 0.0462688
 -0.109472
 0.128765
 0.025266
 -0.137851
 -0.0127209
 0.0428534
 0.0699958
 0.0743005
 -0.0908213
 0.186228
 -0.134648
 0.0868674
 0.105064
 -0.016186
 0.0800171
 -0.185175
 -0.172492
 -0.0972566
 -0.0808833
 -0.0516308
 -0.0341773
 -0.0530533
 0.0689687
 -0.171013
 0.10699
 -0.00269067
 -0.101446
 0.16492
 -0.0101937
 -0.386601
 0.113122
 0.200155
 0.0700702
 -0.10271
 0.0461688
 0.026911
 0.090178
 -0.0322317
 -0.0562545
 0.0761106
 -0.173151
 -0.0527867
 -0.028004
 0.0175022
 -0.0790567
 0.14192
 -0.0144539
 0.0366932
 -0.0556863
 0.129936
 0.189122
 -0.0132935
 0.00672444
 0.163453
 0.0668065
 0.141636
 -0.02596
 0.150204
 0.0545874
 -0.0962954
 0.0363527
 0.0368867
 0.0378202
 -0.00667328
 -0.140888
 -0.109585
 0.110475
 0.214232
 -0.116682
 -0.0681796
 0.104963
 0.0667709
 -0.0853319
 0.070148
 -0.10864
 -0.0411889
 -0.0358949
 -0.141565
 0.137662
 -0.0838795
 0.00865381
 0.0818201
 0.0737513
 -0.0344422
 0.0210914
 -0.252986
 0.156686
 -0.00976248
 0.0457101
 -0.0271539
 0.0416291
 -0.0110168
 0.0137464
 -0.0626003
 0.128139
 0.134914
 0.0166564
 0.170859
 0.0913187
 -0.112164
 0.105551
 0.01118
 -0.0755572
 0.143035
 -0.0953096
 -0.0195344
 0.0283735
 -0.0950557
 -0.146402
 -0.0816854
 0.00338173
 0.0262769
 -0.211534
 0.0386127
 0.140984
 0.0671164
 -0.274497
 0.0576637
 0.0745454
 0.0746124
 -0.0138767
 -0.0769871
 0.073275
 -0.0135586
 0.0834046
 0.165452
 -0.123951
 0.16736
 0.142879
 0.0406055
 0.0397388
 -0.0231101
 -0.0258453
 0.0751498
 -0.173901
 -0.0461947
 0.0458996
 0.264764
 0.211227
 0.0411002
 -0.0389782
 0.0374787
 -0.00271709
 -0.0790801
 0.0184463
 -0.0714781
 -0.0779473
 -0.0744245
 0.0744911
 -0.0190286
 -0.0203867
 0.00945231
 -0.0787071
 0.0747788
 -0.0534527
 -0.0419509
 0.0980982
 -0.184358
 -0.0481646
 0.120304
 -0.0502731
 -0.0237184
 0.137134
 0.0151782
 0.0747902
 0.0058711
 -0.0761958
 -0.156003
 -0.0129123
 0.196976
 -0.165033
 -0.0954244
 -0.139088
 0.167124
 0.119572
 0.0601256
 0.213843
 -0.0666592
 -0.142225
 0.101322
 0.0263114
 -0.117516
 -0.0139174
 -0.236865
 0.148344
 -0.130113
 -0.0742596
 0.119948
 0.117437
 0.203537
 0.162314
 0.177313
 0.103549
 -0.0135845
 -0.0849153
 0.0838278
 -0.102454
 -0.174833
 -0.0139707
 0.0718132
 -0.105888
 0.0569585
 -0.0746668
 0.0502863
 -0.077078
 0.00540106
 -0.0118918
 -0.141961
 0.0174192
 0.10634
 0.1063
 -0.123236
 0.0694149
 0.0587295
 -0.00296062
 0.0792356
 -0.061185
 -0.0779642
 -0.074001
 0.23198
 -0.109261
 -0.0381071
 0.00767081
 -0.00369627
 -0.110192
 -0.0108799
 0.268549
 -0.0463855
 0.0562021
 -0.0282029
 0.26583
 0.0524394
 0.0847988
 0.0294217
 0.0311683
 0.00131629
 -0.0698218
 0.0549824
 0.147981
 -0.0963975
 0.167364
 0.0105176
 -0.0444549
 0.050643
 -0.145516
 0.169153
 -0.00319499
 -0.0859884
 0.25794
 -0.011229
 -0.0831862
 0.011438
 0.0890359
 -0.0391174
 0.0988037
 -0.111522
 0.013363
 0.181446
 -0.188504
 0.0747788
 0.0275097
 0.035976
 0.10615
 0.0288579
 -0.0201507
 -0.0734764
 0.0165347
 0.131034
 -6.87085e-05
 0.105144
 0.0389699
 0.00505555
 0.0996974
 -0.0607778
 0.133519
 -0.145126
 -0.0770177
 0.156928
 0.0882752
 0.147424
 0.0251691
 -0.0634216
 0.0855199
 -0.0593577
 -0.105119
 0.0918434
 -0.102436
 0.0477859
 0.0593338
 0.12191
 -0.00358676
 -0.0400293
 -0.0101324
 0.175331
 -0.124486
 0.246573
 -0.115252
 0.138757
 0.103559
 0.16713
 0.0901843
 -0.0505601
 -0.0605993
 0.0187036
 -0.0264882
 0.0786923
 0.182778
 0.204598
 -0.077125
 0.100255
 0.0270539
 -0.0875882
 0.0569116
 0.0509577
 -0.103518
 -0.0936583
 0.106916
 -0.0616975
 0.0101009
 -0.00542752
 -0.0926184
 -0.117645
 0.116023
 -0.0120706
 -0.0503855
 0.144949
 -0.0390011
 -0.0610357
 0.00846951
 -0.0315126
 0.143901
 -0.0432784
 -0.240049
 0.0847077
 0.0222364
 0.0723761
 0.000413929
 0.00809789
 -0.001273
 -0.116047
 -0.0978616
 0.129228
 0.0665048
 0.0601609
 -0.222122
 -0.0813475
 -0.0106172
 0.050764
 -0.097462
 0.133752
 0.266989
 0.00391488
 -0.146616
 -0.0890452
 0.0281026
 -0.0642061
 0.00890545
 0.14042
 -0.133141
 -0.114855
 -0.101862
 0.0436506
 -0.0132272
 -0.0465264
 -0.00148506
 0.0838787
 0.196443
 -0.152534
 -0.193709
 -0.0993013
 -0.0498465
 0.105038
 0.0873252
 -0.148583
 -0.0518224
 0.04382
 0.00121548
 -0.0162973
 -0.0107164
 -0.0582731
 -0.100226
 0.158191
 0.176449
 0.0549462
 0.0989625
 0.0137789
 -0.0365025
 -0.0102684
 -0.035203
 -0.0849871
 0.194942
 0.0390291
 0.0578281
 -0.0339207
 -0.0132232
 0.0959427
 -0.092185
 -0.0205056
 0.131553
 -0.175275
 0.0159312
 0.101616
 -0.12097
 -0.0741174
 0.0788243
 -0.0183501
 -0.0369201
 0.171632
 -0.0780145
 -0.122074
 -0.0598638
 -0.00565715
 0.0437256
 -0.044553
 -0.100488
 0.0741481
 0.0933106
 -0.0401162
 0.0478375
 0.101125
 -0.0420616
 -0.145694
 0.00749977
 0.215343
 -0.0211137
 -0.00435074
 0.228987
 0.0226339
 0.0615789
 -0.0165411
 -0.115419
 -0.038329
 -0.000238274
 -0.248219
 0.171517
 0.0999793
 -0.0328207
 -0.0757411
 0.0188533
 -0.153295
 -0.116882
 -0.0707911
 0.0649429
 0.0240521
 -0.214273
 -0.131411
 0.0183158
 -0.0824239
 -0.0394585
 0.0852885
 0.00291475
 -0.00707251
 0.261908
 0.0163643
 -0.0878789
 -0.0450289
 -0.0331688
 -0.110465
 0.00122571
 0.0905542
 -0.0770574
 0.0812165
 0.169456
 -0.059725
 0.0121426
 0.155125
 0.0707396
 0.0517424
 -0.108674
 0.0205805
 -0.0342097
 -0.00554902
 0.104382
 -0.0404999
 0.121088
 -0.065569
 0.0559759
 0.0645118
 -0.114396
 -0.0692225
 0.0398212
 0.124759
 -0.0837967
 -0.0238991
 -0.0924344
 -0.106561
 0.100327
 0.00736224
 0.0067564
 -0.0229152
 -0.152398
 0.00589723
 0.0687055
 0.0600143
 0.000968885
 0.113108
 0.279058
 -0.140369
 0.00281227
 -0.0057581
 0.0243253
 -0.117844
 -0.0754245
 0.00709162
 -0.0480929
 0.0219587
 -0.138858
 0.112378
 -0.0599521
 0.00716678
 -0.0701513
 0.0414895
 -0.200603
 -0.0401263
 -0.0592795
 0.0562749
 0.146111
 -0.159376
 0.0639373
 -0.0178108
 -0.148777
 0.104702
 -0.0926995
 0.134987
 0.0717183
 -0.00705605
 0.0126467
 0.232373
 -0.0730356
 -0.166895
 -0.0414046
 0.13134
 0.13377
 -0.00709312
 0.0578874
 0.0242453
 -0.00177643
 -0.123239
 0.0916186
 -0.0637527
 -0.117651
 -0.00454928
 0.0223352
 -0.102759
 0.0979635
 -0.18017
 -0.108896
 0.0229517
 0.00511279
 0.0351871
 0.154428
 -0.0287235
 0.150311
 0.0479859
 -0.115492
 0.0211459
 -0.164898
 -0.132442
 0.057082
 -0.0462206
 0.0648101
 -0.0508235
 0.0546003
 -0.0796234
 0.0128824
 0.161439
 0.0651331
 0.00606304
 -0.0165997
 -0.175212
 -0.0366867
 0.159661
 0.0813898
 0.0852431
 -0.204545
 0.0230421
 -0.149207
 -0.0317706
 0.00776642
 0.0254593
 -0.0747214
 0.0711247
 -0.0317913
 -0.0928421
 0.0866432
 0.243881
 0.0676132
 0.0182025
 -0.100358
 -0.102395
 0.0799482
 0.0405225
 0.0777032
 -0.11416
 -0.180729
 -0.110922
 -0.0139275
 0.0106861
 -0.0951195
 0.00277843
 0.0720392
 0.0933812
 0.111969
 0.049104
 -0.0705571
 -0.0101839
 -0.0127938
 0.055234
 0.0360382
 0.0974061
 -0.0142909
 -0.0927221
 0.0815552
 0.194141
 0.0491964
 0.0560506
 -0.084781
 0.0262061
 0.120846
 -0.146805
 -0.00850828
 0.112429
 0.0216907
 0.0259266
 -0.0668574
 -0.0539315
 -0.231246
 -0.0530016
 0.0100879
 -0.0735063
 0.0948445
 0.0306118
 0.0985589
 -0.185705
 -0.0446951
 -0.00760508
 -0.00436492
 0.134625
 -0.145246
 -0.146103
 -0.224351
 0.0574061
 0.134717
 0.0552467
 -0.155939
 -0.0356777
 0.015576
 0.0833597
 -0.049061
 0.0549033
 -0.0269917
 0.110887
 0.0113166
 -0.0974374
 0.0576882
 0.167489
 0.0499992
 0.0952819
 -0.0961206
 -0.0788613
 0.237122
 -0.0177692
 0.0364966
 -0.126733
 0.00801452
 0.048674
 0.23752
 0.0604092
 -0.128849
 0.190977
 0.0807775
 0.156864
 0.0266124
 0.0494777
 -0.00693205
 -0.108813
 -0.101925
 -0.0484433
 0.0993081
 -0.137467
 -0.0437474
 0.0142425
 -0.0704489
 -0.089654
 0.0334315
 -0.0437862
 -0.03306
 0.0685664
 0.18251
 -0.0658336
 0.0173995
 -0.00527856
 -0.189917
 0.213226
 0.213561
 0.0187351
 -0.0173165
 -0.0673509
 0.212747
 -0.152819
 0.015854
 -0.223379
 -0.0570477
 -0.00552417
 -0.0181367
 0.139217
 -0.167102
 -0.105728
 0.0287947
 0.140257
 -0.0791033
 0.0038385
 0.0844075
 -0.044847
 0.0940987
 0.0613651
 -0.145258
 -0.0174386
 0.153019
 -0.00126792
 0.156012
 -0.0283986
 0.0645556
 0.0277225
 0.0116243
 0.0915217
 0.174323
 0.0978085
 0.105088
 -0.122229
 -0.115683
 0.0261261
 0.0356772
 -0.103998
 0.134217
 0.179875
 0.126172
 -0.016439
 0.159512
 0.039662
 0.0734219
 0.0736902
 0.201894
 0.0681407
 -0.0837345
 -0.150088
 0.0133014
 -0.102545
 -0.00114331
 -0.036161
 0.0438251
 -0.013789
 0.0616001
 0.109393
 0.0466918
 -0.0328334
 0.0811433
 -0.0930611
 -0.0880588
 -0.0425283
 0.0844346
 0.114453
 -0.134004
 0.0812039
 -0.122025
 0.0743903
 -0.0270422
 0.182582
 -0.141269
 0.00272942
 0.0176081
 -0.114442
 0.0463674
 -0.0887049
 -0.139798
 -0.054302
 0.0415918
 -0.098553
 -0.0406553
 -0.0530774
 0.0589818
 -0.0230098
 0.0992965
 -0.0360454
 0.0324587
 0.114982
 0.00852305
 0.0282457
 -0.0171584
 0.00732556
 -0.0278051
 0.0157064
 -0.153376
 0.134337
 0.0802815
 -0.0245639
 -0.102871
 0.0716764
 0.0161672
 -0.00296812
 -0.0141943
 0.0979844
 0.131453
 -0.203357
 0.0209701
 0.0586463
 -0.160323
 -0.103234
 -0.0811405
 -0.0712998
 -0.109915
 8.32011e-05
 -0.00907394
 0.0229987
 0.0330406
 -0.0396728
 -0.0139412
 -0.0165101
 -0.133323
 0.15777
 -0.174958
 0.0809739
 -0.0690971
 0.0471045
 -0.053969
 0.184223
 0.00722669
 0.0373086
 -0.100589
 -0.0138387
 -0.0436704
 0.191698
 -0.0902336
 -0.0207974
 -0.000900808
 -0.0969589
 0.0115711
 -0.125346
 0.0025057
 0.097988
 0.0767695
 -0.0232435
 0.195037
 -0.0318918
 0.0540437
 -0.0643155
 0.0264771
 -0.026668
 0.0634827
 -0.0215546
 0.0177866
 0.0804307
 0.0572755
 -0.0595962
 -0.0245827
 0.05583
 0.0687759
 -0.16412
 -0.0390236
 -0.0260799
 -0.0205519
 0.0606656
 0.076387
 -0.121199
 0.0241095
 0.186511
 0.06214
 -0.0979394
 0.0604896
 0.0580681
 -0.00471983
 0.0396211
 -0.157793
 -0.00205928
 -0.0434158
 0.0956161
 0.0101877
 -0.0305512
 -0.0282287
 0.00938013
 0.140436
 0.167358
 0.223067
 -0.0684634
 -0.139685
 -0.028002
 0.00546368
 0.0411824
 -0.17382
 0.00114845
 -0.00426984
 0.0255908
 -0.128525
 -0.00118883
 -0.100931
 0.0404031
 -0.100458
 0.0746528
 0.06062
 -0.0806091
 -0.00963855
 -0.0311536
 0.101787
 0.0278222
 -0.132214
 -0.15562
 -0.0617523
 0.00288441
 0.0303956
 0.0668285
 -0.0314789
 -0.128815
 0.0934836
 -0.0298915
 -0.10494
 -0.0937758
 0.00625867
 0.0926058
 -0.0567035
 0.0115377
 0.0108969
 0.0157107
 -0.141209
 -0.0671661
 -0.00670984
 0.0164622
 0.0348483
 -0.00700501
 0.163651
 0.0705272
 -0.0458699
 0.0185482
 -0.0255086
 0.0222419
 0.037576
 0.0757229
 -0.105656
 -0.00378231
 0.0741634
 0.135913
 -0.0477872
 0.031925
 -0.085854
 -0.0666693
 0.0789412
 0.0156012
 0.0932837
 -0.0614856
 -0.129565
 0.0012471
 -0.101249
 -0.0755795
 -0.0334266
 0.0655724
 -0.0868027
 -0.0509714
 0.0474963
 0.0105198
 0.0188472
 0.0465671
 0.160204
 -0.0531309
 -0.179246
 0.131103
 0.158029
 -0.224447
 0.122122
 0.0611022
 0.0544909
 -0.17964
 0.376627
 -0.0935915
 0.111944
 0.162092
 0.0524088
 0.0270473
 -0.0251619
 -0.0104378
 0.0145105
 0.0836594
 0.0719626
 -0.0111354
 -0.222574
 -0.0541026
 -0.0933081
 -0.0352168
 0.0350552
 0.141758
 -0.0930238
 0.0735968
 -0.119891
 -0.0323742
 0.0951877
 -0.0948802
 0.00852985
 0.0777668
 -0.0852045
 -0.0511137
 0.0115218
 0.202062
 0.0214779
 0.115428
 -0.130919
 0.147332
 0.0663778
 -0.092645
 -0.0807125
 0.0611549
 -0.0580076
 0.0620545
 -0.0192079
 -0.164487
 0.0434185
 -0.11137
 0.0351961
 -0.0791726
 -0.0408803
 -0.00821454
 0.0211366
 0.0366942
 -0.0946825
 0.0448567
 0.158686
 -0.0608317
 -0.0740793
 -0.0432981
 -0.0116732
 -0.208953
 0.0442819
 -0.0826061
 -0.0500367
 0.0228814
 -0.0266166
 0.0560714
 -0.0558751
 -0.054623
 0.0573473
 -0.0241362
 0.178175
 0.0881123
 0.186605
 -0.168633
 0.0193453
 0.104904
 -0.044542
 0.0235715
 -0.109227
 -0.0884167
 0.0341601
 0.0410026
 0.0170052
 0.190311
 -0.0943569
 0.00350006
 -0.0874555
 0.0907787
 -0.039817
 -0.186715
 -0.0328289
 -0.090302
 -0.028706
 -0.0522038
 0.0027283
 0.113865
 0.0846144
 -0.0911654
 -0.0417897
 0.171594
 -0.100909
 0.0613879
 0.118166
 0.0501019
 -0.000541157
 0.0765744
 0.106766
 -0.0222008
 0.235601
 -0.00905886
 -0.0379856
 0.0653303
 -0.0379584
 -0.103024
 -0.0909445
 0.0043301
 -0.034442
 -0.00588231
 -0.047469
 0.0922376
 -0.0465026
 0.105019
 0.0859254
 -0.0509831
 0.0815504
 0.0363377
 -0.0262828
 0.044384
 -0.064759
 0.00920268
 -0.0764388
 -0.0913277
 0.0868364
 -0.0630883
 -0.258738
 -0.13482
 0.104628
 -0.0565107
 0.0655894
 0.145528
 0.0487591
 -0.136282
 -0.0538814
 -0.049115
 0.0444584
 0.155594
 0.160321
 0.0129476
 -0.0260424
 0.0263941
 -0.0719603
 -0.100341
 0.000976912
 0.0604943
 0.243636
 0.0534373
 0.0821659
 -0.0449877
 0.0627511
 -0.0113154
 -0.102031
 0.0276029
 0.0353909
 -0.0298887
 -0.00490525
 -0.0218697
 -0.0789174
 -0.0831925
 -0.113792
 0.0883594
 -0.157741
 0.0982736
 -0.0477896
 0.0523706
 0.0206672
 -0.0816712
 -0.0296767
 -0.0804636
 -0.111004
 -0.0758993
 -0.0681233
 -0.0404975
 0.052665
 -0.000705278
 0.19645
 0.0624065
 0.0662811
 -0.0955648
 0.0358357
 0.0319436
 0.133776
 -0.130495
 -0.0949817
 0.0733773
 -0.10505
 -0.0327529
 0.0899534
 -0.0773408
 -0.0261083
 0.010065
 -0.0186687
 0.071106
 -0.0230946
 0.0712827
 0.0677743
 0.00165741
 0.128682
 -0.136171
 -0.00557296
 0.171717
 -0.180556
 -0.00836466
 -0.0556002
 -0.115403
 0.0683143
 -0.0995324
 -0.0852151
 0.168663
 -0.0979909
 -0.0795913
 0.211944
 0.0854913
 0.0926679
 -0.0855827
 -0.0357864
 0.0959985
 0.0156768
 -0.229911
 -0.115858
 0.105028
 0.102673
 -0.0281951
 0.0491061
 0.0356743
 -0.112489
 0.00437473
 -0.132646
 -0.0599964
 -0.0214917
 0.014221
 0.0153296
 -0.123433
 0.204941
 0.168568
 0.010062
 -0.0514216
 -0.0135398
 -0.101705
 0.124739
 -0.0292918
 0.04473
 -0.106967
 0.225074
 0.0813679
 -0.0705442
 -0.00145559
 0.0475393
 0.169417
 -0.105829
 0.0130179
 -0.126511
 -0.112373
 -0.10583
 -0.0938736
 0.041734
 0.0725687
 0.0250946
 0.069868
 -0.118734
 -0.0908227
 0.0347785
 0.1176
 -0.00713825
 -0.0793225
 -0.0198093
 -0.0441913
 -0.0371475
 -0.0769208
 -0.00109759
 -0.103383
 -0.0716227
 0.0377269
 -0.0577328
 0.0301302
 -0.213504
 -0.0914835
 -0.133816
 -0.0985818
 0.0720736
 -0.0827573
 -0.0190275
 -0.123732
 0.0655743
 -0.0406936
 0.0448347
 0.0562602
 -0.00624183
 -0.173828
 0.159065
 -0.0476756
 -0.00372529
 -0.0149971
 -0.114968
 -0.0699845
 -0.0542645
 -0.019073
 -0.0328691
 0.0602031
 -0.176701
 0.0307875
 0.0542121
 0.259134
 0.0262168
 0.119144
 0.210843
 0.015362
 -0.0666038
 0.0545518
 -0.197368
 0.186048
 0.00800041
 0.0638584
 0.0532171
 -0.0904166
 0.0808569
 0.0385542
 -0.0696444
 0.0566561
 0.0998183
 -0.14375
 -0.126372
 -0.156778
 0.0985703
 -0.056194
 -0.0853232
 0.156325
 -0.054403
 -0.10388
 -0.0172214
 0.0261052
 -0.0144363
 0.0179435
 -0.0297562
 -0.0822023
 -0.0632176
 -0.030874
 0.1274
 -0.157341
 -0.0108278
 -0.148148
 0.028444
 0.133875
 -0.0108004
 -0.0896797
 -0.148642
 0.188045
 -0.0387182
 0.0352921
 0.173302
 -0.0565467
 -0.161547
 -0.0728198
 -0.0816797
 0.0735809
 -0.0899191
 0.0388177
 0.110289
 -0.116847
 0.128638
 0.174872
 0.0449945
 -0.0241237
 0.0749712
 -0.116903
 0.117545
 0.0558264
 0.0877585
 0.100764
 0.203282
 0.00775702
 0.0825748
 0.089907
 0.0988742
 0.0968277
 0.0533092
 -0.00185092
 0.0023725
 0.141445
 0.205298
 -0.104604
 0.0748652
 -0.0551637
 -0.045964
 -0.0472067
 0.0914558
 0.102654
 0.166265
 -0.0562562
 -0.102893
 0.100672
 -0.182366
 0.03666
 -0.128363
 0.03152
 0.016865
 0.0561982
 0.00405185
 0.0249582
 0.0183724
 0.0542717
 0.0178886
 -0.0264166
 0.0243281
 -0.0271604
 -0.084254
 0.165898
 0.196324
 -0.0441895
 -0.0376799
 0.143173
 -0.0250762
 0.0966045
 0.026992
 0.0268352
 -0.0480788
 -0.17833
 -0.0157945
 -0.0615293
 -0.0582016
 0.0635841
 -0.13763
 0.00277304
 -0.0252101
 0.0197301
 -0.116507
 0.052876
 0.152512
 0.0506305
 -0.120898
 -0.124531
 0.00710946
 -0.206051
 -0.218026
 -0.0757992
 -0.155314
 -0.0612076
 0.258997
 -0.0482475
 -0.00374402
 -0.046124
 -0.117187
 0.091388
 -0.0517901
 0.103646
 -0.0672865
 0.0573975
 -0.142356
 0.0926398
 -0.0495386
 0.0734141
 0.0534833
 -0.00605621
 -0.0131367
 -0.00808284
 0.189834
 0.102411
 0.0827725
 -0.0448617
 -0.0667316
 -0.0414906
 -0.0395509
 0.140042
 0.00427991
 0.127847
 0.116337
 0.100825
 0.0262069
 -0.0226259
 0.103315
 -0.0431946
 0.0816702
 0.0291685
 0.138754
 -0.155353
 -0.162953
 0.196887
 0.0280017
 0.0823569
 0.095799
 -0.0998784
 0.0260242
 -0.0628337
 0.0381105
 -0.1637
 0.09992
 -0.14622
 -0.0139835
 -0.102415
 -0.00105964
 -0.0577663
 0.0502962
 0.0852419
 0.148618
 -0.0158667
 -0.0226422
 0.0147043
 -0.0732036
 0.00120655
 0.0442077
 0.0438649
 0.150209
 0.169166
 0.1652
 -0.0637876
 -0.0936052
 -0.00296192
 0.0125889
 0.000750006
 0.0432737
 0.202385
 0.0736842
 0.128162
 -0.134696
 0.116808
 0.0200498
 0.017319
 -0.0929809
 -0.0526536
 0.0322084
 0.097726
 -0.0536797
 -0.105459
 0.110727
 0.0134166
 -0.0296411
 0.0281873
 0.0425845
 0.0867419
 -0.144042
 -0.0138343
 0.187775
 0.0666391
 0.122066
 0.0572402
 -0.0955463
 -0.182696
 -0.101433
 0.148159
 0.0617921
 0.0193546
 -0.110311
 -0.025557
 0.272276
 -0.0506303
 0.0199072
 -0.029047
 -0.00889933
 0.0570279
 -0.0409943
 0.0559505
 -0.0785608
 -0.0332337
 -0.107478
 -0.0189226
 -0.0740764
 -0.0443523
 0.0739621
 0.0252002
 0.0127344
 -0.0191537
 0.00570027
 0.0294233
 0.00100435
 -0.213927
 0.211953
 0.0779252
 0.0782891
 -0.0224895
 -0.0388019
 0.111742
 -0.0108482
 -0.118959
 -0.0181235
 0.0335903
 -0.0281231
 -0.0104812
 -0.0160345
 -0.222562
 0.0254047
 -0.0558249
 0.212903
 -0.047055
 -0.106454
 -0.0553745
 -0.0460097
 0.022055
 -0.180869
 0.0398743
 0.186876
 0.0736765
 0.106111
 0.0149669
 0.0159813
 0.149547
 0.180502
 0.0934963
 -0.197381
 -0.0235563
 0.0415598
 -0.0577505
 -0.140867
 -0.283305
 -0.0322143
 0.178954
 0.0263381
 -0.0285159
 -0.0467565
 0.0419369
 -0.00195003
 -0.00781224
 -0.182165
 -0.0117687
 -0.0212326
 0.080889
 -0.156884
 -0.0831444
 -0.210141
 -0.0523764
 -0.0535553
 0.042516
 0.0206872
 0.071079
 0.0305959
 -0.0471526
 -0.0164488
 -0.123734
 -0.211835
 0.107591
 -0.0153813
 -0.0144192
 0.133773
 0.0448885
 -0.0765489
 0.177808
 -0.0237669
 -0.110199
 -0.214279
 -0.213917
 -0.0778865
 -0.114102
 -0.0100211
 0.0848815
 -0.0288205
 0.208456
 -0.0550143
 -0.025158
 0.0844546
 -0.0658963
 0.0414087
 0.0631877
 0.17208
 0.0217104
 0.00176504
 -0.173507
 -0.0832549
 0.0165211
 -0.119595
 0.125012
 -0.041063
 -0.170812
 0.089073
 -0.0109881
 -0.105944
 0.153086
 0.0124879
 0.20832
 0.0751366
 -0.182322
 0.0696853
 -0.0617256
 0.0798754
 0.0857222
 0.203647
 -0.0545688
 -0.0772822
 0.0905281
 0.0341783
 -0.158781
 0.0510389
 -0.0472195
 0.0105271
 -0.0528197
 -0.149947
 0.0440553
 0.0098554
 -0.0898226
 0.105284
 -0.0537523
 0.0615007
 -0.0488075
 0.0565687
 -0.00931076
 0.00727165
 -0.0522624
 0.00927945
 -0.0901166
 -0.040215
 0.0295347
 -0.144259
 0.0130391
 0.0470117
 0.0868987
 0.020214
 0.164123
 0.0345368
 -0.0486922
 -0.0704891
 0.0308764
 0.0322544
 0.0765466
 0.0526246
 0.118483
 0.103163
 -0.00587162
 0.178593
 -0.044773
 -0.00356843
 -0.0143562
 -0.0519491
 0.0386485
 -0.115373
 -0.134872
 -0.125995
 0.0239636
 0.09071
 -0.0106906
 0.0048228
 0.111008
 -0.0575231
 0.117813
 -0.0485952
 -0.0580381
 -0.106283
 0.167287
 -0.0207136
 0.0497611
 0.0428219
 0.167153
 0.0147111
 -0.0771902
 -0.00806884
 -0.0099449
 -0.0337417
 0.113434
 0.14495
 -0.203267
 0.16365
 0.0399907
 0.157105
 -0.210971
 -0.0937664
 0.257222
 0.123523
 -0.120446
 0.0545591
 0.025373
 0.0502708
 0.0427419
 0.0138734
 0.0890254
 -0.000723704
 -0.00308203
 0.0312858
 0.15315
 0.144942
 -0.188103
 -0.0303548
 0.208454
 -0.233359
 -0.197488
 0.0263009
 -0.262393
 0.0338516
 -0.0142697
 0.121881
 -0.100322
 0.0464174
 0.0225724
 -0.0466099
 0.0248185
 0.0206554
 -0.144972
 0.125481
 0.0297635
 -0.0212146
 0.0177866
 -0.0617294
 0.0488509
 0.0385923
 0.0778274
 0.00342917
 0.0112305
 -0.139901
 -0.0104131
 0.00789869
 0.157836
 0.0436271
 0.0247931
 -0.0732934
 0.182232
 -0.0416698
 0.116711
 -0.0496452
 -0.227294
 0.197967
 0.0641571
 -0.0347811
 0.144395
 -0.0390542
 0.0525281
 0.0402852
 0.0196346
 0.200742
 0.0733077
 -0.0690633
 0.0191627
 -0.028218
 -0.163958
 -0.0941129
 -0.0111855
 0.112196
 0.144362
 -0.0464195
 -0.000900853
 0.1202
 -0.109668
 0.165865
 -0.0362717
 -0.0434845
 -0.19229
 -0.00934317
 0.0360835
 0.0376506
 -0.0710701
 -0.067189
 -0.0424623
 0.0534307
 0.0650256
 0.0300441
 -0.0269319
 0.055801
 0.0700338
 0.0179924
 0.0203556
 -0.102037
 0.0711326
 0.0953868
 -0.0455902
 -0.0542104
 -0.00414466
 -0.0107873
 -0.180583
 -0.067177
 -0.121703
 -0.130541
 -0.0947234
 0.089952
 -0.06417
 -0.121749
 0.0755345
 0.0584021
 -0.169837
 -0.200347
 0.0093554
 -0.0584344
 -0.0470278
 -0.185001
 0.0793111
 0.0771031
 0.00561889
 0.0132823
 -0.00480331
 -0.0984147
 -0.0737759
 -0.0477302
 0.10794
 0.0145405
 0.17906
 -0.0293265
 0.0169113
 -0.00316362
 0.0101166
 0.0559599
 -0.0694952
 0.0533603
 0.188025
 0.0990977
 0.0429873
 -0.0130057
 0.230903
 -0.0996406
 0.0722396
 -0.00763508
 -0.115837
 0.034907
 -0.131909
 0.0891104
 -0.0244132
 -0.00149448
 0.142971
 0.0265833
 0.0812272
 -0.138864
 0.0332367
 0.114
 0.0286546
 0.032688
 -0.0240928
 0.156216
 -0.0587705
 0.11568
 0.0477884
 0.0244593
 0.101363
 0.084295
 -0.074156
 0.0646008
 0.0341891
 -0.0405231
 0.00636703
 -0.0421567
 0.037976
 -0.0906978
 0.0628081
 0.252981
 0.0247878
 0.122994
 -0.182389
 0.0915618
 0.178442
 0.00258254
 0.218054
 -0.15123
 0.0166406
 -0.0313772
 0.0667426
 0.132384
 0.0181628
 -0.174334
 0.0174102
 0.108557
 -0.092723
 -0.192473
 -0.171477
 0.0653313
 0.00741775
 -0.101241
 0.0496807
 -0.196323
 -0.0243918
 0.136518
 0.0752577
 0.0402596
 -0.0938207
 -0.071811
 0.0253156
 0.00450857
 0.0888864
 0.0104075
 -0.0885019
 0.117663
 0.116882
 -0.00136518
 -0.0887527
 0.131546
 -0.0522871
 -0.0918232
 -0.119663
 -0.00862628
 -0.00649544
 0.181098
 -0.0463335
 0.0238229
 -0.0850012
 0.0762156
 -0.04176
 -0.00633084
 0.070301
 0.00486302
 -0.00355128
 -0.157502
 0.108395
 0.141458
 -0.0605696
 0.137466
 -0.0908075
 -0.0251032
 -0.0148068
 -0.0338905
 -0.0654066
 0.0246601
 0.0713238
 -0.18985
 0.105617
 -0.0888675
 0.112321
 -0.13993
 -0.0686856
 -0.0763512
 0.0825245
 -0.0218241
 -0.168526
 -0.126484
 -0.145821
 -0.0559898
 -0.154367
 0.242177
 -0.107185
 0.127095
 -0.0320163
 -0.104647
 0.117806
 -0.0848253
 0.158838
 -0.0542219
 0.0252303
 -0.0207119
 0.0907219
 -0.112564
 0.0541538
 0.118525
 0.128655
 0.101499
 0.241457
 -0.138182
 0.0251318
 -0.0169846
 0.0358074
 -0.0313875
 -0.1085
 -0.116892
 -0.0597525
 -0.108751
 -0.0946447
 -0.115873
 0.0191341
 0.0353645
 0.0111926
 0.0463602
 -0.0446572
 -0.137067
 -0.126097
 -0.0036034
 0.100491
 0.141404
 -0.0013061
 -0.0511292
 -0.252594
 0.0808374
 -0.12696
 0.115419
 -0.167052
 0.109129
 -0.000211362
 -0.0581649
 0.0694994
 0.0725926
 -0.101041
 0.0885002
 0.0429081
 0.0227681
 -0.136953
 -0.21333
 -0.113926
 0.0416696
 -0.0472157
 -0.0353466
 0.0198638
 -0.155343
 -0.00543995
 0.0352333
 -0.0896689
 -0.225833
 -0.0330174
 -0.0591843
 -0.105983
 0.0536531
 -0.0246729
 0.034107
 0.0129547
 -0.0604418
 -0.093735
 0.104186
 -0.158095
 0.0651707
 -0.0987581
 0.0622198
 0.201473
 0.0199899
 0.0168547
 -0.145503
 0.106097
 -0.00774863
 0.0461311
 -0.119407
 0.19868
 0.0246893
 -0.0189918
 0.022997
 -0.0667049
 -0.0216692
 0.101679
 0.0288331
 -0.17069
 0.0506641
 -0.136743
 -0.0537634
 -0.032458
 -0.0276498
 0.0298676
 0.0489424
 0.12519
 0.00993797
 -0.0494356
 -0.201113
 -0.0339553
 -0.0677351
 -0.0817611
 -0.0263747
 0.0819709
 -0.0960104
 -0.0511074
 -0.111269
 -0.0169791
 0.0038044
 -0.00284242
 -0.128138
 0.0506896
 0.184155
 0.16623
 0.0719773
 0.0203128
 0.019935
 -0.235997
 0.0211944
 0.0442994
 -0.0251311
 0.025967
 0.0998208
 -0.00804957
 -0.00681113
 -0.00553165
 0.0173167
 -0.0314771
 0.0553163
 -0.00755059
 -0.047976
 -0.0796417
 -0.11874
 -0.0617062
 -0.050411
 0.0405193
 -0.0434332
 0.06459
 0.0249145
 -0.0353989
 -0.0664745
 0.17753
 0.0442631
 -0.0900688
 -0.0133373
 -0.00950997
 0.0629521
 0.0603761
 -0.109696
 0.232934
 -0.0648455
 -0.0727724
 -0.0356287
 -0.0251529
 -0.00517701
 0.0538316
 0.162663
 -0.128189
 -0.143777
 0.0808814
 0.0592762
 -0.0499367
 0.0994559
 -0.100006
 0.0788936
 0.0467749
 -0.0635513
 -0.0331719
 -0.0438308
 0.186723
 0.135299
 0.0341999
 -0.0565328
 0.253686
 0.024795
 0.0153673
 0.0194029
 -0.0722585
 -0.0722123
 -0.0356377
 0.30968
 0.092333
 0.00730412
 -0.076903
 -0.0275426
 -0.0121465
 0.0161766
 0.00220907
 -0.00214346
 -0.139768
 0.0374408
 -0.142105
 -0.0105087
 -0.123921
 0.0747083
 0.00973967
 -0.0332505
 0.0867685
 0.0107897
 0.00261197
 0.133067
 0.028805
 0.115514
 0.0170563
 0.0217687
 -0.0836581
 0.0162755
 0.00738911
 -0.0633923
 0.0560322
 0.0672877
 -0.0450839
 -0.1404
 -0.172455
 0.0509655
 -0.00685239
 0.215433
 -0.100635
 0.0931865
 0.00124504
 0.173368
 -0.0460504
 0.201774
 -0.222542
 -0.127068
 -0.226742
 -0.14001
 -0.0239996
 -0.121554
 -0.198206
 -0.0826053
 -0.0830707
 -0.014592
 0.105301
 -0.123147
 -0.00755362
 0.104467
 0.0292516
 0.167684
 0.0306073
 0.0629228
 -0.0854402
 -0.137593
 0.00966321
 0.110569
 0.14369
 -0.0476482
 -0.0775909
 0.106905
 -0.114482
 0.0735908
 0.0651759
 -0.0340221
 -0.0162498
 0.0651828
 0.0126855
 -0.0638461
 -0.0951747
 -0.121003
 -0.191998
 -0.120848
 -0.0640606
 0.104288
 0.017607
 0.0131807
 -0.0192343
 -0.0220168
 0.151714
 0.0152624
 -0.163398
 -0.0319452
 0.151399
 -0.0611037
 -0.0620408
 0.0754594
 -0.100357
 0.0494889
 0.0377798
 0.276804
 -0.0965284
 0.0235724
 0.0782213
 -0.165401
 -0.0592881
 0.0984486
 0.0309172
 -0.151091
 -0.00576113
 -0.0934078
 0.0701781
 0.0759922
 -0.109014
 -0.0823298
 0.123144
 0.0132685
 -0.0341052
 -0.154854
 -0.167334
 -0.0768661
 0.0426272
 0.11291
 -0.0851194
 0.138967
 0.048567
 0.0936799
 0.110264
 0.110503
 -0.0158963
 -0.0145346
 0.178223
 0.133994
 0.00689945
 0.0585829
 0.0282508
 0.143989
 0.135421
 0.148189
 -0.026782
 -0.0808153
 0.0057132
 -0.0597865
 -0.0495739
 -0.107386
 0.130856
 0.0794065
 -0.0226863
 -0.0651266
 0.038098
 -0.00755459
 0.196718
 0.106418
 -0.0408297
 0.07653
 0.0257714
 -0.0123561
 0.0542046
 0.0659283
 -0.0412644
 0.221502
 0.0406106
 0.24592
 -0.0505445
 -0.137925
 0.0109908
 -0.0264503
 0.172775
 0.20654
 0.0522652
 -0.0633594
 -0.102035
 -0.171918
 0.127893
 -0.0307349
 0.0363337
 0.241943
 -0.0196756
 0.211916
 -0.0579364
 -0.0175338
 -0.0193456
 -0.103622
 -0.115347
 0.149691
 0.0533391
 0.0335494
 0.131338
 -0.0186435
 0.071406
 -0.0656007
 0.0800842
 -0.0904364
 -0.180946
 -0.0809756
 0.0679519
 0.0476864
 -0.00740551
 -0.181621
 -0.0500245
 -0.0443432
 0.0274399
 0.0749758
 -0.039181
 0.111777
 0.0635641
 0.107135
 -0.0328312
 -0.0531157
 0.0248053
 -0.00959527
 -0.0964965
 -0.0752994
 0.161284
 0.1684
 -0.0533995
 0.0542379
 -0.0138028
 -0.0600948
 0.0516478
 -0.0203646
 -0.0351994
 0.0293768
 0.101889
 0.142705
 -0.00519533
 -0.0106943
 0.00636248
 -0.193746
 -0.115878
 0.0323242
 -0.123655
 -0.0163363
 -0.00802404
 -0.0506519
 0.0267314
 -0.103535
 -0.0186377
 -0.133689
 0.155083
 -0.0352933
 -0.150932
 0.0895494
 0.132127
 -0.218205
 0.0919997
 -0.185517
 -0.0995428
 -0.0290218
 -0.0859925
 -0.195269
 0.154581
 -0.0424053
 0.177035
 0.0384886
 -0.181804
 -0.0629279
 -0.0225012
 0.00738715
 -0.0835905
 0.0442577
 0.102278
 0.0377269
 0.0841129
 -0.0229688
 -0.059367
 -0.0214655
 -0.096805
 -0.00703181
 -0.0121666
 0.260663
 0.0530917
 0.0142977
 0.168706
 -0.117837
 -0.249066
 0.0272442
 -0.163867
 0.0764189
 -0.056149
 -0.175558
 -0.03701
 0.023698
 -0.0259968
 0.0133644
 -0.184378
 0.0251194
 -0.220095
 0.249875
 0.0835806
 0.0738995
 -0.0687608
 0.0790432
