 0.0616792
 -1.80637
 -0.202089
 0.778299
 3.81597
 1.65295
 2.36989
 5.3698
 -0.203477
 1.43313
 0.193916
 0.14503
 0.977595
 0.928476
 1.30067
 -0.919054
 3.8785
 2.00091
 2.1642
 0.245443
 0.131895
 -0.248613
 0.742431
 2.46846
 -1.00499
 0.337252
 -1.20334
 1.65925
 -1.07242
 0.172615
 -1.01347
 -0.434968
 -0.7412
 -1.35876
 0.191792
 -2.25527
 -0.0460671
 1.27445
 -2.87911
 -0.899499
 -4.31616
 0.231741
 -3.38686
 -0.579405
 -3.69096
 -1.72152
 -0.922572
 -0.609895
 -1.9306
 -4.28072
 -1.94313
 -1.43741
 -1.85166
 -3.7032
 0.221223
 0.166402
 -0.0890738
 -1.9246
 1.65302
 -2.44792
 -1.67301
 -2.2149
 -1.95657
 -1.01177
 -0.0782039
 2.63395
 0.726965
 -0.23348
 -0.337063
 -0.464088
 -0.624136
 -0.939449
 -1.5342
 -1.28027
 0.542952
 -1.00018
 0.279813
 -0.734373
 1.65331
 1.01878
 -0.544818
 2.93944
 0.414927
 2.38034
 -0.740461
 0.600006
 -0.429825
 -1.8911
 -2.77042
 -0.674791
 -1.91424
 -0.120646
 0.499572
 1.34973
 -0.0179603
 -0.495871
 -1.41421
 0.155152
 -0.14053
 0.28664
 1.35776
 -1.4534
 -0.998474
 -0.587851
 -0.859162
 1.90782
 -2.25671
 0.270181
 -1.12447
 -0.31585
 -4.11747
 -1.07935
 -3.05328
 -0.941005
 -0.459239
 -0.564553
 0.87674
 -0.539672
 2.57534
 0.526791
 1.0788
 0.387633
 0.51534
 4.99887
 2.48483
 2.16624
 2.19839
 -0.249445
 2.43245
 -1.83234
 1.16436
 -2.52674
 1.81189
 -2.41029
 -0.977983
 -0.162647
 0.0281914
 -0.889802
 -0.200565
 -1.36197
 1.20146
 -0.724361
 -0.138674
 -0.750684
 -0.159598
 -1.5922
 -1.7023
 -0.339901
 -1.09267
 0.528667
 2.83391
 0.367639
 1.87404
 -0.306468
 2.60044
 -1.73457
 0.865575
 -0.334404
 -1.31047
 -0.394228
 1.22444
 1.87805
 2.71191
 1.29551
 0.530035
 0.746048
 -0.094294
 1.60503
 1.86024
 1.24491
 0.739189
 1.02755
 -0.843773
 0.623396
 -0.840286
 2.66118
 1.47032
 3.42912
 1.59794
 0.244977
 0.0260684
 0.811958
 -1.75246
 -1.41931
 1.03026
 -1.78207
 -0.786667
 0.639581
 -0.887095
 -0.305126
 0.180385
 0.499513
 -0.329203
 -0.506115
 -0.860511
 -1.40794
 -0.25757
 0.677695
 1.73827
 0.884971
 1.39153
 1.57395
 2.614
 0.120946
 0.252599
 1.34757
 -1.08601
 -1.68217
 0.596217
 -0.934329
 -0.515436
 -0.0191898
 1.18226
 -2.78454
 1.88391
 -2.65908
 2.75665
 -2.24193
 2.05033
 -2.58823
 2.89319
 -1.37987
 -0.00177199
 -1.28228
 -0.590672
 -0.980045
 1.84747
 1.96967
 0.145337
 1.90489
 1.55555
 2.10634
 1.95145
 0.383257
 1.4876
 1.20621
 -0.480404
 -1.91314
 0.243988
 -2.53831
 2.11753
 -0.942644
 0.209721
 -1.07704
 1.32168
 -0.419792
 0.595248
 -0.594769
 1.4394
 2.11113
 2.75818
 0.928432
 0.791559
 0.141608
 -0.437749
 0.435351
 -0.43723
 -2.48424
 -1.15973
 0.334661
 0.338715
 -0.588379
 -0.75958
 0.462109
 0.0784484
 -2.65666
 -0.942281
 -0.703069
 -0.892862
 -1.1444
 0.243152
 -0.384385
 -0.130401
 -0.594542
 -2.86576
 0.91243
 -0.85361
 0.572025
 -0.881107
 -1.97936
 -0.653144
 -3.60089
 -3.82129
 -2.75715
 -3.41973
 -1.82044
 -0.674593
 -1.19796
 -2.132
 -1.0591
 -1.65865
 0.0634238
 -0.145805
 -2.56535
 -1.26559
 -1.99749
 -1.07289
 -1.0063
 -0.74676
 -0.122728
 0.322077
 0.00765524
 1.19306
 1.2528
 0.765425
 -0.483167
 1.38608
 -0.387907
 0.61475
 0.392396
 -0.294041
 -1.9779
 1.36683
 -2.01666
 1.69282
 -0.0558054
 1.00486
 -0.813104
 1.49775
 3.28004
 0.758401
 0.506338
 -1.0949
 -1.16295
 1.29039
 -3.03782
 0.498562
 -1.33713
 -0.795018
 -2.14728
 0.387124
 -0.567097
 2.15539
 -1.88741
 0.184577
 -1.61006
 -0.989484
 -2.5088
 -1.51418
 -2.30555
 -0.254433
 -0.332656
 0.0618065
 -1.75973
 1.48637
 -0.0357676
 2.0371
 2.29696
 0.233537
 1.11127
 0.00887498
 1.30637
 -2.12381
 2.25568
 0.189804
 0.506495
 0.763953
 -1.98938
 -2.10768
 -0.971008
 -2.6199
 -1.93581
 -2.3036
 -1.31887
 0.361965
 -1.48906
 0.68423
 1.31324
 1.3943
 1.16586
 1.82214
 -0.142637
 1.0607
 0.490799
 -0.844826
 -0.538571
 0.254983
 0.770391
 -1.04884
 1.7583
 -0.0478962
 1.85358
 -1.62368
 1.73674
 -1.98503
 0.0300513
 -0.16452
 0.740177
 -0.122706
 0.602208
 0.801731
 1.67686
 -2.57785
 -0.136275
 -1.77185
 -0.927587
 -3.64646
 -1.39944
 -1.32585
 1.02307
 0.291714
 2.38368
 2.47592
 1.92086
 4.25852
 1.2572
 2.45478
 2.41103
 1.11215
 3.01579
 1.57917
 3.06198
 1.52989
 1.53211
 1.31276
 2.22746
 1.36238
 0.94151
 1.66949
 2.24686
 -0.179512
 -1.501
 -2.56638
 -1.43507
 -3.57041
 -2.17296
 -2.38632
 -2.9706
 -3.0873
 -2.4453
 -1.39677
 -1.16799
 -0.479559
 -2.46066
 -0.46619
 -0.840071
 -0.0108088
 -0.00882627
 1.91296
 2.96358
 2.5183
 3.62312
 -1.38178
 0.265223
 0.701268
 -0.616759
 -0.355336
 0.203864
 -0.667721
 -0.699245
 -2.45657
 -0.845047
 -3.57472
 -1.97472
 -2.22674
 1.66747
 -0.316938
 -1.37869
 -2.15588
 -0.388776
 -0.868848
 -0.00512078
 -3.0735
 -0.746257
 -4.1336
 -0.301126
 -3.78987
 1.37295
 -0.983662
 2.57905
 -2.01173
 0.443352
 0.686456
 -1.06805
 2.12452
 1.31647
 2.7689
 2.16172
 1.82941
 2.01182
 1.02358
 1.26948
 0.305772
 3.4949
 -1.46933
 -0.155835
 -1.67178
 1.06436
 1.30369
 -3.03283
 0.354169
 -2.21949
 -2.73121
 -1.0965
 -0.159526
 0.926005
 1.40702
 3.35132
 2.09764
 4.67417
 1.95091
 1.72514
 1.79626
 0.561566
 2.76881
 -0.571754
 0.182747
 -0.227712
 1.23798
 -0.641747
 -0.293492
 0.580542
 -0.665313
 1.59715
 1.20406
 -0.601478
 1.3242
 -0.533963
 0.038508
 -1.26565
 -2.14037
 -0.653425
 -2.10557
 -2.86616
 -0.981225
 -3.09384
 -2.67383
 -3.68972
 -2.14931
 -4.08621
 -0.219047
 -3.47622
 0.505357
 -1.31086
 -0.459123
 0.571785
 -1.49227
 0.450982
 0.508637
 0.369051
 1.58351
 -0.929877
 0.0861608
 -1.53313
 -2.04552
 -0.664767
 -2.50376
 0.462595
 0.67833
 1.18181
 -0.464448
 0.769418
 1.75773
 1.69855
 2.62664
 1.14179
 2.87331
 0.00992158
 2.27272
 1.75418
 0.0430325
 2.3521
 0.887415
 0.680481
 0.717096
 0.276898
 3.45383
 -1.60883
 -0.775298
 -0.454635
 -1.3242
 -0.112365
 -1.37126
 -1.72111
 -2.67003
 -1.41072
 -0.536511
 -0.187457
 -1.56677
 -0.619492
 -0.941104
 0.192896
 0.240866
 -0.871088
 -0.220181
 -2.93325
 -0.571821
 0.380776
 -1.53287
 -1.1527
 -2.04256
 -0.948612
 -1.79485
 -2.02378
 -0.9353
 -1.73178
 -0.712537
 -0.218898
 -0.0995163
 0.738782
 -1.79339
 0.496216
 2.02741
 5.73287
 -0.0146592
 2.15342
 1.63144
 2.05105
 1.77107
 1.373
 3.35477
 1.44728
 -1.5584
 -1.36025
 -1.83932
 -2.63328
 -1.69293
 -2.43262
 -0.997702
 -1.20806
 -0.853685
 0.140524
 0.615996
 -1.22266
 -0.742366
 -0.0283316
 -1.22446
 -1.85124
 -1.7458
 -0.997051
 -1.28256
 0.906449
 -0.520751
 -2.55278
 -2.12852
 -1.30531
 -0.743898
 -1.272
 -2.19955
 -0.699596
 0.867717
 1.12469
 1.0752
 0.982856
 0.842796
 0.821914
 1.04096
 -0.28331
 0.851506
 1.26308
 1.53045
 2.00089
 -0.511089
 1.11078
 1.79791
 -1.2174
 -0.868703
 -0.261618
 -0.101317
 -1.62632
 0.538117
 -2.96194
 1.31576
 0.102636
 -0.729596
 -0.8807
 -0.182791
 -1.32522
 -0.568617
 -1.2639
 -0.49809
 -1.67651
 -0.489377
 -1.64425
 -2.11524
 -1.9548
 -5.09268
 -1.94804
 -1.51894
 -3.58007
 -0.855457
 -3.41875
 -0.96797
 -1.61714
 -0.648674
 -2.53741
 -3.05614
 -1.80245
 -1.40181
 -1.43415
 -0.679142
 0.715498
 1.70212
 1.37015
 2.40727
 2.30874
 2.5509
 -0.0531472
 2.50307
 1.13711
 3.55418
 1.10633
 2.66999
 -1.34125
 3.40912
 -0.910632
 0.846922
 -1.27225
 -1.41754
 -0.677209
 -1.031
 0.5411
 -0.899135
 1.32935
 0.841696
 -0.129808
 0.814486
 -0.547588
 -1.69776
 -1.16844
 -4.69847
 -1.92512
 -3.12492
 -2.22153
 -1.26034
 0.111262
 -0.0790113
 0.546931
 0.830674
 3.53628
 -1.19766
 1.08276
 -0.732639
 2.65447
 0.550799
 2.99378
 2.92475
 3.33373
 2.47571
 3.29936
 2.02185
 2.64664
 3.36407
 1.9722
 0.105167
 -0.840221
 0.476388
 -0.325717
 -0.127294
 -1.14877
 -1.64573
 1.17506
 -0.258443
 1.26345
 3.32106
 0.380631
 3.99709
 -0.683606
 1.87485
 2.48265
 1.83927
 3.02036
 0.586794
 -0.851384
 0.642383
 1.50977
 3.35812
 2.08455
 0.255047
 0.711381
 0.51093
 -0.8687
 2.29183
 -1.21046
 2.74052
 -0.615446
 0.467286
 1.25534
 1.33602
 1.75885
 -1.17149
 3.04027
 -1.49222
 2.70695
 -0.357623
 1.02882
 1.20975
 1.65074
 -0.0893883
 1.3409
 -0.224893
 -0.435692
 0.211505
 -0.891176
 0.30347
 0.00544119
 -1.21979
 -2.25961
 -0.803452
 -0.70608
 0.276977
 -3.57026
 -0.805803
 -0.038113
 -1.15781
 -1.89824
 -3.31625
 -1.38059
 0.986832
 -0.417853
 -1.81391
 -1.33048
 -0.928185
 -1.04445
 0.312755
 -0.0261912
 -0.0492766
 -0.992314
 0.831049
 0.258721
 0.0359039
 1.03379
 1.91346
 1.93268
 0.26825
 -0.344518
 0.828571
 -3.28066
 -2.00946
 -0.220104
 -2.51306
 -2.57574
 -1.52073
 -0.586017
 -3.2121
 -1.69947
 -1.16424
 -2.45746
 -1.83078
 -2.22406
 -0.984624
 0.473475
 2.66164
 3.39536
 1.08182
 1.9653
 0.544891
 2.02906
 1.55219
 2.8672
 2.50636
 0.0305265
 -1.60822
 -0.710108
 -1.42939
 -3.35108
 -1.83531
 -2.33572
 0.063711
 0.133168
 0.153782
 -1.07162
 -0.133502
 2.06336
 -0.182505
 1.06559
 0.27981
 1.11001
 1.61211
 0.0815655
 1.28848
 0.069138
 -0.692179
 0.54632
 -1.90898
 -1.07929
 0.114531
 0.314242
 1.87256
 -1.7607
 2.34172
 0.292549
 0.972981
 1.69883
 0.932786
 1.09985
 -0.933915
 0.332301
 -1.22944
 0.410299
 0.647864
 -0.958804
 -0.621964
 -1.38701
 0.0852593
 0.916061
 -1.00975
 -0.137981
 1.32359
 -0.293846
 4.02134
 2.08963
 2.51475
 2.01809
 0.596297
 -0.764231
 -0.410756
 0.442952
 0.910693
 1.23643
 1.95237
 1.91563
 1.79505
 1.64658
 1.7915
 0.103052
 0.271329
 1.13377
 -1.66519
 0.667092
 -0.314842
 -0.856788
 -0.701748
 -0.352661
 -1.57282
 2.10884
 -0.125061
 0.866318
 3.79239
 -0.852239
 1.71577
 -0.274143
 1.67328
 1.08217
 2.14115
 1.45345
 0.0293293
 0.494945
 -1.3369
 -2.15915
 -0.208903
 -0.303854
 2.9832
 0.808326
 2.79844
 0.160402
 3.82384
 1.20486
 0.694384
 1.17083
 2.31188
 2.56533
 2.75273
 2.27158
 5.34013
 2.2908
 4.68086
 0.488385
 2.93179
 1.46512
 3.70492
 2.27761
 1.93509
 -0.210294
 1.79315
 1.96436
 2.88463
 2.54242
 2.58149
 1.88392
 1.46649
 2.60731
 -0.131023
 0.557865
 1.80618
 -0.0394094
 1.41079
 0.41658
 -0.213254
 0.463446
 -0.532837
 -2.2082
 0.390001
 -1.64315
 -0.626344
 -1.37365
 -2.16163
 -2.22701
 -3.37331
 -1.78873
 -1.86169
 -0.571935
 -2.30554
 1.34561
 -2.44924
 0.184081
 -3.81214
 -1.153
 0.058579
 -1.00018
 -0.904923
 -1.11657
 -2.53344
 -0.9797
 -1.3928
 -0.241177
 1.22702
 -1.54313
 -1.84158
 -2.59499
 -0.507222
 0.275512
 -1.25192
 -3.74833
 -0.941544
 -3.79091
 0.511494
 -1.41193
 -1.72571
 1.71722
 -2.52096
 -2.59811
 -2.94962
 -1.8312
 -0.905062
 -1.75054
 -1.19603
 0.519014
 3.36901
 2.8511
 1.3771
 0.547533
 1.80592
 1.74941
 2.99345
 0.607233
 3.16266
 1.0622
 3.19413
 1.33121
 2.1964
 1.42982
 3.05907
 -1.67198
 2.0497
 -0.872385
 0.990424
 -1.08684
 0.914249
 -0.149943
 -1.30105
 1.4933
 -1.04754
 -1.70249
 -1.49937
 -1.58411
 0.254975
 0.476767
 -3.37686
 -1.55481
 -0.868413
 -0.434797
 0.212272
 -0.0586025
 -0.451238
 -1.28381
 -2.26962
 -0.715421
 -0.285535
 -0.966246
 -0.487041
 -0.243057
 1.34747
 0.0601595
 0.867652
 -1.04432
 -1.08173
 -0.462991
 -1.20573
 -0.801933
 2.77826
 0.741119
 1.30727
 4.74363
 -0.415496
 4.49278
 -0.784361
 0.387931
 -0.681255
 -0.976521
 -2.04137
 -0.962875
 -1.73534
 -1.07466
 1.10259
 0.202593
 1.01219
 1.25113
 -0.596411
 3.16118
 -1.83659
 0.745619
 0.966757
 1.52211
 1.67376
 -0.371036
 1.3114
 1.21235
 2.26267
 -0.398593
 0.144361
 1.89696
 -0.161166
 -1.57478
 -1.28702
 -1.99986
 1.87717
 -2.45398
 2.42904
 -1.99953
 0.345205
 0.685396
 -0.749065
 -1.35965
 -1.6234
 0.578995
 -1.94584
 1.20759
 -0.193861
 3.41185
 -1.53627
 1.33995
 -0.559418
 0.805407
 0.0264167
 1.73033
 -1.20514
 2.38718
 -2.07362
 -0.695173
 -0.207679
 -0.0479328
 0.0616014
 -1.60526
 0.407345
 -1.62689
 -1.49531
 -1.10858
 -0.289997
 0.00139663
 -1.33067
 -0.48134
 -0.0653022
 0.803273
 0.011576
 1.63906
 3.42899
 0.177654
 1.47773
 -0.458546
 -1.02504
 -1.36672
 -2.35368
 -1.72799
 -2.18109
 -1.74949
 -2.52514
 -1.04299
 -1.58974
 -0.158658
 -2.78231
 -1.06859
 -0.574766
 -2.2028
 -0.0869034
 0.150362
 -1.84203
 2.2428
 0.260345
 1.7523
 -0.0803814
 -0.645698
 -2.12207
 -0.924289
 -0.983434
 -0.274118
 -0.988998
 -3.27538
 -1.01072
 -1.00006
 -1.377
 -0.96202
 0.716054
 -0.923332
 -0.704954
 -1.55068
 0.707164
 -2.68306
 1.37959
 -0.362865
 1.69572
 -0.4603
 4.03188
 0.669428
 0.369171
 -0.996439
 0.357067
 0.694391
 -1.37988
 -0.66003
 0.184271
 0.596186
 -0.817942
 0.320055
 -0.080568
 -1.67975
 0.596283
 0.382261
 -1.55356
 0.485321
 -1.21226
 -0.866387
 -1.90519
 -1.8285
 -2.27351
 -2.84295
 -1.97979
 -2.46953
 -2.15256
 -3.42857
 0.466354
 0.203415
 1.88916
 -1.14502
 3.00382
 -1.6262
 -0.750855
 -1.55452
 -2.21755
 -2.96541
 -1.47265
 -1.45898
 0.331038
 -1.42762
 -1.17079
 -0.737244
 1.66861
 0.298196
 1.12946
 1.1508
 0.512039
 1.23074
 0.904615
 2.01718
 1.35831
 1.39851
 1.43356
 0.572079
 1.28441
 -1.34022
 -0.519969
 -0.0824539
 -0.727428
 -0.507902
 -2.66845
 0.633416
 -2.94684
 -1.58136
 -0.66836
 -1.24669
 -0.726444
 1.12256
 0.811848
 1.11502
 1.76445
 -0.409662
 -1.58039
 -0.156781
 0.127182
 -1.43213
 1.59408
 1.9804
 2.03627
 -2.50496
 0.942557
 -0.77355
 2.80427
 0.562409
 3.05921
 1.06169
 0.802335
 0.622065
 -0.271022
 -0.616148
 -0.174455
 0.152637
 0.550031
 -0.296327
 0.360871
 -1.26103
 1.7006
 -0.244053
 2.37957
 0.621161
 -1.59017
 -0.588024
 0.537211
 0.650417
 -1.09803
 -2.80331
 -1.73565
 -4.79309
 -2.2216
 -1.23994
 -4.44335
 -1.5049
 -3.21864
 -1.25272
 -0.966197
 1.19716
 1.28271
 1.26914
 1.09533
 -0.0169857
 0.657829
 0.63806
 0.198252
 -1.42658
 -0.330483
 -0.785719
 -0.758267
 -0.245613
 -0.806751
 1.06004
 0.926122
 -0.148431
 -0.818358
 -0.693347
 -1.68774
 -2.31894
 -0.916672
 -1.89829
 -0.898646
 -1.61525
 -2.41072
 -0.40469
 -0.103496
 1.66961
 1.42232
 2.1051
 0.111196
 1.13035
 0.675058
 0.805786
 -0.482087
 -0.95004
 -2.10601
 -0.952513
 -4.08768
 1.1821
 -3.13975
 -1.39046
 -1.97619
 -2.3264
 -1.54568
 -2.10584
 -0.82785
 -0.190107
 -1.31932
 0.0477535
 0.10392
 -1.32874
 -1.80889
 0.48375
 -2.00329
 -0.836301
 -0.939918
 -0.0547674
 -0.72357
 -0.99157
 -0.469191
 -1.19715
 -1.34454
 -1.26568
 0.350892
 -0.309387
 -1.12726
 0.364403
 0.424916
 -1.08555
 -1.05502
 -0.360936
 -0.286929
 -0.514758
 0.160358
 0.297875
 -1.03683
 -0.378972
 0.730143
 1.10528
 1.78125
 0.073697
 3.77915
 -1.15379
 1.30516
 1.00441
 0.980267
 0.221784
 1.55318
 -0.0622969
 1.22441
 0.829086
 4.35495
 6.16276
 3.8612
 2.13548
 2.2347
 1.83401
 1.79541
 0.314435
 0.466296
 -0.812056
 -4.56943
 -0.642868
 -3.52467
 0.998931
 -3.29557
 -1.38546
 -4.77605
 -2.31092
 -2.81942
 -1.14178
 -0.680371
 0.125167
 1.13246
 -1.34963
 1.24826
 -2.58756
 -0.849322
 -1.82001
 -0.851187
 -0.115605
 0.396197
 0.560256
 -0.0978522
 0.60119
 1.54648
 -0.252533
 -1.29163
 -0.673892
 -0.0417092
 0.430407
 1.02431
 2.51309
 -1.99113
 0.801077
 1.56608
 -0.844738
 -0.714616
 -1.74345
 -0.271263
 -4.06601
 1.04323
 -2.24921
 0.303189
 -0.365325
 0.355419
 -0.640556
 0.546845
 -1.51414
 0.36826
 0.209919
 1.59561
 1.21598
 1.15529
 0.350257
 1.51412
 -0.833926
 1.40848
 2.99857
 1.53715
 2.07137
 1.54762
 5.6125
 2.01077
 4.67247
 0.030706
 4.28745
 2.22053
 2.69858
 1.32835
 1.91851
 1.14874
 2.76988
 0.266878
 1.64735
 -0.449431
 -0.372612
 0.0120367
 -1.07863
 1.54979
 -0.159106
 2.13574
 2.34152
 2.40037
 0.874179
 -0.790407
 -0.227921
 -1.63804
 -0.732172
 1.20586
 0.641734
 -0.231238
 1.77056
 1.76669
 1.51955
 1.79878
 1.82601
 2.22784
 2.1679
 0.843342
 1.17135
 2.47788
 3.09141
 0.061854
 1.42071
 1.14436
 -0.582042
 -0.00502666
 -1.178
 -0.579688
 -1.68779
 -0.887656
 2.43539
 0.104681
 1.87665
 0.47773
 1.01611
 -0.779948
 -2.91035
 -2.37848
 -1.9756
 -0.0838389
 -0.222495
 1.00068
 2.97208
 0.541717
 1.91339
 2.3752
 0.513917
 -0.104211
 -0.877158
 1.06519
 -0.161677
 0.774777
 -0.5032
 -1.73431
 1.97289
 -0.00735379
 -0.0249059
 0.64583
 1.37157
 -0.369852
 -0.441626
 -1.37092
 -0.959573
 0.0912616
 -1.94247
 -1.23952
 0.332305
 -1.0626
 -1.461
 0.701404
 -0.0901514
 -1.30493
 -0.138908
 0.477178
 -0.644247
 0.0830238
 -0.460469
 -0.335973
 2.6712
 0.321435
 1.42986
 0.230613
 -1.16419
 -2.70515
 0.189624
 -3.78168
 0.790976
 -1.19147
 1.91962
 -1.19975
 0.306022
 0.934306
 3.20991
 1.6684
 2.96134
 1.67243
 0.829584
 3.68375
 1.51044
 1.22864
 -1.47871
 0.939222
 0.334353
 1.3296
 -0.283132
 2.2893
 1.09528
 1.32301
 -0.378061
 -1.50138
 -0.382032
 -2.68538
 2.21776
 -2.30944
 -0.837252
 -3.07882
 0.319755
 -3.36309
 1.67764
 -2.66411
 1.57677
 -0.156262
 -1.33095
 -1.14243
 -3.73311
 -2.59995
 -0.679388
 -2.98915
 -0.785314
 -2.22153
 -0.934263
 -1.30967
 -0.369281
 0.671666
 0.231402
 -1.05561
 0.119111
 -3.31691
 -1.90463
 -2.85153
 -1.62498
 -2.01439
 -2.05758
 -2.74375
 -0.252004
 0.280689
 0.974178
 1.6483
 1.7117
 0.716294
 0.51362
 0.464363
 1.47134
 0.299973
 0.832291
 2.64038
 1.25919
 2.801
 0.829634
 2.56694
 -0.322354
 -1.05694
 -2.33195
 -0.993899
 -0.0739245
 -1.15941
 -2.41714
 -3.10678
 -1.53212
 -0.3975
 0.750126
 1.07679
 -1.10378
 -0.412502
 0.339473
 2.47003
 2.56175
 2.11745
 1.02612
 1.45357
 -0.576252
 0.110035
 0.574517
 1.48328
 1.6251
 1.49975
 2.35605
 0.493264
 3.3248
 -0.447168
 2.96394
 0.331558
 0.128039
 1.24219
 0.730534
 0.929067
 0.0463054
 -0.786107
 -0.249875
 -1.65266
 0.100867
 -0.291246
 0.748648
 -0.403256
 0.068081
 1.35683
 1.2347
 0.301267
 -0.998439
 -0.540188
 0.0922864
 0.509558
 -2.40381
 -0.24794
 -1.55351
 -2.74366
 -2.55022
 -1.37154
 0.108191
 0.20386
 0.364697
 -3.36215
 2.18106
 -0.444273
 0.599823
 1.80306
 1.43741
 1.42171
 3.96178
 1.55648
 4.11053
 4.20101
 3.70946
 3.78528
 4.69738
 2.37859
 6.18582
 0.570288
 4.78203
 0.626236
 1.85477
 0.578805
 4.5391
 -0.724654
 1.11731
 -0.00541019
 3.43917
 0.0332175
 3.39642
 1.11707
 -0.361329
 -1.94266
 -1.3869
 -0.618998
 -1.52757
 -0.371409
 -0.334875
 -1.18569
 0.205379
 0.85873
 2.60204
 -2.38307
 0.649666
 -1.52211
 -1.29195
 -2.45911
 -1.74687
 -3.76206
 -4.00018
 -2.36134
 -0.877178
 -1.66742
 -3.2626
 -1.47772
 -1.88996
 -0.94505
 -1.71657
 -0.589861
 0.743996
 0.2444
 -2.93335
 -0.852186
 -1.96923
 -1.32098
 -1.97043
 -1.26662
 -1.03077
 -2.11743
 0.654098
 -1.54774
 -1.07888
 -0.727487
 -0.219178
 -3.00061
 -0.847241
 -1.42717
 1.24507
 0.0757531
 -0.998663
 2.44891
 0.280004
 -0.70968
 1.94613
 0.338134
 -0.325412
 0.629166
 2.35512
 0.399701
 1.34164
 1.33118
 -0.587135
 0.0737918
 -0.94436
 3.04743
 -0.431874
 1.23248
 -0.456517
 -0.642201
 0.990384
 -0.777348
 0.784449
 -1.33223
 2.3638
 2.44255
 3.10842
 3.5816
 -0.379761
 -0.293814
 -0.0500682
 2.70334
 -0.436455
 0.0115116
 -1.77822
 -0.0278908
 -1.22867
 -0.445355
 -1.39
 0.288606
 -3.68724
 -1.4446
 -0.582726
 3.11557
 2.88811
 2.78425
 2.90706
 3.27591
 4.57799
 3.45646
 4.21649
 4.03161
 -0.00339866
 4.64904
 1.38747
 5.36201
 1.26902
 3.07073
 0.939996
 1.36702
 -1.10521
 -2.1577
 -1.80822
 -0.762763
 0.490145
 -0.829881
 1.43908
 -2.80604
 -1.46059
 -2.28043
 -3.02584
 -2.10456
 -3.05076
 -1.79302
 -0.958416
 -2.43038
 -0.65296
 -0.419764
 -4.25502
 -2.17634
 -2.41037
 -1.1463
 -1.22271
 -2.12916
 -0.935915
 0.202863
 1.6813
 1.64095
 -1.50725
 0.404019
 -2.11545
 -0.395945
 -0.42976
 -0.518329
 0.567699
 -0.774491
 0.718065
 1.18858
 -0.173202
 -1.4897
 -0.860683
 -1.87365
 -1.51372
 -0.731832
 -1.00406
 -1.40843
 -1.92467
 -1.49444
 -1.0887
 -1.80359
 -0.786028
 -1.14337
 0.394906
 -1.55724
 -1.43995
 -2.38034
 -0.800514
 0.358748
 0.128998
 -0.582357
 -0.232922
 1.11144
 1.87617
 0.865372
 -0.604615
 2.46406
 0.561381
 1.94128
 0.0863574
 -0.874446
 -2.67358
 -5.52554
 -3.41067
 -3.97318
 -1.91179
 -2.41068
 -0.361536
 -1.63532
 1.29921
 0.302152
 1.14126
 -0.432014
 0.446904
 -0.939341
 -0.0147743
 -1.69948
 -0.337169
 -1.75967
 1.02867
 0.134512
 0.752219
 -1.45217
 -0.364861
 -1.96628
 -2.80412
 -3.09609
 -2.16074
 -1.85576
 -2.03887
 -1.01352
 -0.77323
 -1.56261
 -0.456477
 -0.596622
 0.53539
 0.413913
 0.620798
 1.9401
 1.4617
 0.730066
 0.48213
 -2.2475
 1.13012
 -2.94281
 -0.692248
 -1.46403
 -1.03145
 -1.93533
 -0.253044
 -1.95632
 -1.59633
 0.0256186
 1.15046
 -0.865543
 -1.33185
 -0.967022
 -0.376197
 1.84805
 1.10968
 -0.0625356
 -0.0376059
 -0.096262
 -0.902238
 -1.56307
 -1.70774
 -0.46951
 -2.34892
 1.26591
 3.75585
 1.08417
 1.326
 2.95602
 0.324995
 1.01982
 0.109191
 3.81709
 -0.97658
 0.137649
 -0.758216
 1.18631
 -1.05935
 -0.642584
 -0.950612
 0.461497
 -0.0558755
 0.504694
 -1.19423
 0.0848796
 -1.40777
 -0.00416821
 -0.417466
 1.13378
 -0.197828
 -1.12259
 0.0122756
 -1.09763
 -0.946008
 -1.19535
 2.01956
 -0.10409
 1.96709
 2.15347
 -1.88234
 0.616975
 1.01538
 0.511144
 1.30719
 3.56518
 3.05444
 3.10784
 -1.86125
 -0.155301
 1.67833
 1.0714
 0.10817
 2.39209
 0.645535
 1.81299
 -2.05774
 2.63463
 -1.32537
 2.52646
 -0.0174499
 2.24963
 3.85293
 2.01741
 2.15894
 0.392995
 1.09686
 0.941355
 -0.000214344
 -1.15068
 -0.924618
 -1.11294
 -2.17695
 1.93604
 0.17247
 1.59396
 2.2499
 1.87865
 2.09384
 0.201826
 1.54266
 0.810318
 0.220408
 -1.2037
 1.06478
 -1.79512
 1.31486
 0.858348
 0.717629
 0.627937
 1.13104
 -0.401935
 1.79136
 1.37174
 0.0406277
 0.635787
 -0.705206
 -0.21381
 0.0371931
 0.756832
 1.65494
 0.271813
 0.757462
 0.243434
 -0.646099
 0.489863
 -2.2489
 -0.477267
 -0.220732
 0.534329
 1.01556
 -2.05237
 0.233003
 -0.732936
 2.11363
 -0.598549
 0.814582
 -1.26058
 1.37255
 0.257354
 -0.521614
 -1.62122
 -0.794404
 -1.59295
 0.178736
 0.820998
 0.874984
 1.24072
 4.7966
 -0.461164
 1.20741
 -0.54685
 0.711722
 -0.818252
 -0.582049
 -0.0415193
 0.255915
 1.07618
 0.0686297
 1.11762
 -0.341826
 2.7559
 2.14516
 -0.74744
 0.632608
 -1.02038
 0.370339
 -0.645301
 0.179367
 0.943545
 -1.83169
 2.60288
 -0.785855
 2.07597
 -0.978265
 -0.0887759
 -1.44335
 -0.324914
 3.59499
 0.204
 2.44727
 4.60835
 4.22059
 1.29234
 0.239661
 1.19971
 1.43497
 0.532519
 -0.564649
 -0.216321
 0.616577
 -0.428564
 0.660768
 0.238316
 -1.01812
 -0.450565
 1.21071
 2.06895
 2.24361
 0.126639
 2.93674
 -0.61918
 1.23886
 -0.128653
 0.642797
 -0.684668
 1.53864
 -0.886075
 -0.0201177
 0.260185
 -1.79743
 -1.56167
 0.213424
 -0.130412
 -1.20569
 0.535931
 -0.226545
 0.791743
 -1.32216
 2.7338
 -1.66913
 -0.698552
 -0.131998
 -0.975996
 1.20804
 -0.983376
 0.351566
 -1.42926
 0.273588
 -0.210655
 0.579014
 0.924841
 0.0542037
 0.681332
 2.33951
 0.283097
 0.759581
 -1.36939
 -0.831571
 -1.08967
 0.945735
 1.88462
 1.9399
 0.386279
 2.31279
 -1.16307
 1.54998
 2.16277
 2.52762
 -1.96245
 2.16738
 -2.07403
 1.17258
 1.3697
 0.112227
 -1.61448
 0.839021
 -2.03969
 -0.342234
 -0.216037
 -1.54823
 -0.622699
 -1.1512
 0.341753
 0.526937
 -0.334949
 0.414703
 -0.544174
 0.566595
 -1.38762
 1.17877
 2.19735
 2.13764
 0.467614
 -1.51652
 0.407377
 -0.400202
 1.81974
 1.78391
 0.0467315
 -1.37872
 0.486171
 -1.20009
 -0.48561
 -0.0370048
 -1.86935
 -0.812943
 -1.8406
 -3.00943
 -2.237
 0.109505
 -1.21901
 -1.31553
 -1.21116
 0.107926
 0.549375
 0.339227
 0.479628
 0.98639
 3.20797
 0.978419
 -0.325613
 1.21595
 -1.20073
 -0.358606
 -0.336603
 0.370266
 0.780061
 1.71805
 5.47027
 0.186019
 4.77361
 -0.720867
 0.865388
 -0.235814
 0.865292
 -2.19021
 -0.666696
 -2.36438
 0.658228
 -0.641336
 -1.28916
 0.151198
 -1.54314
 1.00929
 -1.06962
 -2.19961
 0.0419364
 -1.12913
 0.272873
 0.0557435
 -1.20907
 -0.658703
 -3.52446
 -1.63719
 -1.83957
 -0.091164
 -1.56441
 -1.08814
 -3.73071
 -0.448491
 -1.73823
 -0.820456
 0.423036
 -0.925669
 0.142624
 -0.505614
 0.711251
 -1.0772
 -0.486191
 -0.0998396
 3.35158
 2.15955
 1.92938
 2.79386
 2.08038
 2.28112
 1.54443
 -0.0338634
 -1.37125
 -0.444871
 -0.00750582
 1.76154
 1.06376
 1.44626
 1.64068
 1.09928
 1.5068
 -2.8231
 -0.30159
 -1.40643
 -0.676767
 0.13982
 0.60341
 -1.94719
 1.22501
 0.574766
 -0.686878
 0.544297
 0.31
 0.381727
 0.209777
 -0.758359
 -1.24818
 1.46001
 0.280481
 0.310626
 -0.333772
 -1.6375
 -0.178292
 -1.9816
 -1.67772
 -3.22454
 -2.70444
 0.0181532
 -0.217129
 -0.573614
 -2.96175
 -0.61256
 -2.74549
 -0.606918
 0.469339
 2.7426
 0.50477
 -0.70846
 0.176164
 1.26891
 2.69656
 2.32209
 5.04275
 1.81261
 1.18541
 1.59624
 2.41918
 1.9989
 2.86967
 3.51967
 0.357268
 2.44683
 -2.11344
 -0.525319
 -0.680343
 0.141492
 -0.311808
 0.359996
 0.0973259
 0.852636
 -1.06341
 -1.41876
 -1.22506
 0.0896637
 -0.0322059
 -1.50448
 0.251914
 -1.16973
 0.561113
 -1.39516
 -1.15535
 -1.60533
 -2.12462
 -0.714935
 2.08332
 1.28954
 -0.167381
 -0.0828583
 -1.2713
 0.26988
 -2.67327
 -0.107385
 -1.09328
 0.721042
 -1.87482
 -0.554347
 -0.143943
 -1.74824
 1.72588
 -0.203505
 1.03656
 1.68738
 -1.64102
 0.760374
 -3.43044
 1.89942
 -2.44147
 0.740167
 -0.399219
 -0.16562
 1.02136
 -0.771739
 -1.28115
 -1.22111
 1.93162
 -0.485469
 -0.335096
 -0.878878
 -0.482906
 -2.13331
 -1.11636
 0.561053
 1.22917
 -1.04011
 2.99469
 0.278899
 0.169993
 -0.978605
 2.30502
 0.142275
 -2.67993
 1.70102
 0.0204112
 0.512106
 1.19751
 -0.177934
 1.11627
 0.38321
 -1.23
 0.336517
 -0.889263
 1.37864
 -0.356573
 3.63032
 -0.71839
 1.12029
 1.15685
 0.20222
 0.0427279
 0.0835261
 3.162
 1.92844
 2.52024
 -1.75982
 -1.42008
 -0.422304
 -2.35065
 -0.920579
 -1.51227
 -0.0512042
 0.618308
 0.474837
 -0.0916084
 1.4911
 -2.4474
 2.26109
 -2.35119
 -0.860011
 -0.544678
 -0.420918
 -1.74965
 -0.878573
 -0.956761
 1.50294
 0.00748209
 0.845649
 1.56921
 1.08084
 0.174612
 1.84264
 2.05997
 0.0446061
 0.836366
 -0.233406
 1.05188
 -0.57779
 1.68441
 0.238837
 1.52155
 0.843555
 4.26204
 0.504213
 1.99603
 0.481129
 1.42226
 5.28296
 -0.16268
 0.531182
 -1.00968
 -0.365734
 0.421017
 -1.51885
 -0.492548
 0.15139
 -0.973509
 -0.568004
 -1.8453
 -1.33108
 -2.52338
 -2.19482
 -2.52176
 -0.667676
 0.541636
 -0.839136
 -0.517737
 -1.81712
 -1.91678
 -3.2026
 -1.15395
 -0.640041
 -0.764047
 0.322599
 -0.764934
 1.4298
 -1.80415
 0.59909
 -0.0745362
 -1.35111
 -0.501437
 -0.933227
 -1.44271
 -0.630341
 0.0377144
 0.945329
 2.69296
 0.885475
 2.05396
 1.77488
 2.88862
 1.4836
 1.87472
 0.798779
 -0.575742
 -1.39469
 -1.91962
 -0.626039
 -1.90823
 -1.21275
 -0.147867
 1.14935
 -0.468035
 -2.33151
 -2.20075
 -0.172726
 -1.1929
 -0.935299
 1.87527
 1.49075
 1.65873
 4.74894
 1.82375
 2.2542
 1.4321
 -0.458406
 0.83051
 2.02982
 0.0968046
 1.73892
 2.14696
 3.12907
 0.796377
 1.2852
 -1.34149
 0.0375631
 0.118959
 0.879699
 -0.116674
 -0.649173
 -0.659576
 0.0934874
 0.979016
 1.77631
 2.22828
 2.26836
 3.64311
 3.04741
 -0.32868
 0.561975
 0.399489
 -0.893638
 1.54103
 0.0491486
 3.17634
 1.86506
 1.82054
 -2.08247
 -0.841902
 -1.03473
 -2.00353
 -1.10735
 0.108747
 -1.68485
 -4.13058
 -1.71135
 -2.54174
 -0.914336
 0.539375
 -1.72262
 -0.859267
 0.748658
 1.84952
 0.65124
 1.08002
 -0.0497977
 -0.502013
 -0.303625
 -2.6059
 0.584224
 -2.10177
 -3.03549
 -0.313641
 -2.4229
 0.132303
 -0.718514
 2.94388
 -0.590868
 2.74586
 -1.58049
 0.96103
 1.75058
 1.76382
 -0.257198
 1.99568
 -0.0255007
 0.0237085
 -1.46312
 -1.08898
 -1.70221
 -2.27942
 -0.861857
 -1.26628
 1.24398
 1.67637
 1.86911
 2.731
 1.1773
 2.11519
 -1.2852
 -0.946457
 -2.85479
 0.0964825
 -1.52072
 -2.37639
 1.57008
 -0.729077
 0.378478
 1.24755
 -0.07982
 1.29262
 -0.417762
 1.561
 1.08907
 0.983942
 -0.711843
 1.09716
 1.33958
 2.22257
 2.04957
 1.94022
 -0.363514
 -0.799495
 0.749387
 -1.25185
 0.0087857
 -1.54728
 -0.973689
 -2.49824
 -2.45326
 -1.60818
 -1.07892
 -1.047
 -1.25125
 -0.614739
 2.31215
 0.744535
 0.0776139
 0.946931
 -1.5197
 0.476272
 -0.542176
 -1.01019
 -1.89398
 -1.74642
 -0.466183
 0.269849
 0.355822
 -0.906523
 0.253226
 -1.51714
 -1.35293
 0.525545
 0.273325
 0.806053
 0.956104
 0.192002
 -0.263337
 -1.85326
 -2.4103
 -0.0408257
 -1.75074
 0.753123
 1.60511
 2.9267
 0.969427
 0.812763
 1.61209
 2.17085
 2.23511
 4.06028
 1.25371
 2.83125
 0.242503
 -0.683828
 2.7327
 -1.56892
 -0.0966129
 -0.569223
 -1.13738
 1.55891
 1.06836
 1.60079
 -0.200392
 -1.85193
 -1.26763
 -1.1423
 -3.9674
 -0.42483
 -1.44924
 -0.9685
 -1.97884
 -1.26656
 -1.80821
 -0.660954
 -2.0374
 -2.43648
 -1.47487
 0.844089
 -2.17788
 -0.260446
 0.175515
 -2.90208
 0.133902
 -1.34115
 -2.31369
 -3.15669
 -1.49944
 0.0993098
 -1.39495
 2.42854
 -2.16707
 0.994089
 0.42255
 -0.575905
 1.39904
 0.490009
 0.107351
 -0.346516
 -1.13272
 -1.39796
 -3.74581
 -1.60039
 -2.52983
 -0.977039
 -0.570243
 -2.14894
 1.09709
 -0.475799
 -0.296803
 0.365165
 -0.665084
 0.939124
 1.95949
 2.22911
 3.69084
 1.78525
 3.54024
 -1.24392
 3.10987
 -1.6657
 0.670293
 1.48419
 0.149846
 0.0547049
 -0.188733
 -0.335365
 -0.144531
 -0.775621
 0.425363
 -1.14809
 -0.795138
 -0.0236032
 -2.21137
 2.379
 -2.49604
 1.44027
 -2.94156
 1.20005
 -2.14494
 1.49282
 1.23937
 4.12307
 -0.328484
 2.34739
 0.624264
 2.46284
 -1.17341
 2.52066
 0.241484
 0.645383
 0.845431
 -0.793977
 0.167162
 1.08041
 0.51682
 0.548824
 -0.216012
 0.175353
 0.0794337
 1.28095
 0.832599
 0.705717
 2.33753
 -2.25273
 -0.693387
 -1.78735
 -0.788528
 0.882518
 0.268219
 0.314727
 -1.54765
 1.27621
 -0.343993
 3.6715
 0.68595
 0.116476
 0.56387
 -1.45886
 -0.458928
 -1.5913
 -1.74408
 0.350977
 0.295341
 -1.3691
 -0.742906
 -1.36199
 -0.569226
 -1.46345
 0.383695
 1.82042
 0.123825
 -0.401754
 -1.47708
 -1.02453
 -2.3249
 -2.92857
 -3.30447
 -2.24788
 -1.33804
 -1.10636
 0.311546
 0.19242
 -1.40309
 0.580845
 0.787587
 -0.786448
 2.026
 1.27614
 2.40138
 2.17032
 2.95406
 2.27827
 4.39952
 1.23434
 1.51959
 3.81825
 -0.335038
 -0.158377
 -1.40693
 -0.524696
 -1.95613
 -0.699834
 -0.526827
 -0.466539
 0.65076
 1.47697
 -0.135225
 2.14673
 0.269862
 0.807327
 -0.364922
 -0.435267
 2.28553
 0.791501
 -0.477307
 2.19536
 -0.0351707
 2.40311
 0.982445
 0.265926
 0.77314
 1.88903
 -0.366812
 -1.29998
 -1.28474
 0.374151
 -0.252967
 1.01382
 -3.18468
 -2.29431
 -2.86538
 -1.76604
 -2.18953
 -2.46818
 -1.75977
 -0.942736
 -2.71783
 -3.48492
 -1.84293
 -1.06343
 -2.19605
 -1.80246
 -3.07014
 -1.15041
 -1.71434
 2.53454
 0.88014
 -0.574182
 -1.15294
 0.419948
 1.24274
 0.88835
 2.9888
 -0.61692
 4.19269
 3.81123
 1.72988
 3.68837
 1.66132
 2.70381
 3.28227
 -0.84087
 0.614204
 -2.92017
 1.52027
 -0.571705
 -0.113044
 -1.22966
 1.52309
 0.206826
 -0.811119
 1.63222
 -0.984722
 -1.13942
 -2.27018
 -0.769384
 -2.37868
 -1.10142
 -2.23403
 -0.383551
 -1.56315
 2.42765
 -2.06773
 0.600541
 0.903732
 1.1448
 1.87156
 0.508354
 3.39095
 0.508001
 1.56079
 -2.65569
 0.100747
 0.982597
 1.3585
 1.77793
 2.59391
 1.60954
 -1.64853
 -1.13409
 -2.35291
 -0.875318
 -1.99245
 -1.32454
 -2.3162
 -1.55024
 -2.16044
 0.952758
 -3.13401
 1.45515
 -1.09336
 3.42501
 -0.390235
 3.93804
 -1.21261
 2.65591
 -0.721571
 0.0182417
 -0.392651
 0.923894
 -1.49282
 0.193167
 -1.22612
 0.878149
 -0.623688
 0.00869857
 -1.55685
 -0.28027
 -1.77764
 -0.304169
 -1.37041
 0.736074
 -0.08095
 1.797
 -1.04103
 0.287106
 -0.706766
 -0.499562
 0.673302
 1.06401
 -1.51478
 -0.362537
 -1.35546
 1.99933
 1.3752
 2.3327
 -0.360161
 1.80042
 0.489132
 3.31373
 -0.473794
 0.73798
 0.583613
 -1.04691
 -0.696459
 2.38102
 1.36209
 -0.202866
 -1.01925
 -1.10635
 -0.971034
 -0.291351
 -0.665164
 -0.972634
 -1.0652
 0.64356
 0.475794
 0.965357
 -1.25401
 -0.374595
 0.375869
 3.56308
 1.09046
 2.12801
 1.07641
 1.53876
 1.18618
 1.29214
 0.750764
 1.82229
 2.83764
 0.968437
 2.83067
 -0.555192
 2.79867
 2.07159
 0.288613
 1.88472
 1.49933
 2.07482
 -0.0885308
 -0.465034
 0.614102
 0.180714
 -0.580665
 -1.58235
 -3.39681
 -1.89663
 -1.36856
 -0.427559
 -1.183
 1.22216
 1.28683
 -0.0674421
 -0.579497
 -0.373532
 -1.1999
 1.16792
 1.32825
 1.88782
 1.7797
 -2.74599
 2.08155
 0.636624
 -0.259621
 -0.603293
 -0.60534
 2.17813
 -0.696066
 0.631547
 0.777152
 0.45358
 0.596782
 -0.547171
 -0.940448
 -1.5735
 0.822151
 -1.58319
 0.222243
 1.20588
 2.89313
 0.371003
 0.74348
 -0.900962
 -1.58787
 -1.48387
 -2.33738
 -2.44587
 -1.08994
 -1.61573
 0.479078
 -3.11554
 -0.874104
 -1.59025
 0.260309
 -1.507
 -1.24881
 -0.438216
 -1.476
 -0.952178
 -0.196289
 -1.8154
 -2.20922
 -1.02639
 -1.57945
 -1.86001
 -0.960523
 -1.45202
 -0.632934
 -1.1684
 -0.56126
 -0.0171624
 0.494436
 -0.686317
 0.211506
 -1.94049
 1.07202
 -0.456746
 1.2263
 1.5183
 0.934533
 -1.49114
 1.18152
 -1.3646
 -0.845197
 -1.19869
 -1.74145
 -0.402644
 -0.195179
 0.142052
 3.29538
 1.0592
 1.98571
 1.92313
 -0.367258
 -1.74961
 2.58026
 0.409247
 1.68984
 2.23105
 2.94812
 0.33669
 -0.192843
 0.695523
 0.321209
 0.773207
 -0.533652
 0.594969
 -0.373764
 -1.08748
 0.906381
 0.186928
 2.76076
 -2.09844
 1.88648
 -2.12384
 0.827002
 -1.09621
 1.53504
 -0.779328
 -0.530246
 -0.228174
 0.0196724
 -1.44413
 -1.28998
 -1.11899
 -2.41298
 -1.06478
 -2.1648
 -1.13194
 -1.85422
 -0.370825
 -0.054369
 -0.556842
 -1.50734
 -2.3398
 -0.948445
 -1.39345
 -2.18236
 -0.410031
 -0.547609
 -2.47925
 0.311833
 -0.0581298
 -0.89463
 -1.60229
 -0.441708
 0.0468773
 1.03615
 2.07202
 2.22681
 2.4405
 -2.19383
 2.6165
 0.349545
 2.77769
 2.50472
 1.30019
 0.0844634
 0.732165
 -1.95914
 -1.32195
 -0.999006
 -1.5603
 -1.95191
 -0.864137
 -0.207326
 -0.162798
 -1.28734
 -0.787553
 -0.139009
 0.468255
 1.01852
 0.995095
 1.13322
 0.611713
 -0.663872
 -0.491129
 -1.7231
 -0.382999
 -0.61039
 -0.00276335
 0.621545
 -0.165041
 1.14459
 1.64529
 1.57726
 1.52141
 4.6588
 1.80058
 2.95667
 -0.415215
 0.558516
 -1.60746
 -0.906315
 -0.840794
 -0.246728
 1.137
 2.21256
 2.26137
 3.52768
 1.83592
 2.07366
 2.47421
 -1.62118
 1.05448
 -1.79191
 -1.02814
 -1.29672
 -0.349007
 -1.6316
 1.71436
 1.3998
 1.09111
 0.939977
 1.80521
 1.72032
 0.669868
 -0.61474
 0.252682
 1.53563
 0.727231
 0.338339
 -0.984514
 -0.0711563
 -0.358602
 -0.0693653
 -1.28247
 0.261496
 0.358139
 -1.46454
 0.24267
 -0.116435
 -1.22994
 0.455894
 0.254644
 0.792131
 -0.0190681
 0.484703
 -1.23125
 0.941125
 1.50187
 1.69254
 1.92647
 2.01779
 -0.283555
 1.34376
 1.17311
 -1.63006
 1.029
 -0.819282
 1.41059
 -0.269552
 2.12091
 -0.694623
 -0.482659
 -0.223589
 0.589464
 -0.72741
 0.221686
 -0.722951
 0.186241
 -2.42718
 2.91197
 0.939655
 2.74429
 3.2429
 0.543591
 1.78337
 1.52055
 -0.172555
 -0.070569
 0.505381
 0.190684
 0.497417
 0.976558
 -1.86079
 -0.110548
 1.30216
 1.75924
 1.21229
 -2.4818
 1.77993
 -2.48381
 2.94957
 0.910696
 0.33223
 1.75728
 1.44667
 2.63516
 -0.738546
 0.445883
 0.347371
 0.998917
 0.181114
 -0.968798
 0.134496
 -0.0844421
 -2.45369
 -1.44391
 0.316284
 -1.33379
 -1.27297
 0.475709
 -0.830311
 2.6128
 0.221795
 0.923304
 1.06837
 0.804198
 0.961964
 0.517902
 -0.520947
 0.943202
 0.359758
 0.000865991
 -0.919263
 0.393532
 -3.78898
 -1.07905
 -3.53853
 -0.353525
 -1.63195
 0.0268755
 1.02071
 -0.538493
 0.0284741
 0.1312
 -0.00607788
 -0.276215
 -0.895442
 -1.04361
 1.69179
 1.44085
 0.388887
 0.652543
 1.37604
 -0.406001
 1.02426
 0.0494518
 -1.01486
 -1.135
 -1.42836
 -2.80689
 -0.463609
 -1.49755
 0.115255
 0.682037
 0.965798
 2.80821
 0.770993
 0.758093
 0.244491
 0.161423
 -0.717938
 0.094101
 -2.41032
 -1.68688
 -1.04286
 -0.514725
 0.41733
 -0.443687
 -0.911541
 3.58566
 1.81522
 1.41164
 0.907028
 0.784967
 0.893804
 -0.53803
 1.29358
 -0.875308
 0.369746
 0.475139
 -0.317941
 -2.66964
 0.0466016
 1.10469
 -0.426772
 1.99448
 0.0215633
 2.727
 -0.0552319
 0.935997
 -1.04205
 0.501205
 -0.465645
 -0.635044
 -4.29869
 -0.823234
 -4.09244
 -1.81504
 -0.719615
 -0.479766
 0.00480408
 -2.94444
 -0.474198
 -0.078311
 -0.341612
 -1.2582
 0.0894335
 -2.00872
 1.82916
 0.90948
 0.0650402
 0.710174
 2.39921
 1.45693
 0.390073
 1.81702
 -0.510832
 0.688739
 0.266156
 0.0462833
 -0.359185
 -2.88155
 -1.35377
 -1.38858
 -1.40505
 -1.26055
 -2.75246
 -0.580854
 -3.57128
 -0.955986
 -0.71201
 -1.18197
 0.270858
 -2.29399
 0.107887
 -0.359422
 -0.574067
 -0.390852
 -2.53066
 -1.38682
 -3.80528
 -2.48842
 -3.71074
 -3.608
 -1.02844
 -2.28916
 1.80489
 -1.07921
 1.13217
 -2.14967
 -1.11457
 -1.88279
 1.25246
 -0.835709
 1.91503
 -2.44551
 -1.59025
 -2.79509
 -0.669093
 -0.383041
 0.273504
 -0.168825
 -0.495579
 -1.69123
 -0.707732
 -1.24817
 -0.495041
 0.361043
 1.45499
 -0.0984637
 1.08672
 0.00489805
 1.82081
 -0.671325
 1.28011
 -0.653142
 0.455703
 0.608313
 -0.595324
 -0.326692
 -1.81425
 1.30919
 -3.00788
 -2.0593
 -5.37425
 -3.51598
 -2.42801
 -1.40992
 -0.265282
 -1.47832
 0.00257192
 -0.679776
 3.07044
 -1.88911
 0.988279
 -3.26485
 0.960327
 -1.0368
 -1.10639
 0.596558
 1.28396
 -0.597174
 0.856904
 1.07105
 -0.200222
 -1.26002
 -0.640884
 -1.88508
 0.873306
 -1.13103
 0.723992
 -1.09011
 -0.225808
 0.642974
 -1.46236
 -0.865302
 -1.87883
 -4.03679
 0.740827
 -2.13762
 -1.01794
 -0.504353
 0.179926
 -1.17371
 0.651015
 -1.0486
 0.720409
 -0.373802
 1.26281
 -1.39305
 1.31092
 -0.792972
 -0.806468
 -4.12681
 0.278305
 -3.92318
 -1.06452
 -2.94795
 -1.68355
 -1.34687
 -0.465391
 1.48805
 -0.343733
 0.78938
 1.45461
 -0.580256
 0.542604
 0.86119
 0.556268
 1.27885
 2.38959
 -2.05241
 0.596802
 -1.44911
 -0.425248
 -1.14193
 -0.400995
 -2.02234
 -0.382452
 -0.961074
 0.605
 -0.891931
 1.08054
 -0.250458
 1.95157
 0.443839
 -0.13194
 0.548743
 -1.23271
 -0.29665
 -1.65896
 -1.73563
 -0.559411
 -0.786652
 1.09359
 2.29053
 2.93931
 0.729988
 0.338426
 0.967105
 0.058193
 1.34557
 0.25602
 0.941381
 0.825826
 0.281995
 -0.753987
 0.412131
 0.173742
 -1.73671
 0.353088
 -1.2666
 -0.152074
 -1.46007
 -0.0472317
 -0.287707
 0.396059
 -1.41394
 0.231502
 0.479339
 0.855865
 0.420701
 0.125101
 -1.77308
 -0.531907
 -1.49314
 0.651496
 1.78294
 0.277318
 -0.0443
 1.81095
 -2.49224
 1.26595
 -2.46858
 -0.680363
 0.285107
 -1.14418
 0.796479
 -3.13601
 1.7101
 -2.17471
 2.21206
 -1.82476
 0.623626
 -0.0480411
 -1.40377
 0.0658031
 0.638042
 -0.280905
 -0.00569566
 -0.330646
 -0.607734
 -0.469328
 -0.289069
 -1.91721
 -0.505123
 -1.91369
 -2.46254
 -2.81989
 -0.837508
 -2.8675
 -1.13224
 -2.32034
 -2.25319
 -1.81397
 -2.38499
 -1.02624
 -0.544836
 0.532681
 -0.62986
 0.632363
 -1.77207
 -0.615107
 -1.80124
 0.155221
 -1.94008
 -0.263163
 0.394815
 0.683143
 0.253362
 -0.11327
 1.34968
 -0.808975
 0.952817
 -0.524777
 -0.636442
 0.503894
 -0.815952
 0.314775
 -1.12207
 -0.285192
 -1.4309
 -1.54363
 0.689384
 -0.724517
 -0.375445
 -1.0804
 -0.268927
 -0.18569
 -0.132095
 0.542567
 -0.0111196
 -1.22911
 0.268574
 -1.03333
 -1.87639
 -2.16188
 -1.29135
 -1.57491
 -1.75192
 -0.742012
 -1.57784
 1.08198
 1.01811
 -0.128198
 0.938996
 0.737612
 0.575304
 0.558537
 -0.916554
 0.287354
 -1.18181
 -1.35018
 -4.85882
 -0.883381
 -4.06918
 -1.21013
 -4.24874
 -1.51456
 -4.99009
 -2.44813
 -0.439634
 -0.0631054
 -0.4324
 -0.877788
 -0.00143347
 -1.62473
 1.77751
 0.0776599
 1.299
 -1.60346
 -1.65182
 -1.1668
 0.458529
 -1.10087
 0.108048
 0.86281
 2.40904
 3.8277
 0.624796
 1.1845
 4.78998
 1.00156
 1.3828
 1.4285
 1.53055
 2.20388
 2.31056
 -0.000447986
 4.13914
 -0.409226
 0.496097
 1.10536
 -0.239324
 -0.415603
 3.06127
 -0.392062
 0.939678
 -3.11214
 -2.17225
 -0.999246
 -1.6464
 -0.533059
 1.43202
 -0.38245
 0.520249
 1.8981
 -0.567243
 2.62139
 3.2674
 3.44082
 1.25512
 -0.0203754
 2.48024
 2.21432
 1.37141
 -1.87956
 0.612052
 -0.29321
 -0.101035
 -1.10044
 -1.22295
 -1.64063
 0.210587
 0.895243
 -0.644033
 0.853118
 -0.582571
 0.639531
 0.157478
 -1.47479
 -1.49661
 -1.74754
 -0.377678
 -1.78153
 2.63625
 0.404072
 2.86832
 0.882281
 1.65361
 -1.56749
 2.63184
 -0.0385658
 0.378037
 -1.05911
 1.3981
 -0.539114
 -1.82504
 0.912884
 -0.0308177
 -0.615046
 0.226211
 -0.42649
 2.25794
 2.5787
 2.80923
 2.29411
 1.22262
 2.18517
 0.443435
 0.672845
 -1.59883
 1.32967
 -0.114677
 1.03927
 0.690227
 -0.074187
 0.841809
 1.09807
 0.268871
 -0.685052
 -0.269273
 -1.56424
 -1.27927
 -2.19262
 -0.305036
 -0.00789345
 -1.00991
 0.232874
 0.718938
 -0.955609
 -1.85545
 -0.638658
 0.0416264
 -0.851622
 0.450684
 0.600995
 -0.267705
 0.693584
 -0.631892
 -0.904267
 -1.45874
 2.9625
 -1.98841
 0.427749
 -0.249043
 -0.917711
 1.08071
 -2.20173
 -0.639172
 -1.19311
 -2.61732
 -2.26917
 -0.792871
 -2.29798
 -2.47664
 -1.47426
 -2.18975
 -1.56106
 -2.93343
 -1.40615
 -0.440447
 -1.65503
 0.653562
 0.848432
 1.54816
 1.48741
 1.99334
 -0.634689
 -1.80039
 -1.88405
 -0.821653
 0.244848
 -0.525917
 -1.0975
 -0.99354
 -0.826431
 0.0928362
 -0.339165
 -0.38852
 -1.68974
 -0.808716
 -0.657566
 -0.0751787
 3.19104
 -0.953219
 0.490321
 -3.23735
 1.08334
 1.86257
 4.11045
 1.52122
 1.83681
 1.71694
 1.99791
 0.0236344
 1.2358
 1.11021
 -1.51055
 2.17569
 -0.442284
 1.56582
 1.90553
 1.91618
 1.6794
 0.887368
 3.84729
 0.035251
 2.06928
 1.70383
 1.7895
 0.447279
 2.85829
 2.21619
 1.63192
 -0.330638
 2.47439
 1.31557
 2.19145
 0.0568438
 1.87126
 -0.989274
 1.3744
 -0.187259
 -0.843517
 1.17791
 -3.043
 -1.36306
 -2.80945
 -1.3977
 -2.31301
 0.163136
 -1.76816
 0.0606487
 0.620212
 1.14521
 -0.936036
 -1.68384
 -1.43381
 -4.76276
 -1.28734
 -2.21229
 -2.13247
 -1.75149
 -1.21354
 -4.59175
 -2.10389
 -2.86006
 -1.10926
 0.523206
 -1.43502
 3.50525
 -1.38383
 3.2574
 1.76458
 2.98508
 2.35315
 1.94803
 2.63598
 1.28888
 -1.10725
 1.38038
 0.132222
 1.98208
 3.16482
 3.27771
 2.72813
 0.415445
 -0.042587
 -1.23076
 -0.445065
 -1.59707
 0.282115
 -2.94294
 -1.78024
 -0.0628045
 0.00731025
 -0.239692
 0.35117
 3.18456
 1.63857
 4.66775
 0.869961
 3.3289
 1.2411
 0.816661
 1.23145
 1.20305
 1.81497
 1.85441
 3.5248
 2.84589
 2.84164
 1.67986
 1.14017
 1.66729
 3.01773
 0.317309
 1.48993
 -0.395164
 2.26671
 -1.04954
 2.79319
 -0.210856
 1.01083
 1.31407
 1.62164
 1.92704
 0.899076
 1.30163
 1.36295
 2.65406
 3.17739
 3.56918
 3.99229
 -0.410173
 0.198567
 -0.405033
 0.176504
 -1.40895
 1.21528
 -0.961669
 -1.80517
 -0.763486
 -0.835253
 -3.09189
 -0.0561914
 0.122526
 1.58025
 2.09244
 -1.52824
 0.0717639
 -2.84918
 -0.302583
 -3.59192
 0.751959
 -3.30921
 -1.02888
 -1.68856
 0.185536
 -1.53545
 -1.97664
 -0.961005
 -1.24622
 -0.238477
 -0.215696
 -0.488971
 -0.0181764
 -1.43303
 1.41579
 -0.01877
 -0.0527954
 1.44472
 0.32378
 0.677141
 0.847304
 0.192118
 1.45781
 -0.606017
 0.881638
 -0.621234
 1.2595
 1.43458
 2.50172
 3.04221
 1.86191
 3.00218
 0.060733
 1.37337
 4.61709
 -0.602125
 0.902206
 0.442943
 0.0549772
 0.419335
 2.02355
 2.1145
 0.164367
 -0.131023
 -1.22967
 1.83692
 -2.48702
 1.99755
 -2.55655
 -1.05902
 -1.78612
 -1.8581
 -2.87173
 -3.62816
 -2.79915
 -1.57557
 -3.55133
 -1.21538
 -2.94484
 -1.64056
 1.14235
 -2.45343
 -0.782741
 -0.672713
 0.00224141
 0.489166
 -0.37222
 -1.35615
 -1.69111
 -1.76099
 -1.8344
 0.498556
 0.86955
 4.00073
 -0.973992
 0.79277
 1.68492
 1.71252
 -0.00273667
 0.944343
 -2.3851
 -0.181572
 -1.56002
 -0.757984
 -3.4483
 -0.873838
 -2.35417
 -1.10718
 -1.89884
 -3.09048
 -3.55964
 -3.54714
 -3.18631
 -3.49728
 -2.95904
 -1.87602
 -2.35251
 -2.04714
 -2.60478
 -1.11783
 -1.24579
 -0.552536
 -0.264183
 -0.926396
 -1.38434
 -1.0057
 0.785457
 -2.21453
 -0.257077
 -2.38363
 -0.765775
 -1.62497
 -1.00844
 -0.213165
 -0.213687
 -0.659382
 1.07213
 0.979885
 0.115613
 1.41679
 -0.426211
 1.28673
 0.360206
 2.31468
 -1.34435
 1.30178
 -1.06295
 1.37462
 -0.538844
 0.323381
 0.720163
 -0.866302
 -1.07587
 -2.32874
 -0.103707
 -3.43515
 -1.70809
 -0.375663
 1.7058
 0.902116
 1.2888
 -0.691674
 -1.31948
 0.494926
 -1.04679
 0.94513
 -2.67331
 1.21959
 -0.982532
 0.479226
 -0.13129
 0.39353
 -1.24005
 -1.40353
 -0.818312
 -0.488784
 -0.00807947
 -0.391078
 -0.326225
 3.29103
 2.85166
 3.57168
 3.81033
 -0.972844
 0.310686
 -1.04667
 0.600168
 -0.862844
 -0.153697
 -3.08946
 0.799027
 -2.70624
 0.809217
 -0.831414
 0.88319
 -1.53989
 -0.276852
 0.689392
 1.2539
 -1.19983
 0.998801
 -2.48243
 -1.40691
 -2.15823
 -2.20517
 -2.33334
 -0.189799
 -4.13386
 0.672477
 -0.660028
 -2.13978
 -0.996098
 -1.01726
 -0.408925
 -0.100386
 0.121647
 1.05023
 1.28652
 -0.463563
 1.51933
 0.886168
 1.86437
 0.487911
 1.90533
 3.14352
 2.74094
 1.96163
 0.77579
 1.72574
 1.52014
 0.914215
 -0.27477
 -0.891208
 -0.411333
 0.630968
 1.45422
 0.0737325
 1.39246
 -0.244799
 2.61278
 0.300419
 3.05491
 2.11079
 1.73793
 1.19415
 2.22933
 2.68819
 1.401
 2.49448
 1.32726
 -0.376978
 -1.1368
 -0.322732
 -0.0460219
 1.48789
 0.387708
 0.102606
 -1.03224
 -0.497578
 0.630444
 0.607135
 0.850016
 0.92063
 -0.109842
 -1.14598
 -0.0423239
 -3.3106
 -2.88975
 -1.47257
 0.434426
 -0.601757
 2.5724
 -2.17196
 2.4013
 0.233827
 -1.05407
 -3.89126
 -1.60697
 -3.94122
 -2.99711
 -1.4476
 -0.206035
 -1.1377
 0.420679
 -0.0399806
 -0.0220819
 0.273611
 0.415287
 0.124648
 -0.924994
 0.689467
 1.21116
 -0.394511
 0.684774
 1.09117
 -0.393999
 0.73934
 -1.07006
 0.186676
 -3.07477
 -1.15111
 -3.40201
 -1.66676
 -2.00861
 -0.0955749
 -1.91145
 -3.40411
 -4.50758
 -3.86556
 -3.47731
 -4.54599
 -2.80109
 -2.64479
 -1.20826
 -0.383466
 -1.46887
 -0.409877
 -2.54191
 -1.00888
 -2.48497
 -2.86046
 -3.33875
 -0.619612
 -1.45185
 -0.0848853
 -1.20993
 -0.836553
 -1.63979
 0.00917749
 -0.650298
 0.649764
 1.4197
 2.44393
 3.16481
 1.02701
 3.39441
 -1.39613
 1.43737
 0.463101
 1.7969
 1.06074
 1.49579
 1.62911
 -2.68207
 -0.931419
 -0.330648
 -1.8029
 0.610387
 -0.0305268
 2.17103
 -2.43617
 -0.404375
 0.295887
 -1.25433
 0.46431
 -1.48498
 1.29921
 1.02457
 2.35565
 2.02869
 2.24753
 0.35876
 -0.718399
 -1.19957
 -0.742819
 -0.00425011
 0.754471
 -0.239028
 -0.787212
 1.545
 -0.720309
 2.54552
 -0.719414
 0.649198
 0.458069
 -0.965355
 1.64456
 -1.26444
 2.29282
 -2.45503
 2.19622
 -0.63185
 -0.320855
 0.192391
 -1.32116
 0.710436
 -0.0265385
 -0.883111
 2.27669
 -0.0253741
 -1.07154
 0.259313
 -2.17963
 -2.63697
 -1.73013
 1.04473
 -2.72141
 -1.25934
 0.159742
 -1.485
 -2.43892
 -1.38575
 -1.42215
 -1.71876
 -1.66705
 0.0790794
 -0.119146
 3.53046
 -1.20737
 0.387924
 -0.423208
 0.193315
 -1.09373
 -0.379962
 -0.280754
 -1.78514
 0.837033
 -1.13972
 -2.17524
 -1.16406
 -1.90333
 -1.10515
 0.964568
 0.649215
 0.914306
 -1.39597
 1.7502
 0.0766238
 1.05484
 0.186766
 -0.674166
 0.907059
 0.264763
 -0.29881
 0.693488
 0.863251
 0.226931
 1.15432
 1.76698
 -2.27592
 -0.783583
 0.610402
 -0.662029
 0.919813
 -0.856544
 0.78746
 0.926759
 0.436569
 -1.47031
 -1.95039
 -2.53693
 -1.86753
 -2.20766
 -1.25126
 -1.87788
 0.425853
 -1.18474
 -0.243423
 1.00147
 -2.49859
 1.56994
 -1.46836
 0.63405
 0.206105
 0.321896
 0.504381
 -1.67354
 -0.403695
 0.912811
 1.41321
 -0.0616074
 1.76651
 1.17868
 3.29392
 -1.74725
 0.302934
 -0.326513
 -0.570393
 0.452829
 -1.61115
 -0.027415
 -0.0212746
 -1.43171
 -0.94138
 -2.31987
 -1.29871
 -2.48125
 -0.413332
 0.276086
 1.19204
 -2.87139
 1.08299
 0.0270023
 0.80441
 0.580807
 0.136585
 0.475516
 0.781429
 -0.941466
 -1.87552
 -0.296469
 -1.06448
 0.302835
 -1.77452
 -0.883637
 -1.51363
 0.0892229
 -1.91548
 0.140148
 1.13798
 -0.135205
 1.0565
 0.145916
 0.667672
 5.04778
 2.55892
 2.36038
 1.14901
 1.0641
 -0.55978
 -1.52029
 -1.26552
 -2.95249
 -0.933564
 -0.398443
 -1.27495
 -0.413814
 1.25363
 0.560747
 1.25397
 -0.255405
 -0.737832
 -1.98273
 -1.19064
 -4.16845
 0.827249
 -1.44541
 1.50109
 0.341447
 1.03898
 0.902433
 0.587281
 -1.11266
 0.146752
 0.241944
 0.992921
 -0.599351
 2.50754
 2.1138
 -0.466807
 1.40322
 2.05224
 1.68938
 1.77831
 0.25112
 1.38188
 0.007436
 1.11897
 1.84638
 0.264771
 -0.0285991
 -1.71199
 0.175824
 0.341342
 1.01843
 -0.584054
 -2.37796
 -5.04414
 -0.745785
 -1.94686
 1.08772
 -1.6948
 -1.06032
 -0.0128678
 1.35743
 1.72396
 -0.541639
 0.466247
 0.472902
 0.119736
 0.152916
 2.4918
 0.257375
 1.12772
 -1.57163
 -0.836059
 0.180523
 0.311388
 -0.0344898
 0.0406517
 -0.994894
 -1.6304
 -0.602559
 -0.988326
 -2.39635
 -0.305967
 -3.45101
 0.716839
 -1.94961
 -3.84854
 -2.01276
 -0.875378
 -0.940523
 -0.143044
 0.464367
 -0.566541
 0.311678
 -0.712492
 0.359629
 1.05641
 -0.709785
 -0.678603
 -0.76673
 0.19892
 3.80316
 -1.16195
 2.11263
 -1.38708
 -2.31766
 -2.84985
 -3.43722
 -1.92284
 -1.64805
 -0.199839
 -1.22705
 0.560935
 0.512964
 1.63778
 1.25509
 2.28144
 -0.465557
 4.22826
 -0.863634
 3.8198
 -1.24064
 0.652832
 0.619835
 -0.800184
 -1.09902
 -1.22202
 -2.89345
 0.222624
 -0.885327
 0.931496
 -1.62674
 0.752859
 2.32691
 1.66821
 2.26738
 2.59096
 0.299038
 4.90859
 3.32018
 3.17182
 3.31069
 1.24386
 2.51156
 -1.96525
 2.77682
 0.388238
 2.58467
 -0.318556
 -0.0825483
 -0.889036
 -3.35336
 -0.485085
 -1.43055
 0.351602
 -0.0650796
 1.43589
 0.552405
 0.369293
 2.25166
 -1.27667
 0.322813
 -1.68133
 2.33412
 0.346678
 1.43713
 -2.91492
 0.0780489
 0.645902
 0.598855
 -0.297698
 2.81084
 -2.10316
 1.18836
 -1.3317
 -1.46284
 -1.83327
 -1.85978
 0.138775
 0.667046
 1.43731
 1.84022
 1.01655
 1.08958
 1.75866
 1.35301
 1.70207
 0.700159
 -0.139277
 -0.951148
 -0.796259
 -2.07284
 0.620921
 -2.69067
 1.04945
 -0.314734
 2.92898
 -1.26215
 3.35141
 -1.65015
 -0.984813
 -0.922269
 -4.37429
 -2.84386
 -3.25279
 -2.99245
 -1.34231
 -1.11677
 -1.12118
 0.0609723
 -1.74661
 -0.308302
 -1.03715
 -0.706977
 -1.13732
 2.12716
 -2.20513
 2.94943
 0.691706
 0.00415403
 -0.778344
 0.548943
 1.69075
 -0.182807
 1.81552
 1.95898
 0.551812
 1.48358
 -0.470933
 0.452347
 -1.14095
 -0.1059
 -1.24552
 -1.49867
 -0.72886
 -0.804555
 -0.605117
 -0.697451
 -1.24277
 -0.293338
 0.762146
 -0.0529638
 -1.09445
 -0.324865
 -1.13334
 -0.270966
 0.0929049
 1.1507
 -0.111763
 1.24066
 -0.295054
 0.673638
 0.52649
 1.61331
 -1.08493
 3.2295
 1.65114
 2.26561
 1.72532
 1.98991
 0.0174292
 -0.88669
 -0.169955
 -2.7613
 -1.11258
 -1.51755
 -0.500822
 -0.51606
 -0.655856
 1.09133
 -0.316067
 0.349037
 -0.89578
 -0.256922
 1.2642
 1.88493
 1.41695
 1.14431
 -0.440281
 1.49278
 2.98303
 0.634347
 0.523899
 -3.33143
 0.470932
 -1.57438
 -1.36461
 -1.80116
 -2.53002
 -2.61929
 -1.80685
 -1.31733
 -1.52998
 -0.807927
 -2.17292
 -1.46652
 -0.526013
 -0.22049
 0.514136
 1.93576
 0.425047
 0.877914
 0.726161
 1.26413
 1.3795
 2.00181
 1.82808
 1.9242
 0.200858
 1.24658
 1.74952
 1.90042
 1.72935
 1.41491
 1.66398
 0.39263
 2.28848
 3.12799
 0.854771
 1.6229
 -0.206713
 0.930618
 0.809976
 1.39863
 -0.435861
 -1.68023
 -1.14828
 0.899489
 -1.18708
 0.190074
 0.589097
 0.166052
 -0.437745
 0.732019
 1.68089
 0.357226
 0.389074
 0.519153
 0.23585
 0.539984
 -0.160272
 1.07349
 0.116603
 -1.21709
 -1.27992
 0.780478
 -0.676304
 -0.231361
 -3.44513
 -1.09154
 0.396643
 -0.717839
 -0.454775
 -1.73269
 -1.15893
 -0.274818
 0.101071
 -1.45524
 -2.41023
 -0.057648
 -1.20535
 -1.13078
 0.335223
 -0.999798
 3.71914
 -0.795945
 0.328122
 -1.06352
 -0.190201
 -2.51694
 -1.07616
