 -0.108331
 0.943012
 -0.610865
 0.162972
 0.531587
 -0.489797
 0.442923
 0.498078
 1.10139
 0.260135
 0.735003
 1.39066
 0.714012
 0.903103
 0.87433
 1.14694
 0.239335
 0.590564
 0.857069
 1.21236
 1.07188
 0.75343
 0.245761
 0.646896
 -0.202568
 -1.33659
 -1.79247
 -1.08914
 -2.00221
 -0.950067
 -1.87185
 -0.667077
 -1.65593
 -1.02974
 -0.778155
 -0.158087
 -0.192234
 -0.573935
 -0.516633
 -0.0753443
 -0.360074
 -0.225707
 0.0979518
 0.0704563
 1.19614
 1.2649
 0.103443
 0.390435
 -0.230772
 -0.744623
 -0.982743
 -0.621985
 -1.24662
 -0.503289
 0.316914
 -0.402983
 -0.804276
 -0.238731
 -1.84236
 -1.48237
 -2.77351
 -2.81516
 -3.23479
 -2.2567
 -1.54514
 -0.316601
 -0.0495183
 0.494498
 0.465314
 0.520242
 -0.101531
 -0.990393
 -1.09832
 -0.0553933
 -0.383031
 0.394024
 -0.366845
 -0.0870244
 -0.696686
 -0.888791
 -0.47375
 -0.75987
 -0.723709
 -0.198092
 -0.0502298
 1.14403
 2.00142
 2.24704
 1.58417
 1.34038
 0.357196
 0.109046
 0.413591
 0.889866
 -0.0766467
 0.0974951
 -0.429225
 -0.29993
 0.298938
 0.833267
 0.320821
 1.12304
 0.95027
 1.13803
 0.209911
 -0.409202
 -0.0520877
 0.951087
 1.82306
 1.7425
 0.812343
 0.70749
 -0.761153
 -0.411972
 -0.887027
 -0.01972
 -0.649702
 -0.660325
 -1.22319
 -1.15065
 -0.761089
 0.00499198
 -0.647265
 -1.12447
 -1.0799
 -0.595631
 -0.54838
 -0.412376
 -0.700043
 0.588701
 -0.261367
 0.303336
 -1.08321
 0.0767334
 -0.820636
 -2.00344
 -1.06876
 -0.656036
 -0.6897
 -0.803402
 -0.267139
 -1.11258
 -0.744076
 -0.52392
 -0.272729
 -1.04496
 -0.69519
 -0.834983
 -1.33381
 -0.970932
 -1.4363
 -0.319486
 -1.32534
 0.0565786
 -0.144404
 0.282721
 0.309016
 0.517658
 0.911939
 -0.58798
 -0.598853
 -0.205921
 -0.328189
 -0.372758
 -1.06996
 -0.240364
 0.0275431
 0.0222658
 0.0213503
 -0.284212
 0.0778268
 0.710848
 0.854659
 -0.557026
 0.285773
 0.240258
 0.621204
 0.892276
 1.37815
 0.896847
 0.698619
 0.546096
 1.1747
 0.764042
 -0.48803
 0.0881602
 -0.371671
 0.354531
 0.706516
 0.283186
 -1.04236
 -0.855244
 -1.35876
 -1.92427
 -1.58794
 -2.01886
 -1.77595
 -1.73
 -2.21889
 -1.71293
 -0.838043
 -0.999029
 -1.63454
 -1.23341
 -2.12671
 -1.30126
 -0.878076
 -0.103327
 -0.142773
 -0.349988
 -0.508052
 -0.315595
 0.104307
 0.541096
 0.362016
 0.979994
 1.52535
 0.868609
 1.41477
 1.30614
 0.307757
 0.590481
 0.385521
 0.961032
 1.10543
 1.31474
 2.25772
 2.93795
 1.44033
 1.42218
 0.351237
 0.291606
 -0.728059
 0.536969
 1.73679
 -0.182013
 -0.277924
 -0.560933
 -1.7491
 -0.48969
 -0.140214
 -0.135379
 -1.40167
 -1.12719
 -1.85043
 -1.14074
 -0.920206
 0.432009
 -0.255476
 0.459363
 -0.573628
 -0.624562
 -1.13335
 -1.20258
 -1.08121
 0.240578
 -0.601505
 -0.823495
 0.343464
 -0.120909
 0.375008
 1.21254
 0.669984
 1.14976
 0.285438
 1.27527
 0.612749
 0.4976
 0.553703
 0.767113
 -0.15376
 -1.04317
 -2.36565
 -2.19242
 -1.56337
 -1.35848
 -1.16544
 -0.228283
 -0.481285
 -0.535688
 -0.0494289
 -0.132273
 -1.15951
 -0.81132
 -0.765516
 0.490643
 0.268256
 0.387974
 1.37412
 1.48108
 1.95078
 1.90562
 2.29372
 2.04736
 2.03808
 1.14974
 1.63792
 0.583368
 0.330151
 0.0449712
 0.525329
 0.68736
 1.09794
 -0.0171789
 0.198189
 0.506708
 0.574216
 0.0569517
 -0.16267
 -0.193621
 0.405345
 0.547384
 0.940532
 1.08387
 1.62061
 0.846874
 -0.14476
 -0.672719
 0.938704
 1.34054
 1.18341
 1.31783
 0.7817
 0.354548
 -0.818102
 -0.606772
 -0.553924
 -0.514575
 -0.108245
 0.558632
 0.366323
 0.118043
 -0.0017223
 -0.576699
 -0.782378
 -0.275682
 -0.507924
 -0.72669
 -0.29592
 -0.0776747
 0.162882
 1.12178
 1.5381
 1.20095
 1.20209
 0.720309
 -0.24434
 1.08335
 0.828146
 0.583654
 -0.279506
 0.210155
 0.0643376
 0.297262
 0.199085
 1.15768
 0.730197
 -0.672751
 -0.475728
 -0.609859
 -0.837276
 -0.623047
 -0.957552
 -1.19715
 -0.704031
 -0.0391541
 0.00510698
 -1.42899
 -1.08989
 -1.55346
 -0.754951
 -0.95318
 0.0184405
 0.4079
 0.948253
 -0.897031
 -0.883209
 -0.0992739
 -1.19942
 -0.379032
 0.275829
 0.101154
 -0.83692
 -0.109283
 -0.552601
 -0.227125
 0.286946
 0.596753
 -0.0174163
 -1.05921
 -0.466204
 -0.517634
 -0.160712
 -0.0309943
 1.02991
 0.163844
 0.626306
 -0.506098
 -0.00251058
 0.180837
 0.552077
 1.14313
 1.95873
 2.2129
 0.797725
 0.309276
 -0.148089
 0.331872
 -0.389391
 -0.759798
 0.934916
 1.56304
 1.1942
 0.956247
 1.1599
 1.77556
 0.705109
 0.114948
 0.308112
 -0.0900031
 0.309802
 -0.0348352
 0.214333
 1.0792
 0.695997
 1.26037
 1.33749
 1.84492
 1.90961
 1.39854
 1.46814
 2.19429
 2.287
 2.0016
 3.02057
 1.95961
 1.09988
 0.700261
 0.867472
 -0.0990872
 0.084506
 -0.889163
 -1.42378
 -2.27025
 -2.16056
 -1.96605
 -1.45409
 -1.9902
 0.0604553
 -0.847188
 -0.349131
 -0.3718
 0.19859
 0.627506
 0.362066
 0.0033161
 0.0704072
 0.240131
 0.360288
 -0.133417
 0.1726
 -0.199115
 -0.167525
 0.638779
 0.37947
 0.256904
 -1.41312
 -1.39629
 -2.57642
 -2.97502
 -2.02104
 -1.66271
 -1.57386
 -1.55783
 -0.666939
 -1.17184
 -1.15753
 -0.693534
 -1.20355
 -0.83311
 -0.566158
 0.624365
 0.0186956
 0.190966
 0.265288
 0.574485
 0.664572
 0.180748
 0.143706
 0.314854
 -0.74211
 -0.591055
 -0.335533
 -0.437845
 -0.349362
 -0.205451
 1.04103
 0.216301
 1.12391
 0.728849
 0.600453
 -0.182652
 -0.214354
 -0.260298
 -0.588678
 0.307043
 0.0553166
 0.162972
 0.32564
 0.56415
 0.66148
 0.446614
 1.18483
 1.42344
 1.29085
 1.79102
 1.13498
 1.1839
 0.857951
 1.88967
 0.634677
 1.64393
 0.243494
 0.828611
 0.828262
 0.615346
 0.794052
 0.236428
 0.0887738
 -0.572043
 -0.349702
 -0.640966
 -0.338323
 0.30494
 -1.2643
 -0.652678
 -0.445496
 0.260436
 -1.30319
 -0.939595
 -0.369151
 0.580042
 0.683373
 1.21472
 2.10201
 2.00254
 1.87937
 1.94895
 2.09791
 0.896906
 0.0532269
 0.392708
 1.09583
 1.34777
 0.444073
 -0.174115
 1.10187
 0.319814
 0.0729037
 -0.436543
 -0.488968
 -0.380633
 1.42165
 0.47217
 0.475735
 0.722866
 1.62236
 1.49399
 0.445883
 -0.600602
 -0.210649
 -0.356316
 -0.156689
 -0.611715
 -0.208607
 -0.0546923
 0.615464
 1.76387
 1.40251
 0.176249
 0.247832
 0.185766
 1.61666
 1.74022
 1.71859
 0.7247
 0.727945
 0.93399
 0.716399
 -0.541358
 -0.767441
 -0.617937
 -1.16505
 -0.505839
 -0.0845593
 0.281324
 0.95242
 1.62888
 1.0538
 0.521587
 0.922569
 0.905453
 1.40725
 1.03589
 0.668682
 0.817592
 0.288086
 0.0030091
 -0.149037
 -0.457718
 -1.34941
 -1.82008
 -0.765062
 -0.811389
 -0.471841
 -0.199395
 -0.348397
 0.0122123
 0.56759
 0.75712
 0.387909
 -0.849628
 0.628024
 0.725426
 0.759648
 1.13604
 1.03147
 1.4067
 2.21633
 1.69118
 2.26304
 1.8958
 1.75299
 2.03127
 1.76753
 2.69215
 1.97248
 2.08139
 1.5776
 1.64781
 2.23694
 1.89052
 1.90625
 0.846575
 -0.213949
 -0.84147
 -1.76008
 -0.837746
 -1.45345
 -0.948442
 -1.94876
 -2.04111
 -1.88233
 -2.34981
 -1.75797
 -1.23712
 -1.17533
 -1.65939
 -0.958849
 -0.951804
 -2.01587
 -1.8637
 -0.830425
 -0.18532
 0.796798
 0.268375
 -0.444447
 1.45663
 1.043
 0.45935
 -0.11393
 0.123168
 -0.483403
 0.153637
 -0.340913
 -0.292163
 0.937501
 1.09816
 -0.385354
 -0.648627
 -0.794043
 -0.745616
 -0.245582
 0.350691
 0.323742
 1.59316
 1.84273
 0.663274
 -0.0910209
 0.400428
 -0.419036
 0.511987
 -0.665599
 -1.13333
 -1.50932
 -1.68357
 -1.68209
 -1.62142
 -0.538074
 -1.10856
 -1.41872
 -1.57896
 -1.01585
 -0.244786
 -0.287352
 -0.386895
 -0.442604
 -1.06937
 0.0436712
 0.619603
 0.426364
 0.413397
 -0.2223
 0.133988
 -0.453553
 -0.477686
 -0.264286
 -0.758504
 -0.371917
 0.704331
 0.989568
 0.695349
 0.625047
 0.571209
 1.41841
 -0.491625
 -0.284462
 -0.73005
 -1.02708
 0.196206
 -0.492624
 -0.189736
 0.348395
 0.956743
 0.302022
 1.21866
 1.18685
 0.390282
 0.943736
 0.751467
 0.374005
 -0.284491
 -0.859449
 -0.504577
 -1.57109
 -1.90161
 -1.50332
 -1.16726
 -0.288501
 -1.24255
 -1.13868
 -0.351079
 0.104202
 -1.27613
 -1.08104
 -1.37265
 -0.804836
 -0.713332
 -1.09885
 -0.581623
 -0.716796
 -0.130041
 0.218594
 0.73457
 0.452559
 -0.0600794
 -0.746997
 -0.135615
 -0.352421
 0.100056
 1.40142
 0.602812
 1.65155
 1.84707
 1.03892
 1.3145
 1.4593
 0.349938
 0.93797
 1.38748
 1.33314
 1.5719
 1.12836
 0.0492468
 -0.205896
 0.0213143
 0.413513
 1.06306
 1.07228
 2.05533
 2.03456
 1.91483
 2.03975
 1.35451
 0.888784
 0.994126
 0.601617
 -0.178597
 -0.518319
 0.395294
 0.269599
 0.773644
 1.33831
 0.666565
 0.067858
 -0.311778
 -0.713165
 0.409627
 0.802925
 0.406668
 0.286188
 -0.582031
 -0.797224
 -0.650175
 -0.748986
 -0.664685
 -0.174408
 -0.141483
 -0.32977
 -0.729082
 -0.271922
 -0.395127
 0.0602042
 -0.136428
 -0.40377
 0.76307
 -0.0758567
 0.0174433
 -0.355834
 -0.312424
 -1.24701
 -1.4238
 -0.0440531
 0.333832
 -0.507753
 -1.12238
 -0.518675
 -0.682335
 0.653635
 -0.0319941
 -0.862651
 -0.657048
 -0.750678
 0.583618
 -0.219225
 1.29947
 0.858487
 1.82445
 2.2781
 1.8096
 1.70636
 1.76826
 1.0229
 0.677958
 -0.362283
 0.461446
 0.858891
 0.537769
 1.5923
 1.62239
 1.09753
 1.5444
 1.9235
 1.44073
 1.64583
 1.59655
 0.922782
 1.31488
 1.75778
 2.73071
 2.16067
 2.6894
 0.465358
 0.52016
 0.379701
 0.432302
 -1.29628
 -0.631187
 -0.97217
 -1.57637
 -1.66012
 -1.7387
 -0.702779
 -0.712578
 -1.53
 -1.0652
 -1.26075
 -1.47556
 -0.650111
 -1.21875
 -0.785409
 -1.66481
 -2.78654
 -1.95165
 -2.42432
 -1.63597
 -1.41765
 -0.176466
 -1.05313
 -0.953542
 -1.53742
 -1.90393
 -1.44314
 -1.67622
 -0.696384
 -0.3349
 1.08806
 0.38229
 0.959856
 1.02403
 0.797614
 0.29876
 0.0945429
 0.282718
 1.10105
 1.75943
 1.96636
 1.97961
 1.16814
 1.65638
 1.50532
 1.17224
 -0.102417
 0.395709
 1.11065
 1.43736
 0.734491
 1.73344
 0.646426
 0.310311
 -0.233092
 1.31459
 0.837587
 1.08523
 1.44008
 0.936754
 0.123539
 0.350152
 0.478208
 0.286981
 0.263778
 -0.642286
 -0.703989
 -0.57459
 -0.522873
 -0.329369
 -0.809658
 -0.489996
 0.0274588
 0.103852
 -0.233218
 -0.299936
 -0.257917
 -0.773768
 -0.429921
 -0.572538
 -0.831222
 -0.727004
 -0.60295
 -1.13932
 -1.19756
 0.00541386
 -0.382575
 0.0244499
 0.664274
 0.278617
 0.852984
 1.11074
 1.497
 0.582432
 0.109996
 -0.311824
 -1.13676
 -1.5978
 -1.96865
 -2.57845
 -1.90211
 -1.00318
 -0.776066
 0.160451
 0.95575
 0.353407
 -0.0762103
 0.116975
 0.949712
 1.06081
 0.636323
 0.172074
 0.72856
 0.125985
 0.404575
 0.412033
 0.381772
 0.546262
 0.659384
 0.839307
 0.0721162
 -0.587071
 -0.965858
 -1.39512
 -1.46868
 -0.545118
 -1.49228
 -1.37619
 -1.06379
 -1.01146
 -1.06666
 -1.19103
 -1.49147
 -0.465444
 -0.189932
 -0.436864
 -0.911454
 -0.341616
 -0.238474
 1.00009
 0.504767
 0.268209
 -0.395601
 -1.9318
 -2.5201
 -1.28593
 -0.208598
 -1.45069
 0.407611
 0.0841846
 -0.635436
 0.147377
 -0.536815
 -0.160617
 -0.617635
 -0.873595
 0.14764
 0.421255
 -0.143712
 -0.593493
 -1.29478
 -0.598826
 0.0292317
 0.887329
 -0.174442
 0.365461
 -0.27952
 0.56
 0.351223
 0.475212
 0.824491
 0.0410798
 0.0170179
 0.547583
 0.174882
 -0.442908
 -0.931461
 -1.65668
 -0.720219
 -0.929414
 -1.59614
 -0.367211
 -0.254997
 0.117927
 -0.0591016
 0.948019
 0.956299
 1.3914
 1.76752
 2.20244
 0.548333
 0.247112
 -0.826067
 -0.634333
 -0.77471
 -0.951204
 -0.620764
 -1.19538
 -0.248267
 -0.588441
 -0.527592
 -0.734101
 -0.456155
 -0.973114
 -0.400931
 -0.945792
 -0.591065
 0.202718
 0.105007
 0.910471
 0.696199
 -0.134218
 0.418493
 0.55631
 -0.0510591
 0.113502
 -1.2701
 0.50297
 0.789398
 -0.187398
 -1.03942
 -0.581699
 0.306414
 1.02383
 0.224653
 -0.0513307
 0.208978
 0.19925
 0.91777
 0.196629
 0.604945
 0.617113
 -0.30555
 -0.640841
 -0.490295
 -0.656193
 -1.48816
 -0.721276
 -0.812374
 -0.667836
 -1.32766
 -1.12496
 -0.148092
 -0.249411
 0.0984635
 -0.190424
 0.01308
 0.513949
 0.215062
 0.739756
 -0.138249
 0.543592
 0.518627
 0.420743
 0.490821
 0.201153
 0.104799
 0.229131
 0.254355
 0.533681
 0.235112
 -1.25517
 -1.05696
 -1.09715
 -2.1195
 -0.588052
 -0.607686
 -0.218285
 -0.713155
 -1.20833
 -1.03343
 -0.813741
 0.474624
 -0.617362
 -0.29564
 -0.286665
 0.676181
 1.70731
 2.72475
 2.33093
 1.35005
 0.695773
 -0.542744
 -0.458661
 -2.66366
 -2.38865
 -2.74679
 -1.03944
 -1.96348
 -1.59939
 -0.990377
 -0.813047
 -0.498478
 -0.110879
 -0.489
 -0.55228
 -0.798234
 0.279533
 0.317546
 0.315296
 0.506298
 0.935929
 1.27069
 0.701766
 0.810578
 0.702158
 0.0788546
 -0.391223
 -1.75363
 -0.772958
 -1.2961
 -0.805748
 -0.653571
 -0.525254
 0.136419
 0.83011
 0.868148
 0.626586
 0.656101
 -0.145082
 -0.294392
 -1.7107
 -1.72557
 -1.18582
 -0.558364
 0.423358
 0.338539
 -0.41324
 -1.52873
 -1.16303
 -0.379645
 -0.135283
 -0.0431593
 -0.162772
 -0.017604
 0.0334963
 -1.22701
 -1.41096
 -1.04952
 -0.369182
 0.628481
 0.487667
 0.00984048
 -0.564191
 -0.333451
 -1.12695
 -1.41451
 -0.643258
 -0.316671
 -0.777535
 0.08736
 -0.584532
 0.753172
 0.791041
 1.84173
 1.55149
 2.66251
 3.9362
 2.73903
 1.92937
 0.997218
 0.446681
 1.0893
 0.789322
 2.03019
 0.690113
 -0.119267
 -0.53227
 -0.456384
 0.131923
 1.04812
 -0.282536
 -0.579848
 -1.45642
 -0.367443
 -1.62993
 -0.989008
 -0.444622
 -0.261298
 -0.231391
 -0.479788
 0.462734
 -0.973768
 -0.250041
 -1.5359
 -0.622488
 -0.526195
 0.0898681
 0.986493
 0.535035
 0.911078
 1.84876
 1.12125
 0.983957
 1.74383
 1.25179
 1.29956
 0.710852
 0.538596
 0.395747
 -0.91153
 -0.360828
 -0.863625
 -1.24049
 -0.470199
 -1.14119
 -1.17689
 -0.266716
 -1.07424
 -1.17443
 -0.991203
 -0.531493
 -0.475459
 0.269864
 0.459369
 1.45145
 2.15462
 3.02731
 2.00419
 1.63947
 1.12627
 1.42825
 1.13297
 1.15533
 0.549698
 0.757312
 1.38398
 1.21143
 1.9693
 2.34376
 2.68222
 3.14276
 2.10593
 0.777789
 0.390797
 -0.00391915
 0.197332
 1.58631
 0.513473
 0.113949
 0.168877
 -0.419609
 0.0754449
 0.032648
 0.182415
 0.371342
 -0.0757268
 -0.647278
 0.172155
 -0.115061
 -0.131184
 -0.836907
 -1.80387
 -0.979006
 -0.514184
 0.278392
 1.25276
 0.455819
 0.877674
 0.417449
 1.52067
 0.867901
 1.46229
 1.88644
 1.75922
 0.418006
 1.19189
 0.460753
 1.1419
 -0.599005
 0.0480816
 0.352837
 -0.797377
 -0.508182
 0.0203223
 -0.403284
 -0.487079
 -1.14261
 -0.613583
 0.314327
 0.536811
 0.610369
 -0.668566
 -0.0699606
 0.977324
 -0.406724
 0.666403
 0.413802
 -0.0671267
 -0.489122
 -0.806553
 -0.229845
 0.421055
 0.217613
 0.589425
 0.501676
 0.857445
 1.33167
 0.715909
 0.54694
 0.678578
 -0.71394
 -0.183237
 -0.151033
 0.882418
 0.529774
 0.257547
 0.944795
 0.737744
 1.33265
 1.73082
 2.23196
 1.80144
 1.55386
 1.31916
 -0.139128
 -0.0340204
 -0.821374
 -0.0682641
 -0.287989
 -1.07354
 -1.04263
 -1.85896
 -2.08797
 -1.15378
 -0.504921
 -1.32827
 -0.875199
 -0.134311
 -0.0805136
 -0.404395
 0.188554
 1.08337
 0.871759
 0.672259
 -0.439495
 -1.57694
 -1.79331
 -2.28653
 -1.0752
 -0.905847
 0.237115
 0.328802
 0.179182
 -0.716656
 -1.20624
 -0.731228
 -0.471227
 -0.29542
 0.452186
 -1.34987
 -0.12904
 -0.299965
 0.0687212
 0.4663
 1.37491
 0.327338
 -0.436726
 -0.154051
 0.270842
 -0.479142
 -1.00361
 -0.587082
 -0.727832
 -0.682667
 -0.837384
 -0.924013
 -1.18714
 -0.150877
 -0.0595809
 -0.617254
 -0.658372
 -0.168391
 0.499366
 0.882198
 0.647992
 0.35497
 0.895881
 0.792906
 -0.0326603
 0.639021
 -0.24428
 -1.02798
 -1.32198
 -0.921202
 -0.763189
 -0.691996
 -1.50089
 -0.859532
 -1.12015
 -0.971198
 -1.21383
 -0.550642
 0.748044
 0.785077
 1.36905
 -0.266981
 -0.482443
 -1.22529
 -1.09586
 -2.13703
 -2.36236
 -2.09094
 -0.542161
 -0.0395318
 0.480888
 -0.61167
 -1.01162
 -0.599665
 -0.482102
 1.09201
 0.208829
 0.661219
 0.0154735
 0.806076
 0.151755
 1.4231
 1.48253
 1.30531
 1.09951
 1.02866
 0.674352
 0.351641
 0.298342
 0.306923
 0.462371
 -0.482736
 -0.484402
 0.255142
 0.441196
 0.0725769
 1.56083
 1.86047
 2.20242
 1.23086
 1.15757
 -0.188813
 0.29156
 -0.152312
 -0.240225
 -0.581357
 -0.534822
 -0.977258
 -1.61828
 -1.94094
 -1.80975
 -1.58012
 -2.30739
 -1.87898
 -1.14607
 0.0350302
 0.283216
 -0.588112
 1.16877
 0.865273
 0.760349
 -0.190569
 -1.25066
 -0.680486
 -1.22753
 -1.8063
 -2.03111
 -0.463103
 0.868102
 0.638249
 0.0176518
 0.526615
 0.275916
 0.0606984
 0.191586
 -0.412744
 0.127924
 -0.113429
 -0.840508
 0.0690833
 0.268774
 0.835309
 -0.528791
 -0.161986
 -0.923347
 -0.278029
 0.397384
 -0.499513
 -0.390739
 -0.680316
 -0.508679
 -0.407443
 0.918597
 1.06966
 0.941832
 0.725777
 0.46722
 1.36383
 0.865611
 0.132043
 0.332691
 1.34311
 2.10328
 2.20189
 1.93275
 2.70928
 1.22802
 1.07971
 1.04296
 0.36409
 0.0067852
 -0.974704
 -1.45856
 -1.89912
 -0.611243
 -0.200963
 0.162682
 0.69739
 0.75888
 0.81702
 0.335942
 -0.165268
 0.216791
 -0.144423
 0.202744
 0.580254
 -0.143358
 0.290295
 0.49372
 0.774316
 0.754085
 0.810208
 0.572747
 1.22405
 0.623965
 0.647134
 0.922432
 0.898818
 0.112723
 -1.35214
 0.522622
 0.253237
 0.885176
 -0.232908
 1.12449
 0.915849
 1.70122
 0.519315
 0.387928
 -0.389935
 1.47407
 0.837787
 0.483208
 1.40215
 0.185777
 1.33351
 2.60517
 2.13169
 1.61668
 0.992587
 -0.455587
 -0.709413
 -0.89434
 -0.819544
 -1.10817
 -0.562624
 0.59944
 0.33731
 0.509394
 0.631602
 1.79847
 2.60974
 2.76006
 1.94247
 1.7598
 1.95832
 1.75425
 1.22666
 1.70029
 0.924325
 1.6039
 0.56514
 -0.595316
 1.18816
 1.48552
 1.215
 2.13742
 1.75604
 1.13879
 0.319308
 -1.98408
 -2.35528
 -1.7277
 -1.77815
 -0.942872
 -1.42832
 -1.77281
 -0.706394
 -0.731205
 0.2937
 0.690665
 1.05734
 -0.0779931
 -0.336588
 -0.0709478
 -0.129328
 1.66594
 1.18177
 0.588666
 0.156988
 0.0118425
 -0.704166
 0.204017
 0.448178
 -0.121057
 -0.244769
 0.309373
 -0.151715
 -0.361018
 -0.812143
 -1.6207
 0.332778
 0.104325
 -1.00998
 -0.351422
 -0.264882
 -0.0264601
 0.62332
 -0.559859
 0.250275
 0.55326
 0.349529
 -0.385474
 0.382997
 -0.931062
 -0.256719
 -0.673609
 0.191402
 -0.450252
 -0.566016
 -0.0219361
 0.994538
 0.464749
 0.0975824
 -1.18517
 -0.453495
 -0.588006
 -0.667676
 -0.396012
 0.166097
 0.220092
 0.350585
 -0.670681
 -0.533531
 -0.470152
 -1.42242
 -1.56928
 -1.29622
 -0.883251
 0.167187
 0.0653683
 -1.09177
 -0.832521
 -0.747903
 -0.945131
 -0.0794427
 0.107566
 0.265311
 0.377746
 -0.616851
 -0.518717
 -0.900373
 -0.461424
 -1.60711
 -1.21773
 -2.27153
 -0.649644
 -1.13268
 -0.238688
 0.662769
 0.935803
 1.60614
 0.928412
 0.32538
 -0.293684
 -0.025193
 0.243217
 0.392769
 0.815768
 1.1005
 0.466049
 0.888138
 0.249874
 1.33301
 1.70254
 2.19879
 1.83203
 2.94453
 3.06542
 3.2789
 3.26381
 3.1589
 2.79461
 1.48463
 0.685983
 -0.56699
 -0.77144
 -1.08131
 -1.07852
 -0.159613
 0.0692733
 -0.186671
 0.429306
 -0.226099
 -0.158077
 0.121667
 0.397512
 0.818508
 -0.00405931
 0.640168
 0.142584
 0.871144
 1.39047
 1.07592
 1.08476
 1.42431
 0.760314
 0.753658
 1.48107
 0.682522
 0.0941478
 0.222104
 -0.46527
 -1.33561
 -1.32228
 -1.77995
 -0.983239
 -1.45185
 -0.939389
 -1.37311
 -1.10537
 -0.292984
 0.244236
 1.20117
 0.0516387
 -1.8054
 -0.612058
 0.246877
 1.85826
 0.501265
 0.16264
 -0.28493
 -0.222325
 0.44805
 1.71656
 2.57129
 2.07542
 1.46592
 1.13107
 1.63281
 0.4102
 -0.18154
 -0.591152
 -0.0385675
 -0.39957
 -0.0411671
 0.720861
 -0.242451
 1.04912
 -0.18172
 -0.164091
 0.636497
 -0.898687
 -1.37978
 -0.747994
 -0.93479
 -0.777628
 0.190383
 -0.651194
 -0.405801
 0.151239
 0.417752
 0.924063
 0.685411
 0.26767
 1.21873
 1.2188
 1.01296
 -0.20165
 0.93688
 0.622381
 1.66436
 2.65738
 3.56082
 1.97308
 2.62621
 1.80793
 0.821361
 0.930369
 0.200701
 0.55268
 0.981207
 0.86838
 0.781905
 0.456482
 -0.179616
 -0.871093
 0.371643
 0.571467
 0.781107
 -0.174275
 0.0417936
 1.40967
 0.933908
 0.637647
 0.0771117
 0.277449
 0.298651
 0.143544
 0.249758
 -0.286335
 -1.6026
 -0.979039
 -0.305984
 0.0870979
 0.0680031
 -0.731075
 -0.846471
 -1.22031
 -0.950303
 -1.72291
 -2.3214
 -2.65836
 -2.41781
 -1.13037
 -1.48656
 -1.29536
 -1.65114
 -0.514958
 -0.42941
 -0.6408
 0.274161
 -0.67303
 -0.940919
 -0.7652
 0.0107238
 -0.859136
 -1.14459
 -0.102971
 -0.456137
 -0.91872
 -0.59203
 -0.708059
 0.180633
 -0.511691
 1.35524
 0.767058
 2.09165
 1.56628
 0.404437
 1.05141
 1.26771
 0.0110107
 0.532719
 0.609949
 0.464577
 0.251779
 0.0173597
 -0.275139
 0.196057
 0.0538276
 -0.398577
 -0.600781
 -0.386395
 0.00900402
 1.37509
 1.4421
 2.07846
 1.25597
 0.551165
 0.491148
 0.318084
 -0.513691
 -0.499638
 -1.40496
 -0.503454
 -0.592988
 -1.11278
 -1.05034
 -1.27677
 -1.46638
 -2.13655
 -1.1666
 -0.952002
 0.658505
 -0.0531805
 0.247202
 0.467172
 0.725066
 -0.00247786
 -0.143455
 -1.07057
 -0.735358
 -1.26794
 -1.01824
 -0.871113
 -1.90729
 -0.722361
 -0.0630112
 -0.702415
 -0.546411
 0.394231
 0.823408
 1.09647
 0.757397
 1.26956
 1.66909
 1.5336
 0.789895
 0.493134
 0.000444997
 -1.08131
 -0.818221
 -0.80377
 -1.21402
 -1.39446
 -0.908347
 -1.34649
 -0.824249
 -0.290079
 1.4344
 2.05073
 2.38873
 1.3198
 1.36736
 0.95175
 0.325191
 0.566948
 0.619289
 0.67085
 0.935083
 0.0268425
 -0.196337
 0.10588
 -0.147986
 -1.67045
 -1.85026
 -1.90185
 -1.4707
 -1.37877
 -1.7811
 -0.610843
 -0.918139
 -0.266852
 -1.89267
 -0.842292
 0.670826
 0.700659
 -0.166953
 0.603811
 -0.200607
 -0.10467
 0.317871
 1.42872
 1.29105
 1.40783
 2.16388
 1.77009
 1.6589
 0.532991
 0.335423
 -0.285482
 -0.319381
 0.234586
 -0.858417
 0.255828
 0.25529
 0.311108
 -0.265159
 -0.500984
 -0.948036
 0.0811024
 0.51097
 -0.131894
 0.57874
 1.53949
 2.28651
 1.73705
 2.93842
 1.13764
 0.569901
 -0.90095
 -0.70835
 -1.87079
 -1.43996
 -1.15457
 -0.531572
 0.521362
 0.0787215
 -0.086116
 -0.337315
 0.247831
 -0.42669
 -0.308833
 -0.0489724
 -0.356067
 -0.181254
 -0.333414
 0.340481
 0.0578676
 -0.744973
 -0.144376
 -0.0896237
 -0.575097
 -0.91061
 -1.90265
 -1.98929
 -0.964212
 -1.54189
 -1.46457
 -1.34386
 -1.41212
 -0.820691
 -1.21203
 0.0424622
 -0.231651
 -0.901864
 -1.47869
 -1.8516
 -1.123
 -1.35072
 -1.2671
 -0.548093
 -1.29624
 -0.813236
 -0.889312
 -0.483729
 -0.738648
 0.599373
 1.61969
 1.65497
 1.46934
 1.59045
 2.57589
 3.01197
 3.23476
 1.67889
 1.08537
 0.26013
 -0.362694
 0.0254394
 0.933509
 0.118159
 -0.0727447
 -0.293765
 -0.694525
 -0.68079
 -0.808428
 -1.09817
 -0.160488
 0.574676
 0.353576
 -0.706272
 -0.239742
 -0.272843
 -0.0580069
 -0.235164
 0.328459
 -0.486334
 -0.723745
 -0.773935
 -0.919125
 -0.0653589
 0.210837
 0.28685
 0.609685
 0.736432
 0.318482
 -0.0939727
 0.278497
 0.928021
 0.227732
 0.511517
 -0.203304
 -0.38673
 0.128153
 -0.579757
 -0.125203
 -0.57116
 -0.436791
 0.569578
 0.627955
 1.55433
 1.32603
 1.01795
 0.296402
 -0.249836
 0.141523
 0.240945
 -0.309316
 -0.715375
 -0.506835
 -0.563755
 -0.592237
 0.61819
 0.878883
 0.800595
 0.252323
 -0.716232
 -0.891531
 -0.287289
 -0.25514
 -0.212115
 -0.00359815
 -0.147964
 0.145597
 0.48318
 -0.218652
 -0.0754286
 -0.714171
 -1.00964
 -0.913826
 -0.571268
 0.676972
 -0.422543
 0.0947135
 0.216101
 -0.03517
 0.109485
 0.752616
 0.853098
 0.161583
 0.0477473
 0.366566
 1.28145
 2.28427
 0.749874
 1.50343
 0.487164
 0.40033
 1.10502
 1.51502
 0.523411
 -0.0339956
 -1.13115
 -2.07006
 -1.33227
 -0.719991
 -1.18228
 -1.5377
 -0.151683
 -0.941676
 -0.914283
 -0.904073
 -1.86071
 -3.24258
 -2.88976
 -2.44564
 -2.55558
 -1.02741
 -2.04623
 -0.884321
 -0.616646
 -0.708234
 0.324327
 -0.268374
 -0.460275
 -1.00269
 -1.98162
 -0.357208
 -0.16569
 -0.321088
 -0.0507339
 0.253849
 1.11511
 0.387839
 0.187359
 0.253611
 0.990226
 1.52972
 2.30005
 2.28375
 1.50226
 1.53287
 0.58954
 0.180003
 -1.00143
 -0.894252
 -1.56859
 -0.407393
 -0.441948
 0.308923
 -0.00940225
 0.715926
 -0.0347608
 -0.899192
 -1.10186
 -0.312783
 -0.438116
 0.347998
 -0.417801
 -1.13137
 -0.314753
 0.121964
 -0.503715
 -0.80216
 1.05237
 -0.128238
 -0.656789
 -0.85586
 -0.591164
 0.442892
 0.252517
 -0.247851
 -0.482136
 -0.015974
 0.126027
 -0.715566
 -0.303104
 -1.07369
 -0.411235
 -0.526563
 -1.86329
 -2.50435
 -2.39603
 -1.26321
 -1.35082
 -1.85711
 -2.15768
 -2.12354
 -2.19884
 -1.06143
 -0.0565921
 -0.046401
 0.372248
 0.365831
 -0.301787
 0.10425
 0.0413158
 0.608282
 -0.10576
 -0.581906
 -0.0427455
 -0.209332
 0.136539
 0.594708
 1.433
 0.606688
 1.43546
 -0.311265
 -0.349351
 0.595592
 0.854496
 1.88322
 1.28698
 1.33143
 2.10689
 1.79614
 0.574456
 1.61306
 1.10931
 0.831427
 0.0512868
 0.464529
 0.24421
 0.293344
 -0.0124781
 -0.526333
 -0.931769
 -0.0448633
 0.221635
 0.750144
 -0.106642
 -0.253463
 -0.7231
 -1.26447
 -1.23859
 -0.2163
 0.320071
 0.748443
 0.93411
 1.08758
 0.54745
 0.549461
 0.521703
 0.0343935
 -0.103065
 0.717795
 -0.588334
 0.0882359
 -0.132611
 -0.61742
 -1.69264
 -1.30229
 -1.9675
 -1.12579
 -0.345345
 -0.659327
 0.632707
 0.288032
 -0.445893
 -1.10475
 -1.27454
 -0.454732
 -1.57764
 -1.0125
 -0.985752
 -0.747191
 0.649372
 -0.301834
 -0.663142
 0.365918
 -0.26704
 -0.503023
 -0.0700445
 -0.249536
 0.834935
 0.659902
 1.83939
 2.20735
 2.38405
 1.34099
 1.98179
 1.67963
 1.33834
 1.6454
 1.73207
 1.10559
 1.06968
 0.536561
 0.902252
 1.3191
 1.98681
 1.50594
 1.76726
 0.957308
 1.5734
 1.52651
 1.67906
 1.1088
 0.378468
 0.736749
 0.470297
 1.03017
 0.184952
 -0.874903
 -0.560237
 -0.531252
 -0.788295
 0.630899
 0.830561
 -0.166419
 -0.666891
 -1.01184
 -1.27683
 -1.4334
 -1.88883
 -0.951783
 -1.13105
 -0.505636
 -0.00553514
 -0.561277
 -0.622236
 -0.132638
 0.245179
 0.21326
 0.41657
 0.742439
 1.00634
 1.7518
 1.3903
 0.819517
 0.115986
 0.304113
 -0.458102
 -1.00254
 -0.820425
 -0.763112
 -0.60658
 -0.596308
 -1.51128
 -2.37288
 -1.23133
 -1.90807
 -1.3143
 -1.0226
 0.209422
 -0.124735
 -1.00475
 -1.179
 -2.33197
 -1.39403
 -1.1001
 -0.0456631
 0.119889
 0.528812
 0.074141
 1.21362
 0.254886
 0.0709605
 -0.688867
 0.246274
 0.901488
 0.377398
 -0.245386
 -0.512155
 0.30057
 0.331304
 0.513953
 0.0767492
 -0.514095
 -0.667156
 -0.591232
 -0.476432
 -1.31433
 -0.607756
 -0.637083
 -0.560337
 -0.369203
 -0.967927
 -0.45243
 -0.50388
 0.0818999
 -0.807089
 -0.301248
 -0.426367
 -0.316541
 0.84376
 -0.104747
 -0.407717
 -0.235487
 -0.632625
 0.448636
 -0.354122
 0.218133
 0.797584
 0.111754
 1.50633
 2.19456
 1.73957
 1.06823
 0.724938
 -0.651909
 -0.688905
 -1.439
 -0.493939
 -0.535113
 -0.469929
 -0.298899
 -0.26691
 -0.625781
 -0.0148063
 -0.141176
 0.210378
 0.660772
 0.841871
 0.342298
 0.266011
 1.43988
 1.30256
 2.59376
 2.39999
 1.40444
 1.11438
 1.97029
 1.54984
 0.063735
 -0.61562
 -0.433442
 0.495063
 -0.258166
 0.0237039
 0.145594
 -1.08975
 -0.368306
 -0.583788
 -1.11986
 -0.425049
 -0.691488
 -0.250569
 0.253959
 0.260566
 -0.58952
 -0.515124
 -0.802003
 -0.620387
 -0.539112
 -0.441166
 -1.11264
 -0.830139
 -1.02893
 -0.386179
 -1.13382
 -1.55258
 -1.54683
 -1.74333
 -0.997349
 -1.47322
 -1.78549
 -2.12073
 -1.86462
 -1.20851
 -1.12484
 -0.965562
 -0.406047
 0.139033
 -0.383865
 0.0851872
 0.135725
 0.725972
 0.661314
 0.227743
 -0.410401
 -0.536257
 0.160261
 -0.521858
 -0.461584
 0.0570927
 -0.126764
 0.055912
 0.0423538
 1.26839
 0.81239
 1.18831
 -0.23807
 -0.18265
 0.476414
 0.100585
 0.302149
 0.78512
 0.00107738
 0.839846
 0.183661
 0.719733
 1.17252
 0.951199
 1.29923
 0.699096
 2.04284
 2.15985
 2.359
 1.38746
 1.29215
 1.53939
 0.943773
 1.05226
 1.36029
 1.88485
 0.858798
 1.50341
 0.680532
 0.86122
 -0.0369186
 0.177635
 -0.275731
 -0.339813
 -0.0914603
 1.65881
 1.42253
 0.862298
 1.46933
 0.0778628
 -0.0431046
 -1.21297
 -0.760147
 0.335013
 -0.856305
 -0.369694
 0.457668
 1.07116
 0.624505
 0.492636
 0.558084
 -1.21491
 -0.583079
 -1.35463
 -0.779827
 -2.14048
 -1.25936
 -1.59148
 0.243515
 -0.844275
 0.169475
 -0.364587
 -0.85403
 -1.55101
 -1.79754
 -1.3348
 -1.5144
 -0.803028
 -0.0800692
 0.804332
 0.524802
 0.41763
 0.00477174
 -0.341054
 -1.64249
 -1.66458
 -2.37832
 -1.62745
 -1.14684
 -1.30134
 -0.896312
 -0.562765
 -0.756389
 -1.16158
 -1.10684
 -0.480685
 -1.13714
 -0.931238
 -1.08429
 -0.526474
 -0.111567
 0.865209
 0.474109
 1.32018
 0.217866
 -0.0533873
 -0.265849
 0.104107
 0.584348
 -0.538655
 0.293241
 -0.44299
 0.254905
 -0.0564955
 -1.2768
 -0.337925
 -0.839861
 -0.91632
 -0.692324
 -1.70668
 -1.16555
 -1.76356
 -1.80139
 -1.8256
 -2.63196
 -1.43199
 -0.78567
 -0.588788
 0.483576
 0.677367
 0.109435
 1.5539
 1.97218
 1.58533
 1.83816
 2.02887
 1.82631
 1.2829
 1.7389
 0.451311
 0.556403
 -0.0530072
 -0.305536
 0.501675
 -0.685091
 -0.887822
 -0.572287
 -0.957724
 -0.589506
 -0.536737
 -1.23694
 -0.497876
 -0.592569
 -1.53146
 -2.27064
 -1.95242
 -0.618701
 -1.4879
 0.329367
 0.303255
 -0.292783
 -0.039411
 0.180704
 0.59221
 0.0604295
 -0.0612353
 0.632387
 0.452283
 0.114872
 0.759383
 0.635868
 2.13169
 2.17347
 1.03305
 1.68584
 1.83194
 1.44696
 1.27407
 1.63694
 0.90816
 0.13849
 0.263382
 0.934466
 1.64485
 0.881142
 0.372322
 -0.0918245
 -0.0560318
 0.69085
 -0.0346313
 -0.0211742
 -0.726794
 -0.530997
 0.343914
 -0.139265
 -0.884567
 -0.427729
 0.479251
 0.908764
 1.1617
 1.27174
 0.354847
 0.643819
 0.98067
 0.553427
 0.325906
 0.163999
 0.459514
 0.123587
 -0.216483
 0.131532
 -0.21991
 -0.709718
 -1.3374
 -2.06044
 -0.987065
 -1.57725
 -0.148599
 -2.08093
 -2.54245
 -1.59031
 -1.61787
 -1.55365
 -1.40776
 -0.769303
 0.697066
 0.81639
 1.0911
 1.08413
 1.33117
 1.12179
 1.12415
 0.169406
 0.0746265
 -0.731142
 0.0990485
 -0.16874
 -0.270136
 0.27075
 0.260924
 0.76519
 0.218294
 0.0373007
 1.26449
 1.02171
 1.04144
 1.08971
 1.50834
 1.03241
 0.435109
 0.0444568
 0.296987
 -0.979301
 0.195006
 -0.646317
 -0.715779
 -0.595611
 0.609391
 -0.60552
 -1.30724
 -0.830394
 -0.967262
 -0.372891
 -1.38523
 -0.679068
 -1.17769
 -0.72878
 0.201989
 0.366958
 0.602237
 0.495499
 -0.407585
 0.382547
 0.196864
 -0.493204
 -1.21085
 -0.717828
 -0.0341855
 -0.112481
 -0.910089
 -0.450486
 -0.863899
 0.723281
 1.28584
 1.27536
 0.892401
 0.511723
 0.213088
 0.221251
 0.300388
 0.479484
 0.60158
 1.64055
 1.45908
 1.69649
 0.827753
 0.122451
 -0.532937
 -1.60166
 -0.90532
 -0.476864
 -1.27657
 -0.70396
 0.0761059
 0.350657
 0.161173
 -0.322208
 -1.10451
 -0.928612
 -1.26738
 -0.571089
 -0.703841
 -1.34906
 -1.02491
 -0.846525
 -0.584189
 -0.705892
 -0.0120709
 -0.278897
 -0.403414
 0.5765
 0.0396771
 -0.2553
 0.0438369
 -0.548265
 -0.212665
 -1.07241
 -2.16516
 -1.75187
 -1.15876
 -0.952036
 0.482893
 -0.674095
 -1.18049
 -1.09258
 -0.126787
 0.234627
 0.203622
 0.992249
 0.53143
 0.772536
 -0.0801024
 -1.41054
 -1.00591
 -0.920766
 0.101947
 -0.821179
 0.55253
 -0.69205
 -0.0414536
 -0.762615
 -1.11442
 -1.57468
 -1.42622
 -0.879275
 -0.339138
 -0.303072
 -0.0132326
 -0.580265
 0.327303
 -0.978871
 -0.755654
 -0.607113
 -0.249318
 -0.383217
 -0.322251
 -0.0952718
 0.0237908
 -0.920188
 -1.81324
 -1.62859
 -1.33543
 -0.303198
 -1.11092
 -0.624711
 -0.967457
 -0.781864
 -0.192035
 -0.26342
 -0.307987
 -0.087565
 -0.452323
 -0.516325
 -1.22017
 -0.651895
 0.339493
 0.540833
 2.45717
 2.37101
 1.92115
 2.31248
 2.15001
 1.2885
 1.86194
 0.775361
 -0.063934
 -0.337341
 1.14249
 1.45917
 1.12706
 0.854536
 -0.406746
 1.09656
 0.0875429
 1.74006
 0.942432
 1.12852
 0.866268
 0.000719427
 -0.758095
 -0.0592394
 0.409377
 0.307553
 -0.024313
 -0.43125
 0.0121669
 0.30584
 0.672919
 0.45925
 0.438045
 0.380309
 0.611986
 0.703504
 0.182035
 0.768027
 0.275906
 0.12302
 0.140078
 0.521112
 -0.367844
 0.165172
 1.0122
 1.45332
 1.22387
 0.163604
 -0.296894
 -0.876656
 -1.61441
 -0.891584
 -0.571114
 -1.46681
 -2.00136
 -1.08932
 -0.338162
 0.442654
 -0.148722
 0.311839
 -0.805754
 -2.54556
 -1.2962
 -0.884775
 -1.01529
 0.226174
 0.0452807
 1.31439
 0.573876
 -0.367256
 -0.667349
 0.351079
 0.766874
 0.855347
 0.0953715
 1.72021
 2.29925
 1.93731
 1.81156
 1.43035
 1.26836
 1.91989
 0.625703
 -0.123345
 1.04571
 0.759509
 0.476629
 1.64076
 1.38405
 1.58434
 1.33394
 2.24098
 0.684039
 0.536595
 -0.467526
 -0.317049
 -0.349436
 -0.584368
 0.214978
 -1.02481
 -0.643547
 -1.19656
 -0.312759
 -0.646925
 -0.470439
 1.41746
 1.8379
 1.26819
 1.79799
 1.42678
 0.993362
 1.49142
 1.80179
 1.77053
 1.88599
 2.08057
 1.67759
 1.07594
 1.06934
 0.793835
 -0.186319
 0.288581
 0.66771
 -0.268196
 0.173629
 0.504573
 -0.407203
 -0.0660962
 -0.110489
 0.840651
 -0.48142
 -0.407582
 -0.862685
 -0.985868
 -0.623072
 -1.04251
 0.156251
 -1.34136
 -1.50102
 -0.85642
 -1.20627
 -1.56297
 -0.819973
 -1.06072
 -0.885213
 -1.162
 -0.555096
 -0.541835
 0.81628
 1.2686
 0.869036
 0.70691
 0.172858
 -0.388701
 0.159523
 0.376858
 0.426609
 1.45081
 1.07449
 0.811202
 0.731872
 0.388328
 0.449104
 -0.293071
 -1.0639
 -0.526799
 -0.378783
 0.513429
 0.781175
 1.48343
 0.507337
 0.623955
 0.233257
 -0.171879
 0.00360867
 0.650082
 0.230797
 -0.00296773
 0.876278
 1.71022
 1.00161
 1.40914
 1.14501
 0.766428
 1.6302
 0.153464
 0.237975
 -0.110074
 -0.0758013
 0.648459
 0.858254
 0.72594
 0.971253
 0.692048
 0.787145
 1.12559
 1.04941
 0.79806
 1.31111
 0.121951
 -0.64283
 -0.767278
 -0.131922
 -0.474977
 0.319909
 0.23799
 0.97739
 0.86157
 0.396789
 0.427803
 -0.0142735
 -1.1762
 -0.0231976
 0.137714
 0.301553
 0.689352
 0.655458
 0.498434
 1.39769
 -0.936567
 0.053319
 -0.648675
 -0.748809
 -0.541536
 0.579262
 0.168155
 -0.918148
 0.844358
 0.771248
 0.616916
 -0.945582
 -0.369188
 -0.985996
 -0.198889
 0.72491
 0.745972
 1.20381
 0.619591
 1.12819
 0.930947
 0.284158
 -0.722509
 -0.153997
 -0.50555
 -0.346665
 -1.07623
 -0.977705
 -0.55889
 0.0311409
 0.120933
 0.41193
 -0.0498344
 0.396917
 1.95607
 0.768071
 1.09419
 0.02181
 0.037162
 0.295256
 0.863869
 1.12162
 0.744746
 0.894392
 0.216822
 0.397466
 0.624025
 1.96205
 1.37224
 2.11154
 2.22825
 3.46995
 2.46905
 2.72957
 1.65497
 1.93592
 1.98789
 1.91562
 2.891
 1.75189
 1.0252
 1.2076
 0.602501
 0.931903
 0.694164
 0.0180155
 0.70158
 -0.0717039
 0.64939
 -0.0178685
 -0.263066
 -0.244831
 -1.26662
 -0.504803
 -1.47693
 -1.3634
 -1.03489
 -0.913673
 -0.749113
 -0.16052
 0.413603
 0.0212974
 0.525749
 0.576742
 1.08697
 1.67044
 0.730706
 1.2773
 0.326768
 0.975205
 0.423351
 0.443057
 0.12536
 0.367255
 -0.167587
 0.138702
 -0.024939
 0.345759
 1.10186
 0.458045
 0.893898
 1.23293
 0.793626
 0.721645
 0.505931
 0.425954
 1.43055
 1.4176
 1.0557
 0.738216
 -0.0341577
 0.692281
 -0.299168
 -0.335819
 0.34598
 0.0408042
 -0.714213
 -1.46271
 -0.945152
 -0.615666
 -0.362838
 -0.0266165
 -0.967503
 -0.359335
 -1.15
 -0.348294
 -1.6315
 -1.33169
 -1.76736
 -0.245414
 0.961832
 0.621131
 -0.240119
 -0.848324
 0.227807
 -0.138905
 0.383403
 1.09992
 0.354954
 -0.228017
 -1.248
 -1.38505
 -0.636167
 -1.01966
 -1.04355
 -1.08265
 -1.40005
 -1.43738
 -2.3658
 -1.97165
 -2.00747
 -0.868493
 -0.642228
 -0.352879
 -0.684307
 -1.05223
 -1.70288
 -1.615
 -1.43193
 -1.66341
 -1.56305
 -1.52336
 -0.827888
 -0.924163
 -0.275446
 -0.707551
 0.117901
 0.561144
 -0.470337
 -0.557603
 -0.255326
 0.344416
 1.45442
 0.999948
 0.460225
 0.355371
 -0.312766
 -0.0792841
 -0.443474
 0.119356
 -1.07348
 -0.653822
 -1.02759
 0.231599
 1.18094
 0.490147
 -0.146454
 -0.089485
 -0.470747
 -0.390897
 -0.111443
 0.0816664
 -0.0450592
 0.248757
 0.346258
 1.56852
 0.960591
 0.941716
 1.25271
 0.460924
 0.327028
 0.338479
 -0.371907
 -0.162043
 0.262218
 0.184831
 0.355544
 -0.512881
 -1.04836
 -0.855534
 -2.36086
 -1.74832
 -1.33443
 -1.55644
 -1.3524
 -0.669043
 -1.44143
 -0.469064
 -1.16378
 0.102283
 -0.164001
 -0.0603623
 -1.09625
 -1.28265
 -0.00295904
 -0.300653
 -1.05059
 -1.71503
 -1.74149
 -2.43584
 -0.961526
 -0.465081
 -0.326927
 -0.219968
 -0.786105
 -0.336713
 0.288001
 0.0335185
 0.83135
 2.65044
 2.45754
 1.71954
 1.09329
 1.15203
 1.28305
 0.93086
 1.32925
 0.813669
 0.92188
 1.89704
 1.47918
 1.67042
 1.03084
 0.583072
 -0.00864675
 -0.241882
 0.757482
 0.437675
 -0.421758
 -1.03524
 -0.873479
 -1.16352
 -1.22196
 -0.327453
 -0.619968
 0.18792
 0.150407
 -0.0348543
 1.02547
 -0.203771
 0.304554
 -0.468686
 0.952772
 1.11476
 0.213202
 0.560953
 0.11975
 -0.875871
 -0.244989
 -0.608485
 -0.281219
 -0.196771
 0.360129
 0.607519
 -0.924421
 -0.527155
 -0.505855
 -0.368143
 -0.339783
 0.464067
 0.20175
 -0.991891
 -0.220006
 -1.25138
 -0.105714
 -0.73754
 -0.582697
 -0.932694
 -0.793054
 -2.22819
 -1.94169
 -1.86341
 -0.961321
 -1.39896
 -0.480237
 -0.696648
 -0.50609
 -0.00571671
 1.01685
 0.305805
 -0.41079
 -0.881998
 -1.03005
 -0.0377722
 0.118845
 0.522225
 -0.396938
 0.0184584
 0.491722
 0.379251
 -0.536757
 -0.197996
 -0.433982
 -0.375221
 -0.231375
 -1.37303
 -1.87853
 -2.57478
 -0.883303
 -0.912467
 0.0731889
 0.608221
 0.550879
 1.31009
 1.12286
 0.614879
 -0.445993
 -0.488819
 0.953559
 1.16194
 1.49503
 1.71405
 0.654396
 -0.36799
 -0.435847
 -0.459311
 0.0543642
 0.285746
 0.770896
 1.1854
 0.813257
 0.298556
 -0.129964
 -0.375479
 -0.308758
 -0.517924
 -0.580153
 -0.915777
 -1.13875
 0.217868
 0.225253
 0.436534
 -0.320411
 0.168463
 -0.9299
 -1.51057
 -0.028544
 1.06432
 0.705644
 0.643188
 0.287286
 -0.0774781
 0.139975
 -0.151931
 -0.178407
 -0.529602
 -0.581662
 -0.824947
 -0.107932
 0.893799
 1.96183
 1.34104
 1.86507
 1.26243
 1.54587
 0.518977
 0.0415377
 -0.0905887
 0.239971
 0.0703535
 -0.585936
 -0.553533
 -1.18688
 -0.77287
 -0.584803
 -0.503899
 0.131857
 1.33841
 0.286701
 -0.0448217
 -0.249469
 0.841864
 -0.126805
 -0.549701
 -1.73464
 -1.46152
 -1.83944
 -1.09915
 -1.15044
 -0.558675
 -0.826299
 -0.0172432
 0.219025
 1.50363
 0.531601
 0.289949
 0.976427
 0.636928
 0.0665445
 -0.204169
 -0.566025
 0.594209
 0.78249
 -0.680527
 -0.397929
 -0.0346675
 0.459263
 0.854523
 0.487991
 -0.13118
 -0.640889
 -0.482441
 -0.576305
 0.214432
 0.306312
 -0.676878
 -0.111943
 -0.774778
 -1.88788
 -1.18178
 -1.01491
 -0.193959
 -1.89419
 -0.95622
 -0.588095
 0.0406278
 -0.837577
 0.21827
 -0.444754
 -0.17957
 -0.947262
 -0.883305
 0.127754
 -0.365167
 -0.206129
 -0.403893
 -0.64523
 -0.323749
 -0.855962
 -0.535439
 0.298611
 0.440249
 1.9406
 1.36236
 1.24879
 1.03892
 1.31441
 1.79438
 0.855486
 0.0792636
 0.0119343
 0.510435
 -0.424228
 -1.08782
 -0.563185
 -0.580986
 -0.883003
 0.0296774
 -1.72663
 -1.12693
 0.104891
 -0.160158
 -0.345989
 -0.481906
 -0.22065
 0.0719304
 -0.340221
 0.547545
 -0.799392
 0.0496969
 -0.224989
 1.17163
 0.942223
 1.27534
 1.58385
 0.301168
 0.326208
 1.04457
 0.777778
 0.72569
 0.665854
 -0.606501
 -0.122216
 -0.329408
 -0.74475
 -2.13545
 -1.60011
 -1.65642
 -1.51711
 -0.952784
 -0.40155
 -0.436888
 0.0188195
 -0.167193
 -1.35067
 -1.6094
 -0.940426
 -0.922399
 -1.12544
 -1.87434
 -2.04114
 -2.61025
 -2.33455
 -1.1091
 0.130709
 0.222934
 0.605076
 0.113409
 0.0753979
 1.06546
 1.45565
 0.44755
 0.0529385
 -0.744547
 -0.572957
 -0.683609
 -0.945635
 0.740075
 0.316505
 -0.0741819
 0.266651
 -0.675145
 -0.0145846
 0.0789976
 -0.0424819
 -0.0320341
 -0.901434
 -1.74195
 -1.27843
 -1.14702
 -0.220526
 -0.0245664
 1.23406
 -0.153928
 -0.761834
 -1.02938
 -0.753093
 -0.20847
 0.618702
 0.923415
 0.417188
 -0.147469
 0.0216655
 -1.11233
 -0.487901
 -0.433585
 -1.59009
 -2.28466
 -1.61156
 -1.08349
 -0.0551378
 0.862275
 -0.0413755
 -0.940138
 -1.36099
 -0.633431
 0.00642585
 0.613336
 0.389409
 -0.931192
 -0.943652
 -0.2285
 -0.736285
 -1.00072
 -1.82712
 -0.961301
 -0.604639
 -0.122877
 -1.10546
 -0.752299
 -1.7837
 -1.83118
 -1.67113
 -1.32903
 -1.16809
 -2.33944
 -2.05035
 -1.87001
 -1.12723
 -0.0168846
 0.635197
 0.283896
 -0.205855
 0.0103224
 -0.571931
 -0.479043
 -0.821835
 -1.9631
 -0.466317
 0.339231
 -0.158225
 -0.549813
 0.0663255
 0.451324
 -0.0584355
 -0.348386
 -1.46194
 -0.683423
 -1.37228
 -0.592226
 -1.06551
 -0.725086
 -0.953987
 0.311616
 1.64978
 1.6753
 0.256783
 0.552128
 0.80439
 0.698987
 0.647119
 0.993283
 1.30125
 0.615046
 0.23279
 0.200052
 0.0358767
 -0.948707
 0.00715563
 -0.254639
 0.648264
 0.233525
 0.216681
 -0.127012
 1.38292
 1.7243
 1.69044
 1.42049
 0.916467
 1.13492
 1.82666
 2.18181
 1.96182
 0.791394
 1.16788
 -0.0774619
 -0.458399
 1.10506
 0.204788
 0.625106
 0.216385
 1.14567
 1.12133
 0.537414
 -0.15332
 -1.25369
 -2.1699
 -1.78391
 -1.36276
 -1.02316
 0.773104
 -1.31692
 -0.671706
 -2.53255
 -0.70331
 -0.492213
 -1.61735
 -1.3458
 -1.10999
 -1.40597
 -0.289064
 0.93702
 2.19192
 2.28793
 2.01933
 2.81786
 1.66076
 1.85448
 1.19653
 0.788179
 0.616789
 0.569605
 0.0487672
 0.780545
 0.306078
 0.912715
 -0.0810054
 -0.0628631
 -0.0811813
 -0.280453
 0.101134
 0.291869
 -0.0549953
 0.33895
 -0.164666
 0.434701
 -0.247042
 0.304783
 0.523559
 0.887549
 -0.368795
 -0.565697
 -0.592683
 0.429338
 -0.0130855
 -1.63766
 -2.54298
 -2.70016
 -3.03489
 -2.29369
 -1.98109
 -1.9222
 -1.1234
 -0.644237
 -0.213772
 -0.780789
 -0.485274
 -0.602789
 -0.0465594
 -0.199522
 -0.466162
 0.0676893
 -0.578829
 -0.252202
 -0.367542
 -0.084896
 -0.508657
 -1.02363
 -0.114749
 -0.314831
 0.384858
 -0.0455481
 0.264632
 1.07224
 1.27808
 1.59884
 1.36037
 0.815105
 1.21251
 1.28048
 1.20525
 1.12739
 1.19587
 1.7641
 1.67484
 1.31148
 1.7059
 1.16362
 0.701156
 1.29738
 0.452826
 0.77311
 0.174153
 -1.0481
 -0.8231
 0.373639
 -0.775146
 -1.19692
 -1.15561
 -1.63055
 -1.64655
 -2.09644
 -1.61069
 -2.56545
 -1.97955
 -1.67281
 -1.47336
 -0.162781
 -0.6604
 -0.234725
 0.519244
 0.969807
 1.35287
 0.542142
 0.935218
 0.33593
 0.422758
 -0.131245
 -0.0429114
 0.337911
 0.229923
 -0.887072
 0.0214144
 0.232962
 1.02045
 0.818526
 0.513488
 0.37903
 -0.412992
 -1.27388
 -2.12619
 -1.31858
 -0.999289
 -0.916209
 -0.404854
 0.746413
 0.55197
 0.626483
 0.216445
 0.751048
 -0.162364
 1.09074
 0.585077
 0.166438
 0.23952
 0.271728
 1.29365
 0.737908
 1.00806
 1.26961
 0.229949
 0.52203
 0.502506
 -0.34663
 1.07032
 0.93959
 0.742389
 1.59352
 1.78474
 1.02281
 1.44038
 0.721596
 0.955201
 0.588154
 1.22586
 1.93029
 1.41041
 0.721013
 -0.291549
 0.628719
 1.57865
 2.47469
 2.3941
 1.61215
 0.351324
 0.0511557
 -0.545271
 -1.99359
 -2.02179
 -0.533302
 -0.559044
 -1.19112
 -1.92721
 -3.0893
 -2.48755
 -2.13561
 -2.35031
 -1.15384
 -0.552364
 -0.748743
 0.275351
 1.2354
 0.987545
 0.189848
 -0.0938626
 0.463985
 0.526426
 0.990788
 0.587608
 0.829295
 0.8123
 1.04641
 1.40449
 1.09164
 0.367444
 0.434581
 1.02526
 0.67921
 0.597613
 0.685876
 0.163888
 -0.34054
 -0.228292
 -0.697226
 -0.756438
 -0.814354
 -1.92653
 -1.91121
 -1.98898
 -1.47633
 -1.90612
 -0.648181
 -0.76871
 -1.01246
 -0.0863382
 0.40519
 1.64385
 0.961411
 1.13684
 0.75692
 -0.0286922
 -0.0768699
 0.00924499
 0.346492
 0.132965
 0.136447
 1.21763
 1.15272
 1.07289
 0.958981
 0.73123
 0.323392
 1.15803
 -0.0871895
 -0.305358
 0.543284
 -0.335552
 -1.24768
 -0.697403
 -0.768629
 -0.23265
 0.60574
 0.0549348
 -0.261476
 -0.00130902
 -0.0610018
 0.369611
 1.23053
 0.37996
 -0.692155
 0.128692
 -0.131535
 -0.104848
 0.118173
 1.56038
 2.23513
 2.63774
 2.01089
 0.996991
 0.304834
 0.184943
 0.541633
 0.170415
 0.779218
 -0.68745
 -0.615504
 -0.998678
 -0.3575
 0.217395
 0.283986
 0.819494
 1.05962
 1.02353
 0.975051
 1.15618
 -0.505139
 -0.373726
 -0.227183
 0.231119
 -0.37897
 -0.501189
 -0.25062
 -0.506028
 -0.506185
 0.291889
 -0.334723
 -0.172902
 -0.348099
 -0.349954
 -0.093214
 0.904707
 0.715028
 -0.106564
 0.137419
 -0.137407
 0.116211
 1.32077
 2.64653
 2.14608
 1.37408
 1.3767
 1.14192
 1.34015
 2.3653
 1.55801
 2.02551
 0.733159
 -0.498174
 0.513133
 0.515372
 0.775863
 1.64082
 0.456328
 -0.127181
 0.284747
 0.213854
 0.690287
 0.730802
 1.14352
 1.17456
 1.04384
 1.09415
 0.760937
 0.503645
 0.869107
 -0.998791
 -2.20976
 -1.11562
 -1.18422
 0.159143
 -0.195184
 0.529969
 0.00980361
 -0.488278
 -0.925978
 -0.656006
 -0.720982
 -0.464404
 -0.884574
 -0.404889
 -0.283529
 0.472411
 0.0561948
 -0.567136
 -0.0463296
 -1.27012
 0.120842
 -0.552416
 -0.20814
 0.246668
 -1.12318
 -0.487945
 -0.230369
 0.094598
 -0.26459
 0.457444
 -1.43234
 -0.449361
 0.101253
 0.026348
 0.228108
 0.960328
 0.545757
 -0.348924
 -0.566515
 -1.11524
 -1.25852
 -0.979679
 -0.931268
 0.563763
 -0.0586963
 0.594833
 0.362425
 -0.0352291
 -0.284136
 0.0753206
 1.39876
 2.18087
 1.25521
 1.93103
 1.62562
 0.616981
 0.390818
 1.74131
 1.77171
 1.43253
 1.27759
 0.793619
 -0.0480577
 -0.550341
 -1.13204
 -0.549534
 -0.175228
 -0.00427975
 0.480928
 1.46164
 1.00982
 1.16062
 0.616474
 0.0460565
 -0.18497
 0.0299365
 -0.723646
 -0.883911
 -1.87639
 -1.32923
 -1.37433
 0.00503397
 -0.257748
 -0.564172
 -0.749512
 0.264821
 0.494635
 0.0879966
 0.566188
 0.562387
 0.605566
 0.60302
 0.54701
 0.249079
 1.13275
 0.88436
 1.85739
 1.25077
 2.15898
 1.18488
 -0.437934
 -0.788475
 -0.490218
 -0.364165
 -0.222696
 -0.215848
 -1.6289
 -1.46345
 -2.33005
 -2.20026
 -1.88747
 -1.23773
 -0.202368
 -0.834707
 -0.497316
 -0.452562
 1.15317
 1.67872
 1.07342
 1.34442
 0.136258
 0.646858
 0.300618
 0.724667
 0.645437
 0.635836
 0.899919
 0.642238
 1.26467
 1.54998
 1.85883
 1.50949
 0.881888
 0.726712
 0.912723
 2.12338
 1.45504
 0.388316
 1.07158
 0.0479044
 -0.191038
 0.459021
 0.888949
 0.312937
 0.735834
 0.657703
 0.992417
 0.643355
 -0.85455
 -0.767114
 -1.22906
 -0.877367
 0.503235
 -1.24532
 -0.43816
 -0.782536
 0.689508
 1.08302
 -0.509456
 -1.28099
 -1.79874
 -1.52632
 -0.431774
 -0.680354
 -0.331228
 -0.141827
 -1.23008
 -1.29506
 -0.536899
 0.24159
 -0.398181
 -0.209591
 0.164111
 0.297447
 -0.948884
 -0.822979
 -1.42776
 -0.836377
 -1.27145
 -0.502562
 0.0658741
 0.530207
 1.24093
 1.28588
 0.791409
 0.535291
 0.875222
 1.61168
 1.48146
 0.697663
 0.376129
 0.622591
 1.02839
 2.10701
 0.622855
 0.526377
 -0.715084
 -1.69954
 -0.942307
 -1.65673
 0.0157573
 -0.500471
 -0.0196321
 -0.0133259
 0.150142
 0.0141322
 -0.94468
 -0.979549
 0.302078
 -0.149851
 -0.300549
 0.503346
 1.80454
 2.44448
 0.444609
 0.680218
 1.27946
 0.539964
 0.338407
 0.666615
 0.828627
 1.14399
 0.951133
 0.796279
 0.592539
 1.19416
 1.17853
 0.910829
 -0.234628
 -0.183129
 -0.450477
 -0.559399
 -0.0137259
 -0.566991
 -0.919094
 -1.31781
 -0.125693
 -0.031284
 0.125454
 0.776505
 1.04442
 -0.322271
 0.193597
 -0.793811
 -1.16676
 -0.716686
 0.27693
 0.659511
 1.39592
 0.208845
 -0.553432
 -0.702175
 -0.720221
 -0.396264
 -0.732023
 0.42305
 -0.229907
 -0.188629
 0.314273
 -1.06597
 -0.260034
 -0.157593
 -0.836241
 -1.9246
 -1.44367
 -1.54513
 -0.241961
 -1.7
 -0.481041
 -0.282848
 -0.713757
 0.587843
 0.544648
 -0.365615
 -0.906018
 0.04303
 -0.157755
 -0.462729
 -0.69311
 -1.03679
 -1.51856
 -0.991675
 -0.551074
 0.34235
 1.26423
 0.5335
 -0.507634
 0.0676299
 0.0195684
 -0.521569
 -0.745659
 -0.626944
 -0.594767
 -0.249127
 0.286543
 -0.137688
 1.05052
 1.46124
 1.07452
 1.49487
 2.10547
 1.8243
 2.33026
 2.24862
 1.50228
 0.566527
 -0.400218
 -0.141007
 -0.278205
 0.548833
 1.09289
 1.13734
 0.873667
 -0.158772
 0.199511
 -0.618788
 -0.436958
 0.0074273
 -0.66036
 -0.803955
 -0.684076
 -0.175407
 0.517173
 1.2476
 0.990889
 1.71632
 1.6222
 1.39288
 0.485023
 0.0591527
 -0.804587
 -1.88288
 -2.10483
 -1.6395
 -0.935623
 -1.51916
 -0.846567
 -0.0273906
 -0.192641
 -1.21071
 0.373842
 -0.0276115
 -0.842352
 -0.221867
 0.400192
 0.898843
 0.443188
 1.33806
 1.00479
 0.950998
 -0.424225
 -0.490373
 -0.37937
 -0.245477
 0.222572
 -0.112043
 -0.029807
 -0.499344
 0.968022
 -0.204901
 -0.960784
 0.456088
 0.843025
 0.873259
 1.30979
 0.301836
 0.668555
 0.594291
 0.368177
 0.900969
 0.920333
 0.64885
 -0.0951699
 0.992176
 -0.397505
 -0.262557
 -0.318681
 -0.73527
 -0.116845
 -0.887417
 -0.75484
 -0.18169
 -0.111566
 -0.532996
 0.520898
 -0.0552554
 0.328286
 -0.664077
 0.944888
 0.494121
 0.43199
 -0.163948
 -0.409152
 -1.03824
 -0.771478
 -1.1199
 0.0710435
 -0.51237
 -0.968826
 -0.501995
 0.352233
 -0.669045
 -0.242797
 0.642913
 0.214361
 -0.206064
 0.248719
 0.292307
 0.466821
 0.621346
 0.866223
 0.795768
 0.552931
 -0.133664
 0.0448262
 0.0412283
 -0.20628
 -0.126282
 -1.43515
 -0.396341
 0.395649
 0.07965
 -0.0903916
 -0.808436
 -1.02858
 -1.08465
 -0.266022
 0.303822
 -0.616847
 -1.20632
 -1.09126
 0.0952001
 1.22382
 2.50078
 3.23617
 2.59311
 1.81854
 0.578552
 0.314135
 -0.126873
 -1.64369
 -1.49549
 -1.06102
 -0.840023
 0.139873
 0.0901807
 0.506185
 0.609143
 1.85343
 0.287559
 -0.261622
 -0.405848
 -0.805049
 0.864816
 0.895815
 1.07669
 0.303756
 1.62746
 0.989721
 0.569474
 0.783699
 1.45686
 1.58625
 1.5567
 0.919117
 1.15563
 1.55155
 1.80393
 1.86857
 1.90415
 1.00007
 0.66725
 1.25111
 0.256273
 1.38653
 1.53402
 2.14682
 0.0999769
 -0.374915
 0.535857
 -0.517297
 0.0565317
 0.496727
 0.756942
 0.453662
 1.51314
 0.559708
 0.263824
 -0.587954
 -0.465212
 0.153449
 -0.119247
 0.467662
 -0.0803591
 0.581613
 0.534602
 0.0491924
 -0.417756
 -0.224185
 -0.0938178
 -0.360695
 0.176511
 -0.847219
 0.0915431
 0.677733
 1.26141
 1.59911
 0.968597
 0.214246
 -0.287432
 -0.139105
 -0.250591
 0.169113
 0.204247
 -0.4217
 -1.28058
 -1.42645
 -0.888235
 0.36575
 -0.187227
 0.607972
 0.895184
 0.305495
 0.778905
 0.834668
 1.43094
 0.706889
 0.773663
 1.1825
 0.779
 0.785191
 1.20029
 1.20226
 0.799579
 1.40802
 0.939147
 1.37852
 1.90594
 1.66057
 1.32619
 1.97146
 0.754803
 0.937398
 1.0552
 1.30007
 0.663845
 -0.170101
 -0.949249
 -0.993894
 -0.806387
 -1.46096
 -0.100168
 -0.68625
 0.0994361
 1.12101
 0.249456
 0.041496
 -0.154815
 -0.194992
 0.700291
 0.85072
 1.72868
 0.222999
 0.307205
 -0.283918
 0.668841
 0.801868
 -0.405391
 -0.764574
 -0.269206
 -0.438854
 -0.931473
 0.00799466
 -0.903811
 -0.441864
 -0.167814
 0.441348
 1.03184
 1.30904
 -0.0854729
 -0.534796
 -0.841333
 -1.08677
 -0.0570602
 0.153173
 1.06237
 0.830778
 0.397539
 0.657502
 0.119031
 0.140791
 -0.314362
 0.527016
 0.84969
 0.75801
 0.477068
 1.07921
 0.960292
 1.11967
 1.91398
 1.78265
 2.27584
 1.64748
 2.07768
 0.979849
 0.256312
 0.554732
 0.602612
 0.643413
 0.972339
 0.132515
 -0.0516216
 -0.0766993
 -0.79423
 -0.483874
 -0.890084
 -0.593694
 -0.247668
 -0.8497
 -0.970007
 -0.573305
 0.264443
 0.409302
 0.738634
 0.437782
 -0.263706
 -0.110589
 -1.49844
 -0.801596
 -0.900567
 0.0279409
 -0.0824041
 -0.689947
 -0.0810364
 -1.07007
 -0.138213
 0.157507
 0.59549
 0.0391596
 -0.315393
 -0.427671
 0.119807
 -0.197965
 -0.23695
 -1.67046
 -1.91833
 -1.84472
 -2.06075
 -1.79485
 -1.96435
 -1.08126
 -0.85486
 -0.3585
 -0.115823
 -0.528352
 -1.22341
 -1.10555
 -0.688465
 -0.598713
 -0.927495
 -0.757966
 -1.04165
 0.0573859
 -0.127061
 0.261438
 0.218503
 0.865238
 0.292127
 0.975226
 1.32091
 0.464895
 0.855213
 0.979223
 1.5391
 2.62104
 1.08393
 1.04515
 1.70781
 1.38838
 1.73518
 0.298093
 -0.710192
 -0.876084
 -0.50953
 0.0460882
 -0.21855
 0.851154
 -0.345702
 0.489411
 0.77134
 0.679088
 0.532517
 0.559751
 -0.438502
 -1.13637
 -0.96233
 -1.7421
 -1.35762
 -0.815297
 -0.674678
 -0.492396
 0.254574
 -0.604451
 -0.59193
 -0.830565
 0.411148
 -0.342572
 -0.682346
 -1.01651
 0.0446391
 -0.584353
 0.585638
 0.880314
 1.73034
 1.42405
 1.18463
 1.85129
 2.29984
 2.79934
 2.84174
 1.59968
 1.55453
 1.43046
 1.51483
 -0.543177
 -0.772635
 -0.602095
 -0.894291
 -0.698984
 0.493243
 1.23696
 0.356502
 -0.557537
 -0.838971
 -0.92303
 -0.813622
 -0.853694
 -1.01409
 0.97602
 1.87282
 2.46027
 2.10985
 1.94983
 1.80917
 1.40461
 0.745506
 0.212342
 0.249902
 0.499227
 1.09455
 1.80331
 1.79669
 1.21928
 0.343778
 0.262155
 0.0890951
 1.02236
 1.71757
 0.567687
 0.433416
 -0.0256512
 -0.210969
 -0.676976
 0.0955542
 -1.51903
 -1.57639
 -0.761683
 -0.706857
 -1.30328
 -0.612283
 -0.88074
 -2.7762
 -2.67612
 -2.56141
 -1.39766
 -1.61669
 -1.69047
 -0.573577
 0.352732
 0.596351
 0.327656
 -0.520356
 -0.833509
 -1.16727
 -1.60215
 -1.13624
 -0.413569
 -0.558859
 0.0634148
 0.491063
 1.08301
 1.36002
 0.220061
 0.151476
 -0.36245
 0.286368
 0.368749
 0.285972
 1.32931
 0.785222
 1.51072
 1.69414
 1.16381
 0.521178
 -0.0848326
 -1.1088
 -1.72755
