 0.108331
 -0.195247
 0.0438427
 -0.132367
 -0.180481
 0.106982
 -0.15227
 0.130537
 0.116679
 -0.0047511
 -0.00662346
 -0.0884397
 -0.067548
 -0.0749994
 -0.050553
 0.00115503
 -0.0302324
 0.00848315
 -0.020204
 -0.0840901
 0.0271554
 -0.237883
 0.0983995
 -0.0439694
 -0.0424133
 0.0495682
 0.0375366
 -0.208798
 0.0941229
 -0.208934
 0.0139008
 -0.142208
 -0.0771652
 -0.0375673
 -0.0562896
 -0.0446625
 -0.178931
 0.170772
 -0.133578
 -0.0844002
 0.135998
 0.0117409
 -0.184856
 0.0431679
 -0.0150273
 0.120838
 0.0852439
 -0.139458
 -0.0113356
 -0.0236636
 0.00120172
 0.171734
 0.0229462
 -0.102668
 -0.204244
 -0.0311081
 0.0424156
 0.0366913
 0.0845325
 0.0577379
 0.0947815
 -0.0610061
 0.0489847
 0.101365
 -0.174369
 0.0202502
 0.0760779
 0.132128
 0.120217
 0.0779758
 -0.11332
 0.0606276
 -0.0237667
 -0.0267599
 -0.0749224
 -0.0830233
 0.0812387
 0.122853
 -0.0811069
 -0.144289
 -0.0376676
 -0.0012712
 -0.0214504
 -0.133065
 -0.0660923
 -0.0355685
 -0.0116252
 -0.197197
 0.0317453
 0.00223959
 -0.0181693
 -0.0546042
 0.0929104
 0.0659816
 -0.019711
 -0.080789
 0.100729
 0.262122
 0.17803
 -0.033819
 -0.105972
 -0.0971606
 -0.083438
 -0.0858694
 -0.0223042
 -0.0764764
 -0.0886421
 -0.063477
 0.166225
 0.0981468
 0.124218
 -0.0176605
 -0.0783865
 -0.0994356
 0.0177026
 -0.0814225
 0.163487
 0.09034
 -0.101982
 0.0530642
 0.0493317
 0.0821028
 -0.122789
 0.032917
 0.0842091
 -0.0276446
 -0.0733319
 0.0545709
 0.0439404
 -0.150393
 0.0909776
 -0.0629142
 0.089371
 -0.157769
 -0.00958052
 0.108845
 0.0686323
 -0.00919614
 -0.00128559
 0.122949
 -0.0731675
 0.150561
 -0.0543045
 -0.00515687
 -0.0871002
 0.0621061
 0.0503705
 -0.0469147
 0.0251284
 0.0428353
 -0.00373572
 0.0688795
 0.00772319
 -0.151121
 -0.151803
 0.113181
 0.111603
 -0.00423851
 -0.155916
 -0.0141582
 -0.0190757
 -0.0516165
 0.150528
 -0.00975742
 0.0513282
 -0.0305164
 0.0240079
 -0.0654333
 0.0291858
 -0.104685
 0.0913656
 0.0232539
 -0.0862239
 -0.0523237
 -0.0435962
 0.0673335
 0.00861526
 -0.0552715
 0.0871505
 -0.0167206
 -0.0462448
 0.0478632
 -0.0152464
 -0.0693315
 0.0685609
 0.100622
 -0.00544127
 0.104321
 -0.122632
 -0.10616
 0.0922418
 0.0569119
 -0.117231
 -0.0379492
 -0.0394728
 0.136205
 0.0798515
 -0.105228
 0.0401297
 0.196161
 -0.124514
 0.0311012
 -0.00578758
 -0.20016
 0.0999124
 -0.0733727
 -0.0440203
 0.0379042
 -0.0647735
 -0.119466
 -0.0108003
 0.0218996
 -0.112643
 0.0459097
 0.122565
 0.0776939
 0.0251802
 -0.0980976
 0.080851
 0.063252
 -0.0219269
 -0.0195892
 -0.0630675
 -0.0952574
 -0.152286
 -0.158574
 -0.0338972
 -0.000583226
 -0.100432
 -0.0328512
 -0.0167561
 0.000293638
 0.162749
 0.132148
 -0.214658
 -0.156301
 -0.262202
 0.126847
 0.139936
 0.022715
 0.128352
 -0.0195502
 -0.0263047
 -0.0182637
 0.101147
 -0.0128105
 -0.0428767
 -0.0184958
 0.134937
 -0.0932702
 -0.14034
 0.0590956
 -0.129342
 -0.0966681
 0.026906
 -0.0689446
 -0.2437
 0.190923
 -0.209903
 0.0196046
 -0.000476008
 0.0127898
 -0.0408869
 -0.0874257
 0.161883
 -0.0324257
 -0.222681
 0.0743151
 0.123932
 0.0149996
 -0.0375586
 0.0543775
 0.173828
 0.0446928
 -0.0300958
 -0.153445
 0.0734752
 -0.0445553
 -0.117897
 0.0819803
 0.0700692
 0.0648615
 0.0419502
 -0.139316
 0.0987545
 -0.0207188
 -0.0477345
 0.117393
 -0.0901214
 -0.162742
 -0.101905
 -0.0746887
 0.0397413
 0.0566955
 -0.0673306
 0.293533
 0.136503
 -0.125569
 -0.260282
 -0.0180447
 0.0509605
 0.0645468
 -0.019974
 -0.0548679
 -0.0334697
 0.0439581
 -0.0417528
 -0.0245508
 0.0236132
 0.163319
 -0.0549022
 -0.0779931
 -0.0171852
 0.137665
 -0.0140764
 -0.0825353
 0.0227182
 -0.0624275
 0.0632509
 0.0243435
 0.14122
 -0.0911477
 0.123119
 0.0122217
 -0.106334
 0.150312
 0.123075
 0.0374165
 0.0395992
 0.0269359
 0.131743
 0.0872552
 -0.0463728
 0.0352443
 -0.20301
 -0.0418872
 -0.0614878
 -0.0948146
 -0.0774019
 -0.00940903
 0.0928453
 -0.165137
 -0.258214
 0.0282296
 -0.180756
 -0.125862
 0.181736
 0.148983
 0.024885
 0.000878509
 0.0315642
 0.0634492
 0.0881383
 -0.0937518
 0.0421576
 0.0661444
 -0.0619816
 0.0947036
 -0.0440185
 -0.035709
 0.119542
 0.105806
 -0.115247
 0.0571619
 -0.136007
 -0.169211
 -0.064691
 0.0823418
 -0.142577
 0.112012
 0.0130194
 0.0660681
 -0.15589
 -0.123767
 -0.0637681
 0.0287718
 0.0743707
 -0.243051
 -0.114713
 -0.0145723
 0.0613796
 -0.12593
 -0.0746328
 -0.00373289
 -0.0313126
 0.0821338
 -0.0685456
 -0.0862941
 -0.00462626
 -0.0535532
 0.0690372
 0.0406671
 0.0285335
 0.0545268
 0.0305629
 0.0712979
 -0.137077
 -0.168487
 0.0303342
 -0.0927054
 -0.0862823
 -0.0457859
 -0.0526685
 -0.215856
 -0.0176867
 0.032482
 0.0633171
 0.0998507
 0.0138228
 0.2398
 0.074768
 -0.0811413
 -0.0857712
 0.0989851
 -0.0130236
 -0.123919
 -0.0161295
 0.0982169
 0.0358658
 -0.0587067
 0.0201546
 0.089768
 0.0567592
 0.0719055
 0.0589999
 -0.0568159
 -0.162441
 -0.102224
 -0.0659716
 -0.0124263
 0.201529
 0.112634
 -0.0089326
 0.0869886
 0.00523658
 -0.077555
 0.0563936
 -0.0724968
 -0.0665468
 0.0378502
 -0.00116281
 0.238241
 0.00021195
 -0.0384984
 -0.0633278
 0.0428651
 -0.0974211
 0.146392
 -0.0257979
 -0.0146918
 -0.0342471
 0.0709869
 -0.0464685
 0.170258
 0.0179003
 -0.0535351
 0.128581
 0.0128975
 -0.052738
 -0.0335592
 -0.0626075
 -0.0647575
 0.0370988
 0.176107
 0.0357738
 -0.070484
 0.0843006
 0.0963839
 0.10236
 0.134969
 -0.0811406
 -0.113204
 -0.00542331
 0.0385423
 0.234712
 0.0423832
 -0.123335
 -0.0657318
 0.128343
 -0.0818756
 0.17664
 -0.0672335
 0.10445
 0.0877105
 0.0251363
 -0.0171827
 0.0555445
 0.0473956
 0.100658
 -0.151027
 0.231747
 -0.0344109
 -0.0218222
 -0.0575742
 -0.0599917
 0.103174
 -0.248481
 -0.00254364
 -0.150981
 0.0201187
 0.0279523
 0.0563069
 0.0105022
 0.0146117
 -0.0304759
 -0.0153142
 0.111292
 0.0572705
 0.00874021
 -0.074797
 0.129502
 -0.106176
 0.0199798
 -0.220742
 -0.0218877
 0.231875
 0.108902
 -0.216576
 0.155634
 -0.0941553
 0.0978768
 -0.0531686
 -0.0896483
 0.106069
 -0.012357
 -0.0835586
 -0.0153949
 -0.0406188
 0.0720845
 -0.117058
 -0.0728214
 0.00539015
 0.17016
 -0.0651317
 0.0635606
 0.0162897
 -0.0439029
 0.0524904
 -0.0302551
 0.0431468
 0.012239
 -0.00817845
 0.0308267
 0.136018
 -0.133878
 0.0704672
 -0.0277451
 -0.0811079
 -0.00334469
 -0.0427244
 0.00149166
 0.00557638
 0.199788
 -0.0464932
 -0.199084
 0.184582
 -0.211603
 0.16276
 0.0179949
 -0.141628
 -0.107364
 0.140114
 0.0505722
 0.144068
 -0.0471207
 0.110461
 -0.0727526
 -0.080721
 0.0634699
 -0.038618
 -0.0810375
 -0.0639469
 -0.0483807
 -0.103068
 0.0559921
 -0.129325
 -0.123884
 0.0039397
 -0.0525276
 -0.0258346
 0.153423
 0.107162
 -0.157106
 0.0233325
 -0.103711
 0.135924
 0.0179976
 -0.0349141
 0.0646256
 -0.00183445
 -0.00600697
 -0.0248304
 -0.0160141
 -0.217417
 0.0839699
 7.89411e-05
 0.0862941
 -0.0874419
 0.0502076
 -0.14013
 -0.0899408
 -0.137115
 0.190078
 -0.172748
 -0.116955
 0.00881305
 -0.150953
 -0.038632
 -0.0271639
 0.0643956
 -0.0316021
 0.121761
 -0.0935389
 0.104777
 0.00741814
 0.102708
 -0.00532992
 0.135512
 -0.0504462
 -0.160499
 0.0884751
 0.109784
 -0.093043
 -0.0478153
 -0.0594155
 -0.0153097
 0.131952
 0.117243
 -0.121581
 -0.0785643
 -0.00850321
 0.093696
 -0.0510175
 -0.0356558
 0.175347
 -0.018015
 0.115889
 -0.117187
 -0.00143209
 -0.104667
 0.0350495
 0.168152
 -0.0434091
 0.199841
 -0.0486336
 -0.0170277
 -0.008742
 -0.00196831
 -0.167937
 -0.0865945
 0.183375
 0.0841543
 0.10894
 0.0830786
 0.125624
 0.0235796
 -0.0772488
 -0.0180443
 -0.0527696
 -0.0134755
 0.124407
 0.119623
 -0.0690484
 0.0136957
 -0.0116456
 -0.0444845
 0.230219
 0.133249
 -0.0698488
 -0.103541
 -0.0521094
 -0.0306896
 0.298686
 -0.0418805
 -0.0275472
 0.0902971
 -0.132306
 -0.0374238
 0.0646268
 0.0997743
 -0.118731
 0.0857819
 0.031138
 0.181381
 0.0867111
 0.0683226
 -0.0248389
 0.0454607
 0.0320839
 -0.0383617
 0.0358258
 0.0176366
 0.00717044
 -0.183926
 0.203466
 0.1075
 -0.0375517
 0.0316273
 -0.0486124
 -0.0327333
 0.0682795
 0.175719
 -0.0938052
 -0.0527148
 0.0911703
 -0.00382488
 0.0104406
 -0.0697678
 0.0356586
 -0.0476509
 0.152973
 -0.0231497
 -0.0595518
 0.138502
 0.112489
 -0.0328876
 0.00212524
 0.0278354
 -0.060099
 0.08394
 -0.0313618
 0.175595
 -0.146545
 0.00700982
 -0.14044
 0.244431
 -0.044554
 0.0545044
 -0.0961456
 -0.042545
 -0.0817927
 0.0120502
 0.115331
 -0.124605
 0.0222573
 -0.0552342
 -0.0660855
 0.219544
 0.00566654
 -0.128867
 0.121967
 -0.199377
 -0.119641
 0.00457536
 0.0540207
 -0.00850153
 0.0149948
 -0.00303872
 -0.0382313
 0.106307
 -0.090656
 -0.0304572
 -0.0115949
 0.0182774
 -0.0078881
 -0.074944
 0.112614
 0.0117828
 -0.103991
 -0.0500612
 0.00844054
 0.00309544
 -0.0928142
 0.103308
 0.0115249
 -0.100826
 0.116356
 0.00308045
 -0.109903
 -0.147932
 0.0709833
 -0.0800998
 0.0929483
 0.0244192
 0.0459358
 0.0458263
 0.10081
 0.231325
 -0.0373939
 -0.111487
 0.218315
 0.143768
 0.0788287
 -0.122543
 0.0645039
 -0.0320254
 -0.0639766
 0.106124
 0.165944
 0.138623
 -0.00939846
 0.0847104
 -0.0711863
 -0.129595
 -0.0388104
 0.0755537
 -0.0647484
 -0.0192776
 0.123731
 -0.0439735
 0.176345
 0.168869
 0.10533
 -0.0856095
 0.196526
 -0.114766
 -0.0663477
 -0.0277368
 -0.0580075
 0.156412
 -0.0570444
 0.102706
 0.0450403
 0.0483069
 -0.0535709
 0.0291237
 0.0375825
 0.102948
 -0.161034
 0.0798191
 -0.00842753
 0.0505731
 -0.0259657
 -0.0817116
 0.114663
 -0.162065
 -0.0570739
 0.189278
 0.0765173
 0.147732
 -0.0829881
 0.0980018
 0.147677
 -0.034463
 -0.0259149
 -0.063947
 0.024911
 -0.0513898
 0.0171273
 -0.0986666
 0.149826
 -0.00663235
 0.0538519
 0.00278191
 -0.0213876
 -0.108091
 -0.0270592
 -0.0304945
 0.0433693
 -0.0190543
 0.0265906
 -0.0183774
 0.245387
 -0.0268636
 0.0752348
 -0.0674235
 0.041995
 0.23385
 -0.0135546
 -0.155637
 0.0526759
 0.106595
 0.142722
 0.106282
 -0.147773
 -0.132
 -0.0545436
 0.133155
 0.082851
 -0.0957213
 0.147966
 -0.216221
 -0.087438
 0.0836329
 0.133412
 -0.0352563
 0.213864
 0.00931329
 0.101076
 -0.00286744
 -0.0356766
 0.124854
 0.0169202
 -0.124097
 0.00901552
 0.045129
 -0.010586
 -0.0438306
 0.00548262
 0.138278
 0.0771856
 -0.0321564
 0.023356
 0.0610825
 -0.165781
 0.0233118
 0.0248311
 -0.0486858
 -0.0514639
 -0.114734
 0.146573
 0.0466956
 0.0137692
 0.10437
 0.0624161
 -0.0380215
 -0.0867818
 0.2036
 -0.0168306
 0.090211
 0.243575
 -0.117569
 0.0774651
 -0.0122483
 -0.027084
 -0.0216832
 -0.218989
 -0.0767985
 0.0195788
 -0.109214
 0.0656416
 0.0386978
 0.0415065
 -0.126473
 -0.0562098
 -0.0334488
 0.0612284
 0.00378654
 -0.112285
 -0.288802
 0.231171
 -0.0270561
 0.0705539
 0.0628978
 0.0103197
 -0.0380622
 0.15413
 0.0147867
 -0.0263585
 -0.0822495
 -0.00416158
 0.0572842
 -0.0507094
 0.0404134
 0.0971238
 -0.0447617
 0.0146724
 0.00137339
 0.0939058
 -0.0739024
 -0.0539962
 0.123738
 -0.0665653
 0.23279
 -0.031371
 0.0288451
 -0.121667
 0.276154
 -0.146436
 0.0672825
 0.0535019
 -0.0513211
 0.00180753
 0.0662553
 -0.107468
 0.0016249
 0.0147309
 0.0773486
 -0.0650453
 -0.0306719
 0.0341634
 -0.165382
 0.018989
 0.0571953
 -0.0535415
 -0.15617
 -0.0295465
 -0.129472
 0.039246
 0.00526278
 -0.101052
 0.00300434
 -0.000691512
 0.179716
 0.1054
 -0.0463935
 -0.180105
 0.0565946
 0.0110422
 0.196236
 -0.0193053
 -0.0284128
 -0.133113
 -0.00995192
 0.00794521
 -0.185827
 0.0913977
 -0.0639092
 -0.223929
 0.0404548
 -0.0263399
 -0.0935386
 0.1618
 0.123949
 0.107267
 0.0942964
 -0.10914
 -0.0596565
 0.111376
 0.0491538
 -0.076185
 -0.0299619
 -0.0948563
 0.219285
 0.0751594
 0.0384274
 -0.0416993
 -0.0252237
 0.00562832
 0.0541081
 -0.122365
 -0.0279031
 -0.197746
 0.180294
 0.0771045
 0.107365
 0.179396
 -0.0252273
 -0.0945472
 -0.0470468
 0.0934349
 -0.0781525
 0.0448934
 0.191284
 0.0984626
 0.0976795
 0.0198594
 0.154358
 -0.0189973
 0.0560076
 0.119944
 -0.0638667
 0.0668976
 0.0064881
 -0.150497
 0.0117389
 -0.0193699
 -0.150375
 0.0254812
 -0.068881
 0.0458677
 0.0713239
 0.0211253
 -0.0283496
 0.0564015
 0.0748736
 0.215687
 -0.155213
 -0.0888367
 -0.233211
 -0.0206904
 -0.119948
 -0.00606136
 -0.0221313
 0.0103637
 -0.0662918
 0.0842939
 -0.0856506
 0.0276561
 0.0636923
 -0.0582023
 -0.129117
 -0.199388
 0.0763556
 0.0773117
 -0.0362821
 -0.0416535
 0.0165815
 0.0652429
 0.0362216
 -0.124639
 -0.146513
 0.0802749
 -0.108736
 0.126229
 -0.00973002
 0.0430388
 0.057811
 0.107429
 -0.095593
 -0.0108016
 0.0234771
 0.132
 0.10478
 -0.0686494
 0.0632311
 0.0832261
 0.0498781
 0.102186
 -0.140374
 0.0793335
 0.0795547
 -0.100729
 0.0388853
 -0.234496
 0.139622
 0.0571703
 -0.0978856
 0.107305
 0.0130256
 0.0290508
 -0.126796
 -0.0679904
 0.018144
 -0.107532
 -0.178916
 -0.0213036
 0.0310152
 -0.0890393
 0.043001
 -0.00413446
 -0.0405339
 0.0821963
 -0.141303
 0.0785241
 -0.213466
 0.0839111
 -0.209511
 -0.033322
 0.0797269
 -0.0368663
 0.223019
 0.0674537
 0.0612406
 -0.0455857
 -0.00461776
 0.0452911
 0.00317393
 -0.158454
 -0.040712
 -0.0367536
 -0.00557798
 -0.186465
 -0.109681
 -0.0281144
 0.0184206
 -0.0686245
 0.119846
 -0.152018
 -0.0296148
 0.0549859
 -0.0470226
 -0.137312
 0.0517178
 0.0454316
 -0.0175915
 -0.0355442
 -0.14643
 0.0692537
 -0.0441503
 -0.0531317
 0.00734967
 -0.0660973
 -0.0737083
 0.0213353
 -0.0452429
 0.236335
 0.156477
 0.0834034
 -0.115752
 -0.0436621
 0.0590317
 0.152709
 -0.0208614
 0.142299
 -0.120304
 -0.0251165
 0.0732412
 -0.124228
 0.0522503
 -0.0961664
 0.0253633
 0.107722
 -0.0435287
 -0.0499077
 -0.135965
 0.108396
 0.0816977
 -0.069944
 -0.0249446
 0.0658618
 -0.00646172
 -0.134739
 0.103889
 -0.0922918
 0.190881
 0.135958
 0.115926
 0.178952
 0.0355074
 0.140127
 0.0399979
 -0.108233
 0.0775967
 -0.0792041
 -0.254527
 0.147359
 -0.0810755
 -0.132605
 -0.0700554
 0.154767
 -0.105063
 -0.219381
 -0.0518539
 -0.117451
 0.133147
 0.241709
 0.131066
 -0.119408
 0.0308455
 -0.0339446
 0.11545
 0.0477277
 0.005059
 0.082232
 0.0258798
 -0.266321
 0.113156
 -0.038975
 0.0811255
 -0.128826
 0.0297989
 -0.0279124
 0.108127
 0.0800712
 -0.0759914
 -0.113978
 -0.0583775
 -0.170155
 0.146765
 0.0274287
 -0.0201321
 -0.16888
 -0.0238191
 -0.0980833
 0.050983
 -0.0805066
 -0.116779
 0.0583817
 -0.0416841
 -0.0874211
 0.147285
 -0.0605489
 -0.0415409
 0.149121
 0.00242731
 0.00185629
 -0.0681987
 -0.0754828
 0.00470988
 0.177985
 -0.0500736
 -0.123542
 -0.193018
 -0.139706
 -0.0178159
 0.0156908
 -0.144393
 0.0658329
 0.0590135
 -0.089775
 0.0524791
 0.000293993
 -0.0305344
 -0.14996
 -0.0914994
 0.0847917
 0.0692136
 -0.259006
 0.00603759
 -0.164578
 0.0110672
 0.149293
 -0.0978888
 -0.104867
 -0.152265
 -0.129705
 -0.033464
 -0.150056
 -0.146974
 -0.00910319
 -0.0845397
 0.146186
 -0.00204407
 0.0853377
 0.000555622
 0.00637501
 0.0710383
 0.135761
 -0.0731519
 0.163209
 0.189318
 -0.140317
 -0.0215531
 -0.103252
 0.0086359
 -0.228585
 -0.125492
 0.168337
 -0.0202713
 -0.0178527
 0.00773191
 0.0535038
 0.0421428
 0.00503524
 0.196767
 0.0252913
 -0.0741844
 -0.0914612
 -0.0737447
 -0.00683641
 0.0571536
 0.0497176
 -0.106298
 -0.116982
 -0.00589427
 0.0613812
 0.0370376
 -0.0339624
 -0.0319057
 0.0341762
 -0.0736273
 0.0894
 -0.0250701
 -0.0201098
 0.00900013
 -0.198085
 -0.0954292
 -0.104976
 -0.0484108
 -0.152862
 -0.0456608
 0.0316713
 0.0098984
 -0.204454
 0.082804
 -0.0887307
 -0.11006
 0.012457
 0.0286958
 0.0664656
 0.00697887
 0.102307
 0.00858782
 -0.0493835
 0.0575584
 0.158291
 -0.184277
 -0.0519304
 -0.0273101
 0.132863
 0.104394
 -0.0902639
 0.00630019
 0.0702006
 -0.0627109
 0.0310781
 -0.0128951
 -0.110557
 -0.0709869
 0.083963
 0.0901064
 0.101382
 0.129004
 -0.0248165
 0.124396
 -0.139411
 0.0387792
 0.018187
 0.0940417
 -0.0763484
 0.00365483
 0.0371268
 -0.177447
 0.0254624
 0.159673
 0.187936
 0.10305
 0.124265
 0.0221959
 0.0184056
 0.215714
 0.00739226
 0.0905227
 0.0190821
 0.0296419
 -0.00461441
 -0.145962
 0.118147
 0.0655968
 -0.0297057
 -0.0609117
 -0.0473933
 0.0557606
 -0.0786018
 -0.201516
 0.0151378
 0.00492098
 -0.0500496
 0.063694
 -0.164818
 -0.230293
 -0.0852105
 -0.0656263
 0.0487646
 -0.133629
 0.118426
 -0.0606949
 0.0557879
 -0.0438017
 0.113661
 -0.0504026
 -0.131046
 -0.0774068
 -0.0305072
 -0.253403
 0.148692
 -0.0101094
 -0.158609
 0.165987
 0.0132846
 -0.0224078
 -0.0601324
 0.0571256
 0.0850681
 -0.159947
 -0.123748
 0.202067
 -0.112756
 -0.0755624
 -0.301112
 -0.0182554
 -0.0490479
 -0.0336582
 -0.13728
 -0.0302087
 0.0547727
 0.0898569
 0.107751
 0.0256887
 -0.147945
 -0.0408275
 0.150319
 -0.110998
 -0.224862
 -0.0199247
 0.0392632
 -0.124376
 -0.0501986
 0.0950365
 -0.0577501
 0.0252926
 0.17404
 0.131549
 -0.0116252
 0.10734
 -0.00742618
 0.0691634
 0.0264623
 -0.0855736
 0.00162281
 -0.0468462
 -0.0100469
 0.0534678
 0.0443638
 -0.009628
 0.114447
 -0.270282
 0.0104385
 0.0658027
 0.0347839
 -0.0865143
 -0.0897294
 0.106504
 0.0710821
 0.131629
 0.00970837
 0.0604088
 0.0458157
 0.0738209
 0.00461415
 0.114965
 0.0116892
 -0.034463
 -0.0551177
 0.0848308
 0.0831874
 -0.000723449
 -0.0102526
 0.010397
 0.0172252
 -0.0413593
 -0.0962773
 0.0809246
 -0.0529452
 -0.0288069
 0.283277
 0.157718
 -0.0228184
 -0.183352
 0.120933
 -0.17306
 0.111671
 -0.0147507
 -0.0108529
 -0.0977424
 -0.0640705
 0.0168588
 0.0283018
 -0.130412
 0.00503136
 0.052021
 -0.100292
 -0.0413484
 0.150543
 0.0215934
 0.0341402
 -0.090258
 0.0192037
 -0.0483809
 -0.0873404
 0.0564639
 -0.226219
 0.18168
 0.0120826
 0.0409934
 -0.0218249
 0.108149
 -0.0612827
 -0.0809533
 -0.0917992
 0.0822308
 -0.00594753
 0.0891647
 0.15557
 0.15684
 -0.0946331
 0.0227553
 0.0343011
 0.0194144
 -0.0145581
 -0.0515962
 -0.0440268
 0.0227646
 -0.137056
 -0.0713424
 -0.0367131
 -0.0611878
 0.0160734
 0.0247276
 0.184039
 0.161383
 0.159661
 -0.0663227
 0.098092
 0.0745265
 0.0204431
 0.195973
 -0.139301
 0.00460218
 -0.00396461
 -0.0264435
 0.00251619
 -0.030496
 0.0508203
 0.00313787
 0.0105725
 0.137426
 0.0186219
 0.0090734
 -0.0591449
 -0.214662
 0.0761724
 -0.108985
 0.0265539
 -0.175353
 0.0124069
 -0.0230353
 0.0615202
 0.109501
 0.137578
 0.0855136
 0.0365015
 -0.0547848
 0.00532413
 0.0417294
 -0.119796
 -0.151335
 -0.024437
 -0.0988553
 0.0158946
 0.157412
 -0.0571415
 0.0838475
 -0.107625
 0.102026
 0.0366365
 0.0132582
 -0.0263979
 -0.0708158
 0.240406
 0.0125202
 0.0342261
 -0.252108
 0.14462
 0.105505
 0.111905
 0.0899851
 0.0367154
 -0.0906004
 0.0227222
 -0.226411
 -0.236558
 -0.00885472
 0.0975681
 0.171256
 0.0496406
 -0.0197226
 0.000301931
 -0.191519
 -0.10641
 0.0144296
 0.0149861
 0.051273
 0.0414663
 0.0169346
 0.0262641
 0.0621414
 -0.0852994
 -0.198787
 -0.0164796
 0.0022603
 0.0149854
 -0.0542636
 -0.038894
 0.0387926
 -0.000296307
 -0.175382
 0.0612036
 -0.112468
 -0.0623467
 0.0763093
 0.0140685
 -0.0354467
 0.0179592
 -0.146595
 0.166509
 0.0549457
 0.0220702
 0.0883396
 -0.0387004
 0.00421003
 0.0800087
 0.0108646
 0.119005
 -0.00368707
 0.0220015
 -0.0206129
 -0.0231882
 0.151889
 0.128292
 0.118846
 -0.105265
 0.0358626
 0.0501603
 -0.211863
 -0.0302891
 0.0883606
 -0.0250705
 0.0367266
 -0.0220223
 0.0263957
 0.222062
 -0.0265649
 -0.0160935
 0.0601532
 0.13222
 -0.0510058
 -0.104273
 -0.0523315
 0.173213
 0.0481935
 0.101618
 0.0581522
 0.158005
 -0.166637
 -0.12968
 0.111447
 -0.0798852
 0.205335
 -0.346664
 -0.0799117
 0.113631
 -0.0294527
 -0.0639463
 0.00179077
 -0.141827
 0.18324
 0.10288
 -0.0456748
 -0.0644071
 0.027865
 -0.0197
 -0.120526
 -0.141287
 -0.224564
 -0.0119782
 0.103448
 -0.0551073
 -0.0601765
 -0.0657376
 0.0362275
 0.00702096
 0.116774
 0.154008
 0.0737927
 -0.00838662
 -0.073162
 0.0483027
 0.0383227
 0.0506886
 -0.251223
 0.0188929
 -0.0962754
 0.0195048
 0.147474
 0.114591
 0.295613
 -0.140071
 -0.0850162
 0.211001
 0.0268124
 0.0736705
 -0.0174404
 0.0165905
 -0.0605279
 0.152765
 -0.0872364
 0.204551
 0.22697
 -0.0820674
 0.0988603
 0.0994429
 0.104729
 -0.0830666
 0.190002
 0.0309269
 0.0913163
 -0.0397287
 -0.0984302
 0.173833
 0.135756
 -0.146833
 0.0115758
 -0.102306
 -0.108591
 -0.103647
 0.191742
 -0.121503
 -0.0198575
 0.0671747
 0.00709999
 0.0421516
 -0.0456719
 0.25687
 -0.127843
 0.0392759
 0.0226383
 -0.0816502
 -0.118548
 -0.135597
 -0.0366728
 0.192697
 0.0609247
 0.135309
 0.141512
 -0.111621
 0.0138985
 -0.0119015
 0.0848104
 -0.0296101
 0.0507904
 -0.0143452
 0.0487342
 -0.043114
 0.00517923
 -0.143348
 -0.117236
 -0.0176013
 0.123616
 0.229849
 0.0354029
 0.0471566
 -0.050803
 0.207418
 0.0351262
 0.107491
 0.0913432
 0.178116
 -0.144185
 -0.00141897
 -0.0496435
 -0.0303576
 0.0580796
 0.10469
 -0.0515493
 -0.0421402
 0.0640977
 -0.040508
 -0.125714
 0.108274
 0.113099
 0.157331
 -0.0886002
 -0.00183586
 0.0194655
 -0.0798579
 0.217147
 0.119798
 0.175185
 -0.187444
 0.0577905
 -0.00475263
 0.0905595
 0.0306793
 -0.0789603
 -0.0112432
 0.0638016
 0.0847811
 0.010627
 0.164356
 0.165143
 -0.0822908
 0.105506
 -0.108199
 0.0881806
 0.194634
 0.0379944
 -0.130492
 0.136957
 0.100856
 -0.0265595
 0.0722605
 -0.0356241
 0.0107537
 -0.0758984
 -0.00342945
 0.0539786
 -0.301598
 0.171481
 -0.110696
 -0.100394
 -0.124648
 0.189436
 -0.0348393
 0.0700979
 0.140752
 -0.0260722
 0.0456901
 -0.111761
 0.0876034
 -0.00179458
 -0.0429304
 0.166995
 0.058558
 -0.141246
 -0.0409864
 0.236782
 0.0742352
 -0.127771
 -0.158891
 0.0642516
 -0.0410636
 0.0211998
 0.0438054
 0.0504182
 0.0549863
 -0.0766282
 0.0919525
 0.0486954
 0.0188566
 0.0196024
 -0.102445
 -0.09246
 -5.5511e-05
 0.110137
 0.0232757
 0.136041
 -0.0780022
 0.103176
 -0.057723
 0.0704274
 0.0602936
 -0.0782617
 0.137515
 -0.114196
 0.0841262
 -0.0388499
 0.154733
 0.10158
 -0.176076
 -0.0077308
 -0.0931394
 -0.251999
 0.0262764
 -0.0657093
 -0.0703599
 -0.0527109
 0.085053
 0.163105
 -0.0136412
 0.0272863
 -0.0575303
 0.0664155
 -0.20511
 0.136502
 0.00900217
 0.0269813
 -0.0437601
 0.0464305
 0.0865454
 0.096496
 -0.132022
 -0.0298378
 0.0464185
 0.0518013
 -0.0240432
 0.00971861
 0.0103004
 0.0333406
 0.0967366
 -0.13593
 -0.0459727
 0.078052
 -0.0275444
 0.068303
 0.0356955
 0.272094
 -0.0251722
 -0.0601412
 -0.130119
 -0.0771327
 -0.138539
 -0.197888
 -0.0215789
 0.0245116
 -0.113634
 -0.00657468
 -0.0638213
 -0.16296
 -0.059244
 -0.224679
 0.0699556
 -0.107697
 0.00418186
 -0.11213
 0.0502771
 0.10095
 0.141612
 -0.0289155
 -0.181406
 -0.0420391
 0.134626
 0.0157253
 -0.0678168
 0.0997426
 -0.107303
 0.174623
 -0.0226549
 -0.0113128
 0.142642
 0.0941436
 0.0113977
 -0.00472072
 -0.132495
 -0.126658
 0.0154422
 -0.170663
 0.0383313
 -0.120796
 0.0495229
 0.0034361
 0.0997212
 -0.1229
 0.016303
 -0.0164051
 -0.0541276
 -0.122732
 -0.0338963
 -0.0468521
 0.128896
 0.0568806
 -0.0797353
 0.0554474
 -0.0837108
 -0.219395
 0.0187806
 -0.0819325
 0.0184582
 -0.201359
 0.0204824
 -0.000882845
 0.126708
 -0.191875
 0.059911
 0.0795806
 0.0689123
 -0.0999392
 0.0402345
 -0.136514
 0.0654362
 0.093543
 0.115998
 0.0494028
 -0.251798
 -0.0238288
 0.0166561
 0.0683034
 0.0200251
 0.0869316
 -0.0145695
 0.0949119
 0.00657564
 -0.000345654
 -0.0295035
 0.0490207
 -0.148764
 0.146016
 0.20006
 0.0261405
 -0.0222508
 0.0421269
 -0.0277344
 -0.0836284
 0.0206711
 0.0209149
 -0.0971112
 0.133362
 -0.0271509
 -0.050641
 0.113158
 -0.0229001
 0.169911
 -0.0184896
 0.0100201
 -0.214267
 -0.141085
 -0.0610144
 0.140027
 -0.0686344
 -0.000914124
 0.050428
 -0.138276
 0.0194108
 0.253505
 0.0878709
 0.00772176
 0.00338246
 -0.0755343
 0.0185775
 -0.0445549
 0.100651
 0.0375997
 -0.0697222
 -0.0224188
 -0.0875017
 0.0411298
 0.0220745
 -0.00958508
 -0.0474908
 -0.111578
 -0.168071
 -0.0325608
 0.00117443
 -0.00956172
 -0.0671495
 0.022855
 0.166452
 -0.229207
 -0.172136
 0.086751
 -0.140444
 0.0779873
 -0.0846031
 -0.0650727
 -0.0230507
 -0.0131975
 0.0671886
 -0.10973
 -0.17672
 0.0677888
 -0.0276452
 0.236139
 -0.134077
 0.140214
 -0.0893708
 -0.0283227
 0.0127839
 0.308132
 0.1451
 0.0011967
 -0.0116048
 -0.195853
 0.0808939
 0.0201698
 0.183286
 -0.149395
 0.0826701
 0.146968
 -0.00493007
 0.0334784
 0.0738093
 -0.022858
 0.190601
 -0.129186
 0.0599015
 -0.104927
 -0.0627763
 -0.0488103
 0.0446399
 -0.0235274
 0.0118209
 -0.0464795
 0.101837
 -0.0399745
 -0.0018677
 0.0364339
 0.0320386
 -0.171497
 0.124813
 0.1098
 -0.157689
 -0.0866228
 -0.0921445
 0.161182
 -0.188175
 0.0856055
 0.00634646
 -0.105103
 0.0529688
 -0.121813
 -0.0402266
 0.0827437
 0.00398863
 -0.230776
 -0.00126255
 -0.0659599
 0.00179555
 0.0237284
 -0.0750874
 0.149159
 -0.0733403
 0.0787125
 -0.115022
 0.092395
 -0.0303409
 -0.0551773
 -0.178754
 -0.0475539
 -0.0280385
 0.0613549
 -0.00583827
 0.0479605
 -0.081331
 -0.0640592
 -0.123715
 0.0270531
 -0.154172
 -0.0472172
 -0.0611098
 0.0301216
 -0.101098
 0.0251655
 0.110884
 -0.04477
 0.0187191
 -0.0818027
 -0.0633142
 -0.022089
 0.0681674
 0.124286
 0.0676924
 0.134759
 0.0378722
 0.0443654
 0.289522
 0.0286088
 0.00138584
 -0.128587
 0.00397644
 0.0808469
 -0.125819
 -0.0631632
 -0.079576
 0.0358153
 0.0464336
 -0.10892
 0.0562287
 -0.109688
 0.0512698
 -0.037262
 0.064719
 0.0364489
 -0.162789
 -0.0929665
 -0.174965
 0.15474
 0.0710339
 -0.097092
 0.159772
 -0.0466031
 -0.134054
 0.16665
 0.0183603
 -0.119652
 -0.0050491
 0.0976512
 0.13009
 -0.0564942
 0.113666
 -0.188557
 -0.0870981
 -0.143912
 -0.0380694
 -0.102825
 -0.0256803
 -0.0218179
 0.162234
 0.0452839
 0.0657258
 -0.0958567
 0.00196996
 0.0945401
 -0.100656
 0.0572748
 -0.0921992
 0.0696203
 0.0710514
 0.0631895
 -0.179531
 0.0530934
 -0.119249
 -0.0853216
 -0.108427
 0.0489694
 -0.0901001
 0.0327177
 0.107667
 -0.0817025
 0.103538
 0.0738401
 0.0868999
 -0.0798612
 -0.122144
 -0.144051
 -0.00964405
 0.0162214
 0.0851323
 0.0874394
 -0.199084
 -0.100599
 0.0449864
 -0.0497009
 -0.0200693
 -0.0441474
 0.00716169
 0.177879
 0.0141037
 -0.0987327
 -0.0947832
 -0.0532719
 0.110975
 0.126635
 -0.0194592
 -0.0435204
 0.182856
 0.0470202
 -0.0225869
 0.0494185
 0.000941539
 0.0399725
 0.0669599
 -0.153363
 0.0175562
 0.0473043
 0.00492885
 -0.00523558
 -0.0921653
 -0.0365975
 0.0906088
 -0.097656
 0.020873
 0.0739552
 -0.133205
 0.0303658
 0.0493708
 0.0055356
 0.0625744
 -0.116146
 -0.0616293
 0.0151963
 -0.0514031
 -0.121059
 -0.0914804
 -0.0884527
 0.0873965
 0.211998
 -0.0908508
 -0.0325232
 -0.023817
 0.0964874
 0.0230313
 0.0227935
 0.0215799
 -0.0406482
 0.0210263
 -0.0116054
 0.0822755
 -0.0878103
 0.0323491
 0.0704503
 -0.0287068
 -0.134278
 -0.210777
 0.0268262
 0.0165706
 0.102929
 0.0138589
 -0.0727301
 0.15042
 0.0298611
 0.19523
 0.0752043
 0.117654
 -0.171223
 0.00922961
 0.126493
 0.0484818
 0.0349484
 -0.0492382
 0.0422651
 0.0335084
 -0.026592
 -0.127353
 -0.0651676
 0.00816578
 -0.0709739
 -0.043589
 -0.165156
 0.149829
 -0.08149
 0.008985
 0.0129449
 -0.168528
 0.127361
 0.185213
 0.119729
 0.00598167
 0.115104
 -0.00645379
 0.035271
 0.03614
 0.108119
 0.0386462
 -0.0661373
 0.076502
 -0.128791
 -0.0134951
 0.053978
 -0.235919
 -0.115107
 -0.0421304
 0.211103
 0.127086
 -0.0653404
 -0.100468
 0.0548354
 -0.00493655
 -0.132638
 -0.0514141
 0.00517047
 0.0238955
 0.0415578
 -0.0289558
 -0.0876048
 -0.0455024
 0.0263363
 0.0108042
 0.0795335
 -0.0744627
 -0.140451
 0.0650291
 0.0894904
 -0.181001
 0.126078
 -0.132165
 0.1193
 0.000327223
 0.0847576
 -0.0527632
 -0.0332892
 -0.00844858
 -0.106677
 0.0725266
 -0.025553
 -0.169562
 0.0717865
 -0.153274
 -0.0592029
 0.0462514
 0.0314754
 -0.0838962
 -0.107196
 -0.130118
 0.0751661
 -0.052107
 -0.134672
 0.0288986
 -0.00334986
 0.050118
 0.129843
 0.0366019
 -0.0936031
 -0.224217
 -0.112346
 -0.0258216
 0.0332844
 0.0650087
 0.0403346
 0.0308418
 0.00692622
 -0.00588025
 -0.0164664
 0.0122545
 -0.140196
 0.0969916
 0.0765337
 -0.0925266
 0.0417576
 0.103879
 -0.106927
 0.0535252
 0.187386
 0.144833
 0.00699676
 0.0815529
 0.071741
 0.0608894
 -0.00194711
 0.0199007
 -0.0684513
 -0.0346701
 0.0675684
 -0.0059807
 -0.0858983
 0.127902
 -0.00309096
 -0.0782214
 0.00713573
 0.0706297
 -0.0132536
 0.0488045
 0.14763
 -0.0463286
 0.229777
 0.00425838
 0.118445
 -0.129377
 0.153202
 0.0370323
 0.0209547
 -0.020461
 -0.0551141
 -0.246695
 -0.160081
 -0.0493619
 -0.256198
 -0.180001
 0.0186042
 -0.0896303
 -0.0929796
 -0.00806912
 -0.0575528
 -0.0325315
 -0.140908
 -0.128051
 -0.150434
 -0.182979
 -0.0192255
 -0.0331372
 0.0838216
 0.0188111
 0.0787154
 -0.0591985
 0.14876
 0.123896
 0.0749348
 0.125274
 0.146038
 -0.211959
 -0.000645518
 -0.0321973
 -0.0133094
 0.229487
 -0.100418
 -0.00507157
 -0.0932911
 0.0219102
 0.207113
 0.099126
 -0.00460701
 0.183456
 0.0968322
 -0.0690938
 -0.0423713
 -0.0322864
 0.0699081
 0.054789
 0.0181352
 0.197602
 0.0401904
 -0.241238
 -0.212169
 -0.141149
 -0.0693183
 0.0490126
 -0.066361
 -0.0316185
 -0.115297
 0.17084
 -0.0954829
 -0.115259
 0.0933602
 0.0287725
 0.0709378
 -0.0555578
 -0.10722
 -0.00980251
 -0.149909
 0.0142659
 -0.0597561
 0.128184
 0.0837996
 -0.0401093
 0.221208
 0.0142174
 0.13872
 0.00925105
 -0.0572139
 -0.0275244
 -0.230836
 0.0427739
 -0.0781328
 -0.108876
 -0.137665
 0.0112575
 0.133843
 -0.0133096
 -0.0541256
 -0.0826216
 0.0660071
 0.114455
 0.0104835
 -0.079296
 0.1249
 0.036581
 -0.0725923
 0.0236596
 -0.0179933
 -0.204106
 -0.114172
 -0.119768
 0.0252275
 0.00628978
 -0.0933465
 0.0129724
 -0.0371147
 0.0899433
 -0.0229241
 -0.0160206
 -0.129565
 0.15522
 -0.0573223
 0.0966994
 0.17574
 0.0332736
 0.052492
 0.0931449
 -0.0858282
 -0.0264649
 0.0575177
 0.0377847
 -0.118282
 -0.111196
 -0.0691618
 0.0514379
 -0.0626316
 -0.0235467
 0.0343501
 -0.10585
 0.133612
 0.0968592
 0.0626368
 0.2802
 -0.0592707
 -0.0647466
 -0.0476162
 0.166234
 -0.096427
 0.0997366
 -0.127087
 -0.0620878
 -0.0330445
 0.105038
 -0.0710336
 -0.0384985
 -0.110124
 0.0773753
 0.200612
 -0.0948152
 0.0741401
 -0.224754
 0.00659194
 -0.0637253
 -0.013873
 0.151553
 0.0732506
 0.144598
 0.138575
 0.144264
 -0.22101
 -0.100506
 0.0579133
 0.0755749
 0.140771
 -0.187068
 0.0679061
 -0.0607274
 0.216365
 -0.0521285
 0.28337
 -4.82716e-05
 -0.0599848
 -0.044286
 0.0176895
 0.0580346
 0.0411232
 -0.00134185
 0.0814465
 -0.0094625
 0.101368
 0.000404611
 -0.123598
 -0.0617235
 0.134085
 0.00274904
 0.00802213
 0.15871
 -0.0730443
 0.0735106
 0.0713533
 0.00507457
 -0.0535727
 -0.0132035
 -0.0156727
 0.154444
 0.00487395
 -0.158176
 -0.014221
 -0.0138593
 -0.11615
 -0.0319776
 -0.0603111
 -0.0696216
 0.204395
 0.117236
 -0.159094
 0.179678
 0.0403831
 0.0935269
 0.0248271
 0.214768
 0.115263
 0.0947656
 0.100363
 -0.0861119
 -0.00990348
 -0.0212647
 -0.0104111
 0.0967432
 -0.0477479
 -0.113234
 0.0171085
 -0.0296614
 -0.0534225
 -0.0882103
 -0.12734
 0.072052
 -0.0601759
 0.020431
 0.154411
 0.165558
 0.00433973
 0.0423324
 0.11365
 -0.00597168
 -0.0753745
 0.0510977
 -0.115438
 -0.0853321
 0.28019
 -0.0683803
 0.117015
 0.0297531
 -0.146326
 -0.0102114
 0.087444
 -0.067813
 -0.000538178
 -0.0748964
 0.0549625
 -0.0818781
 0.0225753
 0.0109699
 -0.0333961
 -0.0853091
 0.128479
 0.0368328
 0.062179
 -0.00650549
 0.0191535
 -0.0986814
 -0.0827832
 0.118894
 -0.0403835
 0.0248826
 -0.135368
 -0.0305657
 0.00645947
 0.10144
 0.089415
 0.0808837
 -0.0181921
 -0.0792152
 -0.0912279
 -0.0352734
 0.0636787
 -0.0581816
 -0.133092
 -0.0617368
 0.123287
 -0.0986802
 -0.0692378
 -0.0915177
 0.00704129
 -0.0603809
 -0.182245
 -0.0260325
 -0.105194
 -0.0907372
 -0.0834215
 -0.0195637
 0.0391785
 -0.244865
 0.0874398
 -0.0329312
 -0.112339
 -0.0989715
 -0.0908388
 -0.0957583
 -0.163242
 0.0846318
 0.0415567
 -0.0746341
 -0.0548959
 -0.196144
 0.0960773
 0.128092
 -0.0307619
 -0.155478
 -0.114426
 -0.216329
 0.130353
 -0.0786901
 0.0877894
 -0.0511623
 -0.0323118
 -0.0375385
 -0.0440732
 0.174616
 -0.00632051
 -0.0685678
 -0.0560231
 0.031016
 -0.0162886
 -0.0665584
 -0.020448
 0.037696
 -0.0414301
 0.136187
 0.0324237
 -0.0486884
 0.198309
 0.0448333
 -0.258868
 0.0463669
 0.104139
 0.117858
 -0.0360249
 0.0483837
 0.157251
 -0.0570609
 -0.0774932
 -0.0418164
 0.0503924
 0.288211
 -0.163585
 -0.180043
 0.023515
 0.0169229
 -0.12155
 -0.0208304
 -0.0119963
 -0.00981229
 0.0226012
 0.0908583
 -0.0820035
 0.0744349
 -0.104401
 0.103249
 0.0868357
 -0.108925
 -0.00306299
 0.00922806
 0.147028
 -0.0396043
 -0.0170626
 0.0295231
 -0.045967
 0.0386668
 0.0186834
 -0.0220054
 0.137031
 -0.0332465
 -0.137703
 0.13095
 -0.117206
 -0.107164
 0.0815209
 0.0571919
 -0.132212
 -0.108653
 -0.195092
 -0.0747833
 0.0120736
 0.190842
 0.0886638
 0.0319251
 0.209921
 -0.148684
 -0.0512118
 -0.141696
 0.0915136
 -0.0231711
 -0.0319442
 -0.0597388
 -0.0497203
 0.0670564
 -0.0416695
 -0.0323228
 -0.104956
 0.193348
 -0.0959837
 -0.0344598
 0.209919
 0.116633
 0.0821075
 -0.0523932
 -0.10968
 -0.0400781
 0.0176762
 -0.00291504
 0.0331787
 0.03819
 6.24329e-05
 0.0173232
 0.106821
 -0.162764
 -0.0719088
 -0.00709561
 -0.0552257
 -0.0640801
 -0.171086
 -0.1628
 -0.0765746
 0.192396
 -0.0412902
 0.0902274
 0.183895
 0.0467031
 0.247342
 0.0801319
 -0.0164585
 0.121173
 0.078069
 -0.0856275
 0.00304666
 0.2083
 -0.01304
 -0.0830435
 0.154608
 0.014555
 0.0670783
 -0.209558
 -0.0907634
 0.0995855
 -0.13766
 0.191908
 -0.0595773
 -0.0346677
 -0.0837592
 0.0279683
 -0.113495
 -0.0388552
 0.036911
 -0.0536921
 0.0997537
 -0.140749
 0.0118807
 -0.149064
 0.0432415
 -0.0273309
 0.0335207
 -0.0774021
 -0.0418641
 0.00649726
 0.145826
 0.128154
 0.0507864
 -0.033123
 0.00476524
 0.0977559
 0.0687999
 -0.0822426
 0.0485765
 0.145282
 0.168584
 0.0457313
 0.0260045
 0.142696
 0.015648
 0.0846017
 0.00460543
 -0.0650279
 0.0758641
 0.00958454
 -0.0106692
 -0.171994
 -0.00215809
 0.0864162
 0.0359483
 0.0278605
 -0.0255345
 -0.0238875
 -0.18579
 0.0986609
 -0.197155
 -0.0562475
 -0.0451092
 0.0310228
 0.123264
 0.151238
 -0.0511371
 -0.0161556
 0.017161
 0.0689802
 0.166402
 -0.0105106
 0.0687101
 0.136274
 0.0526049
 0.0105915
 0.0462936
 0.021349
 0.051857
 0.0595463
 -0.199283
 -0.0132948
 0.00785362
 0.056648
 -0.0162607
 -0.0913235
 -0.0972071
 -0.0929076
 0.216098
 -0.122043
 0.0092825
 0.0676828
 -0.0414428
 0.0454958
 -0.0858214
 -0.0610084
 0.103836
 0.101383
 0.146824
 -0.0739735
 -0.0956817
 0.117334
 0.0978395
 -0.0539357
 0.119642
 0.0622423
 -0.112312
 0.0138109
 0.12204
 -0.0768909
 -0.0415287
 0.0586894
 0.140751
 0.0885373
 -0.335954
 0.258113
 -0.0100196
 -0.0254968
 0.0521033
 -0.134921
 0.209414
 -0.0865764
 0.0731715
 0.109847
 0.127902
 0.00424666
 -0.106258
 -0.085955
 0.13848
 0.0598327
 -0.142624
 0.0167371
 0.0693262
 -0.0972904
 -0.104631
 0.0362599
 -0.0445609
 0.103919
 0.134667
 0.166711
 -0.071121
 0.026227
 0.028831
 -0.103028
 0.141267
 -0.117047
 -0.00489713
 -0.0389782
 0.0589928
 -0.0719902
 -0.0731163
 0.156321
 -0.137058
 0.0799003
 -0.105965
 -0.00295357
 -0.0506452
 0.0398534
 -0.0100773
 0.00755584
 -0.0114181
 0.0619676
 0.0480554
 0.0363397
 -0.0357587
 0.0791153
 0.0996098
 0.0860146
 -0.0924586
 -0.0697945
 -0.0979324
 -0.0181893
 -0.0164241
 -0.133843
 -0.0786303
 0.18574
 -0.220969
 -0.0163452
 -0.115768
 0.00738174
 -0.12474
 0.0274438
 -0.0559799
 -0.107607
 -0.0207847
 0.0011865
 -0.109536
 -0.00400416
 -0.0868247
 0.155006
 -0.0734854
 -0.0578553
 0.0988444
 -0.174384
 -0.172985
 0.166372
 0.027313
 0.163103
 0.00299002
 0.00419102
 -0.035895
 0.0722667
 0.0152314
 -0.0917364
 -0.071217
 -0.189426
 0.05096
 -0.0318078
 -0.158729
 -0.168507
 0.0370558
 -0.059534
 0.163816
 -0.00683394
 0.0179013
 -0.0128043
 0.0441877
 -0.0336918
 0.142756
 -0.0173401
 0.0117314
 0.135375
 0.117323
 -0.00147594
 0.00335767
 -0.042875
 -0.135019
 -0.0341308
 -0.13051
 -0.0312149
 0.0342458
 0.151781
 0.0408218
 -0.0808321
 -0.0216661
 -0.102517
 0.0464115
 0.191443
 -0.0993869
 0.0671842
 -0.10022
 0.0555753
 -0.000114697
 -0.0262042
 0.240397
 -0.0672857
 0.0992302
 0.262398
 0.0661195
 -0.0317621
 -0.0842704
 0.0217079
 0.0180224
 -0.0138358
 -0.166912
 0.00849226
 -0.126628
 0.0555989
 0.0879891
 0.0697761
 -0.086759
 0.0245782
 -0.126056
 -0.0297147
 -0.0654382
 0.0513953
 0.00307131
 0.0702522
 0.121155
 -0.00640963
 0.0630817
 -0.0969699
 -0.020485
 0.213725
 0.0090717
 0.171494
 0.0205448
 0.0201213
 0.0882014
 -0.0767186
 0.00304551
 -0.118815
 -0.159662
 0.0803269
 0.149729
 -0.0494121
 0.0305789
 0.0157162
 0.0305765
 0.0908918
 -0.190778
 0.00996257
 -0.101136
 -0.0892264
 0.0298038
 0.13775
 0.0518159
 0.054517
 0.0116084
 0.144079
 0.0303873
 -0.0512474
 -0.0920581
 0.0790097
 0.0276547
 0.0959003
 0.0689828
 0.0200741
 0.06068
 0.0114652
 -0.0339864
 -0.0391825
 0.161486
 0.153284
 -0.230829
 0.0363866
 -0.0646488
 0.101333
 -0.0302006
 -0.002309
 -0.348687
 -0.0494484
 0.0481066
 -0.0264907
 -0.0814619
 0.0102944
 0.00902092
 -0.0228753
 -0.131832
 0.0411871
 -0.0212634
 0.0322998
 0.0782475
 -0.00903436
 -0.0231953
 0.148802
 -0.180113
 -0.132422
 0.0623661
 -0.112563
 0.0589389
 0.0151907
 -0.0511709
 -0.179218
 0.012648
 0.179717
 -0.124097
 0.116265
 0.0534728
 -0.136543
 -0.0602893
 -0.0614745
 0.260075
 -0.153916
 -0.0982342
 0.159505
 0.0515199
 -0.0552717
 -0.169858
 -0.0299077
 0.11229
 0.0902826
 0.0775578
 0.18093
 0.133093
 0.0625509
 -0.0102836
 -0.0121643
 -0.0621377
 -0.108224
 0.0246452
 0.0953015
 -0.00679747
 -0.0751523
 -0.0725827
 0.0114832
 -0.0847629
 -0.00216371
 0.0683828
 -0.0315667
 -0.102798
 -0.0515493
 -0.0560164
 0.00127645
 -0.047997
 0.0110061
 -0.136508
 0.093912
 0.0858271
 -0.134691
 -0.192667
 -0.024609
 0.0320863
 0.00812072
 0.00165099
 0.113291
 0.0900806
 -0.019403
 -0.241689
 0.0618534
 0.010907
 0.0506411
 0.0683962
 0.0903885
 0.00984558
 -0.0506897
 -0.0214758
 -0.0686377
 0.0360518
 0.0836215
 -0.129503
 0.0522278
 -0.167982
 -0.0599832
 -0.0324509
 -0.0562534
 -0.098336
 -0.119837
 0.022282
 0.111899
 -0.144831
 0.161763
 -0.120018
 0.0188537
 -0.0512967
 -0.0190517
 -0.0758213
 0.143219
 -0.0301617
 -0.0255844
 -0.039362
 0.0239179
 -0.00871934
 0.117614
 0.115772
 0.118236
 0.0219238
 -0.0602229
 0.00532613
 0.133202
 -0.0635145
 0.141647
 0.155165
 0.0811498
 0.0712495
 -0.164849
 -0.313871
 -0.0434313
 -0.0299869
 0.0334004
 -0.0606847
 0.119556
 -0.179361
 0.0154771
 -0.0439794
 0.148592
 0.119105
 -0.211352
 0.0138456
 -0.0840898
 -0.0159669
 0.0318492
 0.0332439
 -0.0406738
 -0.0349809
 -0.189267
 -0.136347
 0.115968
 -0.149241
 -0.021497
 0.254066
 -0.0208068
 -0.016312
 0.0898377
 0.150284
 0.023773
 -0.0385845
 -0.114835
 -0.0599525
 0.0141202
 0.153744
 0.0159989
 -0.0466337
 -0.0687907
 -0.026406
 -0.157014
 -0.000368203
 0.118559
 -0.000591381
 0.157083
 -0.253911
 0.359357
 0.142649
 -0.0218688
 -0.301687
 0.0198875
 0.145158
 0.0765271
 0.0778671
 -0.197965
 -0.158176
 0.170185
 0.076184
 -0.0672051
 0.0430445
 0.186946
 -0.139911
 -0.00168175
 -0.10968
 0.0372415
 0.104956
 0.195262
 -0.231844
 0.0484654
 0.0222941
 -0.0250925
 0.0902097
 0.00665864
 -0.0618031
 -0.0976782
 0.0241801
 0.118844
 -0.0224222
 -0.135221
 0.0247567
 0.0807938
 0.016913
 0.0259356
 -0.0240013
 -0.0260586
 0.0289479
 -0.0091542
 -0.126801
 -0.137639
 0.00244032
 0.000464658
 -0.134012
 0.110161
 0.050779
 0.0290714
 0.255837
 0.0887758
 0.0615253
 -0.133593
 0.0493968
 0.0549735
 -0.139069
 0.181532
 -0.00697503
 -0.165092
 -0.0720937
 0.0449677
 0.165344
 0.0243783
 0.104411
 0.118679
 -0.0413385
 0.121737
 0.016098
 -0.015159
 -0.0409964
 -0.0845266
 -0.00230556
 -0.0804098
 0.127975
 -0.184422
 0.132357
 -0.145234
 0.0721635
 -0.00972539
 0.153592
 0.12438
 0.0283275
 0.0495154
 -0.0269353
 -0.0879481
 0.032837
 -0.0523793
 -0.0879757
 -0.00567118
 0.0988917
 0.00708653
 -0.0766578
 -0.0458511
 -0.096832
 -0.0448471
 -0.00300817
 0.10488
 0.0193
 0.0798816
 0.102662
 0.0537916
 0.00703353
 0.0478375
 -0.00721103
 0.104257
 -0.0656804
 0.00484348
 -0.110104
 0.0564205
 0.00704934
 -0.214338
 -0.105622
 0.0112132
 0.108591
 -0.0496048
 -0.00177782
 -0.115835
 -0.0317561
 -0.0650679
 0.000329897
 0.0170666
 0.12846
 -0.140941
 -0.0666052
 -0.0588967
 0.0848452
 -0.0672353
 -0.177196
 -0.143934
 0.050045
 0.0247597
 0.0695207
 0.0755562
 -0.126114
 -0.131928
 -0.0431498
 -0.0848793
 -0.10927
 0.135067
 -0.113516
 0.069751
 -0.0789124
 0.067009
 -0.00593107
 0.0781086
 -0.159957
 0.0355868
 0.0148801
 0.0597926
 -0.0732123
 0.218896
 0.0824724
 -0.163604
 0.00721512
 -0.0329947
 0.108112
 0.0254478
 -0.0270824
 0.0632626
 0.14071
 -0.166152
 -0.0453288
 -0.0191488
 -0.0110769
 0.0080772
 0.155102
 0.0515032
 -0.0252112
 -0.121316
 0.0837718
 0.0886125
 -0.0128807
 0.0613389
 -0.0158683
 -0.113705
 -0.0507902
 -0.00527583
 0.0811759
 0.0674182
 -0.116538
 0.00992389
 -0.131399
 0.0723611
 0.0386261
 -0.0859434
 0.021612
 0.0660665
 0.153027
 0.043091
 0.0535906
 0.00413708
 -0.0217713
 0.108263
 0.0837855
 0.167277
 -0.103848
 -0.0245768
 0.0658523
 0.058229
 0.0250845
 -0.0606619
 -0.0564721
 0.0632096
 -0.0528332
 -0.187557
 0.167622
 -0.0529348
 -0.031076
 -0.0419141
 -0.183939
 0.0212091
 -0.139829
 0.179786
 0.0272856
 -0.0417951
 -0.0515258
 -0.0339986
 -0.0589096
 -0.0340652
 0.08822
 0.151771
 -0.0866066
 0.0605026
 -0.0442901
 0.0991082
 -0.063312
 -0.115227
 -0.0446352
 -0.0627665
 -0.0589439
 0.130321
 -0.0109424
 0.114272
 -0.0117622
 0.00951492
 0.00695804
 -0.0428202
 -0.18734
 -0.0338384
 -0.0528488
 0.0717225
 0.115624
 0.0579745
 0.0556063
 0.0113645
 -0.0575613
 0.0648984
 0.139383
 -0.0757372
 -0.06503
 0.00504662
 0.199349
 0.16536
 -0.138472
 0.0295709
 -0.0133436
 -0.055399
 0.235392
 0.140771
 -0.0581166
 0.123052
 0.177912
 -0.0898158
 -0.107889
 -0.14974
 -0.0162019
 0.0500362
 0.0876592
 0.0909079
 0.0265899
 -0.000926453
 -0.0743591
 0.130965
 -0.0280721
 0.0227783
 0.121813
 0.0113574
 -0.120977
 0.0155336
 0.0490094
 -0.0439284
 -0.0457402
 -0.0115587
 0.100058
 -0.0165701
 -0.015861
 -0.347303
 -0.0489718
 0.0340671
 0.0290371
 -0.147445
 0.0135392
 0.0773785
 0.0376064
 -0.00339606
 -0.197565
 0.00489227
 -0.0260083
 0.0359913
 0.00288374
 -0.0741759
 0.140166
 -0.0523819
 -0.120589
 -0.116645
 0.0826954
 -0.0888154
 0.0358986
 0.0823965
 -0.0517049
 0.222651
 0.00404874
 -0.0885537
 0.0326783
 0.204565
 -0.0204876
 -0.102349
 0.101601
 0.157872
 -0.172771
 -0.0957985
 0.00349115
 -0.129096
 -0.0472807
 -0.176401
 -0.224654
 -0.00878701
 0.046423
 -0.0151057
 -0.0898404
 -0.0808775
 -0.0324672
 -0.106348
 0.0903944
 0.0197732
 0.0449514
 0.0376588
 0.0993832
 0.0425026
 0.0378993
 0.0428444
 0.107458
 -0.0377595
 0.00415834
 -0.151514
 0.0522042
 -0.0461612
 -0.0962195
 -0.0178138
 0.194116
 -0.0197843
 0.0110784
 0.00517142
 -0.0431827
 -0.119282
 -0.0472468
 -0.0596211
 -0.0369387
 0.0124518
 0.0210411
 -0.00847542
 -0.0197521
 -0.0735074
 -0.0794057
 -0.0300756
 -0.0350803
 -0.025729
 -0.0472377
 -0.142834
 -0.0633599
 -0.0113506
 -0.120415
 0.0111093
 -0.0719639
 0.0205543
 0.00110268
 -0.143766
 0.0281717
 -0.0985496
 0.154165
 0.166011
 0.112968
 -0.0350305
 -0.0627821
 -0.0444846
 0.0256798
 0.019364
 0.0093852
 -0.00145647
 0.0485733
 -0.00533522
 -0.00664955
 -0.134785
 -0.0774498
 -0.0816813
 0.0173457
 0.0344657
 -0.061433
 0.118809
 -0.0762233
 -0.0573675
 0.0318063
 -0.0772531
 -0.0712644
 -0.0450315
 -0.0884455
 -0.062753
 -0.104943
 0.00180428
 -0.0737879
 0.0546462
 0.123581
 -0.132207
 -0.0286877
 -0.0476942
 0.0206544
 -0.00438494
 0.0200644
 -0.0408987
 -0.0923348
 -0.0209062
 -0.0921473
 -0.136105
 0.0476732
 0.00806607
 0.172951
 0.0962115
 -0.0609161
 0.00365862
 0.168214
 -0.0375505
 -0.0296333
 -0.127846
 -0.054961
 -0.0636314
 0.0669175
 0.106767
 0.060892
 0.0913252
 -0.0224788
 0.17747
 -0.0487069
 0.0591717
 0.016767
 0.0336554
 0.0639311
 -0.0587301
 -0.103871
 -0.00386238
 0.000555125
 -0.0382138
 0.285196
 -0.185174
 0.00881133
 -0.105469
 0.0162733
 -0.0151713
 0.201138
 0.0894316
 -0.0389905
 -0.0952547
 -0.00371494
 0.0701926
 0.0350605
 -0.0398163
 0.119938
 0.04904
 0.0861499
 0.109466
 -0.135463
 0.192469
 -0.00690782
 -0.0190096
 -0.0210829
 0.0223501
 -0.0232328
 0.131274
 -0.218792
 0.0562695
 -0.126604
 0.0516092
 0.0235372
 0.0378772
 -0.0720837
 0.0443156
 -0.0466692
 0.136379
 0.15638
 -0.199271
 -0.0109135
 0.0534776
 -0.159919
 0.143837
 -0.098336
 -0.187733
 -0.0400361
 -0.0501713
 -0.0132531
 -0.062628
 -0.183001
 0.0114076
 0.0795293
 -0.112813
 0.120143
 -0.0543875
 -0.180424
 -0.146354
 -0.00868222
 0.0149277
 0.108912
 0.119747
 0.00100803
 0.0502722
 -0.0879031
 0.080242
 0.0176642
 0.037865
 0.0876482
 -0.173953
 0.0715634
 0.120775
 0.214844
 -0.0313137
 -0.0298769
 0.21808
 -0.0136601
 -0.0431882
 0.10468
 -0.183991
 -0.164817
 0.145479
 0.044789
 0.063006
 -0.160273
 -0.0511195
 0.0177308
 -0.113723
 -0.0528715
 0.0740444
 -0.0199856
 0.11552
 0.136697
 0.0819291
 0.0325898
 0.12245
 0.156102
 0.0767746
 -0.0813037
 0.170676
 0.0626589
 -0.0153833
 -0.125467
 -0.0364264
 0.031107
 -0.124952
 0.0432807
 0.0818692
 0.0450651
 0.0904595
 0.0694703
 -0.00890445
 0.00994562
 -0.0366557
 0.0633379
 -0.0793046
 0.120015
 -0.00179825
 0.0192209
 0.115856
 0.0186159
 -0.0116694
 0.0494348
 -0.0304831
 0.0717675
 0.0344175
 -0.126987
 -0.0497921
 -0.0061845
 0.121348
 -0.0321413
 -0.00893694
 -0.19162
 -0.103437
 0.122453
 -0.0944731
 0.0516741
 0.0348335
 -0.048825
 -0.0256858
 -0.107755
 0.118124
 -0.0888056
 0.174679
 -0.0229971
 0.180249
 0.128284
 -0.151131
 0.139067
 -0.16959
 -0.00236331
 0.0780468
 -0.0709083
 -0.0244096
 -0.014292
 -0.0699141
 0.0617841
 0.0357649
 -0.010577
 0.226834
 -0.0354599
 -0.165571
 0.019568
 0.11884
 0.0749797
 0.0600925
 0.269747
 0.0796064
 0.138742
 0.0519596
 -0.0477833
 0.236269
 0.00548653
 0.173743
 0.080506
 -0.0375496
 0.00574165
 0.00668333
 -0.0878708
 0.0137563
 -0.0243302
 0.152406
 -0.150434
 -0.0527714
 -0.0199982
 -0.0379106
 -0.0769646
 0.0261003
 -0.0338843
 0.136203
 0.326636
 0.0281598
 0.0211896
 0.17059
 -0.0944158
 0.0758541
 0.101684
 0.0192728
 0.0978577
 -0.0170823
 0.0115045
 0.0600361
 -0.0517905
 -0.137354
 0.05527
 -0.138597
 0.132949
 -0.0352884
 0.0668818
 -0.0371056
 -0.0311111
 -0.0114673
 0.0974934
 0.00689085
 0.0348661
 0.0426956
 0.0347359
 0.0629175
 -0.0073161
 -0.0536615
 -0.1317
 -0.11018
 0.0666997
 0.17508
 -0.082197
 -0.0869932
 0.0970872
 0.148584
 0.0141976
 -0.148857
 0.1245
 0.0241983
 0.137181
 0.131969
 -0.0252001
 -0.0717999
 0.168282
 -0.102488
 -0.0807868
 -0.10457
 -0.0149387
 -0.152359
 -0.0491645
 0.0285695
 0.00472038
 -0.123357
 0.0458086
 0.108265
 0.19163
 0.0629654
 -0.0292964
 0.0696297
 0.0931693
 0.0579537
 -0.100593
 0.132604
 0.0579672
 -0.13272
 -0.194052
 0.0937735
 0.0394692
 -0.0861994
 -0.0519197
 -0.193075
 -0.0191516
 -0.0222976
 0.170095
 0.0227846
 0.12463
 0.0100121
 0.166434
 0.00741179
 -0.110572
 -0.147797
 0.0507795
 -0.0895318
 -0.0324347
 -0.0513008
 0.0712207
 0.0316373
 0.0216032
 0.0425318
 -0.0426735
 -0.0226619
 -0.0808004
 0.0372717
 0.0996557
 0.0664828
 0.110762
 -0.0542624
 0.0421368
 -0.213288
 -0.0711002
 -0.0235745
 0.000827881
 0.0948669
 0.0498276
 -0.0363782
 0.0534594
 0.069044
 -0.0499826
 -0.143184
 0.0340789
 0.0165535
 -0.00918777
 -0.0469415
 0.0182222
 0.00515552
 0.102694
 -0.0667747
 -0.034317
 0.0827282
 0.0199384
 0.0184905
 -0.0542238
 0.165475
 -0.155013
 0.0822619
 -0.0943007
 0.0477047
 0.130675
 0.0494182
 0.117416
 0.0965416
 0.104647
 0.145776
 0.171798
 -0.127084
 0.200281
 0.0778738
 0.0301605
 -0.174828
 0.0128078
 -0.171495
 -0.0381153
 0.0381029
 -0.0342172
 -0.0138938
 -0.00605439
 -0.137185
 -0.0712406
 -0.141559
 -0.144416
 -0.118009
 0.107914
 -0.0249682
 0.165305
 -0.0453375
 0.155218
 -0.0587823
 0.0664543
 0.0440476
 -0.12804
 -0.068996
 -0.111718
 -0.11831
 0.0439224
 0.0986335
 0.0315048
 0.0530789
 -0.00418154
 -0.0452126
 -0.0988192
 0.108968
 -0.0227114
 0.050566
 0.0138342
 0.016722
 0.026573
 0.140664
 -0.0263632
 0.0322283
 -0.0609717
 -0.138039
 -0.0400498
 -0.088439
 0.0666415
 0.0248175
 -0.0289657
 -0.113856
 0.0821651
 0.114166
 -0.101876
 0.0387617
 0.0687813
 0.0319412
 -0.0532864
 0.0146639
 0.0549103
 -0.0956164
 -0.207678
 0.115909
 -0.000452338
 -0.0772214
 0.0251948
 -0.113637
 0.0681243
 0.113107
 -0.0988635
 0.0473744
 -0.0758031
 0.0621262
 0.103556
 0.182892
 0.0953546
 -0.0218761
 -0.101627
 -0.0318668
 0.0283006
 0.0583975
 -0.069933
 -0.0742543
 0.141237
 0.0917434
 -0.0561209
 -0.164507
 -0.10083
 0.167157
 -0.0271095
 0.157644
 0.0652969
 0.0149699
 -0.0498725
 -0.0557759
 -0.156746
 -0.0275077
 0.115437
 -0.00816873
 -0.0165815
 0.02644
 0.0046606
 -0.0883325
 0.0444629
 -0.0407094
 0.0421547
 0.131771
 0.187719
 -0.0850442
 -0.122564
 0.00579827
 0.0202657
 -0.0522521
 0.0674868
 -0.0487369
 -0.122857
 -0.00480662
 -0.207062
 0.0964812
 -0.0167637
 0.0902014
 -0.0190729
 -0.103667
 -0.0580585
 -0.0775471
 0.0145421
 0.122492
 0.0563654
 -0.0179996
 -0.0801261
 -0.0756607
 0.0942771
 -0.0537767
 -0.0521573
 -0.00102021
 -0.114107
 -0.0707292
 0.0847906
 -0.0689822
 -0.024185
 0.145956
 0.124136
 0.0337289
 0.0159155
 0.0754287
 0.0554012
 0.0196933
 -0.0336761
 -0.0881912
 0.112008
 0.0926928
 0.0131225
 -0.16463
 0.0339257
 0.11074
 -0.029219
 -0.135036
 -0.123377
 0.096309
 -0.0115245
 -0.0213168
 0.160664
 -0.0080453
 0.00806921
 -0.162703
 -0.00388694
 -0.109879
 0.061696
 -0.0653635
 -0.0611725
 -0.161443
 0.0592025
 0.0488889
 -0.170613
 -0.0615113
 0.0178413
 -0.135943
 -0.0883679
 -0.0160683
 -0.0201843
 -0.0590523
 0.0516957
 -0.10157
 -0.0936542
 0.101968
 0.0509226
 0.187161
 0.168264
 -0.130941
 -0.0973723
 -0.0346847
 0.112508
 -0.0946564
 -0.107669
 -0.0835581
 0.120029
 0.135586
 0.0622773
 -0.0697748
 0.1839
 0.132348
 -0.0892778
 0.149586
 0.0620248
 0.0890633
 -0.158356
 0.131894
 -0.0807349
 -0.0533331
 0.192871
 0.158013
 -0.0483361
 0.116535
 0.021112
 -0.0424075
 -0.145231
 0.111504
 0.0101048
 -0.0867137
 0.193401
 0.0867924
 0.0250199
 -0.149859
 -0.141129
 -0.0851056
 0.00387412
 -0.178896
 -0.0839241
 -0.184122
 0.0265443
 0.012083
 0.0871455
 0.115858
 -0.0159245
 0.10616
 -0.0267258
 -0.102186
 -0.136197
 0.0138664
 0.0544376
 -0.124966
 -0.146439
 -0.0961361
 0.0160728
 -0.143188
 -0.014724
 0.0801058
 -0.0512839
 0.082506
 0.00562347
 -0.0404761
 -0.0391558
 0.0394706
 -0.0504465
 -0.117321
 0.0450122
 -0.0358576
 0.254743
 0.0681587
 -0.177598
 -0.0893784
 0.0021697
 0.0428363
 -0.00303815
 0.067168
 0.0211819
 -0.0184489
 0.0063269
 -0.0854721
 0.12121
 0.0857683
 -0.144093
 -0.150577
 0.0700233
 -0.275812
 -0.0376901
 -0.135885
 0.108478
 -0.0419967
 -0.000704931
 0.140531
 -0.0404973
 -0.00907622
 0.0867719
 0.0141491
 -0.0658332
 -0.0177799
 -0.215787
 -0.0264557
 0.0493017
 -0.0149849
 -0.0307939
 0.00134734
 -0.0105195
 -0.0329687
 -0.0298415
 0.265763
 -0.165403
 -0.0337046
 0.0140525
 -0.153101
 0.0737971
 0.0117855
 -0.0918285
 -0.13209
 -0.00906308
 0.0171741
 -0.0267124
 0.137453
 0.170812
 0.0220963
 0.13587
 0.0523408
 -0.12035
 0.0710386
 0.0239494
 0.0596738
 -0.0424807
 0.18614
 -0.0297622
 0.0478716
 -0.118244
 -0.0267281
 0.0808787
 0.0296341
 0.00580097
 -0.02554
 -0.0438109
 -0.08025
 -0.0782597
 0.0566157
 -0.037713
 -0.0255907
 0.0340498
 0.100174
 -0.117764
 -0.0421251
 -0.2635
 -0.219294
 -0.110455
 -0.0514945
 0.00467548
 0.0263517
 0.0157758
 -0.0330362
 -0.0811171
 0.117348
 0.0293634
 -0.0614091
 0.0010001
 -0.0423583
 0.049862
 0.0874915
 -0.0602275
 0.00918731
 -0.0232983
 0.0519187
 -0.109506
 -0.0454497
 -0.00172078
 0.0798149
 0.0792618
 -0.0381965
 -0.0481926
 -0.0780834
 -0.019487
 0.0202608
 0.101006
 -0.151271
 -0.144299
 0.10551
 -0.0164885
 -0.0497848
 0.213079
 -0.126088
 -0.0430919
 -0.0819373
 -0.0581632
 -0.0307253
 -0.162381
 -0.09055
 0.0268608
 0.124343
 -0.101855
 0.0795987
 0.211879
 -0.0380598
 0.0216269
 0.0550861
 0.0413881
 0.0163369
 0.0414864
 0.0202442
 -0.107767
 -0.0333213
 0.0219014
 -0.221948
 0.0838524
 -0.126596
 -0.0175767
 0.202952
 0.0360163
 0.0945753
 -0.0886098
 0.0213622
 0.0649298
 -0.0360799
 -0.00127755
 0.00248512
 0.138842
 -0.104882
 0.0212358
 0.0374341
 -0.0553464
 0.0990719
 0.138829
 -0.19504
 -0.0263819
 -0.0538653
 0.0520629
 0.00716662
 -0.0109477
 0.0521609
 0.0297811
 -0.00529101
 -0.0372286
 -0.132352
 -0.0467314
 -0.113874
 0.0515447
 -0.050248
 0.183073
 -0.038021
 0.0356795
 0.0543511
 0.0856578
 -0.0503458
 0.0458719
 -0.0579254
 0.0977164
 -0.277114
 0.119999
 -0.0635123
 0.0235297
 0.0962783
 0.0587817
 -0.152121
 -0.0329029
 0.216823
 -0.101138
 -0.0104685
 0.0977424
 0.0454875
 0.167063
 0.120631
 -0.0807209
 0.0301608
 0.121553
 -0.0665223
 0.0843448
 0.0474846
 -0.142545
 0.068478
 0.0358777
 0.163696
 -0.0856627
 0.0866203
 0.109646
 -0.11811
 -0.14635
 -0.0201732
 -0.0158085
 -0.00803793
 0.0267526
 -0.0242969
 -0.00744961
 -0.0204416
 -0.100134
 -0.151705
 -0.127391
 -0.0272563
 -0.0495377
 -0.0770147
 0.11335
 -0.107534
 0.000944797
 -0.205204
 0.127689
 0.164453
 -0.0371766
 0.00725366
 -0.0124077
 0.0950301
 -0.0987985
 -0.0128883
 -0.016831
 0.00297262
 0.0200694
 0.0300126
 0.0623882
 0.00517313
 -0.187397
 -0.109272
 0.0495771
 -0.0266855
 -0.205403
 -0.196924
 0.0332011
 0.212489
 -0.00925568
 0.174548
 -0.0574172
 0.175299
 0.0534158
 -0.0763077
 0.14417
 -0.15317
 0.161744
 -0.0262644
 0.0658949
 0.139841
 -0.0780333
 -0.0317156
 -0.161727
 -0.137249
 -0.139716
 -0.0658056
 -0.138288
 -0.0485761
 0.034864
 0.112762
 0.0415253
 -0.0129903
 -0.0238039
 -0.0230249
 -0.037863
 -0.0877601
 0.0912748
 0.172154
 -0.12048
 -0.0338239
 -0.0310859
 -0.140664
 -0.0412047
 0.0934502
 0.0957645
 0.145197
 -0.159844
 -0.280869
 0.0878555
 -0.025154
 -0.0892041
 -0.0285726
 0.0640262
 0.064987
 0.130953
 0.0382126
 0.165237
 0.0379975
 -0.100576
 0.0757761
 0.223352
 0.133839
 -0.00346844
 -0.0102861
 0.0275498
 -0.14077
 0.059167
 -0.00926609
 0.0844383
 -0.0135412
 -0.0133196
 0.0723888
 -0.0230606
 0.117222
 0.0142367
 0.00604914
 -0.0712485
 0.0336754
 -0.147034
 0.0352034
 0.0427103
 0.0518881
 0.147907
 0.17999
 0.0559069
 0.0711386
 -0.00776469
 -0.0101268
 -0.0535756
 -0.0243724
 -0.0488989
 0.00878827
 0.107039
 0.160121
 0.0614264
 -0.0466155
 -0.0562345
 0.0349531
 -0.0016944
 -0.134296
 0.0729398
 0.0720007
 -0.178555
 0.0243987
 -0.14005
 -0.084205
 -0.0627638
 -0.0248682
 -0.0862829
 -0.112144
 -0.10104
 0.0897531
 -0.0344285
 -0.101615
 -0.00180768
 -0.0814389
 0.00235821
 0.0279103
 0.167142
 -0.0296011
 0.159608
 -0.00121125
 0.175254
 0.152141
 0.165406
 0.012024
 -0.00754081
 -0.113479
 0.0452635
 -0.0481364
 -0.0555344
 -0.0945963
 -0.0065743
 0.0392981
 0.103517
 -0.0832652
 0.0726348
 -0.0325591
 -0.0626795
 0.0361948
 -0.234064
 0.1626
 0.00363088
 0.0807795
 -0.0526996
 -0.00817471
 -0.153845
 -0.0451678
 -0.0284115
 0.257895
 -0.159079
 -0.224098
 -0.150245
 -0.0755079
 0.0577096
 0.246794
 -0.0968448
 0.0576778
 -0.184415
 0.22105
 0.00895165
 0.189156
 -0.0523591
 0.0285343
 0.0867857
 0.152756
 0.00206237
 -0.138926
 -0.0711389
 -0.0167131
 -0.0652481
 -0.0447968
 -0.0860021
 0.0343588
 0.0666977
 -0.118795
 0.0638566
 -0.0963836
 -0.01267
 -0.0260812
 0.125343
 0.12897
 -0.00703406
 -0.105863
 -0.0667208
 -0.0977665
 0.0557976
 0.0367762
 -0.0634623
 -0.0427367
 -0.0199375
 -0.0689454
 0.00317489
 0.0190091
 0.0886007
 -0.183587
 0.0765444
 0.0106566
 0.002848
 0.0811259
 0.115698
 -0.151379
 -0.0244915
 -0.00760327
 -0.0869923
 -0.00668833
 -0.0121462
 -0.0977724
 0.0351457
 0.00683175
 -0.221945
 0.0605099
 -0.154715
 0.0219615
 -0.0288563
 0.231674
 -0.0174794
 0.143114
 -0.0225991
 -0.0631299
 0.0312128
 0.0501527
 0.0217829
 -0.015129
 0.13684
 0.0485769
 0.00816227
 0.227974
 0.0544838
 0.115731
 -0.0107499
 0.0892409
 -0.0787762
 0.0531645
 0.028881
 -0.00824284
 0.0545161
 0.00900626
 0.115016
 0.0819918
 -0.116987
 0.159006
 0.164157
 0.168407
 0.0254688
 -0.27613
 -0.0528116
 0.0444475
 -0.0306486
 -0.0891243
 -0.0100294
 0.0189315
 -0.0569823
 0.0961876
 -0.0224484
 -0.0175027
 -0.0517306
 -0.100555
 0.0609974
 -0.0675946
 -0.047302
 -0.107658
 -0.0229456
 -0.0845916
 -0.137474
 0.0781165
 0.0232706
 0.0446699
 0.0881493
 0.0978668
 -0.081121
 0.192062
 -0.100135
 0.153154
 0.0491085
 -0.170128
 -0.0573633
 0.0213275
 -0.165772
 -0.0842714
 0.102918
 0.122233
 -0.0635739
 -0.269698
 -0.0195168
 0.14518
 0.0435615
 0.0682467
 0.0306361
 -0.0627122
 0.0530882
 -0.0100074
 -0.0109919
 0.0714113
 0.0260295
 -0.0650541
 -0.0237295
 -0.121341
 0.0832448
 -0.105589
 -0.0917993
 0.044387
 -0.0790764
 0.161258
 -0.117935
 -0.0300638
 -0.146463
 -0.00536787
 -0.045091
 -0.0446099
 0.00364028
 -0.185306
 0.061897
 -0.065488
 0.0727511
 0.0435037
 0.0603182
