 0.747765
 -0.567023
 0.0306051
 0.351106
 -0.382815
 0.290653
 0.628616
 1.21807
 0.255384
 0.728379
 1.30222
 0.646464
 0.828104
 0.823777
 1.1481
 0.209102
 0.599047
 0.836865
 1.12827
 1.09903
 0.515547
 0.344161
 0.602927
 -0.244981
 -1.28702
 -1.75493
 -1.29794
 -1.90809
 -1.159
 -1.85795
 -0.809285
 -1.7331
 -1.06731
 -0.834445
 -0.20275
 -0.371166
 -0.403163
 -0.65021
 -0.159745
 -0.224076
 -0.213966
 -0.0869043
 0.113624
 1.18112
 1.38574
 0.188687
 0.250977
 -0.242107
 -0.768286
 -0.981541
 -0.450251
 -1.22367
 -0.605957
 0.11267
 -0.434091
 -0.76186
 -0.20204
 -1.75783
 -1.42463
 -2.67873
 -2.87616
 -3.1858
 -2.15533
 -1.7195
 -0.296351
 0.0265596
 0.626626
 0.585531
 0.598218
 -0.214851
 -0.929765
 -1.12209
 -0.0821531
 -0.457954
 0.311
 -0.285606
 0.035829
 -0.777792
 -1.03308
 -0.511418
 -0.761141
 -0.74516
 -0.331156
 -0.116322
 1.10846
 1.98979
 2.04984
 1.61591
 1.34262
 0.339027
 0.0544415
 0.506502
 0.955847
 -0.0963577
 0.0167061
 -0.328496
 -0.0378073
 0.476967
 0.799448
 0.214849
 1.02588
 0.866832
 1.05216
 0.187607
 -0.485678
 -0.14073
 0.88761
 1.98928
 1.84065
 0.936561
 0.68983
 -0.839539
 -0.511408
 -0.869325
 -0.101142
 -0.486215
 -0.569985
 -1.32517
 -1.09758
 -0.711757
 0.0870947
 -0.770054
 -1.09155
 -0.995695
 -0.623276
 -0.621712
 -0.357805
 -0.656103
 0.438309
 -0.170389
 0.240422
 -0.993834
 -0.0810353
 -0.830217
 -1.89459
 -1.00012
 -0.665232
 -0.690986
 -0.680453
 -0.340306
 -0.962024
 -0.79838
 -0.529077
 -0.359829
 -0.982854
 -0.644819
 -0.881898
 -1.30869
 -0.928096
 -1.44004
 -0.250606
 -1.31762
 -0.0945424
 -0.296207
 0.395903
 0.420619
 0.513419
 0.756022
 -0.602139
 -0.617929
 -0.257537
 -0.177661
 -0.382515
 -1.01863
 -0.27088
 0.051551
 -0.0431675
 0.0505361
 -0.388898
 0.169192
 0.734102
 0.768435
 -0.609349
 0.242176
 0.307591
 0.62982
 0.837005
 1.4653
 0.880126
 0.652374
 0.593959
 1.15946
 0.694711
 -0.419469
 0.188783
 -0.377113
 0.458852
 0.583884
 0.177027
 -0.950123
 -0.798332
 -1.47599
 -1.96221
 -1.62741
 -1.88266
 -1.6961
 -1.83522
 -2.17876
 -1.51677
 -0.962558
 -0.967927
 -1.64032
 -1.43357
 -2.0268
 -1.37463
 -0.922096
 -0.0654228
 -0.207547
 -0.469454
 -0.518852
 -0.293695
 -0.00833589
 0.587006
 0.484581
 1.05769
 1.55053
 0.770512
 1.49562
 1.36939
 0.28583
 0.570892
 0.322453
 0.865775
 0.953147
 1.15616
 2.22382
 2.93737
 1.3399
 1.38933
 0.334481
 0.291899
 -0.565309
 0.669117
 1.52213
 -0.338315
 -0.540126
 -0.434086
 -1.60916
 -0.466975
 -0.0118619
 -0.154929
 -1.42798
 -1.14546
 -1.74928
 -1.15355
 -0.963083
 0.413513
 -0.120538
 0.366093
 -0.713968
 -0.565466
 -1.26269
 -1.29925
 -1.05431
 0.171633
 -0.845204
 -0.632571
 0.133561
 -0.101304
 0.374532
 1.22533
 0.629097
 1.06234
 0.447321
 1.24284
 0.390068
 0.571915
 0.677635
 0.782113
 -0.191319
 -0.988788
 -2.19183
 -2.14773
 -1.59346
 -1.51192
 -1.09196
 -0.272838
 -0.599182
 -0.453708
 0.0206403
 -0.0674119
 -1.11756
 -0.950636
 -0.666761
 0.469924
 0.220521
 0.505367
 1.284
 1.31834
 1.84887
 1.83093
 2.33346
 2.10405
 1.97075
 1.44327
 1.77443
 0.457799
 0.0698687
 0.0269265
 0.57629
 0.751907
 1.07796
 -0.0720468
 0.16472
 0.550666
 0.532464
 0.0324009
 -0.139056
 -0.0303022
 0.350443
 0.469391
 0.923347
 1.22153
 1.60653
 0.764339
 -0.122042
 -0.735146
 1.00196
 1.36488
 1.32463
 1.22668
 0.904819
 0.36677
 -0.924435
 -0.456459
 -0.43085
 -0.477158
 -0.0686457
 0.585568
 0.498067
 0.205299
 -0.0480951
 -0.541454
 -0.985388
 -0.317569
 -0.569412
 -0.821505
 -0.373322
 -0.0870837
 0.255727
 0.956644
 1.27989
 1.22918
 1.02133
 0.594447
 -0.0626046
 1.23234
 0.853031
 0.584533
 -0.247942
 0.273604
 0.152476
 0.20351
 0.241242
 1.22382
 0.668215
 -0.578047
 -0.519746
 -0.645568
 -0.717734
 -0.517242
 -1.0728
 -1.13999
 -0.840038
 -0.208365
 -0.059584
 -1.34665
 -1.23247
 -1.44144
 -0.741931
 -0.887112
 -0.13745
 0.284133
 0.884484
 -0.868259
 -0.808838
 -0.342325
 -1.31413
 -0.393605
 0.337208
 -0.0247754
 -0.911552
 -0.113016
 -0.583913
 -0.144991
 0.2184
 0.510459
 -0.0220425
 -1.11277
 -0.397167
 -0.476966
 -0.132179
 0.0235326
 1.06048
 0.235142
 0.48923
 -0.674586
 0.0278236
 0.0881312
 0.465795
 1.09735
 1.90607
 1.99704
 0.780039
 0.341758
 -0.084772
 0.431723
 -0.375568
 -0.519998
 1.00968
 1.4819
 1.10843
 1.05523
 1.14687
 1.65164
 0.68898
 0.213165
 0.343977
 -0.14871
 0.329956
 0.0549328
 0.271092
 1.15111
 0.754997
 1.20355
 1.17505
 1.7427
 1.84364
 1.38612
 1.66967
 2.30692
 2.27807
 2.08859
 3.02581
 1.88206
 1.15627
 0.627764
 0.800925
 -0.061237
 0.0833432
 -0.650922
 -1.42357
 -2.30874
 -2.22388
 -1.92319
 -1.55151
 -1.84381
 0.0346574
 -0.86188
 -0.383378
 -0.300813
 0.152121
 0.797763
 0.379966
 -0.050219
 0.198988
 0.253029
 0.30755
 -0.166976
 0.109992
 -0.263872
 -0.130426
 0.814886
 0.415244
 0.18642
 -1.32882
 -1.29991
 -2.47407
 -2.84005
 -2.10218
 -1.77591
 -1.57928
 -1.51929
 -0.432227
 -1.12946
 -1.28086
 -0.759265
 -1.0752
 -0.914985
 -0.389519
 0.557131
 0.123145
 0.278676
 0.290424
 0.557303
 0.720116
 0.228143
 0.244363
 0.163828
 -0.510362
 -0.625466
 -0.357355
 -0.495419
 -0.409354
 -0.102277
 0.792551
 0.213757
 0.972926
 0.748968
 0.628405
 -0.126345
 -0.203851
 -0.245686
 -0.619154
 0.291728
 0.166609
 0.220242
 0.33438
 0.489353
 0.790983
 0.340438
 1.20481
 1.2027
 1.26896
 2.02289
 1.24388
 0.967328
 1.01359
 1.79551
 0.732554
 1.59076
 0.153846
 0.934681
 0.815905
 0.531787
 0.778657
 0.195809
 0.160858
 -0.689101
 -0.422524
 -0.635575
 -0.168162
 0.239808
 -1.20074
 -0.636389
 -0.489399
 0.312926
 -1.33344
 -0.896448
 -0.356912
 0.571864
 0.714199
 1.35074
 1.96813
 2.07301
 1.85163
 1.86785
 2.09457
 0.854181
 0.0547185
 0.398284
 1.29561
 1.30128
 0.24499
 0.0104667
 0.890267
 0.482574
 0.0908986
 -0.578171
 -0.596333
 -0.240519
 1.47222
 0.616238
 0.428614
 0.833327
 1.54961
 1.41327
 0.509353
 -0.63922
 -0.291687
 -0.420263
 -0.205069
 -0.714783
 -0.152615
 -0.184017
 0.49158
 1.76781
 1.34998
 0.150415
 0.401255
 0.292928
 1.45956
 1.76355
 1.61488
 0.860624
 0.745943
 0.899076
 0.781025
 -0.543193
 -0.773448
 -0.642768
 -1.18106
 -0.723256
 -0.000589416
 0.281403
 1.03871
 1.54144
 1.10401
 0.381456
 0.832628
 0.768339
 1.59733
 0.863142
 0.551727
 0.826405
 0.137134
 -0.0356229
 -0.176201
 -0.393323
 -1.38101
 -1.69832
 -0.858601
 -0.706612
 -0.464423
 -0.0966875
 -0.353727
 0.147724
 0.517144
 0.596621
 0.476384
 -0.739844
 0.534981
 0.677611
 0.700232
 1.12073
 1.16342
 1.52394
 2.09475
 1.61261
 2.25454
 1.98949
 1.70197
 1.99562
 1.94288
 2.67413
 2.08837
 1.96421
 1.57617
 1.54314
 2.27199
 2.05867
 1.86284
 1.04642
 -0.262583
 -0.858497
 -1.76882
 -0.839715
 -1.62139
 -1.03504
 -1.76539
 -1.95696
 -1.77339
 -2.26673
 -1.63234
 -1.21355
 -1.25258
 -1.67744
 -1.01162
 -0.965279
 -1.89146
 -1.74408
 -0.899474
 -0.171625
 0.785153
 0.22389
 -0.214227
 1.58988
 0.973152
 0.35581
 -0.166039
 0.092478
 -0.184717
 0.111757
 -0.36846
 -0.201866
 0.805195
 1.06074
 -0.320728
 -0.548853
 -0.912774
 -0.659834
 -0.214444
 0.532072
 0.410453
 1.66148
 1.8179
 0.708735
 -0.058937
 0.362066
 -0.38321
 0.529623
 -0.658428
 -1.31725
 -1.30586
 -1.57607
 -1.71964
 -1.58979
 -0.586686
 -1.1413
 -1.35044
 -1.40324
 -1.10965
 -0.297501
 -0.196182
 -0.39072
 -0.432163
 -1.13914
 0.0793298
 0.571952
 0.579337
 0.390248
 -0.281852
 0.27249
 -0.341064
 -0.510574
 -0.262161
 -0.730669
 -0.432016
 0.788271
 0.958206
 0.870944
 0.478501
 0.578219
 1.27797
 -0.247194
 -0.329016
 -0.675545
 -1.12323
 0.153661
 -0.574417
 -0.177686
 0.463726
 0.832138
 0.324279
 1.16342
 1.12077
 0.609826
 0.949402
 0.6226
 0.495972
 -0.483869
 -0.97909
 -0.500001
 -1.51707
 -1.91011
 -1.48833
 -1.1703
 -0.326732
 -1.13624
 -1.22934
 -0.381536
 0.0926069
 -1.25786
 -1.08893
 -1.44759
 -0.692222
 -0.701549
 -1.20284
 -0.631685
 -0.708355
 -0.126946
 0.125779
 0.837878
 0.464084
 -0.160906
 -0.630641
 -0.132535
 -0.462325
 -0.0478762
 1.4724
 0.522712
 1.74449
 1.87149
 1.08486
 1.36033
 1.56011
 0.581263
 0.900576
 1.27599
 1.55145
 1.71567
 1.20719
 -0.073296
 -0.141392
 -0.010711
 0.349536
 1.16919
 1.23822
 2.19395
 2.02516
 1.99954
 1.96857
 1.22492
 0.849973
 1.06968
 0.536868
 -0.197875
 -0.394588
 0.351321
 0.445944
 0.942513
 1.44364
 0.580955
 0.264384
 -0.426545
 -0.779512
 0.38189
 0.744917
 0.56308
 0.229143
 -0.479325
 -0.752184
 -0.601868
 -0.802557
 -0.635561
 -0.136825
 -0.0385351
 -0.490805
 -0.649263
 -0.280349
 -0.344554
 0.0342385
 -0.218139
 -0.289107
 0.601005
 -0.132931
 0.206721
 -0.279317
 -0.164693
 -1.32999
 -1.3258
 0.103624
 0.299369
 -0.533668
 -1.18633
 -0.493764
 -0.733725
 0.670762
 -0.130661
 -0.712824
 -0.663681
 -0.696826
 0.5864
 -0.240613
 1.19138
 0.831428
 1.79396
 2.32147
 1.79054
 1.73295
 1.74988
 1.26829
 0.651095
 -0.287048
 0.394023
 0.900886
 0.771619
 1.57874
 1.46675
 1.1502
 1.651
 2.06622
 1.54701
 1.49806
 1.46455
 0.868238
 1.44804
 1.84063
 2.63499
 2.30863
 2.47318
 0.37792
 0.603793
 0.513113
 0.397045
 -1.08242
 -0.621873
 -0.871095
 -1.57924
 -1.69579
 -1.61385
 -0.685858
 -0.836675
 -1.52098
 -1.02007
 -1.27134
 -1.51939
 -0.644628
 -1.08047
 -0.708223
 -1.69697
 -2.76319
 -1.89056
 -2.5901
 -1.61265
 -1.39282
 -0.225152
 -1.10459
 -1.06828
 -1.39085
 -1.85724
 -1.42937
 -1.57185
 -0.633968
 -0.372922
 1.00128
 0.58589
 0.943026
 1.11424
 1.04119
 0.181191
 0.172008
 0.27047
 1.07396
 1.73775
 1.74737
 1.90281
 1.18772
 1.54717
 1.57096
 1.21094
 -0.0609109
 0.269236
 1.05444
 1.40392
 0.79572
 1.73722
 0.534141
 0.0215093
 -0.00192105
 1.28754
 0.908141
 1.14813
 1.4504
 0.898692
 0.277669
 0.364938
 0.451849
 0.204731
 0.259616
 -0.585002
 -0.754699
 -0.534177
 -0.425749
 -0.37413
 -0.794985
 -0.488622
 0.121365
 0.0299496
 -0.287214
 -0.176198
 -0.324482
 -0.540978
 -0.461292
 -0.543693
 -0.95289
 -0.45085
 -0.749387
 -1.07204
 -1.14406
 -0.0459072
 -0.380767
 0.0907052
 0.556806
 0.280242
 0.867715
 1.18809
 1.43195
 0.55176
 0.144159
 -0.477206
 -1.11777
 -1.5406
 -2.02219
 -2.73462
 -1.93166
 -1.13266
 -0.73682
 0.165714
 0.854698
 0.356412
 -0.0769018
 0.296691
 1.05511
 1.01442
 0.456218
 0.228668
 0.739603
 0.32222
 0.38527
 0.38362
 0.248659
 0.53631
 0.667329
 0.65348
 0.163514
 -0.65098
 -1.18979
 -1.35466
 -1.49502
 -0.638656
 -1.33048
 -1.25224
 -0.956527
 -0.917167
 -1.1758
 -1.25068
 -1.38009
 -0.41629
 -0.266117
 -0.466825
 -1.00631
 -0.122331
 -0.163315
 1.03852
 0.463068
 0.242986
 -0.389972
 -1.87769
 -2.64247
 -1.31384
 -0.406345
 -1.2704
 0.484715
 0.191549
 -0.45604
 0.12215
 -0.631362
 -0.207664
 -0.5242
 -0.951748
 0.192534
 0.612539
 -0.0452494
 -0.495814
 -1.27492
 -0.444469
 0.0102343
 0.943337
 -0.0544979
 0.301594
 -0.212622
 0.566488
 0.200726
 0.486951
 0.805122
 -0.109295
 0.0424991
 0.478702
 0.22075
 -0.371584
 -0.910336
 -1.68503
 -0.663818
 -0.854541
 -1.38045
 -0.522424
 -0.343834
 -0.115284
 -0.079792
 0.828071
 0.950238
 1.36926
 1.77788
 2.13614
 0.632627
 0.161462
 -0.798411
 -0.57064
 -0.832913
 -1.08032
 -0.820152
 -1.11902
 -0.170956
 -0.624723
 -0.569246
 -0.71752
 -0.390912
 -0.936893
 -0.52557
 -1.09231
 -0.51079
 0.0939818
 0.231236
 0.900741
 0.739237
 -0.0764068
 0.525922
 0.460717
 -0.0618607
 0.13698
 -1.1381
 0.60775
 0.720749
 -0.124167
 -0.956192
 -0.531821
 0.4086
 0.883457
 0.303987
 0.028224
 0.108249
 0.238136
 0.683274
 0.336251
 0.662115
 0.519228
 -0.198245
 -0.627816
 -0.461244
 -0.782989
 -1.55615
 -0.703132
 -0.919906
 -0.846752
 -1.34896
 -1.09394
 -0.237131
 -0.20641
 0.0943291
 -0.230958
 0.0952763
 0.372646
 0.293586
 0.52629
 -0.0543379
 0.334081
 0.485305
 0.50047
 0.453955
 0.424172
 0.172252
 0.290372
 0.20877
 0.529063
 0.280403
 -1.252
 -1.21541
 -1.13786
 -2.15625
 -0.59363
 -0.794151
 -0.327965
 -0.741269
 -1.18991
 -1.10206
 -0.693895
 0.322607
 -0.646977
 -0.240655
 -0.333688
 0.538868
 1.75903
 2.77018
 2.31334
 1.3145
 0.549343
 -0.473491
 -0.502811
 -2.71679
 -2.3813
 -2.81289
 -1.11315
 -1.94215
 -1.64464
 -0.754042
 -0.65657
 -0.415075
 -0.226631
 -0.532662
 -0.493248
 -0.645526
 0.258671
 0.459845
 0.194992
 0.481182
 1.00917
 1.14646
 0.754016
 0.714411
 0.727522
 0.186577
 -0.434752
 -1.80354
 -0.908923
 -1.18771
 -0.72405
 -0.723515
 -0.550198
 0.202281
 0.823648
 0.73341
 0.730476
 0.563809
 0.0457991
 -0.158435
 -1.59478
 -1.54662
 -1.15031
 -0.418237
 0.463356
 0.230306
 -0.335643
 -1.60793
 -1.41755
 -0.232286
 -0.216359
 -0.175764
 -0.232827
 0.137163
 -0.0715666
 -1.4464
 -1.46281
 -1.16697
 -0.236035
 0.87019
 0.618733
 -0.109568
 -0.533345
 -0.367396
 -1.0115
 -1.36678
 -0.638199
 -0.234439
 -0.751655
 -0.178961
 -0.471377
 0.714197
 0.872166
 1.7129
 1.58129
 2.6346
 4.04433
 2.8191
 1.85338
 0.883239
 0.388304
 0.91914
 0.936087
 2.05762
 0.66998
 -0.288147
 -0.556089
 -0.554468
 0.182906
 0.967617
 -0.399315
 -0.521466
 -1.4981
 -0.454864
 -1.48265
 -1.04956
 -0.486163
 -0.112178
 -0.228964
 -0.477932
 0.394536
 -1.04925
 -0.245331
 -1.35791
 -0.672561
 -0.649737
 -0.10315
 0.846786
 0.517219
 0.926769
 1.70437
 1.18708
 1.04297
 1.65406
 1.30427
 1.29985
 0.680318
 0.388636
 0.304247
 -0.826738
 -0.291614
 -1.12263
 -1.23445
 -0.634777
 -1.13012
 -1.02759
 -0.364605
 -1.17911
 -1.32669
 -1.12091
 -0.564957
 -0.625515
 0.122889
 0.450266
 1.36691
 2.3008
 3.02526
 2.08953
 1.64003
 1.13265
 1.49929
 1.26873
 1.08218
 0.712907
 0.94663
 1.24366
 1.18988
 1.86605
 2.3524
 2.45364
 3.01727
 2.27427
 0.757518
 0.372944
 0.00381276
 0.250836
 1.62846
 0.518508
 0.310716
 0.194168
 -0.493793
 -0.0160162
 -0.0410967
 0.175578
 0.428496
 -0.0260092
 -0.753575
 0.0551729
 -0.120955
 -0.0698023
 -0.799869
 -1.83784
 -1.01091
 -0.480008
 0.204765
 1.34216
 0.430749
 0.857564
 0.426449
 1.32259
 0.772472
 1.35731
 1.83802
 1.60636
 0.372345
 1.22356
 0.470651
 0.93745
 -0.516201
 -0.040649
 0.242777
 -0.78492
 -0.479487
 0.0867879
 -0.396305
 -0.384772
 -1.13402
 -0.662966
 0.371886
 0.695102
 0.426093
 -0.720496
 -0.0972707
 1.11019
 -0.30233
 0.576139
 0.420102
 0.00307395
 -0.551833
 -0.775475
 -0.24274
 0.310498
 0.146626
 0.673388
 0.591783
 0.958828
 1.46067
 0.691092
 0.671336
 0.539167
 -0.675161
 -0.16505
 -0.0569911
 0.80607
 0.533429
 0.294674
 0.767348
 0.763206
 1.49232
 1.91875
 2.33501
 1.9257
 1.57606
 1.33757
 0.0765859
 -0.0266282
 -0.730851
 -0.049182
 -0.258347
 -1.07815
 -1.18859
 -1.74081
 -2.02238
 -1.18349
 -0.565833
 -1.37566
 -0.819438
 -0.212913
 -0.28203
 -0.389257
 0.193475
 1.03332
 0.935453
 0.507441
 -0.669788
 -1.66215
 -1.85894
 -2.23776
 -1.20883
 -0.787421
 0.17642
 0.38459
 0.13538
 -0.602995
 -1.25665
 -0.862274
 -0.548634
 -0.325927
 0.198783
 -1.20118
 -0.139149
 -0.458573
 0.234708
 0.479585
 1.3525
 0.267206
 -0.3796
 -0.0689832
 0.110895
 -0.60289
 -0.80154
 -0.699837
 -0.803395
 -0.98378
 -0.85564
 -0.973061
 -1.2208
 -0.288158
 -0.0897896
 -0.562481
 -0.568515
 -0.0606404
 0.525055
 0.734253
 0.607164
 0.50529
 0.784883
 0.568044
 -0.052585
 0.678284
 -0.368656
 -1.07818
 -1.22694
 -0.978952
 -0.737896
 -0.517956
 -1.36934
 -0.871157
 -1.01281
 -0.978625
 -1.14467
 -0.524179
 0.66247
 0.7867
 1.32221
 -0.277028
 -0.428975
 -1.18093
 -1.10549
 -2.02258
 -2.63264
 -2.0805
 -0.476358
 -0.00474787
 0.394374
 -0.701399
 -0.905116
 -0.528583
 -0.350473
 1.10172
 0.269238
 0.707035
 0.0892944
 0.810691
 0.26672
 1.43479
 1.44807
 1.2502
 1.18434
 1.11184
 0.673629
 0.341388
 0.308739
 0.324148
 0.421011
 -0.579013
 -0.403478
 0.202197
 0.412389
 0.355854
 1.71854
 1.83766
 2.01907
 1.3518
 0.984508
 -0.077142
 0.276809
 -0.163165
 -0.337967
 -0.645427
 -0.517963
 -0.948957
 -1.74869
 -1.93591
 -1.75773
 -1.68041
 -2.34874
 -1.72844
 -1.12448
 0.0691704
 0.192958
 -0.568908
 1.12039
 0.777932
 0.816813
 -0.416788
 -1.06898
 -0.668404
 -1.18654
 -1.82812
 -1.92296
 -0.524386
 0.787149
 0.54645
 0.0998826
 0.520667
 0.365081
 0.216268
 0.348426
 -0.507377
 0.150679
 -0.0791275
 -0.821094
 0.0545251
 0.217178
 0.791283
 -0.506026
 -0.299042
 -0.99469
 -0.314742
 0.336196
 -0.48344
 -0.366012
 -0.496278
 -0.347296
 -0.247782
 0.852275
 1.16775
 1.01636
 0.74622
 0.663193
 1.22453
 0.870213
 0.128079
 0.306248
 1.34563
 2.07278
 2.25271
 1.93589
 2.71985
 1.36545
 1.09833
 1.05203
 0.304945
 -0.207877
 -0.898531
 -1.56755
 -1.87256
 -0.786597
 -0.188556
 0.139647
 0.75891
 0.868381
 0.954599
 0.421456
 -0.128766
 0.162006
 -0.139099
 0.244474
 0.460457
 -0.294692
 0.265858
 0.394865
 0.790211
 0.911497
 0.753066
 0.656595
 1.11643
 0.725992
 0.683771
 0.93569
 0.87242
 0.0419069
 -1.11173
 0.535142
 0.287464
 0.633069
 -0.0882875
 1.23
 1.02775
 1.79121
 0.55603
 0.297328
 -0.367212
 1.24766
 0.601229
 0.474353
 1.49972
 0.357033
 1.38316
 2.58545
 2.13199
 1.42516
 0.886177
 -0.441157
 -0.694427
 -0.843067
 -0.778078
 -1.09123
 -0.53636
 0.661581
 0.252011
 0.310607
 0.615123
 1.80073
 2.62472
 2.70579
 1.90357
 1.79859
 1.95802
 1.57886
 1.28786
 1.58782
 0.861978
 1.68021
 0.579209
 -0.630763
 1.20612
 1.33893
 1.38151
 2.19237
 1.77811
 1.22713
 0.280607
 -1.97987
 -2.27527
 -1.71683
 -1.65915
 -0.946559
 -1.40632
 -1.79342
 -0.729583
 -0.579315
 0.421992
 0.809511
 0.952072
 -0.0421305
 -0.286428
 -0.282811
 -0.159617
 1.7543
 1.1567
 0.625393
 0.134966
 0.0382381
 -0.482104
 0.177452
 0.432085
 -0.0609042
 -0.112549
 0.258367
 -0.255988
 -0.41335
 -0.638931
 -1.5725
 0.434396
 0.162477
 -0.851973
 -0.51806
 -0.394561
 0.0849869
 0.543435
 -0.354524
 -0.0963884
 0.473349
 0.46316
 -0.414927
 0.319051
 -0.929271
 -0.398546
 -0.490369
 0.294282
 -0.495927
 -0.630423
 0.00592887
 0.974838
 0.344223
 -0.0437043
 -1.40974
 -0.465473
 -0.484558
 -0.722784
 -0.456188
 0.10036
 0.25632
 0.357606
 -0.553907
 -0.379522
 -0.39636
 -1.43081
 -1.64244
 -1.24792
 -0.844928
 0.217876
 -0.185855
 -1.07288
 -0.928797
 -0.728398
 -0.797657
 0.0351487
 0.403179
 0.12524
 0.29273
 -0.405851
 -0.491905
 -0.826702
 -0.478864
 -1.59052
 -1.27826
 -2.11876
 -0.73688
 -0.928129
 -0.011718
 0.580702
 1.03466
 1.70558
 1.03314
 0.242313
 -0.103682
 0.00573383
 0.334534
 0.353041
 0.717338
 1.27433
 0.601805
 0.741305
 0.26145
 1.2307
 1.59395
 2.09515
 2.02377
 2.82302
 3.04556
 3.34607
 3.27091
 3.20105
 2.74894
 1.7415
 0.55814
 -0.527714
 -0.748802
 -1.16296
 -1.19707
 -0.295209
 0.0326005
 0.00602557
 0.490231
 -0.0907907
 -0.0165647
 0.0100458
 0.411411
 0.806607
 0.0807511
 0.610557
 0.193374
 0.856799
 1.43921
 1.03281
 1.08994
 1.28096
 0.643078
 0.736057
 1.60469
 0.912371
 0.129551
 0.26926
 -0.516073
 -1.12819
 -1.28716
 -1.67245
 -0.891896
 -1.27373
 -1.08357
 -1.37453
 -1.15502
 -0.323342
 0.302316
 1.30586
 8.93663e-05
 -1.84754
 -0.54796
 0.206369
 1.73254
 0.609539
 0.275739
 -0.127598
 -0.310925
 0.446214
 1.73602
 2.49143
 2.29257
 1.58572
 1.30625
 1.44537
 0.46799
 -0.186292
 -0.500592
 -0.00788816
 -0.47853
 -0.0524103
 0.784663
 -0.157669
 1.05975
 -0.0173641
 0.00105176
 0.554206
 -0.793181
 -1.48798
 -0.659813
 -0.740155
 -0.739633
 0.0598907
 -0.514237
 -0.304944
 0.12468
 0.490012
 0.888439
 0.696165
 0.191772
 1.2153
 1.27278
 0.711359
 -0.0301697
 0.826184
 0.521986
 1.53971
 2.84682
 3.52598
 2.04318
 2.76696
 1.78186
 0.867051
 0.818608
 0.288304
 0.550885
 0.938277
 1.03538
 0.840463
 0.315236
 -0.220602
 -0.634311
 0.445878
 0.443696
 0.622216
 -0.110023
 0.000729989
 1.43087
 0.977713
 0.688065
 0.132098
 0.200821
 0.390604
 0.192239
 0.268614
 -0.266733
 -1.70505
 -1.0715
 -0.30604
 0.197235
 0.0912788
 -0.595034
 -0.924473
 -1.11714
 -1.00803
 -1.65248
 -2.2611
 -2.73663
 -2.2803
 -1.24457
 -1.40244
 -1.33421
 -1.4964
 -0.413379
 -0.605487
 -0.64853
 0.181022
 -0.925028
 -0.914643
 -0.83091
 -0.0596361
 -0.911846
 -1.05954
 0.0601339
 -0.469778
 -0.891433
 -0.64956
 -0.641644
 -0.0244772
 -0.375189
 1.36424
 0.794039
 2.04789
 1.61271
 0.490983
 1.14791
 1.13568
 -0.0188271
 0.579138
 0.66175
 0.440533
 0.261498
 0.0276602
 -0.241799
 0.292793
 -0.0821021
 -0.44455
 -0.522729
 -0.413939
 0.0773071
 1.41078
 1.71419
 2.05329
 1.19583
 0.421046
 0.414016
 0.179544
 -0.711579
 -0.521217
 -1.38045
 -0.617088
 -0.599562
 -1.1766
 -1.2133
 -1.33601
 -1.69106
 -2.06659
 -1.2743
 -0.94782
 0.546376
 -0.00290336
 0.348152
 0.608785
 0.69615
 -0.183883
 -0.185494
 -0.935949
 -0.719632
 -1.33576
 -0.918497
 -0.978416
 -1.73266
 -0.745016
 -0.0743239
 -0.559774
 -0.452268
 0.405629
 0.818687
 0.963977
 0.630739
 1.285
 1.49843
 1.57194
 0.669099
 0.542657
 0.00388109
 -0.981586
 -0.941122
 -0.787467
 -1.23043
 -1.44859
 -1.03108
 -1.38038
 -0.871101
 -0.161184
 1.49128
 1.97099
 2.44417
 1.23609
 1.14797
 0.97053
 0.243259
 0.585406
 0.41793
 0.691332
 0.934201
 0.153551
 -0.388213
 0.165791
 -0.0684051
 -1.60153
 -1.9502
 -1.86161
 -1.60721
 -1.31333
 -1.68755
 -0.494845
 -0.868737
 -0.51865
 -1.9165
 -0.825635
 0.739129
 0.720684
 -0.0800211
 0.589242
 -0.105696
 -0.0980947
 0.317525
 1.39922
 1.34007
 1.25907
 2.30989
 1.97015
 1.68504
 0.51074
 0.37755
 -0.313216
 -0.40301
 0.255257
 -0.837502
 0.158717
 0.388652
 0.283958
 -0.3158
 -0.387827
 -0.970936
 0.251013
 0.492481
 -0.121874
 0.364473
 1.3984
 2.22549
 1.87708
 2.86978
 1.13673
 0.620329
 -1.03923
 -0.688939
 -1.61728
 -1.35209
 -1.14685
 -0.52819
 0.445828
 0.097299
 -0.130671
 -0.236664
 0.28543
 -0.496412
 -0.331252
 -0.136474
 -0.314937
 -0.159179
 -0.343
 0.29299
 -0.0537104
 -0.913044
 -0.176937
 -0.0884493
 -0.584658
 -0.97776
 -1.8798
 -1.82284
 -1.19342
 -1.71403
 -1.37782
 -1.4843
 -1.33413
 -0.905294
 -1.2771
 0.0194115
 -0.244848
 -0.834675
 -1.58842
 -2.02832
 -1.05521
 -1.37836
 -1.03096
 -0.682169
 -1.15602
 -0.902607
 -0.917635
 -0.470945
 -0.430517
 0.744473
 1.62089
 1.64336
 1.27349
 1.67134
 2.59606
 3.19525
 3.08536
 1.76156
 1.23234
 0.2552
 -0.329215
 0.0992486
 0.910651
 0.30876
 -0.20193
 -0.233863
 -0.799453
 -0.743566
 -0.857238
 -1.05353
 -0.184016
 0.586497
 0.307097
 -0.604434
 -0.279716
 -0.27471
 -0.0215731
 -0.203125
 0.156962
 -0.361521
 -0.613946
 -0.931625
 -1.00575
 -0.157503
 0.372019
 0.0986748
 0.695291
 0.742778
 0.21338
 -0.0410038
 0.156684
 0.887794
 0.310475
 0.515506
 -0.43408
 -0.387992
 0.0621932
 -0.577962
 -0.101475
 -0.646247
 -0.287632
 0.496238
 0.706668
 1.43931
 1.41843
 0.987609
 0.241225
 -0.42859
 0.0939687
 0.212907
 -0.247961
 -0.721213
 -0.458874
 -0.645086
 -0.656296
 0.494475
 0.905936
 0.646423
 0.205106
 -0.777342
 -0.86141
 -0.388387
 -0.229975
 -0.101231
 -0.0483681
 -0.129244
 0.0637943
 0.419865
 -0.240741
 -0.00726117
 -0.589885
 -0.941947
 -0.779067
 -0.533395
 0.721337
 -0.133022
 0.123322
 0.217486
 -0.163757
 0.113462
 0.833463
 0.727278
 0.0984195
 -0.0318287
 0.402381
 1.32788
 2.17535
 0.806103
 1.39374
 0.538433
 0.363069
 1.16974
 1.55147
 0.360622
 -0.126962
 -1.30611
 -1.91532
 -1.26124
 -0.817083
 -1.02251
 -1.5843
 -0.285736
 -0.775027
 -0.895922
 -1.02373
 -1.86576
 -3.14493
 -2.75967
 -2.50214
 -2.44192
 -1.21596
 -2.13333
 -1.02823
 -0.654715
 -0.811058
 0.298647
 -0.290192
 -0.298041
 -0.95741
 -1.91589
 -0.453065
 -0.16372
 -0.226548
 -0.15139
 0.311124
 1.02291
 0.457459
 0.25841
 0.3168
 0.810695
 1.58281
 2.1808
 2.19843
 1.39383
 1.58183
 0.49944
 0.212721
 -0.893763
 -0.975955
 -1.46505
 -0.333553
 -0.355048
 0.229062
 -0.131546
 0.571874
 -0.0444049
 -0.882971
 -1.01673
 -0.225343
 -0.6372
 0.247399
 -0.372814
 -1.18107
 -0.334822
 0.077817
 -0.496553
 -0.624281
 1.06647
 -0.22697
 -0.751572
 -0.909132
 -0.48019
 0.569527
 0.233058
 -0.291372
 -0.29928
 0.0310462
 0.10344
 -0.666148
 -0.302162
 -1.03372
 -0.344275
 -0.679926
 -1.84573
 -2.45705
 -2.3911
 -1.26844
 -1.44299
 -1.89371
 -2.06707
 -2.2212
 -2.17796
 -0.987475
 -0.189797
 -0.0160353
 0.421619
 0.371367
 -0.239212
 -0.011896
 -0.0203135
 0.623478
 -0.157163
 -0.702965
 -0.134226
 -0.297785
 0.223935
 0.806706
 1.34215
 0.574165
 1.41164
 -0.214778
 -0.32632
 0.618386
 0.876076
 1.84257
 1.308
 1.31982
 2.18917
 1.70833
 0.606805
 1.68351
 1.0806
 0.69715
 -0.15949
 0.491355
 0.260781
 0.396273
 0.00138078
 -0.599063
 -0.781349
 -0.0150021
 0.416866
 0.825348
 0.0110119
 -0.424686
 -0.71387
 -1.13798
 -1.1901
 -0.181352
 0.270832
 0.790708
 0.967618
 1.06099
 0.420097
 0.484293
 0.529869
 -0.0365803
 -0.146654
 0.552639
 -0.438506
 0.00674584
 -0.123626
 -0.604475
 -1.86117
 -1.17493
 -1.78229
 -1.00606
 -0.339363
 -0.544223
 0.626254
 0.323303
 -0.409753
 -0.996631
 -1.23589
 -0.520869
 -1.50114
 -1.1413
 -0.999247
 -0.693213
 0.413452
 -0.416941
 -0.705272
 0.577021
 -0.139954
 -0.568364
 -0.170513
 -0.1947
 0.829999
 0.527265
 1.78798
 2.21252
 2.40794
 1.38254
 1.95283
 1.59202
 1.29284
 1.67174
 1.74287
 1.18512
 0.995218
 0.396111
 0.967281
 1.40859
 1.80581
 1.63202
 1.6351
 1.07661
 1.57373
 1.61127
 1.6263
 1.07551
 0.37002
 0.630071
 0.542824
 1.00462
 0.0153895
 -0.803117
 -0.713511
 -0.590455
 -0.742043
 0.662374
 0.746665
 -0.273615
 -0.797009
 -0.936673
 -1.32893
 -1.56807
 -1.85993
 -0.955133
 -1.08093
 -0.375793
 0.0310667
 -0.65488
 -0.846453
 -0.244984
 0.219357
 0.246544
 0.481578
 0.782773
 1.03718
 1.75872
 1.38442
 0.80305
 0.128241
 0.163917
 -0.361111
 -0.926009
 -0.912951
 -0.721355
 -0.502701
 -0.703235
 -1.45776
 -2.1855
 -1.08649
 -1.90107
 -1.23274
 -0.950862
 0.270311
 -0.126683
 -0.984845
 -1.24745
 -2.36664
 -1.32647
 -1.10608
 -0.131561
 0.247791
 0.525721
 -0.00408033
 1.22076
 0.325516
 0.0577069
 -0.640063
 0.393904
 0.855159
 0.607174
 -0.241128
 -0.393709
 0.171193
 0.484506
 0.550986
 0.0977038
 -0.534556
 -0.72227
 -0.837928
 -0.636514
 -1.36369
 -0.863954
 -0.817084
 -0.541733
 -0.458834
 -1.06091
 -0.460499
 -0.561433
 0.0493684
 -0.947997
 -0.429299
 -0.576801
 -0.49952
 0.824535
 -0.137884
 -0.323896
 -0.216675
 -0.553909
 0.389438
 -0.205362
 0.342029
 0.872519
 0.237028
 1.65237
 1.9826
 1.73892
 1.03604
 0.711628
 -0.422422
 -0.789323
 -1.44407
 -0.58723
 -0.513203
 -0.262816
 -0.199773
 -0.271517
 -0.442325
 0.0820259
 -0.210269
 0.168007
 0.628486
 0.911779
 0.397087
 0.284146
 1.63748
 1.34275
 2.35253
 2.18782
 1.26329
 1.04506
 2.01931
 1.48348
 0.0321165
 -0.730917
 -0.262602
 0.39958
 -0.373426
 0.117064
 0.174367
 -1.01882
 -0.423864
 -0.691008
 -1.12966
 -0.574958
 -0.677222
 -0.310325
 0.382143
 0.344366
 -0.629629
 -0.293916
 -0.787786
 -0.481666
 -0.529861
 -0.49838
 -1.14017
 -1.06097
 -0.986159
 -0.464312
 -1.24269
 -1.69025
 -1.53557
 -1.60949
 -1.01066
 -1.52735
 -1.86811
 -2.05472
 -1.75016
 -1.19802
 -1.20413
 -0.840662
 -0.369466
 0.0664405
 -0.360206
 0.0671939
 -0.0683808
 0.611801
 0.541546
 0.252971
 -0.404112
 -0.629603
 0.173234
 -0.558973
 -0.371641
 0.0341686
 -0.142785
 -0.0736531
 0.197574
 1.21106
 0.909089
 1.36405
 -0.204796
 -0.130158
 0.569559
 0.0147568
 0.275685
 0.842637
 0.0388621
 0.721564
 0.0724653
 0.650571
 1.22396
 0.888568
 1.27568
 0.733446
 1.93699
 2.29347
 2.45586
 1.45009
 1.57235
 1.48012
 0.879027
 1.00464
 1.52652
 1.78842
 0.958535
 1.37632
 0.618444
 0.828175
 0.0681193
 0.106602
 -0.314229
 -0.449937
 -0.014085
 1.85942
 1.32772
 0.936438
 1.24458
 0.0844547
 -0.10683
 -1.22684
 -0.608594
 0.408263
 -0.711707
 -0.231119
 0.601932
 0.85015
 0.524
 0.550549
 0.633659
 -1.07414
 -0.770147
 -1.28672
 -0.840555
 -1.92411
 -1.31149
 -1.30811
 0.243467
 -0.90426
 0.125189
 -0.346898
 -0.795995
 -1.50988
 -1.79888
 -1.25336
 -1.52386
 -0.70166
 -0.0796646
 0.680734
 0.463078
 0.551715
 0.00752078
 -0.333031
 -1.48378
 -1.73763
 -2.30481
 -1.5561
 -1.14177
 -1.35491
 -0.909516
 -0.578438
 -0.601945
 -1.1567
 -1.26502
 -0.494906
 -1.151
 -1.04739
 -1.11627
 -0.586785
 -0.181189
 1.0696
 0.591345
 1.16109
 0.397544
 -0.0130042
 -0.172323
 0.128934
 0.799116
 -0.423392
 0.388007
 -0.342627
 0.168793
 -0.066399
 -1.29807
 -0.348336
 -0.743118
 -0.964068
 -0.805558
 -1.68958
 -1.19521
 -1.81698
 -1.8896
 -1.95294
 -2.55991
 -1.49216
 -0.765239
 -0.434378
 0.649134
 0.681706
 0.151768
 1.66755
 1.96621
 1.50996
 1.88925
 1.91343
 1.74098
 1.56309
 1.67052
 0.568325
 0.586156
 -0.199334
 -0.315748
 0.589119
 -0.752904
 -0.88836
 -0.647183
 -0.902761
 -0.671384
 -0.514161
 -1.22597
 -0.531272
 -0.677878
 -1.40298
 -2.23381
 -1.89024
 -0.625206
 -1.46875
 0.230685
 0.220472
 -0.17389
 -0.0797946
 0.205586
 0.456841
 0.0298638
 -0.0547759
 0.733828
 0.541698
 0.195756
 0.741191
 0.556653
 2.04046
 2.1382
 1.09673
 1.62766
 1.69885
 1.38522
 1.39736
 1.53826
 0.838922
 0.0469723
 0.270424
 0.874085
 1.46261
 0.855109
 0.267128
 -0.182562
 -0.139453
 0.671286
 0.00454722
 -0.266039
 -0.639354
 -0.563928
 0.231574
 -0.238236
 -0.975405
 -0.523488
 0.316009
 0.993396
 1.20325
 1.1971
 0.299951
 0.447675
 1.07675
 0.681519
 0.295144
 0.00852148
 0.345087
 -0.0927415
 -0.0861294
 0.052842
 -0.13212
 -0.76088
 -1.36971
 -2.09798
 -1.03114
 -1.40263
 -0.154919
 -2.1495
 -2.59847
 -1.5593
 -1.63416
 -1.62021
 -1.42821
 -0.731607
 0.655636
 0.952577
 1.12352
 1.03544
 1.52948
 1.16663
 0.865281
 0.215773
 0.178766
 -0.613285
 0.0630236
 -0.120356
 -0.112885
 0.213689
 0.18343
 0.723374
 0.268687
 0.325512
 1.1009
 0.841666
 1.06495
 1.10663
 1.38679
 1.01158
 0.423113
 0.0346445
 0.319588
 -0.888443
 0.113002
 -0.571882
 -0.82018
 -0.492362
 0.696227
 -0.714445
 -1.3103
 -0.821166
 -0.820233
 -0.412495
 -1.40229
 -0.649545
 -1.22365
 -0.690113
 0.220672
 0.344953
 0.739268
 0.462252
 -0.545288
 0.513497
 0.0796582
 -0.600368
 -1.12933
 -0.660636
 -0.166398
 -0.221135
 -1.10518
 -0.525269
 -0.851825
 0.914123
 1.3745
 1.30729
 1.10232
 0.363038
 0.161876
 0.0795553
 0.391901
 0.456313
 0.569636
 1.58081
 1.40936
 1.76355
 0.786084
 0.0901286
 -0.637892
 -1.40831
 -1.0013
 -0.511323
 -1.06665
 -0.587327
 0.158213
 0.298264
 0.0514927
 -0.362286
 -1.08684
 -0.931527
 -1.2342
 -0.532899
 -0.703778
 -1.33174
 -0.918086
 -1.00929
 -0.656097
 -0.712988
 -0.0672966
 -0.342977
 -0.574499
 0.4137
 -0.0368975
 -0.0629034
 0.00254672
 -0.458037
 -0.0287707
 -1.02571
 -1.91781
 -1.67174
 -1.17522
 -0.830862
 0.560962
 -0.759722
 -1.17744
 -0.884277
 -0.139827
 0.151583
 0.35823
 1.0068
 0.598508
 0.562978
 -0.170866
 -1.31095
 -1.14357
 -0.728858
 0.0423693
 -0.855847
 0.468771
 -0.664082
 -0.154948
 -0.801471
 -1.07751
 -1.62838
 -1.32646
 -1.02002
 -0.327257
 -0.452136
 0.0300089
 -0.607596
 0.360824
 -1.05627
 -0.797518
 -0.600616
 -0.103491
 -0.255062
 -0.271465
 -0.128395
 0.028556
 -0.822432
 -1.74444
 -1.71083
 -1.28686
 -0.157917
 -0.942341
 -0.578979
 -0.941452
 -0.639167
 -0.176387
 -0.178819
 -0.303381
 -0.152593
 -0.376459
 -0.50674
 -1.23083
 -0.82389
 0.337335
 0.627249
 2.49312
 2.39887
 1.89561
 2.28859
 1.96422
 1.38716
 1.66478
 0.719113
 -0.109043
 -0.306318
 1.26575
 1.61041
 1.07592
 0.838381
 -0.389585
 1.16554
 0.253945
 1.72955
 1.01114
 1.2648
 0.918873
 0.011311
 -0.711802
 -0.0378904
 0.461234
 0.367099
 -0.223596
 -0.444545
 0.0200205
 0.362488
 0.656659
 0.367927
 0.340838
 0.287402
 0.828083
 0.581461
 0.191318
 0.83571
 0.234463
 0.168516
 0.0542563
 0.460103
 -0.264008
 0.266555
 1.15902
 1.37934
 1.12819
 0.280938
 -0.199055
 -0.930591
 -1.49477
 -0.829342
 -0.683426
 -1.453
 -1.87932
 -1.16622
 -0.379691
 0.501343
 -0.00797136
 0.400376
 -1.14171
 -2.28745
 -1.30622
 -0.910272
 -0.963183
 0.0912525
 0.254694
 1.22781
 0.647048
 -0.25741
 -0.539446
 0.355326
 0.660616
 0.769392
 0.233851
 1.78004
 2.15662
 1.95404
 1.88088
 1.33306
 1.16373
 1.95615
 0.581142
 -0.0194254
 1.18038
 0.92622
 0.405508
 1.66699
 1.41288
 1.48131
 1.4752
 2.12393
 0.679141
 0.497617
 -0.408533
 -0.38904
 -0.422552
 -0.428047
 0.07792
 -0.944913
 -0.749513
 -1.19952
 -0.363405
 -0.607072
 -0.480516
 1.42502
 1.82648
 1.33015
 1.84604
 1.46312
 0.957603
 1.57054
 1.9014
 1.85654
 1.79353
 2.01078
 1.57966
 1.05775
 1.05291
 0.659992
 -0.264949
 0.47432
 0.44674
 -0.284541
 0.0578609
 0.511955
 -0.531943
 -0.0386523
 -0.166469
 0.733044
 -0.502204
 -0.406395
 -0.972221
 -0.989872
 -0.709897
 -0.887507
 0.0827652
 -1.39921
 -1.40218
 -1.0308
 -1.37926
 -1.3966
 -0.79266
 -0.897615
 -0.882223
 -1.15781
 -0.590991
 -0.469568
 0.831511
 1.17686
 0.797819
 0.517484
 0.223818
 -0.420509
 0.000793276
 0.208351
 0.463665
 1.39127
 1.23831
 0.804368
 0.749773
 0.375524
 0.493292
 -0.326763
 -0.921145
 -0.544139
 -0.367052
 0.648804
 0.898498
 1.48195
 0.510695
 0.58108
 0.0982386
 -0.20601
 -0.126901
 0.618867
 0.265043
 0.148814
 0.9171
 1.62939
 0.979946
 1.30663
 1.19142
 0.957871
 1.53081
 0.220648
 0.137755
 -0.0544985
 -0.075916
 0.622254
 1.09865
 0.658654
 1.07048
 0.954447
 0.853264
 1.09383
 0.965141
 0.819768
 1.32913
 0.108115
 -0.809741
 -0.758786
 -0.258551
 -0.419379
 0.407898
 0.307766
 0.890631
 0.886148
 0.270732
 0.398088
 -0.0797117
 -1.1248
 -0.0201262
 0.207966
 0.422708
 0.682942
 0.71854
 0.401464
 1.37721
 -0.722842
 0.0623907
 -0.477182
 -0.728265
 -0.521414
 0.667464
 0.0914368
 -0.915103
 0.725542
 0.611587
 0.697243
 -0.795853
 -0.4186
 -0.955417
 -0.183173
 0.755486
 0.836863
 1.01304
 0.629553
 1.02705
 0.84172
 0.313962
 -0.584759
 -0.102181
 -0.451033
 -0.335057
 -0.932155
 -0.947318
 -0.610138
 -0.0609172
 0.199942
 0.439585
 0.0460659
 0.4659
 1.97615
 0.828751
 1.10566
 -0.0121764
 -0.0020205
 0.456742
 1.01715
 0.890788
 0.781132
 0.829743
 0.318155
 0.367265
 0.621716
 1.61336
 1.32279
 2.15965
 2.20176
 3.38849
 2.47934
 2.73859
 1.6321
 1.80409
 2.02908
 1.89436
 2.9233
 1.83014
 1.01617
 1.18441
 0.751303
 0.75179
 0.561743
 0.0803816
 0.589017
 -0.012765
 0.664581
 -0.0690394
 -0.442284
 -0.232183
 -1.0869
 -0.6289
 -1.36067
 -1.30993
 -1.17144
 -0.973963
 -0.810588
 0.0995546
 0.259687
 -0.0769368
 0.685254
 0.628262
 1.03169
 1.50058
 0.700798
 1.38959
 0.417051
 1.05276
 0.604281
 0.57615
 0.187911
 0.356971
 -0.179751
 0.0765643
 -0.133163
 0.370404
 1.19716
 0.451247
 0.818746
 1.16035
 0.805109
 0.636882
 0.503767
 0.494337
 1.39899
 1.3148
 1.00415
 0.682199
 -0.0328812
 0.644284
 -0.288161
 -0.472327
 0.439892
 0.126631
 -0.848904
 -1.65538
 -0.969761
 -0.583579
 -0.354718
 -0.0249655
 -0.854211
 -0.269254
 -1.1694
 -0.589984
 -1.56965
 -1.32078
 -1.71672
 -0.177018
 1.05222
 0.630977
 -0.290808
 -0.8698
 0.15917
 -0.102853
 0.467024
 0.970422
 0.407181
 -0.395999
 -1.30798
 -1.4175
 -0.69242
 -1.118
 -1.16338
 -1.06037
 -1.28815
 -1.58221
 -2.20404
 -2.09167
 -1.98862
 -0.91979
 -0.66128
 -0.4287
 -0.541088
 -1.08239
 -1.72846
 -1.65436
 -1.40801
 -1.67213
 -1.44544
 -1.40759
 -0.709652
 -0.90224
 -0.335669
 -0.702225
 0.251104
 0.497629
 -0.328691
 -0.402438
 -0.174176
 0.415666
 1.28958
 0.686077
 0.416794
 0.325384
 -0.279366
 -0.139969
 -0.323918
 -0.0600048
 -1.058
 -0.697802
 -0.878996
 0.350704
 0.969587
 0.503992
 -0.230544
 -0.105452
 -0.438898
 -0.357653
 -0.152117
 0.0466855
 -0.234326
 0.11241
 0.462227
 1.41928
 0.939094
 1.19578
 1.2319
 0.444612
 0.416865
 0.488763
 -0.348134
 -0.200627
 0.147383
 0.124878
 0.369664
 -0.359137
 -1.03236
 -0.902167
 -2.42965
 -1.77473
 -1.49144
 -1.55681
 -1.23384
 -0.669635
 -1.28434
 -0.722975
 -0.804422
 0.244932
 -0.18587
 -0.362049
 -1.07636
 -1.13749
 0.073568
 -0.222786
 -1.24856
 -1.8732
 -1.57131
 -2.35966
 -1.02873
 -0.422037
 -0.139981
 -0.359879
 -0.787787
 -0.446393
 0.325242
 0.138474
 1.02661
 2.4186
 2.50601
 1.74183
 1.0682
 1.24224
 1.28971
 0.869057
 1.23157
 0.837849
 1.04072
 1.87461
 1.34396
 1.69518
 1.11164
 0.599985
 0.0172888
 -0.265883
 0.731424
 0.466623
 -0.430912
 -1.16204
 -1.01112
 -1.16108
 -1.22149
 -0.461465
 -0.509807
 0.238699
 0.179479
 0.220982
 1.11425
 -0.142245
 0.170962
 -0.419289
 1.00775
 0.975693
 0.394734
 0.553978
 -0.0453425
 -0.947964
 -0.200021
 -0.443141
 -0.256841
 -0.0923593
 0.478808
 0.56618
 -0.802683
 -0.511057
 -0.521014
 -0.409139
 -0.424309
 0.461762
 0.121341
 -0.863916
 -0.404428
 -1.11903
 -0.250948
 -0.665376
 -0.592422
 -0.779102
 -0.668675
 -2.19987
 -1.89217
 -1.89034
 -1.04927
 -1.36612
 -0.532616
 -0.784624
 -0.511761
 0.093175
 1.02394
 0.229147
 -0.456641
 -0.97883
 -1.0749
 -0.0407804
 0.223725
 0.541525
 -0.317057
 0.12112
 0.545514
 0.386284
 -0.48892
 -0.205207
 -0.329725
 -0.440902
 -0.226531
 -1.48313
 -1.82211
 -2.56773
 -1.09764
 -1.01809
 0.0844021
 0.716812
 0.501275
 1.30831
 1.00703
 0.583123
 -0.511061
 -0.488489
 0.970626
 1.2904
 1.35408
 1.64744
 0.5955
 -0.283145
 -0.503082
 -0.636506
 -0.0895696
 0.335791
 0.795655
 1.25492
 0.888813
 0.172442
 -0.261892
 -0.418629
 -0.393638
 -0.627194
 -0.445086
 -1.02929
 -1.069
 0.138956
 0.292262
 0.430603
 -0.242303
 0.00850603
 -0.894314
 -1.49569
 0.0312485
 0.991108
 0.92454
 0.72566
 0.123682
 -0.070263
 0.106981
 -0.0438195
 -0.152959
 -0.556684
 -0.518399
 -0.684237
 -0.274084
 0.848471
 1.94268
 1.32996
 1.87314
 1.41753
 1.59737
 0.493765
 -0.0797784
 -0.0068169
 0.328584
 0.0574729
 -0.524597
 -0.569401
 -1.30058
 -0.823661
 -0.590079
 -0.422723
 0.199275
 1.22187
 0.296625
 -0.176221
 -0.177108
 0.88049
 -0.212748
 -0.528089
 -1.66858
 -1.30849
 -1.79635
 -1.04556
 -1.1463
 -0.580447
 -0.718035
 0.0665424
 0.386303
 1.39978
 0.507024
 0.355802
 1.03466
 0.662012
 0.00588265
 -0.260641
 -0.502816
 0.541376
 0.594933
 -0.512905
 -0.450863
 -0.0657435
 0.417349
 0.670584
 0.5092
 -0.271009
 -0.461103
 -0.455156
 -0.6181
 0.162906
 0.272313
 -0.735787
 -0.146008
 -0.686558
 -1.73611
 -1.26838
 -0.954404
 -0.238249
 -1.79508
 -1.01953
 -0.703322
 -0.00400737
 -0.900344
 0.159326
 -0.314433
 -0.190513
 -0.832989
 -0.895067
 0.137269
 -0.358209
 -0.248949
 -0.591233
 -0.679068
 -0.376598
 -0.78424
 -0.419816
 0.356586
 0.495855
 1.95196
 1.3048
 1.31369
 1.1783
 1.23867
 1.72935
 0.860533
 0.278612
 0.177295
 0.371963
 -0.394657
 -1.10116
 -0.618584
 -0.345594
 -0.742232
 -0.0284392
 -1.60358
 -0.949017
 0.0150756
 -0.268048
 -0.495729
 -0.498108
 -0.170614
 0.15959
 -0.249313
 0.574134
 -0.800319
 -0.0246623
 -0.0940239
 1.14356
 0.965002
 1.39716
 1.5952
 0.18019
 0.341741
 1.09358
 0.733849
 0.679949
 0.654296
 -0.506444
 -0.138787
 -0.345269
 -1.09205
 -2.18442
 -1.56604
 -1.62738
 -1.66455
 -0.939245
 -0.324172
 -0.399282
 0.0154235
 -0.364758
 -1.34577
 -1.63541
 -0.904435
 -0.919515
 -1.19962
 -1.73417
 -2.09352
 -2.73084
 -2.45119
 -1.02641
 0.0418938
 0.258833
 0.687472
 0.0617043
 0.298049
 1.06951
 1.3671
 0.480228
 0.257504
 -0.765035
 -0.675306
 -0.582008
 -0.787763
 0.567304
 0.220706
 -0.0706907
 0.137556
 -0.722426
 -0.190986
 -0.145656
 -0.0512689
 0.0143889
 -0.916539
 -1.83179
 -1.35931
 -1.17949
 -0.326874
 0.065828
 1.25383
 -0.108977
 -0.724175
 -0.93
 -0.71059
 -0.170571
 0.661546
 1.03087
 0.379429
 -0.14331
 -0.129848
 -1.06012
 -0.534062
 -0.529804
 -1.60791
 -2.09055
 -1.63135
 -1.07241
 -0.0499664
 0.819092
 -0.160658
 -0.987385
 -1.42061
 -0.670369
 0.0188777
 0.634377
 0.380933
 -0.950944
 -1.01716
 -0.307906
 -0.766361
 -1.0358
 -1.85285
 -1.00854
 -0.747473
 -0.186237
 -1.11681
 -0.872714
 -1.77259
 -1.90314
 -1.65057
 -1.32792
 -1.31185
 -2.31127
 -2.1489
 -1.71584
 -0.961222
 0.096083
 0.600167
 0.221114
 -0.25034
 0.0360022
 -0.552567
 -0.469657
 -0.823292
 -1.91453
 -0.471652
 0.332581
 -0.293009
 -0.627263
 -0.0153558
 0.46867
 -0.0239697
 -0.409819
 -1.34313
 -0.759646
 -1.42965
 -0.56042
 -1.14276
 -0.79635
 -0.999019
 0.22317
 1.58703
 1.57035
 0.258587
 0.47834
 0.859036
 0.822567
 0.514912
 0.964595
 1.25355
 0.6357
 0.228405
 0.220117
 -0.00502201
 -1.04104
 -0.0137505
 -0.346787
 0.512159
 0.281199
 0.224747
 0.0459384
 1.47913
 1.66339
 1.6941
 1.58871
 0.878916
 1.10529
 1.69881
 2.12685
 1.89819
 0.858312
 1.27465
 -0.0165699
 -0.367074
 1.08259
 0.382258
 0.576399
 0.275557
 1.16243
 1.15498
 0.601345
 -0.21205
 -1.35756
 -2.17376
 -1.78335
 -1.40097
 -0.737968
 0.587929
 -1.30811
 -0.777175
 -2.51627
 -0.718481
 -0.291075
 -1.52792
 -1.38479
 -1.20524
 -1.40969
 -0.218871
 0.97208
 2.1521
 2.40786
 2.06837
 2.90401
 1.77022
 1.71901
 1.389
 0.781271
 0.59778
 0.548522
 0.0711172
 0.757312
 0.437352
 0.693923
 -0.0247359
 -0.189467
 -0.029572
 -0.256916
 0.139011
 0.219785
 -0.0106797
 0.29228
 -0.0282867
 0.591081
 -0.446313
 0.293869
 0.577037
 0.72763
 -0.224958
 -0.664033
 -0.780417
 0.389302
 -0.0632569
 -1.65091
 -2.60561
 -2.88316
 -3.02348
 -2.21416
 -2.0939
 -1.80206
 -1.17779
 -0.82466
 -0.360126
 -0.789472
 -0.470347
 -0.493876
 0.0731875
 -0.198514
 -0.41589
 -0.0202138
 -0.498587
 -0.234538
 -0.329677
 0.00275218
 -0.68261
 -0.952067
 0.00602617
 -0.0999868
 0.353545
 -0.075425
 0.482711
 1.05858
 1.23489
 1.70352
 1.17637
 0.650288
 1.35799
 1.32527
 1.26826
 0.967117
 1.14475
 1.78183
 1.56112
 1.25861
 1.77994
 1.14364
 0.816676
 1.43407
 0.534755
 0.8057
 0.296603
 -0.891994
 -0.746326
 0.292335
 -0.60447
 -1.13427
 -1.17099
 -1.75602
 -1.68298
 -2.06533
 -1.73564
 -2.52217
 -1.89768
 -1.62775
 -1.3829
 -0.0933107
 -0.669304
 -0.224779
 0.482589
 1.03314
 1.27357
 0.662156
 0.93342
 0.355151
 0.538614
 -0.11263
 -0.0545808
 0.387346
 0.19944
 -0.815305
 0.0558319
 0.105975
 0.970657
 0.812342
 0.634836
 0.346889
 -0.421929
 -1.4655
 -2.22963
 -1.19613
 -1.09376
 -0.864535
 -0.37002
 0.697588
 0.526284
 0.518728
 0.334569
 0.662242
 0.0123157
 1.06774
 0.765326
 0.294722
 0.0883884
 0.410795
 1.12406
 0.735545
 1.08611
 1.1987
 0.20554
 0.507738
 0.432592
 -0.284845
 1.10609
 0.929013
 0.969223
 1.55806
 1.61917
 1.04238
 1.55922
 0.796576
 1.01529
 0.8579
 1.30546
 2.06903
 1.46237
 0.67323
 -0.0552799
 0.634205
 1.7524
 2.5552
 2.35655
 1.61789
 0.358007
 -0.0367151
 -0.531514
 -2.01792
 -1.86938
 -0.683736
 -0.611816
 -1.21111
 -1.96512
 -3.16627
 -2.46145
 -2.1695
 -2.2141
 -0.827205
 -0.524204
 -0.727554
 0.445941
 1.14099
 1.0634
 0.291531
 -0.0745898
 0.561843
 0.509343
 1.00229
 0.647644
 0.777504
 0.674946
 1.10168
 1.26589
 1.22459
 0.332156
 0.501463
 0.98815
 0.648099
 0.586145
 0.78337
 0.170779
 -0.305674
 -0.185596
 -0.66249
 -0.693521
 -0.82167
 -1.98019
 -2.04291
 -2.09916
 -1.40963
 -1.73104
 -0.730378
 -0.855703
 -0.915375
 0.0622455
 0.419388
 1.49499
 1.08591
 1.16104
 0.894101
 0.103276
 -0.10207
 -0.0625549
 0.514774
 0.0304772
 0.0556601
 1.11306
 1.13778
 0.920536
 0.909817
 0.7598
 0.328113
 1.03468
 -0.0413808
 -0.197093
 0.734915
 -0.272587
 -1.27698
 -0.627773
 -0.67546
 -0.174696
 0.505147
 0.187539
 -0.203508
 -0.134029
 -0.255054
 0.463384
 1.26999
 0.29376
 -0.744074
 -0.0643837
 -0.150686
 -0.127146
 0.288267
 1.58317
 2.35976
 2.64775
 2.17732
 1.0044
 0.194262
 0.0371463
 0.592413
 0.0808833
 0.746783
 -0.738751
 -0.544283
 -0.96704
 -0.335897
 0.259926
 0.241313
 0.796832
 0.978824
 1.0608
 1.07471
 1.22266
 -0.394377
 -0.427988
 -0.185047
 0.0178309
 -0.45007
 -0.524764
 -0.249792
 -0.411161
 -0.456358
 0.255511
 -0.281264
 -0.103858
 -0.398081
 -0.493137
 -0.0591352
 0.921261
 0.70584
 -0.153506
 0.155641
 -0.132252
 0.218905
 1.254
 2.61222
 2.22881
 1.39402
 1.39519
 1.0877
 1.50562
 2.21029
 1.64027
 1.93121
 0.780864
 -0.3675
 0.562551
 0.632787
 0.872404
 1.74546
 0.602104
 0.0446164
 0.157663
 0.414135
 0.768161
 0.760963
 0.968696
 1.18737
 0.872344
 1.05603
 0.799039
 0.469427
 0.855213
 -1.00485
 -2.34695
 -1.18686
 -1.32578
 0.0147278
 -0.313193
 0.637883
 -0.0151646
 -0.322973
 -0.971316
 -0.500789
 -0.779765
 -0.39795
 -0.840526
 -0.53293
 -0.352525
 0.360693
 -0.0621149
 -0.523214
 0.0523039
 -1.23862
 0.173921
 -0.556598
 -0.253352
 0.147849
 -1.01421
 -0.510657
 -0.179803
 0.108432
 -0.247868
 0.484017
 -1.29167
 -0.475724
 0.133482
 -0.0346237
 0.0900688
 0.920278
 0.457318
 -0.282282
 -0.541698
 -1.1442
 -1.37238
 -0.897514
 -0.817102
 0.461887
 -0.0199346
 0.663614
 0.394367
 -0.0885154
 -0.269472
 0.130231
 1.30315
 1.97319
 1.37112
 1.93058
 1.5484
 0.642176
 0.277181
 1.80943
 1.88481
 1.33367
 1.32497
 0.717816
 0.0140685
 -0.446784
 -0.949151
 -0.45418
 -0.197104
 -0.105907
 0.449061
 1.48994
 1.06822
 1.09068
 0.54222
 0.187294
 -0.0932266
 -0.0261844
 -0.888153
 -0.984741
 -1.70923
 -1.35634
 -1.21669
 0.0703308
 -0.242778
 -0.614045
 -0.805288
 0.108074
 0.467127
 0.203433
 0.558019
 0.545805
 0.632006
 0.60768
 0.458677
 0.293542
 1.09204
 0.926515
 1.98916
 1.43849
 2.07394
 1.06231
 -0.432135
 -0.76821
 -0.542471
 -0.296678
 -0.271433
 -0.338706
 -1.63371
 -1.67051
 -2.23357
 -2.21702
 -1.79726
 -1.25681
 -0.306035
 -0.892765
 -0.574863
 -0.43802
 1.27566
 1.73509
 1.05542
 1.26429
 0.0605972
 0.741135
 0.246842
 0.67251
 0.644417
 0.52173
 0.82919
 0.727029
 1.19569
 1.52579
 2.00478
 1.63363
 0.915617
 0.742627
 0.988152
 2.17878
 1.47474
 0.35464
 0.98339
 0.159912
 -0.0983451
 0.472144
 0.724319
 0.346863
 0.846574
 0.628484
 0.857381
 0.519977
 -0.758241
 -0.778639
 -1.25038
 -0.716704
 0.49519
 -1.23725
 -0.600864
 -0.786423
 0.57963
 1.14472
 -0.57482
 -1.34216
 -1.96018
 -1.46712
 -0.382885
 -0.850966
 -0.392739
 -0.123985
 -1.36602
 -1.38343
 -0.552967
 0.221406
 -0.457233
 -0.157895
 0.0625409
 0.203793
 -0.846916
 -0.772057
 -1.2406
 -0.668113
 -1.40239
 -0.599934
 0.0311894
 0.642715
 1.14628
 1.17821
 0.707851
 0.655321
 1.01081
 1.67395
 1.41169
 0.881563
 0.508478
 0.533314
 1.17798
 2.16904
 0.711919
 0.368021
 -0.583191
 -1.78027
 -0.995641
 -1.46386
 0.17377
 -0.548807
 0.0969024
 0.00778613
 0.107735
 -0.131099
 -0.833176
 -0.969444
 0.215364
 0.0435503
 -0.213757
 0.528366
 1.65468
 2.30335
 0.359503
 0.684092
 1.10057
 0.45604
 0.154285
 0.693159
 0.84071
 1.23113
 1.06699
 0.780354
 0.698699
 1.16744
 1.07635
 0.774632
 -0.220762
 -0.128691
 -0.575443
 -0.705838
 -0.109862
 -0.550918
 -1.06228
 -1.33253
 -0.0455869
 -0.0825679
 0.20796
 0.782129
 1.00394
 -0.361427
 0.233068
 -0.844257
 -1.28408
 -0.671674
 0.241072
 0.914253
 1.46408
 0.0312466
 -0.642811
 -0.700006
 -0.677384
 -0.399302
 -0.664855
 0.444232
 -0.248355
 -0.182302
 0.228801
 -0.944756
 -0.174266
 -0.301686
 -0.986818
 -1.85458
 -1.71948
 -1.58282
 -0.377846
 -1.59152
 -0.523038
 -0.283553
 -0.573226
 0.547346
 0.535572
 -0.278843
 -0.891869
 -0.0228032
 -0.175535
 -0.678516
 -0.719566
 -0.987486
 -1.53354
 -1.02247
 -0.549726
 0.33183
 1.23126
 0.503659
 -0.241871
 -0.0977729
 -0.0141362
 -0.507517
 -0.89876
 -0.553147
 -0.582981
 -0.340956
 0.154453
 -0.146751
 1.0677
 1.43452
 1.21198
 1.66568
 2.12757
 1.96017
 2.3826
 2.12827
 1.57331
 0.590476
 -0.340545
 -0.183487
 -0.0920646
 0.51907
 1.14076
 1.01909
 0.846939
 -0.0778935
 0.229145
 -0.612987
 -0.462498
 -0.0363836
 -0.74061
 -0.882215
 -0.627461
 -0.21312
 0.491583
 1.28164
 1.09106
 1.59856
 1.58008
 1.12938
 0.265729
 -0.0513024
 -0.856082
 -1.87821
 -2.07848
 -1.62372
 -0.968659
 -1.60027
 -0.729219
 0.00197281
 -0.25405
 -1.20971
 0.331484
 0.0222505
 -0.754861
 -0.282094
 0.409379
 0.875545
 0.495107
 1.22855
 0.959335
 0.949277
 -0.34441
 -0.411111
 -0.417567
 -0.293669
 0.144488
 -0.13153
 -0.00954613
 -0.398338
 0.816752
 -0.3492
 -0.855273
 0.439599
 0.79324
 1.08634
 1.1837
 0.258744
 0.586618
 0.536128
 0.337452
 0.738588
 0.829783
 0.67571
 0.0291733
 0.89032
 -0.317906
 -0.0506781
 -0.356741
 -0.713643
 -0.061759
 -0.846029
 -0.738503
 -0.140204
 -0.0913216
 -0.640763
 0.487577
 -0.033354
 0.106338
 -0.580225
 0.818293
 0.476545
 0.634942
 -0.127932
 -0.314576
 -1.12685
 -0.750116
 -1.05497
 0.0349636
 -0.513648
 -0.966341
 -0.363153
 0.24735
 -0.647809
 -0.205363
 0.587566
 0.313433
 -0.0672345
 0.0536795
 0.265925
 0.412956
 0.673409
 0.87339
 0.784821
 0.605091
 -0.103883
 0.0395352
 0.00399966
 -0.338632
 -0.173013
 -1.54902
 -0.344796
 0.345401
 0.262723
 -0.128413
 -0.772757
 -0.974231
 -0.998997
 -0.316368
 0.349694
 -0.674773
 -1.1086
 -1.36837
 0.215199
 1.1603
 2.5243
 3.33245
 2.65189
 1.66642
 0.545649
 0.530958
 -0.228011
 -1.65416
 -1.39775
 -1.01553
 -0.67296
 0.260504
 0.00945977
 0.536346
 0.730695
 1.7869
 0.371904
 -0.214137
 -0.548393
 -0.736571
 0.900694
 1.05951
 0.991023
 0.390376
 1.7371
 0.871611
 0.423124
 0.763526
 1.44106
 1.57821
 1.58345
 0.89482
 1.14818
 1.53111
 1.7038
 1.71687
 1.77676
 0.972812
 0.617712
 1.1741
 0.369623
 1.279
 1.53497
 1.94161
 0.227666
 -0.210461
 0.498681
 -0.510043
 0.044124
 0.591757
 0.658143
 0.440773
 1.49631
 0.562681
 0.283893
 -0.557941
 -0.402824
 0.158622
 -0.306644
 0.358389
 -0.030782
 0.554928
 0.329199
 -0.147731
 -0.384555
 -0.0116963
 -0.103073
 -0.186147
 0.119094
 -0.67192
 0.144959
 0.601425
 1.40559
 1.44594
 1.13034
 0.187982
 -0.221537
 0.000735276
 -0.328624
 0.137397
 0.0425201
 -0.558949
 -1.42029
 -1.49226
 -1.02652
 0.317174
 -0.152363
 0.720734
 0.936709
 0.292505
 0.755101
 0.811643
 1.39308
 0.619129
 0.864938
 1.35466
 0.65852
 0.751367
 1.1692
 1.06159
 0.758374
 1.50147
 1.03491
 1.52372
 1.74609
 1.37971
 1.41405
 1.94631
 0.665599
 0.908825
 1.11922
 1.36505
 0.794798
 -0.131888
 -0.784012
 -0.955897
 -0.906963
 -1.38519
 0.123185
 -0.552411
 0.0959676
 1.11072
 0.277006
 -0.0992744
 -0.0956483
 -0.204258
 0.78473
 0.837179
 1.71536
 0.295387
 0.284145
 -0.166696
 0.683078
 0.807917
 -0.476639
 -0.730899
 -0.416239
 -0.403651
 -0.888763
 0.0598828
 -0.755903
 -0.261874
 -0.111907
 0.512487
 1.02408
 1.29891
 -0.139048
 -0.559169
 -0.890232
 -1.07798
 0.049979
 0.313294
 1.12379
 0.784162
 0.341304
 0.692455
 0.117337
 0.00649494
 -0.241422
 0.599017
 0.671135
 0.782409
 0.337018
 0.995001
 0.897528
 1.09481
 1.8277
 1.67051
 2.1748
 1.73723
 2.04325
 0.878234
 0.254504
 0.473293
 0.604971
 0.671323
 1.13948
 0.102914
 0.107986
 -0.0779106
 -0.618977
 -0.331734
 -0.724678
 -0.58167
 -0.255209
 -0.963179
 -0.924743
 -0.621442
 0.208909
 0.314706
 0.732059
 0.47708
 -0.160189
 -0.193854
 -1.42581
 -0.834155
 -0.963246
 0.0641358
 -0.316468
 -0.527347
 -0.0774055
 -0.989287
 -0.190912
 0.149333
 0.441645
 -0.0060082
 -0.343804
 -0.169776
 -0.0392721
 -0.422063
 -0.387195
 -1.74597
 -1.86062
 -1.59793
 -2.15759
 -1.73717
 -2.14876
 -0.860208
 -0.845908
 -0.169344
 -0.168182
 -0.499818
 -1.13662
 -0.952797
 -0.686403
 -0.737639
 -0.998634
 -0.774679
 -1.1069
 0.0125891
 -0.213063
 0.295796
 0.285201
 0.746443
 0.355984
 0.878843
 1.30824
 0.438814
 0.980556
 1.10819
 1.53207
 2.51518
 1.01721
 0.947388
 1.76361
 1.42515
 1.67172
 0.255356
 -0.73013
 -0.945029
 -0.506355
 0.0650973
 -0.129949
 0.667567
 -0.269158
 0.500067
 0.774188
 0.760213
 0.648214
 0.408372
 -0.462994
 -1.14397
 -1.04932
 -1.74879
 -1.36976
 -0.913069
 -0.639533
 -0.485564
 0.032629
 -0.543941
 -0.746644
 -0.808603
 0.382292
 -0.110898
 -0.699825
 -0.873392
 0.0220401
 -0.647483
 0.616851
 0.930467
 1.75212
 1.40892
 1.32147
 1.89986
 2.308
 3.02732
 2.89622
 1.71541
 1.54378
 1.5197
 1.43605
 -0.490013
 -0.743754
 -0.610338
 -0.839775
 -0.689978
 0.608258
 1.31895
 0.239515
 -0.398531
 -0.674814
 -0.754623
 -0.788153
 -1.12982
 -1.0669
 1.02047
 1.84217
 2.37114
 2.09982
 1.96877
 1.75218
 1.5008
 0.723057
 0.19484
 0.198171
 0.398672
 1.15555
 1.73572
 1.74939
 1.11162
 0.320833
 0.177564
 -0.0483793
 1.10048
 1.74084
 0.612357
 0.521565
 0.0722156
 -0.29209
 -0.484914
 -0.00458034
 -1.36587
 -1.52728
 -0.931811
 -0.76422
 -1.28195
 -0.778055
 -0.965011
 -2.67328
 -2.55389
 -2.62499
 -1.66736
 -1.6362
 -1.54528
 -0.530016
 0.420979
 0.626988
 0.264944
 -0.467267
 -0.843516
 -1.17826
 -1.53074
 -1.11022
 -0.478623
 -0.582588
 -0.0579266
 0.574308
 0.977425
 1.26822
 0.264449
 0.0723993
 -0.201192
 0.168432
 0.338686
 0.139508
 1.32395
 0.740131
 1.46611
 1.69778
 0.978503
 0.583075
 -0.150321
 -1.03605
 -1.68405
