 0.787121
 -1.36327
 0.562136
 0.39044
 -0.765324
 0.671836
 0.395172
 0.61523
 -1.02059
 0.435035
 0.63778
 -0.679516
 0.145128
 0.0119933
 0.342339
 -0.979562
 0.371099
 0.291972
 0.315714
 -0.0333485
 -0.632979
 -0.204699
 0.288167
 -0.866287
 -1.12172
 -0.488883
 0.529045
 -0.578608
 0.777268
 -0.690455
 1.06743
 -0.926224
 0.643386
 0.282073
 0.656981
 -0.178818
 -0.073734
 -0.272605
 0.506709
 -0.0448202
 -0.00575863
 0.127757
 0.211751
 1.12286
 0.233384
 -1.30401
 -0.00301057
 -0.484773
 -0.549339
 -0.211154
 0.589271
 -0.772495
 0.619695
 0.798151
 -0.566298
 -0.397311
 0.582488
 -1.60483
 0.294266
 -1.25613
 -0.224383
 -0.274012
 1.11527
 0.517818
 1.48251
 0.343893
 0.564665
 -0.0799901
 -0.0368354
 -0.877716
 -0.784627
 -0.192941
 1.13564
 -0.335054
 0.771101
 -0.609243
 0.291118
 -0.840335
 -0.298105
 0.570811
 -0.221309
 0.00173411
 0.439943
 0.239702
 1.27918
 0.94373
 0.0287298
 -0.522926
 -0.336025
 -1.06191
 -0.312571
 0.517014
 0.523633
 -1.0957
 0.0685643
 -0.329123
 0.310842
 0.569797
 0.352053
 -0.629793
 0.811399
 -0.134074
 0.165519
 -0.913424
 -0.743155
 0.374405
 1.13708
 1.19718
 -0.166037
 -1.02384
 -0.314006
 -1.59138
 0.329289
 -0.292388
 0.825771
 -0.359641
 -0.118256
 -0.794156
 0.225284
 0.446714
 0.861087
 -0.893017
 -0.402621
 0.105211
 0.418132
 0.0201682
 0.265582
 -0.314178
 1.12968
 -0.605638
 0.374586
 -1.28641
 0.913678
 -0.720444
 -1.15336
 0.932632
 0.433307
 -0.024398
 -0.0110047
 0.347997
 -0.649728
 0.139198
 0.304807
 0.189516
 -0.661191
 0.325764
 -0.221215
 -0.458047
 0.395812
 -0.506769
 1.23393
 -1.07308
 1.21931
 -0.157782
 0.687458
 0.0318739
 0.0652688
 0.239204
 -1.43487
 -0.0695824
 0.426567
 0.122571
 -0.215615
 -0.68171
 0.774456
 0.389337
 -0.105251
 0.0726005
 -0.468129
 0.568539
 0.62478
 0.0377278
 -1.4814
 0.839825
 0.140668
 0.334593
 0.217194
 0.649021
 -0.616495
 -0.290383
 -0.0620057
 0.608655
 -0.46323
 -1.20406
 0.617342
 -0.527523
 0.867667
 0.176062
 -0.44708
 -1.21691
 0.136069
 -0.65755
 -0.508395
 0.375362
 -0.220571
 0.194863
 -0.130461
 -0.367315
 0.691182
 0.61808
 -0.00841666
 -0.74192
 0.181492
 -0.598707
 0.67406
 0.519388
 0.901469
 -0.153364
 -0.329054
 -0.0792654
 0.238606
 0.311628
 0.627943
 -0.107059
 0.567783
 0.521613
 -0.835813
 0.706456
 -0.0987025
 -1.16329
 0.263301
 -0.211743
 0.577374
 0.121037
 0.201033
 1.11643
 0.766191
 -1.71259
 -0.0488851
 -1.07198
 -0.0512644
 -0.850475
 1.30564
 0.980149
 -1.96016
 -0.316505
 0.154423
 -1.1948
 1.18379
 0.563849
 -0.155673
 -1.37636
 0.251207
 -0.579643
 0.626588
 0.247243
 1.44595
 -0.53867
 0.43371
 -1.13641
 0.103835
 -0.69762
 -0.0441555
 0.290555
 1.31679
 -1.03783
 0.14347
 0.824677
 -0.223965
 0.463214
 0.900716
 -0.625714
 0.393118
 -0.635571
 0.805881
 -0.858751
 0.145857
 0.137539
 0.119048
 -1.02424
 -0.872445
 -1.25191
 0.0666123
 0.661179
 0.138598
 0.437293
 0.864063
 -0.342883
 0.0989493
 0.492873
 -0.0881443
 -1.13141
 0.137585
 0.342919
 1.22035
 -0.236546
 0.242376
 0.809708
 0.0397487
 0.518684
 -0.0272118
 0.496801
 -0.243067
 -0.173649
 -0.563687
 0.338666
 -1.3523
 -0.444948
 -0.00403797
 0.622171
 0.223393
 0.335616
 -1.21726
 0.196168
 0.448958
 0.00367852
 -0.538495
 -0.200902
 0.127323
 0.421131
 0.139762
 0.466639
 0.313199
 0.388602
 -0.901105
 -0.984492
 -0.649584
 1.86114
 0.481499
 -0.0779102
 -0.148271
 -0.36119
 -0.579261
 -1.36184
 0.485916
 0.108075
 -0.0309173
 0.432426
 0.702859
 -0.0892624
 -0.346097
 -0.2901
 -0.520429
 -0.466277
 0.718598
 -0.213831
 -0.283176
 0.466667
 0.325935
 0.357185
 0.728219
 0.335827
 -0.0850787
 -0.254556
 -0.469459
 -0.700642
 1.36486
 -0.325593
 -0.326194
 -0.889519
 0.53614
 -0.073005
 0.0508299
 0.0434536
 1.03463
 -0.559743
 -1.36849
 0.0265016
 -0.0771551
 -0.0517448
 0.225854
 -0.568726
 -0.0895457
 0.333907
 0.687503
 0.168422
 -1.38065
 0.0620665
 -0.174734
 0.751084
 -0.116483
 0.764692
 0.457813
 0.61077
 -1.86361
 -0.0279458
 0.543169
 -0.981138
 0.935475
 0.828784
 -0.378708
 -0.985872
 0.808342
 -0.438633
 0.43646
 0.404307
 0.305994
 -0.574473
 -1.18633
 0.733183
 -0.0123073
 0.359868
 0.172492
 1.08141
 -0.854448
 0.195222
 -1.21108
 0.704227
 0.12818
 0.396198
 0.667798
 0.84951
 0.082083
 -1.33044
 -0.525375
 -0.424795
 0.572243
 -0.798081
 -0.177302
 1.63489
 0.561774
 -0.432032
 -0.116392
 0.0859444
 0.534463
 -1.00222
 -0.549809
 0.151502
 -0.478792
 0.503199
 -0.251387
 0.213493
 0.938159
 -0.397593
 0.422003
 -0.0230437
 0.578182
 0.113013
 -0.505684
 0.267181
 0.688794
 -0.0173058
 -0.229633
 0.966331
 -1.17654
 -0.8321
 -0.55036
 0.21457
 -0.856779
 0.14373
 -0.728265
 -0.817718
 -0.917157
 0.115532
 0.380937
 0.427387
 -0.298407
 1.95162
 -0.889514
 0.404665
 0.0948659
 0.461949
 0.679375
 -0.446346
 -0.503608
 0.247171
 0.0823193
 0.0592649
 -0.501337
 0.274316
 -0.368552
 0.128828
 1.01203
 -0.39234
 -0.29029
 -1.60669
 -0.00241608
 -1.16788
 -0.381817
 0.82984
 0.411939
 0.208394
 0.0476672
 1.12681
 -0.715515
 -0.228296
 0.546234
 -0.307583
 0.1443
 0.560933
 1.00755
 -0.4543
 0.0999969
 0.00704764
 0.273189
 0.174333
 -0.526182
 -0.0101062
 -0.0709368
 -0.70409
 -0.133164
 0.309773
 -0.116394
 0.0856965
 0.32917
 0.949042
 -0.598047
 0.739042
 -0.214862
 -0.161018
 -0.804458
 -0.0992727
 -0.0131528
 -0.372803
 0.959865
 -0.0863031
 0.0263669
 0.110336
 0.159741
 0.314207
 -0.476045
 0.879905
 0.031008
 0.0408731
 0.778615
 -0.809167
 -0.347965
 0.0536957
 0.845311
 -1.08837
 0.845507
 -1.46194
 0.764259
 -0.0568071
 -0.30668
 0.250978
 -0.595221
 -0.0565121
 -0.874715
 0.270553
 -0.176135
 0.497204
 0.454392
 -1.5181
 0.52932
 0.216189
 0.853114
 -1.71767
 0.377569
 0.62706
 1.00385
 0.156337
 0.624579
 0.635361
 0.0869831
 -0.275891
 -0.0161971
 0.236113
 -1.29987
 -0.885276
 0.384897
 1.0129
 0.0465336
 -1.14368
 -0.295313
 0.954305
 -0.374395
 -0.444991
 -0.71264
 -0.0186286
 0.411802
 1.83333
 -0.859236
 -0.295704
 0.414353
 0.774619
 -0.134619
 -0.991357
 -1.24796
 0.365692
 -0.0601034
 0.24331
 -0.518579
 0.574284
 0.000615547
 0.69778
 1.35505
 -0.435065
 -1.3431
 0.211401
 -0.0640972
 1.24018
 0.362082
 -0.191195
 -0.835395
 -0.153358
 0.184805
 -0.0995236
 -1.39389
 -0.273805
 0.188
 -0.522049
 0.480561
 0.800152
 0.312324
 0.771019
 0.519958
 -0.491957
 -0.816648
 0.451286
 -0.0246311
 0.869745
 -0.750087
 -0.381948
 0.291491
 -0.696598
 -0.201046
 -0.126204
 -0.210402
 -1.02949
 -0.344939
 0.923556
 0.222269
 0.243316
 0.375985
 -0.279032
 0.49648
 0.400932
 0.0741151
 -0.150489
 -1.30006
 1.30572
 0.23482
 0.00361144
 0.420262
 0.0446312
 0.358389
 0.597385
 -0.512387
 0.628349
 -0.259178
 -0.332632
 0.298997
 -0.0351897
 0.763241
 -0.597911
 -0.177255
 -0.404938
 -0.0343292
 0.787834
 -0.191693
 -0.236223
 -0.87056
 -1.39396
 -0.626173
 -0.900791
 1.01597
 -0.729686
 0.591108
 -0.727888
 -0.231462
 0.210535
 -0.492926
 0.656915
 0.47864
 -0.0441676
 -0.475111
 0.676735
 0.0795306
 -0.993079
 0.11575
 0.924672
 0.802206
 0.997602
 -0.611537
 -0.540142
 1.87755
 -0.582107
 -0.73043
 -0.578197
 0.28091
 -0.249567
 0.311834
 -0.484272
 0.156816
 1.0804
 0.299345
 -1.48799
 -0.31195
 -0.348879
 0.290589
 0.507008
 0.802943
 -0.125006
 1.27283
 0.182703
 -1.22069
 -0.876393
 0.450186
 -0.723015
 0.948899
 -1.19354
 -0.746332
 0.0287565
 -0.236013
 -0.134646
 0.153801
 1.0756
 -0.553744
 -0.276301
 -0.0617883
 0.318857
 0.871447
 0.121077
 -0.240243
 -0.0740522
 -0.7487
 1.26453
 0.5822
 -0.0116352
 -0.239693
 -0.733495
 0.56382
 -0.602253
 -0.202158
 0.276002
 -0.468006
 0.300109
 1.30991
 0.210254
 -0.139577
 -0.451698
 0.0811254
 0.75057
 -1.58296
 -0.156051
 -0.320522
 -0.449342
 1.36009
 -0.698958
 0.361354
 0.693338
 0.396113
 -0.5565
 0.836859
 -0.0168102
 -0.568279
 0.328157
 -0.320103
 -0.147038
 -1.02531
 -0.537476
 0.536028
 -1.01235
 -0.43945
 0.472841
 0.384768
 0.8982
 -0.843612
 -0.163218
 0.899921
 0.535118
 -1.43681
 0.104206
 -0.335979
 0.801578
 0.0321862
 -0.548014
 0.574931
 -0.049876
 0.595853
 0.276254
 0.7306
 -0.39827
 -0.709218
 -0.517828
 0.536338
 -0.299771
 0.423833
 1.62101
 -0.968961
 1.19063
 0.168283
 -0.868975
 0.23778
 0.23619
 -1.02372
 0.300072
 0.438926
 0.307593
 0.166671
 -0.550141
 -1.37858
 -0.0943526
 0.196296
 0.418708
 0.88323
 0.0840926
 0.967468
 -0.175918
 -0.0816479
 -0.0528274
 -0.789995
 -0.416289
 0.251088
 -0.522428
 -0.781164
 -0.204002
 0.822445
 0.150623
 0.50889
 0.526065
 -0.921755
 -0.392008
 -0.718483
 -0.365415
 1.25379
 0.449992
 -0.211625
 -0.390875
 -0.764585
 -0.296183
 0.186193
 -0.17678
 0.178569
 0.54038
 0.115983
 -0.495202
 -0.195499
 0.394899
 -0.0436185
 0.38878
 -0.258109
 -0.0981815
 0.936222
 -0.743128
 0.303415
 -0.491579
 0.101771
 -1.20753
 -0.0231612
 1.55381
 0.272734
 -0.91814
 -0.746154
 0.728127
 -0.1946
 1.46396
 -0.80206
 -0.69019
 0.0370882
 -0.00490863
 1.36367
 -0.827941
 1.4351
 -0.333686
 0.951484
 0.567024
 -0.588155
 -0.120586
 0.0156266
 -0.501284
 -0.660863
 -0.984119
 0.727501
 0.609773
 -0.120198
 0.822284
 -0.103577
 -0.372063
 0.503389
 0.458022
 -0.5505
 -0.0921096
 -0.0290129
 -0.620479
 0.599119
 0.456087
 0.838043
 -0.34454
 0.119532
 -2.2111
 0.170503
 -0.00822089
 -0.0877511
 -1.542
 0.456495
 -0.183314
 -0.734751
 -0.127048
 0.11941
 1.00323
 -0.125436
 -0.759769
 0.494162
 -0.228055
 -0.274903
 0.918677
 -0.421199
 0.351192
 -1.0297
 -1.16237
 0.922136
 -0.649116
 1.00689
 0.281065
 1.20836
 -0.919101
 -0.0462481
 -0.33463
 -0.494851
 0.453025
 -0.110699
 0.980131
 0.302848
 1.41694
 -0.430694
 0.2933
 0.169297
 -0.0933428
 -0.924851
 -0.038887
 0.136687
 0.867947
 0.725448
 -0.00309899
 0.118753
 -0.771885
 0.342231
 0.056613
 -0.379719
 -1.35213
 0.325254
 0.895116
 0.408605
 -0.656199
 0.944287
 -1.2304
 -0.603691
 -0.00783092
 1.39731
 -0.342189
 0.198657
 0.314442
 -0.584799
 -0.687673
 0.0875621
 0.127833
 -0.243195
 0.0531107
 -0.877206
 -0.198575
 0.263098
 0.146994
 0.0607862
 -0.445917
 0.306098
 0.665421
 -0.0831607
 -0.364534
 0.096304
 -0.144646
 -0.231044
 0.0838362
 -0.0723936
 -0.429879
 0.521388
 -0.281441
 -0.358078
 -0.079641
 1.17078
 -0.310066
 0.447717
 0.494448
 -0.299764
 0.580159
 0.349161
 0.241318
 -0.946236
 -0.476515
 -0.640537
 -0.659293
 -0.421223
 -0.471394
 -0.722393
 0.864795
 0.911618
 0.430426
 0.92026
 0.711922
 -0.560874
 -0.52653
 0.373714
 0.826114
 -0.026875
 -0.623788
 -0.272632
 0.54693
 -0.406056
 0.0435436
 0.00936851
 -0.138557
 0.300405
 0.15192
 -0.0193891
 -0.526665
 -0.875657
 -0.571637
 -0.144747
 -0.107063
 0.926579
 -0.685648
 0.036842
 0.325577
 0.0552089
 -0.281034
 -0.093526
 -0.13124
 1.01849
 0.193766
 -0.241933
 -0.599775
 0.911507
 0.00291443
 1.24022
 -0.585691
 -0.302329
 -0.678733
 -1.5742
 -0.81482
 1.45507
 1.06469
 -0.903376
 1.77075
 -0.252818
 -0.753635
 0.566114
 -0.759861
 0.412861
 -0.298907
 -0.462502
 1.20184
 0.496748
 -0.715273
 -0.530678
 -0.824627
 0.878126
 0.54713
 0.984642
 -1.05202
 0.294491
 -0.518333
 0.80245
 -0.345448
 0.269747
 0.344425
 -0.962922
 0.116126
 0.491069
 -0.248764
 -0.64452
 -0.58148
 -0.804032
 1.09012
 -0.122175
 -0.574888
 0.883841
 0.231832
 0.222083
 0.021755
 0.936727
 0.142643
 0.402556
 0.413945
 0.358738
 -1.60419
 -0.567828
 -0.976837
 0.260716
 -0.207324
 -0.245232
 0.28592
 -0.288142
 0.988565
 -0.44117
 0.0129977
 -0.155216
 0.33946
 -0.559783
 0.407841
 -0.568934
 0.589499
 0.670747
 0.148176
 0.675188
 -0.174811
 -0.901113
 0.598247
 -0.0233587
 -0.559543
 0.191079
 -1.31682
 1.80571
 0.219757
 -0.928234
 -0.931233
 0.443346
 1.04892
 0.533618
 -0.634248
 -0.347192
 0.0800234
 0.154996
 0.47757
 -0.356375
 0.312957
 -0.138444
 -0.769368
 -0.472206
 0.193392
 -0.29971
 -0.812434
 0.893016
 -0.164371
 0.0575833
 -0.528188
 0.251744
 0.927977
 0.0565451
 0.281318
 -0.355605
 0.312641
 0.30353
 -0.0859077
 0.225373
 -0.610525
 0.381266
 0.18755
 0.0150157
 -0.0589125
 -0.0386661
 -0.266753
 0.118564
 -0.0716231
 0.336163
 -0.249626
 -1.63126
 -0.000375084
 0.148031
 -1.03487
 1.6284
 -0.121988
 0.446349
 -0.439076
 -0.509308
 0.083652
 0.454241
 1.08985
 -1.00592
 0.351224
 -0.0739856
 0.91002
 1.30799
 1.0627
 -0.522594
 -1.14195
 -0.853246
 -1.06293
 -0.00705745
 -2.26284
 0.327799
 -0.339247
 1.82054
 -0.791189
 0.23725
 0.947392
 0.120009
 0.216204
 0.178734
 -0.338627
 0.0149251
 -0.155358
 0.949379
 0.243719
 -0.306368
 0.266575
 0.561579
 0.148161
 -0.436929
 -0.0729022
 0.0192718
 -0.562336
 -0.666303
 -1.43491
 0.941974
 -0.19301
 0.483625
 0.0212316
 0.167877
 0.788103
 0.663985
 -0.114037
 -0.0505604
 -0.194504
 -0.557263
 -0.225406
 -1.49375
 0.0323417
 0.487457
 0.816877
 0.94697
 -0.253901
 -0.65655
 -1.37357
 0.181647
 1.31535
 0.0756683
 0.00494519
 -0.0828121
 0.375651
 -0.212377
 -1.46888
 -0.0556035
 0.368102
 1.02088
 1.19242
 -0.273058
 -0.84076
 -0.490899
 0.183607
 -0.642877
 -0.382996
 0.78618
 0.475481
 -0.548068
 0.561573
 -0.284814
 1.22242
 0.200665
 0.84312
 -0.147847
 1.05582
 1.49303
 -1.30144
 -1.13524
 -1.04192
 -0.499016
 0.611465
 0.0865393
 1.18501
 -1.43182
 -1.09418
 -0.27829
 0.0538486
 0.818318
 0.865779
 -1.43928
 -0.212225
 -0.999694
 1.09718
 -1.00087
 0.412304
 0.634783
 0.409541
 -0.137628
 -0.294597
 0.901616
 -1.48893
 0.775019
 -1.10798
 0.68305
 0.0811296
 0.570092
 1.00803
 -0.34634
 0.369223
 0.815533
 -0.543987
 -0.208667
 0.637902
 -0.343101
 -0.0347063
 -0.650023
 -0.321254
 -0.0701832
 -1.16613
 0.548487
 -0.806346
 -0.133588
 0.662217
 -0.481467
 0.0803753
 0.711564
 -0.836034
 -0.204138
 0.230854
 0.60915
 -0.0478964
 0.762397
 0.354493
 0.939031
 0.976175
 0.735419
 -1.0306
 -0.561789
 -0.53894
 0.398896
 -0.197358
 -0.199886
 -0.385337
 0.248088
 0.340503
 -0.0467901
 0.69752
 0.525647
 0.090534
 0.560005
 -0.788786
 -1.65015
 -0.433509
 -0.327465
 0.30477
 1.49776
 -1.12118
 -0.303468
 -0.114029
 -0.706872
 0.498972
 0.0219585
 0.226575
 0.270284
 -0.481211
 -0.794141
 0.841602
 -0.126309
 0.0357701
 -0.769939
 -1.11547
 0.870181
 0.640322
 0.732603
 1.18873
 -0.970915
 0.355394
 -0.440294
 0.919766
 -0.543457
 0.570718
 0.52718
 -0.249438
 -1.33606
 0.855433
 -0.719995
 0.463667
 -1.49391
 0.454987
 0.366147
 -1.0622
 0.28408
 0.640745
 -0.484275
 -0.0222062
 -0.78095
 0.480328
 1.1353
 0.367816
 -0.319447
 -1.25284
 0.616918
 1.33363
 -1.45292
 0.833247
 -0.111581
 -0.459435
 -0.600559
 -0.235259
 0.586268
 0.622913
 -0.166682
 0.520223
 -0.0805696
 0.359528
 0.528541
 -0.814955
 -0.0724961
 -0.12399
 -1.27012
 0.51412
 0.182705
 0.920714
 -0.266263
 -0.296423
 0.481214
 0.0157361
 0.752626
 0.460417
 0.416442
 -0.454984
 -0.414005
 -0.260967
 -1.31739
 -0.1246
 -0.683207
 0.735166
 -0.156059
 -0.873699
 -0.136398
 -0.548963
 -0.287496
 0.908818
 0.702095
 -0.855843
 0.524332
 0.666706
 -0.0686771
 -0.147729
 0.595701
 0.898651
 -0.103425
 -0.500761
 -1.27203
 -1.06814
 -0.180072
 -0.333751
 1.1163
 0.507126
 1.00093
 0.211958
 -0.313013
 -0.821973
 -0.71558
 0.425798
 0.384349
 0.249233
 0.546059
 -1.47553
 1.04942
 -0.265215
 0.703068
 0.276875
 0.898701
 -1.14342
 -0.758741
 0.328233
 0.238551
 -0.737748
 -0.234272
 0.127135
 -0.0832922
 -0.185904
 0.136363
 -0.109489
 -0.263779
 0.979048
 0.247116
 -0.523442
 -0.046068
 0.541083
 0.636424
 0.21843
 -0.162415
 -0.137325
 0.284199
 -0.2186
 -0.669178
 0.755288
 -1.05397
 -0.790318
 -0.143647
 0.305335
 0.291483
 0.241987
 -0.899935
 0.486119
 -0.108094
 0.0280614
 -0.172315
 0.648366
 1.27285
 0.142011
 0.506058
 -1.70638
 -0.24297
 -0.749626
 0.0934196
 -0.916444
 -0.646739
 0.610127
 1.75313
 0.542734
 0.365292
 -1.19982
 -0.288424
 0.414916
 0.222866
 1.53034
 -0.846895
 0.372709
 -0.639937
 0.728066
 -0.535409
 1.19573
 0.0567201
 -0.248358
 -0.0988772
 -0.0806212
 -0.460351
 -0.357134
 -0.0232408
 0.0399688
 0.11611
 -1.04463
 0.155186
 0.681823
 0.253165
 -0.0727787
 1.41254
 0.155448
 0.135743
 -0.734614
 -0.429206
 -1.11145
 0.368959
 -0.396734
 -0.180664
 -0.305846
 0.14453
 -0.428598
 -0.84817
 -0.200007
 0.225464
 0.116805
 -0.69459
 0.632978
 0.678977
 1.26264
 0.130878
 -0.864687
 1.7172
 -0.300283
 -0.0272554
 -1.31753
 -0.729257
 0.450442
 -0.480779
 -0.679399
 -0.0944232
 1.50816
 1.44321
 -0.263442
 -0.558
 0.398148
 -0.14632
 -0.172724
 0.13423
 -0.890664
 0.667279
 -0.190171
 -0.795276
 0.903655
 0.227826
 0.591062
 -1.36865
 0.149219
 -0.690628
 0.710522
 0.737639
 -0.854539
 0.0664155
 -0.118995
 0.15926
 0.116424
 1.15847
 0.356701
 -0.19864
 -0.327995
 -0.107393
 0.595315
 -0.349423
 -0.809953
 0.170243
 1.13254
 0.8055
 0.171025
 -0.380575
 0.782661
 -1.40634
 -0.349707
 -0.0181824
 -0.753204
 -0.542075
 -0.702759
 -0.682067
 -0.290953
 1.18642
 0.697701
 0.335487
 0.618968
 0.0974202
 0.0518355
 -0.584426
 -0.6089
 0.305952
 -0.276916
 0.400389
 0.250777
 -0.797656
 0.554482
 0.174585
 0.410959
 0.126698
 -0.18555
 -0.122491
 0.480105
 -0.393868
 -0.0715178
 0.270488
 -0.0530621
 -0.883088
 -1.23924
 1.73498
 -0.14912
 0.324353
 -0.762659
 1.34886
 -0.156654
 0.756636
 -1.29553
 -0.343906
 -0.676174
 1.71184
 -0.593827
 -0.195965
 1.07423
 -1.1668
 1.0109
 1.31897
 -0.469121
 -0.821692
 -0.60312
 -1.3877
 -0.266628
 -0.0904578
 0.113065
 -0.29957
 0.585273
 1.29276
 -0.412027
 -0.00765218
 0.307361
 1.24991
 0.885027
 0.051676
 -0.906493
 -0.168108
 0.182308
 -0.378228
 -0.31542
 0.322801
 -0.735426
 0.839261
 -1.10917
 -1.32213
 1.9329
 0.259928
 0.0099926
 0.822704
 -0.430347
 -0.63175
 -1.0162
 -2.38287
 -0.321884
 0.699307
 0.151806
 0.762822
 -0.465506
 -0.450655
 1.11089
 0.206656
 1.02522
 0.409622
 0.107739
 -1.08642
 -0.311359
 0.0256919
 0.157683
 2.03145
 -0.57549
 -0.654555
 -0.550816
 -0.0991524
 -0.520015
 0.699661
 0.316511
 -0.523192
 -0.086918
 0.39941
 -0.521855
 -0.190613
 -0.227488
 -0.973678
 2.10339
 -0.1842
 -1.13238
 0.299115
 0.171282
 0.514194
 0.491797
 -0.954731
 0.215958
 0.627773
 0.00845438
 -0.94753
 0.735614
 -1.26329
 0.512063
 -0.0399894
 0.826279
 -0.807785
 -0.194314
 0.680876
 1.05356
 -0.655084
 -0.476674
 -1.45016
 0.974775
 0.0722921
 -0.253975
 0.268533
 0.600227
 0.173024
 0.0840076
 -0.977689
 0.144312
 0.0179064
 -1.0782
 -0.246739
 0.453556
 0.468255
 1.12922
 -0.414669
 -0.998902
 0.114611
 0.248007
 -0.0538789
 0.871679
 0.410696
 -0.315989
 0.134663
 -0.735995
 -0.117362
 -0.33016
 0.374763
 -1.13862
 0.294788
 -0.834017
 1.44251
 -0.125508
 0.923323
 0.633843
 0.45106
 0.671342
 -0.731349
 -0.898788
 -0.382535
 0.143248
 0.384045
 0.041018
 0.375105
 0.589842
 -0.710381
 0.0958765
 -0.490683
 1.00952
 0.429384
 0.509256
 -0.0934934
 0.802875
 0.24108
 0.283826
 -0.100589
 -0.101847
 -0.487456
 -1.0737
 -1.25486
 -1.12413
 -0.186822
 -0.358758
 0.00308765
 0.987786
 0.390124
 -0.0471652
 0.47832
 -0.612217
 0.0365394
 0.0403979
 0.427823
 0.427795
 -0.769418
 0.512248
 -0.407886
 0.676275
 0.641293
 -0.432388
 0.0127035
 0.200448
 -0.667159
 0.0719132
 0.938377
 -0.695835
 -0.87526
 0.135033
 -0.783062
 -0.650242
 -0.14619
 -0.364628
 0.840214
 -0.351346
 0.171995
 -0.297342
 0.218657
 0.890647
 0.678115
 1.03709
 -1.39252
 -2.04512
 1.33733
 0.921536
 1.62412
 -1.17906
 -0.466353
 -0.432275
 -0.183661
 0.819565
 1.40021
 0.810142
 -0.254223
 -0.815822
 -0.338154
 0.15849
 -1.00082
 -0.709401
 -0.307176
 0.559722
 -0.443973
 0.433125
 0.908183
 -0.977299
 1.21529
 -1.08349
 -0.0479321
 0.604374
 -1.38882
 -0.784989
 0.897389
 -0.00682539
 -0.00798803
 0.837484
 -0.583945
 0.171062
 0.462849
 0.393044
 0.409621
 -0.217189
 -0.565612
 1.05661
 0.107681
 -0.620157
 -0.817137
 0.894271
 -0.257245
 1.04893
 1.40587
 0.711679
 -1.61772
 0.653408
 -0.988844
 -0.999314
 -0.0434262
 -0.502979
 0.293068
 0.450299
 0.119894
 -0.216874
 -0.570738
 -0.57658
 -0.426887
 1.16045
 0.062414
 0.160838
 -0.783369
 0.0812063
 1.53109
 -0.428149
 -0.372315
 -0.606203
 0.0654955
 0.229978
 -0.191096
 0.0721157
 -0.555707
 -1.52853
 0.648663
 0.89415
 0.563355
 -0.126973
 -0.763146
 -0.380534
 -0.189533
 0.136533
 -0.653968
 -0.652848
 -0.489404
 0.507395
 1.14288
 -0.136487
 0.0229232
 -0.187397
 1.12556
 -0.169971
 -0.0928976
 0.85592
 -1.1455
 -0.0548773
 0.114081
 0.830727
 -0.871776
 -0.209483
 1.19196
 -0.508729
 -0.495433
 0.242548
 0.0347636
 0.651013
 -0.353186
 1.79541
 -0.552157
 1.23484
 -0.439023
 -1.24778
 0.648259
 0.0482492
 -1.21757
 0.59371
 0.148804
 -0.229271
 -0.200529
 -0.245391
 -0.279167
 0.570534
 -0.361017
 -0.404248
 -0.0852931
 0.132048
 0.533831
 1.41912
 0.33636
 0.299589
 -0.941078
 -0.875343
 -0.010795
 -0.202723
 -0.920747
 0.195459
 -0.853309
 0.796364
 0.0807301
 -0.616061
 -0.0634129
 -0.110807
 -0.36413
 -0.394248
 0.843309
 0.391262
 1.56255
 -0.562806
 0.280174
 0.266665
 0.0803927
 -0.944056
 -0.0396222
 -0.760272
 0.22462
 -0.60417
 0.433695
 -0.0226261
 -0.797141
 1.01824
 0.764049
 -0.515456
 0.0571584
 0.90368
 0.455885
 0.127915
 -0.383914
 0.655293
 0.245404
 0.059722
 -0.970526
 -0.171867
 -0.539959
 -1.02891
 0.0481472
 0.219939
 -0.433921
 -0.236465
 0.452693
 -0.336726
 0.518879
 0.770056
 1.74378
 0.512493
 0.423557
 -1.32475
 -0.176465
 -0.163543
 -0.74895
 0.357353
 -0.128869
 0.289303
 0.270803
 -0.822261
 -0.606431
 0.592404
 -0.194395
 -1.62405
 -0.404637
 0.149263
 0.321024
 0.33656
 -0.388356
 1.23033
 -0.353329
 0.31458
 -1.47151
 1.09295
 1.72567
 0.00774597
 -0.919888
 0.641352
 -0.697788
 -0.0272546
 0.455875
 1.16125
 -0.0443921
 -0.138608
 1.07814
 -0.335946
 -0.354862
 -1.25514
 -0.164068
 -0.677314
 -0.0788041
 0.734345
 -1.10608
 1.00299
 0.303815
 -0.124109
 -0.657533
 -0.0996928
 -0.593754
 1.28591
 0.319088
 -0.673515
 0.464013
 1.11204
 0.887308
 -0.393588
 0.974481
 -1.81315
 -0.63702
 -1.71496
 0.373092
 -0.874941
 0.287618
 0.273905
 0.672214
 1.03905
 -0.368022
 -0.304915
 -0.1327
 0.551565
 -0.800496
 0.135004
 0.23129
 -0.175744
 0.153213
 -0.185585
 0.66047
 -0.342295
 -0.937005
 0.751985
 0.150818
 -0.529098
 -0.439038
 -0.945845
 0.0600061
 0.713937
 -0.506688
 0.323654
 -0.092022
 0.148643
 0.455454
 -0.385194
 1.33374
 -0.238304
 -0.677407
 -0.826965
 -0.465937
 1.05414
 -0.272986
 0.336609
 0.375837
 -0.502275
 0.232013
 -0.000647688
 0.465557
 0.05252
 1.21869
 0.942777
 -0.00555343
 -0.453715
 0.374957
 0.985224
 0.642832
 -0.144556
 -1.44555
 -0.613553
 -0.996866
 -0.593265
 0.498824
 0.922363
 -0.601423
 -0.585867
 -0.0415271
 -0.569571
 0.0589179
 -0.088082
 -0.196255
 0.919933
 0.847931
 -0.301776
 -1.01591
 0.302755
 0.0471783
 0.272722
 -0.183283
 0.363775
 -0.534185
 -0.29312
 -0.327703
 -0.0678723
 0.913426
 0.59527
 -0.301201
 0.582025
 0.0581603
 -0.582278
 -0.298664
 0.215433
 0.794648
 -0.585601
 0.169639
 -0.98737
 0.0196988
 0.511957
 -0.642372
 0.473453
 -0.541232
 0.354434
 0.851412
 0.238399
 0.741109
 -0.0300702
 -0.497334
 -0.819093
 -0.717161
 0.568253
 0.186993
 -0.479213
 -0.517658
 0.277996
 -0.160527
 -0.0129127
 1.21889
 0.469649
 -0.306699
 -0.514097
 -1.05632
 -0.100314
 0.544964
 0.209893
 0.133932
 0.0473295
 -0.0950945
 0.193224
 0.379914
 -0.692996
 0.208726
 -0.589843
 -0.385377
 0.184963
 0.290507
 1.33463
 -0.872562
 0.190011
 0.110133
 -0.402905
 0.274612
 0.77773
 -0.0958435
 -0.697447
 -0.168158
 0.473818
 1.00391
 0.908409
 -1.46208
 0.521894
 -0.857971
 -0.213466
 0.874233
 0.448614
 -1.26434
 -0.575535
 -1.22096
 -0.632987
 0.740256
 0.546203
 -0.201492
 -0.618038
 1.34792
 -0.456541
 -0.180965
 -0.142117
 -0.884362
 -1.36129
 0.408856
 0.355156
 0.0932513
 1.28917
 -0.937286
 1.08493
 0.431891
 -0.190951
 1.12717
 -0.600591
 -0.0737722
 -0.697159
 -1.02493
 1.54153
 0.399943
 -0.0890584
 0.0442583
 0.475281
 0.75364
 -0.598199
 -0.266427
 0.0574863
 0.533435
 0.830541
 0.632136
 -0.00718931
 -0.893272
 0.151606
 -1.11151
 -0.325111
 -1.12643
 -0.0799022
 -0.454345
 1.21354
 0.0444683
 0.5857
 -0.381091
 0.698836
 -0.631071
 -0.927266
 -0.154266
 0.871044
 -0.383488
 0.900244
 -0.624439
 -0.900398
 0.875152
 0.496961
 -0.606281
 -0.177402
 1.7855
 -1.30231
 -0.650854
 -0.163759
 0.482511
 1.14178
 -0.33112
 -0.609309
 -0.0355713
 0.365222
 0.0964417
 -0.816657
 0.353293
 -0.732704
 0.70653
 -0.305759
 -1.24862
 -0.670986
 0.103735
 1.23694
 -0.129037
 -0.515595
 -0.209842
 -0.154301
 0.0564636
 1.26823
 0.877605
 0.158226
 0.406322
 -0.0777153
 -0.678555
 0.207594
 0.0164728
 0.67985
 -0.803617
 -0.622402
 0.600653
 -0.122613
 0.539116
 0.629053
 0.559606
 -0.828792
 0.820098
 -1.67755
 -0.187486
 1.04275
 0.332722
 1.00197
 -0.561542
 -0.0544889
 0.909753
 -0.482014
 -1.20799
 1.10271
 -0.557378
 -0.43771
 -0.900946
 0.684819
 -0.177411
 0.134562
 -0.406829
 -0.645411
 -0.194134
 0.834414
 0.50064
 0.422261
 -0.876293
 -0.513462
 -0.299213
 -0.424686
 -0.0394207
 1.09088
 0.521284
 0.526191
 0.162109
 0.062802
 -0.699246
 0.0335578
 0.0686512
 -0.585884
 -0.129709
 0.756599
 -1.00632
 0.420877
 -0.0970979
 -0.510796
 -1.33349
 0.708827
 -0.557256
 0.806142
 0.746866
 -0.215878
 1.18697
 -0.298851
 -0.831953
 -0.654088
 -0.243439
 0.78488
 -0.98228
 0.336412
 0.188893
 0.32909
 1.1671
 -0.85961
 -0.380309
 1.34662
 -0.700841
 -0.51334
 0.410976
 0.00846581
 1.07419
 -0.293067
 1.27562
 0.470154
 0.16258
 -1.1214
 0.541222
 -0.336078
 -0.330399
 0.400102
 0.103424
 -0.591168
 -0.222931
 -0.616907
 0.603597
 0.514076
 0.424651
 -0.195555
 -0.0305671
 -0.595298
 0.505524
 0.0752675
 0.00906815
 -0.586876
 -0.762089
 0.274836
 -0.0439478
 0.494425
 -1.02181
 -0.904754
 0.102707
 0.184047
 -0.132872
 1.4785
 0.134711
 -1.12526
 -0.613283
 -0.1351
 -0.378225
 -0.23723
 -0.286308
 0.967829
 -0.0841782
 0.713218
 0.436957
 -0.743746
 -0.255075
 0.638848
 0.521878
 0.0252772
 0.218932
 0.307242
 0.259459
 0.746003
 -0.394782
 -0.662012
 -0.73199
 0.042302
 -0.510649
 -0.589288
 0.0277851
 0.240447
 0.25441
 -0.204924
 -0.809935
 -0.784419
 1.16964
 -0.778987
 0.660675
 0.33369
 1.27794
 -0.405573
 -0.975104
 -0.316627
 -1.15521
 1.09262
 0.320393
 1.02094
 0.406887
 0.253316
 -0.592056
 1.2432
 -0.901529
 -0.350647
 -0.730644
 1.08954
 0.553235
 -0.269971
 -0.933638
 -0.191317
 0.623386
 0.370653
 0.067348
 -0.49619
 -0.691664
 -0.202744
 -0.0932518
 0.234478
 -0.743143
 0.505301
 0.0913751
 0.286673
 0.088412
 -0.645948
 0.604263
 -0.0702197
 0.627311
 -1.03747
 0.491872
 -0.11478
 0.072682
 1.39736
 -0.978315
 -0.277713
 0.11609
 -0.335698
 0.987695
 -0.585095
 0.529324
 0.579696
 -0.670899
 1.44069
 0.396256
 -0.297573
 -0.789102
 -0.371199
 -1.17683
 -0.389192
 -0.638998
 0.930706
 0.150432
 0.254795
 0.060763
 -0.0901307
 -0.192672
 0.545184
 -0.286574
 0.372503
 0.496759
 0.297693
 -0.560348
 -0.158582
 1.43003
 -0.261528
 1.00513
 -0.162053
 -1.0247
 -0.27391
 1.05015
 -0.509661
 -1.56925
 -0.838415
 0.535881
 0.776721
 -0.78161
 0.470896
 0.0911436
 -1.26295
 0.584746
 -0.220105
 -0.467763
 0.580168
 -0.0696276
 0.37285
 0.735711
 -0.0366292
 -1.06338
 0.308268
 -0.478341
 0.314179
 -0.0213128
 0.0307499
 -0.674829
 0.0643523
 0.106459
 0.562581
 -0.803515
 -0.513945
 0.170161
 -0.0426052
 0.637872
 -0.521093
 -0.39459
 -0.19733
 0.335707
 0.607985
 0.00528788
 0.356603
 0.492103
 0.451083
 -0.467014
 0.404907
 -0.129969
 0.69762
 -0.0579335
 -0.333996
 -0.712522
 -0.24896
 0.870241
 -0.722165
 0.156675
 0.449041
 -0.171759
 0.0518699
 0.285457
 1.07159
 -0.302312
 0.422326
 -1.65268
 0.0122153
 0.790674
 -0.536774
 0.242535
 0.615363
 -0.833365
 0.670672
 -0.645732
 0.575006
 0.635917
 -0.350391
 0.366119
 -0.563378
 1.23649
 0.422228
 0.140471
 -1.09246
 0.0756689
 -0.064107
 -0.621912
 0.124644
 0.581566
 0.300544
 -0.88384
 0.395563
 -0.762945
 0.197283
 -0.766455
 0.0267563
 -0.408812
 -0.137932
 0.479137
 2.00215
 -0.517198
 -0.509614
 0.289295
 -1.20428
 -0.239818
 -1.14112
 0.652298
 1.14836
 -1.14404
 0.432775
 0.911944
 0.280027
 -0.374572
 -0.0122761
 0.0867639
 -1.79511
 0.26947
 -0.46745
 0.481318
 -1.09748
 0.612207
 0.0610947
 1.6314
 -1.16934
 0.986393
 -0.458051
 -0.517262
 -0.763229
 -0.30295
 0.60706
 -0.236407
 0.851466
 0.682579
 0.787492
 -0.250777
 0.0344224
 -0.588171
 -0.383433
 -1.20292
 -0.274491
 -0.544591
 0.81446
 0.499402
 -0.22245
 0.43765
 0.356136
 -0.0345893
 -0.608534
 -0.140495
 0.825732
 -0.653951
 0.0667255
 -0.0574969
 0.559828
 0.445941
 1.30839
 -0.496584
 0.521221
 -0.803132
 -0.480424
 -0.16221
 0.340876
 0.734844
 -1.27076
 0.790033
 -0.713452
 0.505799
 -0.212978
 -1.31142
 0.968951
 -0.336422
 -0.252861
 0.167764
 -0.912367
 0.496634
 -0.605278
 -0.0938998
 -0.0460197
 -0.624858
 1.11695
 0.823969
 0.340564
 1.10228
 0.0262397
 -0.619178
 1.54721
 0.363516
 -0.527568
 0.342591
 0.0338962
 -0.194442
 -0.200609
 0.111357
 -1.14757
 -0.0109777
 -0.781595
 -0.119913
 0.991786
 -1.3606
 -0.204561
 0.28911
 -0.233036
 0.240204
 0.182408
 -0.748658
 0.702264
 -0.110936
 -0.781451
 -0.898375
 0.367224
 1.39135
 -0.840782
 1.7171
 0.0427987
 -0.47759
 0.0529905
 0.303903
 0.271439
 -0.454822
 -0.118036
 0.83647
 -0.170836
 -0.396968
 0.556278
 -0.16765
 1.54151
 0.142077
 -1.15408
 0.492124
 0.11526
 -0.332848
 -0.00340365
 0.157656
 -0.727147
 -0.856565
 0.239474
 0.688948
 0.651783
 -0.64244
 -0.671622
 -0.483566
 0.0628961
 0.889275
 -0.663806
 -0.330088
 -0.389343
 0.0883333
 0.864656
 -0.46279
 -0.817781
 0.457633
 0.92973
 0.736444
 0.203051
 -0.0488171
 -0.977511
 0.115773
 0.696813
 -0.38647
 -0.438776
 -0.308946
 0.365624
 -0.429319
 -0.00780406
 0.161294
 -0.182538
 -0.669065
 -0.652484
 -0.754359
 1.1436
 -0.310941
 1.28506
 -2.06354
 -0.576531
 1.13534
 0.00215327
 -0.00453183
 0.192256
 0.733646
 1.46963
 0.317318
 0.113319
 -0.139748
 0.486879
 -0.378355
 -0.350995
 -0.68991
 -0.0417454
 -0.79992
 0.709958
 -0.13322
 -0.00310137
 0.345208
 -0.0218797
 0.554602
 -0.469751
 0.0226979
 0.822964
 -0.249038
 0.197094
 0.0431921
 0.285324
 -0.39451
 -0.644612
 -0.417701
 0.318482
 -1.23198
 1.02479
 -0.643805
 -0.293681
 0.35507
 1.28095
 -1.455
 -0.717961
 0.527188
 0.0587983
 0.431907
 -1.03227
 0.747282
 -0.552872
 0.533469
 0.987782
 0.143269
 0.373074
 -0.310316
 -1.09773
 1.08337
 -0.385955
 -0.747635
 -0.572071
 0.51002
 0.572111
 -0.0434751
 -0.954759
 0.575505
 -0.295812
 1.84478
 0.54167
 -0.125061
 -0.274706
 -0.808318
 -0.233625
 -0.0611958
 0.3522
 0.0919984
 0.115269
 1.06058
 -0.160538
 0.322754
 -1.03701
 -0.780909
 -0.756471
 -0.784842
 0.460654
 0.585311
 -0.558627
 0.472009
 0.810331
 0.15668
 -0.293656
 -0.46848
 -0.776019
 0.161052
 -0.274737
 0.744436
 -0.142709
 -0.685368
 0.412723
 -0.0604207
 0.366259
 -0.0498268
 0.664116
 -0.27787
 -0.279813
 1.02942
 -0.437892
 -0.0748675
 0.0662252
 -0.480477
 0.437904
 -1.01957
 -0.974022
 0.26958
 0.586283
 0.395536
 1.46116
 -1.37452
 -0.544942
 0.313978
 0.823267
 0.331706
 0.195401
 0.659332
 -0.434407
 -0.0858449
 -0.776085
 -1.21781
 0.176134
 0.505242
 0.850195
 -0.930521
 1.33258
 -1.13931
 0.462396
 -0.645185
 -0.314201
 -0.565986
 0.326383
 0.365232
 0.742996
 -0.124238
 0.468753
 -0.671672
 0.976787
 -1.45193
 0.202633
 0.254145
 0.542752
 -0.14891
 -0.0444312
 0.143685
 0.167874
 -0.897591
 -1.0039
 0.039524
 0.502238
 1.22747
 -0.800286
 0.309534
 -0.367761
 0.29912
 0.504828
 0.00382715
 -0.154394
 0.142822
 -0.231715
 -0.148787
 -0.759748
 0.417428
 1.26785
 0.33932
 1.92335
 -0.0868191
 -0.627064
 0.353076
 -0.329443
 -0.628692
 0.282405
 -0.959836
 -0.894064
 -0.191828
 1.70473
 0.442717
 -0.600733
 -0.308208
 -1.29817
 1.61625
 -0.859084
 1.49585
 -0.700357
 0.197777
 -0.356677
 -0.971397
 -0.775996
 0.732673
 0.597163
 -0.0860517
 -0.64896
 -0.258714
 0.503296
 0.394492
 0.310546
 -0.316073
 -0.059249
 -0.0565396
 0.570623
 -0.240868
 -0.437681
 0.665965
 -0.598501
 -0.103024
 -0.108287
 0.435773
 -0.740773
 0.526783
 0.976434
 0.248389
 -0.300988
 -0.931151
 -0.53357
 -0.749229
 -0.575097
 0.734131
 0.220025
 -0.809707
 -0.481464
 0.764227
 0.880168
 0.936469
 -0.55327
 0.357417
 -1.62093
 -1.26635
 1.0547
 0.522112
 -0.044806
 1.08672
 0.191393
 0.981852
 -0.616811
 -1.02271
 -0.326654
 0.972209
 0.379308
 0.102288
 -0.587106
 1.59505
 0.453014
 -0.256965
 -0.129478
 -0.592771
 -0.195086
 0.851767
 -1.40587
 -0.69325
 1.28816
 -0.184542
 -0.579276
 1.30676
 -0.213157
 0.024804
 -0.018168
 0.675217
 -1.50594
 -0.258797
 -0.915252
 0.0293496
 0.0180824
 0.0198262
 0.544972
 -1.05718
 0.158925
 -0.437246
 0.878469
 -0.211186
 0.104077
 2.00511
 0.469523
 -0.592161
 0.46789
 -0.397175
 -0.564246
 0.635186
 0.389682
 -0.0496867
 -0.0893834
 0.217418
 -0.449012
 -0.570238
 -0.00690033
 -0.384672
 -0.968918
 0.775279
 0.0409163
 -0.774524
 0.335511
 0.515131
 -1.08437
 0.470838
 -0.0892888
 0.942353
 -1.27302
 0.0313771
 -0.562517
 -0.0184904
 0.323876
 -0.162879
 1.01205
 -1.52942
 -0.0813599
 0.43016
 -0.331575
 -0.0320044
 0.645454
 -0.0869435
 -0.00828888
 -0.297976
 0.585299
 0.153225
 1.35549
 0.3841
 -0.44994
 -0.352619
 -0.323485
 -0.675375
 0.444161
 0.266059
 0.276164
 0.973399
 -0.151449
 -0.507212
 -0.0880624
 -0.384865
 0.123014
 -0.840199
 -0.642741
 0.415616
 0.240558
 1.08085
 0.284384
 0.575533
 -1.04151
 0.00682162
 -0.486892
 -0.322753
 0.0991594
 0.81256
 -0.342512
 -0.15916
 0.804155
 0.777033
 -0.691872
 0.280647
 -0.109081
 -0.257392
 0.596288
 -1.35328
 -0.141334
 -0.161905
 0.000866596
 0.755166
 0.531422
 -0.473939
 0.38767
 -0.109915
 -0.123689
 0.247165
 -0.125477
 -0.164343
 0.532794
 -1.2643
 -1.01699
 0.0680054
 0.589063
 -0.126121
 0.858081
 -0.0825508
 0.577633
 -0.00312783
 -0.677495
 0.10155
 -0.480871
 -1.10706
 1.15551
 0.32512
 0.216294
 0.257637
 0.0247198
 -0.353048
 1.00686
 -2.17562
 0.733795
 -0.480537
 -0.271847
 0.2321
 1.27905
 -0.571102
 -1.12424
 1.6951
 -0.0321199
 0.0440199
 -1.5919
 0.342788
 -0.499426
 0.814527
 1.0366
 0.0943392
 0.137709
 -0.428875
 0.387283
 -0.177893
 -0.572002
 -0.959946
 0.505859
 -0.304437
 0.118833
 -0.610998
 -0.0295303
 0.379522
 0.601966
 0.282375
 0.231897
 -0.433169
 0.408857
 1.60676
 -1.17851
 0.190538
 -1.1601
 -0.0215818
 0.527261
 0.627095
 -0.12567
 -0.148066
 0.0375672
 -0.536533
 0.0365888
 0.289491
 1.06036
 -0.284938
 0.828058
 0.0546895
 1.21224
 -0.946455
 0.189455
 -1.15165
 0.147302
 0.284453
 -0.118267
 1.07679
 -1.11929
 -0.927234
 0.176387
 -0.402806
 0.0071758
 -0.17533
 -0.499327
 0.535178
 -0.593205
 0.689342
 -0.734696
 -0.429736
 0.230094
 -0.866561
 0.46376
 -0.721641
 0.0343306
 0.175127
 0.225341
 0.177424
 0.953579
 0.182084
 -0.392976
 0.763064
 -0.0388499
 0.394054
 0.490674
 -0.851151
 0.672181
 -0.987666
 0.625829
 -0.425305
 -0.0503513
 -0.397984
 0.17548
 -0.540646
 0.258505
 -0.191158
 0.526238
 0.892262
 -0.778391
 0.322786
 0.377015
 -0.372284
 -0.205896
 -0.140352
 -0.00289974
 0.963089
 -0.0577131
 -0.363751
 -0.363806
 -0.755601
 0.710626
 -0.924142
 -0.226889
 0.986383
 -0.278772
 -1.06064
 -0.879041
 0.739333
 0.481044
 0.251922
 0.333927
 -0.883953
 0.569376
 -0.9092
 0.575182
 -0.9856
 0.228564
 -0.375584
 1.61942
 1.35566
 -0.46211
 -1.06316
 -0.65955
 1.09668
 -0.205462
 0.57192
 0.541781
 -0.602784
 -0.89478
 -0.976468
 -0.102128
 0.818526
 -0.393418
 -0.0739311
 0.11412
 -0.230032
 -0.316728
 -0.654387
 0.11782
 0.14579
 1.14137
 0.302624
 0.207966
 -0.147184
 -0.599049
 -0.702728
 0.0797137
 0.299259
 -0.254373
 0.228004
 0.0539186
 0.731128
 -0.188092
 0.560276
 -0.379262
 0.967328
 0.28683
 -0.89951
 -0.131246
 0.257355
 0.643107
 0.934395
 -0.637276
 -0.350412
 -0.105379
 -0.625489
 0.141365
 -0.159675
 0.28314
 -1.032
 0.34636
 -0.1437
 1.29593
 0.693875
 -0.518837
 -0.837738
 0.104666
 -0.317654
 0.0883226
 0.236798
 0.221071
 -0.296545
 0.345175
 0.383014
 1.00673
 -0.49947
 0.207062
 0.0381869
 -0.838532
 -0.058188
 0.103793
 -0.861094
 0.137072
 0.406156
 -0.000301226
 0.247979
 -0.765462
 -0.741003
 0.141659
 -1.56284
 0.663327
 0.384871
 -0.0502471
 0.327666
 0.599015
 -0.645986
 0.542926
 -0.0614415
 1.08654
 -0.430672
 -0.242569
 -0.764181
 -0.0778289
 1.30623
 -0.257765
 -1.1282
 -0.697866
 0.338628
 -0.773783
 1.39082
 0.710875
 0.278531
 -0.270741
 -0.491849
 0.339959
 0.837379
 -0.179888
 0.894431
 1.47802
 0.0902243
 -0.88071
 -0.775166
 0.176117
 0.0918571
 -0.428703
 0.372524
 -0.386612
 0.197688
 0.895396
 -0.536612
 0.319436
 -0.602739
 -0.565495
 -0.60998
 -0.282673
 1.08216
 -0.219198
 -0.977729
 -0.80028
 0.173931
 -0.103622
 -0.0483613
 0.811826
 -0.0210778
 0.759522
 -0.0554293
 0.00570834
 0.924354
 -1.30656
 0.25469
 -0.583349
 1.49237
 0.0313506
 -0.656712
 0.126105
 -0.613742
 -0.964355
 0.78712
 -0.184541
 0.185509
 0.182435
 0.600914
 0.0980254
 -1.46693
 0.250203
 0.0449229
 0.133479
 -0.00696227
 0.930001
 -0.334851
 -1.08313
 0.449784
 -0.700309
 0.897614
 -0.383837
 0.0456518
 -0.190673
 0.111735
 -1.60106
 0.281237
 0.0722649
 0.907611
 -0.302312
 0.837257
 -0.247385
 0.245591
 0.635441
 0.982881
 -0.842638
 -0.798794
 -0.5648
 -0.0815092
 1.12593
 0.331041
 0.310285
 -0.925148
 0.409873
 0.480525
 -0.15964
 -0.946774
 0.269378
 -0.0887857
 -0.112399
 0.229682
 -1.30876
 -0.396359
 -0.746186
 1.56803
 0.174558
 1.12799
 0.66993
 -0.266503
 0.787429
 -0.313434
 -0.494054
 -1.1722
 0.00870355
 1.59031
 0.40519
 0.0282984
 0.268845
 -1.1217
 -0.975753
 -0.223586
 -0.0910112
 0.609813
 0.485631
 0.483693
 0.470419
 -0.404963
 -0.799285
 -0.479518
 -0.1467
 0.0568273
 -0.221372
 0.195114
 -0.596458
 -0.0585142
 1.29303
 0.209229
 0.107001
 -0.735828
 0.22526
 -0.925055
 -0.656589
 1.62694
 1.09756
 -0.083223
 -0.27588
 -0.669808
 -0.225332
 0.205306
 -0.132108
 -0.115851
 -0.421553
 0.0370146
 -0.153048
 0.436523
 1.20357
 1.17146
 -0.667651
 0.481206
 -0.477072
 0.152684
 -1.15088
 -0.636644
 0.104163
 0.402983
 -0.255293
 -0.625589
 -0.0566311
 -0.742963
 0.498802
 0.296495
 0.183023
 0.647376
 1.08014
 -0.97773
 -0.582205
 -0.00703152
 1.14067
 -1.10669
 -0.39905
 -1.18632
 0.375914
 -0.442765
 0.794256
 -0.0598709
 0.57535
 -0.136683
 0.796067
 0.34983
 1.04075
 -0.943803
 -0.240825
 0.717098
 -0.359453
 -0.721463
 -0.296019
 -0.232472
 1.11984
 0.108424
 -1.19621
 0.0130907
 0.442584
 0.538074
 0.272207
 -0.188213
 -0.849719
 -0.226777
 0.0316748
 -0.146044
 0.82934
 0.148291
 -1.08434
 0.572888
 -0.520819
 -1.12456
 0.480277
 0.396296
 0.771895
 -1.63029
 0.737082
 0.39841
 0.74059
 -0.942757
 1.05203
 -0.453094
 0.0859479
 -0.672429
 -0.0856335
 1.10966
 -0.476351
 0.0666742
 -0.357642
 -0.10405
 0.328679
 -0.409827
 0.365156
 0.839219
 0.160443
 1.49972
 -0.666717
 -0.079861
 -0.154133
 0.0578784
 0.523308
 -0.900417
 -0.656722
 -0.0986291
 0.240893
 -0.777448
 -0.762068
 0.519653
 0.346979
 -0.405922
 0.728212
 -1.62908
 0.622288
 1.08359
 -0.267883
 -0.288674
 -0.0205063
 0.350382
 0.360709
 -0.432809
 0.835219
 -1.41782
 0.749698
 -0.0120525
 1.29343
 -0.157932
 0.397682
 0.198638
 -1.51011
 0.10955
 0.843515
 -0.336173
 -0.0887352
 -0.027645
 -1.21821
 0.358215
 -0.158203
 -0.779531
 -1.15877
 0.657007
 0.0167518
 -0.0326119
 0.765003
 0.670054
 -0.0903897
 0.393224
 -0.406739
 -1.06732
 -0.328896
 0.804959
 0.0403754
 -0.308023
 -0.579509
 -0.385709
 -0.654237
 0.305759
 1.54795
 1.17326
 0.202127
 0.381653
 -0.694071
 0.192747
 0.825644
 0.33163
 -0.959087
 -0.28991
 -1.06124
 0.0893415
 0.153859
 -0.189412
 1.42689
 -0.31707
 -0.366292
 0.196476
 -0.89216
 0.532134
 0.0950362
 0.0975093
 0.0657547
 -0.985005
 -0.995348
 0.507039
 0.259861
 0.912925
 0.431438
 1.22287
 -1.43889
 -0.751983
 -0.212919
 0.266802
 0.604591
 0.895856
 0.390491
 -0.721742
 -0.607802
 0.00738675
 -0.950442
 0.542742
 0.0632854
 -1.13234
 -0.539921
 0.51282
 0.644992
 1.09456
 0.918806
 -1.06274
 -0.962277
 -0.471431
 0.820259
 0.787189
 0.656271
 -0.286755
 -1.45405
 -0.118909
 0.795379
 -0.430998
 -0.311028
 -0.859256
 0.882898
 0.340342
 0.586031
 -0.984418
 0.197767
 -0.919815
 -0.158322
 0.299653
 0.372749
 0.027512
 -1.06562
 0.13463
 0.497334
 0.821079
 1.12176
 0.521322
 -0.44897
 -0.560504
 0.278174
 -0.594345
 0.0695924
 -0.347974
 -1.14935
 1.50654
 0.940563
 -0.666056
 -0.422647
 0.632646
 0.54266
 -0.521005
 -0.449647
 -0.988587
 0.608764
 -0.63993
 0.898767
 -0.563765
 0.327117
 -0.193818
 1.27396
 1.47309
 -0.0271147
 -1.46383
 0.152712
 0.442491
 -0.0139017
 -0.335259
 0.459553
 0.327008
 -0.654534
 -0.465248
 -0.00477689
 -0.210653
 -1.08267
 1.06789
 -0.272212
 0.87996
 -0.217728
 -0.0987725
 -0.199034
 1.50318
 0.241265
 -0.0167846
 -0.148633
 -0.769024
 0.214932
 0.659221
 0.473822
 -0.25129
 -1.13145
 0.403277
 -1.3065
 -0.39822
 1.56961
 -0.653098
 0.146606
 -0.307321
 0.922428
 0.027045
 -0.613172
 -0.888962
 -1.2133
 -0.848049
 0.458052
 0.482738
 0.726615
 1.40375
 -1.99309
 0.433911
 -1.77679
 1.84974
 0.570755
 -1.32385
 0.0748375
 0.222722
 -0.196416
 1.24599
 1.29301
 1.23026
 0.227615
 -0.436925
 0.816363
 -1.18062
 -0.121515
 -0.322246
 -0.629234
 -0.187506
 -0.0208456
 -0.477709
 0.723247
 -0.292156
 0.246643
 -0.746332
 -0.200947
 0.18853
 -0.213662
 0.414043
 0.105806
 -0.251212
 0.302417
 -0.324503
 0.633978
 -1.06723
 0.730071
 0.34892
 0.1547
 -1.01893
 -0.505242
 -0.103705
 1.26455
 -0.42101
 -1.72117
 -1.05306
 -0.253333
 -0.0795387
 0.897237
 0.177047
 0.289874
 0.646763
 0.368302
 0.462927
 -0.472172
 0.289016
 -0.0157638
 0.585785
 -0.275319
 -0.261551
 0.407742
 -0.483434
 0.253822
 -0.0800856
 0.34449
 -0.710872
 -0.315195
 1.02186
 -0.0614418
 0.447078
 -0.45171
 0.552013
 0.62673
 0.183307
 0.463987
 -0.56698
 -0.599161
 0.736329
 0.0121634
 -0.0751465
 -0.327175
 0.177232
 0.687622
 -0.215053
 -0.351644
 0.534227
 -0.644497
 -0.376601
 0.657689
 -0.905626
 0.24727
 -0.500687
 -1.25974
 0.142242
 1.15783
 -0.888773
 -0.61439
 -0.0364055
 -0.583312
 0.0797055
 -0.368276
 0.350266
 -0.79772
 0.633032
 0.330625
 0.256359
 1.34612
 -0.590049
 0.389675
 0.746785
 0.579769
 0.22915
 -0.680042
 0.23736
 -0.590756
 0.174054
 -0.659379
 0.0476613
 0.494423
 -0.172675
 -1.08616
 0.888488
 0.119081
 0.899711
 -0.154478
 -0.232182
 -0.323749
 -0.815904
 -1.10624
 -0.794388
 1.13019
 0.200454
 0.233434
 0.512205
 1.12082
 -0.17927
 -0.071137
 -0.21788
 0.330915
 -0.670959
 1.08249
 -0.268779
 -0.534641
 -0.23675
 0.351505
 0.778583
 -0.393089
 0.325629
 0.126085
 -1.05547
 0.278674
 -0.0359324
 -0.749225
 1.4493
 -0.116241
 -0.00193474
 0.603766
 0.0722862
 -0.633046
 0.510637
 -0.772738
 0.198043
 -0.135888
 0.472016
 0.823776
 -0.631745
 -0.887233
 -0.78523
 0.742617
 1.24634
 0.873415
 -0.237536
 -0.84397
 -1.36912
 -0.42857
 -0.466597
 -1.52724
 0.159424
 1.33416
 0.145479
 -0.662345
 -0.834529
 -1.27189
 0.748604
 0.397309
 -0.0309066
 1.44619
 0.351783
 -0.264493
 1.18456
 0.751371
 -0.11437
 -0.871398
 -0.431755
 0.681248
 -0.0089522
 0.505958
 -0.365995
 0.104093
 -0.102255
 0.44388
 0.187252
 -0.0547049
 -0.956318
 0.147475
 0.551144
 -0.331785
 -0.0898718
 0.210373
 -0.633182
 -0.523439
 0.134993
 -0.466594
 -0.0343475
 -0.112082
 -1.20923
 -0.0868186
 -0.00824729
 0.755664
 -0.303099
 1.0232
 -0.104106
 -0.105499
 1.01043
 0.398762
 1.10094
 -0.43826
 0.0057773
 -0.294419
 -0.847216
 -0.230338
 0.0730317
 0.637479
 -0.481973
 -0.00581987
 1.1221
 0.0603795
 -0.268967
 -0.0416838
 -0.160054
 -0.457496
 0.738591
 -1.09176
 -0.211043
 1.0094
 -1.00869
 -1.11101
 0.680352
 0.0246698
 0.529394
 0.729394
 -0.336107
 -0.459755
 0.0546648
 -0.110995
 0.758652
 0.876071
 -1.03099
 -1.16738
 0.701543
 -0.0179022
 0.0238557
 0.438385
 1.37389
 0.835968
 0.26209
 -0.552822
 -1.29181
 -0.886259
 -0.137456
 0.641483
 -0.48584
 0.680706
 -1.53036
 0.145285
 -0.390348
 0.673773
 0.670163
 -0.0159288
 0.550899
 0.189977
 0.0615024
 -0.0061411
 0.141956
 -1.70498
 -0.0891366
 0.31624
 0.256825
 -0.480778
 -0.0989197
 0.301997
 -0.150431
 -0.0577141
 0.750665
 -0.541569
 0.144711
 -0.298413
 -0.10988
 0.464748
 1.05396
 -0.212501
 -0.958509
 0.284411
 -0.265616
 0.366394
 1.11157
 1.45067
 -0.413431
 -0.970877
 -0.0486379
 -0.298787
 0.44706
 0.772816
 -0.587684
 0.256286
 -1.1982
 -1.24748
 0.989898
 0.171088
 0.253209
 0.917158
 -1.19365
 -0.661571
 0.12704
 0.312154
 0.395279
 -0.00229382
 0.200443
 0.226467
 -0.338054
 0.169315
 -0.260289
 -0.357607
 0.405055
 -1.92899
 -1.47034
 1.25518
 -0.018802
 1.40822
 -0.308551
 0.93721
 -0.678477
 -0.38672
 -0.688289
 0.494621
 -0.244752
 0.39389
 -0.446633
 0.30092
 0.209892
 0.750438
 -0.436519
 -0.53208
 0.591424
 -1.32249
 1.43914
 -0.685362
 0.267228
 0.439432
 -1.21717
 0.477931
 0.39884
 0.314034
 -0.382466
 0.740105
 -1.84469
 0.783624
 0.721346
 -0.159176
 0.0979896
 0.868228
 -0.472473
 -0.82923
 -0.295376
 -0.609498
 -0.228318
 0.531858
 0.126659
 1.34265
 -0.48034
 0.649638
 -0.275984
 -0.546034
 -0.209193
 0.434617
 1.26403
 0.730392
 -0.668521
 0.515484
 -0.390249
 -0.985301
 -0.405284
 1.64355
 0.159255
 -0.622511
 -0.0551031
 -0.630762
 -0.750315
 -0.476419
 -0.497509
 0.548653
 0.325045
 0.102894
 0.573225
 1.09986
 -0.443047
 -0.0454633
 -0.589765
 -0.39295
 -0.284257
 0.0892855
 -0.880667
 -0.116212
 -0.726598
 0.376469
 0.197656
 1.36547
 -0.298701
 -0.455091
 -0.229705
 0.965143
 0.417293
 -0.297716
 0.333378
 -0.00834866
 0.0752256
 -0.0309431
 -0.164287
 -0.180242
 0.841216
 -0.142262
 1.08654
 -0.559591
 0.607018
 -1.05038
 -1.62545
 -0.367427
 0.306668
 0.320661
 0.0498381
 -0.0747464
 -1.36972
 -0.0741326
 -0.540243
 0.0333213
 0.479115
 0.59839
 1.00608
 -0.619992
 0.264176
 0.148399
 1.79606
 0.519148
 -0.778534
 0.140503
 -1.26205
 0.678246
 -0.455092
 0.433007
 -0.00175667
 -0.138073
 0.315636
 -0.0959671
 0.479976
 0.35848
 0.493878
 -0.401726
 -0.797882
 -0.202989
 0.284651
 1.28457
 -0.706639
 -1.24802
 0.631704
 -0.799578
 -0.292519
 0.624565
 0.309304
 -0.400126
 0.497801
 -0.209514
 0.219257
 -0.349208
 -1.36325
 -0.0478425
 -0.439265
 0.581375
 1.3239
 -1.79527
 0.567139
 -0.137286
 1.43351
 0.637558
 -1.84735
 -0.908554
 -0.627639
 0.561776
 1.21049
 -0.455832
 0.425082
 0.289445
 -1.31889
 -0.0740071
 0.913793
 0.862885
 -0.715866
 0.250084
 0.243792
 0.147816
 -1.11539
 0.0369792
 -0.454432
 0.608093
 -0.730261
 0.814795
 0.709271
 0.641957
 0.508753
 0.00255877
 -0.537353
 -0.0906892
 0.382395
 0.716985
 -0.267859
 -0.598708
 -0.414719
 0.0357417
 0.706163
 1.0737
 -1.52748
 -0.455539
 -0.97964
 -1.25107
 0.849073
 -0.3931
 1.71867
 -0.697265
 0.602559
 -0.0798188
 0.0783887
 -0.25855
 -0.753531
 -0.156914
 1.27596
 -0.124623
 -0.313168
 0.75834
 1.21061
 0.687267
 -2.08956
 0.228811
 0.497962
 -0.647605
 -0.345465
 0.578315
 0.194257
 0.405116
 -0.175271
 -0.328902
 -0.0989729
 0.501603
 -0.0733756
 -0.334673
 -1.06127
 0.0798601
 -0.420835
 -0.127821
 0.650848
 -0.428663
 -0.566009
 -0.290677
 1.37372
 0.0220424
 0.264583
 0.589572
 0.227672
 -1.46518
 0.56127
 -1.0744
 -0.490973
 0.674266
 1.01918
 0.729144
 0.554575
 -1.54412
 -0.797294
 -0.0437978
 0.0728259
 0.321447
 -0.260539
 1.15318
 -0.692119
 0.00908282
 0.439182
 -1.22102
 0.762945
 -0.0738327
 -0.733143
 -0.934817
 0.145506
 0.198526
 1.2933
 -1.24151
 1.042
 0.303492
 -0.326072
 1.14442
 0.0173188
 -0.902199
 -0.692404
 0.920512
 -0.0972511
 -0.548701
 -0.0621553
 -0.26425
 -0.569596
 0.539495
 0.542559
 0.936306
 0.947028
 -0.790124
 -0.867519
 0.129063
 0.125784
 -0.503958
 -0.424022
 0.373075
 0.00536621
 0.253655
 0.527321
 -0.313612
 1.24408
 0.418236
 -0.272681
 0.429183
 0.48765
 -0.18524
 0.409599
 -0.264717
 -0.611184
 -1.05023
 -0.983323
 0.193071
 0.166943
 0.672886
 0.678121
 -0.133779
 -0.223283
 -0.993376
 0.298874
 -0.838469
 0.144608
 0.489576
 -0.715501
 -0.180759
 0.285213
 0.461692
 0.751704
 0.832082
 -0.21806
 0.475947
 -0.0245763
 -0.502681
 -0.935169
 -0.344903
 -0.812586
 -1.06188
 -0.188969
 0.540531
 0.744629
 -0.646166
 0.870049
 0.803156
 -0.277414
 -1.05949
 1.58226
 -0.248131
 -0.86913
 0.462278
 0.768089
 0.506695
 -0.419555
 0.724789
 -0.265857
 -0.0469673
 -1.36721
 -0.106436
 0.0442501
 0.162708
 0.479316
 -0.277447
 0.102425
 -0.404946
 1.26515
 -1.17966
 -0.60651
 1.37225
 0.4449
 0.284331
 0.0744549
 -1.00066
 0.301369
 -0.0144316
 -0.206016
 0.419145
 0.116316
 -0.17102
 -0.695607
 0.889645
 -1.22021
 0.228163
 -0.27851
 -0.373194
 0.692278
 -0.784646
 0.0765516
 0.654784
 0.0771545
 -0.597942
 1.15814
 -0.501194
 0.0964777
 -0.719064
 1.44994
 -0.294825
 0.115118
 -0.810286
 -0.227481
 -0.833868
 0.397165
 -0.266255
 1.14671
 -0.53359
 -0.528967
 0.622875
 0.680837
 -0.938038
 0.407331
 0.865551
 -0.271777
 -0.445018
 0.107713
 0.239891
 0.16365
 0.270282
 0.207067
 -0.103727
 -0.208065
 -0.755743
 0.137302
 -0.000848721
 -0.349635
 0.170694
 -1.42736
 1.2316
 0.816053
 -0.0856103
 -0.456215
 -0.708003
 -0.221572
 0.000616306
 0.743577
 0.733164
 -1.0822
 -0.525641
 -0.264804
 1.69193
 1.06582
 1.41027
 0.818933
 -0.784922
 -1.13537
 -1.21734
 -0.00653391
 -0.730551
 -1.48591
 0.276906
 0.491324
 0.403455
 0.988778
 -0.25638
 0.499768
 0.203799
 1.09047
 -1.48217
 -0.709631
 -0.338886
 -0.16317
 1.75443
 0.237432
 -0.123055
 -0.673475
 1.38575
 -0.85506
 -0.539534
 0.355401
 0.749481
 0.163534
 -0.0200393
 -0.746793
 0.237141
 0.433847
 0.196097
 0.00324607
 0.0475563
 -0.852931
 -0.40207
 0.60584
 -0.799627
 0.927905
 0.321275
 0.413586
 -1.81741
 -0.53741
 0.789865
 -0.991044
 0.551067
 0.626985
 0.0826404
 -0.253255
 1.08785
 -0.952428
 -0.360611
 -0.879078
 0.162659
 0.641232
 -0.456322
 0.670993
 -0.3825
 0.584732
 -0.217992
 -0.528735
 -0.26508
 0.405439
 -0.0650874
 -0.0949483
 0.318483
 -0.82068
 0.827497
 0.529273
 0.841251
 0.0341431
 -0.379754
 -1.02752
 -0.455907
 0.263636
 -0.300929
 0.491637
 -0.0705507
 -0.646197
 -0.926505
 -0.076042
 0.536869
 1.45586
 -0.463473
 0.845617
 0.237272
 -0.711407
 0.439085
 0.0845866
 0.603687
 -0.807423
 0.209355
 0.538802
 -0.717959
 0.0578895
 0.459217
 -0.094542
 -0.336469
 0.769685
 -0.459415
 0.477788
 0.252453
 -0.394984
 0.00781078
 0.5671
 -1.33019
 0.200138
 0.268804
 0.278974
 -0.596972
 -1.0042
 -0.695825
 -0.151079
 0.0990824
 -0.469048
 1.58737
 -0.644887
 0.615121
 1.0846
 -0.873208
 -0.473955
 -0.00163228
 -0.0921486
 1.04979
 0.0920608
 0.889998
 -1.49334
 -0.0972878
 -0.44126
 0.904662
 0.183522
 -1.36889
 -0.321688
 0.367779
 0.0581397
 -0.506027
 0.984506
 -0.813215
 0.469568
 0.187787
 0.652447
 0.543399
 0.2717
 -1.54389
 -0.512285
 -0.315738
 -0.162605
 1.21718
 0.332689
 0.825606
 -0.367063
 -0.524058
 0.346215
 -0.580403
 -0.137679
 -0.244543
 0.893695
 0.116814
 0.0936184
 -0.484273
 0.667221
 -0.072252
 0.185818
 0.769237
 -0.156118
 0.490912
 -0.459422
 0.284788
 -1.21333
 -0.696973
 0.255614
 0.194672
 0.0895465
 0.49476
 -1.08184
 -0.0445264
 -0.164846
 -0.556121
 0.303114
 -0.376003
 0.143498
 0.363691
 -0.73319
 0.00804405
 0.341858
 0.893923
 0.126832
 0.403342
 -0.282449
 -0.706496
 -0.0570066
 -1.27189
 0.604771
 -0.062039
 1.08492
 -0.36709
 -0.271966
 0.460792
 -0.939851
 0.801422
 0.409222
 0.30182
 -0.487747
 -0.392562
 0.180035
 0.161194
 -0.39626
 0.0211303
 -1.41666
 -0.152262
 0.331281
 -0.545005
 0.432823
 -0.398038
 1.34073
 0.0634603
 0.667482
 -0.00689668
 -0.388463
 -0.699869
 0.180758
 0.315635
 -0.037531
 -0.28413
 0.225541
 -0.33392
 1.16565
 -0.195661
 0.490077
 -0.010741
 0.459648
 -0.411284
 0.515226
 0.469629
 -0.921132
 0.518325
 0.170512
 0.441466
 1.03514
 -1.57266
 -0.167286
 0.890655
 -0.308291
 0.228541
 -1.48417
 -1.08507
 -0.200508
 0.526446
 0.658278
 -0.187322
 0.80891
 -0.970171
 0.749534
 0.329245
 -0.0251456
 -0.141102
 -0.266459
 -0.92381
 -0.7304
 0.122246
 -0.683319
 0.401045
 0.528281
 0.304503
 0.150566
 0.52765
 -0.609864
 -0.258665
 -0.0625761
 1.26686
 -0.47587
 -0.677485
 -0.204265
 0.96206
 -0.658943
 1.28581
 0.376108
 0.830118
 -0.376606
 -0.153324
 0.593981
 0.445898
 0.745781
 -0.147534
 -1.29086
 -0.230827
 0.0114469
 -0.0572146
 -2.01412
 -0.310431
 0.216608
 -0.18139
 0.171569
 1.38757
 0.786085
 -1.1696
 -0.760453
 -0.293693
 -0.0531473
 -0.00580519
 -0.342265
 0.0662308
 2.21698
 0.929679
 0.496967
 -0.351384
 -0.206243
 -0.249061
 -0.270857
 -0.815811
 -0.561801
 0.028769
 0.25401
 0.823364
 0.632323
 -0.00148934
 -0.7126
 -0.871712
 -0.155897
 -0.198601
 1.23192
 0.728228
 -1.20646
 -0.174942
 -0.453791
 -0.37661
 -0.185564
 0.529256
 -1.39742
 -0.216774
 0.671216
 0.227689
 -0.548676
 0.502146
 -0.168839
 -1.81507
 0.0783462
 -0.000909309
 1.04084
 0.0766447
 0.0648628
 1.05096
 1.01642
 0.19597
 -0.439878
 -0.822028
 -0.420172
 -0.332213
 -0.34759
 0.46272
 0.705335
 -0.0949783
 0.519882
 0.667994
 0.415792
 0.277615
 -1.08542
 -0.259743
 -0.266491
 0.406485
 0.21264
 -0.208745
 1.23055
 -0.579287
 0.701806
 0.261631
 -0.778304
 -0.461075
 -0.765584
 -0.925021
 -0.662487
