 0.67879
 -0.420261
 -0.0487297
 0.553412
 -0.233737
 0.18204
 0.838094
 1.11331
 0.0808041
 0.69517
 1.37278
 0.711145
 0.85914
 0.915096
 1.21667
 0.16738
 0.610433
 0.882536
 1.17278
 1.17901
 0.438901
 0.548731
 0.533928
 -0.219391
 -1.32429
 -1.82547
 -1.26342
 -1.66775
 -1.22494
 -1.64052
 -0.804429
 -1.5933
 -1.01255
 -0.747666
 -0.121175
 -0.336905
 -0.265968
 -0.84654
 -0.00992329
 -0.120165
 -0.365832
 -0.0979504
 0.309703
 1.19331
 1.42953
 -0.039112
 0.100433
 -0.0943379
 -0.780111
 -0.955777
 -0.393472
 -1.39448
 -0.626921
 0.294861
 -0.249384
 -0.800294
 -0.221787
 -1.84356
 -1.54809
 -2.7385
 -2.99789
 -3.08917
 -2.11952
 -1.73888
 -0.062625
 0.0272918
 0.515147
 0.414508
 0.428478
 -0.357474
 -0.886158
 -1.18333
 0.0373179
 -0.390447
 0.388069
 -0.215219
 -0.075727
 -0.927359
 -0.994791
 -0.317981
 -0.695059
 -0.758136
 -0.283767
 0.0416106
 1.22895
 2.08776
 2.03015
 1.72412
 1.24814
 0.27847
 0.0446251
 0.626059
 0.937224
 -0.205831
 -0.00808245
 -0.231628
 -0.118383
 0.269868
 0.65099
 0.203474
 1.13222
 0.988964
 1.11579
 0.224605
 -0.533243
 -0.0347967
 1.08499
 2.14827
 1.65702
 0.718663
 0.498337
 -0.883893
 -0.431864
 -0.70436
 -0.0612567
 -0.379361
 -0.767958
 -1.45448
 -0.997907
 -0.703931
 0.0999981
 -0.888025
 -1.04989
 -1.01926
 -0.661772
 -0.575463
 -0.282798
 -0.726554
 0.429633
 -0.0169372
 0.113219
 -0.983071
 -0.169527
 -0.64371
 -1.974
 -1.07081
 -0.63545
 -0.680434
 -0.700705
 -0.455405
 -0.916867
 -0.973386
 -0.439268
 -0.334404
 -0.93392
 -0.719196
 -0.916405
 -1.29303
 -0.938003
 -1.4777
 -0.202377
 -1.39257
 -0.106031
 -0.101204
 0.543054
 0.314595
 0.374285
 0.756862
 -0.522929
 -0.657563
 -0.172286
 -0.0833495
 -0.543804
 -1.05447
 -0.295503
 0.148973
 -0.077708
 0.0948662
 -0.446779
 0.284327
 0.702606
 0.748576
 -0.626737
 0.282799
 0.42644
 0.574851
 0.838398
 1.5413
 0.761654
 0.606464
 0.636613
 1.15475
 0.711474
 -0.440015
 0.129312
 -0.439363
 0.495995
 0.530593
 0.259437
 -0.933723
 -0.906296
 -1.51279
 -1.86715
 -1.5489
 -1.80851
 -1.824
 -1.90642
 -2.09731
 -1.52771
 -1.09485
 -0.84646
 -1.74095
 -1.45304
 -1.83211
 -1.45265
 -0.781873
 0.0233933
 -0.256691
 -0.471827
 -0.429254
 -0.269446
 -0.00396635
 0.73225
 0.434037
 0.929799
 1.50161
 0.689537
 1.57507
 1.31607
 0.142855
 0.571058
 0.378739
 0.962894
 1.08207
 1.30647
 2.43117
 3.02391
 1.22536
 1.39145
 0.350204
 0.299972
 -0.558869
 0.57758
 1.51712
 -0.223378
 -0.498518
 -0.123501
 -1.75573
 -0.565304
 0.0741588
 -0.295886
 -1.51174
 -1.15047
 -1.70684
 -1.22384
 -0.893499
 0.525745
 -0.106661
 0.178234
 -0.677046
 -0.469793
 -1.32218
 -1.17751
 -0.912028
 0.23558
 -0.797253
 -0.458034
 0.00118207
 0.119499
 0.342305
 1.27572
 0.586822
 1.0631
 0.514192
 1.09132
 0.416515
 0.758606
 0.635139
 0.67275
 -0.257123
 -1.02621
 -2.29507
 -2.29904
 -1.53124
 -1.42477
 -0.921183
 -0.301373
 -0.571165
 -0.382336
 -0.0428147
 -0.137573
 -1.26369
 -1.02193
 -0.468401
 0.45483
 0.254097
 0.510631
 1.19768
 1.41387
 1.99976
 1.92356
 2.40242
 2.05065
 1.87371
 1.4744
 1.48841
 0.285621
 0.13842
 0.326113
 0.667143
 0.748722
 1.02298
 -0.119326
 0.178989
 0.647148
 0.510387
 0.0357217
 -0.143951
 -0.0353471
 0.22751
 0.545108
 1.01402
 1.25373
 1.47247
 0.719502
 -0.137618
 -0.794344
 1.18842
 1.4202
 1.26263
 1.03514
 0.956642
 0.202439
 -1.0073
 -0.332186
 -0.498696
 -0.584842
 -0.0821491
 0.594614
 0.469369
 0.0202265
 -0.172057
 -0.522151
 -1.04298
 -0.06378
 -0.489513
 -0.7911
 -0.260023
 0.0300155
 0.279511
 0.891101
 1.45761
 1.45302
 0.946398
 0.732631
 0.0196674
 1.12052
 0.757761
 0.501951
 -0.305865
 0.256634
 0.13715
 0.115168
 0.340715
 1.23372
 0.597936
 -0.638289
 -0.646249
 -0.552883
 -0.661604
 -0.611422
 -1.19177
 -1.0471
 -0.863245
 -0.016528
 0.129268
 -1.37554
 -1.36692
 -1.26463
 -0.802372
 -0.871433
 -0.188488
 0.476253
 1.01867
 -0.915353
 -0.924977
 -0.34004
 -1.08041
 -0.263943
 0.449751
 -0.102879
 -0.884717
 -0.0285778
 -0.547916
 -0.11614
 0.177182
 0.59294
 0.0222799
 -1.20374
 -0.326032
 -0.478512
 -0.157766
 0.0117791
 1.05042
 0.175465
 0.359066
 -0.584774
 0.198129
 0.125669
 0.577035
 1.21988
 1.99264
 2.04082
 0.882451
 0.27235
 -0.115519
 0.424154
 -0.466209
 -0.566693
 0.875096
 1.49669
 1.13101
 1.07781
 1.04219
 1.69436
 0.773337
 0.1553
 0.26645
 -0.17068
 0.413196
 0.0584146
 0.178657
 1.15249
 0.68161
 1.118
 1.23732
 1.91567
 1.95794
 1.40393
 1.66572
 2.15693
 2.17698
 2.05737
 2.96793
 1.84403
 1.12751
 0.549521
 0.914831
 0.0106933
 0.0446427
 -0.643759
 -1.70688
 -2.34094
 -2.15471
 -1.77962
 -1.53867
 -1.7525
 -0.0385782
 -0.829059
 -0.442523
 -0.254265
 0.090149
 0.877965
 0.18116
 -0.141543
 0.250487
 0.152726
 0.299396
 -0.141049
 0.140899
 -0.195952
 -0.0702867
 0.844507
 0.246438
 0.0891804
 -1.34979
 -1.41554
 -2.56417
 -2.95824
 -2.14518
 -1.6091
 -1.45432
 -1.52619
 -0.431014
 -1.38245
 -1.40014
 -0.611291
 -1.00112
 -1.05925
 -0.272177
 0.441387
 0.170065
 0.118692
 0.198014
 0.538476
 0.748818
 0.13839
 0.170641
 0.0727688
 -0.389235
 -0.875274
 -0.281282
 -0.451927
 -0.352148
 -0.0201916
 0.743591
 0.442984
 0.955343
 0.909045
 0.567832
 -0.204005
 -0.281925
 -0.227506
 -0.633101
 0.371187
 0.220739
 0.0816835
 0.273308
 0.485381
 0.878357
 0.185435
 1.32652
 1.21584
 1.46431
 2.06946
 0.981849
 0.787017
 1.2376
 1.70326
 0.801298
 1.48018
 0.181988
 1.00775
 0.771804
 0.521581
 0.866323
 0.198831
 0.179916
 -0.785941
 -0.30149
 -0.525837
 -0.143762
 0.116069
 -1.21316
 -0.73498
 -0.436489
 0.407618
 -1.45723
 -0.92562
 -0.312535
 0.634701
 0.73638
 1.30795
 1.85008
 2.18899
 1.72665
 1.86318
 2.18507
 0.798039
 0.0116299
 0.438124
 1.40561
 1.14236
 0.204088
 0.148761
 0.78019
 0.727476
 -0.125178
 -0.639736
 -0.455172
 -0.0771659
 1.4527
 0.56241
 0.176467
 0.890088
 1.49748
 1.48774
 0.502635
 -0.802076
 -0.23491
 -0.270753
 -0.113005
 -0.675267
 -0.037431
 -0.207991
 0.643088
 1.97051
 1.32881
 0.0594175
 0.387651
 0.183735
 1.42595
 1.97874
 1.54902
 0.883198
 0.571342
 0.91275
 0.834467
 -0.677489
 -0.815163
 -0.579441
 -1.13999
 -0.68449
 0.294313
 0.227765
 1.05234
 1.47238
 1.13692
 0.237153
 0.972872
 0.897938
 1.7752
 0.657167
 0.653942
 0.960173
 0.120994
 0.0870398
 -0.123195
 -0.359439
 -1.48721
 -1.69435
 -0.896525
 -0.542794
 -0.568073
 -0.095856
 -0.478427
 0.148082
 0.413144
 0.641705
 0.606631
 -0.912154
 0.45609
 0.862844
 0.729038
 1.17991
 1.18067
 1.38986
 2.00408
 1.70394
 2.31953
 2.00387
 1.56316
 2.05199
 1.99608
 2.53077
 2.09424
 1.79522
 1.67646
 1.54327
 2.43564
 2.04525
 1.6543
 1.03569
 -0.54738
 -0.840122
 -1.74226
 -0.744101
 -1.56743
 -0.862346
 -1.67633
 -2.18023
 -1.83058
 -2.37526
 -1.6929
 -1.27933
 -1.28129
 -1.65044
 -0.982656
 -0.879319
 -1.94488
 -1.90012
 -0.939028
 -0.0282187
 0.812282
 0.185262
 -0.271767
 1.43311
 0.874526
 0.312571
 -0.118847
 0.16698
 -0.1264
 -0.171569
 -0.330635
 -0.184097
 0.788242
 1.23685
 -0.389824
 -0.697304
 -0.997505
 -0.503454
 -0.238607
 0.557361
 0.225685
 1.59657
 1.77586
 0.622041
 -0.213119
 0.359166
 -0.322588
 0.529863
 -0.681558
 -1.41193
 -1.10457
 -1.74534
 -1.81821
 -1.52829
 -0.545824
 -1.09182
 -1.38487
 -1.48051
 -1.26011
 -0.144401
 -0.123709
 -0.527595
 -0.460947
 -1.1913
 0.195163
 0.625872
 0.607968
 0.18667
 -0.320098
 0.34152
 -0.468265
 -0.655711
 -0.201685
 -0.732292
 -0.458395
 0.937995
 0.914586
 0.849991
 0.243651
 0.706172
 1.32178
 -0.164549
 -0.647677
 -0.604984
 -1.17939
 0.333006
 -0.502753
 -0.13127
 0.503602
 0.744509
 0.400242
 1.13888
 1.20185
 0.618576
 0.718439
 0.623632
 0.604429
 -0.651301
 -0.821967
 -0.323421
 -1.51692
 -2.01054
 -1.42877
 -1.11855
 -0.269057
 -1.13211
 -1.40577
 -0.238764
 0.184039
 -1.33261
 -1.17193
 -1.41702
 -0.571069
 -0.772649
 -1.26135
 -0.523918
 -0.631499
 -0.120943
 0.146212
 0.949194
 0.336301
 -0.256659
 -0.577907
 -0.210659
 -0.435387
 0.0714112
 1.72106
 0.432454
 1.79344
 1.81983
 0.9781
 1.2767
 1.55069
 0.435584
 0.650011
 1.3769
 1.69507
 1.49981
 1.02176
 -0.250217
 -0.0451058
 -0.00959965
 0.440022
 1.29674
 1.14716
 2.03975
 1.87941
 1.95291
 1.862
 1.24976
 0.938222
 1.13987
 0.471698
 -0.179548
 -0.3826
 0.304126
 0.545917
 0.778489
 1.29971
 0.416559
 0.274557
 -0.650625
 -0.677194
 0.540628
 0.859619
 0.5913
 0.0157933
 -0.478397
 -0.878214
 -0.611031
 -0.826955
 -0.570417
 -0.124304
 -0.0584246
 -0.636685
 -0.525269
 -0.334184
 -0.31554
 -0.00634732
 -0.197905
 -0.234609
 0.532452
 0.0199423
 0.227559
 -0.474135
 -0.254063
 -1.51995
 -1.27017
 0.13001
 0.22868
 -0.584308
 -1.25391
 -0.394252
 -0.713276
 0.781624
 -0.148425
 -0.722184
 -0.825562
 -0.661957
 0.612996
 -0.244322
 1.21587
 0.965785
 1.80997
 2.39148
 1.68995
 1.68901
 1.72199
 1.26698
 0.362039
 -0.306161
 0.365218
 1.07122
 0.738694
 1.36005
 1.48872
 1.25033
 1.60091
 2.00242
 1.373
 1.34862
 1.61682
 0.976069
 1.5219
 1.77097
 2.59583
 2.38617
 2.2802
 0.478304
 0.635861
 0.511939
 0.29195
 -1.10969
 -0.83979
 -0.8145
 -1.70692
 -1.70342
 -1.54071
 -0.735467
 -0.828215
 -1.47235
 -1.03584
 -1.29326
 -1.53565
 -0.556885
 -1.07131
 -0.867555
 -1.81511
 -2.82718
 -1.86441
 -2.60076
 -1.41743
 -1.3549
 -0.209293
 -1.09557
 -1.09937
 -1.28817
 -2.03227
 -1.45091
 -1.55384
 -0.69609
 -0.393537
 1.08204
 0.657366
 0.67559
 1.12915
 0.930687
 -0.127237
 0.259873
 0.23123
 1.15067
 1.82649
 1.75633
 2.08511
 1.20773
 1.51037
 1.71299
 1.1256
 -0.179891
 0.222837
 1.29083
 1.51925
 0.781165
 1.67878
 0.503036
 0.0427359
 0.30248
 1.16422
 0.972404
 1.03624
 1.39967
 0.855283
 0.249081
 0.211101
 0.477984
 0.235013
 0.340091
 -0.613428
 -0.840861
 -0.440891
 -0.427596
 -0.462086
 -0.775285
 -0.50356
 0.175425
 -0.055702
 -0.260682
 -0.136914
 -0.444582
 -0.488961
 -0.689932
 -0.502315
 -1.00242
 -0.309835
 -1.00844
 -0.961029
 -1.21896
 -0.0267774
 -0.304652
 0.0651417
 0.518898
 0.36451
 0.858776
 1.20215
 1.35206
 0.550762
 0.105917
 -0.530541
 -0.971117
 -1.55799
 -2.06919
 -2.69104
 -1.71366
 -0.990495
 -0.572758
 0.144194
 0.872373
 0.394876
 -0.173123
 0.297504
 0.943089
 0.922837
 0.437025
 0.363692
 0.719003
 0.322505
 0.169528
 0.413944
 0.273476
 0.682177
 0.698182
 0.639995
 0.312642
 -0.803541
 -1.15871
 -1.1106
 -1.50218
 -0.542103
 -1.23077
 -1.45544
 -1.05061
 -1.00859
 -1.2925
 -1.16018
 -1.32227
 -0.47298
 -0.271678
 -0.431865
 -1.03664
 5.28933e-05
 -0.338701
 1.00175
 0.414403
 0.202438
 -0.410524
 -1.9698
 -2.74662
 -1.06503
 -0.221246
 -1.11197
 0.320062
 0.154793
 -0.66945
 -0.0693224
 -0.612484
 -0.123954
 -0.459524
 -1.08014
 0.328247
 0.644388
 -0.294018
 -0.67439
 -1.41812
 -0.41665
 -0.0516964
 1.01387
 -0.164694
 0.120049
 -0.152872
 0.52293
 0.214552
 0.62097
 0.819637
 -0.138431
 0.157206
 0.508087
 0.298819
 -0.469637
 -1.02439
 -1.73549
 -0.566558
 -0.842394
 -1.5043
 -0.712298
 -0.135379
 -0.0329144
 0.139682
 0.877625
 1.09066
 1.35886
 1.80534
 2.12625
 0.598249
 -0.0194952
 -0.729725
 -0.565351
 -0.841657
 -1.01994
 -0.665284
 -0.908906
 -0.206814
 -0.689438
 -0.575443
 -0.682808
 -0.394641
 -1.01594
 -0.565273
 -0.969865
 -0.356293
 0.0796827
 0.350893
 0.780194
 0.73566
 -0.204915
 0.46403
 0.395134
 -0.00323384
 0.14002
 -1.20332
 0.535609
 0.722728
 -0.138836
 -1.11863
 -0.596073
 0.467216
 0.840032
 0.389583
 -0.122539
 0.0286927
 0.363974
 0.676821
 0.561394
 0.509586
 0.4665
 -0.152254
 -0.777756
 -0.447449
 -0.790005
 -1.46863
 -0.595142
 -0.885647
 -0.75479
 -1.19602
 -1.07592
 -0.196978
 -0.0915464
 0.0319072
 -0.257141
 0.122217
 0.31661
 0.428042
 0.440434
 0.129232
 0.243017
 0.731143
 0.533642
 0.36183
 0.452155
 -0.0655997
 0.223363
 0.157508
 0.590519
 0.284055
 -1.39614
 -1.25555
 -0.908925
 -2.13202
 -0.4911
 -0.71004
 -0.161337
 -0.657361
 -1.22246
 -1.12468
 -0.579193
 0.27611
 -0.531292
 -0.266138
 -0.369626
 0.623355
 1.98417
 2.77001
 2.20216
 1.18898
 0.4968
 -0.367153
 -0.549802
 -2.72151
 -2.33586
 -2.7279
 -0.926252
 -1.83063
 -1.72623
 -0.652001
 -0.870368
 -0.596842
 -0.319744
 -0.449506
 -0.474075
 -0.707638
 0.151145
 0.523252
 0.0111776
 0.581871
 1.06788
 1.08409
 0.833756
 0.628864
 0.82985
 0.139823
 -0.587448
 -1.82613
 -0.81166
 -0.965968
 -0.812477
 -0.784516
 -0.485694
 0.262849
 0.800404
 0.716073
 0.817588
 0.432083
 0.0988375
 -0.370488
 -1.78814
 -1.67836
 -1.23811
 -0.368942
 0.388606
 0.169457
 -0.318012
 -1.78681
 -1.34708
 0.15232
 -0.303977
 -0.130338
 -0.125971
 0.212879
 -0.229981
 -1.43538
 -1.28262
 -1.04286
 -0.0286315
 0.823235
 0.355422
 -0.353093
 -0.481058
 -0.380584
 -0.976328
 -1.50995
 -0.628332
 -0.167777
 -0.864739
 -0.215962
 -0.197454
 0.637884
 0.953837
 1.63416
 1.69388
 2.60731
 4.15554
 2.63476
 1.60379
 0.887446
 0.498201
 1.05815
 1.17583
 1.97433
 0.59837
 -0.404065
 -0.397557
 -0.478421
 0.361934
 0.997703
 -0.391154
 -0.49476
 -1.57954
 -0.359238
 -1.36832
 -1.21763
 -0.354225
 -0.0350804
 -0.398926
 -0.525988
 0.421827
 -1.02619
 -0.198749
 -1.35802
 -0.852846
 -0.541358
 0.0438968
 1.0979
 0.640153
 0.904257
 1.72661
 1.30478
 0.91258
 1.62186
 1.40073
 1.21708
 0.649534
 0.389599
 0.468413
 -0.770379
 -0.363043
 -1.16717
 -0.997213
 -0.57827
 -0.951666
 -1.06081
 -0.465323
 -1.10275
 -1.27838
 -0.943574
 -0.382052
 -0.579389
 0.286938
 0.624356
 1.3984
 2.42762
 2.89004
 1.99671
 1.4424
 1.10053
 1.52517
 1.23089
 0.93308
 0.769992
 0.797787
 1.09782
 1.33719
 1.90895
 2.49495
 2.4343
 3.24222
 2.35398
 0.455782
 0.34428
 0.0633319
 0.300851
 1.69509
 0.465135
 0.210005
 -7.93468e-05
 -0.537995
 0.0793629
 0.0974034
 0.259223
 0.452698
 -0.109869
 -0.869867
 0.194324
 0.045846
 -0.0792904
 -0.901123
 -1.95237
 -0.933693
 -0.338685
 0.218419
 1.46712
 0.281841
 0.811213
 0.43738
 1.33721
 0.977214
 1.43862
 1.98947
 1.637
 0.423158
 1.27344
 0.471893
 0.92442
 -0.352008
 -0.144018
 0.414228
 -0.709359
 -0.513296
 0.132563
 -0.463953
 -0.42549
 -1.26803
 -0.662279
 0.521719
 0.682143
 0.217364
 -0.642471
 -0.0516479
 1.26367
 -0.4756
 0.426523
 0.554822
 -0.0456324
 -0.667686
 -0.724381
 -0.220285
 0.393068
 0.254373
 0.737836
 0.508856
 0.861205
 1.38599
 0.516712
 0.643413
 0.42295
 -0.591542
 -0.19982
 -0.000532094
 0.769681
 0.616155
 0.233351
 0.738761
 0.960531
 1.49037
 1.79307
 2.14726
 1.77697
 1.38743
 1.29289
 0.00177107
 -0.263728
 -0.717227
 -0.0862083
 -0.224323
 -1.16169
 -1.20994
 -1.59159
 -2.14645
 -1.17916
 -0.451685
 -1.36076
 -0.803939
 -0.208493
 -0.202988
 -0.228243
 0.191305
 1.08721
 0.979948
 0.370999
 -0.599774
 -1.50763
 -1.75701
 -2.12706
 -1.17023
 -0.56807
 0.0950864
 0.449073
 0.0157887
 -0.642791
 -1.43224
 -0.780447
 -0.346879
 -0.221994
 0.250639
 -1.02334
 -0.300455
 -0.394255
 0.403104
 0.345596
 1.365
 0.231489
 -0.431402
 -0.108493
 0.0844996
 -0.466906
 -0.713415
 -0.876471
 -0.670374
 -0.913737
 -0.546304
 -0.946874
 -1.18779
 -0.208093
 0.0962388
 -0.583023
 -0.663322
 -0.117288
 0.468033
 0.717796
 0.719783
 0.510666
 0.639169
 0.677281
 0.123728
 0.722628
 -0.414949
 -1.0346
 -1.17163
 -1.01665
 -0.629719
 -0.521202
 -1.59193
 -1.01477
 -0.967626
 -1.09209
 -1.14351
 -0.565464
 0.722205
 0.890054
 1.29113
 -0.337326
 -0.509951
 -1.23207
 -1.13187
 -2.01231
 -2.78377
 -1.75223
 -0.33781
 0.000573279
 0.32576
 -0.718927
 -0.900094
 -0.596704
 -0.376799
 1.04824
 0.245116
 0.581538
 0.0212824
 0.743539
 0.270668
 1.34749
 1.47982
 1.23417
 1.20644
 1.01889
 0.568306
 0.317218
 0.3284
 0.338311
 0.423033
 -0.58226
 -0.32755
 0.19742
 0.508307
 0.368417
 1.48511
 1.71627
 1.99622
 1.46781
 0.801658
 0.0461178
 0.180147
 -0.105174
 -0.332976
 -0.546071
 -0.436826
 -0.96342
 -1.82543
 -1.81828
 -1.71547
 -1.69295
 -2.27471
 -1.67441
 -1.20001
 0.116569
 0.165909
 -0.581471
 1.12909
 0.868486
 0.838017
 -0.557182
 -0.919826
 -0.800218
 -1.16127
 -1.90693
 -1.90072
 -0.522952
 0.980105
 0.60466
 0.0802497
 0.4158
 0.380294
 0.103193
 0.194928
 -0.699078
 0.254534
 -0.0622472
 -0.908705
 0.0631471
 0.296909
 0.859836
 -0.533345
 -0.379572
 -0.852614
 -0.212825
 0.45961
 -0.457155
 -0.433098
 -0.509734
 -0.521057
 -0.392255
 0.751029
 1.2753
 0.871022
 0.613837
 0.618384
 1.06254
 1.0144
 0.0556581
 0.302286
 1.46523
 2.14861
 2.2743
 1.82132
 2.71541
 1.30294
 0.878315
 1.06152
 0.289754
 -0.177985
 -0.695974
 -1.65677
 -1.74951
 -0.712694
 0.0864582
 0.134524
 0.781651
 0.79481
 0.810715
 0.232594
 -0.272958
 0.140684
 -0.0601251
 0.255966
 0.453521
 -0.217402
 0.411125
 0.46488
 0.904679
 0.901015
 0.568535
 0.687717
 1.05285
 0.830184
 0.552447
 0.917622
 0.869369
 0.0157296
 -1.12651
 0.382841
 0.373502
 0.57759
 0.122517
 1.11595
 0.967836
 1.67249
 0.405693
 0.175409
 -0.288246
 1.32191
 0.880243
 0.641822
 1.55743
 0.235353
 1.19668
 2.65249
 2.13605
 1.31
 1.01356
 -0.395114
 -0.722215
 -0.799871
 -0.781275
 -1.11911
 -0.522893
 0.730134
 0.187413
 0.329658
 0.816755
 1.88151
 2.6835
 2.66141
 1.85356
 1.77436
 1.94211
 1.58009
 1.43883
 1.54946
 0.964867
 1.76359
 0.494729
 -0.756986
 1.33759
 1.44808
 1.49551
 2.0377
 1.70707
 1.12429
 0.12259
 -2.06356
 -2.30596
 -1.65597
 -1.57589
 -1.01533
 -1.40838
 -1.87897
 -0.661924
 -0.499739
 0.294014
 0.703322
 0.798404
 -0.0290784
 -0.389352
 -0.310896
 0.086735
 1.90212
 1.09045
 0.527217
 0.0378498
 0.0578358
 -0.508172
 -0.00450521
 0.520528
 -0.0750141
 -0.207975
 0.154641
 -0.212482
 -0.342327
 -0.588506
 -1.78582
 0.482693
 0.148578
 -1.02805
 -0.710863
 -0.180141
 0.249312
 0.465337
 -0.331411
 -0.343901
 0.878049
 0.561715
 -0.598001
 0.35014
 -0.880295
 -0.418999
 -0.296708
 0.15267
 -0.616383
 -0.644566
 0.11486
 1.03163
 0.339453
 -0.0119255
 -1.35258
 -0.2104
 -0.381203
 -0.84198
 -0.399143
 0.204215
 0.339121
 0.3041
 -0.627103
 -0.526368
 -0.515624
 -1.54836
 -1.66916
 -1.11572
 -0.827965
 0.24597
 -0.247482
 -0.933533
 -0.977163
 -0.584514
 -0.801782
 -0.0734522
 0.331253
 -0.208423
 0.399974
 -0.358248
 -0.734213
 -0.848877
 -0.52561
 -1.60004
 -1.31232
 -2.05174
 -0.829013
 -0.775152
 -0.209358
 0.395155
 1.11383
 1.60715
 0.87479
 0.0296235
 -0.0571552
 -0.150436
 0.358852
 0.284235
 0.767875
 1.40561
 0.39012
 0.561926
 0.397455
 1.25939
 1.76239
 2.21179
 2.1053
 2.6349
 3.18561
 3.34925
 3.17831
 3.16196
 2.67145
 1.72091
 0.229768
 -0.438143
 -0.753812
 -1.1302
 -1.07822
 -0.0907362
 0.230512
 0.0221081
 0.291649
 -0.182911
 -0.18956
 -0.117679
 0.54949
 0.825307
 0.04909
 0.508188
 0.232282
 0.818859
 1.51244
 0.958086
 1.08863
 1.28521
 0.757148
 0.832227
 1.69204
 0.785239
 -0.192738
 0.229181
 -0.560958
 -1.11551
 -1.48179
 -1.68691
 -0.939731
 -1.33458
 -1.27985
 -1.23673
 -1.15446
 -0.214728
 0.385131
 1.28133
 -0.191357
 -1.99348
 -0.468072
 0.309478
 1.87099
 0.679195
 0.0349123
 -0.269634
 -0.46859
 0.59724
 1.84826
 2.5267
 2.31707
 1.2596
 1.12777
 1.28956
 0.631988
 -0.299201
 -0.488716
 -0.0314298
 -0.482541
 0.0335547
 0.867016
 -0.256437
 0.972843
 -0.0343644
 -0.229652
 0.440282
 -0.752325
 -1.68368
 -0.482396
 -0.754819
 -0.942778
 0.0598566
 -0.393562
 -0.480131
 0.0570481
 0.544283
 0.827373
 0.706874
 0.119799
 1.32428
 1.32641
 0.598644
 0.195819
 0.69262
 0.679635
 1.67131
 3.07023
 3.36906
 1.94309
 2.62649
 1.63736
 0.808616
 0.777935
 0.427391
 0.493769
 1.00298
 1.1011
 0.651506
 0.211166
 -0.120098
 -0.606503
 0.289358
 0.434057
 0.732305
 -0.00226274
 -0.0930684
 1.57288
 0.981521
 0.561593
 0.0314437
 0.142607
 0.507427
 0.107555
 0.21566
 -0.305949
 -1.81486
 -0.953941
 -0.0848897
 0.25737
 -0.0398748
 -0.695143
 -1.11161
 -1.036
 -1.08378
 -1.60427
 -2.37576
 -2.8108
 -2.15097
 -1.27494
 -1.26686
 -1.46364
 -1.48275
 -0.52558
 -0.684929
 -0.522308
 0.21512
 -0.871335
 -0.727907
 -0.826839
 0.0655271
 -0.861052
 -1.06862
 0.0473709
 -0.6117
 -0.95157
 -0.676172
 -0.557266
 -0.0570458
 -0.172553
 1.28372
 0.80308
 2.0019
 1.65262
 0.318498
 1.0527
 1.09966
 0.0501387
 0.60472
 0.681523
 0.380678
 0.264048
 0.00638889
 -0.261807
 0.295395
 -0.16496
 -0.35042
 -0.48387
 -0.468733
 0.147437
 1.42813
 1.71145
 1.74169
 1.13738
 0.380629
 0.54037
 0.288426
 -0.602663
 -0.318231
 -1.35295
 -0.608594
 -0.422724
 -1.20905
 -1.1762
 -1.16115
 -1.6409
 -1.86063
 -1.29324
 -0.775339
 0.610547
 0.0956998
 0.226993
 0.513868
 0.547565
 -0.21899
 -0.0421001
 -0.903727
 -0.845954
 -1.33953
 -0.834248
 -1.04087
 -1.66825
 -0.889043
 0.0416885
 -0.578467
 -0.645257
 0.357269
 0.850117
 0.951323
 0.712557
 1.41269
 1.51496
 1.72881
 0.563077
 0.618028
 -0.0468258
 -1.02847
 -1.03316
 -0.598283
 -1.23769
 -1.45049
 -0.941771
 -1.24507
 -0.827607
 -0.0541935
 1.4537
 1.94689
 2.47429
 1.06397
 1.14334
 1.20382
 0.2028
 0.682544
 0.438079
 0.908592
 0.941652
 0.112823
 -0.579589
 0.396066
 -0.0885145
 -1.77204
 -2.07508
 -1.701
 -1.58082
 -1.13414
 -1.76712
 -0.550765
 -0.964172
 -0.603559
 -1.73837
 -0.799719
 0.883376
 0.678572
 -0.219228
 0.474399
 -0.0939765
 -0.227862
 0.351205
 1.47912
 1.38433
 1.15244
 2.48598
 1.82793
 1.41523
 0.403763
 0.368922
 -0.341891
 -0.364286
 0.414963
 -0.871498
 0.144571
 0.559643
 0.131181
 -0.346424
 -0.364852
 -1.09474
 0.337871
 0.400191
 -0.162545
 0.332119
 1.69078
 2.4268
 1.89292
 2.71153
 1.12527
 0.500622
 -1.14506
 -0.527858
 -1.58329
 -1.58317
 -1.16606
 -0.482353
 0.507482
 0.15334
 -0.226194
 -0.218815
 0.21425
 -0.552666
 -0.291685
 -0.0775436
 -0.224717
 -0.202854
 -0.366838
 0.327056
 -0.0018148
 -0.879137
 0.00701238
 0.00644186
 -0.618722
 -1.01414
 -1.85645
 -1.84265
 -1.27536
 -1.4709
 -1.21824
 -1.55659
 -1.19521
 -0.956669
 -1.20589
 0.121706
 -0.195842
 -0.909057
 -1.72883
 -1.94462
 -0.797457
 -1.39599
 -1.01411
 -0.891264
 -1.05037
 -1.06422
 -0.813884
 -0.423755
 -0.431209
 0.480045
 1.54215
 1.61414
 1.20125
 1.8443
 2.57567
 3.21873
 2.86741
 1.78921
 1.06534
 0.0885026
 -0.333135
 0.13613
 0.947803
 0.332086
 -0.467709
 -0.114272
 -0.863336
 -0.635608
 -0.768872
 -1.00468
 -0.178236
 0.687443
 0.2729
 -0.662335
 -0.403517
 -0.192563
 -0.00012065
 -0.24129
 0.128611
 -0.205726
 -0.779454
 -1.05145
 -0.841808
 -0.00569881
 0.529911
 -0.0903647
 0.868875
 0.667846
 0.154154
 0.0198183
 0.12146
 1.07315
 0.342419
 0.39737
 -0.475853
 -0.183606
 0.125228
 -0.514219
 -0.106304
 -0.666436
 -0.216726
 0.414621
 0.807977
 1.36906
 1.52426
 0.828697
 0.198856
 -0.420759
 0.318417
 0.328515
 -0.238268
 -0.826973
 -0.437378
 -0.667362
 -0.576668
 0.626654
 1.08784
 0.572184
 0.286498
 -0.803996
 -0.816546
 -0.346568
 -0.0773962
 -0.121208
 -0.164786
 -0.0986927
 0.0452609
 0.525512
 -0.209817
 -0.00992631
 -0.665272
 -1.09955
 -0.824677
 -0.623319
 0.763366
 -0.19559
 -0.232532
 0.204846
 -0.186805
 0.239442
 0.887215
 0.656773
 0.155651
 -0.00657527
 0.521565
 1.37047
 2.18985
 0.82219
 1.27177
 0.645456
 0.273698
 1.27456
 1.55364
 0.250686
 -0.0521233
 -1.25495
 -1.76413
 -1.32981
 -0.786071
 -0.921483
 -1.80032
 -0.189785
 -0.608224
 -1.12264
 -1.0564
 -1.78843
 -3.222
 -2.83372
 -2.5346
 -2.35239
 -1.26641
 -1.96469
 -0.961306
 -0.45243
 -0.807596
 0.418931
 -0.276264
 -0.342146
 -1.15743
 -2.02763
 -0.440083
 0.0427342
 -0.254749
 -0.27683
 0.424547
 1.00749
 0.516911
 0.121412
 0.244845
 0.787046
 1.82077
 2.16185
 2.29286
 1.39047
 1.65386
 0.42136
 0.26443
 -0.946422
 -1.08133
 -1.3486
 -0.355044
 -0.362924
 0.143752
 -0.072168
 0.689434
 0.0848552
 -0.962027
 -1.05346
 -0.230815
 -0.696271
 0.462128
 -0.276441
 -1.3182
 -0.256214
 0.182208
 -0.484316
 -0.681116
 0.983345
 -0.249943
 -0.779092
 -0.820547
 -0.373349
 0.550614
 0.111772
 -0.356792
 -0.283423
 -0.116914
 0.0804677
 -0.690631
 -0.362273
 -1.03581
 -0.36716
 -0.716994
 -1.77518
 -2.53427
 -2.40062
 -1.15908
 -1.39224
 -1.86641
 -2.06695
 -2.31198
 -2.06708
 -0.930607
 -0.183825
 0.101634
 0.359921
 0.294533
 -0.312723
 -0.0941927
 0.120723
 0.721166
 -0.195335
 -0.728162
 0.0187465
 -0.165358
 0.329784
 0.765591
 1.15431
 0.604206
 1.42679
 -0.242089
 -0.498751
 0.693398
 0.928315
 1.85647
 1.32168
 1.23249
 2.24118
 1.62488
 0.588143
 1.67716
 1.05568
 0.671601
 -0.0695185
 0.736105
 0.287118
 0.378771
 -0.113485
 -0.657889
 -0.720468
 -0.0973551
 0.455777
 0.643896
 -0.12615
 -0.620105
 -0.552676
 -1.14779
 -1.30389
 -0.147705
 0.304984
 0.846262
 0.910552
 0.996912
 0.388336
 0.581008
 0.618112
 -0.0641804
 -0.0953153
 0.653534
 -0.288527
 -0.167458
 -0.00886207
 -0.643407
 -1.95091
 -0.983815
 -1.85954
 -1.16136
 -0.378927
 -0.561223
 0.527645
 0.333856
 -0.543921
 -1.09998
 -1.34819
 -0.489657
 -1.43701
 -1.24123
 -0.823611
 -0.656662
 0.419913
 -0.210238
 -0.682143
 0.683474
 -0.334923
 -0.78038
 -0.092047
 -0.0615787
 0.824651
 0.541868
 1.93552
 2.30954
 2.36993
 1.26265
 1.88221
 1.64571
 1.34923
 1.73844
 1.74883
 1.1409
 0.882658
 0.452773
 1.14016
 1.41633
 1.74376
 1.79126
 1.47538
 1.17196
 1.46283
 1.64867
 1.53558
 1.09218
 0.346708
 0.653305
 0.692801
 0.964722
 0.00836404
 -0.719803
 -0.772196
 -0.37619
 -0.664124
 0.690203
 0.765609
 -0.294697
 -0.779702
 -0.801991
 -1.39006
 -1.51406
 -1.71971
 -0.921003
 -1.03596
 -0.417832
 -0.0686791
 -0.749281
 -0.816351
 0.0166127
 0.389241
 0.270456
 0.432192
 0.723812
 1.0019
 1.75234
 1.35701
 0.728289
 0.0875262
 0.158288
 -0.206535
 -1.04739
 -0.974758
 -0.579978
 -0.508703
 -0.811504
 -1.40624
 -2.2957
 -1.20324
 -2.01032
 -1.24739
 -0.980608
 0.255337
 -0.196152
 -1.09984
 -1.32137
 -2.3342
 -1.23934
 -1.07364
 -0.0791615
 0.361224
 0.373205
 -0.0632435
 1.31734
 0.31209
 -0.0957604
 -0.659683
 0.400672
 0.79951
 0.631517
 -0.556241
 -0.436703
 0.111232
 0.671223
 0.398652
 0.0177636
 -0.614915
 -0.716839
 -0.760408
 -0.356754
 -1.21958
 -0.809032
 -0.516381
 -0.35041
 -0.471925
 -1.01515
 -0.363664
 -0.52265
 0.123431
 -0.955573
 -0.315217
 -0.416028
 -0.353685
 1.08082
 -0.134555
 -0.38246
 -0.291628
 -0.571185
 0.35507
 -0.136459
 0.175202
 0.797829
 0.126685
 1.55244
 1.90259
 1.89698
 0.950466
 0.697036
 -0.451894
 -1.0411
 -1.3279
 -0.50829
 -0.343507
 -0.280319
 -0.409166
 -0.389029
 -0.459583
 -0.0805967
 -0.30138
 0.231327
 0.707137
 0.958465
 0.281523
 0.183715
 1.69604
 1.17835
 2.30769
 2.43171
 1.37529
 1.13053
 2.16453
 1.46063
 -0.0194104
 -0.77468
 -0.0797388
 0.34328
 -0.286547
 0.21273
 0.114848
 -1.11736
 -0.505007
 -0.588411
 -1.05155
 -0.539694
 -0.494676
 -0.318638
 0.485142
 0.217329
 -0.802809
 -0.281252
 -0.993465
 -0.487824
 -0.6417
 -0.508362
 -1.11599
 -1.04829
 -0.72368
 -0.466352
 -1.18969
 -1.64776
 -1.38242
 -1.58944
 -1.10546
 -1.51844
 -1.86781
 -1.98282
 -1.78502
 -1.25663
 -1.20322
 -0.768235
 -0.473459
 0.0450366
 -0.327981
 0.0210419
 -0.0447815
 0.833345
 0.668039
 0.327318
 -0.484779
 -0.659361
 0.333984
 -0.561904
 -0.365184
 -0.0125431
 -0.114666
 -0.0748941
 0.341369
 1.11394
 0.966074
 1.23472
 -0.46437
 -0.225855
 0.608023
 -0.0603595
 0.34312
 0.917513
 -0.0482453
 0.67175
 0.194114
 0.758667
 1.35565
 0.822126
 1.31732
 0.735847
 1.93559
 2.46507
 2.30033
 1.26654
 1.46313
 1.22804
 0.91748
 1.06842
 1.63382
 1.66083
 1.00101
 1.25436
 0.740464
 0.877815
 0.0947644
 -0.0101623
 -0.231176
 -0.413663
 0.139324
 1.91069
 1.14161
 0.912918
 1.15159
 0.265054
 -0.161955
 -1.18422
 -0.56067
 0.38821
 -0.809024
 -0.42353
 0.54225
 0.737695
 0.696588
 0.612229
 0.5794
 -1.23703
 -0.94544
 -1.05053
 -0.873307
 -1.87731
 -1.52827
 -1.19826
 0.0399166
 -0.925823
 0.142118
 -0.288576
 -0.881849
 -1.61726
 -1.85396
 -1.19048
 -1.57121
 -0.66293
 -0.120449
 0.707422
 0.553554
 0.559224
 -0.170541
 -0.378662
 -1.54398
 -1.91698
 -2.20917
 -1.56386
 -1.12805
 -1.36929
 -0.863685
 -0.540176
 -0.597355
 -1.36492
 -1.30207
 -0.281108
 -1.13464
 -1.07041
 -0.988735
 -0.524461
 -0.0805328
 1.19683
 0.368625
 0.99533
 0.517049
 -0.262558
 -0.215598
 0.0750265
 0.838951
 -0.68641
 0.251378
 -0.42021
 0.0628093
 0.0419264
 -1.36792
 -0.307852
 -0.674347
 -1.09272
 -0.748556
 -1.60469
 -1.21005
 -1.77083
 -1.85746
 -1.84741
 -2.45046
 -1.51501
 -0.608019
 -0.445106
 0.51349
 0.509816
 0.0581886
 1.65664
 1.91741
 1.44462
 1.92792
 1.87205
 1.83442
 1.6257
 1.39425
 0.591322
 0.440333
 -0.225192
 -0.172921
 0.68625
 -0.858922
 -0.889652
 -0.598712
 -0.805322
 -0.71752
 -0.407098
 -1.28539
 -0.534674
 -0.608812
 -1.37402
 -2.42983
 -1.90341
 -0.561069
 -1.45948
 0.229198
 0.372165
 -0.174335
 -0.239793
 0.264492
 0.452142
 0.137388
 -0.0576061
 0.775235
 0.461551
 0.0553157
 0.67115
 0.591732
 2.17738
 2.27376
 1.01939
 1.52518
 1.8011
 1.4991
 1.44355
 1.43173
 0.909792
 0.0515941
 0.377964
 0.952331
 1.58625
 1.00241
 0.20952
 -0.111244
 -0.0289284
 0.833244
 0.0270438
 -0.364719
 -0.410517
 -0.638461
 0.333659
 -0.118876
 -0.957046
 -0.426933
 0.502001
 1.2157
 1.11182
 1.11288
 0.294224
 0.47062
 1.34063
 0.5942
 0.114651
 0.0169594
 0.529623
 0.030195
 0.115783
 -0.0551889
 -0.0510056
 -0.888975
 -1.3622
 -2.09176
 -0.91684
 -1.29801
 -0.292188
 -2.21213
 -2.65746
 -1.40711
 -1.58816
 -1.6224
 -1.36139
 -0.674119
 0.700329
 1.01438
 0.929709
 0.95135
 1.57101
 0.952811
 0.7708
 0.43424
 0.12766
 -0.725293
 -0.0211836
 -0.0341712
 -0.171841
 0.0750723
 0.24887
 0.815526
 0.295439
 0.240992
 0.860264
 1.01545
 1.2188
 1.08463
 1.37503
 1.11383
 0.387796
 0.0174077
 0.362939
 -0.934989
 0.0454871
 -0.448799
 -0.939998
 -0.360709
 0.685335
 -0.845606
 -1.32348
 -0.780048
 -0.771596
 -0.535355
 -1.40516
 -0.637948
 -1.23194
 -0.644218
 0.259002
 0.345258
 0.740032
 0.291921
 -0.602232
 0.67579
 -0.0034079
 -0.55077
 -1.06527
 -0.70083
 -0.145717
 -0.0776606
 -1.06724
 -0.334584
 -0.746298
 0.980885
 1.26495
 1.16078
 1.00066
 0.0840839
 0.278097
 0.151892
 0.573451
 0.392386
 0.594754
 1.66216
 1.48001
 1.78184
 0.659486
 0.0468442
 -0.63402
 -1.31778
 -1.14101
 -0.320009
 -1.03549
 -0.804561
 0.106372
 0.232786
 0.0570009
 -0.307307
 -1.09823
 -0.94346
 -1.20335
 -0.522941
 -0.713799
 -1.38921
 -0.936341
 -1.08533
 -0.480266
 -0.634015
 -0.0417764
 -0.289941
 -0.55871
 0.626004
 0.138608
 -0.0351904
 -0.189074
 -0.43664
 -0.110361
 -1.23224
 -2.04643
 -1.89558
 -1.16558
 -0.763223
 0.509123
 -0.891627
 -1.21904
 -0.86651
 -0.26931
 0.204918
 0.430028
 0.862954
 0.557842
 0.445585
 -0.0035493
 -1.29791
 -1.23441
 -0.500669
 -0.0705713
 -0.828574
 0.511405
 -0.586778
 -0.229654
 -0.686638
 -1.07682
 -1.68041
 -1.2483
 -1.06098
 -0.136279
 -0.463376
 0.165681
 -0.684905
 0.396523
 -1.12462
 -0.776238
 -0.50151
 -0.0643615
 -0.398228
 -0.427648
 -0.178566
 0.072602
 -0.8738
 -1.92409
 -1.77372
 -1.12635
 -0.107965
 -1.10348
 -0.801391
 -0.992471
 -0.668336
 -0.277036
 -0.188208
 -0.417815
 -0.165164
 -0.31928
 -0.601109
 -1.27607
 -0.802737
 0.615951
 0.678813
 2.46418
 2.37035
 1.74395
 2.27422
 1.98304
 1.52132
 1.5709
 0.902101
 -0.118703
 -0.255762
 1.36739
 1.58521
 0.858439
 0.81885
 -0.443635
 1.2095
 0.237479
 1.58339
 1.03971
 1.14021
 0.771844
 -0.10513
 -0.775277
 -0.0254225
 0.537924
 0.323326
 -0.341407
 -0.283027
 0.0720455
 0.406659
 0.616386
 0.356847
 0.400001
 0.381505
 0.950933
 0.371118
 0.265823
 0.848
 0.169526
 0.172882
 0.0147328
 0.575851
 -0.219661
 0.158939
 1.14161
 1.26058
 1.15233
 0.292724
 -0.369966
 -1.04612
 -1.45175
 -0.880277
 -0.671559
 -1.38082
 -1.94827
 -1.23713
 -0.209156
 0.598306
 -0.110616
 0.208695
 -1.30909
 -2.0721
 -1.49086
 -0.774092
 -0.929581
 0.0714321
 0.417567
 1.02713
 0.69758
 -0.448831
 -0.69391
 0.30486
 0.730386
 0.869163
 0.268242
 1.69042
 2.17323
 2.04228
 1.80783
 1.21878
 1.23526
 2.12013
 0.514018
 -0.0675474
 1.16482
 0.861169
 0.180233
 1.78339
 1.4276
 1.40886
 1.56617
 2.00916
 0.735045
 0.425242
 -0.378657
 -0.438176
 -0.298967
 -0.329609
 -0.0393961
 -0.842204
 -0.865889
 -1.08079
 -0.318095
 -0.523945
 -0.542848
 1.53467
 1.88699
 1.24574
 1.73608
 1.40081
 0.862531
 1.62855
 1.8811
 1.7521
 1.68114
 2.1034
 1.63156
 1.10735
 1.06904
 0.684665
 -0.175083
 0.58896
 0.329497
 -0.106814
 0.0673149
 0.68876
 -0.5798
 0.0636351
 -0.155385
 0.831864
 -0.432364
 -0.450043
 -0.970099
 -0.881176
 -0.661992
 -0.785951
 -0.0304665
 -1.37317
 -1.42272
 -1.07086
 -1.18799
 -1.23828
 -0.917514
 -0.906916
 -1.06901
 -1.18319
 -0.576699
 -0.401871
 0.813655
 1.20038
 0.818658
 0.516417
 0.383425
 -0.502516
 0.0554596
 0.425581
 0.653023
 1.40001
 1.29936
 0.567279
 0.72314
 0.347007
 0.511342
 -0.391094
 -0.935812
 -0.648284
 -0.286241
 0.70207
 0.797813
 1.35671
 0.441916
 0.514159
 0.137063
 -0.0894956
 -0.0727201
 0.816168
 0.30757
 0.0716376
 0.801187
 1.65331
 1.01835
 1.28226
 1.30006
 0.887619
 1.36272
 0.276914
 0.0121293
 0.0760694
 -0.109207
 0.679365
 1.17988
 0.384315
 1.11361
 0.861338
 0.568359
 1.03431
 1.00011
 0.885068
 1.33085
 0.0468087
 -0.895037
 -0.574824
 -0.178215
 -0.258043
 0.383104
 0.237358
 0.815623
 0.974262
 0.184075
 0.498339
 -0.0530686
 -1.12133
 -0.0206854
 0.301922
 0.354008
 0.559189
 0.714072
 0.302409
 1.5053
 -0.777925
 -0.202772
 -0.427218
 -0.920523
 -0.51671
 0.737512
 0.00816007
 -0.956086
 0.776956
 0.812238
 0.815268
 -0.974987
 -0.602794
 -0.868614
 -0.171469
 0.837713
 0.819249
 0.88368
 0.774938
 1.00687
 0.950297
 0.358944
 -0.675787
 -0.21665
 -0.458434
 -0.386717
 -0.957664
 -1.10577
 -0.598183
 0.043076
 0.313516
 0.352829
 -0.0212388
 0.359022
 2.00367
 0.777562
 0.958609
 -0.0659049
 0.000228205
 0.564423
 0.922351
 0.738199
 0.973551
 0.782313
 0.357858
 0.25341
 0.686957
 1.68438
 1.67711
 2.2003
 2.16623
 3.44048
 2.5235
 2.65851
 1.57792
 1.80228
 2.22037
 1.86962
 2.99241
 1.77171
 0.824656
 1.20159
 0.804795
 0.609677
 0.756573
 0.194837
 0.553193
 0.108375
 0.617638
 -0.0853062
 -0.447605
 -0.0329713
 -1.11139
 -0.802856
 -1.22644
 -1.4426
 -1.18827
 -0.809552
 -0.73625
 0.204465
 0.0215636
 0.020627
 0.784361
 0.4869
 0.970795
 1.57764
 0.819289
 1.40289
 0.289632
 0.952598
 0.5499
 0.373
 0.0450736
 0.30084
 -0.173391
 0.0909181
 -0.0524562
 0.501299
 1.23802
 0.323468
 0.78083
 1.27091
 0.860645
 0.58773
 0.581293
 0.503031
 1.38904
 1.37284
 1.05384
 0.691892
 -0.0173853
 0.676469
 -0.231861
 -0.526057
 0.650564
 0.0672073
 -1.01984
 -1.59325
 -0.723379
 -0.464109
 -0.363744
 -0.0289119
 -0.910569
 -0.398126
 -1.26854
 -0.574817
 -1.33389
 -1.40293
 -1.70727
 -0.147941
 1.11025
 0.499723
 -0.442028
 -0.899669
 0.248358
 0.0223452
 0.433015
 0.925184
 0.497141
 -0.539827
 -1.20449
 -1.35013
 -0.566524
 -1.02958
 -1.09359
 -0.929425
 -1.31268
 -1.71677
 -2.09176
 -2.24798
 -1.82586
 -0.866099
 -0.565869
 -0.434262
 -0.500064
 -1.28336
 -1.75495
 -1.62317
 -1.31574
 -1.6863
 -1.43541
 -1.50913
 -0.792233
 -1.01598
 -0.363888
 -0.654708
 0.259777
 0.404731
 -0.338366
 -0.601583
 -0.300248
 0.38778
 1.27881
 0.817149
 0.649536
 0.354846
 -0.270117
 -0.171401
 -0.238959
 -0.160335
 -0.912645
 -0.727119
 -0.797522
 0.268337
 0.925474
 0.662102
 -0.347592
 -0.0417879
 -0.407139
 -0.382424
 -0.154099
 0.109628
 -0.214878
 0.300116
 0.631772
 1.35299
 1.06905
 1.16765
 0.979902
 0.414174
 0.402736
 0.430821
 -0.522615
 -0.234835
 0.244113
 0.261917
 0.432809
 -0.409918
 -1.25388
 -0.9067
 -2.41838
 -1.69753
 -1.36345
 -1.38468
 -1.22877
 -0.753381
 -1.31503
 -0.898501
 -0.530506
 -0.0772415
 -0.328389
 -0.406571
 -0.824544
 -1.17408
 0.0235811
 -0.260724
 -1.42885
 -1.74846
 -1.3764
 -2.51528
 -1.04502
 -0.250651
 -0.18655
 -0.597668
 -0.711817
 -0.446146
 0.500666
 0.108112
 0.927949
 2.30937
 2.74066
 1.57683
 0.944371
 1.26941
 1.24389
 0.854351
 1.30338
 0.942637
 1.01136
 1.81728
 1.36042
 1.79862
 1.06768
 0.465347
 -0.0269084
 -0.29132
 0.840282
 0.538284
 -0.540053
 -1.22204
 -0.861309
 -0.977101
 -1.21188
 -0.41013
 -0.348531
 0.139554
 0.13249
 0.156116
 0.8895
 -0.281089
 0.0509194
 -0.278794
 1.02368
 0.984122
 0.45805
 0.339308
 -0.0527883
 -0.844606
 -0.0887512
 -0.42953
 -0.422976
 -0.0987843
 0.404143
 0.458154
 -0.859411
 -0.674218
 -0.482232
 -0.372376
 -0.375105
 0.590218
 0.129217
 -0.881377
 -0.542106
 -0.920315
 -0.353768
 -0.489551
 -0.691888
 -0.77337
 -0.820959
 -2.39411
 -1.94696
 -1.86942
 -0.955797
 -1.26363
 -0.561701
 -0.727622
 -0.451057
 0.129351
 0.977165
 0.174215
 -0.492989
 -0.97559
 -0.963507
 0.0958826
 0.293269
 0.42913
 -0.402923
 0.0129346
 0.498984
 0.332083
 -0.567523
 -0.267379
 -0.286782
 -0.546381
 -0.145539
 -1.54014
 -1.76939
 -2.62471
 -1.00675
 -0.708745
 0.215525
 0.743118
 0.341718
 1.33831
 0.996655
 0.628809
 -0.557318
 -0.43729
 1.10149
 1.35875
 1.19023
 1.76387
 0.592349
 -0.321356
 -0.591576
 -0.526858
 0.150503
 0.539996
 0.76944
 1.24131
 0.780437
 0.0139722
 -0.180962
 -0.276664
 -0.318652
 -0.53013
 -0.32281
 -1.17661
 -0.974291
 0.154275
 0.427097
 0.332254
 -0.299294
 -0.0951511
 -0.756592
 -1.58649
 0.116363
 1.06902
 0.981097
 0.429765
 -0.0266199
 0.0619537
 0.127828
 0.00786744
 -0.267783
 -0.59996
 -0.492587
 -0.734709
 -0.388424
 1.09564
 2.06526
 1.29417
 1.82224
 1.38799
 1.41512
 0.394994
 -0.117668
 0.145701
 0.312394
 -0.0153213
 -0.555236
 -0.642567
 -1.2965
 -0.688075
 -0.476376
 -0.40178
 0.143477
 1.212
 0.36068
 -0.295504
 -0.0518532
 0.8912
 -0.264821
 -0.525855
 -1.73602
 -1.35873
 -1.90428
 -1.04518
 -1.15902
 -0.575091
 -0.695358
 -0.0302323
 0.332587
 1.25977
 0.559825
 0.290776
 1.00705
 0.616974
 -0.0845346
 -0.229474
 -0.436641
 0.55381
 0.702633
 -0.413717
 -0.667437
 0.0446554
 0.503406
 0.73147
 0.66631
 -0.361729
 -0.357957
 -0.609214
 -0.628485
 0.253035
 0.362722
 -0.778031
 -0.10399
 -0.632762
 -1.89933
 -1.4076
 -0.785479
 -0.243012
 -1.82425
 -1.15711
 -0.55781
 0.152495
 -0.902129
 0.214454
 -0.234825
 -0.358806
 -0.852
 -1.0329
 0.226358
 -0.348596
 -0.298493
 -0.563771
 -0.507943
 -0.316551
 -0.733576
 -0.490807
 0.30378
 0.459054
 1.93997
 1.27388
 1.2825
 1.09466
 1.0968
 1.83772
 0.893962
 0.198764
 -0.0193656
 0.252828
 -0.267014
 -1.1863
 -0.568166
 -0.216206
 -0.986908
 -0.154791
 -1.59941
 -1.10434
 -0.0433379
 -0.162991
 -0.448832
 -0.366495
 -0.131523
 0.140059
 -0.360879
 0.494999
 -0.870273
 -0.0496941
 0.0376443
 1.06844
 1.0137
 1.33991
 1.47398
 0.0737393
 0.410717
 1.16972
 0.708394
 0.689042
 0.698045
 -0.552354
 -0.248286
 -0.28042
 -1.10894
 -1.90352
 -1.47844
 -1.58336
 -1.68903
 -0.752106
 -0.28273
 -0.49194
 -0.0436641
 -0.38792
 -1.23452
 -1.67956
 -0.804443
 -0.900051
 -1.23042
 -1.70495
 -2.26004
 -2.69537
 -2.30449
 -0.786597
 0.0641569
 0.332836
 0.604587
 -0.0889953
 0.306157
 0.901042
 1.39709
 0.496564
 0.15764
 -1.0083
 -0.655206
 -0.419099
 -0.873021
 0.481256
 0.423006
 -0.049787
 0.122294
 -0.625509
 -0.143011
 0.0804515
 0.176507
 0.0232729
 -1.01704
 -1.89678
 -1.23491
 -1.01857
 -0.234094
 0.210912
 1.1983
 -0.204834
 -0.905911
 -0.974753
 -0.762581
 -0.148502
 0.687386
 1.00919
 0.201673
 -0.190614
 -0.140082
 -0.928777
 -0.569583
 -0.424615
 -1.56593
 -2.13001
 -1.77184
 -0.966569
 0.0110693
 0.863668
 -0.200466
 -1.00365
 -1.41157
 -0.540726
 0.153758
 0.662696
 0.326581
 -1.06464
 -1.0501
 -0.148274
 -0.659497
 -1.04731
 -1.85997
 -0.944218
 -0.62096
 -0.0186085
 -1.1073
 -0.907697
 -1.67211
 -1.94202
 -1.53152
 -1.29838
 -1.30151
 -2.2337
 -2.20481
 -1.55301
 -1.04893
 -0.00547635
 0.504437
 0.186227
 -0.276608
 0.072319
 -0.584023
 -0.502339
 -0.827017
 -1.97119
 -0.456558
 0.474246
 -0.326825
 -0.580872
 0.0828325
 0.608986
 -0.0696806
 -0.508083
 -1.33697
 -0.853174
 -1.32335
 -0.473515
 -1.15599
 -0.738391
 -0.918904
 0.319969
 1.7847
 1.62267
 0.211464
 0.409494
 0.994619
 0.790488
 0.363728
 1.10667
 1.32029
 0.646715
 0.149798
 0.228013
 -0.010601
 -1.0468
 0.119186
 -0.265057
 0.625321
 0.430536
 0.134753
 0.0176466
 1.37616
 1.62418
 1.70752
 1.54181
 0.651469
 1.1314
 1.79414
 2.30048
 1.93052
 0.830365
 1.19467
 -0.13862
 -0.475682
 1.11121
 0.451967
 0.351394
 0.317785
 1.13881
 1.17271
 0.508157
 -0.351548
 -1.36662
 -2.10174
 -1.71185
 -1.30117
 -0.636146
 0.380589
 -1.21999
 -0.883008
 -2.4485
 -0.682811
 -0.132555
 -1.81607
 -1.54252
 -1.12307
 -1.30641
 -0.159979
 1.00395
 2.16728
 2.41953
 1.851
 2.83569
 1.63725
 1.53924
 1.53223
 0.567299
 0.600673
 0.595944
 0.091896
 0.772015
 0.488389
 0.552721
 0.166383
 -0.281952
 0.125667
 -0.294843
 0.13359
 0.20694
 0.0406571
 0.247422
 0.0144465
 0.469312
 -0.632524
 0.483029
 0.653702
 0.678259
 -0.131377
 -0.874037
 -0.669403
 0.671863
 0.00832821
 -1.73425
 -2.69072
 -2.79632
 -2.7797
 -2.13765
 -2.11664
 -1.69122
 -1.27543
 -0.755102
 -0.181309
 -0.685944
 -0.491773
 -0.501038
 -0.0170036
 -0.321878
 -0.461074
 -0.0584206
 -0.415745
 -0.325007
 -0.332288
 -0.0230523
 -0.795768
 -0.823852
 -0.00177004
 -0.176191
 0.132247
 -0.0668515
 0.506465
 0.891362
 1.25555
 1.74207
 1.03186
 0.761205
 1.55143
 1.22467
 1.20534
 0.878078
 1.30462
 1.88349
 1.54905
 1.3232
 1.84571
 1.0614
 0.787023
 1.35884
 0.391752
 0.700096
 0.272423
 -1.08559
 -0.905854
 0.334725
 -0.515134
 -1.38954
 -1.23333
 -1.73892
 -1.55085
 -2.01483
 -1.74618
 -2.40841
 -1.93242
 -1.64893
 -1.41645
 -0.12724
 -0.75283
 -0.270725
 0.51206
 1.09901
 1.19896
 0.672833
 0.779501
 0.344462
 0.509984
 -0.236621
 -0.0835841
 0.451512
 0.165236
 -0.856235
 0.00141585
 0.140495
 1.13267
 0.865971
 0.586344
 0.189739
 -0.436874
 -1.51923
 -2.06826
 -0.995999
 -1.11813
 -0.765855
 -0.404004
 0.715969
 0.567143
 0.480833
 0.408603
 0.54736
 0.0800883
 0.920128
 0.821963
 0.050436
 -0.0703123
 0.591025
 1.05031
 0.900563
 1.06354
 1.13415
 0.214139
 0.508623
 0.486098
 -0.246719
 1.10267
 0.954081
 0.937655
 1.34615
 1.66581
 1.1517
 1.53345
 0.667647
 0.919639
 0.819313
 1.06017
 2.04963
 1.29855
 0.523178
 -0.064217
 0.451069
 1.87505
 2.45207
 2.23716
 1.55013
 0.24303
 -0.0772463
 -0.415441
 -2.07251
 -1.83417
 -0.68763
 -0.387823
 -1.22139
 -2.02565
 -3.1991
 -2.3407
 -2.09024
 -2.16652
 -0.904113
 -0.802058
 -0.816857
 0.435819
 1.02672
 1.12103
 0.116147
 -0.241908
 0.587385
 0.455033
 1.03238
 0.624792
 0.691701
 0.72704
 1.25618
 1.23367
 1.34978
 0.135325
 0.51492
 0.985726
 0.69347
 0.589338
 0.807986
 0.0526947
 -0.359551
 -0.205547
 -0.694886
 -0.731574
 -0.868521
 -2.02358
 -2.01334
 -1.91946
 -1.23332
 -1.77942
 -0.882921
 -0.752288
 -0.874208
 -0.00202771
 0.312424
 1.50613
 1.20558
 0.967189
 0.84242
 -0.0902963
 -0.25903
 -0.00383815
 0.646724
 -0.135481
 0.127145
 1.25855
 1.27801
 0.883752
 1.03121
 0.798928
 0.273734
 1.06198
 0.0662772
 -0.298233
 0.704042
 -0.465404
 -1.44656
 -0.567331
 -0.672733
 -0.239235
 0.496745
 0.269633
 -0.40482
 -0.206811
 -0.112304
 0.697651
 1.24568
 0.199539
 -0.787423
 0.00938819
 0.11079
 -0.107679
 0.333537
 1.49206
 2.39635
 2.49722
 2.08492
 0.719078
 0.110733
 0.167378
 0.826426
 0.0557929
 0.851121
 -0.751139
 -0.542165
 -1.00585
 -0.324905
 0.312663
 0.201466
 0.834885
 1.00947
 1.12113
 1.01739
 1.11701
 -0.548802
 -0.594276
 -0.057486
 0.0296414
 -0.249659
 -0.47789
 -0.199192
 -0.401051
 -0.563742
 0.244479
 -0.24968
 -0.190012
 -0.471315
 -0.457979
 0.114795
 0.960747
 0.692206
 -0.243481
 0.177846
 -0.128197
 0.228987
 1.22778
 2.77144
 2.2331
 1.1752
 1.32544
 1.07791
 1.58898
 2.11296
 1.77762
 1.81429
 0.82731
 -0.51432
 0.491724
 0.684221
 0.76858
 1.69302
 0.447164
 -0.205243
 -0.000141434
 0.596901
 0.609133
 0.687993
 0.931246
 1.36999
 0.836508
 1.21315
 0.833857
 0.403329
 0.9087
 -1.05989
 -2.46913
 -0.954582
 -1.13442
 0.224
 -0.149408
 0.742025
 -0.148508
 -0.376916
 -1.17657
 -0.431357
 -0.900758
 -0.327092
 -0.911037
 -0.583654
 -0.194997
 0.466909
 0.0358922
 -0.475885
 0.0242881
 -1.36882
 0.169019
 -0.564519
 -0.285188
 0.231293
 -0.9705
 -0.645252
 -0.0891052
 0.0836649
 -0.287868
 0.475515
 -1.38725
 -0.648713
 0.271984
 -0.0579222
 0.124338
 1.09634
 0.487854
 -0.283473
 -0.644299
 -1.17601
 -1.34355
 -0.726662
 -0.85302
 0.411384
 0.0834225
 0.590942
 0.318848
 -0.183609
 -0.244422
 0.150481
 1.33935
 2.12915
 1.51235
 1.7707
 1.54078
 0.640321
 0.211697
 2.03437
 1.90056
 1.1492
 1.37743
 0.646829
 0.0433046
 -0.524477
 -1.04785
 -0.583389
 -0.22449
 -0.0723343
 0.568946
 1.58078
 1.01859
 0.964358
 0.570852
 0.223523
 -0.238201
 -0.0956845
 -0.850731
 -0.839858
 -1.61051
 -1.49992
 -1.13158
 -0.00886221
 -0.293667
 -0.712839
 -0.793878
 0.215631
 0.682113
 0.196918
 0.421375
 0.557839
 0.637613
 0.574623
 0.438733
 0.366768
 1.0903
 0.990484
 1.9709
 1.2978
 1.85779
 1.1086
 -0.440573
 -0.805361
 -0.481807
 -0.169557
 -0.314327
 -0.297443
 -1.58556
 -1.70303
 -2.00369
 -2.29673
 -1.72114
 -1.28908
 -0.231648
 -0.82236
 -0.570531
 -0.348916
 1.34349
 1.67232
 0.900188
 1.21392
 0.0823644
 0.814504
 0.191766
 0.733626
 0.722911
 0.507364
 0.951473
 0.803952
 1.12221
 1.62315
 2.04385
 1.4571
 0.711609
 0.678899
 1.01136
 2.1973
 1.41674
 0.20702
 1.02002
 0.272003
 -0.244615
 0.433527
 0.768325
 0.488823
 0.810738
 0.52632
 0.87696
 0.643209
 -0.719891
 -0.902393
 -1.20638
 -0.647688
 0.446534
 -1.29204
 -0.678185
 -0.575447
 0.650972
 1.32707
 -0.764324
 -1.41801
 -1.90863
 -1.23697
 -0.315828
 -0.887606
 -0.255272
 -0.041783
 -1.46071
 -1.30408
 -0.381265
 0.325986
 -0.474276
 -0.148096
 0.0342014
 0.311927
 -0.817938
 -0.911905
 -1.27741
 -0.819664
 -1.56664
 -0.456651
 0.206709
 0.707832
 1.03896
 1.24349
 0.748527
 0.70072
 0.917686
 1.59221
 1.34382
 0.882756
 0.282944
 0.411871
 1.32875
 2.1021
 0.579535
 0.167316
 -0.453264
 -1.96616
 -0.850466
 -1.33541
 0.0619384
 -0.681508
 0.102089
 -0.099451
 0.0650628
 -0.108408
 -0.739399
 -1.10159
 0.296411
 0.177454
 -0.463019
 0.457791
 1.71396
 2.49181
 0.354921
 0.67342
 1.17818
 0.631858
 0.194499
 0.916722
 0.860872
 1.23374
 0.968715
 0.62223
 0.697306
 1.09414
 1.12079
 0.843861
 -0.150438
 -0.154768
 -0.603964
 -0.578298
 0.0914483
 -0.442389
 -1.133
 -1.20977
 0.0559119
 -0.10365
 0.233299
 0.715027
 1.00418
 -0.42076
 0.238999
 -0.880801
 -1.28478
 -0.492494
 0.302497
 1.00607
 1.21409
 -0.1482
 -0.58845
 -0.59723
 -0.629349
 -0.398774
 -0.656803
 0.421157
 -0.26907
 -0.220824
 0.250554
 -0.906749
 -0.303021
 -0.333867
 -0.890737
 -1.77106
 -1.7791
 -1.24514
 -0.251831
 -1.48348
 -0.658001
 -0.177549
 -0.60892
 0.430661
 0.605162
 -0.357551
 -1.05802
 0.0144941
 -0.0542211
 -0.706456
 -0.524884
 -0.95736
 -1.60638
 -0.979065
 -0.449115
 0.385232
 1.28938
 0.474105
 -0.334018
 -0.37857
 0.193414
 -0.484389
 -0.945591
 -0.372584
 -0.621578
 -0.341112
 0.278194
 -0.0270685
 1.1064
 1.46876
 1.18856
 1.50371
 1.98252
 1.92024
 2.2339
 2.06554
 1.63743
 0.452046
 -0.416797
 -0.207147
 0.0259362
 0.394681
 1.22695
 0.959106
 0.914055
 -0.119709
 0.140102
 -0.638958
 -0.47418
 0.0526179
 -0.708074
 -0.841119
 -0.518742
 -0.222384
 0.576296
 1.34926
 1.02954
 1.46684
 1.69174
 1.11952
 0.457709
 0.140121
 -0.753433
 -1.86646
 -2.07185
 -1.5643
 -0.894868
 -1.58179
 -0.649107
 -0.0434113
 -0.304805
 -1.25213
 0.371554
 0.125712
 -0.896741
 -0.380074
 0.546223
 0.906887
 0.479288
 1.16798
 1.0722
 0.957818
 -0.416211
 -0.530661
 -0.446123
 -0.216663
 0.233839
 -0.054875
 -0.00961793
 -0.434753
 0.765804
 -0.211635
 -0.81141
 0.411467
 0.900988
 1.12736
 0.947714
 0.30913
 0.603205
 0.654124
 0.388275
 0.787322
 1.01728
 0.749313
 -0.0467575
 0.794475
 -0.228031
 -0.169341
 -0.541067
 -0.691875
 -0.0429923
 -0.901491
 -0.810866
 -0.100056
 -0.104536
 -0.709507
 0.625143
 0.0197042
 0.0412223
 -0.390778
 0.785863
 0.650064
 0.609239
 -0.378297
 -0.391429
 -1.24302
 -0.641073
 -1.03773
 0.0268097
 -0.462546
 -1.04134
 -0.345951
 0.178842
 -0.585806
 -0.261714
 0.622754
 0.371135
 -0.230657
 -0.0983507
 0.48861
 0.455957
 0.737103
 0.828413
 0.762496
 0.587704
 -0.202813
 0.0036381
 0.0439774
 -0.308407
 -0.0355865
 -1.55364
 -0.203551
 0.419712
 0.310039
 -0.376565
 -0.798395
 -1.03001
 -1.02797
 -0.341077
 0.467141
 -0.778383
 -1.14249
 -1.47112
 0.600674
 1.16102
 2.63409
 3.31971
 2.45124
 1.45774
 0.601201
 0.572018
 -0.416416
 -1.61278
 -1.36679
 -1.00417
 -0.657566
 0.148755
 -0.116506
 0.589949
 0.709984
 1.69961
 0.371258
 -0.422071
 -0.600508
 -0.569019
 0.949385
 1.10225
 0.77276
 0.40321
 1.68951
 0.772399
 0.450187
 0.924875
 1.53318
 1.6204
 1.56621
 0.809909
 1.15626
 1.58948
 1.74765
 1.80718
 1.91613
 1.05122
 0.597998
 1.27309
 0.451486
 1.18418
 1.70781
 1.94761
 0.329405
 -0.437433
 0.41495
 -0.455187
 0.0337703
 0.683516
 0.579368
 0.503687
 1.54152
 0.560712
 0.199097
 -0.615255
 -0.425295
 0.17602
 -0.302873
 0.551746
 0.0851616
 0.504373
 0.363621
 0.00586676
 -0.215888
 -0.0123172
 -0.289272
 -0.188766
 -0.0422129
 -0.644169
 -0.0197224
 0.620816
 1.51898
 1.29556
 1.21936
 -0.0589231
 -0.241661
 -0.0237958
 -0.440034
 0.241046
 0.0985623
 -0.44195
 -1.3482
 -1.35662
 -0.889585
 0.567623
 -0.0977234
 0.65839
 0.845244
 0.183777
 0.744581
 0.863491
 1.43835
 0.623518
 0.916244
 1.31246
 0.464543
 0.836889
 1.24441
 1.10575
 0.865788
 1.56926
 0.948607
 1.41693
 1.63098
 1.51095
 1.66839
 1.89329
 0.641272
 0.954941
 1.2062
 1.33417
 0.703094
 -0.340359
 -0.865926
 -1.10033
 -0.894812
 -1.27543
 0.126411
 -0.745054
 -0.0711291
 1.18403
 0.247798
 -0.224499
 0.0398638
 -0.246964
 0.854797
 0.792352
 1.74072
 0.235345
 0.125711
 -0.134055
 0.620744
 0.852363
 -0.567025
 -0.727079
 -0.396795
 -0.211066
 -0.944881
 0.0530334
 -0.805221
 -0.434243
 -0.254077
 0.484633
 0.984747
 1.30354
 -0.234853
 -0.597758
 -0.850534
 -1.00394
 0.13041
 0.275629
 0.978779
 0.695303
 0.30672
 0.743753
 0.0770985
 -0.018648
 -0.103752
 0.579333
 0.64383
 0.943308
 0.273737
 1.14429
 1.00695
 1.14611
 1.88891
 1.75786
 2.27356
 1.81641
 1.93226
 0.86435
 0.282876
 0.511926
 0.749404
 0.692159
 1.13817
 -0.109497
 0.0879885
 -0.216468
 -0.63282
 -0.491117
 -0.859878
 -0.746587
 -0.230003
 -0.980858
 -0.841656
 -0.628149
 0.320617
 0.391275
 0.812644
 0.456185
 -0.268714
 -0.320712
 -1.38248
 -0.893672
 -0.863635
 0.184349
 -0.339149
 -0.35437
 -0.229155
 -1.02089
 -0.268645
 0.271009
 0.459328
 0.107743
 -0.353403
 -0.135358
 -0.266477
 -0.276453
 -0.176834
 -1.65361
 -1.82272
 -1.58705
 -2.38973
 -1.62792
 -2.19289
 -0.623622
 -1.0178
 -0.187377
 -0.365396
 -0.504286
 -1.22822
 -1.04265
 -0.789918
 -0.725996
 -0.882843
 -0.701954
 -1.09189
 0.123994
 -0.138275
 0.363016
 0.250697
 0.678151
 0.453954
 0.807353
 1.44486
 0.399781
 0.98322
 1.02572
 1.42069
 2.57424
 1.04838
 0.916641
 1.93581
 1.39952
 1.61692
 0.251014
 -0.786976
 -0.910701
 -0.349639
 0.148747
 -0.141234
 0.59036
 -0.119017
 0.403831
 0.818656
 0.746194
 0.537985
 0.266057
 -0.364059
 -1.1689
 -1.01413
 -1.64565
 -1.34106
 -0.829335
 -0.510793
 -0.524113
 0.0352534
 -0.35529
 -0.863116
 -0.654506
 0.436298
 -0.0647224
 -1.02006
 -0.886611
 -0.054446
 -0.614304
 0.701458
 0.961746
 1.71043
 1.35373
 1.27073
 1.77861
 2.29718
 3.04562
 2.65181
 1.55088
 1.36886
 1.56597
 1.37325
 -0.499294
 -0.853608
 -0.556027
 -0.783484
 -0.722722
 0.688586
 1.27933
 0.0673612
 -0.403951
 -0.851229
 -0.892118
 -0.928835
 -1.15589
 -0.787463
 1.20289
 1.9057
 2.36978
 2.10888
 1.90361
 1.70077
 1.53831
 0.588797
 0.183705
 0.241111
 0.503912
 1.32259
 1.72688
 1.80182
 1.08409
 0.347566
 0.187882
 0.0635542
 1.32102
 1.75059
 0.511103
 0.392745
 -0.0203752
 -0.402261
 -0.396533
 -0.14772
 -1.30187
 -1.7358
 -0.905172
 -0.533994
 -1.25553
 -0.801132
 -0.781122
 -2.69581
 -2.69785
 -2.67703
 -1.52057
 -1.32102
 -1.55182
 -0.639508
 0.442839
 0.548702
 0.156474
 -0.494372
 -0.940527
 -1.16572
 -1.51486
 -1.13943
 -0.43091
 -0.508548
 -0.0389764
 0.731408
 0.906855
 1.36063
 0.274596
 -0.0396814
 -0.115015
 0.0440353
 0.499008
 0.160004
 1.51652
 0.750027
 1.48703
 1.77235
 0.915837
 0.702733
 -0.244406
 -1.00985
 -1.77129
