 0.747765
 -0.940905
 0.314116
 0.335803
 -0.558368
 0.48206
 0.483289
 0.903764
 -0.353652
 0.600687
 0.938032
 -0.00464671
 0.504872
 0.409726
 0.736208
 -0.364946
 0.494496
 0.537342
 0.709839
 0.534899
 -0.0339706
 0.0863873
 0.430847
 -0.546445
 -1.16453
 -1.11142
 -0.420474
 -1.25912
 -0.204957
 -1.27845
 0.119692
 -1.32846
 -0.200757
 -0.300791
 0.214473
 -0.269791
 -0.21758
 -0.448629
 0.165361
 -0.144203
 -0.101929
 0.0200789
 0.157076
 1.1243
 0.795177
 -0.50418
 0.156633
 -0.367596
 -0.647232
 -0.597398
 0.0405199
 -0.998544
 0.00587722
 0.415648
 -0.490426
 -0.544815
 0.17889
 -1.65681
 -0.545716
 -1.96641
 -1.5368
 -1.74772
 -0.562429
 -0.641839
 0.563401
 0.174735
 0.613346
 0.272218
 0.305452
 -0.51396
 -0.82234
 -0.657206
 0.478891
 -0.416877
 0.539977
 -0.441106
 0.178632
 -0.795707
 -0.644184
 0.00512228
 -0.505432
 -0.364589
 0.0414235
 0.0492561
 1.16662
 1.43556
 1.05495
 0.590991
 0.534667
 -0.332285
 -0.115072
 0.479281
 0.702597
 -0.574281
 0.0648849
 -0.336849
 0.126441
 0.495871
 0.560964
 -0.184875
 0.918453
 0.353894
 0.618743
 -0.338473
 -0.579482
 0.102109
 0.957975
 1.54548
 0.846005
 0.0162382
 0.221549
 -1.18445
 -0.0916383
 -0.613621
 0.33352
 -0.435644
 -0.326878
 -1.04018
 -0.434995
 -0.162966
 0.442973
 -0.813601
 -0.706528
 -0.449917
 -0.125429
 -0.310074
 -0.0469489
 -0.4772
 0.76636
 -0.389543
 0.325616
 -1.11404
 0.415882
 -0.789699
 -1.47949
 -0.0528273
 -0.16517
 -0.35837
 -0.33496
 -7.99436e-05
 -0.79187
 -0.317368
 -0.129887
 -0.0952904
 -0.80294
 -0.153392
 -0.559488
 -0.867737
 -0.273753
 -0.975992
 0.469414
 -1.19232
 0.564267
 -0.248936
 0.544006
 0.222668
 0.303109
 0.499313
 -0.98015
 -0.316859
 0.0514271
 -0.0488928
 -0.293684
 -0.827372
 0.238435
 0.186991
 -0.068943
 0.0721199
 -0.414166
 0.363641
 0.649506
 0.401384
 -0.993567
 0.546851
 0.186503
 0.476024
 0.522095
 1.0468
 0.147476
 0.212311
 0.267772
 0.862478
 0.114982
 -0.766824
 0.398517
 -0.471504
 0.647408
 0.354458
 -0.114916
 -1.03864
 -0.323271
 -1.07682
 -1.22422
 -0.646305
 -1.06895
 -0.754775
 -0.987173
 -1.26115
 -0.427391
 -0.204172
 -0.486649
 -1.15636
 -0.613404
 -1.31002
 -0.361233
 -0.23478
 0.395625
 -0.174835
 -0.365681
 -0.284125
 -0.0342692
 0.138512
 0.591174
 0.191078
 0.815398
 1.02169
 -0.00475345
 1.11037
 0.621581
 -0.398866
 0.427977
 0.0370071
 0.704548
 0.520259
 0.679591
 1.64574
 1.82545
 -0.128783
 0.719383
 -0.360186
 0.124659
 -0.711259
 0.951772
 1.18757
 -1.09938
 -0.370969
 -0.164022
 -1.39212
 0.337604
 0.221626
 -0.148998
 -1.35051
 -0.43147
 -1.17655
 -0.278912
 -0.386307
 0.895055
 -0.327295
 0.426362
 -0.897015
 -0.208482
 -0.979959
 -0.667905
 -0.404681
 0.698786
 -0.931021
 -0.209969
 0.449847
 -0.168085
 0.425185
 1.03806
 0.0164342
 0.747789
 -0.0838482
 1.01918
 -0.231353
 0.376881
 0.391677
 0.443296
 -0.582375
 -0.893128
 -1.69743
 -1.05182
 -0.519599
 -0.715189
 -0.336001
 0.273143
 -0.462763
 -0.154117
 0.247494
 -0.0777321
 -1.08386
 -0.391853
 -0.191444
 0.803305
 -0.014441
 0.395106
 1.03131
 0.67634
 1.1897
 0.906495
 1.418
 0.937321
 0.918728
 0.457897
 1.05279
 -0.429415
 -0.159031
 -0.00800785
 0.562827
 0.463762
 0.702009
 -0.611028
 0.200743
 0.468307
 0.25713
 -0.233831
 -0.155257
 0.039226
 0.365594
 0.294169
 0.688652
 0.75986
 0.995764
 -0.0389266
 -0.504211
 -0.674125
 1.36953
 0.863902
 0.642195
 0.564367
 0.291477
 -0.08564
 -1.10782
 0.00575843
 -0.20262
 -0.261733
 0.169933
 0.61989
 0.205283
 -0.0437349
 -0.150744
 -0.517407
 -0.714661
 0.175125
 -0.410627
 -0.536799
 0.0374308
 0.0995771
 0.299269
 0.828781
 0.801567
 0.589239
 0.406742
 0.08378
 -0.359828
 1.26364
 0.236862
 0.158017
 -0.540208
 0.397575
 0.015674
 0.127272
 0.139488
 1.1032
 0.0563032
 -0.912155
 -0.230723
 -0.385695
 -0.39495
 -0.158374
 -0.814178
 -0.603591
 -0.270043
 0.211654
 0.0445985
 -1.31686
 -0.559146
 -0.825209
 -0.0212094
 -0.516146
 0.306106
 0.352858
 0.742418
 -1.3105
 -0.374709
 0.0620942
 -1.14297
 0.263461
 0.534011
 -0.19338
 -0.899165
 0.34276
 -0.527405
 0.146965
 0.290896
 0.401259
 -0.277272
 -1.10175
 0.159217
 -0.278383
 0.106304
 0.089622
 1.04871
 -0.295097
 0.371659
 -0.919201
 0.365117
 0.0742194
 0.421729
 0.864448
 1.35739
 1.04401
 -0.218481
 -0.0482613
 -0.255651
 0.474109
 -0.59143
 -0.332214
 1.26968
 0.977056
 0.367483
 0.501016
 0.619257
 1.0782
 -0.136841
 -0.131325
 0.237395
 -0.320699
 0.404311
 -0.110045
 0.243626
 1.01556
 0.179444
 0.826051
 0.573278
 1.15517
 0.972292
 0.464294
 0.976609
 1.47209
 1.12461
 0.949551
 1.98152
 0.369152
 0.215246
 0.0496265
 0.487043
 -0.4617
 0.113962
 -0.692594
 -1.09811
 -1.59696
 -1.06951
 -0.811246
 -0.58992
 -1.06805
 0.956562
 -0.879209
 0.047562
 -0.109124
 0.302528
 0.721703
 -0.0189156
 -0.240202
 0.224098
 0.153535
 0.181035
 -0.320751
 0.19348
 -0.318868
 0.00150989
 0.880099
 0.00780101
 -0.0212025
 -1.42203
 -0.635495
 -1.82411
 -1.60302
 -0.682155
 -0.724824
 -0.691327
 -0.729644
 0.327416
 -0.913347
 -0.71613
 -0.118835
 -0.695571
 -0.377383
 0.0679742
 0.751891
 -0.155421
 0.217104
 0.151086
 0.412091
 0.441465
 -0.131915
 0.130292
 0.0416458
 -0.592276
 -0.370284
 -0.0446226
 -0.316741
 -0.161644
 0.1024
 0.843689
 -0.182518
 0.866047
 0.262505
 0.253921
 -0.440548
 -0.140679
 -0.143761
 -0.496311
 0.601305
 0.0207445
 0.136938
 0.224259
 0.322163
 0.546306
 -0.0550532
 1.03459
 0.600292
 0.667613
 1.38841
 0.232439
 0.345386
 0.529921
 1.28872
 -0.165202
 1.22448
 -0.641533
 0.857758
 0.348564
 0.123835
 0.512763
 -0.193519
 0.0629536
 -0.76953
 -0.0779732
 -0.424314
 0.149625
 0.323889
 -1.32064
 -0.0360187
 -0.171204
 0.557626
 -1.48991
 -0.229726
 0.0913123
 0.75032
 0.428267
 0.993641
 1.29276
 1.08894
 0.815124
 0.942031
 1.16064
 -0.193101
 -0.372372
 0.370925
 1.09647
 0.653471
 -0.405649
 -0.112028
 0.885034
 0.0374404
 -0.150388
 -0.62362
 -0.307247
 0.0576474
 1.59248
 -0.119871
 0.120495
 0.61902
 1.13295
 0.638466
 -0.197282
 -0.893897
 0.027923
 -0.274419
 0.005062
 -0.612248
 0.204777
 -0.10771
 0.583588
 1.52202
 0.466078
 -0.524578
 0.326048
 0.0923001
 1.31309
 1.03377
 0.733106
 0.053183
 0.315631
 0.526105
 0.331487
 -0.933705
 -0.501852
 -0.256044
 -0.859681
 -0.132723
 0.361038
 0.281698
 0.898012
 1.02208
 0.333291
 -0.170548
 0.6419
 0.352025
 1.21316
 0.0644756
 0.120156
 0.550542
 -0.276069
 -0.10419
 -0.15839
 -0.305222
 -1.18435
 -1.00781
 -0.00944156
 -0.277311
 -0.111117
 0.135524
 -0.305383
 0.324588
 0.443282
 0.338049
 0.178073
 -0.978036
 0.904903
 0.41012
 0.361427
 0.770611
 0.60306
 0.942227
 1.33278
 0.56524
 1.44823
 0.862221
 0.707227
 1.14463
 0.945071
 1.70269
 0.751299
 0.920025
 0.594066
 0.755059
 1.50042
 0.922677
 0.833503
 0.114997
 -0.785791
 -0.727206
 -1.33957
 0.0446943
 -1.20153
 -0.22434
 -1.24787
 -1.07426
 -0.794917
 -1.38004
 -0.498977
 -0.397373
 -0.645807
 -1.05115
 -0.172901
 -0.45947
 -1.40882
 -0.798345
 -0.0274355
 0.278112
 0.870965
 -0.168686
 -0.326173
 1.697
 0.178211
 -0.130767
 -0.343944
 0.175498
 -0.230956
 0.204115
 -0.424339
 -0.0176356
 0.906127
 0.658143
 -0.851098
 -0.388489
 -0.638348
 -0.203447
 0.115473
 0.639294
 0.144417
 1.45625
 0.987157
 -0.200213
 -0.413304
 0.391535
 -0.564243
 0.721228
 -0.92324
 -0.988038
 -0.64723
 -0.923138
 -0.931607
 -0.729974
 0.20821
 -0.847955
 -0.779789
 -0.728025
 -0.408031
 0.257326
 -0.0474316
 -0.292629
 -0.236803
 -0.923055
 0.648898
 0.532287
 0.29336
 0.100579
 -0.476976
 0.413416
 -0.477309
 -0.340042
 -0.00687392
 -0.599588
 -0.0666814
 1.00428
 0.564071
 0.391841
 0.0430292
 0.338968
 0.988862
 -0.88618
 -0.205419
 -0.511037
 -0.785454
 0.715274
 -0.651247
 0.109523
 0.552569
 0.600275
 -0.0917899
 1.00128
 0.539058
 0.0494412
 0.644489
 0.147899
 0.184672
 -0.731855
 -0.737156
 -0.0104564
 -1.26707
 -1.15158
 -0.533269
 -0.426133
 0.258416
 -0.972878
 -0.661218
 0.233134
 0.283375
 -1.30416
 -0.460002
 -0.903125
 0.0315733
 -0.355438
 -0.852065
 -0.0302647
 -0.392513
 0.227232
 0.189252
 0.774988
 0.0451447
 -0.392948
 -0.550188
 0.182786
 -0.396057
 0.183286
 1.49634
 -0.213487
 1.48314
 0.999246
 0.14911
 0.817902
 0.879944
 -0.198792
 0.609944
 0.825702
 0.913456
 0.939944
 0.349354
 -0.67689
 -0.104744
 0.0599848
 0.354892
 0.994421
 0.653629
 1.57484
 0.928188
 0.986955
 0.968797
 0.240633
 0.237515
 0.644694
 0.00202809
 -0.466309
 -0.295651
 0.548615
 0.270284
 0.719541
 0.972388
 -0.140867
 -0.026094
 -0.558737
 -0.56624
 0.771646
 0.553972
 0.190622
 -0.052397
 -0.593896
 -0.512521
 -0.225776
 -0.501623
 -0.234282
 0.180955
 0.0298775
 -0.471537
 -0.403861
 0.0442822
 -0.20438
 0.206516
 -0.235259
 -0.180038
 0.745559
 -0.433433
 0.273186
 -0.382677
 -0.0250343
 -1.24765
 -0.6608
 0.766523
 0.247557
 -0.683352
 -0.919492
 0.0993985
 -0.486843
 1.03762
 -0.466042
 -0.647494
 -0.307268
 -0.364985
 0.934813
 -0.533813
 1.31169
 0.235738
 1.37825
 1.42449
 0.629806
 0.837679
 0.883409
 0.393347
 0.0169504
 -0.612596
 0.537547
 0.703875
 0.321176
 1.19293
 0.677383
 0.416825
 1.0759
 1.24072
 0.513904
 0.724551
 0.715519
 0.135965
 1.01392
 1.11662
 1.71467
 0.991139
 1.31887
 -0.858671
 0.414833
 0.211217
 0.140489
 -1.28094
 -0.0806629
 -0.560158
 -1.14369
 -0.906176
 -0.76595
 0.121065
 -0.493746
 -1.10265
 -0.259579
 -0.761301
 -0.883724
 0.115068
 -0.758155
 -0.167989
 -1.34286
 -1.9147
 -0.508972
 -1.64482
 -0.317604
 -0.586495
 0.47126
 -0.992013
 -0.515981
 -0.85671
 -1.16182
 -0.500748
 -0.857167
 0.151958
 -0.0559375
 1.18774
 0.0852516
 0.650081
 0.642728
 0.484069
 -0.339403
 0.0814123
 0.184466
 0.938728
 1.20076
 0.878493
 1.02913
 0.236309
 0.953309
 0.797381
 0.425453
 -0.666379
 0.299691
 0.919818
 0.876698
 0.0937617
 1.33936
 -0.334471
 -0.245561
 -0.0126757
 1.2885
 0.264373
 0.694056
 0.876338
 0.173491
 -0.171677
 0.226104
 0.26938
 -0.0211935
 0.157251
 -0.71481
 -0.462198
 -0.156827
 -0.15866
 -0.161256
 -0.60792
 -0.0911297
 0.365676
 -0.0307327
 -0.302189
 -0.032591
 -0.236383
 -0.378737
 -0.190803
 -0.313047
 -0.681043
 0.025595
 -0.523962
 -0.697346
 -0.608038
 0.526122
 -0.357814
 0.281089
 0.511453
 0.00183892
 0.727594
 0.75423
 0.837909
 -0.164216
 -0.131721
 -0.549286
 -0.879171
 -0.981714
 -1.25189
 -1.72353
 -0.564347
 -0.166827
 -0.170492
 0.534123
 0.771841
 -0.0709373
 -0.255108
 0.335142
 0.906767
 0.486864
 -0.0509917
 0.000558873
 0.625268
 -0.0475809
 0.22416
 0.190985
 0.0568491
 0.41198
 0.399174
 0.319815
 -0.163226
 -0.732737
 -0.864297
 -0.759771
 -0.81769
 0.108855
 -1.01115
 -0.587001
 -0.330406
 -0.438904
 -0.717212
 -0.662784
 -0.754751
 0.273756
 -0.057972
 -0.333767
 -0.772898
 0.380825
 -0.102149
 1.12018
 -0.0561927
 0.0114515
 -0.511465
 -1.68271
 -1.70362
 0.00739724
 0.250573
 -1.06722
 1.11991
 -0.0508084
 -0.551815
 0.35017
 -0.692437
 0.108017
 -0.420368
 -0.689648
 0.668408
 0.516272
 -0.351519
 -0.473189
 -1.02701
 0.19299
 0.232469
 0.93822
 -0.526166
 0.328843
 -0.36342
 0.672799
 -0.0825183
 0.386588
 0.561646
 -0.511855
 0.0971465
 0.457453
 -0.0186014
 -0.481959
 -0.724544
 -1.22986
 0.178696
 -0.522632
 -0.953182
 0.167803
 -0.0826222
 0.0566328
 -0.0221499
 0.867967
 0.536202
 0.894145
 1.09325
 1.2472
 -0.435445
 -0.154852
 -0.879142
 -0.171435
 -0.547592
 -0.663865
 -0.279991
 -0.708947
 0.388556
 -0.539245
 -0.256884
 -0.432897
 -0.032152
 -0.741437
 -0.0571234
 -0.82952
 0.0353628
 0.349377
 0.184245
 0.785123
 0.288867
 -0.446026
 0.564126
 0.197755
 -0.292219
 0.16791
 -1.20659
 1.1768
 0.416874
 -0.484542
 -0.894109
 -0.0537252
 0.67451
 0.679157
 -0.137742
 -0.123769
 0.0941365
 0.184011
 0.564206
 -0.0053857
 0.493989
 0.18817
 -0.457859
 -0.528693
 -0.147336
 -0.552367
 -1.16465
 0.0749427
 -0.56834
 -0.386799
 -0.925588
 -0.419458
 0.309839
 -0.0878445
 0.197534
 -0.278122
 0.210755
 0.325008
 0.107263
 0.379497
 -0.317483
 0.36125
 0.318264
 0.257817
 0.20372
 0.197194
 -0.0398333
 0.204245
 0.0635838
 0.424679
 0.0158708
 -1.3922
 -0.589411
 -0.530156
 -1.58732
 0.484496
 -0.497336
 0.06911
 -0.577286
 -0.819273
 -0.507104
 -0.142867
 0.669554
 -0.80828
 0.0828339
 -0.21336
 0.705712
 1.48959
 1.89067
 0.928252
 0.15783
 -0.107908
 -0.748162
 -0.266066
 -2.46539
 -1.02291
 -1.62223
 0.293289
 -1.38557
 -0.673562
 0.0682762
 -0.279549
 -0.0867897
 -0.0190939
 -0.419346
 -0.226917
 -0.398901
 0.581434
 0.33051
 -0.0349308
 0.383686
 0.76858
 0.641872
 0.180788
 0.337403
 0.370316
 -0.177184
 -0.52804
 -1.58617
 -0.00715258
 -0.733244
 -0.130197
 -0.36149
 -0.188441
 0.47738
 0.722508
 0.321586
 0.363771
 0.198571
 -0.236105
 -0.181334
 -1.51556
 -0.749229
 -0.377003
 0.156918
 0.672475
 -0.0013723
 -0.450796
 -1.44011
 -0.613586
 0.47649
 -0.100216
 -0.0675847
 -0.144945
 0.253577
 -0.140148
 -1.41061
 -0.739615
 -0.43556
 0.347448
 0.988208
 0.183638
 -0.418934
 -0.478561
 -0.100723
 -0.827805
 -0.861032
 0.0451928
 0.0846604
 -0.634436
 0.196867
 -0.381896
 0.949885
 0.515068
 1.27682
 0.724839
 1.84395
 2.72703
 0.796939
 0.443828
 -0.0434506
 -0.053316
 0.724988
 0.476517
 1.58958
 -0.358829
 -0.623137
 -0.412015
 -0.276423
 0.46014
 0.876164
 -0.883123
 -0.321809
 -1.23737
 0.294188
 -1.25522
 -0.308232
 0.0386157
 0.130904
 -0.172875
 -0.36345
 0.633502
 -1.24652
 0.279295
 -1.23525
 0.0063947
 -0.313457
 0.221719
 0.898361
 0.0938257
 0.668159
 1.24099
 0.334894
 0.449431
 1.13257
 0.477241
 0.647716
 0.0303925
 0.0484774
 0.109929
 -0.978862
 0.121755
 -0.976824
 -0.673135
 -0.0175517
 -0.812734
 -0.462533
 0.149192
 -0.996804
 -0.73714
 -0.457561
 -0.00450252
 -0.343037
 0.435647
 0.388821
 1.14177
 1.61735
 1.87486
 0.576895
 0.595264
 0.312635
 0.932967
 0.519081
 0.447813
 0.171818
 0.590177
 0.770344
 0.568046
 1.27111
 1.41938
 1.27744
 1.79045
 0.765633
 -0.379617
 -0.00581451
 -0.182659
 0.24893
 1.50304
 -0.295721
 0.0514623
 0.0388101
 -0.590877
 0.23088
 -0.0330886
 0.196127
 0.340707
 -0.240257
 -0.740571
 0.431961
 -0.148541
 -0.00932487
 -0.764968
 -1.4379
 -0.091994
 0.025448
 0.444769
 1.23977
 -0.240329
 0.64219
 -0.00233286
 1.10936
 0.111179
 0.971078
 1.15937
 0.687347
 -0.430834
 1.03739
 -0.141129
 0.702125
 -0.984926
 0.217451
 0.263102
 -0.906308
 -0.0870268
 0.326531
 -0.439699
 -0.18662
 -0.941633
 -0.0959569
 0.703369
 0.509159
 0.0785419
 -0.933542
 0.262977
 1.15882
 -0.857424
 0.727304
 0.132033
 -0.206977
 -0.55337
 -0.499558
 0.144998
 0.431868
 -0.00862309
 0.600075
 0.255089
 0.662936
 0.981258
 -0.0392437
 0.32579
 0.203499
 -0.944745
 0.17253
 0.0255341
 0.834565
 0.130394
 0.0279597
 0.620011
 0.379532
 1.11072
 1.17259
 1.37563
 0.758197
 0.613206
 0.549542
 -0.592199
 -0.0649211
 -0.717537
 0.316244
 -0.233756
 -0.948981
 -0.649514
 -1.14651
 -1.15197
 -0.172297
 0.0259099
 -1.09275
 -0.131606
 0.196806
 -0.175573
 -0.248242
 0.388104
 0.936585
 0.418792
 0.039714
 -0.923508
 -1.32726
 -1.02786
 -1.3083
 -0.0899431
 -0.183008
 0.57013
 0.29638
 -0.0569151
 -0.670685
 -0.95515
 -0.233951
 -0.117497
 -0.0516105
 0.361746
 -1.30057
 0.461441
 -0.388999
 0.463995
 0.362231
 1.11271
 -0.409047
 -0.513203
 0.120817
 0.145387
 -0.658338
 -0.500095
 -0.299067
 -0.453476
 -0.582082
 -0.36375
 -0.545241
 -0.734269
 0.322242
 0.0542892
 -0.517586
 -0.287274
 0.223617
 0.555375
 0.471726
 0.240038
 0.201707
 0.532238
 0.175603
 -0.336607
 0.704576
 -0.707798
 -0.893851
 -0.687855
 -0.36548
 -0.24842
 -0.149008
 -1.11037
 -0.186485
 -0.577231
 -0.47222
 -0.655355
 0.048154
 0.92456
 0.455465
 0.928857
 -0.938132
 -0.290461
 -0.966439
 -0.515026
 -1.46984
 -1.62135
 -0.76418
 0.563892
 0.233431
 0.396748
 -0.898586
 -0.554417
 -0.0760252
 -0.0861814
 1.27696
 -0.281622
 0.572416
 -0.264223
 0.766043
 -0.138625
 1.30143
 0.730675
 0.526162
 0.559243
 0.519674
 0.117707
 0.00457391
 0.138045
 0.169779
 0.258937
 -0.789519
 -0.113971
 0.403936
 0.31129
 0.149659
 1.54062
 0.978385
 1.10024
 0.342261
 0.30861
 -0.569396
 0.31538
 -0.301569
 -0.256385
 -0.476443
 -0.19525
 -0.689975
 -1.27421
 -1.06156
 -0.789777
 -0.801545
 -1.50853
 -0.55407
 -0.26026
 0.631411
 0.158373
 -0.665387
 1.40484
 0.217738
 0.427847
 -0.825195
 -0.860585
 -0.133914
 -0.852338
 -1.23485
 -1.0089
 0.437093
 1.04934
 0.152875
 -0.173342
 0.470726
 0.104748
 0.0337275
 0.240292
 -0.68159
 0.404368
 -0.154467
 -0.78153
 0.465072
 0.189915
 0.682694
 -0.901667
 -0.0460294
 -0.845168
 0.182603
 0.493567
 -0.651538
 -0.124292
 -0.313272
 -0.099157
 -0.0741339
 0.976165
 0.741617
 0.432482
 0.238041
 0.290083
 0.892929
 0.25795
 -0.307028
 0.242208
 1.1925
 1.39997
 1.21632
 0.809536
 1.7519
 0.00552453
 0.415604
 0.502867
 -0.22107
 -0.360349
 -0.794593
 -1.11828
 -1.08879
 0.149685
 0.204742
 0.233925
 0.689087
 0.488926
 0.520408
 -0.0558437
 -0.339494
 0.226389
 -0.220102
 0.314023
 0.338221
 -0.524921
 0.413204
 0.261936
 0.592779
 0.516392
 0.297318
 0.280062
 0.788129
 0.167778
 0.320775
 0.593804
 0.404575
 -0.394303
 -1.13269
 1.09101
 0.0198924
 0.489337
 -0.404822
 1.27414
 0.412756
 1.27733
 -0.339573
 0.0193128
 -0.515876
 1.43126
 -0.0226004
 0.173739
 1.26255
 -0.392827
 1.20464
 1.89387
 0.839267
 0.359169
 0.173595
 -0.884246
 -0.473848
 -0.495854
 -0.356544
 -0.702192
 0.00925569
 0.929761
 -0.0787799
 0.184602
 0.459819
 1.49317
 1.72436
 1.39343
 0.550678
 0.846806
 1.05873
 0.599852
 0.498433
 0.943892
 0.0680661
 1.24922
 -0.260895
 -0.920367
 1.5215
 0.73587
 0.712044
 1.50161
 0.68193
 0.338077
 -0.332959
 -2.12017
 -1.28534
 -0.579197
 -0.800729
 -0.116986
 -0.933037
 -1.09027
 0.167129
 -0.214524
 0.71165
 0.598514
 0.547317
 -0.518166
 -0.265363
 -0.139597
 -0.0182119
 1.83411
 0.279552
 0.0470423
 -0.17773
 -0.0292448
 -0.501224
 0.418504
 0.343358
 -0.276946
 -0.082097
 0.314642
 -0.385171
 -0.285356
 -0.432256
 -1.25304
 1.22065
 -0.0547209
 -0.933211
 -0.0920731
 -0.135532
 0.282268
 0.500942
 -0.626242
 0.0808738
 0.521543
 0.226486
 -0.646507
 0.526514
 -1.0888
 0.0660897
 -0.291096
 0.539467
 -0.643068
 -0.38246
 0.32114
 0.971873
 -0.143196
 -0.215816
 -1.38789
 0.239396
 -0.251821
 -0.480505
 -0.0947964
 0.328454
 0.20614
 0.229446
 -0.73271
 -0.102569
 -0.206598
 -1.23263
 -0.927035
 -0.426697
 -0.22097
 0.64034
 -0.294793
 -0.979954
 -0.392356
 -0.264
 -0.433458
 0.433977
 0.385605
 -0.0763492
 0.23011
 -0.552216
 -0.288979
 -0.58075
 -0.0655132
 -1.35109
 -0.482994
 -1.47963
 0.322501
 -0.55969
 0.452347
 0.586561
 0.744312
 1.18825
 0.18035
 -0.274257
 -0.224839
 0.0575749
 0.331667
 0.185774
 0.540817
 0.915665
 -0.0353621
 0.440403
 -0.109203
 1.09998
 0.978597
 1.29817
 0.976197
 1.81114
 1.63405
 1.82329
 1.59787
 1.5656
 1.14841
 0.367031
 -0.312611
 -0.806784
 -0.484945
 -0.78856
 -0.615589
 0.303325
 0.180205
 -0.0102747
 0.487218
 -0.335906
 0.0288307
 0.0183282
 0.406388
 0.600902
 -0.322552
 0.570182
 -0.111904
 0.760112
 1.01081
 0.313207
 0.573534
 0.735989
 0.00259885
 0.414518
 1.23666
 0.110026
 -0.326635
 0.204485
 -0.650703
 -0.87015
 -0.723063
 -1.02888
 -0.0556683
 -0.827786
 -0.446707
 -0.832746
 -0.467752
 0.254167
 0.463986
 1.1547
 -0.652838
 -1.84758
 0.375809
 0.48035
 1.62936
 -0.256732
 -0.0290303
 -0.265468
 -0.247126
 0.601677
 1.51291
 1.62342
 1.04685
 0.439437
 0.513391
 0.792242
 -0.254693
 -0.420288
 -0.407446
 0.242408
 -0.474586
 0.186855
 0.810868
 -0.550001
 1.13859
 -0.54724
 0.00973383
 0.55368
 -1.07028
 -1.09139
 0.0841789
 -0.410249
 -0.369555
 0.429707
 -0.544182
 -0.0478262
 0.277152
 0.427673
 0.643433
 0.251945
 -0.15631
 1.11942
 0.665128
 0.074969
 -0.385849
 0.841269
 0.108894
 1.27872
 2.07696
 2.10257
 0.280186
 1.74537
 0.398378
 -0.0238773
 0.385082
 -0.121
 0.406733
 0.662834
 0.566237
 0.322775
 -0.104995
 -0.37822
 -0.52401
 0.763033
 0.220757
 0.400368
 -0.421131
 0.0557415
 1.4305
 0.262278
 0.199209
 -0.211935
 0.134772
 0.290193
 -0.00306235
 0.172495
 -0.40104
 -1.57168
 -0.218974
 0.22971
 0.350255
 -0.00733881
 -0.640673
 -0.626956
 -0.654902
 -0.449456
 -1.14847
 -1.43486
 -1.60607
 -0.911987
 -0.10442
 -0.780152
 -0.632988
 -0.829301
 0.334823
 -0.398798
 -0.345787
 0.505287
 -1.01554
 -0.452129
 -0.373588
 0.355819
 -0.882028
 -0.603613
 0.589902
 -0.499845
 -0.656544
 -0.203843
 -0.316864
 0.296345
 -0.362951
 1.55183
 0.11192
 1.65087
 0.588768
 -0.315373
 0.902414
 0.561732
 -0.586669
 0.588551
 0.372182
 0.109658
 0.0412314
 -0.103089
 -0.255629
 0.413693
 -0.228499
 -0.403499
 -0.300454
 -0.152574
 0.284277
 1.37213
 1.0088
 1.19619
 0.169188
 -0.176869
 0.203493
 -0.0274634
 -0.801351
 -0.165428
 -1.11984
 0.0731354
 -0.291018
 -0.876823
 -0.624999
 -0.729361
 -1.02305
 -1.22106
 -0.241002
 -0.310671
 1.02029
 -0.276091
 0.349604
 0.434709
 0.391758
 -0.531959
 -0.093552
 -0.843202
 -0.251658
 -0.975944
 -0.250617
 -0.519168
 -1.24345
 0.121315
 0.298184
 -0.522612
 -0.172381
 0.631763
 0.615872
 0.554633
 0.148751
 0.969633
 0.855924
 0.822723
 -0.116868
 0.208107
 -0.267447
 -0.983526
 -0.450329
 -0.316906
 -0.836693
 -0.833378
 -0.306783
 -0.864843
 -0.18091
 0.274367
 1.57187
 1.22535
 1.45868
 0.0140059
 0.529919
 0.396548
 -0.242006
 0.463777
 0.125227
 0.482367
 0.588535
 -0.313549
 -0.464988
 0.359898
 -0.151301
 -1.56733
 -1.14943
 -0.886516
 -0.676406
 -0.509722
 -1.03089
 0.348932
 -0.621314
 -0.0842822
 -1.65718
 0.132616
 1.15195
 0.35112
 -0.440363
 0.629252
 -0.400316
 -0.0452469
 0.366572
 1.24046
 0.640456
 0.589037
 1.68036
 0.815207
 0.699968
 -0.331782
 0.12218
 -0.501991
 -0.246402
 0.456762
 -0.96513
 0.577467
 0.309293
 0.0896317
 -0.457779
 -0.229926
 -0.777022
 0.736481
 0.366974
 -0.368114
 0.42541
 1.21617
 1.52629
 0.764329
 1.93125
 -0.298164
 0.0519646
 -1.34939
 -0.169326
 -1.27281
 -0.543452
 -0.470798
 0.0452331
 0.709922
 -0.125615
 -0.17932
 -0.171328
 0.403762
 -0.639127
 -0.0830461
 0.0291519
 -0.2467
 -0.00171086
 -0.26341
 0.46449
 -0.200205
 -0.886189
 0.279585
 1.93101e-05
 -0.540434
 -0.68543
 -1.39092
 -0.882942
 -0.281997
 -1.11732
 -0.520807
 -0.795389
 -0.591985
 -0.238227
 -0.824456
 0.657963
 -0.254554
 -0.712251
 -1.17108
 -1.23411
 -0.0410551
 -0.850758
 -0.34178
 -0.166688
 -0.814937
 -0.324596
 -0.466331
 -0.0121273
 -0.195044
 0.959732
 1.24865
 0.83292
 0.451806
 1.0346
 1.76039
 1.89722
 1.48774
 0.218881
 0.351555
 -0.360969
 -0.456815
 0.263856
 0.861027
 -0.146566
 -0.35631
 -0.132898
 -0.682521
 -0.34384
 -0.485455
 -0.624911
 0.342749
 0.678505
 0.0138481
 -0.757983
 0.0225011
 -0.134852
 0.115782
 -0.192338
 0.258525
 -0.440002
 -0.433185
 -0.624652
 -0.539935
 0.345371
 0.45077
 -0.0873346
 0.645953
 0.395133
 -0.15801
 -0.147694
 0.177186
 0.809452
 -0.133422
 0.360268
 -0.691833
 -0.170952
 0.256189
 -0.609058
 0.187506
 -0.59551
 0.0354914
 0.640054
 0.458549
 1.08597
 0.698772
 0.278395
 -0.252579
 -0.549203
 0.308264
 0.165922
 -0.354414
 -0.597233
 -0.098268
 -0.415649
 -0.333753
 0.822623
 0.658698
 0.193455
 -0.118105
 -0.879895
 -0.472738
 0.0423179
 -0.0357812
 0.013756
 0.00224753
 -0.10506
 0.128417
 0.387968
 -0.450674
 0.11311
 -0.586254
 -0.647005
 -0.308094
 -0.143862
 0.988035
 -0.49369
 0.189833
 0.155825
 -0.2725
 0.195341
 0.776732
 0.310547
 -0.26522
 -0.0810385
 0.418295
 1.12669
 1.51142
 -0.281574
 0.990687
 -0.158436
 0.0938518
 0.988208
 0.966601
 -0.415114
 -0.307273
 -1.24263
 -1.26227
 -0.303578
 -0.186463
 -0.613969
 -1.07305
 0.506416
 -0.632159
 -0.508409
 -0.575764
 -1.3539
 -2.21205
 -1.18721
 -1.1223
 -1.19085
 0.00499379
 -1.52535
 0.0384326
 -0.140599
 -0.483701
 0.704176
 -0.439515
 -0.152945
 -0.808389
 -1.43719
 0.50488
 0.0628122
 -0.144688
 -0.0381162
 0.386819
 0.867349
 -0.0539962
 0.0296803
 0.187596
 0.652295
 1.17746
 1.3894
 1.10802
 0.294618
 0.88492
 -0.291477
 -0.0369992
 -1.00012
 -0.529073
 -0.977071
 0.398972
 -0.188272
 0.406586
 -0.246077
 0.637648
 -0.330342
 -0.860768
 -0.575241
 0.28302
 -0.524529
 0.565999
 -0.496514
 -0.99466
 0.255711
 0.245228
 -0.535461
 -0.376005
 1.37861
 -0.760206
 -0.638087
 -0.533346
 -0.0256237
 0.809622
 -0.0517057
 -0.407901
 -0.153595
 0.180686
 0.0879165
 -0.717867
 0.0309115
 -0.882636
 0.172583
 -0.507788
 -1.50577
 -1.53418
 -1.16257
 -0.0728936
 -0.808764
 -1.17221
 -1.12022
 -1.18766
 -1.06736
 0.101507
 0.30394
 0.0788635
 0.429637
 0.160557
 -0.424896
 0.10771
 -0.0143655
 0.633635
 -0.468903
 -0.624384
 0.217257
 -0.230672
 0.372828
 0.694739
 0.938794
 -0.0969086
 1.12456
 -0.9206
 -0.218931
 0.781546
 0.566883
 1.40453
 0.386718
 0.665823
 1.52926
 0.613741
 -0.247357
 1.38011
 0.238848
 0.156847
 -0.508065
 0.5711
 0.015103
 0.265883
 -0.196756
 -0.599754
 -0.481817
 0.375672
 0.424367
 0.616915
 -0.401662
 -0.430192
 -0.501528
 -0.781046
 -0.621113
 0.4137
 0.361508
 0.655292
 0.572264
 0.577181
 -0.110398
 0.274245
 0.287722
 -0.301515
 -0.128364
 0.625966
 -0.714825
 0.225999
 -0.126999
 -0.542662
 -1.55893
 -0.244343
 -1.19482
 -0.11492
 0.163669
 -0.374541
 0.898365
 0.0101764
 -0.571405
 -0.791754
 -0.737575
 0.0970757
 -1.2407
 -0.390727
 -0.428599
 -0.19359
 0.760059
 -0.623668
 -0.496801
 0.929657
 -0.428465
 -0.498387
 0.113669
 -0.109444
 0.927349
 0.112265
 1.52434
 1.31853
 1.30168
 0.178573
 1.26156
 0.615607
 0.496828
 1.02532
 0.907002
 0.313686
 0.402657
 -0.101498
 0.769226
 0.924954
 1.10151
 0.729116
 0.819087
 0.259059
 1.03543
 0.824405
 0.820662
 0.262359
 -0.167734
 0.445061
 0.227788
 0.733207
 -0.48692
 -0.810811
 -0.311953
 -0.233699
 -0.446816
 1.0334
 0.415478
 -0.646947
 -0.660202
 -0.538168
 -0.860596
 -0.903607
 -1.0759
 -0.0251663
 -0.603365
 0.164672
 0.218963
 -0.670413
 -0.519013
 0.178243
 0.341849
 0.136866
 0.358306
 0.541984
 0.645795
 1.24013
 0.50506
 0.11084
 -0.273284
 0.0997971
 -0.44307
 -0.745454
 -0.449946
 -0.264879
 -0.142024
 -0.451884
 -1.10614
 -1.45662
 0.00625303
 -1.35783
 -0.282208
 -0.33449
 0.745742
 -0.261838
 -0.921503
 -0.755026
 -1.74291
 -0.143148
 -0.442847
 0.421479
 0.313572
 0.401826
 -0.266941
 1.2228
 -0.284861
 -0.105051
 -0.668916
 0.713935
 0.658207
 0.179595
 -0.544715
 -0.273146
 0.368048
 0.398909
 0.308733
 -0.177789
 -0.583408
 -0.454992
 -0.476792
 -0.21755
 -1.04544
 -0.182106
 -0.385107
 -0.133191
 -0.187967
 -0.83149
 0.0699542
 -0.331183
 0.330085
 -0.972681
 0.0446991
 -0.362151
 -0.21112
 1.07429
 -0.550151
 -0.254954
 -0.0547276
 -0.445571
 0.666392
 -0.400081
 0.44471
 0.701504
 -0.199232
 1.53386
 1.15641
 0.747623
 0.166576
 0.193609
 -0.778236
 -0.578113
 -1.04941
 0.134804
 -0.219588
 -0.00621407
 -0.068365
 -0.171631
 -0.306566
 0.303188
 -0.251282
 0.273141
 0.544483
 0.597536
 -0.0588027
 0.0856026
 1.49541
 0.52401
 1.68115
 1.01156
 0.169381
 0.413411
 1.49678
 0.473828
 -0.709624
 -0.746975
 0.102857
 0.530881
 -0.573215
 0.303777
 0.115835
 -1.106
 0.085544
 -0.479076
 -0.784161
 -0.0101253
 -0.389744
 0.0282864
 0.537305
 0.153294
 -0.801812
 0.0208985
 -0.640828
 -0.0877736
 -0.289027
 -0.23345
 -0.890977
 -0.490891
 -0.455672
 0.0287682
 -1.01054
 -1.0689
 -0.69045
 -0.841703
 -0.205914
 -1.02202
 -1.10444
 -1.12066
 -0.722805
 -0.32294
 -0.605123
 -0.238595
 0.0508655
 0.251173
 -0.393426
 0.247297
 -0.101978
 0.645991
 0.235646
 -0.0178025
 -0.530597
 -0.427548
 0.488035
 -0.64559
 -0.0921545
 0.219989
 -0.159869
 -0.00226087
 0.2344
 1.11228
 0.303558
 0.909503
 -0.88682
 -0.0277601
 0.634638
 -0.270023
 0.268306
 0.704795
 -0.382457
 0.702133
 -0.288317
 0.614338
 0.89867
 0.27659
 0.831395
 0.0956064
 1.57027
 1.32497
 1.30913
 0.222164
 0.847305
 0.693946
 0.138966
 0.565128
 1.0242
 1.02516
 0.0643229
 0.897055
 -0.0697168
 0.518953
 -0.345968
 0.0725419
 -0.36753
 -0.292822
 0.210883
 1.86646
 0.398006
 0.27258
 0.776357
 -0.537833
 -0.149057
 -1.17343
 0.00482642
 0.71256
 -0.915838
 0.124734
 0.717492
 0.549184
 0.0989246
 0.28855
 0.358385
 -1.39097
 -0.233077
 -0.901646
 -0.197195
 -1.50383
 -0.349431
 -0.652368
 0.897522
 -1.02599
 0.577319
 -0.409492
 -0.622546
 -1.11189
 -1.04394
 -0.353916
 -0.897181
 0.0602688
 0.271166
 0.720566
 0.122711
 0.320176
 -0.268337
 -0.336792
 -1.31726
 -0.995737
 -1.436
 -0.403692
 -0.363719
 -0.784025
 -0.232062
 -0.12368
 -0.312725
 -0.855731
 -0.686664
 0.137602
 -0.903542
 -0.471891
 -0.592573
 -0.0286514
 0.112204
 1.1602
 0.0565434
 0.865415
 -0.183
 -0.211776
 -0.16582
 0.215096
 0.734649
 -0.82295
 0.599703
 -0.536631
 0.340106
 -0.150795
 -1.26487
 0.300698
 -0.56895
 -0.592509
 -0.323524
 -1.2868
 -0.350424
 -1.21937
 -0.981107
 -1.00814
 -1.58344
 -0.212209
 -0.0191572
 -0.0517581
 0.866323
 0.357139
 -0.189086
 1.59166
 1.13244
 0.526853
 1.13427
 0.968801
 0.784263
 0.6926
 0.888971
 -0.266932
 0.301993
 -0.492412
 -0.216081
 0.746993
 -1.04746
 -0.511908
 -0.203003
 -0.57917
 -0.220003
 -0.178469
 -0.968888
 0.0817125
 -0.412242
 -1.06404
 -1.53232
 -0.773338
 0.319914
 -1.15614
 0.965058
 0.105129
 -0.284126
 0.00715024
 0.245483
 0.354048
 -0.198557
 -0.0697078
 0.761215
 0.174785
 -0.0750932
 0.643313
 0.186058
 1.76213
 1.11797
 0.0276329
 1.07929
 0.885024
 0.535794
 0.704747
 0.83958
 0.0697923
 -0.372489
 0.246938
 0.738873
 1.02557
 0.123805
 -0.160427
 -0.316126
 -0.0481725
 0.741013
 -0.331096
 -0.268313
 -0.506335
 -0.244251
 0.513538
 -0.354024
 -0.856287
 -0.0357848
 0.577753
 0.835392
 0.706555
 0.595475
 -0.2986
 0.297699
 0.85291
 0.143145
 -0.0456158
 -0.13905
 0.340827
 -0.265285
 -0.0397586
 0.0959067
 -0.158541
 -0.69482
 -0.989274
 -1.41313
 0.0178537
 -0.887061
 0.546395
 -2.07204
 -1.52372
 -0.26006
 -0.854512
 -0.803127
 -0.61811
 -0.0175003
 1.02144
 0.624758
 0.647234
 0.473679
 1.01175
 0.401891
 0.281967
 -0.216868
 0.0708794
 -0.702667
 0.369666
 -0.151868
 -0.0527066
 0.270131
 0.0765861
 0.631659
 -0.0930003
 0.191168
 0.938147
 0.291214
 0.644121
 0.574154
 0.833471
 0.318184
 -0.0826763
 -0.176912
 0.302266
 -1.04824
 0.557224
 -0.628384
 -0.534239
 -0.082272
 0.942408
 -1.06256
 -0.953076
 -0.166017
 -0.40965
 -0.00237875
 -1.19605
 0.0516013
 -0.898881
 -0.0782859
 0.565729
 0.234617
 0.566792
 0.0926181
 -0.776414
 0.786141
 -0.17709
 -0.640197
 -0.829144
 -0.0959721
 0.16392
 -0.137936
 -0.994614
 0.0273214
 -0.589191
 1.34004
 0.917439
 0.620035
 0.448679
 -0.188123
 -0.0196434
 -0.00138261
 0.352124
 0.260363
 0.341479
 1.29599
 0.618956
 1.05887
 -0.0956918
 -0.302913
 -0.682957
 -1.08937
 -0.297148
 -0.0106715
 -0.81099
 -0.0540018
 0.451877
 0.219158
 -0.0976394
 -0.388033
 -0.905693
 -0.388108
 -0.768435
 0.0841999
 -0.437329
 -0.979852
 -0.252216
 -0.550246
 -0.151453
 -0.384939
 0.289197
 -0.309329
 -0.403011
 0.700949
 -0.243747
 -0.0444547
 0.0339984
 -0.459311
 0.200248
 -1.01132
 -1.40496
 -0.712828
 -0.33935
 -0.243254
 0.976393
 -1.0402
 -0.79758
 -0.295556
 0.302311
 0.221497
 0.282438
 0.827689
 0.0951065
 0.263724
 -0.452355
 -1.22552
 -0.488095
 -0.157072
 0.406798
 -0.877032
 0.896694
 -0.898467
 0.177093
 -0.723996
 -0.676775
 -1.08962
 -0.512274
 -0.356794
 0.182755
 -0.288508
 0.256077
 -0.6226
 0.664622
 -1.23669
 -0.269382
 -0.201857
 0.196817
 -0.203317
 -0.143934
 0.00733752
 0.0927535
 -0.83671
 -1.33323
 -0.838609
 -0.43144
 0.485511
 -0.863382
 -0.107809
 -0.651963
 -0.168441
 0.143197
 -0.0906252
 -0.213972
 -0.000902375
 -0.300162
 -0.318511
 -0.977464
 -0.208472
 0.74928
 0.458582
 2.1795
 1.15231
 0.696176
 1.34079
 0.819927
 0.405045
 0.971204
 -0.113278
 -0.4686
 -0.251796
 1.41891
 0.977534
 0.270716
 0.30042
 -0.808775
 1.36034
 -0.328827
 1.60258
 0.146365
 0.759224
 0.286475
 -0.448125
 -0.717457
 0.31801
 0.480179
 0.136482
 -0.407146
 -0.332747
 0.242293
 0.352477
 0.475415
 0.0395974
 0.156874
 0.116983
 0.684382
 0.167419
 -0.0994128
 0.740051
 -0.183391
 0.0512843
 -0.0300017
 0.432975
 -0.49406
 0.398559
 1.02574
 0.799834
 0.438522
 -0.283159
 -0.339524
 -0.831064
 -1.02947
 -0.0819589
 -0.268756
 -1.11128
 -1.15282
 -0.226557
 0.203417
 0.691189
 -0.258643
 0.404362
 -1.3419
 -1.71659
 -0.162501
 -0.25716
 -0.508047
 0.572844
 0.209068
 1.10047
 0.0331407
 -0.580934
 -0.410741
 0.625049
 0.482954
 0.439084
 -0.150845
 1.66312
 1.2666
 0.875731
 0.90386
 0.392619
 0.497198
 1.37428
 -0.396931
 -0.309996
 1.19009
 0.336031
 -0.057602
 1.46423
 0.579389
 0.774869
 0.73455
 1.38633
 -0.382825
 0.158047
 -0.657341
 -0.184773
 -0.228032
 -0.216771
 0.291943
 -0.983873
 -0.277056
 -0.824761
 0.236354
 -0.425369
 -0.17698
 1.66528
 1.11397
 0.416913
 1.18097
 0.540096
 0.226044
 1.09174
 1.11613
 0.905844
 0.865257
 1.11401
 0.574272
 0.267923
 0.524036
 0.133536
 -0.594946
 0.606795
 0.20958
 -0.507911
 0.200132
 0.483024
 -0.78792
 0.227319
 -0.147143
 0.816279
 -0.868727
 -0.155293
 -0.769023
 -0.503762
 -0.21496
 -0.532558
 0.526518
 -1.44059
 -0.702575
 -0.329714
 -0.863858
 -0.706966
 -0.0943616
 -0.501285
 -0.433415
 -0.716696
 -0.0120877
 -0.174073
 1.0663
 0.761107
 0.209388
 0.118575
 -0.0349236
 -0.532418
 0.211048
 0.207955
 0.359489
 1.15944
 0.542672
 0.185214
 0.347589
 0.00063749
 0.30553
 -0.573409
 -0.757763
 -0.0835668
 -0.0949822
 0.83233
 0.574096
 1.0327
 -0.230281
 0.325732
 -0.192301
 -0.25513
 -0.0238963
 0.682318
 -0.0443904
 0.0162918
 0.842693
 1.17084
 0.165252
 0.816654
 0.53811
 0.36216
 1.05188
 -0.544758
 0.027431
 -0.123376
 -0.0486668
 0.660212
 0.787524
 0.109329
 0.741156
 0.419205
 0.376041
 0.667196
 0.418226
 0.337198
 0.91925
 -0.556452
 -0.863799
 -0.353915
 0.120842
 -0.290103
 0.617587
 0.103817
 0.736748
 0.440833
 -0.172342
 0.262722
 -0.278756
 -1.08495
 0.542276
 0.218029
 0.318724
 0.471588
 0.377068
 0.0421944
 1.17647
 -1.41144
 0.423812
 -0.508377
 -0.489674
 -0.157282
 0.928171
 -0.242295
 -0.960821
 1.18309
 0.248816
 0.39145
 -1.14447
 -0.0206732
 -0.746117
 0.294536
 0.847073
 0.45912
 0.594604
 0.123035
 0.712278
 0.328193
 -0.106898
 -0.74174
 0.190199
 -0.399943
 -0.10954
 -0.764627
 -0.48124
 -0.136479
 0.244152
 0.230401
 0.339614
 -0.173726
 0.442867
 1.7432
 -0.159324
 0.691282
 -0.565005
 0.0040677
 0.457752
 0.788782
 0.382211
 0.335738
 0.439177
 -0.0967166
 0.208188
 0.438083
 1.30251
 0.516111
 1.49825
 1.12193
 2.28761
 0.785099
 1.49892
 0.262801
 0.988037
 1.12703
 0.879819
 1.97612
 0.368488
 0.101101
 0.67632
 0.1591
 0.376139
 0.185847
 -0.20049
 0.548826
 -0.307274
 0.670963
 -0.40133
 -0.407764
 -0.011041
 -0.970808
 -0.0854505
 -1.04622
 -0.629595
 -0.516472
 -0.388245
 -0.323606
 0.504848
 0.20991
 -0.206781
 0.723723
 0.285634
 0.717564
 0.984735
 -0.0494929
 1.03919
 -0.277743
 0.844237
 0.0778994
 0.27401
 -0.100164
 0.263016
 -0.358237
 0.16644
 -0.171445
 0.436986
 1.01196
 -0.147333
 0.593122
 0.750974
 0.224936
 0.234327
 0.185326
 0.242453
 1.15182
 0.615303
 0.34675
 0.180125
 -0.373981
 0.660725
 -0.610303
 -0.328246
 0.676055
 -0.0933145
 -0.91222
 -1.23093
 -0.142072
 -0.0986987
 -0.062928
 0.152393
 -0.841729
 0.157851
 -1.03477
 -0.00528257
 -1.27465
 -0.535959
 -1.05633
 0.68134
 1.14073
 0.104866
 -0.606297
 -0.724395
 0.594069
 -0.182438
 0.518451
 0.73691
 -0.0780295
 -0.59959
 -1.10998
 -0.76351
 0.0163306
 -0.771786
 -0.604385
 -0.478676
 -0.757963
 -0.938133
 -1.41294
 -0.989652
 -0.942781
 0.0745185
 -0.201385
 -0.0980606
 -0.326738
 -0.811843
 -1.18727
 -0.79013
 -0.580827
 -0.968126
 -0.609372
 -0.68487
 -0.0058579
 -0.547414
 0.115451
 -0.53439
 0.602216
 0.372077
 -0.577505
 -0.238093
 0.0270425
 0.502754
 1.08174
 0.041289
 0.0737551
 0.116987
 -0.442058
 -0.000285913
 -0.253934
 0.101954
 -1.028
 -0.168801
 -0.530095
 0.790202
 0.794235
 0.019199
 -0.48254
 0.00982009
 -0.386172
 -0.138205
 0.0267097
 0.122744
 -0.257669
 0.229573
 0.406022
 1.18816
 0.229455
 0.726235
 0.634008
 -0.171337
 0.194559
 0.28033
 -0.592515
 -0.0265605
 0.247697
 0.0511866
 0.307225
 -0.543969
 -0.852792
 -0.385987
 -1.97857
 -0.559902
 -0.604081
 -0.811085
 -0.455434
 -0.0527157
 -0.949527
 -0.0808029
 -0.442935
 0.647143
 -0.308336
 -0.269114
 -0.895336
 -0.599311
 0.642313
 -0.25957
 -1.13716
 -1.24893
 -0.634705
 -1.57401
 0.151099
 0.0923291
 0.0710374
 -0.289889
 -0.607848
 -0.0524993
 0.548439
 -0.0241467
 0.957375
 1.90529
 1.29671
 0.488826
 0.197285
 0.708144
 0.668591
 0.224201
 0.797042
 0.222064
 0.6218
 1.35425
 0.406656
 1.0232
 0.264046
 0.0441673
 -0.282704
 -0.274528
 0.864365
 0.100912
 -0.664224
 -0.946585
 -0.430097
 -0.655517
 -0.640953
 0.149281
 -0.279074
 0.493602
 0.0601292
 0.131243
 1.00375
 -0.699368
 0.242084
 -0.50477
 1.21739
 0.471821
 -0.0931125
 0.356611
 -0.322332
 -0.925293
 0.273961
 -0.34313
 -0.0352701
 0.036061
 0.524987
 0.326776
 -1.08577
 -0.109715
 -0.265486
 -0.148632
 -0.21974
 0.673916
 -0.10954
 -0.924586
 0.02753
 -0.916812
 0.308565
 -0.539903
 -0.259734
 -0.482891
 -0.279124
 -1.86553
 -0.792238
 -0.944257
 -0.104098
 -0.841486
 0.150444
 -0.518315
 -0.119449
 0.349055
 0.977352
 -0.282823
 -0.571214
 -0.750509
 -0.585483
 0.496668
 0.244115
 0.429662
 -0.587819
 0.279648
 0.484954
 0.113527
 -0.682062
 0.0392526
 -0.227122
 -0.276039
 -0.00608055
 -1.36987
 -1.08054
 -1.65668
 0.186225
 -0.469269
 0.593447
 0.674611
 0.142868
 1.05767
 0.352872
 0.0796092
 -0.802623
 -0.232959
 1.21487
 0.805083
 0.708887
 0.970399
 -0.228221
 -0.580895
 -0.36151
 -0.384965
 0.228684
 0.380576
 0.62776
 0.857093
 0.261353
 -0.271965
 -0.348112
 -0.287683
 -0.184323
 -0.430375
 -0.131489
 -0.80675
 -0.554354
 0.673456
 0.222784
 0.284472
 -0.457604
 0.129657
 -0.898567
 -1.04854
 0.779095
 0.975483
 0.428986
 0.26339
 -0.239148
 -0.132104
 0.142112
 -0.0973099
 -0.131049
 -0.480205
 -0.240057
 -0.425037
 0.0680339
 0.985513
 1.51844
 0.358621
 1.20816
 0.480961
 0.888607
 -0.304921
 -0.326661
 0.0330723
 0.331992
 -0.106819
 -0.553333
 -0.307103
 -1.01588
 -0.17337
 -0.178249
 -0.127684
 0.410637
 1.12223
 -0.314311
 -0.324534
 -0.0889975
 0.969044
 -0.652993
 -0.421714
 -1.40453
 -0.474204
 -1.1421
 -0.147382
 -0.623526
 -0.00729464
 -0.427812
 0.42556
 0.353031
 1.20663
 -0.192866
 0.102289
 0.856755
 0.144684
 -0.325124
 -0.263583
 -0.372495
 0.792784
 0.324245
 -0.810372
 -0.194411
 0.159688
 0.450221
 0.461909
 0.173908
 -0.525609
 -0.325598
 -0.224604
 -0.390522
 0.471956
 0.19086
 -0.871944
 0.221885
 -0.613554
 -1.39283
 -0.400328
 -0.320213
 0.238953
 -1.67596
 -0.12199
 -0.193556
 0.347654
 -0.89834
 0.609498
 -0.394095
 -0.0332963
 -0.737733
 -0.478573
 0.584803
 -0.426844
 -0.0698446
 -0.466759
 -0.383451
 -0.0370635
 -0.595941
 -0.0276957
 0.566494
 0.317562
 1.70403
 0.328815
 0.661292
 0.52146
 0.649518
 1.11001
 -0.00414177
 -0.151654
 0.0379885
 0.283316
 -0.580638
 -0.903834
 -0.0680024
 -0.0363021
 -0.569435
 0.342677
 -1.58936
 -0.14723
 0.489584
 -0.275585
 -0.361705
 -0.250243
 0.0784396
 0.244897
 -0.329108
 0.698791
 -1.08739
 0.375497
 -0.0816928
 1.19057
 0.393222
 0.914657
 0.896625
 -0.617411
 0.251646
 0.922705
 0.187061
 0.313025
 0.314321
 -0.833592
 0.114435
 -0.275876
 -0.919418
 -1.6384
 -0.47383
 -0.844358
 -0.850865
 -0.106968
 0.145451
 -0.237196
 0.215064
 -0.37247
 -1.1634
 -0.962523
 -0.0867298
 -0.467297
 -0.739859
 -1.13436
 -1.22643
 -1.68408
 -1.08577
 0.199189
 0.555098
 0.237886
 0.558056
 -0.282032
 0.267196
 0.920481
 0.832345
 -0.203321
 0.0173899
 -0.893787
 -0.292788
 -0.244355
 -0.496759
 0.961186
 -0.062946
 -0.181044
 0.172901
 -0.791204
 0.170227
 -0.0501633
 0.0215592
 0.0400233
 -0.923734
 -1.37352
 -0.443413
 -0.499831
 0.262869
 0.229265
 1.22092
 -0.735892
 -0.669687
 -0.567913
 -0.24559
 0.184724
 0.746832
 0.7001
 -0.136008
 -0.333025
 -0.0581931
 -0.995197
 -0.00400124
 -0.262773
 -1.343
 -1.28659
 -0.586072
 -0.256735
 0.486237
 0.844075
 -0.570204
 -0.907056
 -0.926914
 0.0399339
 0.354062
 0.624938
 0.0637449
 -1.14141
 -0.541687
 0.200674
 -0.612408
 -0.652617
 -1.33495
 -0.0821165
 -0.243204
 0.187499
 -1.0237
 -0.314307
 -1.33624
 -1.01685
 -0.699004
 -0.502636
 -0.647891
 -1.65535
 -0.993263
 -0.641391
 -0.103302
 0.576694
 0.552125
 -0.0789695
 -0.360897
 0.161172
 -0.570568
 -0.193374
 -0.588463
 -1.50288
 0.485612
 0.568407
 -0.4593
 -0.480759
 0.298276
 0.476348
 -0.258305
 -0.397834
 -1.13822
 -0.0880821
 -1.04983
 0.154405
 -0.862552
 -0.22497
 -0.600844
 0.72268
 1.47544
 0.776839
 -0.52659
 0.349046
 0.619866
 0.393049
 0.103629
 0.707139
 0.771257
 0.00892321
 -0.0894451
 0.105914
 -0.11508
 -1.03853
 0.50677
 -0.339911
 0.685552
 0.0251193
 0.0841476
 -0.0664351
 1.45616
 0.923823
 0.862404
 0.741658
 0.0845625
 0.665829
 1.14617
 1.27744
 0.834763
 -0.0907809
 0.845494
 -0.653895
 -0.358789
 1.26612
 -0.159035
 0.38527
 -0.0126429
 1.02466
 0.573767
 0.023853
 -0.512723
 -1.25154
 -1.49498
 -0.696471
 -0.509298
 -0.0374811
 0.956913
 -1.60207
 -0.123122
 -2.12769
 0.539655
 0.0681655
 -1.38239
 -0.620826
 -0.512851
 -0.807065
 0.485972
 1.08152
 1.66606
 1.33181
 0.864441
 1.86983
 0.318215
 0.833902
 0.529495
 0.0867699
 0.207144
 0.249632
 -0.203144
 0.721753
 0.0586964
 0.475247
 -0.371698
 -0.177099
 0.0651615
 -0.24213
 0.267469
 0.15028
 -0.120572
 0.29762
 -0.174427
 0.605224
 -0.741854
 0.517026
 0.430103
 0.439111
 -0.588773
 -0.551554
 -0.4484
 0.77951
 -0.257908
 -1.61929
 -1.78015
 -1.58035
 -1.5819
 -0.702422
 -0.986823
 -0.755104
 -0.276764
 -0.235764
 0.0522038
 -0.609409
 -0.0756107
 -0.258703
 0.320126
 -0.235108
 -0.316633
 0.187731
 -0.48848
 0.0147556
 -0.212409
 0.167591
 -0.683986
 -0.610761
 0.482059
 -0.103
 0.403538
 -0.252197
 0.520424
 0.817225
 0.705603
 1.08607
 0.324614
 0.062101
 1.03284
 0.646277
 0.605623
 0.332988
 0.661189
 1.20946
 0.670205
 0.478051
 1.15064
 0.253668
 0.244857
 1.02574
 -0.182282
 0.538322
 -0.106247
 -1.0403
 -0.300328
 0.665498
 -0.750637
 -0.83203
 -0.603859
 -1.17052
 -0.804966
 -1.22385
 -0.702971
 -1.65435
 -0.636598
 -0.678906
 -0.569026
 0.598139
 -0.622649
 0.109873
 0.594978
 0.791851
 0.756998
 0.0253713
 0.602341
 -0.111559
 0.361039
 -0.381937
 0.00173401
 0.414636
 0.00576658
 -0.915024
 0.463484
 0.0780594
 0.917669
 0.327014
 0.228665
 0.0294709
 -0.595373
 -1.25453
 -1.49688
 -0.0813155
 -0.495698
 -0.317653
 0.0622472
 0.882598
 0.17749
 0.255586
 0.0752053
 0.494957
 -0.318805
 1.06159
 0.231453
 -0.0879413
 -0.0589724
 0.3666
 0.918665
 0.173514
 0.718335
 0.655647
 -0.393811
 0.404968
 0.178722
 -0.501141
 1.24851
 0.375969
 0.504717
 1.07345
 0.840142
 0.232793
 1.03804
 0.0169636
 0.617005
 0.350254
 0.876515
 1.4163
 0.427854
 -0.0579555
 -0.391895
 0.661845
 1.43529
 1.679
 1.07895
 0.439619
 -0.45094
 -0.215719
 -0.513157
 -1.75216
 -0.860421
 0.250954
 -0.269948
 -0.905207
 -1.35956
 -2.18371
 -0.878317
 -0.93877
 -1.12936
 0.279847
 -0.110601
 -0.465452
 0.809718
 0.918015
 0.492906
 -0.240168
 -0.220355
 0.599138
 0.228422
 0.74762
 0.146498
 0.453682
 0.286193
 0.764211
 0.715048
 0.591646
 -0.28014
 0.335385
 0.737419
 0.154024
 0.262096
 0.490297
 -0.220906
 -0.391063
 -0.0327595
 -0.569692
 -0.362276
 -0.47491
 -1.56935
 -1.05282
 -1.07771
 -0.360043
 -1.02623
 0.135144
 -0.490514
 -0.487524
 0.519933
 0.388265
 1.28529
 0.338417
 0.618083
 0.313582
 -0.343774
 -0.153708
 -0.0115199
 0.546052
 -0.22691
 0.0404215
 1.08523
 0.581249
 0.351646
 0.449549
 0.304891
 -0.051787
 0.87062
 -0.558719
 -0.176403
 0.833461
 -0.640044
 -1.14069
 0.0107166
 -0.361573
 0.163034
 0.592495
 -0.0650344
 -0.297278
 -0.0322744
 -0.188039
 0.590911
 1.0383
 -0.341237
 -0.890954
 0.307653
 -0.118494
 -0.051803
 0.35184
 1.43903
 1.56818
 1.46787
 0.853447
 -0.0842592
 -0.30794
 -0.0599844
 0.57384
 -0.215323
 0.706342
 -1.11214
 -0.174908
 -0.694899
 0.147624
 0.427875
 0.111349
 0.676176
 0.580408
 0.571392
 0.544305
 0.685309
 -1.00571
 -0.2308
 0.0289474
 0.110354
 -0.458986
 -0.299729
 0.0125896
 -0.286264
 -0.250778
 0.48369
 -0.409019
 0.0367741
 -0.346153
 -0.294097
 0.187434
 0.950828
 0.24521
 -0.506426
 0.232394
 -0.210072
 0.285031
 1.14454
 1.98522
 0.9227
 0.279617
 0.698177
 0.390105
 0.961773
 1.45748
 0.535125
 1.11108
 -0.184743
 -0.757932
 0.746301
 0.351512
 0.556011
 1.30926
 -0.270627
 -0.256436
 0.135355
 0.335303
 0.561093
 0.376882
 0.588214
 0.703022
 0.278659
 0.619859
 0.271024
 0.0699076
 0.620499
 -1.43245
 -1.84452
 -0.013384
 -0.732352
 0.677618
 -0.320557
 0.794479
 -0.334106
 -0.315391
 -0.809829
 -0.0151307
 -0.52937
 -0.00806748
 -0.641552
 -0.112666
 -0.0860605
 0.536956
 -0.242461
 -0.492156
 0.313911
 -1.26477
 0.79323
 -0.643558
 0.0249464
 0.274525
 -1.08814
 -0.00354933
 0.0755249
 0.198334
 -0.302084
 0.607951
 -1.53368
 0.170112
 0.371344
 -0.101365
 0.107381
 0.875244
 -0.00282058
 -0.510941
 -0.400557
 -0.873353
 -0.800275
 -0.211326
 -0.368345
 0.870438
 -0.250878
 0.673581
 0.0625596
 -0.285699
 -0.225214
 0.264967
 1.23803
 1.32162
 0.384527
 1.24502
 0.583112
 -0.132025
 -0.0439065
 1.67084
 0.980096
 0.391261
 0.658131
 0.0553336
 -0.34484
 -0.453819
 -0.725759
 0.0203955
 0.0299858
 -0.00735485
 0.502015
 1.26541
 0.323249
 0.556575
 -0.00312255
 -0.0838162
 -0.186873
 0.0204289
 -0.875061
 -0.540665
 -1.21686
 -0.501726
 -0.538518
 0.678675
 -0.277943
 -0.492656
 -0.498266
 0.510718
 0.41309
 -0.0301301
 0.456302
 0.266796
 0.359104
 0.291677
 0.154837
 0.0642034
 0.945266
 0.380496
 1.5259
 0.443907
 1.3547
 0.0253441
 -0.963292
 -0.552142
 -0.158366
 -0.025443
 -0.123094
 -0.202989
 -1.46435
 -0.853659
 -1.39831
 -1.10024
 -0.688753
 -0.358174
 0.322368
 -0.739748
 -0.12848
 -0.150588
 1.49467
 1.09726
 0.187877
 0.736579
 -0.571548
 0.710837
 -0.123726
 0.549089
 0.308162
 0.199521
 0.568325
 0.312434
 0.832176
 0.927946
 1.24189
 0.631235
 0.0988034
 0.284819
 0.616838
 1.68471
 0.385346
 -0.382729
 0.80607
 -0.331783
 -0.178301
 0.521316
 0.488247
 -0.0152967
 0.673143
 0.205197
 0.543139
 0.0912869
 -1.01823
 -0.399518
 -0.86106
 -0.0915138
 0.853542
 -1.48485
 0.0177637
 -0.485991
 0.972841
 0.854903
 -1.14718
 -1.05475
 -1.2891
 -0.487023
 0.350673
 -0.659524
 0.0327443
 0.0723842
 -1.30403
 -0.700417
 0.138746
 0.49789
 -0.567936
 0.0707214
 0.141488
 0.172522
 -0.948812
 -0.348599
 -0.854568
 -0.0478148
 -1.06833
 0.10126
 0.331156
 0.62712
 0.82492
 0.605073
 0.118745
 0.301395
 0.683147
 1.16855
 0.574712
 0.175718
 0.0676962
 0.279075
 0.911323
 1.58005
 -0.372599
 0.0120616
 -0.767201
 -1.48868
 -0.105504
 -0.966039
 0.905699
 -0.635692
 0.371306
 -0.0406651
 0.103842
 -0.184966
 -0.767627
 -0.552856
 0.700086
 -0.0641318
 -0.235532
 0.635244
 1.3905
 1.47601
 -0.792174
 0.504341
 0.758521
 -0.0942438
 -0.0737349
 0.616017
 0.49413
 0.810777
 0.451425
 0.246859
 0.308522
 0.818087
 0.49263
 0.236458
 -0.608078
 -0.0183107
 -0.511097
 -0.418117
 0.243057
 -0.495988
 -0.786822
 -0.801394
 0.62068
 -0.0597744
 0.249244
 0.678149
 0.61288
 -0.863399
 0.413781
 -0.960791
 -0.861952
 -0.0296335
 0.576909
 0.793717
 1.00695
 -0.700792
 -0.658434
 -0.3786
 -0.327382
 -0.0606097
 -0.465204
 0.776659
 -0.470471
 -0.0581239
 0.319952
 -1.05916
 0.298112
 -0.214553
 -0.835975
 -1.36117
 -0.79219
 -0.723083
 0.413566
 -1.4026
 0.272723
 -0.0220343
 -0.431449
 0.833959
 0.261899
 -0.546629
 -0.752447
 0.423131
 -0.164133
 -0.590748
 -0.380308
 -0.627703
 -1.0398
 -0.255696
 -0.038492
 0.606694
 1.06535
 -0.111971
 -0.493701
 0.0231627
 0.0347503
 -0.500449
 -0.645002
 -0.103767
 -0.306408
 -0.049465
 0.324931
 -0.223978
 1.14107
 0.900675
 0.494714
 1.05969
 1.29473
 0.896389
 1.40251
 0.936967
 0.509181
 -0.196181
 -0.635783
 -0.013215
 -0.000320966
 0.565103
 0.881222
 0.448715
 0.337392
 -0.501363
 0.268091
 -0.72756
 -0.156004
 0.194865
 -0.722418
 -0.51191
 -0.186353
 0.10061
 0.598143
 1.03585
 0.450241
 1.05302
 0.7808
 0.339339
 -0.29896
 -0.184167
 -0.830431
 -1.45016
 -1.13938
 -0.584482
 -0.156798
 -1.11594
 0.0709172
 0.366583
 -0.255036
 -1.08268
 0.936338
 -0.143491
 -0.765986
 0.0953364
 0.550426
 0.670855
 0.0573347
 0.980997
 0.34506
 0.469609
 -0.819048
 -0.238906
 -0.212011
 -0.0848858
 0.291323
 -0.203774
 0.0562188
 -0.393565
 1.01592
 -0.757576
 -0.680674
 0.867236
 0.573441
 0.689718
 0.640529
 -0.333105
 0.457246
 0.242819
 0.0693877
 0.569862
 0.460489
 0.260819
 -0.308682
 0.875734
 -0.763066
 0.108275
 -0.331402
 -0.535273
 0.295063
 -0.81515
 -0.315489
 0.229048
 -0.0212197
 -0.595102
 0.807958
 -0.277142
 0.123015
 -0.633394
 1.1084
 0.0673984
 0.396669
 -0.445403
 -0.250611
 -0.969559
 -0.186693
 -0.679911
 0.562448
 -0.531129
 -0.709517
 0.120018
 0.428927
 -0.771484
 0.118541
 0.690248
 0.0196501
 -0.223951
 0.0872967
 0.239086
 0.279993
 0.466931
 0.536686
 0.348126
 0.212681
 -0.406429
 0.0914768
 -0.0157679
 -0.340632
 -0.00369752
 -1.46251
 0.429714
 0.517799
 0.0900225
 -0.259774
 -0.70855
 -0.587853
 -0.511881
 0.18313
 0.507878
 -0.84962
 -0.771218
 -0.814071
 0.899385
 1.0527
 1.94415
 2.07029
 0.985664
 0.340475
 -0.28756
 0.258134
 -0.49349
 -1.54016
 -0.570668
 -0.316659
 -0.165193
 0.596985
 -0.120792
 0.531616
 0.462522
 1.42156
 -0.521548
 -0.40009
 -0.441324
 -0.462375
 1.26898
 0.609164
 0.461267
 -0.105135
 1.54192
 0.00305874
 -0.0126813
 0.551964
 1.05929
 0.857681
 0.79435
 0.103093
 0.700772
 0.957016
 0.938242
 0.86497
 0.91833
 0.0844299
 0.131306
 0.865243
 -0.217426
 1.09419
 0.895466
 1.17413
 -0.743141
 -0.324295
 0.603911
 -0.759384
 0.299146
 0.569695
 0.362265
 0.111702
 1.27592
 -0.185474
 0.00255269
 -0.699888
 -0.123853
 0.360034
 -0.385955
 0.511711
 -0.209977
 0.570318
 0.0517352
 -0.312331
 -0.310689
 0.180581
 -0.0972253
 -0.134611
 0.212168
 -0.731467
 0.480919
 0.528946
 1.10487
 0.743147
 0.407371
 -0.377189
 -0.315528
 0.111504
 -0.328992
 0.30171
 -0.0261786
 -0.580209
 -1.14082
 -0.782114
 -0.280393
 0.830435
 -0.31095
 0.796915
 0.576342
 -0.17585
 0.608849
 0.434093
 0.987256
 -0.0774096
 0.555373
 0.922186
 -0.0188078
 0.422107
 0.793521
 0.476991
 0.227577
 1.12229
 0.284175
 1.00627
 0.984231
 0.50666
 0.724194
 1.23928
 -0.307555
 0.576026
 0.664812
 0.805441
 0.112271
 -0.529287
 -0.718068
 -0.563891
 -0.429014
 -0.931705
 0.815778
 -0.614004
 0.372173
 1.06274
 -0.278354
 -0.237777
 -0.046011
 -0.156434
 0.886859
 0.444814
 1.29677
 -0.562293
 0.136451
 -0.308769
 0.766426
 0.466378
 -0.880598
 -0.492579
 -0.0507898
 -0.195531
 -0.686937
 0.504264
 -0.785845
 0.116077
 0.0190304
 0.56844
 0.767835
 0.786873
 -0.788505
 -0.489644
 -0.610648
 -0.632867
 0.588971
 0.288305
 0.967145
 0.222267
 -0.0507771
 0.521803
 -0.228891
 -0.0521735
 -0.24467
 0.719728
 0.371626
 0.446842
 -0.054186
 0.826491
 0.400028
 0.646042
 1.2803
 0.756656
 1.33954
 0.64983
 1.17464
 -0.143391
 -0.184612
 0.346041
 0.368324
 0.368838
 0.80382
 -0.466827
 0.056529
 -0.131904
 -0.580021
 -0.0222452
 -0.558811
 -0.219331
 0.0356264
 -0.835575
 -0.443153
 -0.15907
 0.51963
 0.210252
 0.574706
 0.111051
 -0.398729
 -0.11376
 -1.32888
 -0.121251
 -0.546169
 0.545759
 -0.348536
 -0.369113
 0.186268
 -0.950584
 0.303731
 0.244789
 0.366978
 -0.22683
 -0.3408
 0.00212658
 0.0456157
 -0.402427
 -0.176163
 -1.55237
 -0.987633
 -0.667618
 -1.35863
 -0.658378
 -1.28018
 0.214173
 -0.415804
 0.25361
 -0.0835097
 -0.415727
 -0.886716
 -0.384484
 -0.210004
 -0.394438
 -0.629814
 -0.275362
 -0.719563
 0.56604
 -0.219358
 0.402328
 0.137303
 0.603843
 -0.0172381
 0.700851
 0.868821
 -0.215307
 0.761149
 0.617916
 0.977969
 1.74915
 -0.240383
 0.438785
 1.28992
 0.543349
 0.959141
 -0.580503
 -0.857808
 -0.579965
 -0.0338406
 0.318275
 -0.162498
 0.732542
 -0.602942
 0.634647
 0.524154
 0.37312
 0.268108
 0.0842651
 -0.66718
 -0.912478
 -0.477335
 -1.22413
 -0.495366
 -0.228188
 -0.182998
 -0.165798
 0.275411
 -0.560256
 -0.474673
 -0.435281
 0.786593
 -0.302044
 -0.644376
 -0.523479
 0.458736
 -0.658503
 0.940592
 0.622042
 1.28689
 0.532861
 0.617012
 1.23913
 1.35807
 1.87331
 1.38256
 0.267305
 0.68607
 0.747816
 0.676197
 -1.20804
 -0.498748
 -0.238461
 -0.534606
 -0.270091
 0.953247
 1.01482
 -0.41996
 -0.518288
 -0.475549
 -0.417215
 -0.410841
 -0.735748
 -0.501986
 1.55392
 1.33193
 1.45006
 0.914247
 0.918856
 0.7678
 0.624704
 -0.0273406
 -0.166689
 0.100751
 0.299586
 0.956216
 1.15794
 0.881533
 0.236924
 -0.234977
 0.0171472
 -0.137161
 1.12467
 1.1906
 -0.258062
 0.215387
 -0.188567
 -0.328198
 -0.338868
 0.237876
 -1.36358
 -0.844343
 -0.168172
 -0.298314
 -0.89984
 -0.13708
 -0.575984
 -2.19077
 -1.21725
 -1.34804
 -0.354868
 -0.802523
 -0.727183
 0.242627
 0.685987
 0.416498
 -0.0485498
 -0.599739
 -0.609882
 -0.7565
 -0.941613
 -0.344844
 0.0764842
 -0.343277
 0.233368
 0.603271
 0.690271
 0.779509
 -0.369662
 -0.0598249
 -0.237391
 0.269028
 0.254469
 -0.0298344
 1.25419
 0.0781577
 1.09604
 0.964727
 0.129612
 0.0938241
 -0.441858
 -0.96089
 -1.16602
