 0.220376
 -0.614478
 -1.64932
 -2.1264
 -1.78093
 -2.21323
 -1.98353
 -1.27746
 -1.83711
 -1.34664
 -0.957502
 -1.28598
 -0.870879
 -0.548016
 -0.73172
 -0.00796906
 -0.661888
 0.220265
 0.588122
 -0.0790342
 0.213367
 1.04239
 1.42725
 0.556461
 1.70311
 1.08437
 0.557846
 0.14012
 -0.179646
 0.192039
 -0.298797
 -0.441487
 -0.184443
 0.273711
 -1.20444
 -0.822762
 -0.605799
 -0.827789
 0.514986
 -1.06229
 -0.12717
 -0.267668
 0.398529
 1.02962
 0.532153
 0.0491095
 -0.181235
 0.145919
 -0.383999
 -1.90861
 -1.17704
 -0.628083
 0.242608
 0.0845384
 0.447209
 1.64485
 1.5657
 2.44121
 2.30969
 2.55672
 2.07568
 2.16076
 2.00727
 2.43271
 1.87769
 1.50605
 1.67828
 1.70181
 1.19172
 1.39073
 1.53249
 0.365635
 0.27323
 0.842637
 0.511639
 0.153404
 0.016171
 0.74096
 0.835952
 0.189891
 0.812417
 1.1258
 1.15681
 0.870585
 0.710039
 0.890519
 0.695095
 -0.06209
 -0.297573
 -0.601056
 -0.148083
 0.386341
 -0.309776
 -1.48073
 -0.783916
 -0.578906
 -1.35284
 -0.86916
 0.0215041
 0.61159
 -0.0410117
 -0.0316348
 0.101508
 -0.0272495
 -0.243323
 -0.215637
 0.515183
 0.485238
 0.376013
 -0.240312
 -0.263816
 -0.973762
 0.0108668
 -0.325442
 0.357859
 0.0433426
 0.167746
 -0.24546
 -0.37675
 0.228625
 -0.912178
 -0.210201
 0.644701
 0.50365
 0.82099
 1.71982
 1.7184
 0.957389
 0.0791956
 0.334895
 -0.219427
 -0.198888
 0.181118
 0.844453
 0.287299
 1.29135
 0.000304955
 -0.236799
 0.543086
 0.580407
 0.0929239
 0.702289
 -0.0164811
 -0.074361
 0.079997
 -0.0646437
 0.743034
 0.557388
 1.43913
 1.01251
 1.63286
 1.31466
 0.456711
 0.105641
 0.0167506
 0.00641287
 -0.506679
 -0.186401
 -0.273775
 -1.06096
 0.574652
 0.345936
 -0.110823
 -0.968649
 -0.630679
 0.953877
 1.08033
 1.22487
 1.11008
 -0.0868125
 -0.112962
 0.213178
 0.435868
 1.36305
 0.840174
 0.151899
 -0.981896
 -1.223
 -0.723549
 -1.28148
 -0.54844
 0.65403
 0.122211
 -0.0635778
 -0.228925
 -0.176619
 -0.268089
 -0.102145
 0.879664
 0.590941
 -0.0300971
 -0.920973
 1.40517
 1.47862
 1.53054
 2.69513
 2.23441
 2.49496
 1.36979
 0.0161935
 -0.330512
 -0.234015
 -0.041668
 -0.368584
 -0.84358
 -1.28
 -0.454828
 -0.251614
 -0.361808
 0.826173
 -0.423454
 0.00263517
 0.28112
 0.449886
 0.685812
 1.17036
 0.389502
 -0.9975
 -0.764604
 -0.298137
 -0.305251
 -0.637557
 -0.573799
 0.269212
 0.0415518
 -0.311006
 -0.0710731
 0.628625
 0.665405
 0.465922
 -1.34271
 -0.870876
 -0.0101438
 0.070636
 -0.611656
 -0.691496
 -0.332245
 0.219802
 0.227636
 0.0263554
 -0.194427
 0.352449
 -0.217831
 0.340532
 0.0995501
 -1.61109
 -1.57468
 -1.65596
 0.00369488
 0.367985
 0.436174
 -0.717106
 -0.134622
 0.283311
 0.0978903
 1.23685
 -0.234501
 1.3338
 1.46564
 1.85997
 1.13528
 0.486848
 -0.899717
 -1.72213
 -1.79871
 -1.61545
 -1.40324
 -0.434204
 -1.87455
 -2.05205
 -1.14807
 -1.01368
 -1.5769
 -1.75244
 -1.99508
 -2.34024
 -1.58252
 -0.777531
 0.0940392
 -0.0954898
 0.372099
 -1.26205
 -0.560725
 0.554575
 0.107558
 -0.606593
 -0.49217
 -0.351888
 -0.197902
 -0.370679
 0.741339
 0.654706
 0.750546
 0.790528
 0.191825
 0.0167788
 -0.441141
 -1.77666
 -1.34832
 -0.669801
 -1.9018
 -1.74782
 -1.08805
 -1.36918
 0.0325807
 -0.296232
 0.0257052
 -0.112196
 -0.701912
 -0.776101
 -1.56516
 -1.5255
 -0.405946
 -0.740289
 -0.419978
 0.242495
 0.122299
 -0.671093
 -1.69533
 -1.9082
 -2.55348
 -2.1267
 -1.90742
 -1.55044
 -0.892488
 -0.481656
 -1.542
 -0.903524
 -1.21634
 -0.926087
 0.738146
 0.292115
 0.471037
 -0.273891
 0.366873
 0.039568
 0.0705983
 0.214671
 1.20047
 1.15893
 2.27093
 2.08401
 1.3883
 1.32743
 1.12892
 1.61837
 1.25963
 1.01217
 2.06962
 1.55715
 1.94204
 1.40633
 2.06356
 2.15736
 1.84101
 0.547696
 0.116765
 -0.675624
 -0.321655
 -1.14147
 -0.730925
 -0.421081
 0.898944
 0.493056
 0.176189
 -0.720754
 -0.889611
 -0.760663
 -1.10588
 -1.12433
 -1.84217
 -1.97198
 -1.44181
 -1.49477
 -0.90127
 -1.03547
 -0.526231
 -1.98584
 -1.40331
 0.613266
 0.625481
 0.19667
 0.100586
 0.649987
 -0.589259
 -0.761309
 0.397617
 1.37078
 -0.14961
 0.416878
 0.149226
 -0.414288
 -0.192938
 -1.58207
 -1.92354
 -1.32358
 -1.77578
 -0.418138
 0.121693
 -0.169034
 0.144041
 0.242682
 -0.384109
 -0.872122
 -0.025243
 -0.0662887
 0.312038
 0.515053
 0.0769985
 -0.49947
 0.010637
 -0.165862
 -0.797772
 -0.326992
 -0.315261
 -0.668741
 -0.742865
 -1.49691
 -1.51827
 -1.81433
 -3.05533
 -1.49197
 -1.64579
 -2.36649
 -2.29892
 -2.71392
 -2.35044
 -1.20849
 -1.16232
 -0.942643
 -1.1551
 -0.446819
 -0.482869
 -0.947273
 -1.81839
 -1.18857
 -0.32516
 -0.500974
 -2.18512
 -1.98503
 -1.78423
 -1.3448
 -1.3203
 -0.666109
 0.0365516
 0.462728
 0.973398
 0.399228
 -0.733178
 -1.48383
 -1.05328
 -1.03705
 -1.5544
 -0.793553
 -1.11876
 -0.859979
 -0.982419
 -0.568336
 0.554441
 0.80512
 1.65539
 1.17912
 -0.537678
 0.540307
 0.412641
 0.475018
 0.749962
 1.85405
 1.74011
 1.77585
 1.29861
 0.663515
 0.809828
 1.07745
 1.49556
 0.926965
 -0.109786
 0.177584
 0.696206
 0.0997651
 1.00685
 0.22497
 0.389387
 -0.300413
 -0.00339114
 0.960886
 0.636165
 0.861759
 1.04898
 0.612448
 -0.677506
 -0.671298
 0.747756
 0.00680776
 -0.789936
 0.0472031
 0.193259
 -0.26853
 -1.24585
 -1.68491
 -0.767751
 -1.31429
 -1.75089
 -2.22122
 -2.10443
 -1.61133
 -0.561444
 -0.119693
 0.471743
 1.37023
 1.42704
 2.49807
 2.52705
 1.81578
 0.919734
 1.48998
 1.84287
 1.48934
 0.789691
 1.66513
 1.49837
 0.69431
 1.319
 0.970514
 -0.0948604
 -0.805987
 -1.05086
 -0.651348
 -0.893513
 -0.412617
 0.0672691
 0.126014
 -0.516252
 -0.756545
 -0.871472
 0.568166
 -0.204142
 0.04016
 -0.424315
 -0.304021
 -0.497812
 -0.212905
 -5.68607e-05
 0.116113
 0.252403
 1.97363
 2.26727
 1.6013
 1.23473
 1.15518
 0.867736
 1.2414
 1.69563
 1.85734
 1.86285
 0.963892
 1.30852
 1.20667
 0.375652
 -1.10639
 -1.10436
 0.0799894
 0.0407877
 -0.298196
 0.790709
 0.840711
 1.03957
 1.5413
 0.576298
 1.21239
 0.502425
 0.567452
 0.829799
 1.08444
 0.791875
 0.337254
 -0.162555
 -0.808813
 -2.14402
 -1.54219
 -1.06636
 -0.572869
 -0.180611
 -0.782781
 -0.832223
 -1.76833
 -2.16725
 -1.26048
 -1.59377
 -1.25552
 -1.57629
 -1.0743
 -0.120343
 0.0231548
 0.266259
 0.0839336
 0.912396
 -0.0590655
 -1.12628
 -0.134316
 -0.278849
 -0.568794
 -0.979627
 -1.70669
 -0.00334245
 0.227681
 0.678059
 1.11486
 -0.782154
 -0.924446
 -0.532686
 -0.628535
 -0.0132184
 -1.1268
 -1.53497
 -0.936999
 -0.534872
 -0.225907
 -1.25691
 -0.503679
 0.106405
 -0.299098
 -0.477289
 1.33155
 0.45199
 0.670309
 0.838541
 0.826002
 0.165605
 0.589438
 1.45234
 2.10047
 1.69663
 0.843133
 1.01404
 1.9064
 0.980044
 0.0042532
 0.19095
 0.458652
 0.480125
 -0.320257
 -0.982298
 0.0682873
 0.0271008
 -0.0443449
 -0.0820464
 -0.514246
 -0.769241
 -0.265308
 0.0699051
 0.106564
 -0.112875
 0.500581
 0.582113
 0.305549
 0.116149
 0.506683
 0.73315
 0.843094
 0.666352
 -0.52557
 0.928584
 0.568957
 0.267645
 1.05854
 0.63188
 -0.873319
 0.186264
 0.731762
 -0.0458722
 -0.767131
 -0.271311
 0.00475099
 -0.468741
 -1.17939
 -0.295657
 -0.880143
 -0.30841
 -1.15878
 -0.505604
 0.0754824
 -0.296947
 -1.40733
 -1.05496
 -0.018813
 0.665604
 0.0198555
 -0.821973
 -0.732508
 0.362498
 0.125848
 -0.105143
 -0.0747978
 0.0102856
 -0.196715
 0.159658
 0.153146
 0.414996
 1.28041
 0.383169
 0.062466
 -0.01614
 0.55457
 1.31115
 -0.272834
 -0.931447
 -1.30591
 -0.515297
 0.288972
 1.00418
 1.72958
 1.52056
 1.13811
 1.09756
 0.199648
 0.437647
 0.379246
 0.419185
 0.971527
 1.18343
 1.86911
 0.793182
 0.399449
 1.08035
 0.985102
 -0.91835
 -0.0314237
 -0.126069
 0.118322
 0.631002
 1.20478
 0.799546
 0.564695
 0.992109
 1.98511
 0.92855
 0.947564
 1.60371
 1.05508
 1.61645
 0.125304
 0.917176
 0.289796
 -0.0504609
 -0.404985
 0.280241
 0.120346
 0.300891
 -0.714211
 -1.68578
 -1.21398
 -0.869047
 -0.574793
 -1.2364
 -1.37431
 -0.968171
 0.0606384
 0.216022
 -0.611555
 -1.84232
 -1.8855
 -0.803029
 -0.00845494
 -0.895409
 -0.105864
 0.853615
 0.43769
 0.318025
 0.109075
 -0.0337528
 0.665586
 -0.536155
 0.31128
 0.153301
 0.422483
 0.772621
 -0.482466
 -0.47074
 -1.33832
 -2.04771
 -1.24348
 -1.34614
 -1.06973
 -0.0307343
 -0.320411
 -1.23645
 -1.24908
 -0.970604
 -1.65614
 -2.20507
 -0.998066
 -0.750681
 0.420616
 1.22765
 1.36311
 0.619394
 -0.248983
 -0.515429
 -0.344858
 -0.90175
 -0.560242
 0.19658
 -1.55782
 -0.978539
 -0.192645
 0.0544512
 -0.164184
 -0.667366
 -0.882562
 -1.61276
 -1.60729
 -0.428991
 -0.837381
 -1.21906
 -1.75405
 -0.18579
 -0.725462
 -1.29136
 -0.967953
 -0.867688
 -0.195052
 -0.701232
 -0.274485
 -0.187726
 0.244751
 -0.164374
 -0.149502
 -0.0700908
 0.400487
 0.311364
 -0.269192
 -0.0599466
 0.129284
 -0.32611
 -1.12627
 -0.467952
 0.941415
 1.38319
 -0.1448
 -0.0405059
 1.71957
 1.65097
 0.442756
 -0.0342846
 -0.174019
 -0.195513
 -0.125542
 -0.276965
 -0.694334
 -0.552974
 -0.932177
 -1.31356
 -1.24041
 -0.574981
 -0.239867
 -0.857002
 -1.27965
 -0.0338802
 -0.027827
 0.151757
 -0.317181
 -0.123081
 0.88334
 0.512408
 0.505683
 1.00635
 0.72104
 0.119253
 -0.249598
 0.141792
 -0.682118
 -0.758538
 -0.381486
 -1.77219
 -1.9135
 -1.39497
 -0.755986
 0.34473
 0.592518
 1.12405
 -0.00556331
 -0.051183
 -0.58334
 -0.132728
 -0.16564
 0.672356
 1.25105
 1.58014
 2.80276
 2.90356
 1.70589
 0.390504
 -0.084012
 -0.568397
 -0.335862
 -0.972417
 -0.724902
 -0.53586
 -0.0013843
 -1.04556
 -0.201746
 -0.629082
 -0.875296
 -1.11542
 -0.847276
 -0.871892
 -0.225597
 -0.522564
 -0.0878891
 -0.9134
 -1.54868
 -1.33283
 -0.631037
 -1.63389
 -0.946981
 -0.98054
 -0.304784
 -0.589314
 -1.55288
 -0.979272
 -0.877366
 -0.12548
 -0.656653
 -0.0794682
 0.249715
 -0.40794
 0.388736
 1.88088
 0.916911
 0.614602
 0.803308
 1.27586
 0.713084
 0.278097
 0.168983
 -0.0328971
 0.144738
 0.14034
 -0.0170922
 -0.98987
 -1.2286
 -0.770572
 -0.946703
 -2.01133
 -2.21219
 -1.91189
 -2.10353
 -1.91685
 -1.38786
 -1.60247
 -0.668971
 0.0606119
 1.93749
 1.75594
 0.379863
 0.967529
 -0.184787
 -0.414598
 0.0384183
 0.367402
 -0.59881
 -0.157771
 1.44136
 0.657467
 0.886571
 -0.337305
 0.0141741
 -1.76769
 -1.35779
 0.348121
 0.616135
 1.15539
 0.55764
 0.506769
 0.190775
 -0.575824
 -0.304745
 -0.37612
 -0.359564
 -0.373739
 0.277043
 -0.512428
 0.662231
 0.439736
 0.930444
 0.568362
 -1.13494
 -1.25425
 -1.72357
 -2.35346
 -2.18967
 -1.16493
 -0.461682
 -1.19757
 -0.889202
 -2.38738
 -2.42706
 -2.2148
 -1.6657
 -1.56556
 -0.838947
 -0.720592
 -0.538595
 -0.118857
 -0.360276
 -0.486187
 0.110439
 0.557869
 0.100944
 1.01802
 1.10135
 0.708213
 0.666878
 0.704261
 0.80838
 1.8577
 1.74344
 2.21467
 0.271705
 -1.16431
 -0.373342
 0.556422
 0.0893553
 -0.426768
 -1.19836
 -0.669312
 -0.409939
 -1.60078
 -1.04093
 0.144769
 -0.196864
 -0.392829
 -1.07732
 -0.868532
 -1.34708
 -1.36966
 -1.53332
 -1.05355
 -0.446917
 0.37592
 -0.260635
 0.125698
 0.0179491
 0.34073
 -1.0893
 -1.18974
 -0.915888
 -0.26666
 -0.374822
 -0.322879
 0.692418
 0.280572
 0.823932
 0.52823
 1.10388
 0.65762
 1.74557
 0.841865
 1.05824
 1.73651
 2.11808
 1.36118
 1.81384
 0.706417
 1.04943
 1.09815
 1.4886
 1.88851
 1.50204
 -0.44206
 -1.01412
 0.117342
 0.525048
 0.907605
 2.37911
 1.27479
 0.697762
 0.683354
 0.816864
 0.846744
 1.18062
 0.968721
 1.18821
 0.21296
 0.303765
 -0.80731
 -0.187222
 0.68483
 0.45969
 0.502383
 -0.123676
 0.37946
 1.23471
 0.506213
 1.08972
 1.02766
 1.48235
 0.331212
 -0.356887
 0.0931969
 -0.601156
 -0.441673
 -0.610749
 -1.61306
 -1.04107
 -1.74751
 -1.55904
 -1.71698
 -0.922395
 -1.11656
 -1.69754
 -1.29038
 -1.6043
 -1.80107
 -2.14643
 -1.4229
 -0.793749
 -1.21254
 -0.173417
 -0.655169
 -1.19788
 -0.656127
 -0.114993
 -0.570553
 -0.270489
 -1.25779
 -0.662741
 -0.387595
 -1.9071
 -2.42795
 -0.418679
 0.526284
 -1.03949
 -0.319001
 -0.0248558
 0.570731
 -0.017298
 -0.0722607
 -0.185893
 0.840669
 0.860144
 1.17564
 0.0774528
 0.305026
 -0.492319
 -0.224101
 0.669024
 -0.475917
 -0.00299684
 -0.573379
 -0.248022
 0.466453
 -0.753462
 -0.505907
 0.254531
 -0.168648
 0.0198928
 -0.521655
 0.131726
 -0.221491
 0.767987
 0.294331
 1.48042
 1.07843
 0.760504
 -0.257433
 -0.684952
 0.463285
 0.665359
 0.564518
 0.110725
 -0.0270105
 -0.725564
 -1.1653
 -0.906178
 0.25208
 0.475348
 -0.480002
 -1.21161
 -0.542539
 -1.38921
 -0.936879
 -0.809673
 -0.659697
 -1.55224
 -2.86286
 -2.15713
 -1.26308
 -1.24265
 -1.07924
 -1.16159
 -0.684912
 -1.09574
 -1.25698
 -0.973478
 -0.660797
 -0.628827
 -0.584169
 -0.825475
 -0.910376
 -0.00853288
 0.430381
 -0.322399
 -0.873612
 -0.976232
 -0.561442
 -0.0149501
 -0.504341
 -1.18764
 -0.75996
 -0.451203
 -1.40901
 -1.81512
 -0.108166
 -0.3482
 -0.991564
 -0.519538
 -1.01753
 -0.877184
 -0.930992
 -1.47865
 -0.645905
 -0.898121
 -0.536041
 -0.738762
 -0.0401103
 -0.887477
 -1.95156
 -2.4734
 -2.36408
 -2.1485
 -1.74374
 -1.66568
 -0.612597
 -0.04693
 -1.25438
 -1.48701
 0.281044
 0.917038
 0.00206929
 0.179158
 1.21473
 0.524096
 1.29944
 1.05613
 -0.768491
 -1.21305
 -0.815229
 -0.04745
 0.0951172
 -0.120776
 -1.21457
 -0.39712
 -1.06042
 -1.74146
 -1.26292
 -0.787556
 -0.534058
 -0.53093
 -0.679061
 -0.722021
 -1.01251
 -1.40772
 -2.22053
 -1.66142
 -1.33427
 -1.35293
 0.287939
 0.21311
 0.33192
 0.956578
 1.61414
 0.256004
 0.377228
 1.16517
 0.653374
 0.936511
 0.797237
 1.81772
 2.31082
 1.96846
 1.32381
 0.558004
 0.896411
 1.1381
 1.58421
 1.25571
 0.384843
 -0.182531
 0.194727
 -0.197231
 -0.819485
 -0.441491
 0.855504
 1.23283
 0.950016
 1.9642
 1.07529
 1.4674
 1.78957
 1.83212
 2.86934
 0.858734
 0.730665
 0.509801
 0.662661
 0.232598
 0.913645
 -0.117669
 -0.886371
 -0.620152
 -0.530904
 -0.76774
 0.0392302
 -1.51337
 -0.38367
 -1.11342
 -1.28683
 -0.913047
 0.812259
 0.732068
 0.676829
 1.78757
 0.912829
 1.01501
 1.24084
 0.87898
 1.65986
 2.19674
 2.12481
 2.25347
 1.66013
 1.10041
 1.28948
 0.550356
 1.83078
 2.16723
 1.71226
 1.81758
 1.64015
 0.604478
 -0.176788
 -0.281828
 0.88294
 0.951336
 1.94053
 2.08102
 2.15993
 2.44327
 3.32155
 3.02534
 2.36986
 2.17778
 1.507
 1.17775
 0.520501
 0.562645
 0.402048
 0.796592
 0.217894
 0.720809
 -0.220822
 0.585064
 0.530713
 0.469319
 1.28782
 0.754132
 1.1153
 1.02101
 1.89038
 1.8619
 2.87794
 2.10265
 0.959609
 0.593465
 0.446941
 -0.286795
 -0.0990735
 -0.77145
 -0.505982
 -0.407253
 -0.271319
 0.353238
 0.0298773
 0.470142
 0.504005
 1.06991
 1.17216
 1.28863
 0.904706
 -0.0788787
 0.789159
 0.865268
 0.46386
 -0.706662
 0.0971204
 0.586435
 0.252286
 0.959167
 0.548886
 0.276861
 -0.631746
 -1.22078
 -0.60182
 -0.527204
 -1.04778
 -0.735928
 -0.950068
 -0.61773
 -1.13535
 -0.380393
 0.307574
 0.223129
 0.384508
 0.448772
 1.08171
 0.351724
 0.185064
 0.349851
 1.17495
 0.845699
 -0.318559
 -0.0664507
 0.308268
 -0.00126968
 -0.290817
 -0.255111
 0.246579
 1.69104
 -0.180585
 0.613333
 0.10565
 -0.157445
 -0.241475
 0.542258
 0.604169
 1.17784
 1.21008
 1.50394
 1.38227
 0.723951
 -0.456353
 -0.397018
 -0.26057
 1.01617
 0.206862
 -0.949999
 -0.457657
 0.00784733
 0.222061
 0.783093
 0.59078
 0.595597
 0.871279
 1.1305
 0.778373
 -1.15229
 -0.695418
 -0.0173206
 0.106307
 0.0956412
 -0.93329
 -0.719494
 -0.966105
 0.508198
 0.468451
 0.339656
 0.153876
 0.906566
 0.623711
 0.843007
 -0.366034
 0.0925258
 -0.183403
 -0.893939
 0.737708
 1.27064
 0.959254
 2.10922
 1.32951
 0.296703
 -0.0445143
 0.209224
 0.906374
 0.626647
 0.56861
 -0.950293
 -2.41982
 -2.25409
 -1.80541
 -1.40013
 -1.31174
 -0.303784
 0.151517
 0.00145537
 0.451997
 1.07938
 1.25232
 1.20375
 0.11905
 0.412918
 -0.111105
 -1.25266
 -0.954992
 -0.928645
 -0.582137
 -0.809462
 -0.47401
 -0.514432
 -0.482963
 -0.620119
 -0.56208
 -0.622907
 -0.123961
 -0.367254
 -0.0036493
 -0.318629
 -0.901048
 -1.85769
 -0.318009
 -0.0159295
 0.613821
 0.983036
 1.00096
 1.06586
 0.858607
 1.12521
 1.08997
 0.123528
 0.562984
 1.39889
 0.342589
 -0.285507
 1.63242
 1.41201
 1.71398
 1.06108
 2.00706
 1.52899
 0.734062
 0.476375
 0.461302
 0.72343
 0.23895
 0.492734
 -0.53163
 -0.319983
 -0.683806
 -1.05235
 -0.199379
 -0.864323
 0.166806
 0.443474
 0.498751
 -0.924534
 -0.616993
 -1.46222
 -0.317014
 -0.399801
 -0.0591588
 0.381328
 1.10536
 0.4663
 1.30988
 0.306464
 -0.544987
 -1.08274
 -0.50847
 -1.18012
 -1.66154
 -2.27583
 -0.759787
 -1.32928
 -0.593236
 -0.297192
 -0.70146
 -1.2926
 -1.32424
 -1.2169
 -1.50895
 -1.57411
 -1.69956
 -0.999107
 -0.475977
 -1.14667
 -1.72745
 -1.63942
 -1.55125
 -1.91908
 -1.18415
 -1.38801
 -1.31287
 -1.00364
 -1.44278
 0.264645
 -1.35336
 -0.566104
 0.303083
 0.0134679
 1.05293
 0.831727
 0.84133
 1.15039
 1.05342
 -0.246059
 0.233548
 0.0766884
 -0.0147054
 -0.382207
 -0.851493
 -1.18247
 0.0684306
 -0.218578
 0.259556
 -0.726322
 -0.57746
 -1.09414
 -1.4608
 0.25132
 0.54459
 -0.252511
 -0.0130905
 -0.935126
 -1.78033
 -1.75972
 -1.33174
 -1.73556
 -0.139149
 -0.610118
 -0.688343
 0.0665265
 -0.635068
 0.175575
 0.287839
 -0.177623
 1.17226
 1.35682
 0.434744
 1.18499
 0.362934
 -0.0857367
 -0.112431
 0.596266
 0.445668
 1.07169
 1.28776
 0.0463874
 0.793256
 1.4502
 1.70533
 1.21956
 0.316558
 0.414839
 0.0387941
 -0.317656
 -0.241753
 -0.727321
 0.220317
 0.829411
 0.520473
 0.375772
 -0.265772
 -1.06423
 -1.29601
 -0.966864
 -2.0835
 -1.69591
 -1.05931
 0.397622
 -0.13154
 -0.58021
 0.258444
 -0.415612
 -0.451105
 -1.22542
 -1.84339
 -0.0147443
 0.219896
 0.137867
 -0.845172
 -1.4008
 -1.96227
 -1.99405
 -0.495591
 -1.05065
 -1.01047
 -0.889742
 -1.78343
 -2.66698
 -1.95248
 -0.966781
 -0.561086
 -1.54696
 -0.850655
 -0.340427
 0.533951
 0.349128
 0.63931
 1.22021
 -0.388056
 -0.1186
 -0.124685
 0.226119
 -0.570224
 -0.893866
 -1.50008
 0.0555811
 -0.0590802
 -0.496208
 0.314389
 1.22324
 0.725164
 0.699481
 0.722723
 0.402304
 0.306305
 -0.0976261
 -0.329299
 -0.313591
 0.125121
 0.493007
 -1.08215
 -1.05602
 0.14883
 0.958917
 1.94106
 1.11742
 1.39478
 -0.231467
 -0.751922
 -1.52922
 -0.950405
 0.354873
 -0.0491688
 0.444162
 1.73471
 1.53628
 1.65416
 0.597565
 -0.0980669
 1.39698
 0.775909
 0.837352
 0.0247852
 -0.376236
 -0.248022
 0.799909
 0.977699
 0.700662
 -0.229963
 0.929992
 0.947097
 1.90448
 1.94198
 0.835784
 0.825198
 1.21322
 2.04532
 1.84822
 1.29448
 1.41482
 0.748742
 0.427261
 0.34127
 -0.370376
 -0.185439
 -0.160609
 0.709762
 1.32247
 0.223264
 -0.916
 -0.0540329
 0.0261192
 -0.971904
 0.315634
 0.538271
 0.948688
 0.0753211
 -0.274943
 -0.39265
 -0.417548
 -0.213576
 -0.146672
 -1.27815
 -1.8371
 -0.596486
 -0.416592
 0.29915
 -0.168865
 -0.367676
 0.0742174
 -0.895557
 -0.756596
 -1.25173
 0.800093
 0.230605
 -0.555429
 -1.59423
 -0.281641
 -0.526156
 0.196491
 0.828651
 0.215393
 0.25625
 0.132175
 -0.12391
 0.0582979
 0.13327
 -0.439725
 0.10565
 -0.678028
 -0.560642
 -0.557194
 0.365626
 0.694905
 0.474873
 -0.242339
 -0.504565
 -1.80527
 -2.1262
 -1.46397
 -1.02463
 -0.174753
 0.654602
 0.289667
 1.51069
 1.49016
 1.86364
 0.310245
 -0.480219
 -0.0410282
 -0.539057
 -0.277286
 0.138938
 -1.37965
 -1.66967
 -1.23457
 -0.707865
 -0.102238
 -0.355133
 0.168774
 0.333728
 0.320855
 -0.782928
 -0.195091
 -0.914151
 -0.447464
 -0.471732
 -0.164191
 -0.321628
 -0.131112
 0.255389
 0.951995
 1.17428
 0.149487
 0.460353
 -0.313785
 0.270916
 1.34798
 1.5031
 0.680682
 0.760979
 1.61264
 1.78358
 1.34633
 0.308726
 1.05096
 0.674955
 1.64387
 0.921579
 0.552732
 0.0138875
 0.729531
 0.920348
 -0.565174
 -1.09258
 -0.870388
 -1.83484
 -1.81826
 -1.14374
 -0.482418
 0.0602654
 0.0630446
 -0.461493
 -0.532841
 -0.871548
 0.223761
 0.22219
 0.089885
 0.503007
 -0.0681135
 -0.0222246
 0.124741
 0.100279
 -0.659662
 -0.0886561
 1.08441
 1.88403
 0.445039
 0.0863042
 0.239767
 1.23111
 1.57166
 0.824223
 0.00281389
 0.76303
 0.267756
 -0.0216541
 -0.200723
 -0.143461
 -1.49189
 -1.94261
 -0.966969
 0.300768
 -1.04814
 -1.09414
 -0.460697
 -0.392869
 -0.193352
 -0.341774
 -0.148606
 -0.14566
 -0.264805
 0.245574
 -0.796093
 0.201632
 -0.439536
 0.334408
 0.185976
 0.0571666
 0.778919
 0.974878
 -0.333643
 -1.04858
 -0.197763
 -0.429709
 -0.931982
 -1.15821
 -0.192825
 0.0882544
 -1.31642
 -0.93208
 -0.813448
 -0.752115
 0.18455
 1.38433
 1.01259
 0.866514
 1.67015
 1.02853
 0.607232
 1.59915
 1.37614
 0.636368
 0.387446
 1.53912
 1.11292
 0.986414
 0.359489
 0.435102
 0.298519
 1.0105
 0.670077
 1.97468
 1.43926
 0.630308
 -0.37609
 0.423238
 0.580943
 -0.758035
 -0.505281
 -0.234587
 -0.321661
 -0.524647
 1.12839
 1.4447
 1.24208
 0.929344
 1.64779
 1.95388
 1.39
 1.88048
 1.87294
 2.06165
 1.1913
 1.6858
 0.614559
 1.16108
 1.4349
 1.40822
 0.27721
 -1.0918
 -0.502081
 -0.648676
 -1.08214
 -1.87246
 -1.238
 -1.85287
 -1.4879
 -1.25361
 -1.51135
 -1.11034
 -0.52501
 -0.368441
 -0.319163
 -0.163192
 -0.10254
 0.983708
 1.2424
 1.10565
 0.420039
 -0.818883
 -1.08916
 -0.677106
 0.420217
 0.613536
 0.893121
 1.73306
 2.25216
 1.60232
 0.483543
 0.140007
 0.4027
 1.17085
 1.4338
 1.02135
 -0.66577
 -0.924276
 -0.77153
 0.22772
 -0.793295
 -0.66526
 0.212191
 -0.731004
 -0.138232
 0.0469364
 0.0602332
 1.24189
 1.06339
 2.10209
 1.71292
 2.15229
 2.27893
 2.27715
 2.67248
 1.81126
 0.809915
 0.410176
 0.759876
 -0.107017
 -0.244187
 0.139501
 -0.357328
 -0.440416
 -1.0225
 -1.18913
 -0.251623
 -0.967529
 -0.6379
 -0.577095
 -1.32115
 -1.63696
 -1.35232
 -2.30708
 -1.75326
 -0.936366
 -0.733328
 -0.336266
 0.48447
 0.655611
 -0.0755232
 -0.656231
 -0.697278
 -0.710782
 -1.06905
 -0.446142
 1.28978
 0.898163
 0.998415
 -0.113245
 0.796607
 0.272898
 1.09472
 0.72456
 0.797798
 0.544634
 0.948563
 0.128368
 0.57829
 -0.124485
 -0.435081
 -0.784079
 -1.22283
 -1.24495
 -0.699582
 0.0360796
 -0.809226
 -0.656267
 -0.627399
 -1.3364
 -1.30848
 -1.6268
 -1.81578
 -1.56963
 -0.718202
 -0.763917
 -0.0452504
 -0.953822
 -1.11231
 0.394762
 -0.214649
 -0.545797
 -0.569011
 -0.668114
 -0.588877
 0.220732
 -0.137849
 0.307375
 0.645791
 -0.542108
 -0.0961372
 -0.66777
 -0.416159
 -1.41894
 -0.428667
 -0.652126
 -1.242
 -1.27498
 -2.20691
 -1.80812
 -0.0915217
 -0.282546
 -0.357766
 -0.379428
 -0.981035
 0.0414769
 -0.775724
 -0.934333
 -1.13799
 -0.783116
 -0.151763
 -0.79168
 -0.556948
 -0.571513
 -0.75392
 0.335449
 1.14702
 0.840733
 0.301625
 0.507744
 0.870784
 1.50456
 1.3921
 1.42166
 0.465386
 1.00088
 0.738837
 0.697343
 0.248377
 -0.272737
 0.167557
 0.772191
 1.26111
 0.832557
 -0.0939108
 0.399565
 -0.242821
 -0.220856
 0.29329
 0.681147
 0.526391
 -0.0229238
 0.357101
 -0.44659
 -0.899155
 -0.345239
 0.407221
 0.556634
 1.07617
 0.669896
 0.175445
 0.499776
 2.13054
 2.51682
 2.02741
 1.6127
 1.12913
 1.04379
 0.332648
 0.781828
 1.47523
 0.669536
 1.7829
 1.78884
 1.94791
 -0.2775
 -0.9934
 -1.19247
 -0.201044
 -0.31089
 0.104129
 1.25533
 0.200962
 0.926102
 1.5873
 0.8367
 0.428459
 0.109967
 -0.99161
 -1.06101
 0.307123
 0.726877
 1.72582
 1.15508
 1.40415
 0.895173
 1.8284
 0.847599
 0.979926
 -0.650566
 -1.00176
 -0.811552
 0.315875
 0.0632448
 0.459258
 -0.113509
 -0.268497
 0.469741
 0.184508
 0.0260441
 0.0714317
 -0.0735156
 -0.187918
 -0.999692
 -0.0518708
 -0.679119
 -0.024158
 0.945385
 1.03184
 0.752946
 0.420232
 0.952919
 1.02547
 0.585941
 -0.937191
 -0.61989
 -0.213496
 -0.114689
 -0.479716
 -0.196063
 -0.506926
 -0.628887
 -0.156042
 -0.0362424
 -0.0706564
 -0.268339
 0.0566641
 -0.815496
 -0.171054
 -0.407971
 -0.376055
 1.28393
 1.60052
 0.999118
 0.366651
 0.349047
 -0.165494
 -0.363481
 -1.34326
 -1.09566
 -0.163195
 0.186406
 -0.634729
 -0.604325
 -0.00608884
 0.109122
 0.0956489
 -0.00269894
 -1.00348
 -0.171388
 0.248743
 1.06441
 1.01513
 0.922653
 -0.172891
 -0.658404
 -0.233135
 -0.25316
 -0.0384615
 -0.451878
 -1.77502
 -1.41029
 -0.675726
 0.220756
 1.33874
 0.547751
 0.523594
 0.212537
 -0.427045
 -0.810183
 -0.066649
 -0.162576
 -1.07124
 -1.47627
 -0.277666
 -0.184098
 -0.0107318
 0.42889
 -0.884344
 -0.443386
 -0.577485
 -1.13748
 -2.26386
 -1.41361
 -2.02259
 -0.892635
 -0.899561
 -2.31814
 -1.4081
 -1.2155
 -2.08582
 -2.34661
 -2.21408
 0.567461
 0.292892
 -1.23384
 -1.24584
 -1.99848
 -1.77787
 -1.47034
 -1.09653
 -0.197674
 -0.902794
 -0.894419
 -0.973952
 -2.10334
 -1.30201
 -1.17562
 -0.939686
 -0.103812
 -0.556858
 -0.483394
 -0.251305
 1.4585
 1.01265
 0.738342
 2.02201
 1.87057
 1.42239
 0.998365
 0.473302
 0.203007
 0.601446
 -0.131337
 -0.118054
 0.74213
 0.665747
 1.37862
 0.516273
 -0.542235
 -0.515911
 -1.08234
 -0.55696
 -1.18017
 -1.73864
 -1.83238
 -0.81944
 -0.545916
 0.299935
 -0.227632
 0.0138856
 0.579184
 -0.109284
 1.16851
 -0.398094
 -0.323002
 -0.152304
 0.0341647
 0.733061
 0.465049
 1.30454
 1.32982
 0.999951
 0.951266
 1.57238
 1.75939
 2.37396
 2.79357
 2.44183
 2.91094
 1.85473
 1.38007
 1.23816
 2.0903
 1.22279
 0.297311
 0.0737752
 -0.634645
 -0.261462
 -1.26696
 0.219097
 0.0807582
 -0.038432
 -0.136548
 0.605787
 1.09038
 1.33157
 0.527045
 0.448568
 0.732502
 -0.635368
 -1.02733
 -0.716125
 0.626538
 1.38353
 1.27808
 1.37006
 0.732302
 0.819143
 -0.0101001
 -0.12356
 -0.316503
 0.142552
 0.272529
 -0.0727936
 -0.899506
 -1.16987
 -1.85911
 -1.63157
 -1.36299
 -0.777758
 -1.04076
 -0.0409425
 -0.63776
 0.188273
 1.06328
 0.559173
 1.41253
 2.10768
 2.00963
 1.13032
 1.9791
 0.85656
 -0.22708
 -0.2113
 -0.0135466
 -0.421728
 -1.18847
 -0.607744
 -0.540908
 -0.489358
 0.409352
 0.64935
 1.02967
 0.221416
 -0.439122
 0.104159
 0.519545
 0.573984
 1.16112
 1.02305
 0.194537
 -0.182686
 -0.361621
 -0.263989
 0.691666
 0.677504
 1.93158
 1.18012
 0.0182364
 -0.358058
 -0.436472
 -0.296305
 -0.804259
 -1.24858
 -1.50589
 -2.25961
 -1.68979
 -0.277867
 -0.216669
 0.0861913
 -0.744376
 -1.74744
 -0.904905
 -1.39091
 -1.04784
 -0.555068
 -0.0944105
 -0.650823
 -0.899284
 -0.562312
 -0.0550687
 -0.276811
 -0.19473
 -0.908432
 -1.13793
 -0.582779
 -1.14114
 -0.854869
 -0.969582
 -0.112391
 -0.095824
 0.486366
 -0.0540999
 0.732796
 0.684108
 1.26824
 0.713997
 1.48817
 1.28657
 1.02488
 1.06905
 -0.459611
 0.116918
 1.35844
 -0.720617
 0.544775
 0.476993
 0.0621353
 -0.164421
 -1.86656
 -1.07153
 -1.41678
 -0.823553
 -1.23597
 -1.50303
 -0.876348
 -1.68853
 -1.14472
 -0.442465
 -0.393463
 0.577749
 1.67269
 1.20489
 1.28353
 0.762316
 -0.932653
 -0.717915
 -1.1958
 -1.62842
 -1.85142
 -0.78883
 -1.8122
 -0.993105
 -1.92996
 -1.24625
 -1.18764
 -0.323591
 0.942021
 1.24219
 0.71408
 -0.512093
 -0.614004
 -0.65336
 -0.45282
 -1.28075
 0.151317
 -0.426654
 -0.367099
 0.125401
 0.804919
 0.866126
 0.546582
 1.00109
 0.556487
 0.779728
 -0.221296
 -0.561366
 -0.0842459
 -0.336538
 1.52977
 1.34271
 1.96888
 1.63382
 0.843995
 2.49943
 2.27408
 1.70674
 1.05389
 0.927079
 -0.229014
 -1.17529
 -1.15851
 -0.682078
 -0.410664
 -0.368816
 -0.219554
 -0.454149
 -0.793505
 -1.00202
 0.0482777
 0.802825
 -0.660938
 -0.745229
 -1.0382
 -1.7564
 -1.33204
 -1.51853
 -1.33234
 -1.23991
 0.147921
 0.210339
 0.953591
 1.01352
 -0.161783
 -0.375088
 -1.53769
 -1.16738
 -0.647299
 -0.58111
 -1.18545
 -1.13346
 -1.46574
 -1.7764
 -0.0265661
 -0.658178
 -0.982378
 -0.461718
 -0.238731
 0.0549308
 1.20973
 0.707863
 -0.3295
 -0.633683
 -0.816531
 0.230789
 0.345765
 0.558459
 1.28575
 0.746529
 0.273952
 0.23224
 0.746327
 -0.0359996
 0.284239
 1.00431
 0.968769
 0.0975016
 0.860471
 1.03016
 1.44291
 0.445187
 -0.498049
 -0.0479182
 0.0928538
 0.44399
 -0.100973
 -0.629262
 -0.775231
 -0.0159148
 -0.927124
 -0.228261
 -0.850587
 -1.41167
 -0.471125
 0.113666
 -0.209669
 -0.703989
 -1.03951
 -0.334864
 -0.763609
 -0.36301
 0.0291423
 0.0817368
 0.01162
 0.318357
 -0.268576
 1.21079
 -0.338606
 0.0886666
 0.339032
 0.818312
 1.53435
 1.65488
 1.47184
 1.10799
 0.522941
 0.630939
 0.890479
 0.472237
 -0.394841
 -0.880329
 -0.15044
 -0.367653
 -0.0779811
 -0.905925
 -0.218851
 0.0833456
 -0.42316
 -0.179757
 0.0540465
 -0.324674
 0.0734633
 -0.569526
 -0.553277
 -0.0917976
 -0.552011
 0.589903
 0.439577
 0.577135
 0.428435
 -0.616737
 -0.450353
 -1.41127
 -1.73943
 -1.84746
 -1.30178
 -2.05559
 -1.91371
 -1.20939
 -0.634949
 0.0523583
 -0.382463
 -0.255593
 -1.16365
 -0.100123
 0.152624
 -0.287094
 0.00495661
 0.384119
 0.200256
 0.743432
 0.922007
 -0.346609
 -0.316283
 0.506738
 0.814658
 0.329779
 0.961774
 1.00672
 1.62629
 1.01283
 0.672342
 -0.2017
 -0.38573
 -0.606077
 0.0496804
 0.317335
 0.541379
 0.256269
 -0.206729
 0.101452
 -0.408867
 -0.323493
 -0.551205
 -0.430123
 -0.675416
 -0.918202
 -0.433288
 -0.313227
 -0.441839
 -1.3106
 -0.969599
 -0.36318
 -0.671304
 0.157025
 0.596017
 0.596884
 -0.451639
 -0.545144
 0.14904
 0.254623
 -0.107186
 0.0251112
 -0.350185
 -0.633687
 -0.168249
 -1.21346
 -2.0602
 -2.11828
 -2.13423
 -1.52611
 -0.936371
 0.0407748
 0.729312
 0.107613
 0.0385078
 -0.12989
 1.11376
 0.367958
 -0.277858
 1.08309
 0.208839
 0.110952
 -0.628233
 -0.921503
 0.0689729
 0.35662
 0.541994
 -0.518132
 -0.705563
 -0.756716
 -0.872612
 -0.796677
 0.0246917
 -0.836388
 -0.874409
 -1.10942
 -1.99296
 -2.16007
 -1.78141
 -2.36925
 -1.17692
 -1.14834
 -0.379128
 0.448289
 1.23635
 1.11363
 1.1152
 -0.0436055
 -0.249113
 -0.0280614
 0.705748
 1.06097
 0.642223
 -0.0966629
 -0.142249
 -0.772795
 -0.0921275
 -1.13662
 -0.51847
 0.565711
 0.0287025
 0.142578
 0.737924
 0.646045
 0.675597
 0.0848414
 -0.296277
 0.252007
 0.359167
 0.643716
 0.564094
 -0.151052
 -1.15051
 -0.652061
 0.525739
 0.52827
 1.08718
 1.08397
 -0.204925
 0.466713
 0.00206314
 0.0695675
 -0.293574
 -0.0016234
 -0.756457
 -0.836385
 -0.102092
 0.125346
 -0.791409
 -0.905341
 -0.94774
 -0.224182
 0.243535
 -0.965002
 -1.55747
 -1.48462
 -0.802588
 0.0439578
 1.28668
 1.34697
 0.774265
 0.782919
 0.76787
 -0.359075
 -0.872522
 -1.96938
 -1.24914
 -2.48651
 -1.53605
 -1.46784
 -0.914921
 -0.648088
 -2.14928
 -2.26525
 -1.06575
 -0.918177
 -0.434222
 0.56499
 -2.23379
 -2.16674
 -1.6309
 -0.905714
 0.117111
 -0.0169962
 -0.390397
 -0.916452
 -1.05135
 -1.67451
 -2.73613
 -1.40965
 -1.13303
 -1.43867
 -1.48009
 -1.4099
 0.152202
 0.785773
 0.331156
 -0.25449
 -1.29548
 -1.29387
 -1.76189
 -0.809905
 -0.322874
 -0.775935
 -1.29682
 -0.58129
 -1.35935
 -1.56033
 -1.73482
 -0.917383
 0.911073
 1.38806
 1.30491
 0.551759
 0.137292
 0.411735
 2.09358
 1.11353
 0.422166
 0.530858
 0.825475
 0.762764
 1.39037
 1.204
 0.842127
 1.10472
 0.502174
 0.672
 0.118764
 -0.104067
 -1.24823
 -1.19025
 -1.28685
 -0.618623
 0.263963
 -0.040884
 -0.0125901
 0.457547
 -0.00508065
 0.222424
 -0.468553
 -1.14873
 -1.40906
 -2.091
 -1.84865
 -0.880498
 -1.41693
 -0.680023
 -0.32868
 -0.329954
 -0.120535
 1.26409
 0.814803
 0.0644208
 1.37512
 1.35624
 0.245515
 -0.0346591
 0.44945
 1.14714
 -0.254931
 0.08899
 1.20868
 0.726445
 0.946311
 0.682829
 0.809157
 -0.365355
 -1.11326
 -1.53414
 -2.54171
 -1.91087
 -1.10578
 -0.386875
 0.0362668
 0.132354
 -0.927008
 0.378695
 0.184063
 -0.177034
 -0.782684
 0.390509
 0.750774
 1.18571
 1.55804
 0.403363
 0.595559
 1.20655
 1.64938
 0.760687
 0.416089
 0.0371658
 -1.76317
 -0.383699
 0.109852
 0.241959
 0.638052
 -0.229561
 -0.228838
 -0.0139692
 -0.209245
 0.314684
 0.42361
 -0.110878
 -0.016076
 -0.266306
 0.372744
 1.11405
 0.771094
 0.924211
 1.07053
 0.727115
 1.09145
 1.19808
 -0.344324
 -0.637949
 0.181465
 0.825765
 -0.173282
 0.255857
 -0.247258
 -0.518706
 0.80283
 2.09753
 1.64394
 2.56785
 3.57201
 2.62437
 2.14072
 1.72478
 0.213789
 -1.16516
 -0.311365
 -0.0906196
 0.647897
 0.816674
 0.806437
 0.705379
 1.57401
 1.99302
 0.957712
 0.445919
 0.409025
 0.915886
 1.22904
 0.721237
 -0.592993
 -0.873895
 -0.18304
 -0.424418
 -0.0954758
 -0.141115
 0.0280019
 0.329108
 0.592893
 0.696117
 0.264912
 -0.236558
 0.407968
 0.0909082
 0.0894888
 -0.343368
 0.118537
 0.741285
 0.817777
 0.729295
 1.66028
 1.54957
 1.27699
 1.71757
 0.159346
 -0.0377479
 -0.823509
 -0.251667
 0.065804
 -0.394127
 0.132835
 0.141121
 0.500941
 0.351359
 0.694771
 1.29416
 0.201697
 0.561545
 0.563767
 0.95202
 0.880083
 0.45349
 0.64781
 0.344175
 -0.606634
 -0.595198
 -0.055417
 0.209005
 -0.943735
 -0.572068
 -0.776048
 0.414522
 -0.518623
 -0.353503
 0.309978
 0.919479
 1.79
 2.2551
 1.64822
 1.86925
 0.53603
 -0.0279398
 0.341785
 0.215242
 0.757332
 1.3043
 0.598405
 0.935765
 1.05593
 0.928199
 -0.319422
 -1.07275
 -1.6098
 -0.886501
 -0.214061
 -0.242379
 0.714269
 0.865664
 1.31026
 0.645993
 -0.0788946
 -1.08614
 -0.140124
 1.42303
 -0.67651
 -0.0253678
 -0.341327
 -0.859402
 -1.11852
 -2.13787
 -1.12476
 -1.92989
 -0.194411
 -0.651942
 -0.205539
 -1.57104
 -1.25161
 -1.15521
 -1.40106
 -0.58728
 -1.34376
 -1.24005
 -1.10326
 -1.49466
 -1.49428
 -1.72343
 -1.46871
 -1.5729
 -0.572363
 -1.73827
 -1.97846
 -1.94852
 -1.60679
 -0.630205
 -1.21608
 -0.842665
 -0.0443508
 -0.289057
 -0.222667
 -1.38495
 -0.257002
 0.698755
 1.5027
 0.270453
 -0.1824
 -0.704992
 -0.334313
 0.257206
 0.44221
 0.701252
 1.09334
 1.18871
 0.358139
 -1.05224
 -0.848121
 -1.03746
 -0.688531
 -1.30327
 -1.30984
 -1.77902
 -0.994211
 -0.637078
 -0.742081
 -0.580518
 -0.23919
 -0.209648
 -0.147137
 0.0783164
 -0.921837
 -0.989258
 -0.0750979
 -0.576533
 -1.02483
 -1.0002
 -1.91405
 -1.20854
 -1.59584
 -1.20872
 -2.32147
 -1.33397
 -1.20018
 -1.32661
 -1.22621
 -0.119828
 -1.13241
 -1.46188
 -2.00072
 -1.27012
 -0.664754
 -1.58816
 -2.33379
 -1.54195
 -1.48499
 -0.792201
 -0.922637
 -1.09701
 -1.45881
 -0.307885
 0.502973
 -1.50825
 -1.64991
 -1.45795
 -0.0630526
 -0.742167
 -0.509606
 -1.03763
 -0.289221
 0.0974569
 0.0413376
 1.59726
 1.06678
 1.01663
 1.13489
 1.69
 1.74922
 0.919143
 0.286628
 -0.312575
 -0.376549
 0.61883
 0.946738
 1.48872
 1.64023
 0.307834
 0.144027
 -0.962747
 -1.23619
 -0.526537
 -0.98389
 -0.11308
 0.118746
 0.762085
 0.0303049
 -0.303686
 -0.698023
 -0.848982
 -0.777372
 -1.70278
 -1.8038
 -1.10443
 -0.903315
 0.027794
 0.101637
 0.317388
 0.304278
 -0.907303
 0.00328503
 -1.48449
 -0.208526
 -0.377945
 -1.07166
 -1.11168
 -0.825518
 -1.04356
 -1.01182
 -1.37549
 -1.19212
 -0.556018
 -0.413636
 1.19781
 1.17439
 -0.550704
 -0.320992
 -1.37458
 -1.59847
 -1.2808
 -0.191775
 -0.822007
 -0.413323
 -0.656056
 0.0869817
 -0.329227
 -0.421458
 -0.138169
 -0.409357
 -0.445516
 0.412334
 0.452733
 0.351491
 0.781463
 0.417762
 0.304419
 0.586002
 0.474551
 0.379734
 0.107894
 0.777946
 0.90083
 0.980862
 0.957618
 1.21493
 0.218837
 -0.377261
 0.980561
 0.643239
 1.16292
 0.793911
 0.808276
 1.08812
 -0.175611
 -0.350881
 -0.672955
 -0.123613
 -0.157686
 0.311899
 0.296204
 0.261002
 0.0818199
 0.477982
 0.0927947
 0.126191
 0.858794
 -0.116014
 -0.0804259
 -0.891934
 -1.12174
 -0.0898151
 0.832571
 1.25967
 1.45258
 0.763582
 1.81718
 1.82086
 0.869947
 -0.924154
 -0.00516877
 -1.45278
 -1.0321
 0.279501
 1.01409
 0.341361
 -0.0677474
 -0.0136972
 -0.986658
 -0.304152
 0.292665
 -0.619732
 -1.39236
 -0.403501
 -0.867189
 -0.509417
 0.346715
 0.961485
 0.169901
 0.723215
 0.265012
 0.152767
 0.484876
 0.283158
 -0.562779
 -1.35093
 -1.15607
 -0.546249
 -0.424595
 0.257947
 0.131565
 -0.655031
 -1.66341
 -0.21074
 -0.315562
 0.267655
 0.367402
 0.394112
 -0.431619
 -0.0949066
 -0.240794
 -0.038516
 -0.18051
 1.69004
 2.24219
 1.85294
 0.583362
 1.30251
 1.12114
 1.43714
 0.754272
 0.980445
 0.382901
 -0.255439
 -0.3331
 0.205531
 0.198339
 -0.25002
 0.524896
 -0.42904
 -1.26572
 -0.661665
 0.379967
 0.364458
 0.511548
 0.278415
 0.0897241
 -0.0203353
 0.0786642
 0.375051
 1.09365
 0.0898753
 -0.790193
 -0.75867
 -0.0581743
 0.50802
 -0.750746
 -1.1119
 -0.170143
 -0.467643
 0.64659
 -0.218513
 -0.578795
 -0.101016
 -0.0538745
 -0.507476
 -0.101459
 -0.708168
 -0.22383
 0.297403
 -1.89797
 -0.190334
 -0.15724
 -0.204629
 -0.85722
 0.202779
 0.448558
 0.292206
 0.861267
 0.530594
 1.36377
 1.352
 0.928453
 0.297534
 0.128026
 0.498837
 1.26938
 1.072
 0.869027
 0.473192
 0.569361
 0.470201
 0.00937935
 0.792628
 -0.381558
 0.693057
 -0.31565
 0.649947
 1.2265
 1.04105
 1.48688
 0.764904
 1.57334
 2.52267
 2.52338
 2.10648
 2.16773
 1.90583
 2.32914
 2.55433
 2.00877
 2.37919
 3.20442
 2.32555
 2.66146
 2.78344
 2.51934
 1.03656
 -0.169647
 -0.346335
 0.400939
 1.03614
 0.473785
 -0.0958176
 -0.263522
 -0.972363
 -0.482125
 0.349636
 0.448565
 -1.00416
 0.486465
 0.362526
 -0.486582
 -0.440956
 -0.685248
 0.0197916
 -0.196342
 -0.0981895
 -0.852626
 -0.84526
 -1.46253
 -0.224859
 0.1689
 0.672553
 0.163933
 0.976988
 1.53121
 -0.0943298
 -0.871845
 -0.408665
 -0.425932
 -0.776815
 -1.33238
 -1.61016
 -0.890697
 -0.258684
 -0.678267
 -0.126341
 -0.763387
 -0.812684
 -0.271008
 -0.719052
 -1.27037
 -0.300825
 0.698212
 1.7276
 1.04858
 0.781068
 1.35563
 1.43924
 0.858228
 1.31439
 1.24479
 0.920269
 0.841144
 1.02028
 0.203071
 0.0427045
 -0.286396
 0.321655
 0.726599
 -0.148054
 -1.21108
 -0.655332
 -0.439621
 0.0277856
 -0.40105
 -0.48756
 -0.49165
 -0.9225
 -0.354043
 -0.292688
 0.367967
 0.00211883
 0.187091
 0.452186
 0.0383964
 -0.187645
 0.226108
 0.902651
 0.0968761
 -0.468365
 -0.285187
 0.656653
 0.575146
 0.213128
 -0.34566
 0.763155
 0.61507
 0.485546
 1.02075
 0.597803
 0.644231
 0.786247
 0.929315
 0.0862149
 0.683814
 -0.804791
 -0.0147929
 -0.970545
 -1.55311
 -0.248993
 -0.936302
 0.0714065
 -0.838662
 -1.03297
 -0.648347
 -0.0480085
 0.731212
 -0.545212
 -0.516904
 0.48654
 0.771492
 0.604924
 0.015117
 1.5211
 0.674502
 1.17399
 1.1872
 2.26874
 1.68083
 1.29393
 1.44461
 0.972336
 -0.211651
 0.136065
 0.575064
 0.160177
 0.602367
 -0.0130965
 -0.805918
 -0.306545
 -0.183693
 -0.480666
 -0.723379
 -1.57677
 -0.46952
 -0.448473
 -0.817369
 -0.0399376
 -0.617529
 -0.734642
 -2.32262
 -2.15688
 -2.09743
 -0.897441
 -0.129732
 0.476746
 -1.29035
 -1.66573
 -1.73065
 -1.68219
 -1.57176
 -0.940227
 -1.48707
 -1.43337
 -1.28087
 -2.54958
 -2.07796
 -1.79593
 -1.75682
 -1.49677
 -0.362077
 -0.708925
 -1.45238
 -0.182552
 0.165767
 -0.433566
 -0.430615
 -0.79525
 -0.672047
 -1.00031
 -1.15908
 -1.47122
 -0.231961
 -0.157001
 0.945679
 1.83364
 1.13752
 0.491019
 0.924914
 1.10965
 1.72594
 1.65256
 1.48077
 2.01944
 1.35418
 0.627534
 0.381893
 -0.0953084
 1.00306
 0.371852
 0.404624
 1.03979
 0.295681
 0.19517
 -1.41697
 -0.778159
 -0.0545192
 0.0800897
 -0.522599
 0.368543
 -0.0456309
 -0.67387
 0.160857
 0.104457
 0.130926
 0.682502
 0.0483921
 0.00869719
 0.588582
 1.12461
 0.579073
 -0.152235
 -0.218063
 0.0185401
 -1.93346
 -1.32599
 -1.1902
 -1.52343
 -1.00136
 -1.43174
 -1.28208
 -0.649128
 -0.97094
 -0.984668
 -0.632416
 -0.446976
 0.699073
 -0.660398
 -0.947791
 0.119549
 0.268201
 0.00119749
 0.908699
 1.3836
 1.62245
 1.97448
 1.30232
 1.02463
 1.62848
 1.07236
 0.462046
 1.1445
 1.10619
 0.864248
 1.29472
 0.212762
 -0.305785
 -0.0921329
 0.593881
 -0.0880434
 0.217894
 0.5137
 0.47838
 0.180357
 -0.332803
 0.106491
 0.602199
 1.63711
 0.98945
 0.622701
 -0.456281
 0.301563
 0.0186123
 -1.09277
 -0.303179
 -1.83169
 -2.32957
 -1.25481
 -1.65483
 -1.1751
 -2.04481
 -1.31833
 -1.71638
 -1.40583
 -0.615945
 0.396356
 1.13815
 1.10293
 1.88355
 2.18616
 1.74292
 2.31114
 2.25237
 2.28362
 3.10178
 3.98418
 2.71074
 1.68708
 1.67842
 1.73495
 1.46826
 1.469
 2.48422
 2.25219
 2.76552
 3.01339
 1.49312
 0.39658
 1.29681
 1.08805
 0.663791
 -0.112483
 1.68641
 1.28652
 1.48
 0.999747
 0.965226
 1.06842
 3.21003
 2.50016
 1.23448
 1.91867
 0.975449
 0.574012
 0.837098
 0.981292
 1.1012
 0.317655
 -0.151925
 1.17193
 0.59448
 0.00634544
 -0.468991
 -0.304003
 -0.248804
 -0.971416
 -0.129189
 -0.0369516
 0.513608
 1.35516
 1.59056
 0.9401
 1.13644
 1.41512
 1.18155
 0.984814
 0.757966
 -0.10636
 0.32208
 1.50335
 1.51842
 2.92319
 1.74137
 1.12644
 0.97307
 -0.685502
 -0.516968
 -0.90853
 0.120121
 -1.01
 -0.101825
 -0.481598
 -0.549062
 -0.212918
 -0.634221
 -0.493008
 -1.32705
 -1.88528
 -1.8363
 -2.79899
 -2.0961
 -1.03096
 -1.37776
 -2.82279
 -2.23915
 -1.72799
 -2.2979
 -2.42833
 -2.35673
 -2.47744
 -2.25339
 -2.85018
 -3.34103
 -3.62893
 -2.20079
 -2.14589
 -2.04593
 -2.16317
 -0.858407
 -1.03952
 -1.46453
 -0.0787882
 -0.126428
 -0.534158
 -1.00746
 -1.77439
 -1.61252
 -2.52698
 -2.20816
 -1.49853
 -1.4044
 -0.814448
 -0.0373142
 -1.03025
 -0.602261
 -0.796687
 -0.486088
 -0.559579
 0.0107213
 -0.396216
 -0.573468
 -0.4573
 0.180135
 -0.112659
 0.344518
 0.219049
 -0.365076
 -0.198732
 -0.0514208
 -0.215192
 -0.436476
 -0.81548
 -1.25414
 -1.33314
 -0.630341
 -0.521883
 -0.944722
 -0.505864
 -0.31065
 0.679572
 0.705878
 -0.00756004
 0.253259
 0.045599
 -0.193617
 -0.0801237
 0.385608
 1.11326
 1.0662
 1.0707
 0.314559
 0.0384216
 1.46994
 1.081
 1.4087
 1.226
 0.609065
 0.488101
 1.26541
 1.14405
 0.411566
 0.803085
 1.4116
 1.27556
 0.299517
 0.00136646
 -0.232764
 -1.13813
 -1.05995
 -0.42954
 -0.817366
 -0.335999
 0.367583
 0.765937
 0.534215
 0.204762
 -0.306475
 -0.161455
 0.190295
 -0.474835
 -0.980306
 -1.71353
 -0.722755
 -0.711361
 -1.50812
 -0.869972
 0.619514
 -0.839808
 -0.131142
 1.38424
 0.997618
 0.19548
 -0.598016
 -1.20271
 -0.680619
 -0.494797
 -1.71523
 -1.72371
 -1.10443
 -0.977916
 0.364072
 1.31635
 0.71485
 -0.264859
 -0.438624
 -0.0954609
 0.346223
 0.120403
 1.01643
 1.6858
 2.12026
 2.35422
 2.2761
 1.13393
 0.536761
 -0.805604
 -0.998142
 -0.834677
 -0.207601
 0.191997
 0.734874
 1.02239
 1.08612
 -0.211514
 -0.184976
 -1.3861
 -1.30454
 -1.03528
 -0.237715
 0.474818
 -0.67131
 0.465413
 -0.245313
 -0.225587
 -0.857717
 -1.56022
 -0.720192
 0.0513609
 -0.923148
 0.432623
 -0.45295
 -0.571168
 -0.783712
 -1.02519
 -0.442401
 0.673707
 1.00252
 1.42584
 1.10684
 1.07226
 1.47802
 1.88776
 1.60231
 0.874496
 -0.332872
 -0.762027
 -0.230486
 -0.565539
 0.110232
 -0.091689
 0.0365856
 0.223156
 0.432999
 0.0622682
 -0.0748581
 -0.229031
 0.718628
 0.437636
 0.151039
 0.669595
 1.15426
 1.11794
 2.10287
 2.04662
 1.61691
 1.40236
 1.30897
 1.51033
 1.69905
 0.823567
 0.561594
 0.425821
 0.572702
 0.48447
 -0.197743
 -0.925573
 -0.711188
 -0.568821
 -0.272052
 1.27912
 1.16356
 0.0749136
 0.570319
 0.0261157
 0.50401
 -0.229446
 0.123438
 0.0388555
 0.76657
 0.378609
 -0.711385
 -2.16742
 -1.48294
 -2.0303
 -0.282382
 -0.722836
 -1.30296
 -0.116634
 -0.624059
 -0.923755
 -2.09387
 -1.90761
 -2.01547
 -1.81142
 -2.70416
 -2.33291
 -2.50198
 -2.67704
 -2.28167
 -1.63637
 -2.01454
 -2.41261
 -1.58913
 -2.08247
 -0.794055
 -1.21389
 -0.195453
 -0.333855
 -0.25392
 0.122675
 0.44085
 0.196388
 0.620159
 0.781152
 0.442738
 0.55982
 0.33081
 -0.189168
 -0.899369
 -0.465921
 -0.306421
 -0.54523
 -0.589886
 -0.444023
 -0.706409
 -0.484027
 0.0154721
 -0.986573
 -0.0525429
 -0.105315
 -0.0543103
 -0.35596
 0.17783
 0.417553
 0.0510782
 0.192679
 -0.175128
 -0.183977
 0.781343
 1.13816
 0.92961
 0.630146
 0.633977
 -0.448943
 -1.76931
 -0.937803
 -0.632372
 -0.969271
 -0.690673
 -0.855631
 0.43961
 0.024586
 0.170743
 -0.188203
 -0.161257
 -0.827825
 -1.24249
 -1.10059
 -0.276268
 0.967513
 0.569709
 0.355028
 0.620042
 0.367387
 -0.23472
 -0.202463
 -0.826605
 -0.947245
 -1.25541
 -1.80233
 -1.08648
 -0.263531
 -0.431665
 -0.817731
 -0.13552
 0.948858
 0.219578
 -0.0203547
 0.559022
 0.297065
 -0.498929
 -0.805756
 -0.704595
 0.235142
 0.449249
 1.46568
 1.90505
 1.07589
 -0.16594
 -1.2819
 -1.25116
 -0.990525
 -0.860089
 0.269073
 0.151478
 1.25672
 2.03091
 2.20291
 1.95494
 2.14872
 1.60739
 1.6816
 2.03861
 1.54268
 1.25019
 0.349689
 0.864046
 0.987855
 0.78413
 0.705927
 1.0593
 1.0767
 0.367566
 0.166237
 -0.303929
 0.019049
 -0.0159699
 0.880289
 1.166
 1.62801
 2.25466
 2.14733
 1.60379
 0.357186
 0.45347
 0.704082
 1.00894
 0.364089
 1.04456
 1.5728
 1.37415
 1.91115
 1.53046
 1.90129
 1.97512
 1.36322
 1.01764
 2.11843
 0.682496
 1.03317
 1.47804
 1.58449
 0.828661
 0.255023
 0.259051
 -0.229828
 -0.652421
 -0.914346
 -0.180867
 -0.31208
 -0.107345
 -0.27351
 -2.21814
 -1.62878
 -1.02935
 0.184042
 -0.370351
 -1.08066
 -0.0907631
 -0.481699
 0.902504
 0.236647
 0.01406
 -0.102968
 0.96236
 0.0203224
 0.906526
 1.0174
 1.67103
 1.24466
 0.38757
 -0.272508
 -0.728596
 -0.247793
 0.421434
 0.397399
 0.226946
 -0.593893
 -0.823472
 -1.16827
 0.200878
 0.535679
 -0.100806
 0.410775
 1.01956
 0.484429
 1.54389
 1.30574
 1.03048
 1.10823
 0.693243
 0.718326
 -0.461717
 -0.341451
 0.191306
 0.9343
 0.148204
 -0.516817
 0.493695
 0.304669
 0.413757
 -0.143337
 0.560743
 0.670623
 0.798387
 1.14035
 1.48278
 1.46892
 0.563947
 0.947346
 1.23351
 0.778895
 0.869948
 0.820885
 0.790546
 0.359391
 -0.0930444
 0.689094
 1.02979
 -0.361845
 0.96402
 0.849784
 0.212928
 1.10348
 1.34482
 1.49871
 0.734821
 0.309218
 0.603787
 -0.439261
 0.496912
 -0.344757
 -0.267616
 -0.209378
 -0.0475666
 -0.245643
 -0.386869
 -0.184368
 0.171468
 -0.638011
 -0.616355
 -1.37917
 -1.85919
 -0.889007
 -0.341927
 -0.0949791
 -0.318136
 -0.288137
 -0.00239471
 -0.503661
 -1.17918
 -1.77057
 -0.79125
 -1.11038
 -0.611876
 0.497209
 -0.388802
 -0.970954
 -0.0596125
 -0.494623
 0.459011
 -0.585867
 0.344947
 -0.754435
 -0.355114
 -0.519906
 -0.0266591
 0.299996
 -0.816786
 -0.103076
 -0.718895
 -0.00520765
 -0.539135
 -0.195239
 -0.422775
 -0.357091
 -0.423669
 0.60846
 0.40261
 -1.0586
 -0.595501
 0.111097
 -0.821491
 -0.114864
 0.689892
 1.07841
 0.967815
 -0.349721
 -0.715262
 -0.229034
 0.160137
 0.303851
 0.183106
 0.0318212
 0.0667558
 -0.498665
 -0.819118
 0.114028
 0.296054
 0.564772
 0.16169
 0.131246
 -0.707134
 -0.909743
 -0.586738
 -0.448055
 -0.650585
 -0.325167
 -0.0873845
 -0.0712041
 -0.135919
 -0.802391
 -0.687076
 -0.45055
 -0.859369
 -0.362442
 -0.156368
 -0.236327
 0.46353
 0.70423
 -0.404292
 -1.44146
 -0.931963
 -1.77827
 -1.26176
 -1.5722
 -1.53258
 -1.59375
 -0.910008
 -0.574887
 -1.53128
 -0.349483
 0.317308
 0.357638
 -0.254777
 -0.00284393
 -0.139801
 0.563567
 -0.158817
 -0.592848
 -1.07968
 -1.34194
 -1.19688
 -0.282007
 -0.807053
 -0.291544
 -0.588922
 -0.119883
 0.0708191
 0.00793316
 -0.621295
 -0.212592
 -0.0137104
 -0.793718
 -0.0347594
 -0.24682
 0.934335
 1.20932
 0.976668
 0.503406
 0.984577
 0.447635
 -0.109059
 -0.27895
 -0.403379
 -1.6325
 -1.53059
 -2.13668
 -1.45973
 -1.11068
 -1.42314
 -1.60599
 -1.34882
 -1.02204
 -0.979467
 -0.0311226
 -0.62985
 -1.47334
 -1.86135
 -1.79967
 -2.50289
 -2.06948
 -1.21649
 -1.17811
 0.191325
 -0.433434
 -0.712931
 -1.01827
 -0.461083
 0.165024
 0.421498
 -0.184464
 -0.863331
 -0.0654687
 0.628681
 0.869199
 1.8948
 2.2664
 1.5544
 1.31504
 -0.156073
 0.707806
 0.00280175
 -1.32681
 -0.58477
 -1.09394
 -0.948256
 -1.44422
 -1.28242
 -0.41902
 -0.854387
 -0.55776
 -0.978366
 -2.89768
 -1.64006
 -1.63351
 -1.26581
 -1.48068
 -1.34456
 -0.47049
 0.106312
 0.740484
 -0.197866
 -0.831423
 -1.12454
 -1.30599
 -0.338206
 -0.13868
 -1.26048
 -1.75226
 -1.7542
 -2.09309
 -2.69133
 -2.47992
 -0.75367
 -0.77029
 -0.04339
 0.00188403
 0.496668
 -0.590382
 -0.0517951
 -0.790679
 -1.64685
 -1.84757
 -1.5579
 -0.184836
 -1.47836
 -1.63351
 -2.33291
 -2.30586
 -1.40872
 -0.831656
 -0.318826
 -0.342174
 0.0229125
 0.253977
 -0.0061818
 0.624249
 -0.0625166
 1.92645
 1.8544
 1.37448
 0.549507
 0.704581
 0.201386
 0.709241
 0.675977
 0.0496698
 -1.68766
 -1.6419
 -1.54017
 -1.34348
 -1.30467
 -0.109548
 -1.46735
 -0.278148
 -0.783278
 -0.648945
 0.0458114
 0.177412
 0.0632448
 0.567428
 1.32383
 0.815178
 0.385208
 0.985431
 0.562182
 0.75888
 0.746517
 0.889525
 0.169737
 0.236958
 -0.137752
 -1.14022
 -1.62088
 -2.54786
 -1.5323
 0.369694
 -0.208291
 -0.902376
 0.927071
 0.905665
 0.17417
 -0.491827
 -1.3578
 -2.20996
 -2.27084
 -2.06761
 -1.62936
 -0.81158
 -1.70364
 -2.12391
 -0.696498
 -1.55073
 -0.368899
 1.1694
 0.900273
 1.47245
 1.26292
 0.678741
 -0.611671
 -0.257698
 -0.481242
 -1.1513
 -0.685419
 -0.478059
 -0.559848
 0.19666
 0.220448
 0.119755
 0.439244
 -0.379155
 -0.0758552
 0.475176
 0.0189726
 0.553057
 0.115817
 0.240187
 -0.0600141
 -0.190466
 0.131776
 0.62156
 0.797919
 0.371905
 -0.104021
 0.701442
 0.19714
 0.0850238
 0.310931
 -1.38131
 -2.26367
 -1.53563
 -2.91342
 -2.34731
 -2.76014
 -2.9451
 -2.75148
 -1.14226
 -0.262387
 -0.969199
 -1.04755
 -0.388901
 -0.306775
 -0.531829
 -1.08539
 -0.580492
 -0.590792
 -0.646703
 -0.209172
 -0.856249
 -1.08592
 -1.41519
 -2.03754
 -1.73869
 -0.634179
 -0.942845
 -0.596152
 -1.20345
 -1.51008
 -1.20186
 -0.952062
 -1.10926
 0.0368045
 -0.965679
 -0.638067
 -1.57799
 -2.39572
 -1.94473
 -2.02295
 -3.06211
 -2.82799
 -2.24496
 -1.66651
 -1.16103
 -0.889664
 0.236243
 0.467445
 0.00993231
 -0.365357
 -0.0889541
 0.316059
 0.660069
 1.22965
 0.900696
 0.173551
 0.109522
 -0.128081
 -0.307449
 -0.151808
 -0.690773
 -0.751102
 0.718058
 1.08755
 1.26492
 0.051722
 -0.0510477
 -0.419462
 -0.406352
 -0.975717
 -1.69857
 -2.17403
 -1.78503
 -1.34881
 -1.23082
 -1.39713
 -1.14247
 -1.07789
 -0.889569
 -1.18849
 -1.11066
 -1.30463
 0.0715192
 0.765639
 1.05096
 1.02887
 1.00929
 0.859518
 0.963333
 1.19674
 1.16609
 0.847392
 -0.259966
 -0.188661
 -1.62056
 -1.97484
 -2.90595
 -2.25987
 -1.57317
 -1.39463
 -2.11559
 -2.12445
 -2.33281
 -2.66064
 -2.02283
 -1.90496
 -1.45687
 -1.37126
 -1.2207
 -0.734734
 -0.538687
 -1.53987
 -0.973404
 -0.812318
 -2.75135
 -2.30395
 -1.99517
 -2.42687
 -2.07734
 -1.43259
 -0.441227
 -0.830358
 -0.594526
 -0.920878
 -1.07488
 -1.62406
 -1.68452
 -1.33879
 -0.372658
 -0.81567
 -1.5262
 -1.24853
 -1.96078
 -1.7107
 -1.45694
 -0.383723
 -0.189551
 0.988052
 0.31361
 0.956073
 -0.873284
 -0.122102
 -0.388533
 -0.428833
 -0.51416
 0.193053
 0.552835
 0.925095
 0.662505
 0.00381123
 -1.02129
 -0.386563
 -0.850764
 -1.02976
 -0.287995
 -0.484193
 -0.439051
 -0.17306
 -0.15335
 -0.592962
 -0.0588701
 -0.728719
 -0.59528
 0.0304613
 -0.213257
 0.225368
 0.98535
 0.275584
 0.0296366
 0.391973
 0.061533
 -0.588427
 -0.480153
 0.285456
 -0.44745
 -0.724545
 -0.64065
 0.421926
 0.466268
 -0.0837015
 0.212868
 -0.523584
 0.738164
 1.12788
 0.899864
 0.96703
 -0.210393
 -0.387776
 -1.40956
 -1.13842
 -0.803596
 0.3088
 -0.826274
 -0.669207
 -0.598688
 -0.292483
 0.640428
 0.622782
 0.141435
 -0.116273
 0.345752
 -0.195382
 0.34051
 1.23097
 0.771849
 1.87018
 0.798041
 0.991491
 0.784545
 1.29411
 0.540225
 0.314315
 0.181286
 -0.0046363
 -0.0100506
 0.377216
 1.13886
 -0.3321
 -0.868672
 -1.47759
 -1.15311
 -1.14285
 -1.34403
 -1.97831
 -1.59195
 -0.392285
 -0.457661
 -0.714077
 -0.108032
 -0.66357
 0.0795632
 -0.684946
 -0.38807
 -0.795523
 -0.781976
 -0.233973
 -0.860417
 -0.522362
 -0.183551
 -0.39094
 -0.493911
 0.356294
 -0.136945
 -0.373274
 -0.725328
 -0.185641
 -0.28909
 -0.931372
 -0.266336
 0.330861
 0.62197
 -0.485192
 1.25344
 -0.0362965
 0.0438517
 -0.185559
 -0.344035
 0.430662
 0.71456
 1.1367
 1.57584
 1.13815
 0.202009
 -0.230229
 -1.03911
 -0.449886
 -0.872266
 -1.15481
 -1.14412
 -2.02952
 -1.81924
 -1.14311
 -2.13311
 -1.93326
 -0.911424
 -0.529296
 -0.787478
 0.663439
 0.596219
 1.05994
 0.630031
 -0.190054
 -0.334636
 -0.424754
 0.244277
 -1.44279
 -1.01289
 0.0145582
 0.437682
 0.430108
 1.08798
 0.57609
 -0.595391
 -1.29561
 -1.23764
 -1.17319
 -0.0317903
 0.438124
 0.0279077
 -0.509663
 -0.587119
 0.155888
 -0.0283912
 -0.0993718
 0.0707603
 0.151088
 0.180786
 0.0951815
 0.605225
 0.751721
 -0.155944
 -0.479366
 0.298747
 0.14236
 0.512039
 0.0287439
 -0.51911
 -0.409145
 0.367326
 1.30379
 1.35618
 1.44811
 1.7191
 1.50681
 1.3434
 0.492604
 0.644317
 0.909318
 0.73055
 1.00507
 0.910484
 1.08302
 1.31001
 0.249602
 0.0543091
 -0.767076
 -1.12824
 -1.78968
 -1.6035
 -1.26523
 -0.683524
 -1.24511
 -1.22005
 -0.231286
 0.703443
 0.936893
 0.237893
 -0.000444331
 -0.00361671
 0.996176
 0.0490196
 -0.332756
 -0.585639
 0.332206
 0.766956
 0.867982
