 0.180004
 -1.02481
 -0.219651
 -0.00797156
 0.760926
 -0.736605
 0.967756
 -0.218943
 -0.619446
 1.02683
 -0.260764
 -0.478186
 0.953812
 -0.681343
 0.387287
 0.089257
 -0.607301
 1.35615
 -0.919857
 -0.0996591
 0.304472
 0.753697
 -0.305755
 -0.783475
 1.49743
 -1.70517
 0.686807
 -0.899636
 0.582568
 0.132616
 -0.382955
 -0.139908
 0.499017
 0.233249
 -1.76155
 1.99408
 -1.24398
 0.722909
 0.939823
 -2.62263
 2.71099
 -1.8879
 2.01609
 -0.900405
 -0.163732
 -0.475708
 0.241561
 0.252288
 -0.530426
 -1.10516
 1.91179
 -0.842272
 1.37755
 -1.41289
 1.31773
 0.140795
 -0.543978
 0.962455
 -0.860426
 0.557412
 -1.01445
 0.755272
 -0.69084
 1.16148
 -1.25189
 0.312032
 0.166844
 -0.0850342
 -0.437958
 0.645422
 -0.423774
 -0.544902
 0.289378
 0.490598
 -0.548609
 -0.127747
 0.173377
 0.65013
 -0.264489
 -0.530171
 0.831009
 -0.361109
 0.0972686
 -0.416353
 0.270535
 -0.00465692
 -0.170366
 -0.673845
 0.54104
 -0.385498
 0.789491
 -0.0742145
 -0.811615
 -0.563279
 1.28352
 -0.610438
 -0.20476
 0.741587
 0.306161
 0.0971574
 -0.853357
 0.356876
 0.14412
 -0.267591
 -0.00471587
 -0.0557965
 0.89675
 -0.849182
 0.220948
 -0.792816
 0.607435
 -0.741979
 1.57861
 -1.39226
 1.80045
 -2.08896
 1.73443
 -1.44291
 0.695937
 0.286373
 -1.575
 1.91317
 -0.268258
 -0.314923
 0.302849
 0.827879
 -1.06446
 0.117195
 -1.12191
 1.59791
 -1.9448
 1.92571
 -1.31171
 1.94959
 -2.36265
 2.83003
 -3.67611
 2.77602
 -1.31488
 1.15665
 -1.3881
 1.49476
 -1.57806
 0.99706
 -0.416085
 0.169783
 0.640701
 -0.714914
 1.08728
 -1.33608
 1.72992
 -1.90737
 0.388015
 -0.265296
 0.279156
 0.127014
 -0.794624
 0.856235
 -0.503009
 -0.362105
 2.12888
 -1.96232
 0.83898
 -1.53137
 1.7443
 0.300925
 -0.327149
 0.12062
 -0.536014
 -0.682564
 0.556416
 0.171781
 0.0601748
 0.922405
 -1.38812
 0.120467
 -1.09211
 1.0564
 0.00651366
 -0.450021
 0.988907
 0.5667
 -1.28846
 0.534829
 -0.583152
 0.715994
 -0.613188
 0.519543
 0.614052
 -1.06011
 0.234871
 -1.09836
 3.47015
 -2.53435
 1.43317
 -0.22295
 -0.38343
 0.282395
 -1.54738
 0.218599
 -0.14853
 0.48868
 -0.0204879
 -0.164973
 -0.242242
 -0.265042
 1.23443
 -0.803532
 0.419522
 0.965781
 -2.38439
 2.3102
 -1.47677
 1.31014
 -0.664543
 0.696106
 -1.62105
 0.0287285
 0.336414
 0.508674
 -0.0346345
 -0.592471
 0.522889
 0.439855
 -0.888879
 0.400084
 0.106053
 0.774253
 -0.804667
 0.0926757
 -1.8847
 2.18795
 -0.363103
 0.114172
 -0.898863
 0.8705
 -0.22719
 0.634275
 -0.715016
 0.159774
 -0.336769
 0.845942
 -1.21273
 1.73713
 -1.6145
 -0.616548
 0.836394
 -0.628663
 2.34382
 -1.47999
 0.6621
 -1.75996
 2.23059
 -1.31713
 0.570965
 0.690818
 -2.06457
 3.08838
 -2.1657
 1.74928
 -2.33208
 1.09579
 -2.06955
 1.19494
 -0.578533
 1.08609
 -0.550423
 1.32783
 -2.64827
 1.79851
 -0.318405
 0.776175
 -1.57806
 0.961702
 -0.856369
 0.48778
 0.554541
 0.237903
 0.583996
 -0.975709
 0.934193
 -2.5996
 2.91209
 -0.948189
 0.152314
 -0.936208
 0.815524
 -0.386887
 0.415118
 -0.401366
 1.32034
 -1.03318
 0.607959
 -0.759555
 0.224669
 -0.348024
 -0.0994133
 -1.16951
 1.70167
 -0.276701
 -1.19152
 1.08378
 0.244267
 -0.720754
 1.93923
 -2.0777
 1.77488
 -1.95884
 1.01208
 -0.507604
 -0.424792
 0.636787
 0.819568
 -1.00599
 0.762809
 -0.0222066
 -0.474553
 -0.170257
 -0.925909
 0.793188
 -0.951095
 1.58658
 -1.21985
 1.40174
 -0.498908
 0.532681
 -1.93302
 2.50536
 -2.12698
 1.92088
 -0.133285
 -0.469309
 0.329493
 -1.26777
 1.70479
 -1.59035
 1.14694
 -0.573873
 1.40305
 -1.18737
 1.74832
 -1.77033
 0.518232
 -0.459479
 0.0858818
 0.420214
 -0.284758
 -0.298676
 1.51882
 -1.7531
 1.6241
 -1.93332
 2.18607
 -1.59264
 0.898821
 -2.08417
 1.31217
 -1.301
 1.52627
 -1.63581
 1.46914
 -0.532393
 1.72351
 -2.03176
 1.18333
 -1.94926
 1.28671
 -0.475356
 0.201032
 0.0355065
 -0.828145
 0.790682
 0.0625375
 -0.141119
 0.431295
 -0.504182
 1.01955
 -2.32974
 2.32506
 0.19517
 -0.273304
 -0.609352
 0.0385337
 0.776816
 -1.73826
 1.31902
 0.0531415
 0.825189
 -2.25855
 2.34785
 -2.08731
 0.964059
 -0.420908
 -0.666229
 0.274607
 0.787926
 -1.1605
 2.08732
 -1.1334
 0.479504
 -0.332611
 0.216233
 -0.754013
 -0.0661133
 1.21148
 -0.76526
 0.695397
 -0.541324
 -0.0633435
 -0.46009
 0.845946
 -0.446356
 -0.536827
 0.783267
 -0.357109
 -0.00297165
 0.0660804
 -0.769445
 0.460482
 -0.36893
 -0.695485
 2.1601
 -1.80382
 0.858231
 -0.861168
 0.357439
 0.27209
 0.960035
 -0.889881
 0.78377
 -1.12146
 1.65117
 -1.45653
 0.44792
 -1.13247
 1.79525
 -0.620392
 0.233685
 -1.85864
 1.57821
 -0.843562
 1.46595
 -1.24615
 1.73008
 -1.02975
 0.77372
 0.0154589
 -0.890657
 -0.76663
 0.323191
 0.311985
 0.121985
 -0.646023
 1.25993
 -0.929238
 0.45312
 -0.388621
 0.850825
 0.366849
 -0.248159
 0.857976
 -1.6941
 -0.742419
 2.058
 -1.35391
 1.01591
 -0.491544
 1.43145
 -1.39683
 0.694348
 -0.933244
 -0.113374
 0.496476
 0.0384741
 0.381364
 -0.721089
 -0.622685
 0.82462
 0.314153
 -0.979379
 1.66393
 -2.01999
 1.49195
 -1.74652
 1.75379
 -0.134322
 -0.480197
 0.537576
 -0.285692
 -0.365703
 -0.899498
 0.743226
 1.18757
 -1.75161
 0.380123
 0.959699
 -0.520027
 -0.406164
 -0.602133
 0.108586
 1.17455
 -1.37181
 0.441188
 -0.367422
 0.385428
 0.283704
 1.02436
 -0.666349
 0.749584
 0.284321
 -0.862322
 1.46872
 -1.2883
 0.0371605
 -0.942468
 1.48083
 -0.522941
 0.0713632
 -0.775141
 1.28892
 -0.794941
 -0.302874
 0.953565
 -1.3066
 0.173747
 -0.591077
 0.411722
 0.372007
 -0.53601
 0.890125
 -0.0316813
 -0.146716
 -0.670335
 0.428516
 -0.428425
 1.68744
 -2.08627
 1.72849
 -1.8756
 1.67954
 -1.35324
 1.206
 -0.705263
 0.830392
 -0.730506
 2.19114
 -1.97567
 0.700451
 -0.931182
 0.618018
 -0.529797
 0.827494
 -0.209522
 0.448445
 -0.60224
 -0.590735
 0.866412
 -0.627454
 -0.179629
 -1.22345
 1.19827
 0.678863
 -0.700054
 0.0818387
 0.876633
 -0.629246
 0.68325
 -0.362519
 -0.671772
 1.09593
 -1.42057
 1.10704
 -0.62696
 0.796902
 -1.08897
 0.628075
 -0.983534
 0.317533
 -1.25798
 1.73069
 -0.565942
 1.12118
 -0.765837
 -0.241094
 0.0337547
 -0.784569
 0.46755
 0.591549
 -0.76027
 1.01103
 -1.2492
 1.5601
 -0.438975
 0.235363
 -0.0412497
 -0.36398
 1.04945
 -1.81334
 0.138859
 1.20009
 -0.856304
 0.486166
 -1.17783
 0.60355
 1.42828
 -1.06689
 1.06525
 -0.535828
 -2.02425
 1.78656
 -0.657872
 0.488717
 0.141446
 -1.04202
 0.372772
 0.310635
 0.428035
 -0.061713
 -1.34487
 1.91719
 -0.978923
 0.43097
 -0.74204
 2.34185
 -2.79613
 2.30057
 -1.62408
 0.983042
 -1.41543
 1.70978
 -0.393467
 0.839971
 -1.40985
 0.224748
 -0.207979
 1.39025
 -2.04007
 0.618207
 0.00689398
 0.367711
 -0.306814
 -0.57466
 -0.0472251
 1.13941
 -0.737825
 0.265789
 -0.227646
 -0.174441
 -0.0960359
 0.610835
 0.0246774
 -0.0553995
 -0.401851
 0.931428
 -0.554582
 0.0108246
 -0.397996
 0.723332
 -0.260862
 0.247439
 -0.450263
 -1.01179
 2.33063
 -1.72047
 0.835776
 -0.119005
 -0.166206
 -1.57758
 2.70803
 -1.30424
 -0.195945
 -0.603946
 1.24247
 -0.448341
 -0.494852
 -0.288814
 1.36128
 -1.54296
 1.77938
 -2.19151
 2.26424
 -1.00362
 0.142102
 -1.2582
 1.68401
 -0.487299
 0.992428
 -1.51835
 0.153325
 0.0297905
 1.10825
 -0.931282
 0.312263
 -0.132345
 0.0308939
 -0.16324
 0.708722
 -0.795158
 0.840123
 0.193137
 -1.37407
 0.857377
 -0.795273
 1.30853
 -0.190169
 -1.50714
 0.470663
 -0.261593
 1.0385
 0.100993
 0.49799
 0.0438809
 -0.592845
 -0.145275
 0.152042
 -0.94437
 0.974535
 -0.447137
 0.216569
 0.4118
 -0.20722
 0.823441
 -1.9445
 1.25297
 -0.285051
 0.164021
 -1.98332
 2.56313
 -1.6434
 1.35854
 -0.537056
 0.874118
 -1.02655
 0.166859
 0.27808
 0.758945
 -1.60994
 1.16481
 -0.315412
 -0.394706
 0.924023
 -2.226
 2.68563
 -2.55667
 1.7199
 -1.45078
 1.87508
 -1.84548
 1.819
 -2.51684
 0.909271
 0.447502
 0.092202
 -0.0242097
 -0.50065
 0.102247
 0.615583
 0.47813
 -0.389128
 -1.06356
 -0.389107
 0.543536
 1.2441
 -0.174325
 -0.973829
 1.17793
 0.205074
 -0.970623
 0.363638
 -0.273701
 -0.0649859
 1.07458
 -2.20927
 2.52623
 -1.914
 1.55702
 -0.990606
 -0.426618
 0.459704
 -1.15119
 0.517407
 0.690301
 -0.630776
 0.779835
 0.386552
 -0.80907
 -0.462006
 0.262293
 0.374824
 -0.853448
 0.158473
 1.30813
 -0.6559
 1.41613
 -0.577824
 0.0355288
 -1.22689
 0.365505
 -0.475454
 0.744571
 -0.956687
 1.16597
 -0.206414
 -1.32731
 1.35831
 -0.0378917
 0.307684
 -0.639366
 -0.185166
 0.0667854
 -0.683408
 0.636418
 0.967921
 -1.35983
 0.608831
 -1.03139
 2.54812
 -2.54709
 1.09159
 -0.367911
 0.526838
 0.271079
 -1.16905
 1.55647
 -1.04851
 1.07536
 -1.49765
 1.08587
 -0.556409
 0.910438
 -0.813549
 -0.168017
 0.437553
 -0.00535584
 -0.49388
 -0.387229
 0.955961
 0.955746
 -0.368408
 -1.80647
 1.11244
 1.44413
 -1.36034
 -0.288907
 -0.26685
 0.302855
 -0.00255549
 0.0120125
 -0.218957
 -0.176314
 0.615887
 -0.886761
 0.19231
 0.260706
 0.646449
 -0.316291
 -0.680727
 0.000254695
 1.47454
 -1.20175
 0.956028
 -1.3289
 1.2361
 0.0183945
 -0.482185
 0.332958
 0.152348
 -0.603067
 -0.0962978
 -0.181749
 0.742712
 -1.33191
 1.03962
 -0.283118
 -1.1092
 0.753265
 0.252006
 0.551291
 0.705459
 -0.667858
 0.425921
 -1.56925
 1.03872
 -1.11637
 1.64813
 -1.34019
 2.02621
 -1.12846
 0.772683
 0.381097
 -0.585844
 -0.978214
 -0.425082
 0.146815
 -0.106334
 0.480403
 -0.773059
 0.92719
 -0.442243
 0.979095
 -1.90111
 2.40301
 -2.50421
 1.70919
 -1.48923
 1.5224
 -1.194
 1.6454
 -1.60049
 1.4257
 -1.82716
 0.790449
 -0.241931
 1.0463
 -1.68421
 1.71372
 -1.20605
 1.47048
 -1.47906
 -0.133017
 1.02718
 -0.597666
 1.03677
 -1.20742
 1.22521
 -0.569974
 -0.431002
 0.92176
 0.79908
 -1.57648
 0.654888
 -0.382174
 0.967485
 -1.46592
 0.592469
 -0.296494
 0.0824844
 0.228276
 -0.205883
 0.187353
 -1.13671
 0.617003
 0.360389
 -0.175586
 -1.25458
 1.07341
 -0.244427
 0.0890304
 0.0464603
 0.605537
 -1.00959
 1.80927
 -1.01726
 2.33717
 -2.45008
 0.286735
 0.410551
 -1.46302
 1.1194
 -0.370037
 0.765582
 -1.44967
 1.44286
 0.581247
 -1.26152
 0.85401
 -1.84499
 1.92386
 -3.30609
 3.27456
 -0.223469
 0.396474
 -0.432388
 -0.578409
 0.182193
 -0.0741858
 -0.680941
 0.861995
 -0.528649
 0.30972
 -0.0643191
 0.751981
 -1.57876
 2.25769
 -1.97055
 1.95379
 -1.9247
 -0.405978
 0.670376
 -0.971923
 0.556269
 0.0257646
 1.01117
 -0.0406878
 -0.985915
 0.975388
 -2.27335
 2.07974
 -1.55287
 2.09326
 -1.74519
 2.05382
 -1.34571
 0.804319
 -0.282659
 -0.133538
 -0.286749
 1.05581
 -0.574527
 -0.208304
 0.9656
 -0.441783
 -0.29529
 0.0962736
 -0.0358258
 0.348082
 0.469622
 -0.414939
 0.462391
 -2.44187
 0.587997
 0.911919
 0.492756
 -0.736008
 -0.116319
 -0.621478
 0.941904
 -0.249684
 -0.962524
 1.52475
 0.0275097
 -0.563723
 0.0401403
 -0.874807
 1.26633
 -1.37409
 1.06406
 -0.814728
 1.21032
 -0.528634
 1.03036
 -1.55711
 1.38695
 -1.19977
 1.12441
 -2.12384
 1.38433
 -0.376301
 1.19716
 -1.14681
 0.58837
 0.430973
 -0.556926
 0.708968
 -1.09462
 1.37173
 -1.35516
 2.05534
 -2.56902
 2.05447
 -0.782191
 0.726002
 -1.2347
 1.24966
 -2.01937
 1.71987
 -0.975805
 1.14316
 -0.352366
 -0.160137
 -1.9911
 1.08454
 0.857549
 -0.237529
 0.450395
 1.09873
 -2.43287
 1.23455
 -0.908542
 1.06959
 -0.972411
 1.14426
 -1.17974
 1.30502
 -2.06174
 1.85456
 -2.31154
 2.50536
 -1.14201
 0.63052
 -0.543582
 -0.252044
 0.748224
 0.529982
 -1.69209
 1.92117
 -1.36984
 1.40781
 -2.43008
 1.22683
 -0.289274
 -0.201098
 0.606252
 -0.786439
 -0.313233
 1.12337
 -1.66433
 1.58678
 -1.25909
 1.96206
 -1.68785
 0.333642
 0.393551
 -0.5528
 0.0676175
 -0.17776
 0.850958
 0.0203777
 -0.587506
 1.47402
 -1.70496
 0.385327
 0.189046
 0.489217
 -0.710819
 0.75354
 -1.81181
 2.29714
 -1.3468
 -0.705117
 0.170854
 2.10722
 -0.616477
 -1.60583
 1.85314
 -0.928813
 1.15698
 -1.54757
 0.850545
 -0.64294
 1.76907
 -1.33164
 0.919596
 -1.99705
 1.66787
 -1.68819
 1.72243
 -0.463416
 -0.673656
 0.810213
 -1.00289
 1.23565
 -0.382754
 -0.948093
 0.811522
 0.257506
 -0.344828
 0.244253
 -0.960383
 1.59858
 -1.35729
 1.77185
 -1.91655
 2.41579
 -2.26448
 1.25497
 -2.03014
 1.41234
 0.252326
 0.0146134
 -0.152923
 -0.410246
 0.210258
 -0.842374
 0.445466
 0.197442
 1.02011
 -0.713909
 -0.883238
 0.22433
 0.673758
 -1.42241
 1.6774
 -1.0114
 0.790301
 -1.5608
 -0.00292435
 1.11923
 0.296685
 -0.210881
 -0.0501742
 -0.0619636
 0.335298
 -0.737215
 0.277604
 0.236576
 0.276533
 -0.152044
 0.00138237
 -0.391428
 0.308827
 0.684296
 -0.228124
 -0.79689
 -0.195866
 0.396703
 0.537726
 -0.156203
 -0.502227
 -0.412021
 1.03136
 -0.396518
 -0.770387
 0.271305
 1.83551
 -1.744
 0.274014
 0.209491
 -0.632735
 0.955879
 -0.879532
 0.0145133
 0.87024
 -0.485195
 0.54433
 -0.953014
 1.48251
 -2.10171
 0.483312
 -0.640566
 1.02247
 -0.257927
 0.52504
 -0.236598
 0.833774
 -0.216405
 -1.18934
 0.315233
 2.11423
 -1.4158
 0.0144376
 0.0725636
 0.915437
 -1.59242
 1.86263
 -1.71854
 -0.528819
 0.355592
 0.377746
 0.630326
 -0.413325
 0.0376189
 -1.27889
 1.78804
 -1.71503
 0.620929
 0.213776
 0.541794
 -0.46262
 0.241284
 -0.333756
 0.0283636
 -0.181831
 -0.253962
 -0.405893
 1.18122
 -0.479179
 0.0657329
 1.67579
 -1.71636
 1.23918
 -0.545774
 0.862772
 -2.29403
 1.85432
 -0.32714
 -0.218304
 0.21115
 -0.344512
 1.4281
 -0.718125
 -0.00290834
 -1.03962
 0.276879
 0.510072
 -0.13682
 0.575151
 -0.799057
 -0.617088
 0.08669
 0.700156
 -0.799802
 0.11503
 0.348328
 1.19208
 -0.539598
 -0.588161
 1.38542
 -1.86292
 1.71361
 -1.07637
 0.936828
 -0.0932444
 -1.92538
 1.48062
 -1.27624
 1.43062
 -1.47389
 2.14832
 -2.95826
 1.79532
 -1.13713
 1.34587
 -1.32766
 2.06651
 -3.45424
 3.86067
 -3.3141
 2.09994
 -1.07456
 2.46628
 -2.17186
 1.20179
 -0.032956
 -0.768633
 0.458047
 0.106337
 -0.73314
 1.40464
 -0.485752
 0.078144
 -0.00974361
 -0.80615
 0.00226037
 0.464831
 -1.03238
 2.30541
 -1.44053
 0.490974
 -0.41442
 -0.0142875
 -0.708703
 -0.419059
 0.760951
 0.808312
 -0.53362
 1.15316
 -0.96018
 0.482738
 -0.230238
 0.86824
 -0.927014
 -0.0849214
 -0.214226
 -0.480409
 0.522603
 -1.02394
 1.09559
 -0.583301
 0.681251
 -1.02606
 1.20223
 -1.80496
 2.24836
 -1.68291
 1.19235
 -0.315879
 -0.314281
 0.575644
 -0.612454
 1.4013
 -1.24169
 1.92192
 -2.67244
 0.665055
 -0.623433
 0.709117
 -0.89561
 1.00891
 -1.43879
 1.49113
 -0.496034
 -0.0151325
 0.689087
 -0.761522
 0.83386
 -0.576143
 0.662134
 -0.528591
 0.707365
 -1.2083
 0.0505078
 0.934241
 -0.55884
 -0.104419
 -1.06404
 1.92062
 -0.808281
 0.0929394
 0.672403
 -1.15589
 0.468037
 -1.20057
 0.658333
 0.332912
 0.0394191
 -0.673208
 1.01805
 -1.25759
 1.5107
 -1.6061
 1.90454
 -0.797737
 0.180169
 -0.0183399
 -0.0721944
 0.612012
 -1.40067
 0.971353
 -0.425403
 1.21579
 -1.48254
 0.0591768
 0.263209
 0.142476
 -0.181909
 -0.270509
 0.480752
 0.0419346
 1.34336
 -2.91766
 2.80531
 -2.54796
 1.74032
 -1.36607
 1.97161
 -1.41652
 1.22603
 -1.19784
 1.4907
 -1.59203
 0.726247
 -1.60467
 1.15994
 0.0696873
 1.01345
 -1.54614
 -0.192707
 0.576289
 0.253417
 0.151361
 0.191953
 -0.569364
 0.47166
 -0.152345
 0.376707
 -0.78414
 -1.08156
 1.34137
 -0.0778661
 0.219427
 -0.208001
 -1.22886
 1.55215
 -1.2863
 2.55448
 -2.18525
 1.18717
 -1.14209
 1.70285
 -1.64475
 1.23352
 -2.25907
 2.60529
 -2.25199
 1.06518
 1.03534
 -0.287151
 -0.518943
 1.32395
 -1.87715
 0.329217
 -0.487698
 0.721478
 0.365945
 -0.486424
 0.134158
 -1.57935
 -0.190515
 1.0732
 0.023137
 0.406759
 -0.239593
 0.78321
 -0.218688
 -0.219665
 0.485521
 0.0462347
 -0.0342231
 -0.178543
 -1.10105
 1.25477
 -1.188
 -0.254853
 0.938458
 -0.451765
 0.865212
 -1.26753
 1.38595
 -1.33116
 1.17752
 -0.892703
 0.515136
 -0.393626
 1.03005
 -1.23483
 1.2764
 -1.59653
 0.840362
 -1.53485
 3.07241
 -1.91872
 1.7324
 -1.26078
 0.705709
 -0.432283
 -0.124384
 0.0396256
 0.266132
 -1.03949
 1.18525
 0.110549
 -1.38297
 0.4971
 1.74719
 -1.62417
 1.26162
 -1.67391
 2.02245
 -2.13674
 0.9774
 -0.859594
 0.810632
 -0.0728342
 -0.837312
 1.20494
 -2.03032
 2.13173
 -2.0886
 1.49227
 0.00514811
 -0.888134
 1.84952
 -1.21681
 0.527083
 -1.95336
 1.99081
 -2.19195
 3.12027
 -2.35245
 1.77573
 -0.934446
 1.25092
 -1.62576
 1.74933
 -2.27287
 0.979451
 -1.29205
 1.93489
 -2.02498
 1.25506
 -1.45114
 2.65922
 -2.49991
 2.57344
 -1.74416
 0.763961
 -1.28508
 0.847315
 -0.117509
 -0.174381
 0.21467
 -0.398777
 1.15475
 -0.393978
 -0.768958
 -0.13512
 0.514917
 -0.0748409
 -0.383718
 1.09872
 -1.20875
 1.15928
 -0.889794
 0.412734
 1.2125
 -2.70991
 2.84966
 -1.10343
 0.245243
 0.754616
 -1.05164
 0.661084
 -0.289519
 0.160522
 -1.57592
 1.74294
 -1.00894
 0.467545
 -0.61745
 0.154751
 -0.325262
 1.53632
 -1.3228
 1.55166
 -2.52698
 1.94236
 -1.84644
 1.51939
 0.575901
 -0.444571
 -0.655434
 0.653999
 -1.42634
 0.295192
 0.248723
 0.289646
 -0.501924
 2.06659
 -2.12155
 1.04107
 0.152057
 -1.11071
 1.72983
 -1.38888
 0.412524
 1.0986
 -0.735106
 -0.346136
 0.799091
 -1.63447
 1.1156
 -0.615255
 1.2759
 -1.17672
 1.1989
 -0.644175
 -0.858638
 1.37247
 -0.242819
 0.241866
 -0.912924
 -0.287912
 0.69997
 -0.975812
 0.575436
 -0.0416121
 -0.311952
 1.13639
 -0.257052
 -0.344854
 -0.0453204
 -0.586052
 -0.2739
 0.241241
 0.410056
 -1.30839
 1.38941
 -0.0466345
 1.43265
 -2.02348
 0.748456
 0.323381
 -0.795625
 0.296498
 -0.81179
 0.161638
 1.87438
 -1.19269
 0.511676
 -1.62124
 0.774284
 -0.927997
 1.05571
 1.04455
 -1.41656
 0.498869
 0.0812083
 -1.32237
 0.497205
 0.53429
 0.679336
 -0.210285
 -1.09516
 1.36632
 -0.470905
 1.18955
 -1.31613
 0.893482
 -0.202681
 -1.48042
 1.50359
 -0.921638
 1.14451
 -1.74139
 1.10668
 -1.23253
 2.62994
 -2.06548
 0.688791
 0.166415
 0.930061
 -1.46006
 0.853001
 -0.850514
 0.627939
 -0.541124
 -0.236673
 0.450849
 -0.227445
 0.708231
 -0.484178
 -1.14465
 1.37536
 0.0722916
 0.61793
 0.374543
 -1.70146
 1.42499
 -2.71194
 1.76974
 -1.56148
 2.04589
 -0.294199
 -0.168815
 0.364375
 0.840459
 -1.11407
 0.704648
 -1.74716
 0.898843
 0.96912
 -1.29149
 0.698057
 -1.24051
 0.901818
 -0.507648
 1.84941
 -1.52105
 0.680107
 -1.58529
 2.57654
 -2.2008
 2.77607
 -2.26217
 0.438785
 -0.501888
 0.790383
 0.530901
 -0.987008
 0.311011
 -0.312504
 -0.116407
 -0.122615
 0.0627397
 -0.509876
 0.747868
 -0.621246
 1.41686
 -0.328275
 -1.24944
 -0.336416
 1.48368
 -0.997693
 -0.0904826
 1.30742
 -0.648182
 0.80068
 -1.80073
 0.797729
 -0.495551
 0.686972
 -0.325284
 0.272855
 -1.36207
 0.558574
 1.13987
 -0.665145
 1.17673
 -1.56181
 0.872157
 -0.298376
 -0.652009
 0.802071
 -1.10408
 3.03121
 -3.21161
 1.44756
 -2.07881
 3.07592
 -2.1138
 1.9868
 -1.00033
 -0.247365
 0.294823
 -0.319482
 -0.165449
 0.584323
 -0.450807
 -0.16866
 0.701957
 -1.21848
 1.14422
 -0.752835
 1.41343
 -1.01692
 0.47065
 -1.13334
 0.702927
 -1.7942
 1.3866
 0.171125
 0.411974
 0.12529
 0.558284
 -1.1876
 1.93524
 -1.5501
 1.24051
 -2.57333
 1.22821
 -0.0648079
 -0.406484
 0.89883
 -0.310338
 -1.40098
 0.680835
 0.469034
 0.331038
 0.323353
 -0.798596
 1.00612
 -0.794259
 0.560841
 -1.71815
 2.0812
 -2.06401
 1.95785
 -1.44752
 1.53912
 -1.61631
 1.58932
 -0.989617
 1.30814
 -0.862451
 -0.561633
 0.819633
 -1.25779
 1.69327
 -0.167964
 0.170157
 -1.46778
 1.07583
 0.382997
 -0.359858
 -0.409867
 -0.349758
 0.840845
 -0.847127
 1.67013
 -2.00637
 1.05042
 -1.29719
 1.95365
 -1.28585
 -0.616329
 0.255634
 0.0880646
 -0.753925
 0.75876
 0.384719
 0.350954
 0.105552
 -0.313504
 -0.600096
 0.402456
 -0.621279
 1.76572
 -1.32234
 0.389897
 0.159191
 -0.496651
 0.266694
 0.050937
 -0.138136
 -0.803059
 1.55867
 0.044765
 0.487303
 -2.30483
 1.5142
 -0.929734
 2.0139
 -1.42903
 0.31203
 -1.2708
 1.89627
 -1.93676
 1.30694
 -1.04366
 0.862017
 -1.93535
 1.19877
 0.516726
 0.8716
 -2.11661
 1.31389
 -0.0321012
 -0.153801
 0.4346
 -0.806069
 0.644783
 -0.174366
 -0.0815112
 0.489213
 -1.59184
 2.33089
 -2.32648
 2.46488
 -1.95192
 1.17177
 -0.172444
 0.239157
 -1.71055
 0.735584
 0.703419
 -0.69497
 -0.0540714
 -0.266997
 1.497
 -0.93363
 -0.827719
 1.13611
 -0.543659
 0.323424
 0.618896
 0.620884
 -1.35228
 0.743721
 0.13168
 -0.682465
 -0.170889
 1.44556
 -1.44986
 0.36843
 -0.516439
 1.8733
 -1.9222
 1.16557
 -1.85772
 1.88687
 -1.45515
 1.88646
 -1.77565
 2.69566
 -2.88032
 1.173
 -1.57134
 2.11549
 -1.35872
 -0.449376
 0.698683
 0.00495115
 0.198331
 -0.394609
 1.84531
 -1.24399
 0.239055
 -0.582291
 1.07985
 -0.411135
 -0.481207
 0.88737
 -0.827539
 0.636942
 -1.28464
 1.53589
 -2.09879
 2.40367
 -1.71237
 1.24364
 -1.88826
 0.0329517
 0.974024
 -0.407031
 -0.151229
 -0.63741
 1.41255
 -1.76546
 1.76131
 -0.963072
 0.248251
 0.276346
 0.448534
 -0.343523
 0.217459
 -0.188732
 0.0983241
 0.651114
 0.0253046
 -0.333156
 -1.07618
 -0.217111
 0.490315
 0.270507
 0.889675
 -0.577618
 0.540789
 0.302242
 0.0640859
 -1.18379
 -0.41432
 0.372516
 0.223996
 0.832555
 -0.52494
 -0.299575
 -1.26966
 0.870228
 -0.252404
 1.45434
 -2.24271
 1.75823
 -0.245875
 -0.967727
 1.40429
 -1.00654
 0.7645
 0.707691
 -0.860364
 1.2616
 -1.57208
 1.45131
 -1.00857
 0.633733
 -0.25891
 -0.716724
 -0.27404
 0.0117461
 0.694728
 -1.15948
 0.708646
 0.193813
 -0.771167
 0.659409
 -1.10852
 0.896883
 0.218114
 -0.707168
 0.89161
 -0.782814
 -0.00158261
 -0.45458
 1.01979
 -1.77941
 2.0421
 -0.415211
 0.138127
 0.192373
 0.479776
 -0.565525
 -0.515973
 -0.184944
 0.274124
 0.0434372
 -0.485964
 1.2763
 0.681575
 -1.362
 0.907243
 -1.96351
 2.50685
 -2.26213
 2.56801
 -2.49523
 2.05887
 -1.89483
 1.89215
 -2.24453
 2.22517
 -2.57997
 1.6923
 -1.2429
 0.618004
 -0.216516
 0.785336
 0.225433
 -1.26233
 1.12058
 -1.02718
 0.33873
 -0.374491
 0.480015
 -0.699947
 0.948746
 0.152758
 -0.335924
 0.709297
 -1.32805
 0.504172
 1.02404
 -1.07811
 0.220542
 -0.189512
 -0.0183149
 0.338444
 0.753421
 -1.1654
 1.09866
 -0.665848
 -0.668822
 0.968168
 -0.9991
 1.06822
 -1.7967
 2.44276
 -1.98501
 0.697369
 -0.355006
 -0.628488
 1.11766
 0.924234
 -1.24215
 0.762034
 -0.616473
 -0.166811
 1.25387
 -1.85446
 1.06794
 -0.82222
 1.03243
 -0.114151
 -0.686915
 0.776963
 -0.483568
 0.127126
 1.06674
 -0.356459
 -0.30081
 -0.407836
 0.540913
 -0.0336282
 0.620853
 -0.711372
 0.430159
 -1.33453
 1.80568
 -1.65365
 1.10677
 -1.22972
 0.484502
 0.377339
 0.337285
 0.133914
 -0.55511
 -0.855536
 1.22672
 -1.47359
 1.45229
 -0.605059
 0.833553
 -0.663765
 -0.207542
 0.506868
 -1.10037
 0.36343
 0.405821
 0.567015
 -0.33201
 0.637629
 -1.29579
 0.4837
 0.118441
 1.59977
 -1.01771
 -0.164686
 -0.534782
 0.130095
 -0.0501549
 -0.687026
 1.13584
 0.0597991
 -0.899703
 1.69691
 -1.25091
 0.835566
 -2.86409
 1.61626
 -0.952507
 2.14729
 -1.6231
 1.3967
 -0.0431987
 -1.18948
 1.44734
 -0.450546
 -0.655358
 -0.0553402
 0.0190425
 -1.04319
 1.22367
 0.673223
 -0.139139
 0.695619
 -1.48746
 1.14838
 -1.33009
 1.8787
 -2.44078
 2.3304
 -3.6157
 2.72837
 -1.59422
 2.81646
 -2.74669
 2.41956
 -2.60468
 1.79376
 -0.339885
 -0.178504
 -0.0784353
 0.0217976
 -0.0647301
 -0.00482316
 -0.813053
 1.82282
 -1.97969
 2.08412
 -0.538639
 0.0944046
 -0.826159
 0.322003
 0.312727
 0.0562088
 -0.381676
 -1.54698
 1.75927
 -0.456513
 0.526932
 -0.880677
 0.75211
 -0.807218
 0.632214
 -0.03498
 0.326425
 -0.726529
 0.483386
 0.0828796
 -1.07489
 1.29371
 -0.946042
 0.866261
 0.92792
 -0.600423
 -0.656682
 -0.343121
 0.62812
 -1.03794
 0.954641
 -1.57419
 1.72492
 -0.315415
 0.528147
 -1.56281
 1.31795
 -0.249768
 0.145804
 -0.172305
 -0.0903638
 -1.02341
 1.8492
 -0.823217
 1.48304
 -1.77113
 1.21007
 -2.14303
 1.33569
 -0.287304
 0.384885
 -0.1856
 -0.367769
 -0.854544
 1.21452
 -0.0595013
 0.996099
 0.0443978
 -1.35239
 0.6803
 -0.605268
 0.0604963
 -0.313045
 1.2159
 -0.779089
 -0.873609
 0.527071
 1.0272
 -0.574125
 0.340029
 0.110045
 -1.66632
 1.48989
 -0.817685
 0.348968
 -1.57749
 2.43722
 -2.11913
 2.70246
 -2.50755
 0.534503
 0.659278
 -0.0573199
 -1.00831
 0.487382
 -0.0425387
 2.75063
 -2.55873
 -0.0863013
 0.0902676
 -0.780827
 1.02103
 -0.20736
 0.581778
 0.489319
 -1.55654
 1.20251
 -0.869637
 -0.343278
 0.870011
 -0.224467
 0.403351
 0.376269
 -1.06185
 0.935374
 -0.298992
 1.43547
 -1.5593
 0.810777
 0.195954
 -0.193051
 -0.741557
 0.227363
 -0.46121
 0.307325
 0.227424
 -0.61013
 0.150678
 1.14654
 -0.866621
 0.976249
 -1.78292
 0.332917
 0.0576586
 -0.308053
 0.761845
 -0.851995
 0.00255154
 -0.0186412
 1.3025
 -0.785141
 1.38386
 -2.00022
 1.54803
 -0.622646
 -0.349426
 1.44432
 -2.60146
 2.17495
 -1.57422
 1.54642
 -0.2897
 -0.31509
 1.01313
 -0.866206
 0.108511
 -0.225606
 0.774703
 -0.280483
 0.585
 -0.429969
 0.152765
 0.268718
 -1.28663
 0.242034
 -0.0548661
 1.02848
 -1.33809
 -0.0224521
 -0.184316
 -0.201589
 0.833353
 -1.41915
 2.76766
 -2.42815
 1.61806
 -1.55202
 2.04895
 -1.06831
 0.798363
 -1.76166
 1.46693
 -0.76218
 -0.923782
 0.695482
 -0.0335003
 1.74569
 -0.876563
 -0.0749056
 -0.0641008
 -0.490309
 0.484669
 -1.15345
 0.865084
 -0.649856
 1.33788
 -1.28865
 0.707872
 -1.17867
 0.551103
 -0.807224
 1.25511
 -0.649955
 1.02423
 -1.15006
 1.7366
 -1.97493
 2.18427
 -0.888667
 -0.283563
 1.03088
 -0.140831
 -0.238769
 -0.990311
 1.77816
 -2.48683
 0.919059
 -0.553389
 1.03193
 -0.941501
 -0.175355
 1.07721
 -0.695662
 0.513364
 0.461364
 -0.329502
 0.422608
 -1.38601
 0.394681
 0.481271
 0.234097
 -0.249444
 0.542107
 -0.516014
 -0.572692
 0.111062
 -0.136718
 0.39565
 0.794674
 -0.736031
 1.70415
 -2.30436
 0.143251
 -0.0413672
 0.233785
 0.234729
 -0.851702
 0.510006
 -0.654615
 -0.119964
 1.1011
 0.707696
 -0.816289
 0.597785
 -1.62898
 0.374147
 0.655365
 -0.549425
 0.691813
 -0.10129
 0.520108
 -1.07522
 0.350374
 0.148587
 0.486002
 -0.734802
 0.512395
 -1.0833
 0.699232
 0.2641
 -0.653621
 0.524214
 -0.314751
 1.06291
 -1.05598
 1.326
 -1.7247
 2.00895
 -1.49447
 1.60893
 -1.99972
 2.26513
 -1.92693
 0.98132
 -0.56346
 -1.28715
 1.99435
 0.0240358
 -2.17536
 2.66211
 -1.76976
 0.810914
 -0.804599
 -1.23664
 2.20559
 -1.76237
 2.12985
 -2.16084
 1.17865
 -0.0234833
 -0.944919
 1.3997
 -0.443047
 0.185622
 0.8873
 0.102611
 -0.904661
 0.432631
 -0.812848
 -1.20721
 1.65302
 -1.62032
 1.22095
 -0.916986
 1.93769
 -2.52774
 2.55335
 -2.75828
 2.73901
 -1.70738
 1.80146
 -0.284314
 0.024769
 -0.720208
 -0.714869
 0.388519
 0.219693
 -0.0158965
 -0.876232
 2.53897
 -2.66635
 1.95064
 -1.11477
 1.57267
 -1.43729
 0.455643
 0.296382
 -0.791588
 0.677827
 -1.06079
 0.337273
 0.456522
 -0.533333
 2.24253
 -2.01975
 1.79501
 -1.8933
 0.549245
 1.22453
 -1.27173
 0.16131
 -0.623002
 0.488534
 -1.34673
 0.408009
 -0.0369826
 0.886953
 -0.334744
 0.0666031
 0.0142527
 -0.0775785
 -0.340573
 0.185965
 1.00052
 -0.335345
 -1.25993
 0.734563
 -0.73038
 0.151077
 0.439875
 -0.446638
 0.749628
 -0.577748
 1.95556
 -1.763
 1.64997
 -1.25456
 -0.605165
 0.252525
 -1.14774
 1.64451
 -0.412191
 0.389315
 -0.961263
 0.566269
 -0.453685
 0.0315968
 1.64809
 -1.79017
 0.545373
 0.336061
 0.121312
 0.00785752
 0.960918
 -1.3972
 -0.295771
 0.0221475
 -0.0414961
 1.48725
 -1.10893
 0.62337
 0.413977
 -1.25917
 0.512461
 -0.126092
 0.475822
 -0.979591
 1.07991
 -0.225366
 0.0894559
 -1.01409
 1.5256
 -0.899684
 1.03595
 -1.99474
 0.532836
 0.419735
 0.0357384
 0.394301
 -1.01201
 0.352885
 -0.265847
 1.10812
 -1.86551
 2.02815
 -2.02051
 0.982981
 0.260999
 0.51302
 -1.02692
 0.23167
 -0.626392
 1.53604
 -1.62683
 1.63916
 -0.841236
 0.480494
 -0.50373
 0.644273
 -1.03688
 2.15391
 -3.16802
 2.62441
 -1.51733
 1.64828
 -0.836159
 0.663932
 -1.05679
 0.489218
 -0.941819
 1.04636
 -0.309282
 -0.137285
 -0.768613
 0.0480569
 1.03723
 -0.887562
 0.924879
 -1.3888
 1.63265
 -0.975395
 0.24179
 -0.189208
 0.55025
 -0.675105
 0.868259
 -1.47317
 1.17084
 -0.240758
 -0.310793
 1.39388
 -1.36177
 0.948024
 -0.963098
 -0.148122
 0.265505
 -0.755016
 0.169314
 -0.107253
 1.16215
 -1.57188
 1.09191
 0.124798
 0.587766
 -0.365786
 -0.400094
 0.212162
 -0.808597
 1.73406
 -0.993234
 0.131156
 0.0342815
 0.388428
 -0.642063
 1.15767
 -0.920005
 -0.624001
 0.562898
 0.630002
 -0.145118
 -0.515734
 0.875183
 -0.831056
 1.17748
 -1.36617
 0.520685
 -1.28255
 1.20495
 -1.12589
 1.58655
 -0.68422
 0.585481
 -0.862146
 0.319748
 -0.00102527
 -0.433374
 0.0952835
 0.172971
 0.00610528
 -0.429915
 0.189509
 0.587974
 -0.408941
 0.199047
 -1.17547
 1.34313
 -0.372088
 0.0453298
 0.757866
 -0.200497
 -0.241712
 -0.907858
 0.732055
 0.216467
 -0.00172387
 -0.339342
 0.211357
 -0.517271
 0.216555
 0.26057
 -1.09348
 0.281698
 -0.121537
 0.193067
 0.616463
 0.170962
 0.723997
 -0.38578
 -0.656243
 0.236711
 -0.289542
 1.49973
 -1.80886
 0.631741
 0.830863
 -1.74819
 1.48738
 -1.72325
 1.24463
 0.0653565
 0.190529
 -0.123091
 -1.12188
 0.805753
 -0.365815
 -0.00905593
 0.312315
 0.481782
 -1.09678
 0.503524
 -0.399085
 -0.485629
 0.447874
 0.380884
 -0.938981
 1.81103
 -1.44911
 1.92648
 -0.922563
 1.08531
 -1.26039
 0.837371
 -1.99326
 1.48867
 -0.811516
 1.45524
 -0.596966
 -0.206791
 -0.739863
 0.661419
 -0.930987
 1.62414
 -2.25932
 2.37007
 -0.636529
 -0.332353
 0.364113
 0.239745
 -0.463715
 0.337844
 -0.826732
 0.159057
 0.638238
 -0.40748
 0.592962
 -0.580662
 -0.228502
 -0.87926
 1.43573
 0.444644
 -0.644506
 0.862551
 -0.662086
 -1.22801
 1.97969
 -1.81663
 1.32704
 -1.48388
 1.24885
 -1.1483
 0.93042
 0.0983491
 0.0499666
 -1.27693
 1.22513
 -0.937147
 1.35066
 -0.47001
 -0.900612
 -0.167063
 0.601148
 0.343687
 0.621032
 0.559297
 -0.864185
 -0.204691
 0.0135131
 0.0597941
 -1.08331
 0.558331
 -1.24956
 2.01302
 -2.62912
 3.14312
 -2.46977
 2.82562
 -2.25231
 -0.086078
 0.271754
 1.16095
 -0.721833
 0.770067
 0.16818
 -3.32088
 2.94335
 -1.29152
 1.80361
 -0.410336
 -0.0653763
 -0.673851
 -0.053957
 -0.170253
 -0.268657
 -0.580943
 2.07846
 -1.23428
 0.422538
 -0.484852
 0.435894
 1.27074
 -0.272275
 -0.85291
 -0.269356
 -0.750355
 0.625154
 -0.314419
 1.34656
 -0.479193
 -0.338988
 -0.589093
 1.22231
 -1.52984
 1.04042
 -0.831829
 1.53562
 0.439534
 -0.121579
 -0.477082
 -0.647621
 0.110859
 0.25587
 1.82832
 -2.72194
 1.18459
 -0.837806
 1.37317
 -1.13729
 1.4421
 -1.41457
 0.519541
 -0.0365226
 -0.536977
 0.702192
 -1.03825
 0.892927
 -1.85121
 1.692
 -1.27887
 1.78749
 -0.419147
 -0.136647
 -0.188834
 0.601705
 -1.13296
 1.13756
 -1.30959
 0.207942
 -0.172801
 -0.427161
 1.03925
 0.36382
 -1.24564
 1.61608
 -0.809742
 0.30079
 -0.0181877
 1.17616
 -1.50537
 0.233452
 0.980926
 -0.686359
 -0.636017
 -0.0224233
 1.00322
 0.0232878
 -1.74397
 1.70793
 0.0603346
 -0.787962
 0.757962
 -0.782754
 0.524198
 -1.35664
 0.296
 -0.228106
 -0.347135
 1.05701
 0.13195
 0.675459
 -0.514057
 0.167233
 -1.40339
 2.54531
 -2.11683
 0.969562
 -1.37659
 2.25293
 -1.11728
 1.12995
 -0.754476
 -0.872703
 0.791422
 0.42285
 0.0995284
 -1.15301
 0.332504
 -0.453789
 -1.16563
 2.77059
 -1.46346
 0.942462
 -0.448872
 -0.721383
 0.519021
 -0.00182509
 -0.113065
 0.442781
 -0.150599
 -0.548392
 0.725038
 -0.879553
 1.22363
 -0.148794
 -0.451347
 0.273087
 -0.141611
 0.0846144
 0.0193863
 0.207754
 -1.74092
 1.17441
 0.221246
 0.774907
 -1.99435
 1.74575
 -1.71022
 1.23569
 0.596539
 0.504892
 -1.12631
 1.36331
 -0.14257
 -1.2954
 0.578715
 -1.00023
 -0.282825
 -0.782575
 2.02406
 -1.15683
 1.81402
 -1.64122
 1.17177
 -1.37249
 2.02593
 -1.11355
 -0.200558
 -0.410385
 0.127813
 0.678721
 -0.205748
 -0.476068
 -0.753378
 0.355685
 0.698589
 -0.533572
 0.674972
 -0.636202
 0.550432
 -0.0820978
 0.364874
 -0.555637
 -0.170864
 -0.362556
 1.33856
 -1.23649
 0.671596
 -0.792359
 0.978036
 0.0211434
 -0.0801892
 -0.155396
 0.903723
 -0.849289
 0.163802
 0.243585
 -1.85226
 1.44497
 -1.54372
 1.98342
 -1.0518
 0.150135
 0.598339
 -0.456579
 0.671655
 -0.831784
 0.914307
 -0.251334
 -1.15564
 1.41516
 -0.990935
 1.13343
 -0.812289
 -0.209844
 0.610666
 -0.710076
 -0.205913
 -0.0579634
 1.06836
 -0.49892
 -0.967543
 0.869536
 -0.156033
 1.08883
 -1.80349
 1.28996
 -0.364062
 0.841623
 0.137333
 -0.0051898
 -0.628811
 0.4087
 -1.69227
 0.981725
 -0.176523
 0.240829
 0.370566
 0.283933
 -0.966323
 0.838496
 -0.478057
 0.13564
 -1.16971
 0.151228
 -0.327568
 1.45458
 -0.34612
 -0.0381669
 0.808623
 -0.570268
 0.659458
 -1.52258
 0.642677
 -1.30256
 2.12914
 0.162765
 -2.39275
 2.06869
 -1.46536
 0.505513
 -0.314728
 -1.01151
 2.36233
 -2.59488
 3.72399
 -3.40672
 2.67421
 -3.49059
 3.12857
 -2.17277
 1.67013
 -0.417814
 -0.727561
 0.803942
 -0.436456
 -0.110451
 0.154088
 -0.235046
 0.282728
 -0.000311039
 0.725955
 -1.58384
 0.787347
 -0.444872
 0.695207
 0.694874
 -1.14631
 0.672328
 0.38703
 -0.749224
 0.590447
 -1.67837
 2.53892
 -0.996577
 1.46301
 -2.76569
 1.53366
 -1.54718
 1.66428
 -0.462522
 0.738207
 -0.431508
 0.419392
 -0.610648
 -0.296336
 -1.08641
 1.25704
 -0.85503
 1.24078
 -1.54706
 1.24363
 -1.24721
 1.59758
 -0.87747
 0.519819
 -0.340364
 0.564505
 -0.304049
 0.0391063
 0.179006
 -1.44182
 1.28051
 0.302759
 -0.819991
 -0.0909896
 0.362848
 -1.29146
 1.95671
 -1.5587
 1.39701
 -2.21984
 2.79829
 -2.01834
 1.61489
 -1.35881
 1.98954
 -2.7661
 1.771
 -1.75665
 2.37188
 -1.07287
 -0.421758
 -0.531384
 1.3835
 -0.614059
 1.13886
 -1.38739
 0.824355
 -1.13405
 2.03744
 -0.719064
 -1.77269
 1.3926
 -0.836261
 2.25756
 -2.3055
 1.6288
 -1.78361
 2.12756
 -1.47178
 1.14062
 0.588391
 -1.22792
 0.700187
 -0.42912
 0.638992
 -0.495897
 -0.522769
 -0.196133
 -0.147099
 0.563914
 0.500689
 -0.144271
 0.729461
 -0.888605
 -0.77704
 0.398395
 -1.12087
 0.901026
 0.326824
 -0.70287
 1.64112
 -1.06549
 1.13395
 -1.86811
 1.02911
 -1.01934
 0.817341
 -0.449785
 -0.65603
 0.771622
 0.366688
 -0.223379
 1.03505
 -1.01482
 0.869193
 -0.874151
 -0.69341
 1.52887
 -2.36881
 3.03735
 -2.29195
 0.643389
 -0.245841
 0.646261
 -0.661135
 0.419555
 -0.452552
 0.465496
 0.430455
 -0.353923
 1.71863
 -1.62102
 -0.879119
 0.9527
 -1.42803
 0.823085
 0.346449
 0.739258
 -1.28624
 1.27623
 -1.064
 1.22459
 -1.56072
 1.16598
 -0.615505
 0.247069
 -0.011282
 0.768891
 -0.615782
 0.114939
 0.157656
 -0.198089
 -0.33642
 0.642048
 -0.715673
 0.505226
 -0.602538
 1.32337
 -1.03787
 0.797865
 -0.771223
 0.764214
 -1.56333
 0.715503
 1.10008
 -1.28884
 1.67892
 -1.99129
 1.62034
 -1.03792
 -0.679977
 0.650532
 -0.625035
 1.27772
 -1.0369
 1.4051
 -1.32904
 0.856812
 -0.961327
 1.28535
 -1.63737
 1.54342
 -0.617769
 -0.522699
 0.602828
 -1.14592
 0.636478
 0.772646
 0.247398
 0.193884
 -0.289195
 -0.684803
 1.4718
 -1.23059
 -0.245547
 -1.53177
 2.65672
 -3.04382
 2.83665
 -0.77289
 1.11281
 -1.74165
 0.71813
 -0.292641
 -0.736833
 1.31728
 -0.0552954
 -1.22686
 0.0961607
 1.23966
 -1.04357
 0.998796
 -0.0752947
 0.554199
 -1.86777
 2.28049
 -2.39905
 1.68405
 -0.770375
 0.271189
 -0.804705
 -0.0989479
 0.700407
 0.0156302
 0.0684878
 0.690897
 -1.03033
 -0.00635205
 -0.829369
 2.07266
 -1.529
 1.83859
 -1.7571
 1.24881
 -1.8007
 1.95807
 -1.49816
 1.01552
 -0.637929
 2.37384
 -1.72788
 0.549404
 -1.85961
 2.14344
 -1.64451
 1.30676
 -1.24172
 1.06109
 -1.22995
 0.269203
 -0.0186959
 0.678274
 -0.591859
 0.267655
 0.536393
 -1.63595
 0.496679
 0.640625
 0.695429
 -0.897883
 0.729128
 -1.03045
 0.47921
 -0.38017
 0.746312
 -0.427944
 1.08997
 -2.0809
 0.712307
 -0.276528
 1.01091
 -0.158944
 -1.30263
 0.859108
 0.268274
 -0.441553
 1.42499
 -2.19458
 1.38086
 -0.514315
 0.5264
 -0.986028
 1.21383
 -1.53127
 1.64361
 -0.741833
 -1.75182
 3.29374
 -2.40549
 1.68039
 -1.92634
 2.61125
 -1.74089
 0.843086
 -0.0831837
 -0.402228
 0.930956
 -0.80515
 0.00366902
 -0.535072
 0.360818
 0.388625
 0.457783
 -0.712377
 0.361727
 -0.822016
 0.694205
 -0.330011
 -0.291066
 1.03305
 -2.03731
 2.76699
 -2.8004
 2.8069
 -1.43587
 0.580217
 0.17342
 -1.19935
 1.70113
 -0.505403
 0.442311
 -1.30116
 1.10504
 -0.944349
 1.09112
 -0.657387
 0.0362449
 0.114059
 1.02252
 -1.71876
 1.11343
 -0.391942
 0.147157
 -1.86174
 0.694829
 -0.304715
 1.20445
 0.138863
 -0.802087
 -0.229663
 -0.144814
 -0.319138
 1.12636
 0.00721177
 -0.0479447
 -1.71278
 3.05432
 -2.45629
 0.904605
 -0.817907
 0.584557
 0.482882
 -0.642058
 0.299823
 -0.934239
 0.888056
 -1.16288
 2.24808
 -1.22286
 1.19532
 -1.70466
 1.96446
 -1.05345
 -0.997909
 0.245189
 0.389574
 -0.0856415
 -0.105535
 -0.676177
 0.319608
 0.974551
 -0.213877
 -0.390251
 0.867265
 -1.70482
 1.37866
 -0.355248
 -0.152445
 -0.49166
 1.31437
 -0.084654
 0.922253
 -1.81921
 1.06246
 -0.277079
 0.263976
 -0.849564
 1.09371
 -0.865098
 0.530209
 -0.795651
 1.25126
 -2.02263
 1.41641
 -1.08776
 1.58889
 -0.724813
 -0.660599
 -0.427999
 1.00957
 -0.136294
 0.344669
 -0.83162
 0.450859
 -0.220748
 -0.180789
 0.77156
 -0.501338
 0.9836
 -1.30494
 0.986154
 -0.2919
 -0.346633
 0.0490789
 0.370934
 0.396616
 -1.112
 0.233636
 0.0952786
 0.832371
 -0.41223
 -0.3927
 -0.378408
 1.58377
 -1.48529
 0.984669
 -0.22523
 -0.150358
 0.121581
 -0.132607
 0.312104
 -1.38063
 1.78862
 -2.53222
 2.84225
 -2.96286
 1.80868
 -0.0240845
 -0.70232
 1.6251
 -2.1964
 1.27786
 -0.698206
 1.58127
 -0.517318
 -1.16695
 0.911492
 0.476242
 -0.391313
 -0.0654577
 -0.731261
 2.38421
 -2.81055
 2.44128
 -1.87455
 2.58744
 -2.95246
 1.92337
 -1.50545
 0.663145
 -1.27154
 1.57555
 -0.736108
 0.587566
 -0.425952
 -0.346765
 -0.513177
 1.36768
 -1.00862
 0.443807
 -0.430562
 -0.453769
 1.49786
 -0.920973
 -0.0120447
 0.796396
 -1.16388
 0.672513
 -2.10175
 2.37751
 -1.72478
 2.70271
 -1.48125
 1.38804
 -3.28979
 2.29927
 -1.55438
 1.45279
 -0.765142
 1.16587
 -1.59276
 1.24705
 -0.818862
 -0.750357
 1.53696
 -0.695178
 0.0339507
 0.308933
 1.27819
 -1.92655
 0.491509
 1.05532
 -0.564827
 -0.315614
 0.294796
 -0.54538
 0.452776
 -0.618411
 0.428325
 -0.529499
 1.72046
 -1.22052
 1.67501
 -0.714622
 -0.229706
 -0.89232
 1.3424
 -0.936708
 1.28981
 -1.03072
 0.632314
 -0.316982
 -0.372183
 -0.3852
 0.173314
 -0.419966
 1.77229
 -2.09149
 1.43003
 -0.231583
 -0.663884
 0.361702
 -1.77898
 2.29841
 -0.666318
 0.449968
 -1.20557
 2.09285
 -2.17039
 0.724372
 0.625802
 -0.643189
 0.37132
 0.41449
 -1.00294
 0.711158
 -0.149481
 0.824315
 -1.69136
 0.758827
 -0.362399
 0.540359
 -2.57684
 2.93818
 -1.65443
 1.14049
 -0.426478
 -0.127151
 0.230156
 0.335943
 -0.596682
 0.536962
 -0.268858
 0.22192
 1.2175
 -2.62186
 1.60315
 0.0393112
 0.156367
 -0.674308
 1.37368
 -0.575518
 0.297596
 -0.0934549
 -0.531446
 -0.34839
 1.24099
 -1.3236
 0.243139
 0.43382
 0.0841813
 -0.471966
 0.722046
 -1.70839
 0.868873
 0.0451569
 0.615947
 -1.21217
 1.21637
 -0.626474
 0.564784
 -0.979069
 0.347098
 0.260474
 0.429788
 0.395084
 -1.06822
 0.373124
 -1.31031
 1.81725
 -1.33651
 -0.318452
 1.38
 -2.48928
 1.60257
 0.111025
 -0.299853
 0.470547
 -1.20798
 1.70936
 -1.73894
 1.60602
 -0.335892
 0.892841
 -0.201867
 -0.131285
 0.613513
 -0.339857
 -0.542719
 1.05061
 -0.90148
 0.749583
 -0.105993
 1.10236
 -2.48283
 0.652562
 -0.175368
 0.652376
 -0.805645
 0.704828
 0.581895
 -0.886717
 1.20727
 -0.747857
 -1.37181
 0.172325
 1.14969
 -0.617351
 -0.254195
 -0.477473
 2.56441
 -2.58144
 1.92408
 -2.15927
 1.95419
 -1.4852
 3.26595
 -3.38437
 0.891326
 0.0654429
 -0.765594
 0.64835
 0.0600784
 -0.34884
 0.430736
 -1.02415
 0.423758
 1.33635
 -1.96451
 0.907765
 -1.12878
 1.40631
 -1.04196
 0.193334
 0.759481
 -0.603377
 1.13154
 -0.133068
 -0.0306842
 -0.873688
 0.78951
 -0.420339
 0.329856
 -0.678601
 0.520476
 -1.47148
 1.86956
 -0.166903
 0.211851
 1.01223
 -2.38163
 0.998973
 -0.550771
 -1.07869
 1.26514
 -1.06596
 1.92276
 -2.43105
 2.78249
 -2.52078
 1.57678
 -0.640638
 0.099266
 -0.227095
 -0.411782
 0.0103213
 0.156416
 -0.971818
 1.7493
 -0.0480269
 -0.776345
 -0.919672
 1.33136
 -0.149521
 -0.566111
 0.186698
 0.102339
 -0.0970748
 0.525695
 -1.25374
 0.648588
 -0.879301
 2.3473
 -1.7329
 1.24294
 -1.46097
 2.48529
 -2.32532
 1.26472
 0.467248
 -0.544668
 -0.229318
 -0.341274
 -0.728441
 1.37912
 -1.87814
 1.84124
 -0.533357
 0.436189
 0.139461
 0.403461
 -1.6656
 1.80571
 -1.66258
 1.76419
 -1.37602
 1.42533
 -1.54546
 0.809142
 -0.436499
 1.03416
 -0.929956
 0.930282
 -0.914219
 0.136624
 0.0220766
 0.141226
 -0.280647
 0.105378
 -0.337355
 -0.109043
 -0.121562
 1.22773
 -0.893447
 0.136996
 0.233241
 0.130547
 0.839052
 -0.928188
 -0.368113
 0.755304
 -0.821099
 0.446338
 -0.368717
 1.06828
 -0.15914
 -0.0934634
 -0.144528
 -0.782715
 0.386985
 1.47347
 -1.53291
 1.19104
 -1.32004
 0.49918
 -0.419988
 1.19457
 -1.00866
 0.121132
 0.059352
 0.731686
 -0.728681
 -0.537277
 0.145386
 -0.178356
 -0.577694
 0.917368
 0.106928
 -0.541744
 0.80737
 0.184787
 -0.0285874
 -0.502009
 0.0131764
 -0.653254
 0.918592
 -0.271502
 -0.347865
 -0.410891
 -0.28655
 1.6603
 -1.32141
 0.142091
 0.755952
 0.9314
 -2.55289
 2.64994
 -0.691219
 -0.0804088
 -0.865683
 -0.327615
 -0.00449889
 0.911221
 -0.159781
 -1.65954
 1.61736
 -0.370578
 0.560506
 0.762588
 0.00541895
 -1.03902
 -0.29593
 -0.0420885
 0.601414
 0.0913825
 -0.248042
 1.21058
 -0.555989
 0.460934
 -0.306653
 -0.0293108
 -1.40946
 0.832011
 -1.76475
 1.60603
 -0.595564
 1.19473
 -0.575444
 0.738437
 -0.423488
 0.221665
 -1.74432
 1.50729
 -2.1071
 1.96302
 -0.949373
 1.6513
 -0.510035
 -1.136
 1.69766
 -1.90862
 1.39241
 -1.6313
 0.588728
 0.756652
 0.172962
 -1.10075
 2.11587
 -2.7037
 1.89491
 -1.79128
 1.64331
 -0.794517
 1.71034
 -1.17799
 0.896519
 -1.16272
 0.716772
 -0.19569
 0.755378
 -1.27436
 0.451676
 -1.48094
 0.826583
 0.461525
 -0.544169
 1.06604
 -1.08687
 0.916589
 -0.697846
 0.817808
 -1.19796
 0.832395
 -0.905577
 2.12096
 -2.06952
 1.13003
 -0.576396
 1.12672
 -0.999677
 1.78256
 -1.80785
 0.620516
 -0.691348
 0.5146
 -0.216462
 0.433555
 -1.0743
 0.724239
 -0.667094
 0.852581
 -0.821459
 0.0567185
 -0.517692
 0.791812
 -0.138595
 0.203803
 1.37974
 -1.36952
 -0.589028
 1.0767
 -1.36568
 1.76611
 -2.2252
 2.1745
 -1.64456
 1.81695
 -1.83337
 0.447341
 -1.93538
 2.77758
 -2.29628
 3.43124
 -3.12945
 1.59565
 -0.11762
 -0.406054
 0.0115231
 -1.19327
 1.11895
 -0.358418
 0.396175
 -1.15425
 1.27974
 -0.89291
 0.655782
 -0.215458
 0.85153
 -1.38237
 0.640996
 0.386822
 -0.702614
 1.70154
 -1.93557
 2.39935
 -1.89589
 0.988524
 -0.359491
 0.535535
 -0.827528
 1.0331
 -0.637192
 -0.0827277
 -0.0362534
 0.169514
 -0.667811
 -0.161877
 0.772375
 -0.226639
 -0.0690804
 0.0777721
 -0.0812492
 -0.0577773
 0.288934
 0.334176
 -1.51417
 2.50063
 -2.30872
 1.47899
 -1.20657
 1.46826
 -0.855217
 0.0247484
 0.105989
 -0.381762
 0.492247
 0.307697
 0.35105
 -0.770695
 0.0651843
 0.0384505
 -1.08283
 -0.120699
 0.979458
 0.101925
 -0.444556
 0.187048
 0.0490496
 1.05935
 -1.23334
 0.785606
 -1.12772
 1.16487
 -1.49145
 0.571986
 0.102841
 0.941362
 0.391362
 -1.34468
 0.922076
 -0.536432
 0.086051
 -0.557097
 0.407905
 -0.832985
 0.801356
 -0.890305
 0.196283
 0.776724
 0.342541
 -0.655416
 -0.0724037
 0.70826
 0.738401
 -1.60636
 0.72423
 0.081407
 -0.302264
 -0.627631
 0.378246
 -0.0789218
 1.02122
 -0.539253
 1.45758
 -1.416
 0.212046
 -1.35783
 -0.00583918
 0.243397
 0.726819
 -0.379834
 1.55141
 -1.65238
 2.15318
 -1.19289
 0.935755
 -1.36239
 1.14739
 -1.44057
 1.15247
 -0.336888
 -0.363514
 0.147672
 -1.1261
 1.57338
 -0.771585
 0.318654
 -0.209733
 0.605049
 -0.545115
 -0.44467
 0.165814
 -0.501824
 0.919026
 -0.62647
 1.40458
 -1.01345
 1.12528
 -0.448115
 -0.0225266
 -0.433619
 -1.15083
 1.25876
 -0.428796
 0.758156
 -1.24598
 1.44823
 -0.38603
 -0.105172
 0.359835
 -0.563427
 0.584567
 -0.42884
 -0.239937
 0.00846288
 1.10193
 -2.21132
 2.0932
 -1.05727
 0.729829
 -1.5033
 0.721813
 -0.401714
 0.278768
 -0.647686
 0.531999
 0.431078
 -0.463249
 0.357377
 -0.417225
 -1.65359
 2.22883
 -1.01095
 2.25749
 -2.64829
 1.11164
 0.293146
 -0.98291
 2.24131
 -2.46389
 1.53591
 -1.48512
 2.48032
 -3.07122
 3.28711
 -2.37966
 2.16667
 -2.30514
 0.948341
 -1.29541
 0.805549
 0.256401
 0.598715
 -0.764549
 0.491772
 -1.37993
 0.773489
 -0.512564
 1.8796
 -1.099
 -0.118137
 0.406039
 0.348019
 -0.963254
 1.85977
 -1.82779
 0.893881
 -0.734376
 0.386512
 -0.381068
 -0.736024
 1.03669
 -0.309308
 1.36335
 -2.11782
 0.858897
 0.329873
 -0.361145
 0.281879
 -0.725903
 1.39153
 -0.994426
 0.90167
 -0.67216
 0.803699
 -0.893728
 -0.33072
 1.03865
 -0.554443
 -0.222878
 0.411017
 -0.268361
 0.111033
 -0.618789
 0.342816
 0.693964
 -0.0717131
 -1.70111
 2.48493
 -1.79523
 0.728823
 0.485935
 -0.354347
 0.297599
 -1.20026
 0.483369
 0.121224
 -1.10863
 2.27671
 -2.65039
 1.9482
 -1.40587
 1.57343
 -1.54169
 1.12221
 -0.689575
 0.803646
 -1.23444
 0.872786
 -1.39322
 0.729449
 0.485883
 0.517205
 -0.437622
 -0.200435
 0.215797
 0.183022
 -0.891697
 0.0237402
 -0.466012
 1.5828
 -1.4029
 1.59562
 -0.0737533
 -1.31062
 0.501349
 0.549106
 -0.813061
 1.52558
 -2.46533
 2.74879
 -3.04118
 2.79243
 -2.10275
 2.01443
 -1.19202
 -0.434331
 0.928119
 -0.978186
 1.22982
 -1.29075
 1.49319
 -1.79426
 1.74256
 -1.29505
 1.79303
 -1.53936
 -0.531931
 0.773321
 0.389445
 -1.06728
 1.63424
 -0.540105
 0.71182
 -1.15601
 -0.402263
 0.0167036
 0.670912
 0.106015
 0.143424
 -0.61461
 0.348792
 -0.235054
 -0.428467
 0.316652
 0.629633
 -0.341786
 0.462637
 -0.77943
 0.381284
 -1.21359
 0.950949
 0.0135333
 0.239154
 -0.394128
 0.28555
 0.0277758
 -0.0510501
 -0.118711
 -0.652104
 0.768745
 -0.278262
 0.101846
 0.368321
 -0.123333
 -0.110778
 0.68959
 -0.354935
 -1.08741
 -0.0695925
 0.79108
 -1.20016
 1.7013
 -1.6992
 1.36358
 -1.09315
 1.62862
 -0.978764
 -0.41588
 1.3773
 -0.447924
 0.416806
 -1.26965
 1.2031
 -1.12903
 1.88075
 -2.47797
 1.29738
 -1.11866
 0.872883
 -0.329325
 1.00102
 -1.13151
 1.14824
 -1.06393
 1.14519
 -0.91817
 0.648193
 -1.11941
 1.24358
 -0.668225
 -0.297158
 0.89525
 -0.784496
 1.75276
 -1.08133
 0.210849
 -0.830701
 1.19242
 -1.53311
 1.03929
 -1.09332
 0.972195
 -1.99829
 1.87522
 -1.48838
 1.86793
 -0.959751
 -0.0566008
 -0.0797711
 0.324265
 0.322025
 -0.430237
 1.10409
 -1.42007
 0.0222571
 -0.297995
 0.491032
 -0.80592
 1.217
 -0.000228384
 -0.0447851
 1.12014
 -1.81837
 1.00189
 -1.25392
 1.7718
 -0.711726
 0.716703
 -1.41707
 0.533051
 0.454768
 0.423691
 -0.371107
 1.02689
 -0.67083
 -0.293182
 -0.205117
 -1.21595
 2.24472
 -2.568
 0.764271
 0.650132
 -0.819256
 0.981742
 -1.23238
 1.00259
 -0.030617
 -0.167344
 0.17066
 -0.586842
 -1.65336
 3.04043
 -1.93397
 1.68377
 -1.50597
 0.90623
 0.592421
 -0.178965
 0.408939
 -1.67437
 0.715114
 -0.693109
 0.684467
 0.615611
 -0.310985
 -1.25887
 0.54512
 0.0410535
 -0.374931
 -0.0741563
 0.445671
 1.55062
 -1.42638
 1.43901
 -1.48368
 1.51665
 -2.44357
 2.58928
 -2.56372
 0.727768
 -0.0171671
 0.372306
 1.21278
 -2.46447
 1.63053
 -1.81516
 1.6035
 -0.141541
 0.754465
 -0.401579
 0.101792
 0.0706811
 0.0961809
 -0.49524
 0.716273
 -1.01964
 2.66359
 -2.31065
 0.932489
 -1.6891
 1.80816
 -1.64726
 1.90192
 -1.58638
 0.553934
 -2.43556
 2.52477
 -1.34702
 1.58727
 -1.38105
 2.1328
 -3.1727
 3.62718
 -3.22434
 2.36401
 -1.24939
 1.32593
 -1.29373
 1.27514
 -0.2754
 -0.648363
 0.16376
 0.369703
 -0.472248
 0.54678
 -0.402037
 0.168735
 -0.719146
 0.616192
 -0.717255
 -0.388018
 0.300057
 -0.968204
 2.21136
 0.313085
 -1.38721
 -0.144307
 1.98374
 -1.50561
 0.0972483
 -0.609174
 -0.415658
 -0.199285
 0.426841
 0.433225
 -0.0704706
 1.00557
 -1.82703
 0.687488
 0.848153
 -1.50279
 2.57149
 -0.542853
 -0.41099
 0.445063
 -0.679068
 -0.121873
 -0.988969
 1.01147
 -0.564731
 -0.096185
 0.774573
 -0.366383
 -0.0431931
 1.00659
 -0.910263
 0.380177
 -0.100233
 -0.647736
 0.549369
 0.355257
 -0.805819
 1.17697
 -1.20263
 0.879339
 -0.974764
 0.752569
 -0.223281
 0.542231
 -0.300702
 -0.421984
 0.0396505
 0.770718
 -1.08073
 0.76478
 -0.377743
 -1.3495
 0.400512
 0.831034
 -1.65443
 1.90974
 -1.74202
 1.22725
 -0.630397
 2.19354
 -0.989617
 -0.660763
 0.0977226
 0.744861
 -0.558034
 0.142587
 -0.729796
 1.18512
 -0.803159
 0.51501
 -0.159534
 -0.505193
 0.319686
 -0.688797
 0.220883
 0.188028
 1.08046
 -1.29243
 1.40506
 -1.74832
 0.683284
 0.029004
 0.37805
 -0.499188
 1.55035
 -2.35911
 1.98779
 -2.40349
 1.04012
 0.219998
 -0.417781
 -0.410101
 0.511004
 0.433191
 0.272468
 0.115719
 -0.261246
 1.29381
 -1.03191
 -0.0501354
 -0.451055
 0.734558
 -0.0257101
 0.137896
 0.559017
 -1.17308
 0.404029
 -0.465484
 0.0978311
 -0.111806
 0.534698
 -0.976359
 0.700276
 0.989899
 -0.397941
 0.275793
 -1.73295
 1.20727
 -1.04017
 1.04217
 -1.58896
 1.02259
 -1.13978
 1.58758
 -0.733316
 0.6302
 -0.842354
 0.786954
 -0.195476
 -0.0273834
 -0.600431
 0.910106
 -1.03826
 2.23413
 -1.13312
 0.769693
 -0.62747
 -0.030785
 -0.0479613
 0.146837
 0.0489364
 0.0267448
 -0.437159
 -0.903333
 1.09766
 -1.948
 1.42104
 -1.6518
 2.154
 -0.661272
 0.430809
 -1.2881
 0.939316
 -0.637467
 0.0721988
 0.675885
 -0.079741
 0.0874252
 0.122005
 -0.200639
 0.502296
 -0.20051
 -1.0006
 1.52097
 -1.05072
 -1.14318
 1.55062
 -0.684959
 0.198147
 0.0896971
 0.608533
 0.488614
 -0.95886
 0.6575
 -1.08056
 0.753417
 -0.908595
 0.877869
 -0.389555
 1.27375
 -1.46465
 0.279634
 0.036115
 -0.650636
 0.760598
 -0.0286946
 0.810036
 -0.317942
 1.01929
 -1.87095
 2.04751
 -3.80398
 4.02775
 -2.943
 2.06001
 -1.43082
 1.72662
 -1.1943
 1.1354
 -1.01058
 -0.110167
 -1.23152
 2.08228
 -1.56523
 0.788558
 0.316705
 -0.469887
 0.362703
 -0.0133366
 -0.0967277
 -0.395498
 0.747587
 -1.24533
 1.08179
 -0.0308606
 -0.20248
 0.333191
 0.520987
 -1.27878
 0.56514
 0.0364854
 -0.329053
 -0.243696
 0.27452
 0.710251
 -1.15601
 0.471728
 -0.258727
 1.4033
 -1.35793
 0.558401
 -0.153593
 -0.655703
 1.86483
 -1.08538
 0.380364
 -0.468503
 -0.591526
 0.219325
 -0.95944
 1.30882
 -0.420175
 1.36332
 -2.34586
 1.84862
 -0.93345
 0.65738
 0.492035
 -0.543427
 -0.213304
 -0.197233
 0.506723
 -0.681242
 0.92909
 0.36973
 -1.02953
 1.71653
 -2.60872
 2.30642
 -1.87396
 1.98044
 -2.26137
 1.39261
 -1.01157
 0.66975
 -0.500028
 0.955091
 -0.0346086
 -1.6057
 0.737708
 -0.92532
 1.47673
 -0.939262
 0.388048
 -0.850843
 1.14796
 0.498718
 -0.791281
 0.0422644
 0.430124
 -0.714873
 1.32772
 -1.93991
 2.045
 -2.20606
 1.79311
 -0.702128
 -0.255533
 0.765083
 -0.38464
 -0.0724369
 -0.130817
 1.10024
 -1.40353
 0.535474
 -0.612428
 1.20285
 -1.22802
 0.430911
 0.332047
 0.455308
 -0.0998524
 -1.40115
 2.78511
 -3.35117
 2.78621
 -2.59074
 1.87622
 -0.4162
 0.498291
 -0.138001
 0.574506
 -1.27512
 0.101116
 -0.590029
 -0.00897368
 1.11731
 -1.22215
 0.534757
 -0.163884
 -0.862037
 1.2344
 -0.0941558
 -1.01446
 1.00798
 0.190134
 0.140111
 -0.593808
 1.86058
 -1.67174
 1.52752
 -2.00954
 0.830707
 -0.673863
 0.447594
 0.522911
 -2.01795
 2.05103
 -0.427016
 0.973212
 -0.965902
 0.918942
 -1.35791
 -0.247037
 -0.190311
 0.484984
 0.00620337
 1.17369
 -0.507093
 -0.405832
 -0.370827
 0.517521
 0.293238
 -0.326197
 -0.197762
 0.574646
 -0.42009
 0.136677
 -0.213789
 0.874616
 -0.752451
 -0.438635
 0.22437
 0.710012
 -0.74333
 0.955114
 -1.35883
 0.546532
 -0.128512
 0.993951
 0.00244193
 -0.198635
 -0.177231
 0.608297
 -0.757256
 0.30319
 -1.14161
 1.03687
 -0.135655
 0.0455832
 -0.162778
 0.154133
 -0.103453
 0.57284
 -1.62254
 1.21319
 -1.88465
 1.40075
 -1.24646
 1.67521
 -1.09842
 1.34903
 -1.51797
 0.876031
 0.288295
 0.619329
 -0.532597
 -0.599969
 0.183846
 0.0199139
 1.23188
 -2.11943
 0.996454
 -0.708652
 1.68664
 -0.939148
 0.769046
