 0.171004
 -0.892565
 -0.57983
 -0.528817
 0.187066
 -0.89357
 0.432147
 -0.296557
 -0.727172
 0.547094
 -0.24502
 -0.517573
 0.614604
 -0.533488
 0.222797
 0.0798806
 -0.52232
 1.07414
 -0.508167
 -0.0751074
 0.217977
 0.776771
 0.124678
 -0.429061
 1.36994
 -1.03785
 0.54207
 -0.741246
 0.296352
 0.0860714
 -0.314916
 -0.24972
 0.275152
 0.240235
 -1.52491
 1.2619
 -1.005
 0.40346
 0.872638
 -2.05262
 1.88112
 -1.39901
 1.59577
 -0.362053
 0.0334087
 -0.381669
 0.0774815
 0.172589
 -0.445381
 -1.21746
 1.1248
 -0.686509
 1.13889
 -0.934247
 1.09292
 0.497164
 -0.0241266
 1.16923
 -0.156596
 0.851281
 -0.43417
 0.818432
 -0.266225
 1.22037
 -0.584211
 0.396239
 0.33613
 0.187527
 -0.177674
 0.650205
 -0.0969901
 -0.370489
 0.155682
 0.449816
 -0.302192
 -0.124718
 0.0764333
 0.600981
 0.0333205
 -0.305591
 0.735728
 -0.0493384
 0.265172
 -0.197053
 0.272995
 0.112486
 -0.0335061
 -0.588709
 0.253683
 -0.416752
 0.553066
 0.0685413
 -0.625911
 -0.758929
 0.701472
 -0.548367
 -0.373495
 0.402872
 0.312692
 0.288991
 -0.554969
 0.215599
 0.131408
 -0.17702
 -0.0404984
 -0.104527
 0.775049
 -0.482839
 0.19649
 -0.709618
 0.274901
 -0.773338
 1.1277
 -1.02135
 1.46414
 -1.49021
 1.292
 -1.05042
 0.418894
 0.270834
 -1.33381
 1.28552
 -0.00465846
 -0.0740479
 0.357707
 0.977022
 -0.43301
 0.251948
 -0.925687
 1.15915
 -1.54347
 1.33825
 -0.967969
 1.63629
 -1.64861
 2.31873
 -2.70673
 1.91005
 -0.91091
 0.984154
 -0.978615
 1.19329
 -1.12265
 0.688324
 -0.284389
 0.1348
 0.63777
 -0.353259
 1.06915
 -0.779512
 1.58631
 -1.15745
 0.251346
 -0.290061
 0.127186
 0.095007
 -0.709435
 0.507651
 -0.438056
 -0.48774
 1.6906
 -1.25616
 0.628481
 -1.34392
 1.12079
 0.457953
 0.0839138
 0.377124
 -0.208757
 -0.583155
 0.259922
 0.110778
 0.109874
 0.964661
 -0.812245
 0.042378
 -1.12476
 0.430897
 -0.145722
 -0.523678
 0.641119
 0.66253
 -0.79541
 0.385242
 -0.50059
 0.497922
 -0.471762
 0.364198
 0.657117
 -0.631039
 0.152847
 -1.06104
 2.79653
 -1.4011
 1.4011
 0.345991
 0.164866
 0.613709
 -1.01667
 -0.0211917
 -0.348963
 0.200477
 -0.0707525
 -0.192799
 -0.341467
 -0.480385
 0.812731
 -0.58109
 0.280942
 0.948497
 -1.77859
 1.65658
 -1.02067
 1.07786
 -0.282362
 0.776717
 -1.14456
 -0.271938
 -0.0477623
 0.268708
 -0.00171138
 -0.521808
 0.26944
 0.396234
 -0.641984
 0.204529
 0.0607931
 0.763311
 -0.382946
 0.146142
 -1.7309
 1.29465
 -0.238515
 0.160898
 -0.768264
 0.513851
 -0.182173
 0.577509
 -0.430253
 0.110754
 -0.324815
 0.655203
 -0.936695
 1.36224
 -1.10073
 -0.79235
 0.229774
 -0.81648
 1.7663
 -0.843029
 0.643151
 -1.43386
 1.59828
 -0.856279
 0.45623
 0.761169
 -1.51703
 2.48375
 -1.22108
 1.678
 -1.52039
 0.77411
 -1.85646
 0.368297
 -0.882256
 0.498539
 -0.596333
 0.994625
 -2.21267
 0.886441
 -0.447711
 0.538783
 -1.36438
 0.377072
 -0.996233
 -0.0565723
 0.183534
 0.156659
 0.620231
 -0.586795
 0.817743
 -2.16776
 1.94523
 -0.541571
 0.222826
 -0.790137
 0.46033
 -0.361785
 0.266796
 -0.341405
 1.13436
 -0.527405
 0.632765
 -0.444451
 0.17916
 -0.301775
 -0.210972
 -1.2897
 0.906666
 -0.265508
 -1.17402
 0.437496
 0.0680829
 -0.684578
 1.53028
 -1.44919
 1.37276
 -1.47946
 0.550182
 -0.536026
 -0.635172
 0.156791
 0.595748
 -0.737892
 0.530752
 0.0779517
 -0.32363
 -0.249208
 -1.06742
 0.140549
 -1.20588
 0.816578
 -1.18313
 0.837785
 -0.398042
 0.427545
 -1.70011
 1.67313
 -1.69683
 1.31676
 0.123349
 -0.159808
 0.3812
 -1.01139
 1.25851
 -1.1681
 0.801904
 -0.396262
 1.28092
 -0.577301
 1.74744
 -0.867907
 0.596997
 -0.187141
 0.150098
 0.483386
 0.00705354
 -0.113299
 1.46468
 -0.975111
 1.52028
 -1.21608
 1.90855
 -0.79416
 0.965342
 -1.54366
 0.789927
 -1.20632
 0.95975
 -1.42246
 0.867445
 -0.45469
 1.5223
 -1.29625
 0.929975
 -1.61507
 0.641094
 -0.551311
 -0.0583171
 -0.14887
 -0.943309
 0.223686
 -0.153651
 -0.279449
 0.203967
 -0.497708
 0.744516
 -2.00372
 1.42093
 0.327328
 0.0863571
 -0.346117
 -0.018499
 0.669742
 -1.36808
 0.792951
 0.0970143
 0.920324
 -1.63524
 1.76576
 -1.50404
 0.572862
 -0.413396
 -0.787657
 -0.214711
 0.363204
 -1.11951
 1.4831
 -0.695318
 0.431276
 -0.181126
 0.214576
 -0.626483
 -0.301473
 0.844793
 -0.491251
 0.61258
 -0.28764
 -0.0423839
 -0.474864
 0.555663
 -0.314352
 -0.558863
 0.431336
 -0.326393
 -0.111497
 -0.0650907
 -0.829252
 -0.00376753
 -0.622964
 -1.07619
 1.30521
 -1.52324
 0.30199
 -1.03543
 -0.222363
 -0.185656
 0.608204
 -0.703596
 0.533928
 -0.967834
 1.20069
 -1.06467
 0.17168
 -1.20095
 1.09316
 -0.450455
 0.171504
 -1.74206
 0.698238
 -0.985182
 0.908158
 -1.05083
 1.28911
 -0.616494
 0.719917
 0.296256
 -0.518912
 -0.801109
 -0.155295
 -0.0588369
 -0.0827838
 -0.741899
 0.784145
 -0.760897
 0.197183
 -0.445029
 0.580221
 0.483884
 0.10725
 1.06475
 -0.986042
 -0.801391
 1.44021
 -0.912119
 0.832851
 -0.209768
 1.44668
 -0.620614
 0.809006
 -0.494592
 -0.100958
 0.380719
 0.163363
 0.531245
 -0.342548
 -0.554486
 0.504191
 0.359193
 -0.687063
 1.39907
 -1.40086
 1.10969
 -1.39649
 1.21747
 0.125646
 -0.175691
 0.568389
 0.0041837
 -0.173509
 -0.859466
 0.278063
 0.989669
 -1.23099
 0.0653133
 0.699385
 -0.255484
 -0.333341
 -0.728287
 -0.344372
 0.687047
 -1.19802
 -0.034257
 -0.672493
 -0.100566
 -0.0421315
 0.80843
 -0.322597
 0.773901
 0.635896
 -0.287991
 1.55267
 -0.448689
 0.304198
 -0.674142
 1.20574
 -0.0785951
 0.324712
 -0.473501
 1.14212
 -0.296297
 -0.122111
 0.895465
 -0.837733
 0.0283057
 -0.685421
 0.00994063
 0.127933
 -0.546694
 0.58553
 0.0835697
 0.0045361
 -0.560508
 0.174414
 -0.480365
 1.35834
 -1.48876
 1.28081
 -1.46957
 1.15022
 -1.06891
 0.837389
 -0.503274
 0.69853
 -0.44591
 2.04245
 -0.966538
 0.796284
 -0.537349
 0.550382
 -0.308493
 0.773426
 0.134143
 0.706302
 -0.100525
 -0.338181
 0.750166
 -0.308658
 -0.122258
 -1.2261
 0.515006
 0.499617
 -0.444952
 0.0167644
 0.773644
 -0.258365
 0.749177
 0.031697
 -0.391064
 0.967832
 -0.963263
 0.853506
 -0.366654
 0.759234
 -0.705083
 0.475916
 -0.826927
 -0.00210014
 -1.40512
 0.883903
 -0.581988
 0.852638
 -0.463794
 -0.253856
 -0.139534
 -0.913806
 -0.0756614
 0.213307
 -0.781347
 0.588848
 -1.14142
 1.01583
 -0.243709
 0.277378
 0.0985608
 -0.214827
 0.962073
 -1.30352
 -0.212462
 0.767525
 -0.639065
 0.310948
 -1.09389
 0.0927058
 1.08891
 -0.608605
 1.00825
 -0.0867604
 -1.68862
 0.993946
 -0.625526
 0.257019
 0.114141
 -0.922065
 -0.0398497
 0.0167669
 0.286721
 0.0296081
 -1.19576
 1.29492
 -0.660897
 0.333845
 -0.635523
 1.9818
 -1.88255
 1.81815
 -1.01482
 0.846141
 -1.07124
 1.30992
 0.010461
 1.09066
 -0.688357
 0.272076
 -0.10837
 1.32759
 -1.316
 0.360847
 -0.0437111
 0.333078
 -0.141907
 -0.516041
 -0.288916
 0.788406
 -0.484596
 0.193787
 -0.192262
 -0.230869
 -0.246265
 0.373324
 0.0865483
 0.0521219
 -0.300703
 0.78231
 -0.23035
 0.103796
 -0.307441
 0.579263
 -0.0501221
 0.351542
 -0.21297
 -0.936665
 1.76081
 -1.08954
 0.681217
 0.0642508
 0.0076468
 -1.4139
 1.93921
 -0.732718
 -0.131341
 -0.67233
 0.800192
 -0.277164
 -0.460979
 -0.510343
 0.90254
 -1.25836
 1.2716
 -1.77717
 1.55858
 -0.636556
 0.113464
 -1.20306
 1.03295
 -0.334892
 0.935764
 -1.02724
 -0.0727905
 -0.19707
 0.848535
 -0.588816
 0.228887
 -0.0995361
 0.0115987
 -0.165543
 0.590907
 -0.527016
 0.704116
 0.427777
 -0.932153
 0.579048
 -0.673853
 1.00976
 0.135067
 -1.13621
 0.0549857
 -0.504216
 0.636689
 0.200302
 0.674822
 0.472563
 -0.087681
 0.0729245
 0.260359
 -0.720077
 0.685518
 -0.273747
 0.204288
 0.464857
 0.0729265
 0.979395
 -1.28996
 0.913787
 -0.0807237
 0.280271
 -1.70014
 1.73469
 -1.20727
 1.0332
 -0.238445
 0.928423
 -0.510711
 0.204785
 0.334205
 0.924506
 -0.970501
 0.978987
 0.0164417
 -0.142582
 0.916822
 -1.67962
 2.03093
 -1.85202
 1.1945
 -1.17153
 1.42118
 -1.34211
 1.40244
 -1.99033
 0.222844
 0.0674936
 -0.023202
 -0.0699271
 -0.528829
 -0.18258
 0.326068
 0.477612
 -0.100345
 -0.892255
 -0.749584
 -0.0918491
 0.798819
 0.0383385
 -0.737432
 0.859801
 0.416965
 -0.548767
 0.292254
 -0.198112
 -0.104816
 0.93484
 -1.70451
 1.85378
 -1.3381
 1.22438
 -0.590907
 -0.423041
 0.177457
 -1.16736
 -0.0772394
 0.262283
 -0.656234
 0.434512
 0.380281
 -0.54262
 -0.557663
 -0.117935
 0.0839013
 -0.901172
 -0.305157
 0.815656
 -0.45359
 1.28509
 -0.00470425
 0.388767
 -0.823437
 0.139015
 -0.556764
 0.406582
 -0.89833
 0.724915
 -0.101998
 -1.20144
 0.742285
 -0.0392301
 0.339931
 -0.423203
 -0.264043
 -0.139983
 -0.831871
 0.117769
 0.684914
 -1.05907
 0.247636
 -1.10459
 1.86226
 -1.88311
 0.554854
 -0.467811
 0.27122
 0.24693
 -0.972865
 1.10386
 -0.728914
 0.894754
 -1.11812
 0.716056
 -0.430353
 0.767062
 -0.488849
 -0.196169
 0.262838
 0.0305724
 -0.414058
 -0.535254
 0.54183
 0.952446
 0.172384
 -1.31177
 0.629866
 1.35524
 -0.603522
 -0.125607
 -0.302678
 0.104014
 -0.0631836
 -0.0353512
 -0.249494
 -0.306913
 0.355388
 -0.803794
 -0.146925
 -0.039747
 0.453642
 -0.157023
 -0.613246
 -0.288455
 1.07819
 -0.800725
 0.782103
 -1.01845
 0.868097
 0.201075
 -0.204392
 0.35393
 0.308072
 -0.324368
 -0.1067
 -0.261365
 0.530271
 -1.11549
 0.575241
 -0.280128
 -1.14033
 0.115716
 -0.0769707
 0.358416
 0.765557
 -0.194073
 0.579753
 -1.15738
 0.635322
 -1.02305
 1.1528
 -1.00027
 1.67713
 -0.475015
 0.924572
 0.84385
 0.135384
 -0.481943
 -0.425956
 -0.122851
 -0.31853
 0.19836
 -0.781564
 0.509816
 -0.412562
 0.785059
 -1.53266
 1.74971
 -1.92585
 1.07014
 -1.32443
 0.951915
 -1.01804
 1.2182
 -1.18466
 1.05227
 -1.47641
 0.259383
 -0.457034
 0.697438
 -1.43781
 1.08464
 -1.00218
 1.08349
 -1.11716
 -0.430469
 0.537908
 -0.550116
 0.785005
 -0.910314
 0.909188
 -0.305264
 -0.368469
 0.694205
 0.970902
 -0.880207
 0.570131
 -0.199203
 0.943739
 -0.951733
 0.392445
 -0.258754
 -0.00252375
 0.158271
 -0.147331
 0.14501
 -1.03884
 0.125039
 0.102072
 -0.214079
 -1.30011
 0.338132
 -0.493506
 -0.233043
 -0.245643
 0.310839
 -0.948721
 1.30516
 -0.616357
 2.20305
 -1.34398
 0.270319
 0.394472
 -1.18634
 0.629131
 -0.355256
 0.613035
 -1.16544
 0.96839
 0.72666
 -0.690268
 0.780866
 -1.46195
 1.33091
 -2.86406
 1.99602
 -0.0188652
 0.633248
 0.0130688
 -0.300402
 0.140267
 -0.0502271
 -0.650918
 0.504738
 -0.462523
 0.139135
 -0.103261
 0.658767
 -1.22026
 1.75153
 -1.32829
 1.62598
 -1.27791
 -0.60355
 0.140061
 -1.13875
 -0.0908171
 -0.393071
 0.582472
 0.0395213
 -0.826196
 0.591346
 -2.10533
 1.05587
 -1.57289
 1.29612
 -1.48608
 1.44231
 -0.950284
 0.589364
 -0.148607
 -0.0939226
 -0.313698
 0.826021
 -0.262023
 -0.119858
 0.872888
 -0.0400211
 -0.051375
 0.165641
 0.0687048
 0.422109
 0.692418
 0.0808191
 0.751041
 -1.82067
 -0.0180239
 0.432207
 0.473765
 -0.426225
 -0.144086
 -0.713131
 0.486601
 -0.252625
 -0.995085
 0.922203
 0.137837
 -0.335217
 -0.0138467
 -0.89317
 0.749251
 -1.23303
 0.528183
 -0.846544
 0.763829
 -0.384271
 0.919401
 -1.10146
 1.04621
 -0.864899
 0.872518
 -1.76733
 0.665931
 -0.489913
 0.904758
 -0.802109
 0.390107
 0.448006
 -0.267142
 0.706389
 -0.715832
 1.17007
 -0.857929
 1.84081
 -1.69519
 1.64384
 -0.254927
 0.928594
 -0.646485
 1.19434
 -1.41063
 1.29542
 -0.592498
 1.0674
 0.112282
 0.193493
 -1.6356
 0.382253
 0.555101
 -0.045099
 0.544418
 1.35114
 -1.48694
 0.957261
 -0.644775
 0.887331
 -0.61668
 1.01005
 -0.731453
 1.1554
 -1.51475
 1.3432
 -1.88313
 1.74547
 -0.707705
 0.587564
 -0.301199
 -0.237324
 0.572332
 0.689101
 -1.14597
 1.55169
 -0.794848
 1.32355
 -1.75742
 0.693499
 -0.316231
 -0.301296
 0.360729
 -0.69957
 -0.573609
 0.610885
 -1.54758
 0.8482
 -1.22455
 1.3483
 -1.29914
 -0.0401564
 0.0825032
 -0.62275
 -0.262436
 -0.492757
 0.407914
 -0.00709398
 -0.532865
 1.16223
 -1.22387
 0.0683696
 -0.0299485
 0.359551
 -0.550883
 0.54485
 -1.58868
 1.53718
 -0.981432
 -0.863038
 -0.415508
 1.46567
 -0.165054
 -1.27699
 1.25558
 -0.633653
 1.02254
 -1.07258
 0.567071
 -0.546374
 1.49824
 -0.683505
 0.944387
 -1.47919
 1.14979
 -1.38778
 1.17602
 -0.209851
 -0.531995
 0.551364
 -0.840171
 0.87565
 -0.155935
 -0.803464
 0.422391
 0.213856
 -0.201907
 0.215422
 -0.83631
 1.17474
 -0.961991
 1.47984
 -1.29467
 2.0472
 -1.40777
 1.03747
 -1.63187
 0.787674
 0.219707
 0.178044
 0.038077
 -0.274464
 0.122757
 -0.803139
 0.0517534
 -0.0255284
 0.867125
 -0.311269
 -0.742385
 -0.123349
 0.360394
 -1.31655
 1.02187
 -0.848786
 0.491573
 -1.4369
 -0.619769
 0.366922
 0.0890113
 -0.203706
 -0.131097
 -0.17542
 0.171586
 -0.699515
 -0.0504188
 -0.00133486
 0.156963
 -0.113915
 -0.0227538
 -0.402904
 0.0862646
 0.562361
 0.0189364
 -0.589832
 -0.388866
 0.0460903
 0.348785
 -0.0486359
 -0.420763
 -0.568879
 0.591807
 -0.321164
 -0.803205
 -0.180097
 1.38947
 -1.17153
 0.0525638
 0.0273728
 -0.66477
 0.570158
 -0.774975
 -0.273627
 0.501868
 -0.393462
 0.409761
 -0.792027
 1.12008
 -1.66544
 -0.0813197
 -1.0366
 0.279201
 -0.509095
 0.16978
 -0.330404
 0.606233
 -0.0280689
 -1.00805
 -0.124731
 1.6667
 -0.719659
 0.107668
 0.0985942
 0.9327
 -1.03419
 1.57729
 -1.06626
 -0.616237
 -0.0999423
 0.0546797
 0.482396
 -0.206538
 0.0673784
 -1.18704
 1.15293
 -1.43432
 0.10248
 -0.0906491
 0.348214
 -0.351484
 0.136136
 -0.324705
 -0.118818
 -0.322427
 -0.471356
 -0.739065
 0.573339
 -0.492784
 -0.131688
 1.40349
 -1.06166
 1.05752
 -0.166367
 0.988112
 -1.64989
 1.30187
 -0.0507758
 -0.00187855
 0.291509
 -0.152268
 1.38724
 -0.026253
 0.401451
 -0.620641
 0.162059
 0.456207
 0.0850356
 0.725343
 -0.328177
 -0.486125
 -0.135178
 0.45577
 -0.649786
 -0.105598
 0.127808
 1.09187
 0.000630098
 -0.22872
 1.35453
 -1.13736
 1.4913
 -0.481203
 1.03265
 0.421834
 -1.31381
 1.05081
 -0.998201
 1.07304
 -1.10628
 1.7431
 -2.2151
 1.077
 -1.04885
 0.88806
 -1.10301
 1.5913
 -2.78987
 2.70822
 -2.54323
 1.3018
 -0.934706
 2.05053
 -1.2996
 1.05134
 0.310547
 -0.343087
 0.474727
 0.308292
 -0.418457
 1.28784
 0.0873968
 0.474742
 0.402126
 -0.354938
 0.0497975
 0.449949
 -0.763111
 1.96646
 -0.606371
 0.695591
 -0.0156213
 0.202564
 -0.484281
 -0.52875
 0.368248
 0.734715
 -0.138332
 1.26439
 -0.251038
 0.745312
 0.237207
 1.20129
 -0.125004
 0.301239
 0.0938352
 -0.259687
 0.466279
 -0.791781
 0.787123
 -0.366002
 0.627616
 -0.716928
 0.972281
 -1.39485
 1.70368
 -1.10951
 0.977092
 -0.00331155
 -0.0843214
 0.603887
 -0.28148
 1.38476
 -0.52612
 1.99062
 -1.57125
 0.492871
 -0.56554
 0.453091
 -0.783469
 0.658255
 -1.25783
 0.928582
 -0.360154
 -0.0519567
 0.58544
 -0.483306
 0.724076
 -0.278266
 0.680526
 -0.181509
 0.78789
 -0.740109
 -0.0526072
 0.749253
 -0.246241
 -0.0193068
 -1.00588
 1.34551
 -0.435866
 0.152598
 0.704497
 -0.725152
 0.331048
 -1.10131
 0.147796
 0.0748675
 -0.0212239
 -0.663835
 0.641884
 -1.09551
 1.01935
 -1.32467
 1.36322
 -0.4272
 0.238055
 0.0906613
 0.0402551
 0.656847
 -0.983402
 0.670317
 -0.289526
 1.12674
 -0.910832
 -0.0525559
 0.0937776
 0.100484
 -0.130407
 -0.289313
 0.293561
 0.0794976
 1.35876
 -2.0826
 2.10844
 -1.86066
 1.2069
 -1.08843
 1.55465
 -0.845148
 1.12642
 -0.695373
 1.38102
 -0.936653
 0.623831
 -1.34333
 0.597264
 0.00326263
 0.989197
 -0.982876
 -0.342206
 0.224315
 0.167281
 0.21318
 0.332526
 -0.296778
 0.445578
 0.0365524
 0.49418
 -0.446724
 -1.0633
 0.712575
 -0.0861618
 0.228296
 -0.0829121
 -1.13536
 0.943211
 -1.11629
 2.03122
 -1.38631
 0.961843
 -0.825986
 1.42212
 -1.04892
 1.03044
 -1.81467
 1.85156
 -1.70343
 0.564751
 0.903139
 0.165933
 -0.131721
 1.37114
 -1.10007
 0.217458
 -0.504321
 0.441393
 0.403917
 -0.205084
 0.183875
 -1.40791
 -0.792516
 0.24331
 -0.280834
 0.147679
 -0.282157
 0.602027
 -0.00931145
 -0.0694888
 0.490655
 0.280834
 0.24948
 0.0992875
 -0.859147
 0.87448
 -0.936553
 -0.521927
 0.437634
 -0.473514
 0.621242
 -1.03811
 0.955572
 -1.06538
 0.788139
 -0.715246
 0.279361
 -0.396787
 0.804332
 -0.903462
 0.978033
 -1.23861
 0.421818
 -1.53629
 2.19194
 -1.24379
 1.51497
 -0.644912
 0.742522
 -0.0840397
 0.0492219
 0.127444
 0.354238
 -0.764363
 0.894679
 0.355099
 -0.954737
 0.214522
 1.55665
 -0.83505
 1.26294
 -1.0393
 1.78206
 -1.34276
 0.755262
 -0.656889
 0.591879
 0.0743905
 -0.644108
 0.9156
 -1.65754
 1.44301
 -1.70853
 0.860008
 0.0143329
 -0.757355
 1.44402
 -0.68112
 0.520489
 -1.65958
 1.23472
 -1.9407
 2.21907
 -1.68549
 1.33369
 -0.55952
 1.18487
 -1.03179
 1.50549
 -1.60968
 0.544699
 -1.28612
 1.24702
 -1.70875
 0.592787
 -1.51457
 1.80001
 -1.97707
 1.85062
 -1.21805
 0.508465
 -1.18155
 0.30414
 -0.295405
 -0.359947
 -0.0746957
 -0.569588
 0.737547
 -0.234046
 -0.709829
 -0.473413
 0.0448702
 -0.290443
 -0.591809
 0.640092
 -1.07676
 0.683862
 -0.80152
 0.0934385
 0.994454
 -2.16557
 1.95719
 -0.651398
 0.27578
 0.814872
 -0.549231
 0.642349
 -0.0158176
 0.314492
 -1.27737
 1.17441
 -0.734344
 0.301439
 -0.569358
 -0.0902426
 -0.507489
 1.12238
 -0.918696
 1.29359
 -1.949
 1.23731
 -1.61433
 0.849425
 0.544513
 -0.0898098
 -0.461392
 0.465396
 -1.2494
 -0.223096
 -0.205723
 -0.0401613
 -0.649375
 1.57933
 -1.49454
 0.658588
 0.176428
 -0.90272
 1.30357
 -0.936315
 0.236516
 1.00448
 -0.222544
 -0.12889
 0.76656
 -1.20304
 0.713971
 -0.510044
 1.06547
 -0.721132
 1.06998
 -0.200272
 -0.633946
 1.06701
 0.107164
 0.52697
 -0.473382
 -0.278343
 0.484938
 -0.806464
 0.263105
 -0.112935
 -0.359712
 0.873754
 0.0457614
 -0.0965041
 0.0200158
 -0.531316
 -0.500761
 -0.163935
 0.0913027
 -1.34463
 0.650005
 -0.154422
 1.29938
 -1.34157
 0.452829
 0.284638
 -0.595473
 0.100181
 -0.85905
 -0.284774
 1.37448
 -0.687684
 0.488472
 -1.36718
 0.204595
 -1.14521
 0.360427
 0.778495
 -1.03673
 0.197708
 -0.0454071
 -1.31732
 -0.17973
 0.0131245
 0.416208
 -0.0965159
 -0.997804
 0.837267
 -0.348012
 1.08582
 -0.782817
 0.783533
 0.0784388
 -1.18194
 0.976544
 -0.724829
 0.898456
 -1.3742
 0.605062
 -1.20625
 1.96379
 -1.37501
 0.443577
 0.154002
 0.988792
 -0.854978
 0.731908
 -0.575585
 0.488865
 -0.381698
 -0.304579
 0.215008
 -0.238323
 0.570762
 -0.254695
 -1.06461
 0.790094
 0.113859
 0.733515
 0.78398
 -0.988782
 1.23442
 -2.13949
 0.96898
 -1.53489
 1.27793
 -0.102579
 -0.0135595
 0.402295
 1.0101
 -0.450275
 0.818199
 -1.24963
 0.513082
 0.896966
 -0.769567
 0.587788
 -1.0043
 0.507587
 -0.487613
 1.56824
 -0.826844
 0.672254
 -1.24988
 2.02449
 -1.43381
 2.43268
 -1.21445
 0.472285
 -0.337009
 0.686738
 0.770808
 -0.392781
 0.422728
 -0.0790059
 -0.01779
 -0.0916965
 0.0233937
 -0.498489
 0.470061
 -0.519551
 1.17448
 0.123128
 -0.828859
 -0.540148
 0.975088
 -0.731383
 -0.244311
 0.993095
 -0.280912
 0.869195
 -1.27424
 0.423996
 -0.535678
 0.404607
 -0.272677
 0.183527
 -1.26313
 -0.0378096
 0.697679
 -0.476217
 1.03124
 -1.0741
 0.594189
 -0.203437
 -0.63005
 0.443003
 -1.03951
 2.43228
 -2.18955
 0.942987
 -1.91624
 2.11767
 -1.53234
 1.56582
 -0.483589
 -0.119079
 0.234668
 -0.228619
 -0.211313
 0.410544
 -0.318157
 -0.223764
 0.504884
 -1.01208
 0.719266
 -0.628962
 1.14742
 -0.563007
 0.463241
 -0.899598
 0.358383
 -1.75424
 0.495276
 -0.125164
 0.249979
 0.171574
 0.659897
 -0.741201
 1.71899
 -0.780603
 1.2697
 -1.87273
 0.642763
 -0.161576
 -0.453922
 0.599969
 -0.164592
 -1.29541
 0.0363535
 0.0714694
 0.185481
 0.350598
 -0.553192
 0.818091
 -0.479447
 0.500788
 -1.45159
 1.41267
 -1.67464
 1.32138
 -1.13589
 1.14793
 -1.2295
 1.16546
 -0.650151
 1.16686
 -0.356022
 -0.392941
 0.623404
 -1.0094
 1.26909
 0.199998
 0.530293
 -0.957578
 0.80686
 0.559404
 0.0798308
 -0.110464
 -0.255794
 0.697395
 -0.545286
 1.50695
 -1.27653
 0.808063
 -1.0498
 1.50728
 -0.755955
 -0.600861
 -0.114137
 -0.189109
 -0.936588
 0.1656
 0.114006
 0.292992
 0.237025
 -0.0960321
 -0.504093
 0.162613
 -0.658836
 1.34936
 -0.820782
 0.299075
 0.189242
 -0.342678
 0.166966
 0.0571769
 -0.086186
 -0.777477
 1.09789
 0.320922
 0.839411
 -1.59159
 1.02368
 -0.731912
 1.72187
 -0.689145
 0.422492
 -1.01223
 1.44022
 -1.41137
 0.89341
 -0.848375
 0.557718
 -1.76406
 0.385552
 0.180288
 0.809884
 -1.61086
 0.739219
 -0.0540507
 -0.118417
 0.369749
 -0.621007
 0.416302
 -0.112042
 -0.0700548
 0.426734
 -1.33419
 1.70053
 -1.75466
 1.86676
 -1.33633
 0.876061
 0.0287567
 0.400766
 -1.35245
 0.213582
 0.42851
 -0.546641
 -0.215353
 -0.476713
 1.07623
 -0.572568
 -0.817236
 0.629244
 -0.496672
 0.139216
 0.538273
 0.834836
 -0.729327
 0.684391
 0.370013
 -0.306983
 -0.121511
 1.30309
 -0.805601
 0.341617
 -0.405708
 1.65057
 -1.13799
 1.02406
 -1.41966
 1.36
 -1.05871
 1.55534
 -1.14751
 2.39552
 -1.7774
 0.91189
 -1.3114
 1.54264
 -0.884457
 -0.526229
 0.294272
 -0.0728352
 0.148037
 -0.325759
 1.63451
 -0.489669
 0.451694
 -0.28321
 1.04575
 0.0861292
 -0.111457
 0.951591
 -0.302316
 0.760916
 -0.819335
 1.31393
 -1.5121
 1.89758
 -1.03595
 1.12188
 -1.37941
 -0.341792
 0.472642
 -0.399402
 -0.290853
 -0.84113
 0.811935
 -1.6034
 1.0232
 -0.860641
 -0.0552021
 0.035048
 0.335395
 -0.201402
 0.199372
 -0.105828
 0.0928183
 0.652778
 0.356177
 0.059582
 -0.794949
 -0.47977
 0.0407754
 0.0417442
 0.776198
 -0.203852
 0.643191
 0.631045
 0.567845
 -0.573685
 -0.37219
 0.129671
 0.135493
 0.833048
 -0.0707224
 -0.0512212
 -1.13386
 0.312708
 -0.425673
 1.12567
 -1.7447
 1.1197
 -0.105138
 -0.813629
 0.992015
 -0.714733
 0.585029
 0.824758
 -0.308208
 1.35587
 -0.811413
 1.41644
 -0.345956
 0.832942
 0.219682
 -0.300064
 -0.214985
 -0.102643
 0.537774
 -0.910504
 0.377183
 0.149009
 -0.645074
 0.376639
 -1.04472
 0.394553
 0.0978942
 -0.638129
 0.573391
 -0.651446
 -0.216962
 -0.687162
 0.508848
 -1.71422
 1.16647
 -0.337999
 0.102933
 0.195863
 0.56237
 -0.205148
 -0.388571
 -0.334557
 -0.00746682
 -0.11251
 -0.582189
 0.875446
 0.860497
 -0.710378
 0.866583
 -1.52047
 1.88815
 -1.61247
 2.08354
 -1.68404
 1.64791
 -1.30639
 1.54152
 -1.6316
 1.69918
 -1.9766
 1.03233
 -1.12358
 0.169595
 -0.407243
 0.477985
 0.288652
 -0.984011
 0.722976
 -0.876254
 0.0151596
 -0.561331
 0.0988655
 -0.824816
 0.450467
 0.0862168
 -0.261853
 0.587579
 -1.04552
 0.132939
 0.787287
 -0.723729
 0.0760438
 -0.26817
 -0.179786
 0.141418
 0.687031
 -0.779889
 0.884214
 -0.355943
 -0.603467
 0.617411
 -0.849259
 0.713507
 -1.57742
 1.69496
 -1.50201
 0.275131
 -0.51006
 -0.894751
 0.463517
 0.751286
 -0.834992
 0.556227
 -0.472547
 -0.284679
 0.959078
 -1.43794
 0.566533
 -0.841271
 0.604048
 -0.0617235
 -0.605595
 0.470269
 -0.411947
 -0.0105456
 0.915119
 0.0494681
 -0.00473513
 -0.259597
 0.443148
 0.120353
 0.754022
 -0.233889
 0.561491
 -0.95696
 1.44721
 -1.09333
 0.875213
 -0.92909
 0.201386
 0.256121
 0.412097
 0.38954
 -0.187907
 -0.716416
 0.848982
 -1.20706
 0.970744
 -0.403888
 0.763132
 -0.314474
 -0.138079
 0.414028
 -0.895133
 0.0256535
 0.17445
 0.528375
 -0.0502508
 0.749852
 -0.816562
 0.322729
 0.128608
 1.61336
 -0.14743
 0.284961
 -0.191624
 0.191123
 0.0516891
 -0.569404
 0.850648
 0.305187
 -0.522639
 1.54227
 -0.539538
 0.96455
 -2.23666
 0.772611
 -1.08361
 1.51339
 -1.14983
 1.09596
 0.275409
 -0.763163
 1.20439
 -0.0067705
 -0.33172
 -0.0791418
 -0.0661493
 -1.06947
 0.615566
 0.591133
 0.183523
 0.947592
 -0.820266
 1.04921
 -0.862942
 1.64429
 -1.68031
 1.8479
 -2.87425
 1.64206
 -1.41742
 2.19175
 -1.90554
 1.9072
 -1.91436
 1.21303
 -0.136974
 -0.0469224
 -0.0491782
 0.00182194
 -0.0744922
 -0.0456193
 -0.818845
 1.31912
 -1.51365
 1.54725
 -0.105501
 0.357709
 -0.501277
 0.222426
 0.317207
 0.230342
 -0.144719
 -1.42071
 1.00501
 -0.385663
 0.431141
 -0.691793
 0.489397
 -0.697549
 0.344269
 -0.0454304
 0.313774
 -0.54139
 0.297413
 0.0981286
 -0.940284
 0.830328
 -0.769011
 0.591643
 0.992735
 0.0016862
 -0.275555
 -0.303199
 0.432241
 -0.885016
 0.572268
 -1.45243
 1.02107
 -0.219746
 0.525947
 -1.23857
 0.821301
 -0.153096
 0.176199
 -0.0728811
 -0.0652837
 -1.00095
 1.26297
 -0.494855
 1.4181
 -1.04716
 1.06213
 -1.66734
 0.733585
 -0.314351
 0.261727
 -0.1214
 -0.358737
 -0.995949
 0.566727
 -0.139786
 0.896985
 0.438139
 -0.819023
 0.505676
 -0.477099
 -0.0829779
 -0.440883
 0.873773
 -0.489965
 -0.869555
 0.0290132
 0.697638
 -0.335028
 0.326422
 0.232244
 -1.38878
 0.865278
 -0.739784
 0.0750733
 -1.63891
 1.48264
 -1.82802
 1.92074
 -1.91862
 -0.0219399
 0.211745
 -0.145623
 -1.0419
 -0.0775925
 -0.412111
 2.24663
 -1.56161
 -0.226697
 -0.225729
 -1.01696
 0.347939
 -0.398607
 0.308812
 0.472409
 -1.22188
 0.723248
 -0.781991
 -0.61316
 0.341507
 -0.323906
 0.215011
 0.359568
 -0.817156
 0.621188
 -0.183634
 1.37632
 -0.837693
 0.783967
 0.48677
 0.245934
 -0.352222
 0.224899
 -0.36401
 0.169922
 0.209251
 -0.468718
 -0.00913816
 0.974228
 -0.414797
 1.00328
 -1.22195
 0.034593
 -0.166236
 -0.47107
 0.409592
 -0.796128
 -0.329614
 -0.391199
 0.855625
 -0.542442
 1.22992
 -1.40148
 1.13845
 -0.327085
 -0.270316
 1.24537
 -1.96565
 1.4735
 -1.23956
 1.1254
 -0.00173768
 -0.0789024
 1.02663
 -0.318585
 0.26826
 -0.0436312
 0.810565
 0.145475
 0.880201
 0.165207
 0.554568
 0.711969
 -0.63705
 0.249633
 0.0121615
 1.02875
 -0.759415
 -0.060277
 -0.291055
 -0.391529
 0.491735
 -1.28321
 2.09731
 -1.66422
 1.22539
 -1.17946
 1.62395
 -0.493016
 0.90203
 -1.22414
 1.09019
 -0.455428
 -0.878584
 0.205906
 -0.219849
 1.49009
 -0.217172
 0.237234
 0.169963
 -0.267525
 0.434859
 -0.927772
 0.495018
 -0.61256
 1.02661
 -0.899035
 0.484661
 -1.05344
 0.0948321
 -1.00652
 0.617002
 -0.668369
 0.69238
 -0.944792
 1.33122
 -1.47076
 1.67858
 -0.356529
 -0.0723672
 1.00432
 0.34091
 0.236039
 -0.592413
 1.58006
 -1.72103
 0.484402
 -0.625188
 0.677788
 -0.76027
 -0.404511
 0.659437
 -0.548812
 0.340575
 0.487405
 -0.030635
 0.558662
 -0.985831
 0.103253
 0.29382
 0.29531
 -0.0346463
 0.616782
 -0.156957
 -0.415902
 -0.0498484
 -0.263896
 0.185883
 0.736163
 -0.340621
 1.68607
 -1.39195
 -0.0184752
 -0.244618
 0.00532454
 0.109356
 -0.805436
 0.116657
 -0.802815
 -0.563973
 0.509326
 0.625088
 -0.44918
 0.562245
 -1.32499
 -0.125172
 0.228903
 -0.602026
 0.362677
 -0.106927
 0.472411
 -0.814166
 0.0823043
 -0.00548623
 0.399441
 -0.534192
 0.344284
 -0.977789
 0.253751
 0.100865
 -0.617164
 0.220856
 -0.372946
 0.820403
 -0.729968
 1.11086
 -1.2434
 1.59375
 -0.916708
 1.45946
 -1.31946
 1.91272
 -1.15041
 0.858561
 -0.263732
 -1.15573
 1.3543
 0.315605
 -1.66329
 1.9546
 -1.1665
 0.621855
 -0.63646
 -1.36842
 1.30498
 -1.5339
 1.48092
 -1.72492
 0.581708
 -0.137968
 -0.964967
 0.836036
 -0.331956
 0.135894
 0.863865
 0.526977
 -0.339391
 0.529069
 -0.504685
 -1.22348
 0.909854
 -1.51632
 0.536391
 -1.02624
 1.33411
 -2.08194
 1.7045
 -2.31893
 1.78994
 -1.33949
 1.36254
 0.106341
 0.362102
 -0.348696
 -0.666479
 0.0240382
 0.00274306
 -0.102779
 -0.916266
 1.93308
 -1.91325
 1.39998
 -0.767694
 1.38126
 -0.826243
 0.403898
 0.385775
 -0.491642
 0.562907
 -0.823334
 0.0613602
 0.273381
 -0.444683
 1.97522
 -1.09148
 1.73578
 -1.06134
 0.496838
 1.29085
 -0.502097
 0.348241
 -0.387853
 0.395821
 -1.15899
 -0.0735903
 -0.380065
 0.501433
 -0.2619
 0.0130926
 -0.023406
 -0.100902
 -0.384944
 -0.0418704
 0.798613
 -0.0109272
 -0.990166
 0.320868
 -0.803271
 -0.25783
 0.0479937
 -0.588696
 0.368763
 -0.577243
 1.6069
 -1.07462
 1.47213
 -0.632838
 -0.497965
 -0.0182118
 -1.26508
 0.883697
 -0.387527
 0.270644
 -0.857823
 0.18023
 -0.581968
 -0.296796
 1.2304
 -1.29272
 0.202875
 0.159939
 0.134423
 0.0980347
 1.01304
 -0.794359
 -0.328697
 -0.229631
 -0.294915
 1.13983
 -0.659354
 0.561673
 0.58782
 -0.78421
 0.352911
 -0.0860651
 0.454635
 -0.720192
 0.81931
 0.0162779
 0.267939
 -0.751444
 1.20939
 -0.458811
 1.05146
 -1.4065
 0.148862
 0.181455
 0.0321813
 0.409884
 -0.74689
 0.114072
 -0.365526
 0.837755
 -1.50183
 1.41307
 -1.61376
 0.43173
 0.0871628
 0.493181
 -0.725855
 0.0333437
 -0.728909
 1.05511
 -1.28972
 1.1577
 -0.542397
 0.416648
 -0.344204
 0.543745
 -0.788618
 1.80825
 -2.33017
 1.85473
 -1.05734
 1.39841
 -0.295948
 0.835281
 -0.542442
 0.483906
 -0.70827
 0.781144
 -0.0829455
 -0.00640757
 -0.683412
 -0.260315
 0.662598
 -0.6968
 0.677478
 -1.1487
 1.14296
 -0.669429
 0.129602
 -0.21981
 0.409621
 -0.516315
 0.673597
 -1.19379
 0.698499
 -0.1893
 -0.305632
 1.16191
 -0.844251
 0.806952
 -0.650093
 -0.261858
 0.0162775
 -0.841146
 -0.289514
 -0.513812
 0.65232
 -1.4274
 0.453959
 -0.0520312
 0.498543
 -0.136597
 -0.304405
 0.078907
 -0.815346
 1.24691
 -0.604117
 0.103801
 0.0211291
 0.379553
 -0.422907
 1.01733
 -0.467611
 -0.542526
 0.258227
 0.54408
 0.119362
 -0.266526
 0.815509
 -0.437372
 1.14052
 -0.787632
 0.448977
 -1.09809
 0.713916
 -1.02228
 1.10813
 -0.391446
 0.586198
 -0.559792
 0.204316
 0.000360481
 -0.394844
 -0.0876895
 0.00732251
 -0.0685988
 -0.471422
 -0.0761259
 0.366199
 -0.306806
 0.116157
 -1.12051
 0.753153
 -0.330668
 -0.0344048
 0.644298
 0.0771595
 -0.0143249
 -0.765959
 0.371337
 0.16556
 0.0922918
 -0.218398
 0.151976
 -0.462077
 0.0128536
 0.126254
 -1.03201
 -0.204628
 -0.515611
 -0.257344
 0.225685
 0.0895208
 0.72266
 0.00271831
 -0.391623
 0.142085
 -0.284147
 1.2972
 -1.18555
 0.394016
 0.777023
 -1.2676
 1.06104
 -1.40714
 0.711254
 0.0648628
 0.275418
 0.0664853
 -0.928225
 0.392024
 -0.41447
 -0.199878
 0.0830585
 0.384141
 -0.883071
 0.167754
 -0.517977
 -0.754606
 -0.106266
 0.00735556
 -1.05272
 1.15629
 -1.17283
 1.47243
 -0.439699
 1.14895
 -0.637203
 0.842761
 -1.53254
 0.920199
 -0.694741
 1.16793
 -0.167385
 0.00740815
 -0.621915
 0.366025
 -0.886115
 1.15538
 -1.84959
 1.61284
 -0.289862
 -0.168829
 0.311428
 0.340512
 -0.201685
 0.363112
 -0.614391
 -0.0330289
 0.452432
 -0.24584
 0.553126
 -0.315358
 -0.212455
 -0.962534
 0.829616
 0.490199
 -0.272618
 0.891291
 -0.201192
 -0.993628
 1.46798
 -1.30906
 0.95892
 -1.20511
 0.789586
 -0.999917
 0.520573
 0.0913801
 0.136195
 -1.09696
 0.707877
 -0.858822
 0.954135
 -0.214562
 -0.767606
 -0.49951
 0.110082
 0.127657
 0.575851
 0.813852
 -0.25572
 0.00988002
 0.0818539
 0.121667
 -0.936694
 0.138362
 -1.38205
 1.18301
 -2.38364
 2.01754
 -2.03176
 2.04462
 -1.63137
 -0.445713
 -0.257123
 0.705602
 -0.547029
 0.6035
 0.342145
 -2.85827
 1.60676
 -1.25791
 1.24845
 -0.107748
 0.125493
 -0.502494
 -0.220096
 -0.388551
 -0.561347
 -0.987427
 1.26415
 -0.976692
 0.145781
 -0.587811
 0.0898409
 1.05485
 0.182617
 -0.427973
 -0.27102
 -0.891824
 0.063782
 -0.585011
 0.88269
 -0.261546
 -0.27666
 -0.690763
 0.748029
 -1.34593
 0.468505
 -0.918436
 1.00834
 0.616495
 0.358009
 -0.0124517
 -0.39523
 0.0100426
 0.165309
 1.77982
 -1.70738
 0.870364
 -0.653945
 1.12869
 -0.680201
 1.3271
 -0.794656
 0.478296
 0.113101
 -0.352789
 0.580955
 -0.783327
 0.619188
 -1.63784
 0.939812
 -1.21368
 1.20847
 -0.147405
 0.0217284
 -0.110298
 0.548906
 -0.837703
 0.839546
 -1.02999
 -0.120775
 -0.454386
 -0.763392
 0.428836
 0.233482
 -1.07982
 1.09646
 -0.543113
 0.228313
 0.0201521
 1.16163
 -0.857459
 0.175816
 0.915701
 -0.215131
 -0.427121
 -0.164733
 0.767735
 0.287129
 -1.33112
 1.16456
 0.280715
 -0.412619
 0.704442
 -0.457554
 0.469709
 -1.12033
 -0.134605
 -0.567137
 -0.768063
 0.39826
 -0.0222493
 0.606312
 -0.213174
 0.236499
 -1.20604
 1.92206
 -1.43175
 0.675016
 -1.22337
 1.65368
 -0.603023
 1.14171
 -0.195876
 -0.59121
 0.55927
 0.521631
 0.444329
 -0.67965
 0.217709
 -0.437292
 -1.30112
 1.89106
 -0.942802
 0.822799
 -0.148033
 -0.561788
 0.26953
 -0.0277838
 -0.108332
 0.368751
 -0.00136177
 -0.424895
 0.530556
 -0.694957
 0.943522
 0.146374
 -0.146827
 0.330839
 0.0371981
 0.202042
 0.171071
 0.362974
 -1.3938
 0.602735
 0.138667
 0.822927
 -1.4481
 1.24629
 -1.35102
 0.765288
 0.628645
 0.871807
 -0.420811
 1.46273
 0.589323
 -0.501853
 0.688496
 -0.61585
 -0.355483
 -1.00753
 1.29248
 -0.857669
 1.54527
 -0.978741
 1.04575
 -0.926059
 1.74341
 -0.396055
 0.0714868
 -0.273777
 0.0428095
 0.603169
 0.0747385
 -0.240716
 -0.728679
 -0.0378921
 0.410256
 -0.428148
 0.514791
 -0.453766
 0.420995
 0.0359755
 0.451176
 -0.263221
 -0.12948
 -0.416258
 1.02811
 -0.833966
 0.489223
 -0.66114
 0.697754
 0.189204
 0.151354
 0.0448796
 0.977106
 -0.28935
 0.336092
 0.443132
 -1.43012
 0.880913
 -1.40072
 1.32764
 -0.740465
 0.0272347
 0.467999
 -0.257414
 0.638865
 -0.509987
 0.80808
 0.0705697
 -0.855902
 1.05375
 -0.653
 0.989983
 -0.397953
 -0.134488
 0.509952
 -0.480446
 -0.290492
 -0.278104
 0.755521
 -0.255529
 -0.871817
 0.413067
 -0.218309
 0.937575
 -1.32796
 0.853685
 -0.227326
 0.818744
 0.510196
 0.47868
 -0.109229
 0.593182
 -1.25026
 0.548944
 -0.194229
 0.171907
 0.394704
 0.491198
 -0.550246
 0.743683
 -0.178035
 0.231776
 -0.971174
 -0.235869
 -0.681158
 0.872037
 -0.200445
 0.00908565
 0.779055
 -0.16892
 0.783131
 -1.02157
 0.383241
 -1.25166
 1.45443
 0.479363
 -1.76867
 1.40109
 -1.14498
 0.171374
 -0.453642
 -1.23194
 1.5023
 -2.19458
 2.75876
 -2.46935
 1.96071
 -2.86279
 1.98835
 -1.8146
 1.01484
 -0.325787
 -0.724557
 0.382078
 -0.470904
 -0.317407
 -0.137621
 -0.443481
 -0.0496625
 -0.203074
 0.500875
 -1.36676
 0.209433
 -0.686061
 0.236189
 0.526473
 -0.8752
 0.371411
 0.345609
 -0.526052
 0.428836
 -1.4983
 1.78238
 -0.517749
 1.49734
 -1.91139
 1.00158
 -1.37335
 1.05799
 -0.290908
 0.724864
 -0.0772981
 0.573789
 -0.237598
 -0.192824
 -1.10728
 0.615301
 -0.879819
 0.78929
 -1.34356
 0.673457
 -1.21056
 0.992931
 -0.701819
 0.310624
 -0.316505
 0.415948
 -0.172169
 0.0452314
 0.180531
 -1.27675
 0.669598
 0.244874
 -0.621471
 -0.282778
 0.0664228
 -1.34644
 1.17631
 -1.34738
 0.85696
 -2.02832
 1.80982
 -1.61774
 1.06549
 -1.13374
 1.51647
 -2.17403
 0.990945
 -1.70168
 1.51848
 -0.774517
 -0.52016
 -0.867739
 0.691188
 -0.610487
 0.847632
 -1.07052
 0.463254
 -1.09564
 1.44817
 -0.310363
 -1.53302
 0.640348
 -0.939036
 1.69341
 -1.66741
 1.14558
 -1.47852
 1.5159
 -1.03526
 0.890601
 0.805675
 -0.598013
 0.710544
 -0.108609
 0.748003
 -0.0640521
 -0.280784
 -0.230521
 -0.298337
 0.301124
 0.487467
 0.12826
 0.918418
 -0.297701
 -0.555113
 0.167452
 -1.13542
 0.300907
 0.104833
 -0.681253
 1.24559
 -0.622336
 1.06972
 -1.32524
 0.643165
 -0.933165
 0.404433
 -0.4825
 -0.839969
 0.198597
 0.128338
 -0.228635
 0.884686
 -0.608082
 0.776811
 -0.53897
 -0.717174
 1.03825
 -2.01123
 2.1351
 -1.67936
 0.229697
 -0.440143
 0.328894
 -0.634606
 0.126851
 -0.545907
 0.143568
 0.297124
 -0.231055
 1.60013
 -0.81685
 -0.755572
 0.508002
 -1.36894
 0.174646
 0.0208289
 0.591054
 -0.983185
 0.909319
 -0.803912
 0.955261
 -1.19292
 0.756349
 -0.489404
 0.111363
 -0.0536649
 0.694776
 -0.275227
 0.180301
 0.241815
 -0.0194504
 -0.232122
 0.53613
 -0.481605
 0.388299
 -0.472509
 1.11123
 -0.566561
 0.776513
 -0.406975
 0.744534
 -1.1613
 0.338303
 0.947459
 -0.791206
 1.50319
 -1.29244
 1.32648
 -0.569284
 -0.615284
 0.290814
 -0.662234
 0.896645
 -0.758524
 1.15865
 -0.858329
 0.690419
 -0.7177
 1.02689
 -1.21935
 1.12985
 -0.31061
 -0.421119
 0.382029
 -1.03415
 0.173609
 0.532088
 0.412617
 0.51174
 0.152432
 -0.343838
 1.38231
 -0.556885
 -0.101271
 -1.49521
 1.78229
 -2.51429
 1.83527
 -0.469491
 1.11596
 -1.13366
 0.475027
 -0.249129
 -0.766893
 0.838304
 0.0902934
 -0.98171
 -0.279693
 0.788558
 -0.817857
 0.714769
 0.0916624
 0.705738
 -1.34951
 1.77855
 -1.73418
 1.17921
 -0.514618
 0.212401
 -0.726182
 -0.40427
 0.270355
 -0.0699472
 0.0223215
 0.645211
 -0.675626
 -0.131951
 -0.968192
 1.4152
 -1.11515
 1.49965
 -1.16535
 0.991504
 -1.43142
 1.39154
 -1.10078
 0.710941
 -0.477758
 2.14713
 -0.71317
 0.791395
 -1.33633
 1.65721
 -1.06978
 1.10107
 -0.814165
 0.880068
 -0.881016
 0.0427572
 -0.171103
 0.496066
 -0.406272
 0.177844
 0.523996
 -1.28497
 0.0316677
 0.310124
 0.675303
 -0.493369
 0.683016
 -0.705372
 0.30156
 -0.350729
 0.572312
 -0.226399
 1.06036
 -1.48288
 0.288763
 -0.434137
 0.700107
 0.0298283
 -1.07765
 0.381869
 0.142044
 -0.368614
 1.21931
 -1.60011
 0.88025
 -0.408508
 0.417772
 -0.80787
 0.864603
 -1.24632
 1.14144
 -0.461674
 -1.6728
 2.29506
 -1.72462
 1.23919
 -1.55131
 1.97657
 -1.07921
 0.722725
 0.135113
 -0.163257
 0.918106
 -0.332376
 0.120232
 -0.430178
 0.180318
 0.342349
 0.600971
 -0.285247
 0.437472
 -0.559926
 0.528663
 -0.17305
 -0.249848
 0.860584
 -1.60594
 2.09301
 -2.05272
 2.15237
 -0.755168
 0.654317
 0.457163
 -0.739919
 1.4845
 0.0938378
 0.851791
 -0.630736
 1.09175
 -0.42296
 1.14103
 -0.0762666
 0.341415
 0.39878
 1.31496
 -0.823427
 1.14484
 0.129843
 0.521285
 -1.34054
 0.257772
 -0.472209
 0.859115
 0.373576
 -0.397616
 -0.20781
 -0.270655
 -0.512913
 0.709462
 0.137174
 0.144339
 -1.45847
 2.29713
 -1.64915
 0.591088
 -0.76104
 0.248473
 0.374037
 -0.448132
 0.181873
 -0.887668
 0.438096
 -1.15738
 1.60413
 -0.739764
 1.11962
 -1.15861
 1.61973
 -0.448509
 -0.771577
 -0.0923646
 0.105241
 -0.158646
 -0.196605
 -0.790487
 -0.154049
 0.578162
 -0.096316
 -0.311389
 0.696945
 -1.37578
 0.829722
 -0.282334
 -0.1806
 -0.589217
 0.897645
 0.135454
 1.11964
 -1.07397
 0.891087
 0.00567112
 0.448111
 -0.504817
 0.972188
 -0.438987
 0.551945
 -0.512283
 1.10075
 -1.48616
 0.933305
 -0.909406
 1.21474
 -0.322666
 -0.508385
 -0.620925
 0.51914
 -0.136527
 0.309534
 -0.659653
 0.201706
 -0.275015
 -0.313848
 0.498492
 -0.372599
 0.851068
 -0.905492
 0.733005
 -0.102625
 -0.236668
 -0.0313218
 0.279194
 0.472967
 -0.763195
 0.03459
 -0.0473133
 0.707481
 -0.0955585
 -0.22089
 -0.404639
 1.26951
 -0.952323
 0.804947
 0.0243797
 0.0433879
 0.222808
 0.0285228
 0.397404
 -1.07688
 1.32823
 -2.04072
 2.01496
 -2.34749
 0.994302
 -0.0810628
 -0.64579
 1.24801
 -1.68624
 0.707185
 -0.704861
 1.21034
 -0.106658
 -0.877538
 0.545989
 0.484324
 -0.0799688
 0.0773148
 -0.60422
 2.02314
 -1.87556
 1.96815
 -1.17385
 2.34357
 -1.84872
 1.58408
 -0.955398
 0.523482
 -1.09133
 1.07437
 -0.476285
 0.528734
 -0.206508
 -0.293581
 -0.629014
 0.909531
 -0.758155
 0.236155
 -0.445214
 -0.638823
 0.9895
 -0.657043
 -0.133106
 0.583444
 -0.92104
 0.339606
 -2.0515
 1.29163
 -1.64075
 1.90808
 -0.936698
 1.2577
 -2.63568
 1.26292
 -1.52787
 0.744437
 -0.786562
 0.776221
 -1.35809
 0.681281
 -0.799803
 -1.04086
 0.753491
 -0.712927
 -0.256237
 -0.0144849
 1.04703
 -1.40684
 0.0872747
 0.747742
 -0.291926
 -0.25658
 0.153043
 -0.528247
 0.18932
 -0.651827
 0.0869257
 -0.661182
 1.25942
 -0.78678
 1.50076
 -0.0766593
 0.146182
 -0.622401
 1.08756
 -0.518133
 1.24266
 -0.42827
 0.752281
 0.0834543
 -0.0800125
 -0.275711
 0.0629283
 -0.441956
 1.46037
 -1.43369
 1.0592
 0.0196044
 -0.423793
 0.240187
 -1.66389
 1.42717
 -0.44398
 0.431568
 -0.972019
 1.64147
 -1.5271
 0.350889
 0.474696
 -0.413017
 0.292622
 0.468568
 -0.672906
 0.52489
 -0.0228433
 0.870555
 -1.15586
 0.451915
 -0.356346
 0.376136
 -2.36016
 1.74655
 -1.4231
 0.634492
 -0.423626
 -0.274156
 -0.0132571
 0.184453
 -0.538858
 0.286394
 -0.267336
 0.104765
 1.13698
 -1.95144
 0.943361
 0.0480392
 0.257089
 -0.459721
 1.19025
 -0.0770498
 0.562109
 0.295754
 -0.147513
 -0.217433
 1.10913
 -0.786201
 0.168629
 0.393009
 0.268228
 -0.200539
 0.725597
 -1.282
 0.433731
 -0.0432261
 0.562789
 -0.894491
 0.897945
 -0.365999
 0.544601
 -0.699231
 0.148286
 0.173234
 0.468651
 0.64211
 -0.548753
 0.35958
 -1.12519
 1.27501
 -0.968817
 -0.512227
 0.891175
 -2.17956
 0.656516
 -0.163758
 -0.424003
 0.178495
 -1.21935
 1.03206
 -1.53502
 0.94564
 -0.263414
 0.833032
 0.178043
 0.198898
 0.837285
 0.201099
 -0.11388
 1.13856
 -0.270282
 0.945093
 0.424534
 1.56225
 -1.35292
 0.563551
 -0.0534714
 0.686598
 -0.413721
 0.691307
 0.851411
 -0.246677
 1.37269
 0.0142506
 -0.854678
 -0.0424562
 0.894993
 -0.257717
 -0.133043
 -0.490412
 2.17181
 -1.58664
 1.66017
 -1.48225
 1.55007
 -0.945924
 2.99703
 -1.92535
 0.776893
 0.224182
 -0.491288
 0.510714
 0.205334
 -0.123686
 0.462937
 -0.742812
 0.193368
 1.19981
 -1.31346
 0.59799
 -1.02646
 0.919313
 -0.830142
 -0.0551805
 0.517562
 -0.42572
 0.988901
 0.26655
 0.36051
 -0.460804
 0.72454
 -0.113221
 0.449787
 -0.380829
 0.469417
 -1.22266
 1.31519
 0.148277
 0.526465
 1.37382
 -1.38425
 0.806196
 -0.335604
 -1.03503
 0.678661
 -1.02051
 1.40235
 -1.92183
 2.0332
 -1.87434
 1.02311
 -0.499921
 -0.00646075
 -0.303865
 -0.576548
 -0.372206
 -0.249361
 -1.25028
 0.905288
 -0.0635803
 -0.68963
 -1.17755
 0.508266
 -0.345443
 -0.74192
 -0.288977
 -0.313411
 -0.447466
 0.105598
 -1.35316
 -0.0838419
 -1.30616
 1.39586
 -1.46801
 0.696593
 -1.39944
 1.75421
 -1.77053
 0.71788
 0.413139
 -0.274683
 -0.196839
 -0.433623
 -0.966472
 0.690852
 -1.81937
 0.937839
 -0.583377
 0.189743
 0.0774686
 0.412835
 -1.36424
 1.20415
 -1.36143
 1.23613
 -1.03632
 1.09396
 -1.15569
 0.456991
 -0.439527
 0.801634
 -0.620731
 0.779723
 -0.600424
 0.0329924
 -0.0600577
 0.0699002
 -0.266224
 -0.0187296
 -0.405939
 -0.335583
 -0.413413
 0.808257
 -0.66046
 -0.0222034
 0.0862052
 0.100454
 0.843942
 -0.450836
 -0.294496
 0.56069
 -0.615412
 0.256924
 -0.357581
 0.863961
 0.160201
 0.204395
 0.105868
 -0.57012
 0.181647
 1.34881
 -0.82484
 1.14678
 -0.77942
 0.414371
 -0.30021
 1.06959
 -0.506922
 0.17221
 0.117595
 0.789077
 -0.266045
 -0.375533
 -0.00521193
 -0.274207
 -0.726569
 0.424859
 0.0388723
 -0.48338
 0.559841
 0.304616
 0.225433
 -0.227942
 0.0341502
 -0.61813
 0.581818
 -0.168067
 -0.316858
 -0.546848
 -0.631018
 1.069
 -1.03082
 -0.152112
 0.428926
 0.942885
 -1.91026
 1.93019
 -0.179078
 0.22264
 -0.594116
 -0.476529
 -0.360279
 0.491249
 -0.116378
 -1.56749
 0.790784
 -0.452924
 0.345714
 0.771391
 0.42327
 -0.528382
 -0.289733
 -0.233703
 0.343888
 0.12789
 -0.12337
 1.15527
 0.00939067
 0.785802
 0.236215
 0.384743
 -0.954922
 0.538754
 -1.62424
 0.82546
 -0.631576
 0.881496
 -0.292317
 0.756657
 -0.0436474
 0.4156
 -1.37351
 0.941655
 -1.90095
 1.09283
 -0.895937
 1.24564
 -0.112015
 -0.853635
 1.30164
 -1.41718
 0.944808
 -1.39657
 0.0479961
 0.390887
 0.206311
 -0.888048
 1.68105
 -2.00044
 1.25737
 -1.52699
 1.02454
 -0.64147
 1.46277
 -0.551214
 0.974993
 -0.636753
 0.670367
 0.0679401
 0.919232
 -0.678882
 0.425159
 -1.27129
 0.277016
 0.228126
 -0.478268
 0.829633
 -0.763119
 0.704376
 -0.471216
 0.700455
 -0.881401
 0.549243
 -0.78715
 1.72217
 -1.34964
 0.864704
 -0.351365
 1.06371
 -0.478156
 1.77145
 -0.887272
 0.695272
 -0.362159
 0.503411
 0.00590429
 0.551743
 -0.696446
 0.55041
 -0.499164
 0.680547
 -0.559484
 -0.0522426
 -0.613482
 0.400421
 -0.153035
 0.149466
 1.35139
 -0.629335
 -0.435166
 0.813741
 -1.05146
 1.36302
 -1.70226
 1.56442
 -1.19642
 1.46069
 -1.27171
 0.160793
 -1.99315
 1.6356
 -2.03143
 2.51527
 -2.28814
 0.964018
 -0.102019
 -0.349177
 -0.141084
 -1.30076
 0.359456
 -0.600179
 0.0113433
 -1.3012
 0.511482
 -1.03436
 0.0990717
 -0.47815
 0.471321
 -1.27847
 0.0642377
 0.0421016
 -0.786743
 1.20037
 -1.52433
 1.80792
 -1.28963
 0.717381
 -0.213192
 0.524738
 -0.547156
 0.874826
 -0.288431
 0.00322877
 -0.0217077
 0.153321
 -0.567669
 -0.379071
 0.402234
 -0.207355
 -0.121043
 -0.0239513
 -0.143478
 -0.153853
 0.14546
 0.315572
 -1.27553
 1.87386
 -1.64544
 1.03899
 -0.962184
 1.1099
 -0.497014
 0.0275183
 0.073073
 -0.341358
 0.322457
 0.349558
 0.553819
 -0.338481
 0.126344
 0.091745
 -0.95291
 -0.524237
 0.412456
 0.0135209
 -0.410797
 -0.00572657
 -0.0748815
 0.916331
 -0.782569
 0.633397
 -0.89241
 0.817355
 -1.23835
 0.109011
 -0.153855
 0.717617
 0.623872
 -0.802189
 0.765692
 -0.27219
 0.123878
 -0.475211
 0.195149
 -0.827994
 0.370182
 -0.917935
 -0.246246
 0.348985
 0.295851
 -0.459228
 -0.183177
 0.493101
 0.836832
 -1.023
 0.50512
 0.140024
 -0.151619
 -0.592667
 0.0653692
 -0.230111
 0.798422
 -0.228425
 1.47696
 -0.623992
 0.358333
 -1.10843
 -0.42446
 -0.258205
 0.310283
 -0.401799
 1.2983
 -1.06616
 1.88312
 -0.409336
 1.18374
 -0.638058
 1.17995
 -0.830413
 1.0421
 0.0737861
 -0.0454847
 0.259717
 -0.902092
 1.16305
 -0.412948
 0.354235
 -0.0429177
 0.652678
 -0.178193
 -0.297818
 0.0547841
 -0.52709
 0.605188
 -0.474562
 1.21897
 -0.477418
 1.16855
 0.129532
 0.388453
 -0.0346274
 -0.912233
 0.837326
 -0.256953
 0.740631
 -0.84357
 1.19315
 0.0400065
 0.20552
 0.580647
 -0.139784
 0.715259
 -0.0125934
 0.00311524
 0.109681
 1.14029
 -1.51101
 1.63828
 -0.523293
 0.803342
 -1.04257
 0.431293
 -0.386407
 0.11537
 -0.659401
 0.183779
 0.29492
 -0.334105
 0.258581
 -0.339634
 -1.68406
 1.23926
 -0.918235
 1.8433
 -1.85187
 0.641211
 0.231462
 -0.793293
 1.84206
 -1.66843
 1.13469
 -1.16732
 2.00834
 -2.22374
 2.55864
 -1.49915
 1.91337
 -1.47883
 0.683
 -1.13707
 0.323326
 0.0993627
 0.580219
 -0.432641
 0.446754
 -1.1483
 0.301074
 -0.641603
 1.43897
 -0.570509
 -0.0392564
 0.350599
 0.472291
 -0.596508
 1.6693
 -1.04514
 0.810927
 -0.425061
 0.354008
 -0.237981
 -0.727345
 0.606474
 -0.242517
 1.25915
 -1.44992
 0.493112
 0.271153
 -0.193927
 0.270924
 -0.577681
 1.12132
 -0.555448
 0.867928
 -0.27118
 0.873497
 -0.411002
 -0.238137
 0.869253
 -0.193328
 -0.0759085
 0.398275
 -0.0733204
 0.186892
 -0.469892
 0.17073
 0.627648
 0.22968
 -1.31582
 1.89184
 -1.14116
 0.573089
 0.580554
 0.0373986
 0.521587
 -0.785179
 0.289032
 0.102497
 -0.987147
 1.73611
 -1.97555
 1.31427
 -1.12793
 1.16718
 -1.15443
 0.76118
 -0.532104
 0.632257
 -0.976765
 0.509785
 -1.31189
 0.121335
 0.148538
 0.433414
 -0.216636
 -0.162378
 0.120965
 0.176916
 -0.750918
 -0.273365
 -0.772531
 0.965326
 -1.18214
 1.11429
 0.176273
 -0.952158
 0.175746
 0.381192
 -0.640702
 1.24259
 -1.90292
 2.01738
 -2.36941
 1.94143
 -1.60446
 1.50024
 -0.744528
 -0.460411
 0.578866
 -0.836187
 0.867638
 -1.02239
 1.10301
 -1.41267
 1.21455
 -0.976746
 1.46128
 -0.962376
 -0.608379
 0.315274
 0.271989
 -0.897982
 1.20766
 -0.175926
 0.852068
 -0.629058
 -0.397611
 -0.238412
 0.370489
 0.136583
 0.253374
 -0.396916
 0.248912
 -0.179516
 -0.451593
 0.0517071
 0.470109
 -0.153572
 0.488308
 -0.500558
 0.274508
 -1.10802
 0.421243
 -0.102054
 0.165923
 -0.327399
 0.152895
 0.016801
 -0.031307
 -0.117169
 -0.679865
 0.370559
 -0.310767
 -0.0364451
 0.248624
 -0.047611
 -0.0727676
 0.631565
 -0.0559568
 -0.877049
 -0.417204
 0.314749
 -1.22442
 1.03145
 -1.49345
 0.736619
 -1.06863
 1.09332
 -0.705476
 -0.529748
 0.937686
 -0.197284
 0.491509
 -0.94546
 0.853149
 -0.884459
 1.52692
 -1.82397
 0.741556
 -1.09376
 0.359679
 -0.445554
 0.713724
 -0.878185
 0.828444
 -0.81298
 0.864322
 -0.633729
 0.498399
 -0.93505
 0.838467
 -0.474107
 -0.360116
 0.605539
 -0.602215
 1.49992
 -0.442952
 0.385658
 -0.562999
 0.995694
 -1.09851
 0.714991
 -0.919963
 0.602247
 -1.83689
 0.992321
 -1.45916
 1.15332
 -0.766826
 -0.247325
 -0.342794
 0.00231309
 0.142115
 -0.411409
 0.868698
 -1.05392
 -0.267541
 -0.632769
 -0.0161784
 -1.04222
 0.541443
 -0.10757
 -0.0891513
 0.99736
 -1.2924
 0.624586
 -1.1585
 1.20176
 -0.422972
 0.702348
 -1.0378
 0.212965
 0.307616
 0.509391
 -0.032268
 1.15001
 -0.0192737
 0.088963
 0.00715091
 -1.0601
 1.6701
 -1.95266
 0.169637
 0.276727
 -0.788419
 0.586371
 -1.11622
 0.501516
 -0.0904847
 -0.184023
 0.0602453
 -0.590952
 -1.85969
 1.82606
 -1.6141
 1.10449
 -1.26476
 0.43333
 0.467717
 0.046801
 0.554396
 -1.24967
 0.287318
 -0.812411
 0.220142
 0.428084
 -0.140934
 -1.15059
 -0.0188371
 -0.31534
 -0.664795
 -0.545725
 -0.104007
 1.14254
 -0.965551
 1.19223
 -1.00809
 1.24652
 -1.90738
 1.85006
 -2.00229
 0.10041
 -0.407969
 -0.00930664
 0.955826
 -1.9732
 0.868681
 -1.79421
 0.718216
 -0.308755
 0.558932
 -0.206878
 0.128338
 0.12451
 0.185631
 -0.329404
 0.603485
 -0.748074
 2.32797
 -1.24992
 0.924445
 -1.26198
 1.34695
 -1.20648
 1.51438
 -1.02601
 0.388519
 -2.28155
 1.36246
 -1.30137
 1.00628
 -1.1667
 1.62935
 -2.52017
 2.61864
 -2.41671
 1.62263
 -0.907508
 1.09502
 -0.859462
 1.06508
 0.101197
 -0.313291
 0.152693
 0.389612
 -0.235687
 0.538363
 -0.140574
 0.248082
 -0.539576
 0.413815
 -0.61163
 -0.590809
 -0.147609
 -1.23683
 1.36307
 0.506407
 -0.857416
 -0.285249
 1.6021
 -0.827321
 0.117058
 -0.585562
 -0.670987
 -0.682938
 -0.198579
 -0.0104004
 -0.272618
 0.739569
 -1.50242
 0.11449
 0.485139
 -1.33221
 1.9045
 0.0279102
 0.037471
 0.638633
 -0.249562
 -0.00355506
 -0.916092
 0.533191
 -0.558485
 -0.316922
 0.438779
 -0.30138
 -0.120494
 0.839048
 -0.531159
 0.33547
 0.00464721
 -0.541577
 0.29918
 0.329603
 -0.586085
 0.952705
 -0.818571
 0.676967
 -0.74886
 0.49743
 -0.13971
 0.524678
 -0.0432684
 -0.266691
 -0.0330658
 0.658192
 -0.751881
 0.553563
 -0.24172
 -1.29664
 -0.260286
 0.261465
 -1.70574
 0.97728
 -1.71523
 0.417152
 -0.882451
 1.57797
 -0.490452
 -0.513692
 -0.139954
 0.485764
 -0.411912
 0.0398053
 -0.752696
 0.745193
 -0.646856
 0.303238
 -0.145981
 -0.520398
 0.0279236
 -0.811536
 -0.241314
 -0.207569
 0.735903
 -1.02274
 1.0123
 -1.41575
 0.177783
 -0.223721
 0.155089
 -0.506715
 1.23461
 -1.80667
 1.3388
 -2.05637
 0.232886
 -0.198353
 -0.653237
 -0.822943
 -0.153327
 -0.0178032
 0.0499964
 0.0453544
 -0.247065
 1.11846
 -0.521816
 0.0111994
 -0.443831
 0.47702
 0.0627637
 0.243347
 0.70418
 -0.682861
 0.315458
 -0.38742
 -0.0415369
 -0.219943
 0.348815
 -0.851665
 0.328511
 0.869959
 0.0319797
 0.542449
 -1.26165
 0.765518
 -0.912929
 0.657581
 -1.42502
 0.393026
 -1.28051
 0.848716
 -0.698715
 0.346012
 -0.805991
 0.394302
 -0.226995
 -0.115923
 -0.682415
 0.481033
 -0.990384
 1.69667
 -0.548774
 0.860703
 -0.176897
 0.146078
 0.0845334
 0.24647
 0.217143
 0.225424
 -0.200803
 -0.839052
 0.633534
 -1.81106
 0.567806
 -1.80932
 1.13393
 -0.653868
 0.193736
 -1.27842
 0.279515
 -0.860142
 -0.425854
 0.148264
 -0.261822
 -0.105104
 -0.0368983
 -0.284137
 0.299464
 -0.152201
 -0.977401
 0.957799
 -0.8509
 -1.33551
 0.656632
 -0.826549
 -0.218298
 -0.266408
 0.276757
 0.441159
 -0.683638
 0.444847
 -0.958379
 0.330523
 -0.963378
 0.362566
 -0.491876
 0.956855
 -1.09091
 -0.0292472
 -0.207987
 -0.830167
 0.219524
 -0.220566
 0.601345
 -0.107152
 1.06064
 -1.2423
 1.68928
 -3.04181
 2.78892
 -2.21101
 1.41889
 -1.11754
 1.34116
 -0.728282
 1.03383
 -0.553641
 -0.0962372
 -1.26163
 1.32679
 -1.26289
 0.372968
 0.201298
 -0.364019
 0.231327
 0.0138118
 -0.053276
 -0.381302
 0.521818
 -1.05482
 0.632931
 0.000451464
 -0.122385
 0.293843
 0.612062
 -0.846614
 0.355708
 0.0438605
 -0.258725
 -0.323886
 0.042303
 0.567597
 -0.872008
 0.189649
 -0.349806
 1.13628
 -0.868341
 0.41127
 -0.0817404
 -0.599941
 1.49181
 -0.504492
 0.492784
 -0.196745
 -0.505425
 -0.0247286
 -1.07544
 0.658634
 -0.442916
 1.12776
 -1.80347
 1.19382
 -0.734562
 0.449106
 0.541176
 -0.188227
 -0.0945513
 -0.202442
 0.366896
 -0.543507
 0.705086
 0.557723
 -0.558741
 1.60521
 -1.78281
 1.79847
 -1.26543
 1.66828
 -1.56393
 0.988753
 -0.781612
 0.430066
 -0.430415
 0.760423
 0.224998
 -1.23536
 0.266583
 -1.06161
 0.840832
 -0.8361
 0.0760133
 -0.973274
 0.562111
 0.419371
 -0.524307
 -0.0635793
 0.284342
 -0.607736
 1.03254
 -1.50998
 1.46911
 -1.74614
 1.16259
 -0.511286
 -0.313323
 0.506166
 -0.25456
 -0.0928008
 -0.200091
 0.906925
 -0.98309
 0.282388
 -0.637333
 0.838359
 -0.960304
 0.123213
 0.161802
 0.449867
 0.143955
 -1.11444
 2.22699
 -2.41923
 2.04251
 -1.97936
 1.23773
 -0.225305
 0.549982
 0.148926
 0.788622
 -0.716893
 0.0454516
 -0.62939
 -0.337845
 0.698587
 -1.02156
 0.1534
 -0.330776
 -1.04103
 0.55447
 -0.195278
 -1.05022
 0.409886
 0.0357987
 0.124236
 -0.50043
 1.57103
 -0.977106
 1.40294
 -1.35347
 0.516845
 -0.639155
 0.164526
 0.403801
 -1.75232
 1.23128
 -0.300803
 0.939808
 -0.485755
 0.918851
 -0.878927
 -0.388711
 -0.513884
 0.0296549
 -0.21646
 0.91969
 -0.148581
 -0.221891
 -0.396615
 0.260152
 0.261426
 -0.169204
 -0.179317
 0.449167
 -0.247129
 0.121491
 -0.170951
 0.773662
 -0.389164
 -0.385911
 0.00893552
 0.54933
 -0.50062
 0.813903
 -0.991712
 0.254666
 -0.208628
 0.827208
 0.326127
 0.1859
 0.11697
 0.773536
 -0.258867
 0.438207
 -0.835777
 0.735208
 0.0308226
 0.193797
 0.00958382
 0.239679
 0.0561922
 0.659823
 -1.17318
 0.819257
 -1.65888
 0.674815
 -1.30392
 0.98079
 -0.962637
 0.95191
 -1.2196
 0.439069
 0.199036
 0.687053
 -0.114164
 -0.38687
 0.0611384
 -0.0418646
 1.12765
 -1.50075
 0.567191
 -0.710227
 1.29623
 -0.474712
 0.809788
