 -0.0403722
 -0.0683207
 -0.116056
 -0.12324
 -0.0849437
 0.0119992
 0.13891
 -0.0458599
 -0.148507
 -0.0371954
 0.103459
 -0.0975397
 0.155812
 -0.0723354
 0.0947255
 -0.174177
 0.0243665
 0.0700925
 -0.10576
 -0.0554059
 -0.0834571
 0.0250714
 0.0401656
 0.150643
 -0.0204037
 0.0800527
 0.061968
 -0.00251132
 0.00579428
 0.00378663
 0.132232
 -0.176779
 -0.150831
 -0.0741604
 -0.100231
 0.0868355
 -0.0253831
 -0.0303375
 0.125033
 -0.0249213
 -0.192294
 0.0206905
 -0.0318206
 0.10695
 0.00589233
 0.0332439
 0.0501015
 0.000445423
 0.124605
 0.10241
 0.163188
 -0.0125357
 -0.0969164
 -0.0819518
 -0.00714139
 0.0674163
 -0.0153245
 -0.0609591
 0.16081
 0.0191507
 0.0253559
 -0.0929891
 -0.142497
 -0.0147478
 0.190691
 -0.0382521
 0.0900784
 0.00647796
 0.000701674
 0.040612
 -0.105715
 0.190868
 0.0461539
 -0.0196704
 0.0720431
 -0.092932
 0.0395236
 -0.0203407
 0.150863
 0.222493
 0.0671978
 0.0185708
 -0.104384
 -0.0879813
 0.00565984
 -0.0375707
 -0.0401647
 -0.10106
 0.0186815
 0.148972
 0.0574603
 0.0294955
 -0.021721
 0.00171557
 -0.091442
 -0.139802
 -0.0244434
 0.042991
 -0.00702975
 -0.0932278
 0.0604794
 -0.11045
 0.124539
 0.0798228
 0.108682
 -0.0121036
 0.0521528
 -0.0149129
 -0.197088
 -0.188939
 -0.29349
 -0.0337351
 -0.164798
 -0.0241926
 0.129734
 -0.123016
 -0.00722837
 0.284821
 0.00943127
 0.151256
 -0.0557016
 -0.119263
 0.0882392
 -0.127051
 -0.182172
 0.058656
 -0.163402
 0.127408
 -0.0198886
 0.238498
 -0.124247
 0.158452
 -0.192626
 0.0793462
 -0.0954262
 0.0296317
 -0.0953055
 0.106135
 -0.0725565
 0.00421599
 0.0868596
 -0.0672413
 0.223205
 0.0754684
 0.183399
 0.141285
 0.102068
 0.146319
 -0.065326
 -0.00972606
 0.175235
 0.00532634
 -0.124443
 0.0927327
 0.0068529
 0.196087
 -0.0450907
 -0.206237
 -0.0881424
 -0.0784954
 0.0346008
 0.0091953
 0.0597103
 0.071178
 0.130857
 0.017747
 -0.022086
 0.0333543
 -0.0955256
 0.0721345
 -0.0294116
 -0.0107052
 -0.132654
 -0.0507706
 -0.0260568
 -0.114358
 -0.0835018
 0.0485717
 0.0302763
 0.0501625
 -0.0569155
 0.0789246
 0.0307685
 0.0165931
 0.00898737
 0.145684
 0.127894
 0.00925982
 0.0340855
 -0.127033
 0.0697049
 -0.00837601
 0.0612192
 0.17745
 0.0337286
 -0.0241186
 0.0999174
 0.0195938
 -0.127235
 0.122019
 0.0833292
 -0.0442891
 -0.114754
 -0.033048
 0.0500779
 -0.0538559
 -0.0196844
 -0.122713
 -0.0804083
 0.0982762
 -0.0928743
 0.0580285
 -0.0193975
 0.0358677
 0.2283
 0.0660846
 -0.0788837
 0.0892746
 -0.0987269
 -0.128535
 0.15329
 -0.040465
 -0.00681443
 -0.062929
 -0.301462
 -0.1326
 -0.004399
 0.140146
 0.0527122
 -0.0731903
 -0.0396691
 -0.0513356
 0.0592152
 -0.144972
 -0.0973674
 0.158356
 0.150209
 0.0817364
 -0.0205494
 -0.081615
 -0.0713578
 -0.106447
 -0.104445
 0.146524
 0.13538
 0.0876724
 0.191567
 -0.0668149
 -0.0587083
 0.0054483
 -0.162738
 -0.0286185
 0.207454
 0.0856986
 -0.0591882
 -0.00615826
 0.0701861
 0.0506918
 0.143446
 0.0895059
 0.0287873
 0.0154543
 -0.0370513
 -0.00289917
 -0.0872126
 0.0218538
 -0.0258812
 -0.0457189
 -0.049895
 -0.0680975
 -0.140514
 0.21531
 -0.0257808
 -0.0318611
 -0.0293504
 0.0179116
 0.0568435
 -0.0736516
 0.0409158
 0.045915
 0.0367981
 -0.0697713
 0.0247348
 -0.0259533
 -0.00461819
 0.0814764
 0.0151824
 -0.0190977
 -0.0994197
 0.00419835
 -0.0793884
 0.119953
 0.0680927
 -0.137078
 0.133046
 0.0636589
 0.0381013
 -0.0273314
 0.0264456
 0.0899563
 -0.0329412
 -0.0366968
 0.199503
 -0.00837709
 0.0777292
 -0.00115142
 0.0970269
 -0.257626
 -0.132617
 0.0762328
 -0.0662713
 0.0472933
 0.0586034
 0.108952
 -0.0307369
 -0.0526635
 -0.292523
 0.066607
 -0.0329599
 0.00488569
 -0.0040722
 0.177003
 -0.15467
 -0.00364151
 7.22439e-05
 -0.0572033
 -0.286012
 0.0821668
 0.106912
 0.165582
 -0.114884
 0.014856
 0.0822353
 -0.0748309
 -0.041538
 -0.0785097
 -0.173878
 -0.0598886
 -0.0798793
 0.0178175
 -0.0223305
 -0.00926916
 0.0856636
 0.0761044
 -0.113218
 -0.24708
 0.0881401
 -0.153974
 0.0324084
 0.0273581
 0.0681598
 -0.0288238
 0.00791747
 -0.0131157
 0.0853057
 0.018068
 -0.0369616
 0.091822
 -0.0626679
 0.0877411
 -0.237395
 -0.0826453
 -0.0647492
 -0.102739
 0.110105
 0.00352048
 -0.191412
 -0.0899164
 -0.0583623
 0.0875108
 -0.0343397
 0.142183
 0.117391
 0.0754804
 -0.121055
 -0.078314
 0.123641
 0.149639
 0.0664
 -0.139606
 -0.0491862
 -0.0385887
 -0.217083
 -0.0186903
 0.0886224
 0.210492
 -0.0674574
 -0.157652
 0.0032633
 0.139043
 0.0406245
 -0.0357257
 -0.0720985
 0.198163
 0.120456
 0.227697
 0.0230193
 -0.148133
 -0.146413
 0.0339768
 -0.0442914
 -0.0860487
 0.0175291
 -0.175754
 -0.0534523
 0.0874898
 -0.0486203
 -0.133603
 -0.0696789
 0.00407707
 -0.13913
 0.148725
 -0.0673073
 -0.237243
 -0.122427
 -0.0434208
 0.089517
 0.0936886
 -0.123396
 -0.0336434
 0.0785921
 -0.0971782
 -0.172082
 0.168392
 -0.0977007
 -0.074313
 -0.0241608
 -0.0554697
 -0.0679557
 0.0809479
 -0.0503296
 0.103538
 0.0316104
 -0.0304506
 0.0313307
 0.123701
 -0.110983
 -0.0372773
 0.129131
 -0.0590335
 -0.198442
 0.0430068
 -0.0469551
 0.209745
 -0.0185839
 -0.188596
 0.132184
 0.0657135
 -0.122356
 0.142568
 -0.110439
 0.00836907
 -0.0626611
 -0.110039
 0.243345
 -0.171018
 -0.0507182
 0.0779414
 0.0339951
 0.0695995
 0.2031
 -0.0433643
 -0.195924
 -0.0789193
 -0.0037506
 -0.0493859
 0.0109999
 0.0346227
 0.0764681
 -0.0733412
 0.0918665
 -0.139467
 -0.0690733
 -0.106541
 -0.134764
 0.100036
 0.0256691
 -0.0849379
 0.113949
 -0.0135574
 0.0288648
 0.113423
 -0.0482865
 -0.0323353
 -0.0461493
 0.0774075
 -0.0442393
 0.0749217
 0.0814771
 0.0215221
 0.13076
 -0.0574809
 -0.0344615
 -0.111078
 -0.138779
 0.126936
 0.135592
 -0.0543873
 0.035304
 -0.088963
 -0.0641707
 -0.0879557
 -0.225266
 0.0931413
 -0.0875867
 -0.110306
 0.0978025
 0.0286026
 0.0353288
 0.292133
 -0.052944
 -0.0398347
 -0.017346
 -0.0174027
 -0.0209533
 -0.0685609
 0.0040766
 0.0837565
 0.135801
 -0.13276
 0.161334
 0.128469
 0.178304
 -0.105571
 0.113222
 0.162752
 0.0552331
 0.0580898
 -0.0623171
 -0.0845207
 0.101026
 0.0343918
 0.0699752
 0.220885
 0.116952
 -0.0697267
 0.00224645
 0.029871
 -0.0505863
 0.0249138
 0.073955
 -0.0683454
 -0.0715048
 0.151321
 0.0200808
 0.0277846
 -0.290861
 -0.0674628
 0.0100252
 -0.0887021
 0.017152
 -0.0406087
 -0.0969924
 0.125097
 0.0213074
 -0.0151971
 -0.0408672
 -0.0529234
 0.0742417
 0.0790892
 -0.0122571
 0.0084604
 -0.154898
 -0.0997098
 -0.216369
 -0.134275
 0.0619289
 -0.112694
 0.0691138
 0.023446
 0.110601
 0.0365778
 -0.101854
 -0.0724098
 -0.211787
 0.0489928
 -0.0384269
 0.0202784
 0.107597
 -0.0822727
 -0.0803841
 0.12351
 0.0206732
 0.0382279
 0.00584397
 0.102599
 0.190371
 -0.0103961
 -0.0435839
 0.0899059
 -0.0188713
 0.109388
 -0.054483
 -0.090306
 0.0354878
 -0.0106943
 0.0134482
 0.0833534
 -0.0555601
 -0.0150118
 0.0130029
 0.19015
 -0.181676
 0.134027
 0.0936898
 -0.053313
 0.038869
 0.12198
 -0.174752
 0.0809053
 0.0216336
 -0.0310266
 -0.135092
 0.110229
 0.0814295
 -0.110484
 0.0457579
 0.095632
 -0.0767415
 0.0371993
 -0.16406
 0.053161
 -0.0708943
 -0.125046
 -0.0792669
 0.0833591
 0.0908483
 -0.0851687
 -0.0583013
 0.0437721
 0.0204258
 0.0667866
 0.00393414
 0.182191
 -0.117465
 0.0402937
 0.0245839
 0.113247
 0.187142
 0.0814758
 -9.2147e-05
 0.0125766
 0.0898766
 -0.098343
 -0.00674203
 -0.128329
 -0.0649494
 0.0117358
 -0.0181812
 -0.100358
 0.0178698
 0.0553013
 -0.0326462
 0.00887287
 0.132542
 0.133042
 -0.00711659
 -0.0433137
 -0.0174609
 -0.0123133
 -0.00519096
 -0.134161
 -0.224846
 0.0933766
 0.0570211
 -0.172884
 0.0336757
 -0.106735
 0.112236
 0.155741
 -0.0812851
 -0.0513462
 0.0189489
 0.100911
 -0.192636
 -0.147948
 -0.0907152
 -0.0810981
 -0.0217149
 0.0338234
 -0.0379166
 0.072623
 -0.027854
 0.0492247
 0.262924
 -0.135807
 -0.110085
 0.0274894
 0.0167935
 -0.0542357
 -0.219965
 -0.0360588
 -0.045477
 0.0762095
 -0.0848344
 -0.0171368
 0.182549
 -0.0230507
 0.0187729
 0.036515
 -0.115037
 0.0801477
 -0.121371
 -0.133312
 -0.102894
 0.0147218
 0.00401713
 0.175625
 -0.0627213
 -0.0461642
 -0.00631696
 0.0138563
 0.0214076
 0.0356186
 0.123641
 0.125109
 -0.0148772
 0.158419
 -0.0607493
 -0.0518434
 -0.105422
 -0.000152856
 -0.0470288
 0.157062
 -0.0253507
 -0.044494
 0.039184
 -0.0328289
 0.112882
 -0.0331736
 0.00696521
 0.0149622
 0.27269
 0.0498916
 0.00895201
 -0.0516647
 0.132675
 0.14606
 -0.0109827
 -0.0812001
 -0.0195883
 -0.0466692
 0.0224525
 -0.00681276
 0.054071
 0.141796
 0.0830956
 -0.181686
 0.0827966
 -0.00247075
 -0.125504
 0.20278
 0.0751454
 -0.116093
 0.12922
 -0.00567048
 0.181034
 0.0877234
 0.119236
 -0.145623
 -0.116828
 -0.169159
 0.0446883
 0.0300617
 0.135409
 -0.0413873
 0.143434
 -0.0200013
 -0.0801037
 0.11373
 -0.0799034
 0.16529
 0.0259722
 -0.00469645
 0.0865011
 -0.0340067
 -0.13245
 0.0155765
 0.0561732
 -0.0699492
 0.0504534
 0.0190328
 -0.100395
 -0.0339301
 -0.0321355
 -0.042693
 0.0013829
 -0.145094
 -0.0499712
 -0.00628433
 -0.00508143
 0.0378415
 0.138246
 0.118757
 0.150972
 0.0325202
 -0.116681
 0.178337
 0.0126988
 -0.0431912
 -0.0346083
 -0.0562157
 -0.200863
 0.168004
 -0.109792
 -0.0733209
 0.0151209
 0.0380021
 -0.00497702
 0.0802364
 0.0410048
 -0.0418774
 0.0325425
 -0.107682
 9.39446e-05
 -0.0615216
 -0.0242045
 -0.0277947
 -0.127586
 -0.0476226
 0.00553823
 0.0362804
 -0.274854
 0.0203033
 0.079481
 0.0309644
 -0.103516
 -0.140028
 -0.0169895
 -0.0222239
 0.0366882
 -0.0634016
 -0.0100415
 0.0357568
 0.0126524
 0.0372149
 -0.13787
 0.00474165
 0.146584
 0.0118251
 -0.299145
 -0.0321771
 -0.130538
 0.0778357
 0.0828698
 0.0923232
 0.1318
 -0.0316228
 -0.131118
 -0.113357
 0.11307
 0.0171378
 -0.12151
 0.0680954
 0.138825
 0.0730366
 -0.0331497
 -0.0931827
 -0.029654
 -0.0941875
 -0.0413655
 -0.039457
 0.00286423
 -0.0781753
 -0.0417034
 0.0855124
 0.0346216
 -0.085925
 0.00244049
 0.00704422
 0.0356262
 0.0150389
 0.0325601
 0.0129305
 0.0429288
 -0.0479432
 -0.0218845
 -0.0148678
 0.15206
 0.124668
 -0.116744
 0.00279159
 -0.12833
 -0.115147
 0.0272783
 -0.0964687
 0.107973
 0.102645
 -0.0199875
 -0.0212873
 -0.121443
 -0.0557663
 0.0603678
 -0.00791727
 0.0492396
 -0.109771
 -0.0521462
 -0.0870888
 -0.104177
 0.0168988
 0.0400531
 0.166367
 -0.0825748
 -0.0124206
 -0.0513677
 -0.053487
 -0.114489
 -0.0197621
 0.0349542
 -0.0767138
 0.077563
 0.0802404
 0.0284444
 0.0195466
 0.184107
 -0.05082
 0.0457108
 -0.0392287
 0.00709536
 -0.186659
 0.0209473
 -0.0343381
 -0.157811
 0.0951998
 -0.0637673
 0.0407741
 -0.0312659
 -0.209656
 -0.213265
 0.0563863
 0.0647164
 -0.0281195
 0.103376
 -0.00329943
 -0.066103
 0.0530807
 -0.0391367
 -0.0296726
 -0.108928
 0.0758895
 0.053189
 -0.0920516
 0.0246827
 0.200865
 -0.0705818
 0.106231
 0.11817
 0.121046
 0.0471649
 0.160806
 -0.0682624
 0.118004
 -0.119725
 -0.162328
 -0.193336
 0.0277954
 0.0683084
 -0.051593
 0.0199697
 -0.210014
 -0.173423
 -0.0249114
 -0.152088
 -0.150241
 0.0312403
 -0.0479352
 0.0432896
 0.0714604
 -0.163342
 -0.133215
 0.0845429
 0.201902
 -0.0261869
 -0.0167989
 -0.141905
 0.143441
 0.0803107
 -0.00529718
 0.0365211
 -0.123428
 0.0327909
 0.0747765
 -0.0289106
 -0.118867
 -0.107269
 -0.0211056
 0.0277764
 -0.0622753
 0.163658
 -0.200904
 -0.0345674
 -0.0272023
 -0.179887
 -0.0632564
 -0.048276
 0.0302445
 0.012676
 0.225207
 -0.223438
 -0.0065899
 -0.223264
 -0.109931
 0.157612
 -0.00974387
 0.068066
 0.0918314
 -0.0828422
 0.12038
 -0.0578492
 -0.0811111
 -0.132441
 0.14663
 0.099288
 0.098599
 0.0596365
 0.236918
 -0.0558051
 0.159047
 0.0315507
 0.0371951
 0.0365
 0.0481447
 -0.0652341
 0.121069
 0.120502
 0.15575
 -0.10984
 -0.0712828
 -0.0290717
 0.108382
 0.00703855
 -0.00417628
 0.0164134
 -0.116768
 0.125022
 0.0646058
 0.0317784
 0.0935977
 0.133293
 -0.0454647
 -0.0887291
 0.0221147
 -0.0186609
 -0.0212347
 -0.108584
 0.0859113
 -0.176264
 -0.053785
 0.0686362
 0.0608973
 -0.109948
 -0.196068
 0.104276
 0.00999364
 -0.122603
 -0.113641
 0.0603212
 0.045088
 0.0854622
 0.0533033
 0.108937
 -0.0625834
 0.191943
 0.0943372
 0.123856
 -0.156065
 -0.0616659
 -0.121831
 0.0504462
 0.16632
 0.117892
 -0.00568971
 0.0316697
 -0.148352
 -0.11745
 0.046286
 -0.0767248
 0.104571
 0.0200702
 0.0915493
 -0.157314
 -0.106428
 -0.177405
 0.0336476
 -0.0221154
 0.0981017
 0.16529
 0.0949976
 -0.154223
 -0.0737447
 -0.0420381
 -0.0280171
 -0.0356381
 0.156854
 -0.216995
 -0.0735637
 0.0723748
 0.064678
 -0.0167407
 -0.00993828
 -0.111033
 -0.0423988
 0.135613
 -0.0928511
 -0.0413255
 0.0784144
 -0.155271
 -0.116243
 -0.129161
 0.0244358
 0.123294
 -0.0808999
 0.12516
 0.125368
 -0.0251063
 0.118143
 -0.00702989
 0.0333374
 0.0642949
 0.18919
 0.253886
 0.048037
 -0.0927086
 -0.112204
 0.0773455
 0.0745907
 -0.128924
 0.0800911
 0.0993153
 -0.0199178
 0.0173967
 -0.112104
 -0.0580292
 -0.137135
 -0.0813999
 0.0297246
 -0.0274793
 0.0851998
 -0.0915261
 -0.0329377
 0.132528
 0.247578
 0.0844993
 0.0526559
 -0.106525
 0.0751497
 0.060688
 -0.100493
 0.104922
 -0.0389177
 0.0767274
 0.157695
 -0.0260889
 0.0696821
 -0.104479
 -0.147578
 0.146145
 0.0461733
 -0.132614
 0.0085136
 0.192851
 0.00993971
 0.0530617
 -0.0691973
 0.0482959
 0.052759
 -0.00695104
 0.0695875
 -0.0550034
 -0.102162
 0.0226553
 0.0732506
 0.104294
 0.0356232
 0.111187
 0.157424
 0.0546332
 0.0456182
 -0.161362
 0.120479
 0.0487777
 -0.129675
 -0.0863564
 -0.0484377
 -0.140268
 -0.138594
 -0.104904
 -0.0385598
 -0.0268402
 0.0991662
 -0.0311638
 0.0952668
 -0.0336803
 -0.0360277
 -0.140632
 -0.0634355
 0.0432179
 0.164832
 0.139354
 0.076201
 0.162903
 0.125949
 0.0694006
 0.072916
 -0.118734
 0.0376672
 0.256662
 -0.0334375
 -0.0196867
 -0.081163
 0.0538056
 0.0220427
 -0.0265523
 0.014393
 0.133061
 0.1157
 -0.0194233
 -0.0653441
 -0.116522
 0.152603
 0.0154521
 -0.0819935
 -0.133717
 0.261759
 0.187631
 -0.0196478
 0.0747893
 0.0124529
 -0.0373384
 -0.0603532
 -0.0118695
 0.0700742
 -0.0237561
 0.163871
 -0.100088
 -0.0395311
 0.0998636
 -0.189493
 0.18951
 -0.150003
 0.101033
 0.170806
 0.0920728
 0.0228369
 -0.00764219
 -0.0196722
 0.0356447
 0.193347
 0.0303856
 -0.0266776
 -0.0367674
 0.0754908
 0.0124049
 -0.135214
 0.0269746
 -0.0291435
 0.00758561
 0.119674
 -0.078908
 -0.0359948
 0.0518306
 -0.104458
 -0.00534703
 -0.0763109
 0.010875
 0.101874
 0.0832327
 -0.107205
 0.0563662
 -0.0545339
 0.0963861
 0.0450866
 -0.000900088
 -0.0484784
 -0.0715959
 0.0273468
 0.0905297
 -0.0555728
 -0.0898792
 0.0421491
 0.0477793
 0.129832
 -0.0896896
 0.0692119
 0.183015
 0.0360423
 0.0786881
 0.157336
 -0.109811
 -0.0785449
 -0.00836491
 -0.0506868
 0.0212625
 -0.0606542
 -0.00313775
 0.173515
 -0.174756
 -0.0818209
 0.118713
 0.111334
 0.0222397
 0.16403
 -0.15576
 0.0243289
 0.0882435
 -0.147627
 -0.0815503
 -0.155067
 0.108106
 -0.142988
 0.139814
 -0.142298
 0.0413527
 -0.0685984
 0.165184
 -0.0617418
 -0.0200029
 0.230704
 0.00228563
 0.0729429
 -0.0512784
 0.0034287
 -0.0390907
 -0.112677
 0.135127
 0.028478
 0.224759
 -0.0440527
 0.00551595
 0.0756948
 0.0588605
 0.160141
 0.0343144
 -0.0576065
 0.00333023
 -0.103252
 -0.0159591
 -0.0182556
 0.0786222
 0.0691209
 -0.0748964
 0.197627
 -0.153268
 0.0475805
 -0.034772
 0.0123735
 -0.0159037
 0.0276137
 -0.0311003
 -0.0306213
 -0.128876
 0.077334
 0.115992
 0.0100122
 -0.11833
 0.133839
 -0.0595885
 -0.0112286
 0.20798
 -0.0120148
 0.0836099
 -0.0231422
 0.00723042
 -0.0124441
 0.0207251
 0.0680503
 -0.107997
 -0.0280454
 0.0199553
 -0.033961
 0.0676095
 0.0556079
 0.203186
 0.0175845
 -0.0821757
 -0.0824917
 -0.0748189
 0.0614698
 0.0102435
 -0.119248
 -0.134886
 0.275984
 -0.208786
 -0.0935455
 0.0789048
 0.00631909
 0.117826
 -0.125729
 -0.142267
 0.146661
 -0.0276809
 0.108898
 0.0255255
 -0.00929195
 -0.070389
 -0.0474684
 0.0286863
 0.0399414
 -0.0268194
 0.111201
 -0.0172056
 -0.077829
 -0.0950333
 0.00815353
 -0.0793494
 0.00650099
 -0.0599633
 0.122131
 -0.166047
 0.036444
 0.103566
 0.0376058
 0.0480096
 -0.0900362
 0.0403099
 -0.0294332
 -0.0451131
 -0.141489
 -0.0528841
 -0.0220411
 -0.0109644
 -0.111012
 0.108129
 0.0358234
 -0.183922
 0.00763802
 -0.108712
 0.0669244
 -0.0857785
 -0.105483
 0.149982
 0.0477199
 0.0622948
 0.0775872
 0.0150734
 0.0502599
 0.12325
 -0.141349
 -0.287764
 0.080132
 -0.146903
 0.108165
 0.173457
 -0.204453
 0.291796
 -0.0231118
 0.211115
 0.16642
 -0.0640758
 -0.0744155
 0.0398728
 -0.087378
 -0.142459
 -0.0051143
 -0.0492914
 0.00134183
 -0.0455566
 0.239147
 0.0280812
 -0.0414917
 -0.0458653
 0.0416592
 -0.219683
 0.054046
 0.0139153
 0.0475796
 0.00965841
 -0.0607675
 -0.00807323
 0.0458357
 0.050469
 -0.0840754
 -0.164363
 0.0934902
 -0.0589521
 -0.040993
 0.0270615
 0.0590841
 -0.0145187
 -0.0241418
 0.068415
 0.124928
 0.0564225
 -0.146663
 -0.118885
 -0.0101568
 -0.0725804
 -0.00800126
 -0.151779
 0.0754988
 0.0389135
 -0.0075183
 0.0974157
 -0.159631
 -0.0387886
 -0.00775175
 0.0439049
 -0.0445722
 -0.0328773
 -0.00576825
 -0.0579511
 -0.062941
 0.0387136
 -0.0943772
 0.0850669
 0.0862799
 0.226901
 -0.0699
 0.0554634
 -0.168732
 -0.0166831
 0.129678
 -0.071693
 -0.0162336
 0.188579
 0.0652861
 0.126125
 -0.129579
 0.068014
 -0.00489685
 0.0884135
 0.169681
 0.0817212
 0.0603143
 0.0278202
 0.213051
 0.0467634
 -0.266313
 0.00454562
 0.125322
 -0.0046196
 0.0621935
 -0.0699883
 0.0320352
 0.0184155
 0.00966939
 0.00963768
 0.114275
 -0.0687255
 -0.160486
 0.0114898
 0.0122623
 -0.0206852
 0.128482
 -0.280159
 -0.0187375
 -0.179152
 0.0603122
 -0.192746
 -0.0240162
 0.126496
 -0.0497669
 0.149837
 0.154734
 -0.0633975
 -0.0520558
 -0.0276214
 -0.105082
 -0.00686624
 0.0745834
 -0.11703
 -0.0147336
 -0.0627502
 0.13185
 -0.0673954
 0.0768671
 0.164417
 -0.0719275
 -0.0327107
 -0.0840636
 0.0316574
 -0.00919009
 -0.193851
 -0.0996051
 -0.0377365
 0.0111794
 0.0500241
 0.0336778
 -0.173232
 0.06632
 0.0206098
 0.149117
 0.00362693
 0.106672
 0.124064
 -0.0609303
 -0.134381
 -0.00118379
 0.0572825
 -0.0389076
 -0.00274314
 -0.140483
 0.0948075
 -0.182576
 0.0449854
 -0.132643
 -0.123991
 -0.0525835
 0.0800144
 -0.0304531
 0.0696896
 0.00397821
 0.0424325
 0.000667346
 0.0838707
 -0.0171429
 -0.126442
 0.118115
 -0.14382
 -0.0706142
 -0.0172322
 -0.0397109
 -0.17493
 -0.00942496
 0.221066
 0.036806
 -0.0919599
 -0.105923
 0.203986
 0.080088
 -0.0712794
 0.0599737
 0.0683339
 0.0204469
 -0.0651106
 0.0638025
 -0.15131
 -0.087566
 -0.0178538
 0.0907107
 -0.138156
 0.0954064
 -0.115871
 0.000653219
 -0.157095
 -0.218744
 -0.166846
 -0.1482
 0.134644
 -0.00281035
 -0.19612
 0.056159
 0.123494
 0.0979698
 0.101381
 -0.108411
 0.0430855
 0.0769468
 -0.00130188
 0.0346338
 -0.0397778
 -0.0819649
 -0.11587
 0.0704646
 -0.194996
 -0.146109
 -0.00109027
 0.0486357
 -0.0600651
 -0.0222527
 -0.0288567
 -0.0285708
 -0.00548299
 -0.0519454
 -0.0538638
 -0.0647302
 -0.0514349
 -0.182527
 0.0251884
 0.0349469
 0.00677492
 -0.0253863
 0.0227567
 0.159738
 -0.0655168
 0.0448058
 0.0287539
 -0.0638133
 -0.0306829
 -0.0342268
 -0.0847482
 -0.0753526
 -0.131843
 -0.0569341
 0.0863099
 0.173402
 -0.186594
 0.179211
 -0.183977
 0.0780223
 -0.0330024
 -0.0914771
 -0.0330978
 -0.0099612
 -0.101861
 -0.079132
 -0.00448874
 0.0443331
 -0.114748
 -0.11407
 -0.0193063
 0.00944505
 0.0272128
 0.0456512
 0.0148263
 0.0823329
 0.134927
 0.0690231
 0.167446
 -0.0433323
 -0.120652
 0.033952
 0.0213462
 -0.0118346
 -0.225171
 0.0181131
 -0.0149641
 -0.319718
 0.0445212
 0.00122336
 0.0470194
 -0.210924
 -0.0355107
 0.32105
 0.0264168
 -0.0412002
 0.110366
 -0.077103
 -0.0281154
 -0.0524659
 -0.0577208
 0.100135
 0.0191848
 -0.177191
 0.00551236
 -0.0192946
 -0.0473193
 -0.0372951
 -0.0209215
 -0.0583157
 0.0981323
 -0.0308377
 0.00444725
 -0.228136
 -0.151905
 0.0488319
 -0.104907
 0.182582
 0.0308924
 0.0965077
 0.0711276
 0.145315
 -0.149784
 0.102653
 0.122967
 0.203087
 0.0375455
 -0.141612
 0.0559166
 -0.194375
 0.0795601
 -0.137742
 0.0895457
 0.0828299
 -0.0190291
 0.088939
 0.0962362
 -0.106466
 -0.0840859
 0.144388
 0.0301463
 -0.0261397
 0.0334149
 -0.126647
 0.0466708
 -0.0811607
 0.0486738
 0.154755
 0.0742783
 -0.110588
 -0.0831911
 0.0469602
 -0.0427862
 -0.0775809
 -0.0648458
 -0.11724
 -0.0982998
 -0.137457
 0.00290988
 0.0572646
 0.106777
 0.0226448
 0.11334
 0.207421
 0.0877797
 0.110181
 -0.0623067
 -0.0101909
 -0.00782896
 -0.141186
 0.198577
 -0.0240117
 0.0326263
 -0.126808
 0.0355794
 0.015584
 -0.171709
 0.0122789
 -0.122612
 -0.0422233
 -0.0705233
 0.00253694
 0.0607927
 0.0920414
 -0.0087456
 -0.156564
 -0.0415555
 0.00935382
 0.0385404
 -0.0904266
 -0.0667266
 0.119978
 0.125692
 -0.117634
 -0.0455442
 -0.121931
 -0.109124
 0.0241533
 -0.0392443
 0.0645362
 0.0266528
 0.0845024
 -0.114782
 0.095125
 -0.00603314
 -0.0402473
 -0.253559
 -0.0465389
 -0.043255
 0.0390408
 -0.0128506
 0.0323934
 -0.0552755
 0.0319908
 -0.0792413
 -0.0276956
 0.0626958
 -0.0951887
 -0.0833838
 0.0562149
 -0.151796
 0.0614444
 -0.0753766
 -0.125415
 -0.0401037
 -0.0255279
 0.0533124
 0.0886211
 0.126402
 0.115073
 0.208766
 -0.00868626
 -0.102459
 0.0919561
 -0.0995079
 -0.165789
 0.233876
 -0.0970499
 -0.0481472
 -0.0325576
 0.0447696
 0.0255344
 -0.025458
 0.0244563
 -0.0313912
 -0.0407004
 0.153814
 -0.105903
 -0.0423518
 -0.0824404
 -0.00196355
 -0.00991174
 0.0409711
 0.0944805
 -0.000946033
 0.0234695
 -0.0627856
 0.00515397
 0.078436
 -0.205478
 -0.0995087
 0.12096
 -0.0117891
 0.0496331
 -0.0376553
 -0.175237
 0.070087
 0.052055
 0.00930633
 -0.0868262
 0.108838
 -0.0454885
 0.105765
 -0.0308725
 0.18839
 0.0617786
 0.0435433
 -0.0868588
 -0.011797
 0.00561021
 -0.0972887
 -0.0999593
 -0.146285
 -0.0465681
 -0.139775
 0.0538807
 -0.0280469
 0.201783
 -0.027803
 0.204309
 -0.0213473
 -0.138561
 0.151532
 0.0853775
 0.0349873
 -0.0883297
 -0.04394
 -0.0071199
 -0.062972
 0.0602125
 -0.0193728
 0.00697415
 -0.00737196
 -0.0655266
 -0.00278464
 0.0774849
 0.0151714
 -0.0190696
 -0.167379
 -0.00461878
 -0.0555352
 0.0200108
 0.105631
 0.154489
 0.00148508
 -0.0390585
 -0.0182792
 -0.173589
 -0.0475488
 -0.117015
 0.024052
 -0.177556
 0.023786
 -0.0956508
 0.0321047
 -0.0106218
 0.148051
 0.13574
 0.122773
 -0.208546
 0.0185044
 -0.0369532
 -0.0397664
 0.0239586
 0.154743
 0.0750895
 0.0641599
 0.293562
 0.111628
 0.039179
 -0.0750653
 -0.117101
 -0.0966642
 0.13898
 0.159404
 0.0859623
 0.138654
 -0.0032279
 0.0916121
 -0.0120811
 0.115577
 0.0374642
 0.120047
 -0.0180847
 -0.151661
 -0.0629692
 -0.0995015
 -0.0502083
 0.0825934
 -0.164121
 -0.148269
 0.0897018
 -0.0554443
 -0.0336164
 0.130124
 0.0540437
 0.0395332
 0.131427
 -0.0521056
 -0.055248
 0.0238281
 -0.148381
 -0.0593029
 0.0314474
 0.0362399
 0.141743
 0.0967903
 0.0748388
 -0.235176
 0.156651
 0.235173
 -0.205274
 -0.0844613
 0.13957
 0.0212308
 -0.0955206
 -0.0342448
 0.0498011
 0.137052
 0.171531
 0.00130327
 -0.0940453
 0.0508016
 -0.0465584
 0.0251913
 -0.0382026
 -0.117992
 0.135714
 0.044506
 -0.0804566
 -0.0444313
 -0.0878161
 -0.112783
 0.00593167
 -0.1222
 -0.00457064
 -0.152414
 -0.0944515
 0.0767595
 0.153428
 -0.0028809
 0.0130799
 -0.0151559
 0.0254664
 -0.0162519
 -0.126489
 -0.125193
 -0.00212596
 -0.0711202
 -0.0413161
 0.039772
 -0.103615
 0.0691653
 -0.105423
 0.0255688
 -0.0847135
 -0.00250567
 -0.203122
 -0.0148522
 0.0606037
 -0.0871716
 0.0996551
 -0.105481
 0.096277
 -0.0477176
 -0.0358463
 0.172256
 -0.0487723
 0.0903457
 0.0802262
 -0.0369519
 -0.021817
 -0.0128119
 -0.0365824
 0.0336963
 -0.146296
 0.0474894
 -0.0297712
 -0.134272
 -0.0238027
 -0.0699391
 -0.0844767
 -0.0150339
 0.0123361
 -0.0753809
 0.094081
 0.0394465
 0.0660589
 0.095867
 0.111813
 -0.131662
 -0.199137
 -0.0227242
 -0.101046
 0.00830458
 -0.0436563
 0.0753205
 0.0443766
 0.157061
 -0.0876807
 0.141097
 -0.10952
 0.253696
 0.0163812
 0.0991269
 0.0784206
 0.0456485
 -0.0368006
 0.246984
 -0.0397012
 -0.264172
 0.0856989
 -0.0167064
 -0.0165453
 -0.163771
 -0.00174868
 0.165177
 0.0892502
 0.0132745
 -0.0878205
 0.0180724
 -0.0412787
 0.129583
 0.108499
 0.0861357
 0.0413097
 0.0759587
 -0.0784672
 0.0577568
 -0.0452509
 -0.000302459
 -0.105463
 -0.241887
 -0.0477804
 0.0581032
 0.0757347
 0.126092
 0.0790053
 -0.063179
 0.00302206
 -0.0859192
 -0.0853194
 -0.104734
 -0.0239291
 0.0779958
 0.0501865
 0.128602
 -0.0951201
 -0.0567591
 0.0404171
 0.0388897
 -0.014112
 -0.019794
 0.0093172
 0.0196737
 0.0308858
 0.172444
 0.0592718
 -0.060998
 -0.0569701
 -0.106152
 0.00818002
 -0.0637853
 -0.0432199
 0.150198
 -0.0609342
 -0.115191
 -0.192447
 -0.0141555
 -0.137974
 -0.123106
 0.143249
 0.119817
 0.0867142
 0.130141
 0.021063
 -0.0666993
 -0.063738
 0.0116339
 0.091152
 -0.0951951
 -0.015527
 0.0374748
 0.0196207
 0.0774536
 0.0414344
 -0.0140886
 0.111096
 0.0653904
 -0.104762
 -0.144358
 -0.0629912
 -0.0121586
 -0.0413098
 0.0760539
 -0.0103583
 0.113906
 0.0266872
 -0.0228997
 -0.00287932
 0.0687153
 -0.0404342
 -0.0397212
 0.0415374
 -0.00269756
 0.00418256
 -0.0761772
 -0.156123
 -0.0198354
 -0.134117
 0.0879626
 0.0595329
 0.101652
 0.0142141
 -0.0162765
 -0.0579126
 0.0116544
 -0.109741
 -0.111825
 0.213451
 -0.065249
 0.0115414
 -0.101554
 0.142531
 -0.0770697
 0.0622153
 -0.00543053
 -0.0264436
 0.154345
 0.0378198
 0.0822577
 -0.0172746
 0.035081
 0.0525173
 0.00399563
 0.109146
 0.101786
 0.06263
 0.178523
 0.0153475
 -0.196742
 -0.133128
 -0.21977
 -0.0405483
 0.143163
 -0.121685
 -0.120579
 0.0171798
 0.0524316
 0.048889
 -0.120518
 -0.0695829
 0.0274993
 -0.0539226
 0.149317
 -0.17767
 0.00368727
 0.0974139
 -0.0132934
 -0.243536
 -0.0732248
 0.0296859
 -0.0215619
 0.0186349
 -0.0987207
 -0.170925
 0.0498676
 -0.168406
 0.0409165
 0.0195527
 0.0910546
 -0.0207532
 -0.00572474
 -0.119414
 0.0112114
 0.0611759
 -0.0561112
 0.0194894
 -0.0322163
 -0.111681
 -0.0455473
 0.00768777
 0.184677
 -0.113835
 0.063811
 -0.00239987
 0.0368331
 0.0429174
 0.0773047
 -0.0162019
 -0.0670363
 0.0972019
 0.0566134
 -0.0480546
 0.030777
 -0.0215637
 -0.132919
 -0.244286
 -0.0871483
 0.044804
 0.0212655
 0.0676767
 0.28062
 -0.154305
 0.0178726
 -0.026933
 0.0729882
 0.00481595
 0.0918376
 -0.0300064
 -0.317903
 -0.0854692
 0.115188
 -0.123368
 0.00619564
 0.177506
 0.130888
 -0.191448
 0.00698713
 0.0315395
 0.156581
 0.0851476
 0.055548
 0.0714475
 -0.111117
 0.0356347
 0.0454058
 0.111217
 -0.0912329
 -0.151245
 -0.106247
 -0.077366
 0.0756488
 -0.136873
 0.0149916
 0.0934527
 0.188474
 -0.154411
 0.00566597
 0.0333846
 -0.00665326
 -0.126569
 0.0493515
 0.236097
 -0.191654
 0.0626596
 0.241277
 -0.139934
 0.0902073
 -0.164399
 -0.0757633
 0.00195295
 0.0318224
 -0.084925
 0.142077
 -0.234096
 0.0341531
 0.15691
 -0.0494759
 -0.0456062
 0.00876232
 0.0362833
 0.0657097
 -0.119336
 0.140661
 0.0176716
 -0.0519483
 0.0335607
 0.0101587
 0.173611
 0.0500337
 0.00702546
 0.0060958
 -0.0487646
 -0.13085
 0.0027096
 0.110908
 -0.145844
 -0.073611
 0.117928
 0.0148685
 0.10729
 0.136328
 0.104036
 0.0564822
 -0.021592
 0.124517
 0.0170663
 -0.19892
 0.158585
 0.180265
 0.25832
 -0.0323622
 -0.0197877
 -0.146235
 0.137537
 0.0502957
 -0.119604
 -0.0521137
 -0.0278627
 0.0454144
 0.120465
 -0.0139563
 0.0745176
 -0.0720683
 0.0246161
 0.096238
 0.0592024
 -0.0699512
 0.12321
 0.059094
 -0.111626
 0.0893973
 -0.0489543
 0.167353
 0.0538136
 -0.167594
 -0.129921
 0.0302831
 0.00750021
 -0.0342538
 -0.0905299
 -0.0987384
 0.134443
 -0.25057
 -0.0999813
 0.0737043
 -0.138907
 -0.060368
 0.0950713
 -0.00708764
 -0.038838
 -0.0131155
 -0.0447134
 0.0496966
 0.0252733
 0.025717
 -0.17143
 -0.0564706
 -0.0122467
 -0.0011962
 -0.0755121
 0.0458233
 -0.0105431
 0.0370772
 -0.149629
 -0.0701826
 0.0548449
 -0.105191
 0.0931116
 0.0498339
 0.0483084
 0.0650722
 0.00510117
 0.0204302
 -0.050859
 -0.0482599
 -0.0338257
 0.0145349
 -0.0228197
 -0.127883
 0.0382906
 0.0230065
 0.0151083
 -0.0698417
 -0.0744741
 -0.0391047
 -0.0406885
 0.0523159
 0.083475
 -0.161319
 0.0793069
 0.0148535
 0.0829007
 -0.142425
 0.0812309
 -0.0895658
 -0.124573
 0.0779969
 0.105186
 0.034292
 0.0569727
 -0.0783447
 0.0359866
 -0.149993
 0.102106
 0.0180299
 -0.0260009
 0.0648194
 0.135636
 0.0133493
 0.0100909
 0.0395335
 -0.0101846
 -0.0477943
 -0.0147443
 -0.00633376
 0.0639368
 0.141187
 -0.0976742
 0.0628115
 0.0149934
 -0.131563
 -0.0402918
 -0.0648167
 -0.0865974
 0.0549964
 0.0707854
 0.0162741
 0.0490305
 0.102392
 -0.0232653
 0.0988216
 -0.143076
 0.0450935
 0.0915656
 0.174644
 -0.0686716
 0.132236
 0.0810717
 0.136137
 -0.0995796
 0.0296235
 -0.00888185
 0.121297
 0.0544951
 -0.0826135
 0.0812783
 -0.0724331
 0.0432603
 -0.0793255
 -0.139947
 0.0780158
 -0.00441987
 0.0403645
 -0.0247434
 0.0612847
 -0.138413
 0.0192794
 -0.250972
 -0.061789
 -0.0305929
 -0.00147719
 0.04308
 -0.0863903
 0.037681
 -0.0464042
 0.237972
 -0.0235244
 -0.00526019
 -0.149986
 0.0371206
 0.129818
 -0.0976197
 0.151029
 -0.063007
 -0.150988
 0.166263
 0.0714818
 0.109053
 0.0136996
 0.110072
 -0.00127685
 -0.131925
 0.074393
 -0.0311509
 -0.163339
 0.243316
 0.00993571
 0.0413966
 0.000406132
 -0.0385649
 0.0620414
 0.0403284
 0.094382
 0.117612
 0.00742737
 -0.066487
 -0.114095
 0.0215273
 -0.0253585
 -0.0368447
 0.0219312
 -0.118618
 -0.0591958
 -0.0609736
 -0.184207
 -0.173746
 0.0444715
 0.0186588
 0.114102
 0.116786
 -0.125765
 0.0878332
 -0.019759
 -0.100133
 0.015366
 -0.0682156
 -0.12022
 0.070103
 -0.00861755
 0.183607
 0.103631
 0.00101822
 0.189431
 0.0111978
 -0.0501114
 -0.12088
 -0.075858
 -0.0189221
 0.0175506
 0.0984585
 -0.103925
 0.109959
 0.012587
 -0.175721
 0.0335601
 -0.241798
 -0.0351552
 0.0968662
 0.0375492
 0.00648901
 0.0997422
 -0.0116277
 -0.0333138
 -0.166629
 0.0074641
 -0.049337
 -0.270049
 0.0170998
 -0.207845
 -0.0714134
 0.130545
 -0.100422
 0.0847369
 0.0751186
 -0.0954432
 -0.0527938
 0.00284852
 -0.057652
 -0.0170055
 0.014402
 -0.042047
 -0.103597
 -0.02876
 -0.0416938
 0.0254683
 -0.0386599
 0.0990323
 0.119347
 0.119956
 0.0342704
 -0.0663942
 0.0302546
 0.0072504
 -0.0755993
 0.00827326
 -0.104647
 -0.017226
 -0.187209
 -0.00714328
 -0.0676386
 -0.0203639
 0.0292464
 -0.0562996
 -0.000593327
 -0.00216285
 0.0895276
 -0.0336374
 0.103361
 -0.0716454
 0.0279193
 0.03428
 -0.13067
 -0.0149596
 -0.174876
 -0.0560263
 -0.103028
 -0.047905
 0.038198
 0.0911574
 0.103889
 -0.104075
 -0.0556789
 -0.0650606
 -0.0723464
 0.119438
 -0.0242788
 -0.0858635
 0.00710645
 -0.210738
 -0.0843173
 0.0624457
 0.0511807
 -0.0769757
 -0.0848086
 -0.0182116
 -0.0458578
 -0.00824169
 -0.0460798
 -0.088925
 -0.0995007
 0.0728525
 -0.0848917
 0.12828
 -0.14313
 -0.275128
 0.0255691
 0.0815003
 -0.130729
 0.0466556
 0.217382
 -0.124791
 -0.0854774
 -0.188547
 0.0534557
 -0.00763167
 0.0587019
 0.0532085
 -0.0186012
 0.0130186
 -0.0771172
 0.104064
 -0.0244703
 0.0596655
 0.0300695
 0.0453409
 0.0738385
 0.116743
 0.0539358
 -0.108387
 -0.112987
 0.137118
 0.0343635
 -0.0526781
 0.11421
 -0.125509
 -0.231683
 -0.023278
 -0.0539963
 -0.0146875
 0.179503
 0.0632725
 0.0922392
 -0.28919
 0.0532199
 -0.0187954
 -0.210213
 -0.154134
 -0.0142811
 -0.0881962
 0.0325356
 -0.0583985
 -0.0637534
 -0.166139
 -0.0547653
 -0.00794863
 0.0659303
 -0.0805661
 0.0457521
 0.0966626
 -0.016275
 0.0161825
 0.143198
 0.0121981
 0.0150329
 0.0535716
 -0.103142
 0.000115175
 0.193969
 0.0839424
 -0.0428894
 -0.0312421
 0.0370308
 0.113053
 -0.068891
 -0.0260781
 -0.068598
 -0.0622422
 -0.11414
 0.0675181
 0.109527
 -0.0242441
 -0.243396
 0.0407627
 0.0921041
 0.182837
 0.030581
 -0.0124279
 -0.00668356
 -0.00989287
 0.0705624
 0.166422
 -0.12252
 0.0189819
 -0.1398
 0.0900715
 -0.142887
 -0.0187287
 -0.038972
 0.0163205
 0.135623
 0.0263091
 -0.100271
 -0.149951
 0.0655209
 0.00595035
 -0.0666738
 -0.0170642
 0.0976352
 -0.00130293
 0.0365551
 -0.133919
 -0.185315
 0.0235534
 -0.00674047
 -0.0387927
 -0.0170769
 -0.000662524
 0.0543044
 0.0246813
 -0.00747422
 -0.00376623
 -0.101848
 0.0653216
 0.0153275
 -0.0692825
 -0.0127876
 0.0421264
 -0.105859
 -0.0726608
 -0.183006
 -0.133885
 -0.0966959
 0.0254773
 -0.0816141
 -0.0842791
 0.0576868
 -0.0952315
 -0.0155811
 0.182859
 -0.0752261
 0.189223
 0.190637
 0.0458708
 -0.120583
 -0.410949
 0.024334
 0.0582924
 0.0456293
 -0.000988025
 -0.161059
 0.163678
 0.0495949
 -0.1155
 0.0114853
 0.142788
 -0.0899254
 0.0505194
 -0.0582378
 -0.0107704
 0.0128305
 -0.0653003
 0.0116998
 -0.056187
 -0.045115
 -0.0168232
 0.0526492
 0.0317966
 0.0164329
 -0.0485916
 -0.0222846
 -0.257882
 0.197851
 0.00513224
 -0.0729988
 0.150241
 0.0417226
 0.078061
 0.0274346
 -0.0136102
 -0.134556
 0.0603182
 0.0180477
 -0.0314165
 0.0509398
 0.140994
 0.100095
 0.125992
 -0.0746533
 -0.0402706
 0.0202109
 0.0187733
 -0.0014897
 -0.022341
 -0.0316824
 -0.048676
 -0.02791
 0.249145
 0.0962046
 0.025378
 0.0312614
 -0.224329
 0.0746894
 0.0254946
 0.117381
 0.105445
 -0.0776427
 -0.127684
 -0.0263349
 0.00979117
 0.0263281
 0.00247259
 -0.170231
 -0.0657304
 -0.0552328
 -0.0155553
 0.0117844
 -0.109027
 0.0981437
 -0.0214382
 0.0174781
 -0.1494
 0.0932853
 0.0392552
 0.0488394
 0.0336032
 -0.0553782
 0.00239549
 -0.0124034
 0.0433367
 0.0140975
 0.250117
 0.112584
 0.107469
 -0.0547489
 -0.0651521
 0.00395224
 0.0903709
 -0.00249348
 0.0451869
 -0.09935
 -0.0402966
 0.169253
 0.00388827
 0.0477594
 -0.0768828
 0.142615
 0.180288
 -0.106568
 -0.0580437
 0.0639632
 -0.0739642
 0.0656766
 -0.0732963
 0.0133355
 0.0875729
 -0.0995813
 -0.00497068
 0.114547
 -0.144752
 0.114412
 0.104073
 -0.0552325
 -0.0396389
 0.0197708
 -0.135295
 -0.0482096
 0.0413981
 -0.145179
 0.0459815
 -0.105323
 -0.0233819
 0.129709
 -0.0136537
 -0.0528169
 0.114449
 -0.0012186
 -0.0070957
 -0.0327659
 0.0650691
 0.0721538
 -0.0557686
 -0.0855316
 -0.228458
 -0.0242961
 0.0288261
 0.0301207
 -0.0279751
 -0.112892
 0.118716
 0.125099
 0.147429
 -9.89221e-05
 0.00290461
 0.0686614
 0.181834
 0.128097
 0.00588836
 0.0724446
 0.0236692
 -0.0148735
 0.0172908
 0.0442157
 -0.124942
 -0.0138341
 -0.0479748
 0.164
 0.043886
 -0.079032
 -0.0267478
 -0.0644229
 -0.134166
 -0.188595
 0.14838
 -0.114364
 0.0222091
 0.0381294
 0.0290612
 -0.00305792
 0.196488
 -0.00207172
 -0.133
 -0.106414
 0.00194898
 0.0975726
 -0.122644
 0.002358
 -0.105334
 -0.0196673
 -0.154686
 0.0698434
 -0.205718
 0.0351882
 0.0438788
 0.0832755
 -0.0577619
 0.156695
 -0.0739584
 0.076602
 -0.18848
 -0.0776287
 0.00956865
 0.230914
 0.2591
 -0.047984
 0.0117139
 -0.0542323
 -0.0814409
 0.139288
 -0.0180062
 -0.0674656
 0.0469915
 0.0234545
 0.011599
 -0.0304205
 0.0437875
 0.162428
 -0.0760892
 -0.139253
 -0.177391
 0.0620988
 0.120872
 -0.0720355
 0.0715566
 -0.098397
 0.00483876
 -0.0120726
 0.0381431
 -0.020817
 0.0703755
 0.0365764
 0.00303376
 -0.0914286
 -0.0333923
 -0.0196605
 -0.075959
 -0.0800532
 -0.210382
 -0.00827779
 0.00664926
 0.07893
 0.0303369
 0.0489988
 -0.0487112
 -0.168446
 -0.0259691
 -0.0629108
 -0.0803364
 0.104372
 -0.201518
 0.0171508
 0.00365962
 0.180366
 -0.197997
 0.052904
 0.0535084
 -0.0018626
 -0.286669
 0.236359
 -0.0308671
 0.0966547
 -0.0453965
 -0.148868
 -0.164888
 -0.0760969
 -0.136301
 0.167122
 0.0318994
 0.00277765
 0.0708898
 -0.0775625
 -0.0543494
 -0.0989078
 -0.0294639
 0.111304
 -0.0245383
 0.00429237
 -0.0718359
 0.117767
 -0.0407345
 -0.0748057
 0.0288399
 -0.00655224
 -0.108823
 -0.1066
 -0.0184901
 0.00357232
 -0.144257
 0.0954618
 0.111778
 -0.00432
 0.0570942
 0.164639
 -0.126675
 0.123646
 -0.051665
 0.154932
 -0.23513
 0.0701757
 -0.0522361
 -0.0418341
 -0.00940688
 -0.137195
 -0.10999
 -0.0787219
 -0.162089
 0.0408254
 0.0778886
 -0.0994773
 0.0939084
 0.0658944
 0.0217648
 0.0598432
 0.101181
 -0.106568
 0.172658
 -0.0877818
 0.185914
 0.0543186
 0.0244713
 -0.105544
 0.112176
 0.273686
 -0.092669
 0.0488386
 -0.0367278
 0.0574173
 0.0352615
 0.029392
 -0.0671477
 0.0645381
 0.0315116
 0.040635
 -0.0118207
 -0.166853
 -0.119567
 0.134294
 0.203776
 0.107035
 -0.105091
 0.056312
 0.0777369
 -0.0310569
 -0.0823172
 -0.015653
 -0.0266803
 0.0183324
 0.104121
 -0.128708
 -0.158882
 -0.08468
 -0.0812043
 -0.054266
 0.136922
 0.00383045
 0.0634632
 -0.184979
 -0.0492218
 0.093761
 0.0474228
 -0.105484
 0.0699646
 -0.14972
 -0.0682412
 0.126316
 -0.0266142
 -0.0270839
 -0.0144965
 -0.101249
 0.207852
 0.0848283
 -0.00591144
 -0.081438
 -0.0286117
 -0.0570904
 0.0278199
 0.0989191
 -0.0277084
 -0.073798
 -0.123375
 0.11913
 0.183826
 0.00744445
 0.110859
 -0.0160819
 -0.0845477
 -0.0266075
 -0.0483724
 0.127734
 -0.137967
 -0.0892134
 0.136601
 -0.00646142
 0.0437746
 0.0125548
 -0.220399
 -0.0270415
 -0.01609
 0.0116001
 0.10194
 0.149946
 -0.0684623
 -0.0613297
 -0.0413633
 -0.0639452
 -0.00239494
 0.22628
 -0.015822
 -0.0444521
 0.229852
 0.000381948
 0.0901739
 -0.0333254
 -0.0246009
 -0.0401583
 -0.0689899
 -0.154958
 0.0865077
 0.139548
 0.0538419
 0.0184005
 0.0240849
 0.0489198
 0.0591567
 0.0114371
 -0.139556
 0.0650663
 0.111066
 -0.0154239
 0.0632344
 -0.00789483
 0.11163
 0.0670709
 0.00780299
 -0.0530274
 0.0871446
 -0.0965572
 0.0164991
 -0.292322
 -0.0799265
 -0.0705456
 -0.0394155
 -0.133124
 0.0814927
 -0.02321
 0.0970285
 0.0313498
 0.0388592
 0.0674764
 0.0419068
 0.0217731
 0.086203
 -0.218561
 0.128468
 -0.0764586
 0.0126257
 0.056987
 0.267894
 0.00287248
 -0.115285
 -0.0170551
 -0.0877795
 -0.0496919
 0.162677
 0.0591371
 0.112842
 0.039944
 -0.0696588
 0.255683
 -0.069665
 -0.00837551
 -0.16306
 -0.118702
 -0.10477
 0.0243732
 -0.0809821
 -0.0157182
 -0.0587204
 -0.0955853
 -0.0445093
 -0.0134772
 0.0217546
 -0.105598
 0.212121
 0.00846383
 0.182754
 0.0863972
 -0.0942284
 0.0579422
 -0.0308817
 0.0217042
 -0.051667
 0.155434
 0.0356288
 0.0417647
 -0.0501415
 0.0670763
 -0.19459
 0.0534264
 -0.171526
 -0.11438
 0.0456296
 0.0637298
 -0.0876699
 -0.0824449
 -0.182432
 0.0413663
 0.0567109
 0.115421
 0.0616024
 -0.00193313
 -0.0946035
 -0.0955355
 0.0299306
 0.131165
 0.0457029
 -0.0579827
 -0.14417
 -0.0211245
 -0.0381268
 0.094308
 0.0128433
 -0.0782452
 0.138876
 -0.0857532
 -0.109938
 -0.0351494
 0.225917
 0.15411
 0.059657
 0.113205
 -0.261852
 0.10133
 -0.12612
 -0.160523
 -0.0810858
 -0.21929
 0.0377515
 -0.00460988
 0.168324
 -0.0791182
 -0.0955096
 0.0655783
 -0.128632
 0.0207103
 0.130558
 -0.145424
 -0.083219
 0.131792
 -0.132613
 -0.0816715
 -0.041527
 0.11943
 0.172229
 -0.146819
 0.123867
 0.135184
 -0.0598354
 0.00728762
 0.0573927
 -0.0814805
 -0.0969118
 -0.401813
 0.0161532
 -0.139184
 -0.00659495
 -0.11301
 -0.0464378
 -0.122052
 -0.214423
 0.108174
 0.0805321
 -0.110598
 -0.040129
 0.103857
 0.0968064
 -0.0647938
 0.0691258
 -0.0467541
 -0.137779
 -0.125801
 0.130013
 -0.034715
 0.0813152
 0.00944535
 0.0629012
 0.0519487
 -0.100325
 -0.0853371
 -0.0850858
 0.142467
 -0.0778265
 -0.0511931
 -0.0129291
 -0.0913666
 0.078732
 0.030555
 0.0739553
 0.0025688
 0.0363341
 0.0108352
 -0.0414447
 -0.0925848
 -0.114541
 -0.0440203
 -0.127792
 -0.0798905
 0.033815
 0.0779152
 0.132311
 0.0176824
 0.127762
 0.0879532
 -0.0447831
 -0.0493153
 -0.114054
 -0.0246311
 -0.0619823
 0.044083
 -0.0188923
 -0.0275425
 0.151993
 0.0412398
 -0.0594939
 0.128078
 0.00325653
 -0.0466807
 -0.135554
 -0.0738003
 0.197865
 -0.0706744
 0.0830432
 -0.049382
 0.283184
 0.0677259
 0.0703411
 -0.0992809
 0.156759
 -0.137574
 -0.0351105
 0.0526199
 -0.0519799
 -0.0994383
 0.0535441
 -0.164058
 0.0864117
 0.173414
 -0.24247
 0.0281936
 0.130008
 -0.104198
 0.139264
 0.0495161
 -0.135382
 0.163733
 0.213984
 0.113821
 -0.123544
 -0.0576617
 0.0850439
 0.0100882
 0.0245978
 -0.0551742
 0.108331
 0.0537725
 0.103704
 -0.0960121
 -0.0556188
 0.0322398
 0.00076228
 -0.185716
 -0.126476
 -0.0734245
 -0.0888777
 -0.113797
 0.00579653
 0.021525
 0.0197837
 -0.00787413
 -0.0419433
 -0.0206981
 0.191897
 -0.034086
 -0.0318555
 0.0934853
 -0.141459
 -0.209574
 0.0596113
 -0.0628145
 0.0200484
 0.183252
 -0.114788
 0.0184398
 0.0541721
 0.0988264
 0.0900673
 -0.0452892
 -0.149917
 -0.0913788
 -0.128727
 0.0507992
 -0.0119492
 -0.0293861
 -0.00945792
 -0.0414763
 -0.0400696
 0.180836
 -0.133277
 0.258878
 -0.00467877
 -0.0439036
 0.0729166
 0.0604172
 0.133293
 -0.0485846
 0.0910834
 -0.0613416
 0.133233
 -0.0752358
 -0.0859845
 -0.139677
 -0.0803539
 -0.0541986
 -0.0592291
 -0.0410494
 -0.0122451
 -0.044437
 -0.128086
 0.0729198
 -0.0183749
 0.0200458
 -0.0694926
 -0.0976695
 0.022913
 0.0378638
 -0.0152501
 -0.19591
 0.167447
 0.0114312
 -0.0424466
 0.00454429
 -0.132594
 -0.0280845
 -0.00513207
 0.169193
 0.206273
 0.037008
 0.108938
 -0.163733
 -0.136771
 0.0599324
 0.026764
 0.0564174
 0.100925
 -0.0690946
 -0.133946
 0.00456005
 0.0538841
 -0.0735065
 -0.304528
 0.0412837
 0.0605519
 0.0813035
 0.165448
 0.197615
 -0.0486162
 -0.0503878
 -0.157752
 0.0667068
 0.00373962
 -0.041668
 -0.0417225
 0.0850292
 -0.109725
 0.0984952
 -0.153551
 -0.262429
 0.0198034
 0.0126093
 -0.161246
 0.279767
 -0.0741858
 -0.0787913
 -0.116007
 0.130073
 -0.0867688
 -0.0751273
 0.0654054
 0.0733844
 -0.0449973
 0.0978354
 -0.109526
 -0.0702733
 -0.014085
 -0.0623399
 -0.128556
 0.186779
 -0.0874197
 -0.00340996
 -0.0578444
 -0.0565253
 -0.161513
 -0.019817
 -0.0872666
 -0.105227
 0.0273445
 -0.0125224
 -0.0362815
 0.0128189
 -0.0427493
 -0.153715
 0.166152
 0.193595
 -0.270095
 -0.149378
 0.242743
 -0.101837
 -0.0887473
 -0.0104277
 -0.108916
 -0.0307247
 0.108179
 0.123892
 -0.0198563
 -0.0407316
 -0.012094
 -0.00408164
 -0.031999
 0.0662296
 -0.0534054
 -0.0946578
 0.196983
 0.00397006
 0.143804
 -0.0628189
 -0.0839245
 0.0485729
 0.207303
 -0.0928237
 0.0110589
 0.043438
 -0.0206804
 -0.0672715
 0.0654876
 -0.0352194
 -0.142288
 0.0296353
 -0.00964978
 -0.0161125
 -0.00947896
 -0.00443989
 0.0858457
 -0.0297313
 -0.099556
 0.188658
 0.0832308
 -0.110368
 0.110696
 -0.0462288
 -0.0946477
 0.0827024
 0.131302
 0.184495
 -0.0508593
 0.135064
 -0.22457
 0.0314342
 0.143754
 0.0107902
 -0.248826
 -0.179959
 -0.0820308
 0.0852691
 0.0388181
 0.0820931
 0.108171
 -0.0242873
 0.0366144
 0.207563
 0.0164998
 -0.108717
 0.183625
 0.0781462
 0.0757955
 0.0738832
 0.0921286
 -0.0185522
 0.00540806
 0.0996771
 -0.0377996
 -0.0427801
 0.175356
 -0.261661
 -0.0444022
 0.0624635
 -0.0704149
 -0.269481
 0.072853
 -0.0333566
 -0.0617515
 -0.112314
 -0.123147
 0.0962876
 -0.0930883
 -0.0791596
 -0.0590262
 -0.0845359
 0.0933524
 -0.0653609
 0.0472853
 0.00772411
 0.0716763
 -0.133862
 0.00226256
 0.0948705
 0.106242
 -0.0624995
 0.0901664
 -0.151615
 0.0105759
 -0.0460627
 0.00107699
 -0.0728687
 0.0203672
 -0.136589
 -0.0537489
 -0.0344146
 -0.101923
 -0.113736
 -0.0165782
 -0.237986
 -0.188084
 -0.0717733
 -0.0585334
 -0.0033934
 -0.117605
 0.0293328
 0.0261885
 0.151421
 -0.137762
 0.116254
 0.0295886
 -0.0841374
 -0.0614225
 0.0651406
 -0.0973117
 -0.067999
 -0.0323926
 -0.127129
 0.0566435
 0.114555
 -0.123371
 -0.0145175
 -0.0852152
 0.127921
 -0.150099
 -0.0935551
 0.087178
 -0.0779179
 -0.0761709
 -0.202849
 0.0937892
 -0.0800987
 -0.104464
 -0.0027269
 -0.0765884
 -0.112843
 -0.0744123
 0.258405
 0.373256
 -0.114272
 -0.0667362
 0.00668518
 0.0339997
 0.171978
 -0.15408
 -0.0420636
 -0.124252
 0.0322658
 -0.129162
 -0.0307405
 -0.0585338
 -0.194345
 0.026943
 0.075884
 0.00673415
 0.0468186
 0.0338818
 -0.119811
 0.122816
 -0.0816818
 0.108065
 -0.184401
 -0.0713307
 -0.173038
 0.0380334
 0.0831947
 0.0205463
 0.00450112
 0.180932
 0.128943
 0.0775437
 0.00669458
 -0.123491
 0.0353549
 0.0601427
 0.0502953
 -0.160208
 0.0182714
 0.0458389
 -0.228361
 -0.038454
 0.0749024
 -0.0261858
 -0.0847849
 0.00647943
 0.106255
 -0.139423
 0.0052725
 -0.113068
 0.0164928
 -0.0524857
 -0.117799
 -0.0318682
 0.00989066
 0.224823
 0.0196508
 0.179555
 -0.0850994
 -0.048541
 -0.0129323
 0.0546998
 -0.168531
 -0.0647004
 -0.163248
 -0.0260148
 0.0531073
 0.0629879
 0.0923319
 0.123752
 -0.201006
 0.185834
 0.066477
 0.00301975
 0.00838411
 0.00408578
 0.0478399
 -0.0385361
 -0.145197
 0.0225992
 -0.127343
 0.044404
 0.111701
 -0.00832981
 0.0426241
 -0.0944638
 -0.099168
 -0.109006
 0.111846
 -0.00529751
 0.0124354
 0.102844
 0.00759425
 -0.0767179
 -0.11421
 -0.0247225
 0.0440614
 0.0293742
 -0.240595
 0.0147221
 -0.0453918
 -0.0108811
 -0.0701211
 0.0471484
 0.0845536
 0.00136909
 -0.117419
 0.0832467
 -0.0384776
 -0.0111147
 -0.230494
 0.00817932
 -0.0166279
 0.0397818
 0.0331787
 -0.0116566
 -0.0317446
 0.100604
 0.15166
 0.0685695
 -0.0521213
 0.077017
 0.0514838
 0.000445575
 0.0363585
 0.22807
 -0.036361
 0.0504387
 0.0851603
 0.0936958
 0.0442963
 -0.0258228
 -0.0441387
 0.100972
 0.0727477
 0.0287628
 0.00380844
 0.139192
 0.040099
 -0.00112202
 0.0771005
 -0.090398
 0.0232532
 -0.0379156
 0.0875533
 -0.0918938
 -0.129635
 0.0313894
 -0.11822
 -0.0671418
 0.11955
 0.115275
 0.0350619
 0.184257
 -0.0328433
 -0.0063543
 0.134288
 -0.0810146
 -0.000835432
 0.0319479
 0.225591
 -0.253666
 -0.0104668
 -0.0306572
 0.0974186
 0.0812421
 0.00975869
 0.0171496
 0.151881
 -0.0548638
 -0.0865113
 -0.115435
 -0.0150812
 0.194771
 0.0691903
 -0.0228599
 0.0562622
 0.0690084
 -0.11181
 0.0875129
 -0.0270583
 0.00814868
 0.0728203
 0.0227699
 0.0298618
 -0.0229588
 0.0488731
 0.0945767
 -0.0302853
 -0.00299406
 -0.0243717
 -0.0467098
 -0.0484119
 0.00311941
 0.186293
 0.13108
 -0.0579829
 0.0368134
 -0.0262717
 -0.0349599
 -0.12715
 -0.0204309
 -0.144718
 0.0485977
 0.065488
 -0.0210873
 0.0259585
 -0.20092
 0.179179
 -0.0455606
 -0.0317221
 -0.00281263
 -0.107359
 -0.0242058
 -0.0572384
 -0.124202
 0.0881522
 -0.183834
 0.104404
 0.0713032
 -0.100415
 0.0637259
 0.0378228
 0.0107917
 0.00257714
 0.052194
 -0.0917167
 0.022878
 -0.112668
 -0.0522584
 -0.249717
 0.126809
 0.0443104
 0.065748
 -0.155856
 0.032819
 0.0520715
 0.242161
 0.0821638
 -0.0152944
 -0.0163917
 -0.0645704
 -0.209107
 -0.19131
 -0.0424543
 0.0685442
 -0.0579648
 0.00601765
 -0.136537
 -0.0459313
 0.0931207
 0.055703
 0.217959
 0.0211976
 0.0812949
 0.156162
 -0.0401423
 0.0727125
 -0.0678837
 0.0859189
 -0.0930407
 -0.0215539
 -0.00539802
 -0.16784
 -0.143352
 0.0633378
 -0.213139
 -0.037416
 -0.00333744
 -0.165376
 -0.0913648
 -0.0569848
 -0.14187
 -0.0846509
 0.0250644
 -0.0187266
 -0.218478
 0.104433
 -0.079594
 -0.0284291
 -0.0945937
 0.0369713
 0.163623
 0.04592
 0.117396
 -0.0845515
 -0.00503488
 -0.036621
 0.05526
 -0.00511155
 -0.0714444
 0.0013244
 0.23837
 -0.0765331
 0.029312
 0.026335
 -0.0222854
 0.0197672
 0.0560895
 -0.070224
 -0.270946
 0.0228775
 -0.0430789
 -0.0929509
 -0.101156
 -0.0533672
 -0.0317644
 0.0700322
 -0.103468
 0.0353065
 0.0359267
 0.0937007
 -0.0539514
 0.333667
 -0.00932952
 -0.221731
 -0.00115415
 -0.0393132
 0.016212
 -0.118071
 -0.0958722
 -0.0669157
 0.0913107
 -0.238171
 0.0768432
 0.0120974
 -0.0432422
 0.0223647
 -0.0178739
 0.174001
 -0.16344
 0.102719
 0.109652
 -0.234416
 0.114731
 -0.0829852
 0.0828237
 -0.0117466
 -0.111354
 0.121019
 0.127508
 -0.108423
 0.0754285
 0.120316
 0.0909631
 -0.199668
 0.162976
 0.0920598
 0.0482567
 0.156094
 -0.00512497
 -0.0469262
 0.0642305
 -0.073595
 -0.144341
 -0.129358
 -0.0907516
 -0.119826
 -0.100381
 -0.11457
 0.1049
 0.0684745
 0.024676
 0.0286889
 0.0351314
 0.0121818
 0.0972871
 -0.00428879
 -0.115117
 -0.0224957
 0.211252
 -0.213575
 0.0634102
 0.173848
 0.015212
 -0.236958
 -0.0111238
 -0.109108
 0.0661839
 -0.0585679
 -0.0141619
 -0.0949961
 0.104342
 0.0101901
 0.0518229
 0.0491414
 -0.0219792
 0.0636939
 -0.0511895
 0.105013
 -0.111083
 -0.139555
 -0.0275559
 -0.0790524
 0.0633059
 0.14519
 0.103148
 0.0388551
 -0.000295976
 -0.0882387
 -0.0774422
 -0.0843169
 -0.0565082
 -0.148064
 -0.0355882
 -0.0386712
 -0.0459164
 0.226252
 0.0072923
 0.0415429
 0.00714993
 0.0333262
 0.0700698
 -0.107372
 0.0697433
 0.0206895
 -0.0902698
 0.0901437
 -0.0674756
 -0.0989669
 -0.0148498
 0.108869
 -0.0145084
 0.08815
 0.125379
 0.086995
 -0.0656332
 -0.172955
 -0.107047
 -0.199865
 0.0584116
 -0.0796532
 0.0684716
 0.0149924
 0.0208041
 -0.0831077
 -0.010034
 -0.0211361
 0.0795076
 -0.147754
 0.120675
 0.0417133
 0.112319
 0.210339
 -0.159785
 -0.0087829
 0.0402773
 0.103554
 -0.105577
 0.0769207
 -0.0835933
 0.0386755
 0.0808957
 -0.0680898
 -0.117667
 0.0056094
 -0.045515
 -0.0558173
 0.0378738
 0.0495818
 -0.0908998
 0.149279
 0.0265858
 -0.130792
 0.0484231
 -0.0295798
 0.0474533
 0.0191471
 -0.0577144
 -0.00742721
 -0.0382226
 0.109488
 0.060605
 0.00901411
 -0.118826
 0.0497934
 -0.141811
 -0.0799617
 0.0594983
 -0.210719
 0.146938
 0.0548003
 0.100457
 -0.0702767
 -0.0580276
 -0.0942829
 -0.0144012
 0.0731373
 0.0472295
 0.190982
 -0.0152614
 0.0366337
 -0.114654
 -0.143075
 0.141144
 -0.0145568
 -0.147053
 -0.0124432
 0.0198453
 -0.04979
 -0.16359
 0.0662901
 0.0876302
 0.211721
 0.0393564
 -0.145688
 -0.027964
 0.0655201
 0.213375
 0.0435801
 0.093612
 0.0143958
 -0.0315715
 -0.0485037
 -0.160534
 0.161693
 0.033904
 -0.097611
 -0.18735
 0.0715463
 -0.0463006
 0.0750332
 0.0133227
 -0.06906
 0.177216
 0.0771635
 0.0171326
 -0.0133169
 -0.20381
 0.0511176
 -0.0414263
 -0.104719
 0.0234838
 0.0910319
 -0.100274
 -0.0974854
 -0.152454
 -0.190914
 -0.15735
 -0.0621569
 0.0688689
 -0.121389
 0.128288
 0.0194007
 0.031422
 0.0300689
 -0.119841
 -0.170261
 -0.0538687
 -0.0282604
 0.0769467
 -0.0059814
 0.0755209
 -0.00932527
 -0.163873
 0.0618939
 -0.21252
 -0.0296147
 0.149051
 -0.243039
 0.064214
 0.132904
 -0.0659254
 0.10525
 0.0349747
 -0.192124
 -0.183766
 -0.0252893
 0.10749
 0.0361902
 0.167892
 -0.0455542
 0.144133
 0.0744162
 -0.0371622
 0.0308815
 0.172242
 -0.0580992
 0.040869
 0.00274244
 -0.0756471
 0.130492
 -0.0846753
 -0.117818
 -0.0452633
 0.0753062
 -0.0395798
 -0.160176
 -0.112948
 0.0612097
 0.105758
 0.181288
 -0.0966989
 -0.0742402
 -0.0788244
 -0.114691
 -0.176381
 -0.132576
 -0.198471
 0.0801497
 0.0411278
 0.047538
 0.0404789
 0.0209763
 0.0604074
 -0.0113308
 0.0880184
 -0.010056
 -0.00555907
 0.105646
 -0.064288
 -0.0468406
 -0.0862689
 -0.00942894
 -0.000881142
 -0.0134569
 -0.122914
 -0.184645
 0.0710101
 -0.0235687
 0.00893557
 -0.120834
 0.156141
 -0.0780363
 -0.188942
 -0.0112877
 0.0466871
 0.0692163
 -0.166914
 0.088034
 -0.0278481
 0.154543
 0.0797929
 -0.0900391
 0.00206686
 0.0519427
 -0.0288861
 -0.0171215
 -0.0054796
 -0.141651
 -0.0767587
 -0.0633653
 0.0919314
 0.0160818
 -0.0154607
 0.00489838
 -0.131419
 0.24586
 -0.0161281
 0.0944185
 -0.058107
 -0.0525888
 0.212058
 0.103968
 0.200988
 -0.132075
 -0.0174624
 -0.0930768
 0.112372
 -0.0287209
 -0.0921687
 0.0880098
 0.0025054
 -0.0168912
 -0.081006
 0.0044141
 0.0172559
 0.0106882
 0.0742902
 0.00918271
 -0.0339543
 0.0757092
 -0.133853
 -0.0128601
 -0.0452446
 0.0313146
 -0.0126273
 0.174761
 0.0910324
 0.109798
 -0.00117325
 -0.0650534
 -0.0752018
 0.117291
 0.0331795
 0.041761
 0.187859
 -0.174938
 -0.137125
 0.0144291
 -0.0261908
 0.142547
 0.133364
 -0.00236597
 -0.209728
 0.0873823
 -0.0593883
 -0.0394517
 -0.239261
 -0.0773944
 0.0211378
 -0.0534975
 0.0815464
 -0.203945
 0.211254
 0.0539962
 -0.000451587
 -0.135945
 -0.0144162
 -0.0866017
 0.00301037
 0.00288954
 0.0182129
 -0.146894
 -0.107747
 0.073987
 -0.117408
 0.0026857
 0.00400536
 0.0511648
 0.0517991
 0.0468219
 -0.106004
 -0.0304974
 -0.0954785
 0.0567178
 0.118027
 -0.306227
 0.154635
 -0.0587745
 -0.0132778
 -0.0620922
 -0.0355401
 -0.0546032
 -0.0797174
 -0.0887382
 0.0194672
 -0.0615467
 0.0450558
 0.0252067
 0.0754302
 0.0454615
 -0.19262
 0.0505927
 -0.0536021
 -0.0626341
 -0.0701507
 -0.129429
 0.056048
 0.111986
 0.152156
 0.0380345
 0.0625293
 -0.280076
 -0.068945
 -0.0468634
 0.159998
 -0.0033421
 -0.0399283
 -0.0442505
 0.0277598
 0.0819231
 -0.0543729
 -0.197067
 0.102197
 0.100638
 0.00911711
 0.041917
 -0.112343
 0.0978078
 -0.0868637
 0.114999
 0.121127
 0.161431
 -0.0849488
 0.0523699
 -0.0410422
 -0.0460647
 -0.0976495
 0.144417
 0.0408809
 0.192854
 0.183959
 0.00229305
 -0.129916
 -0.13542
 -0.041548
 -0.0727536
 0.119687
 -0.0630543
 -0.0349445
 -0.100128
 0.14521
 -0.110848
 0.103097
 0.155914
 0.00207083
 -0.192896
 -0.19806
 0.103764
 0.111122
 0.0209176
 -0.0199165
 0.0405039
 0.0880067
 0.237626
 -0.132573
 0.00167692
 -0.00224221
 0.0860022
 0.0274416
 -0.145071
 0.105739
 0.0544471
 0.0277151
 -0.0314316
 0.0963459
 -0.20248
 -0.100952
 -0.152308
 -0.0775228
 0.0959581
 -0.00790304
 -0.013755
 0.0760109
 0.0328853
 -0.0871894
 -0.0547671
 -0.149728
 0.061203
 -0.054583
 -0.0481905
 0.0367721
 -0.0316379
 0.00829469
 0.0544517
 0.0192835
 0.138748
 0.0614046
 0.0357275
 0.0542115
 0.0726916
 0.137021
 0.189576
 -0.0307038
 -0.119507
 -0.0314939
 -0.0954091
 -0.0403136
 -0.0651104
 -0.0342735
 0.0181012
 0.0293276
 -0.136554
 -0.0712419
 0.0692056
 -0.153244
 0.0196094
 -0.123083
 -0.135354
 -0.172782
 0.0794928
 0.13454
 -0.162553
 -0.0627132
 -0.0228317
 -0.0268118
 0.0542987
 0.0543282
 0.0259392
 0.0321551
 -0.0765291
 0.171841
 -0.186556
 0.0913289
 -0.0993675
 -0.0353606
 0.0039152
 0.0221996
 -0.159059
 0.0122031
 0.00581929
 -0.05008
 -0.0563079
 -0.0435767
 0.00530878
 -0.153691
 0.0740031
 -0.144175
 0.215478
 0.045411
 -0.114635
 -0.125814
 0.021601
 -0.0533885
 -0.0894145
 -0.149691
 -0.0406463
 0.0862234
 0.0529684
 0.0213623
 0.0444576
 0.0882813
 -0.250248
 0.12521
 0.0031309
 0.0898132
 0.0149641
 0.0432238
 -0.0256603
 -0.08886
 0.258214
 -0.0287409
 -0.267434
 0.0570953
 -0.146137
 -0.106913
 -0.0940864
 -0.115546
 0.181069
 -0.107678
 0.0373543
 0.0139542
 -0.0735507
 0.046921
 -0.0033181
 -0.148109
 -0.0451019
 0.00763392
 0.00830953
 0.0184619
 -0.0697563
 0.0412202
 -0.0917689
 -0.127082
 -0.16129
 -0.00316521
 -0.176402
 -0.18946
 0.100023
 -0.186982
 0.0711634
 -0.0492088
 -0.0797315
 0.0153712
 0.00889995
 0.168321
 0.0489591
 0.107529
 0.133091
 0.0184373
 0.0676838
 -0.059692
 -0.0504045
 0.0192866
 0.116429
 0.0562009
 -0.107066
 -0.0516322
 0.0605656
 0.177198
 0.00473532
 0.00150311
 0.113302
 0.157604
 0.0723929
 0.0455898
 -0.0742242
 0.0854342
 -0.187344
 0.107527
 -0.017928
 -0.0976856
 0.0676571
 -0.268789
 -0.0704324
 0.0691699
 -0.0966197
 0.111302
 0.0180547
 -0.125684
 -0.111241
 0.169488
 0.0685447
 -0.274934
 -0.0997036
 0.141139
 -0.108541
 0.00183646
 -0.00510212
 0.06013
 0.103242
 0.0447088
 0.0825723
 -0.0365711
 -0.0630967
 -0.115099
 -0.0499786
 0.0196203
 -0.130757
 -0.0436811
 -0.0357647
 -0.0947053
 -0.085217
 -0.113675
 0.0211167
 -0.119629
 -0.102611
 0.0574547
 -0.0115349
 -0.0842443
 -0.0445553
 -0.26979
 -0.0064947
 0.00206081
 -0.0376348
 -0.00708207
 -0.0232468
 0.00452112
 -0.0831504
 0.172045
 -0.0165244
 -0.0358772
 -0.0438175
 -0.0430574
 -0.12985
 -0.0931089
 -0.0905695
 0.226999
 -0.126027
 -0.00330461
 0.0177063
 0.0975462
 0.0465374
 -0.154666
 0.026986
 -0.139441
 0.0393185
 -0.0555435
 -0.0490493
 -0.123116
 0.0478547
 0.0514881
 0.0524589
 0.0912637
 -0.0245706
 0.0126444
 -0.0449879
 -0.133408
 -0.0333555
 -0.0804851
 -0.0585157
 -0.0137803
 -0.048674
 0.0859617
 0.104528
 -0.00945764
 0.060415
 0.0464275
 0.129786
 -0.02773
 -0.0781497
 -0.173146
 0.0194697
 0.0822246
 -0.00604067
 0.287354
 0.0256852
 0.0881602
 0.116182
 -0.00865178
 0.231325
 0.0719589
 0.000516674
 -0.0450977
 0.0580306
 0.0671236
 -0.123835
 -0.0451337
 0.00319843
 -0.231914
 -0.0634142
 -0.153178
 -0.0780411
 0.0361692
 -0.0974501
 -0.124258
 -0.0200363
 0.210283
 -0.0926181
 -0.119668
 -0.00934431
 -0.080617
 -0.0797798
 0.132963
 -0.0420158
 0.125198
 -0.110633
 -0.054225
 0.132454
 0.04297
 -0.0785524
 0.0493499
 -0.14569
 0.0523579
 0.0569934
 0.0337205
 0.081353
 -0.0805946
 -0.0865025
 -0.0869939
 -0.0001815
 0.0359751
 0.126128
 -0.0727152
 0.110615
 0.0573608
 -0.128351
 -0.092804
 -0.0275631
 -0.0574092
 -0.163955
 0.128258
 0.198516
 -0.0243808
 0.00496407
 -0.0522272
 0.0474658
 -0.0456269
 0.000933307
 -0.0523669
 0.0136728
 -0.0596792
 -0.0431034
 0.184052
 0.0132419
 0.138171
 -0.131614
 0.121994
 0.0598325
 -0.09666
 -0.102774
 0.0718257
 -0.0951435
 -0.0746987
 0.0775088
 -0.00922264
 -0.0813713
 0.00485731
 -0.0665233
 0.00695592
 0.0488849
 0.0471453
 -0.0525693
 -0.0284186
 -0.185058
 0.131336
 0.152505
 0.133655
 0.0639078
 -0.0903237
 0.0874322
 0.169362
 -0.182222
 -0.0472457
 -0.210746
 0.0582278
 0.00428307
 0.126012
 -0.202061
 -0.147909
 0.0190257
 0.303926
 0.0460418
 0.0227391
 0.22409
 0.00475537
 -0.0662086
 -0.0960941
 -0.10377
 -0.110186
 -0.0800761
 -0.0392488
 0.108024
 -0.00251944
 -0.156138
 -0.0283757
 0.000229919
 -0.0615845
 0.102804
 -0.087588
 -0.137401
