 0.0403722
 0.410329
 -1.42967
 -2.11843
 -2.54186
 -1.47663
 -2.95129
 -1.05851
 -1.21767
 -2.37347
 -0.696738
 -0.807795
 -1.82469
 0.133327
 -1.11901
 -0.097226
 -0.0545873
 -1.13589
 1.50798
 0.0206249
 -0.0911044
 0.28869
 1.73301
 1.33994
 0.205687
 2.78953
 -0.128961
 1.03976
 -0.762215
 0.0594234
 0.0841579
 -0.301579
 -0.683459
 0.040462
 0.557111
 -2.81684
 0.638181
 -1.5507
 -0.424836
 1.56034
 -2.83816
 1.62024
 -1.61756
 1.93003
 0.695885
 0.524818
 -0.422795
 -0.106368
 0.146427
 -0.80345
 -3.08884
 0.214189
 -1.13495
 1.49743
 -0.870517
 1.50406
 2.10968
 1.47876
 3.17012
 1.99931
 3.09013
 1.40549
 2.69811
 1.27123
 3.12958
 1.19402
 1.51144
 1.78684
 1.62968
 0.745305
 1.95627
 0.910537
 -0.016148
 0.352039
 1.06025
 0.281151
 -0.157206
 0.0908298
 1.10044
 0.720061
 -0.0185912
 1.48691
 1.05954
 1.28694
 0.439504
 0.895176
 0.86546
 0.611755
 -0.838613
 -0.215557
 -0.937574
 0.460556
 0.501839
 -0.917456
 -2.06743
 0.0315318
 -1.14808
 -1.61075
 -0.284656
 0.514432
 0.812346
 -0.388511
 -0.0426126
 0.240342
 -0.238607
 -0.159841
 -0.381567
 1.33442
 0.155065
 0.552504
 -0.871251
 -0.231783
 -1.56774
 1.06682
 -1.44259
 2.1323
 -1.56668
 1.19745
 -1.07269
 -0.0577473
 0.662826
 -2.12337
 0.912959
 0.818573
 0.518141
 0.891937
 2.78286
 0.840194
 1.20111
 -1.26302
 1.72537
 -2.1246
 1.49283
 -1.10514
 2.64994
 -1.53869
 3.67642
 -3.01282
 1.85797
 -0.576246
 1.48103
 -0.792468
 1.56158
 -1.07142
 0.496082
 -0.234427
 0.102333
 1.2723
 0.351842
 2.34859
 -0.0970523
 3.22203
 0.0686962
 0.370938
 -0.262406
 -0.120601
 0.287945
 -1.04264
 0.229234
 -0.698853
 -1.55423
 2.30826
 -0.949803
 0.562719
 -2.37498
 0.652952
 1.40748
 1.10425
 1.6461
 0.595752
 -0.669378
 0.0413962
 0.375693
 0.440647
 2.22829
 0.0314321
 0.11021
 -2.2794
 -0.730062
 -0.831456
 -1.53735
 0.0873302
 1.41067
 -0.598407
 0.354226
 -0.892614
 0.345099
 -0.621688
 0.265611
 1.65105
 -0.264968
 0.177386
 -2.06498
 4.01298
 0.0973754
 2.91808
 2.61784
 2.21257
 2.91717
 -0.202405
 -0.181983
 -0.722695
 -0.0211801
 -0.203611
 -0.601338
 -1.01496
 -1.68926
 0.551917
 -0.781329
 -0.139608
 1.96094
 -2.30756
 1.75789
 -0.860256
 1.35036
 0.47425
 2.01055
 -1.02623
 -1.10102
 -0.806811
 -0.270617
 -0.0450864
 -1.09669
 -0.170642
 0.930431
 -0.71109
 -0.177126
 -0.145628
 1.47007
 0.373247
 0.541992
 -3.05883
 0.35296
 -0.043536
 0.287207
 -1.562
 -0.105054
 -0.414473
 0.942652
 -0.133419
 0.142343
 -0.493492
 0.994894
 -1.3966
 1.71405
 -0.994542
 -2.41108
 -1.02729
 -2.34013
 1.84797
 -0.225926
 1.04286
 -2.36521
 1.60044
 -0.473075
 0.546035
 1.83006
 -1.75458
 3.63134
 0.11069
 3.46735
 -0.608942
 1.16983
 -2.91707
 -1.22017
 -2.70154
 -0.852819
 -1.76204
 0.773716
 -3.85056
 -0.829664
 -1.78986
 0.00116346
 -2.71414
 -1.13871
 -2.82802
 -2.13706
 -1.01543
 -0.489956
 0.880219
 -0.562094
 1.33755
 -3.47281
 1.50276
 -0.0447555
 0.329615
 -1.30769
 0.034999
 -0.613019
 0.0306868
 -0.579002
 1.68789
 0.142586
 1.55008
 -0.0328446
 0.364803
 -0.341728
 -0.607151
 -3.04998
 -0.3931
 -0.710276
 -2.8316
 -1.33232
 -0.648428
 -1.90665
 1.78147
 -1.74918
 1.84665
 -1.714
 -0.268498
 -1.14037
 -2.16228
 -1.22551
 0.265706
 -1.18279
 0.264701
 0.596852
 -0.500836
 -0.769417
 -2.70139
 -1.60238
 -3.71328
 -0.68757
 -2.95218
 -0.39358
 -1.01434
 0.391024
 -3.40888
 0.910636
 -2.84697
 0.871431
 0.761424
 0.141544
 0.993876
 -1.33791
 1.62992
 -1.07634
 0.788545
 -0.202586
 2.3463
 0.522609
 3.85434
 0.870073
 1.7869
 1.04304
 1.19815
 1.54438
 1.31085
 0.550806
 3.31025
 0.317942
 3.33965
 -0.122504
 3.75
 0.942191
 2.63186
 -1.19541
 0.625376
 -1.84793
 0.494342
 -2.20007
 0.111312
 -0.824564
 2.52481
 -1.00715
 1.2285
 -2.17632
 -0.285307
 -1.30692
 -1.15984
 -1.01403
 -2.76266
 -1.50435
 -1.35365
 -1.33256
 -0.531285
 -1.54578
 0.343898
 -3.72837
 0.418096
 0.898786
 0.806023
 0.0620528
 -0.126829
 1.149
 -2.08033
 0.344475
 0.545593
 2.10894
 -1.93098
 2.23654
 -1.37835
 0.227971
 -0.915845
 -2.19815
 -2.1115
 -0.615277
 -2.50546
 1.25509
 -0.648538
 0.476652
 0.0264495
 0.369904
 -0.806008
 -1.23673
 0.698971
 -0.383359
 1.05638
 0.140342
 -0.0393806
 -0.835309
 0.280494
 -0.260944
 -1.11026
 0.041848
 -0.66577
 -0.808945
 -0.72747
 -1.97875
 -1.4454
 -2.35985
 -3.65207
 0.158022
 -3.22472
 -1.43775
 -3.07136
 -2.62253
 -2.16853
 -0.272434
 -1.72641
 -0.0336394
 -2.09798
 0.973657
 -1.39519
 -0.685922
 -2.98382
 0.295232
 -0.734659
 -0.326479
 -3.56324
 -0.940672
 -2.81075
 -0.0741499
 -2.39619
 1.0663
 -0.310992
 0.957939
 1.28989
 0.0334513
 -1.80702
 -1.36527
 -1.15904
 -0.908374
 -2.05348
 -0.18952
 -1.3131
 -0.593798
 -1.41916
 0.187593
 1.05328
 0.797415
 2.87322
 0.204741
 -1.51769
 1.76655
 -0.540894
 1.24151
 0.422596
 3.13694
 1.0815
 2.23186
 0.77689
 0.313352
 1.03897
 1.11419
 1.64805
 0.512898
 -0.647036
 0.382053
 1.07914
 -0.65708
 2.24496
 -1.10256
 1.44611
 -1.75718
 1.09521
 1.11636
 0.324183
 1.33467
 0.978151
 0.221992
 -1.41452
 -0.439816
 1.75842
 -1.17006
 -0.912496
 0.713286
 0.137634
 -0.643714
 -1.7935
 -1.9423
 0.0575229
 -2.19208
 -1.8538
 -2.48986
 -1.89504
 -1.5858
 0.546656
 -0.277841
 1.08591
 2.28937
 1.02935
 3.81534
 1.77862
 1.8622
 0.00915129
 2.36581
 1.41797
 1.56483
 0.376202
 2.29331
 0.997184
 0.365431
 2.27712
 -0.268607
 -0.21491
 -1.46258
 -1.02335
 -0.357503
 -1.30274
 0.0989503
 0.272731
 0.154083
 -1.18506
 -0.443047
 -1.11927
 1.88213
 -1.68833
 1.45129
 -1.98356
 0.855431
 -1.41891
 0.705206
 -0.714278
 0.982909
 -0.217511
 4.24295
 0.900845
 2.16591
 0.53716
 1.39753
 0.413902
 1.90515
 1.4089
 2.46509
 1.55463
 0.442106
 1.83412
 0.555281
 0.117061
 -2.30263
 -0.598873
 0.740842
 -0.380034
 -0.0859234
 1.46996
 0.356319
 1.90382
 1.24807
 0.116454
 1.92299
 -0.539588
 1.45676
 0.287534
 1.88084
 -0.290821
 0.82098
 -1.12635
 -0.886044
 -3.27288
 -0.500419
 -1.69405
 0.585226
 -0.541687
 -0.865977
 -0.98376
 -2.6348
 -1.85202
 -0.833497
 -2.26656
 -0.327089
 -2.6344
 0.318632
 -0.212208
 0.307509
 0.447914
 -0.137049
 1.75427
 -1.26514
 -1.3344
 0.577456
 -1.05496
 0.198206
 -2.31024
 -1.43163
 1.29458
 -0.387196
 1.65069
 1.2421
 -2.71101
 0.125186
 -1.11725
 -0.154664
 -0.084777
 -1.90774
 -1.24763
 -0.962907
 -0.164194
 0.0879644
 -2.42087
 1.08533
 -0.730068
 0.26475
 -1.0103
 3.24812
 -1.63027
 2.46262
 -0.15704
 1.58104
 -1.12035
 1.84581
 1.2605
 3.10648
 0.618385
 1.22202
 0.516154
 3.02011
 -0.613954
 0.184056
 0.0909412
 0.786939
 0.254403
 -0.935073
 -1.07113
 0.764926
 -0.310134
 0.145599
 -0.339805
 -0.673206
 -0.876142
 0.0452278
 0.161964
 0.288975
 -0.430848
 1.13669
 0.294724
 0.514145
 -0.216649
 0.994012
 0.595655
 1.11661
 0.486218
 -1.40204
 2.28943
 -0.568131
 1.17754
 0.798086
 0.704261
 -2.52177
 2.03601
 0.150072
 -0.163185
 -1.51378
 0.453092
 0.0261105
 -0.890578
 -1.65694
 0.66282
 -2.08779
 1.03273
 -2.76984
 1.0791
 -0.439049
 -0.149129
 -2.73897
 0.468486
 -0.326824
 1.5382
 -0.975298
 -0.762299
 -0.745748
 1.05713
 -0.417406
 0.0575469
 -0.0206083
 -0.0334757
 -0.549064
 0.948305
 -0.425128
 1.08727
 1.75724
 -0.794911
 0.779132
 -0.753962
 1.50132
 1.23431
 -1.40211
 -1.04432
 -1.5538
 0.187979
 0.506192
 1.6857
 2.11341
 1.28339
 0.945514
 1.14402
 -0.536887
 0.826383
 0.202616
 0.559727
 1.39065
 1.04567
 2.73768
 -0.853525
 1.3654
 0.821081
 1.06497
 -2.59455
 1.51733
 -1.24022
 1.16806
 0.330665
 1.82609
 0.397837
 0.714029
 1.22616
 2.53849
 -0.21725
 1.91912
 1.44978
 0.692431
 2.3513
 -1.76846
 2.84647
 -1.77036
 1.0458
 -1.59484
 1.96583
 -1.51811
 1.80263
 -2.59505
 -1.66148
 -0.961248
 -0.550583
 -0.735748
 -1.47656
 -1.58375
 -0.417491
 0.60515
 0.452003
 -1.45322
 -2.42904
 -2.04713
 0.165871
 0.0784203
 -1.28379
 0.648541
 1.40831
 -0.0456127
 0.382776
 0.0312331
 -0.408992
 1.67312
 -2.21495
 2.0673
 -1.13454
 1.76323
 -0.0558472
 -0.930444
 -0.187126
 -2.56512
 -1.93378
 -0.715359
 -1.84957
 -0.417286
 0.488659
 -0.774446
 -1.51138
 -1.34543
 -0.802693
 -2.36355
 -2.30619
 -0.0947811
 -0.995511
 1.80547
 1.32758
 1.84629
 -0.614487
 -0.0399742
 -1.08943
 0.0549374
 -1.72621
 0.402993
 -0.230509
 -2.33684
 -0.154753
 -0.253233
 0.475182
 -0.4822
 -0.949347
 -0.929348
 -2.2437
 -1.39691
 0.522452
 -1.82789
 -0.722662
 -2.73391
 1.82163
 -2.38295
 -0.600042
 -1.39453
 -0.466131
 0.467819
 -1.83096
 0.860788
 -0.830605
 1.33328
 -1.23538
 0.486319
 -0.509951
 1.12491
 -0.101175
 -0.4975
 0.13464
 0.16777
 -0.739036
 -1.42391
 -0.0143304
 1.7516
 1.66167
 -1.15295
 0.275442
 3.01131
 0.731662
 0.232566
 -0.476875
 -0.192958
 -0.137555
 -0.0580083
 -0.51802
 -1.16886
 -0.0454151
 -1.50587
 -1.50111
 -1.22143
 0.0764236
 -0.176275
 -1.27991
 -1.50842
 1.17392
 -0.804271
 1.01172
 -1.35919
 0.864945
 0.994593
 0.172726
 0.854004
 1.32411
 0.215551
 -0.0678496
 -0.600921
 0.649796
 -1.79816
 -0.0983673
 -0.66299
 -2.66676
 -1.64698
 -1.30728
 -0.360729
 1.26038
 0.698128
 1.56368
 -1.08991
 0.533026
 -1.78086
 1.17455
 -1.35386
 2.3795
 0.807461
 2.42166
 3.48941
 2.68411
 0.815586
 -0.230827
 -0.462063
 -0.816265
 -0.199358
 -1.65209
 -0.0936174
 -0.98048
 0.855559
 -2.60476
 1.87513
 -2.58449
 0.373813
 -2.36967
 0.322109
 -1.87099
 1.07792
 -1.51359
 0.913764
 -2.33913
 -1.0909
 -1.67734
 0.0503167
 -2.6607
 0.225512
 -1.77527
 0.889747
 -1.41987
 -2.00645
 -0.279699
 -1.16225
 0.55077
 -1.30468
 0.819689
 0.0230619
 -0.533024
 1.0818
 2.49339
 -0.0402865
 1.18548
 0.308372
 2.179
 -0.314372
 0.465477
 -0.115381
 -0.0835376
 0.346223
 -0.204445
 0.146841
 -1.8456
 -1.13096
 -0.771117
 -0.756753
 -3.28559
 -1.66746
 -2.19256
 -1.96331
 -1.99339
 -0.592871
 -2.47824
 1.07788
 -0.39968
 4.20602
 0.0931283
 0.556977
 1.27824
 -1.534
 0.408455
 -0.398181
 0.850859
 -1.60063
 0.860116
 1.91899
 0.0325605
 1.50768
 -1.90968
 1.5384
 -4.63236
 0.57159
 0.219661
 1.58778
 1.13605
 0.324575
 0.264961
 0.105117
 -1.16674
 0.152529
 -0.669283
 -0.309419
 -0.474938
 1.06633
 -1.59546
 2.41029
 -1.02335
 2.49307
 -0.72896
 -1.92462
 -0.751651
 -2.90973
 -2.21544
 -2.1761
 -0.420994
 -0.211657
 -1.86459
 -0.114026
 -4.5068
 -0.661934
 -3.75896
 0.179628
 -2.89277
 0.625117
 -1.34291
 0.163802
 -0.226738
 -0.199438
 -0.945373
 1.1324
 0.309248
 0.0524206
 1.54313
 1.0035
 0.570604
 0.740087
 0.460298
 1.38807
 2.15838
 1.75228
 2.71357
 -1.75231
 -1.28526
 0.0636665
 0.825363
 -0.310448
 -0.576884
 -1.61122
 -0.160254
 -0.638254
 -2.56568
 0.117259
 0.366859
 -0.432969
 -0.202514
 -2.13486
 0.02701
 -2.43372
 -0.718589
 -2.26387
 0.0817168
 -0.654436
 1.29647
 -1.26125
 1.21772
 -0.783676
 1.03454
 -2.57407
 -0.539587
 -1.46382
 0.771989
 -0.911249
 0.261445
 0.837499
 0.114964
 1.62285
 -0.267849
 2.01278
 -0.309773
 3.41089
 -0.996231
 2.5187
 1.39208
 2.59589
 0.564175
 2.72579
 -0.670435
 2.07395
 0.345436
 2.24088
 1.66217
 1.54904
 -2.09866
 -0.740207
 0.762577
 0.45721
 1.28038
 3.70766
 -0.536792
 1.5919
 -0.252723
 1.81916
 0.0363571
 2.14846
 -0.116813
 2.2747
 -1.55079
 1.50423
 -2.69259
 1.82684
 -0.17083
 1.04596
 0.128368
 -0.368764
 0.704729
 2.1983
 -0.831452
 2.3975
 0.0745407
 2.76129
 -1.58372
 0.382471
 -0.400058
 -1.04792
 0.175691
 -1.29983
 -2.16444
 -0.0831761
 -3.14582
 -0.457882
 -2.88446
 0.571289
 -2.03118
 -1.68393
 -1.0515
 -1.86869
 -1.96867
 -2.27385
 -0.814127
 -0.625036
 -1.64744
 1.0498
 -1.58321
 -0.845173
 -0.60421
 0.140266
 -1.02403
 0.554017
 -2.95988
 0.959201
 -1.20198
 -2.5988
 -2.5259
 1.14276
 0.566341
 -2.17214
 0.903957
 -0.586249
 1.53027
 -0.922806
 0.457047
 -0.928398
 2.19179
 0.256047
 2.0745
 -1.36284
 1.19587
 -1.94653
 1.13244
 0.197739
 -0.813209
 0.429512
 -1.48367
 0.849207
 0.194631
 -1.31743
 -0.00297496
 0.17618
 -0.22436
 0.438728
 -1.46685
 1.1358
 -1.00387
 2.21088
 -0.935378
 3.34291
 -0.494462
 1.7727
 -2.09729
 0.210959
 0.650746
 0.717441
 0.520971
 -0.237268
 0.116809
 -1.61076
 -1.10362
 -0.768027
 1.18926
 0.403236
 -1.43594
 -1.2163
 0.0331999
 -2.61428
 0.201732
 -1.45
 0.00855361
 -2.85993
 -3.27636
 -1.55976
 -1.03177
 -1.02907
 -1.09962
 -1.02021
 -0.358523
 -1.53458
 -1.21005
 -0.93733
 -0.476784
 -0.585551
 -0.434046
 -1.2192
 -0.692829
 0.658505
 0.474491
 -0.677746
 -1.37294
 -1.09917
 0.141253
 -0.00211397
 -0.775624
 -1.79132
 -0.0546851
 -0.638625
 -2.08643
 -1.94368
 1.3958
 -1.26558
 -0.729029
 -0.384793
 -1.83306
 -0.0514593
 -1.49316
 -1.51615
 -0.412926
 -1.08037
 0.214252
 -1.52262
 1.21423
 -2.43487
 -1.83283
 -3.38656
 -1.89057
 -2.26878
 -1.42909
 -1.44637
 0.169475
 -0.065041
 -1.80224
 -1.83319
 2.33284
 -0.0123683
 0.106594
 0.299296
 2.11652
 -0.563195
 2.77467
 -0.239672
 -1.56864
 -1.19298
 -0.677776
 0.508442
 -0.158395
 0.0643191
 -2.18516
 0.654611
 -2.36239
 -1.4767
 -1.32935
 -0.0714374
 -0.772214
 -0.345305
 -0.750385
 -0.830678
 -1.15376
 -1.81464
 -2.84264
 -0.85509
 -1.41866
 -1.38785
 1.92947
 -0.907255
 1.50235
 0.751372
 2.55003
 -1.4771
 1.49231
 0.871679
 0.725362
 1.14175
 0.389624
 3.02894
 1.97137
 2.36343
 0.281125
 0.386339
 1.27492
 1.00906
 2.05477
 1.00193
 -0.269221
 -0.505428
 0.602572
 -0.934514
 -0.789819
 -0.336577
 1.77243
 1.53818
 0.578776
 2.93821
 -0.246212
 2.86594
 0.895292
 2.96258
 2.78411
 -0.749959
 1.78604
 -0.767963
 1.70649
 -1.23467
 2.84059
 -2.68169
 0.516982
 -1.87678
 0.559922
 -2.02728
 1.94087
 -4.24434
 2.20069
 -3.38677
 0.161509
 -1.65402
 2.90393
 -0.524961
 1.82053
 1.68146
 0.556961
 1.1345
 1.61212
 0.255218
 2.6825
 2.04667
 2.26321
 2.46628
 1.09815
 0.824645
 1.58273
 -0.474626
 3.60776
 1.22129
 2.232
 1.65444
 1.31318
 0.242271
 -1.04278
 0.0746282
 1.48496
 0.78737
 3.0412
 1.67719
 2.67351
 2.45331
 3.95235
 2.45478
 2.39201
 1.98741
 0.655146
 1.54444
 -0.532941
 0.985348
 0.11534
 1.24395
 -0.481421
 1.58414
 -1.66329
 2.21363
 -0.723026
 1.6037
 1.06841
 0.539659
 1.63347
 0.489083
 3.1036
 0.956019
 4.77509
 0.294553
 1.2169
 -0.262176
 0.608815
 -1.10798
 0.667341
 -1.99711
 0.0887815
 -0.256187
 -0.335849
 0.7914
 -0.363718
 1.08015
 0.40778
 1.70076
 0.581262
 2.11301
 -0.129386
 -0.145082
 1.42411
 0.568279
 0.357378
 -1.8235
 1.39472
 0.159347
 0.286764
 1.70478
 -0.191176
 0.568825
 -1.87912
 -0.934732
 -0.566623
 -0.37457
 -1.75397
 0.307524
 -2.12843
 0.47075
 -2.28493
 1.10531
 0.0429599
 0.402848
 0.520966
 0.469696
 1.75239
 -0.786289
 0.775254
 -0.0408381
 2.32824
 -0.377736
 -0.32966
 0.165791
 0.18064
 -0.0203075
 -0.735864
 0.204644
 0.347684
 2.73707
 -2.19198
 2.65361
 -1.89777
 1.12459
 -1.42935
 2.02068
 -0.0481933
 2.40793
 0.0132359
 2.9743
 -0.00229514
 1.14831
 -1.55696
 -0.330257
 0.00271432
 1.753
 -0.757292
 -1.03395
 -0.24557
 0.0707003
 0.59114
 1.16014
 0.123937
 1.02362
 0.753796
 1.56251
 -0.070725
 -2.03679
 0.0605455
 -0.113121
 0.303642
 0.29557
 -2.27164
 0.320191
 -2.04628
 2.6537
 -0.847513
 1.29596
 -0.796286
 2.26847
 -0.390515
 1.89304
 -2.51276
 2.06859
 -1.95912
 -0.297635
 1.55779
 1.4782
 0.785276
 3.20666
 -0.0325141
 0.443184
 -0.512255
 0.540429
 1.11307
 0.434452
 0.629061
 -2.2293
 -3.32729
 -1.82855
 -1.80689
 -1.07215
 -1.08699
 0.370205
 0.221121
 -0.0335244
 1.03315
 1.28655
 1.3823
 1.2201
 -0.841851
 1.07689
 -0.997806
 -1.89345
 -0.47688
 -1.44735
 0.458071
 -1.85996
 0.816727
 -1.66048
 0.272584
 -1.07722
 -0.229281
 -1.15401
 0.867574
 -1.28005
 1.2779
 -1.74141
 -0.322844
 -3.39042
 1.90279
 -1.11858
 2.24382
 0.295249
 1.49814
 0.982992
 1.08559
 0.823834
 1.16302
 -0.622268
 1.28834
 1.72556
 -0.782607
 -0.114772
 3.03618
 0.452359
 2.73499
 -0.0153924
 3.66572
 -0.243337
 1.33597
 -0.34933
 0.796264
 1.07626
 -0.712205
 1.49869
 -2.45172
 1.40479
 -2.54462
 -0.204527
 0.0238108
 -1.68272
 1.66028
 -0.0283318
 1.02882
 -2.60781
 0.729729
 -3.43728
 1.95265
 -1.83489
 1.31577
 -0.145561
 2.09206
 -0.43945
 2.57933
 -1.52444
 0.20931
 -2.44336
 0.84486
 -2.9166
 -0.824696
 -3.41901
 1.17063
 -3.16668
 1.44697
 -1.46542
 -0.00752514
 -2.17155
 -1.09939
 -1.33457
 -1.78878
 -1.30078
 -2.15386
 -0.0819998
 -0.377716
 -1.59233
 -2.15434
 -1.47641
 -1.53537
 -2.28287
 -0.17926
 -2.47215
 -0.113842
 -1.85552
 -0.947852
 1.35655
 -3.41576
 1.40651
 -0.231775
 0.298311
 1.88337
 0.180246
 1.43991
 0.892895
 1.32986
 -1.5094
 1.08562
 -0.482251
 0.235243
 -1.00624
 -0.857207
 -1.46789
 1.10422
 -1.2921
 1.80066
 -2.51982
 0.752301
 -2.98019
 -0.324581
 0.989161
 0.402924
 -0.66709
 0.491216
 -2.07552
 -2.00844
 -1.62138
 -1.23364
 -2.20574
 1.51144
 -1.72942
 -0.0855302
 0.475641
 -1.55425
 1.67672
 -0.590147
 0.0736538
 2.09193
 0.78088
 0.385898
 1.9974
 -1.20134
 0.502824
 -0.679636
 1.62239
 -0.127212
 1.93194
 0.905025
 -0.579209
 1.69302
 1.46347
 2.13249
 0.604471
 -0.285131
 1.01461
 -0.893092
 -0.200141
 -0.415368
 -0.916072
 1.08646
 0.865327
 0.421092
 0.320279
 -0.790329
 -1.53725
 -1.37692
 -0.775114
 -3.08532
 -1.01267
 -1.03503
 1.89194
 -1.32867
 -0.0649363
 0.380013
 -0.747603
 -0.413627
 -2.00503
 -1.88913
 1.41259
 -0.37381
 0.776067
 -2.17508
 -1.03427
 -3.04976
 -1.54014
 0.365907
 -1.50934
 -0.97095
 -0.461055
 -3.16419
 -2.48677
 -1.64612
 -0.350801
 -0.4518
 -2.21698
 0.130478
 -0.655594
 1.66526
 -0.254172
 1.42289
 1.09236
 -1.62219
 0.796953
 -0.918392
 1.17117
 -2.00054
 -0.267551
 -2.57436
 2.0064
 -1.185
 0.147973
 0.293177
 2.18523
 -0.153521
 1.57324
 -0.225636
 0.847428
 0.139047
 -0.780149
 -0.0861457
 -0.583111
 0.977184
 0.0625033
 -2.43138
 0.0765381
 0.340987
 1.56651
 2.81888
 -0.0302054
 2.48047
 -2.52166
 0.0322553
 -2.99629
 0.649072
 0.119647
 0.0797869
 0.894253
 2.65035
 0.949512
 2.34473
 -0.99691
 0.427856
 2.0674
 0.139295
 1.26529
 -1.27805
 0.259626
 -1.0495
 2.49875
 0.0205556
 1.35533
 -1.64655
 3.1479
 -0.871587
 4.20415
 0.396999
 1.32709
 0.422835
 1.51442
 2.83522
 0.983473
 1.72732
 0.865149
 0.549876
 0.278531
 0.139499
 -0.933307
 0.460638
 -0.707096
 1.65075
 1.4727
 -0.579584
 -1.53772
 1.02381
 -0.881421
 -0.991786
 1.18645
 0.148009
 1.87605
 -1.07267
 0.102902
 -1.10452
 0.111708
 -0.419527
 0.0839233
 -2.39567
 -1.73636
 0.248553
 -0.877576
 1.39295
 -1.23983
 0.372594
 -0.243548
 -1.55867
 -0.147646
 -2.23111
 3.44221
 -2.00298
 0.48458
 -3.35756
 1.58764
 -1.79031
 1.82899
 0.462758
 -0.0385733
 0.451657
 0.0415386
 -0.526025
 0.584077
 -0.271065
 -0.596307
 0.54045
 -1.70486
 0.195642
 -1.0478
 1.71182
 0.00422387
 0.890996
 -1.20749
 -0.0110738
 -3.5128
 -1.63509
 -1.4366
 -0.300044
 0.0963184
 1.47727
 -0.424543
 3.04025
 0.623124
 2.88357
 -1.70843
 0.0237796
 -0.132573
 -1.17612
 0.449276
 0.0213338
 -2.35051
 -1.7036
 -1.0389
 -0.425591
 0.443463
 -0.837349
 1.12799
 -0.239987
 0.93522
 -2.27629
 1.14985
 -2.40531
 0.975784
 -1.70331
 1.29468
 -1.72043
 1.24501
 -0.356146
 2.03673
 0.71112
 -0.35928
 0.94401
 -1.42236
 1.51594
 1.33294
 2.14847
 -0.314851
 1.22965
 2.14344
 1.7562
 0.658484
 0.210115
 1.52208
 -0.02626
 2.92795
 -0.49769
 1.31108
 -1.22411
 2.2062
 0.0511544
 -1.34822
 -0.958453
 -1.08092
 -2.57702
 -1.52846
 -0.833372
 -0.0452868
 0.376548
 0.138602
 -0.935297
 -0.250268
 -1.54196
 1.54453
 -0.300012
 0.343816
 0.428538
 -0.288918
 0.0738042
 0.238415
 0.143397
 -1.64733
 1.03965
 1.39673
 2.74987
 -1.42789
 1.1695
 -0.782781
 3.00069
 0.512193
 1.27361
 -1.13324
 2.20452
 -1.32859
 0.842938
 -1.00548
 0.443459
 -3.14138
 -1.48369
 -0.570832
 1.06846
 -2.40803
 -0.428596
 -0.239068
 -0.627952
 0.464295
 -0.793389
 0.0287061
 -0.183294
 -0.243639
 0.795743
 -2.12925
 1.88694
 -2.13047
 2.1379
 -1.11461
 0.951362
 0.735721
 1.3769
 -1.78416
 -0.901182
 0.265261
 -0.87791
 -0.891213
 -1.68982
 1.02188
 -0.488702
 -2.06819
 -0.269789
 -1.07554
 -0.434347
 0.763441
 2.36487
 0.122794
 1.53847
 1.71099
 0.778121
 0.153588
 2.826
 0.267938
 0.903885
 -0.334183
 3.03511
 -0.179154
 2.21721
 -1.45176
 1.75367
 -0.875957
 2.44572
 -0.720982
 4.31958
 -0.542688
 1.19525
 -1.69225
 1.93966
 -0.308659
 -1.20396
 -0.239539
 -0.519992
 -0.130038
 -0.716924
 2.68869
 1.00303
 1.51163
 0.567934
 2.36502
 1.87121
 0.99311
 2.70048
 1.4247
 2.47593
 0.149906
 2.71335
 -1.24259
 3.14728
 0.164575
 2.16547
 -1.12475
 -1.47611
 -0.241645
 -0.930912
 -1.23505
 -2.65055
 -0.0874084
 -3.24921
 -0.290537
 -1.7596
 -1.38669
 -0.973544
 -0.0249179
 -0.536622
 0.0255396
 -0.200865
 0.332594
 1.2171
 1.4388
 1.49622
 -0.601772
 -1.57947
 -0.947613
 -0.469458
 1.19115
 0.352332
 1.43082
 2.18807
 2.78611
 0.897863
 -0.23251
 0.178704
 0.338296
 1.95874
 1.32092
 0.603895
 -1.7945
 -0.519126
 -1.22662
 1.44941
 -2.42349
 0.458066
 0.236723
 -1.54252
 1.05348
 -0.704267
 0.534196
 1.92376
 0.840495
 3.285
 0.700985
 3.2875
 1.64342
 2.93139
 2.52799
 1.08395
 0.39843
 0.0651481
 1.05246
 -0.952833
 -0.0543121
 0.413839
 -1.09983
 0.0860122
 -2.08602
 -0.469737
 -0.260361
 -1.52951
 0.205719
 -1.31956
 -1.18238
 -2.3721
 -0.527665
 -3.79536
 -0.521155
 -0.871455
 -0.52864
 0.00469405
 1.22114
 0.44045
 -0.471288
 -0.971402
 -0.754219
 -0.583091
 -1.72244
 0.6082
 2.26016
 0.0911718
 1.85026
 -1.71024
 2.53503
 -1.47329
 3.21979
 -1.26108
 2.43947
 -0.94359
 2.3729
 -1.64688
 2.45548
 -2.12738
 0.458825
 -1.84083
 -1.02843
 -1.48492
 -0.189353
 0.453105
 -1.77685
 0.399784
 -1.67513
 -0.933986
 -2.10681
 -1.11583
 -2.51837
 -0.870961
 -0.427993
 -0.754547
 0.37423
 -1.61648
 -0.629277
 0.863461
 -0.766339
 -0.379499
 -0.649799
 -0.927322
 -0.53269
 1.02755
 -0.79129
 1.31164
 0.126713
 -1.0643
 0.33133
 -1.48438
 0.377763
 -2.87143
 1.33288
 -1.93937
 -0.919979
 -1.57842
 -2.92577
 -1.01576
 0.959605
 -1.1198
 0.237045
 -0.814224
 -1.21239
 1.07874
 -2.00227
 -0.315774
 -1.81555
 -0.037612
 -0.104765
 -1.33391
 -0.087945
 -0.881046
 -0.731294
 1.50347
 1.14154
 0.709461
 -0.033169
 0.904412
 0.883709
 2.10347
 0.991498
 1.79992
 -0.804803
 2.39249
 -0.409428
 1.4781
 -0.757239
 -0.209781
 0.434906
 1.1272
 1.38767
 0.761625
 -0.827157
 1.23077
 -1.67315
 0.898349
 -0.152407
 1.19016
 0.184618
 -0.149767
 0.653779
 -1.26259
 -0.75106
 -0.159794
 0.888644
 0.438541
 1.96568
 -0.308255
 0.381336
 0.530763
 3.53453
 2.19209
 2.14748
 0.999031
 1.09394
 1.01967
 -0.354011
 1.41543
 1.56924
 0.0859889
 3.03975
 1.11235
 2.58659
 -2.60966
 -0.239961
 -2.34834
 1.31221
 -1.29258
 1.29852
 1.39044
 -0.521242
 2.03785
 1.49206
 0.483799
 0.0909249
 0.051581
 -2.28468
 -0.3661
 0.866016
 1.0302
 2.64255
 0.255771
 2.22527
 -0.0502995
 3.28838
 -1.35048
 2.96513
 -3.73013
 0.782671
 -2.50058
 2.80993
 -1.9603
 2.49117
 -2.06226
 0.809626
 0.363011
 0.104479
 0.0496341
 -0.00878547
 -0.183095
 -0.186639
 -1.87469
 1.30057
 -2.10828
 1.48402
 0.937433
 1.5791
 0.0982292
 0.640193
 0.969257
 0.967618
 0.609793
 -2.37916
 0.243017
 -0.641621
 0.400961
 -0.948173
 0.300292
 -1.2611
 -0.121062
 -0.362667
 0.655873
 -0.751725
 -0.0262155
 0.25939
 -1.46476
 0.538072
 -1.24232
 0.356008
 2.20095
 1.6558
 0.709771
 -0.279074
 0.872444
 -1.31812
 0.230939
 -2.82058
 0.15222
 -0.341741
 0.928082
 -1.92228
 0.243679
 -0.036682
 0.267954
 0.0876648
 0.0199277
 -2.02059
 1.07196
 -0.418634
 2.78627
 -0.28742
 1.97014
 -1.99409
 0.0541699
 -0.638045
 0.147138
 -0.0841091
 -0.920478
 -2.6248
 -0.616225
 -0.775344
 1.29434
 1.90014
 -0.156706
 0.817805
 -0.487541
 -0.497138
 -1.28255
 0.616513
 -0.197632
 -2.00334
 -1.30487
 0.390027
 -0.35076
 0.318845
 0.781972
 -1.93328
 0.2402
 -1.48644
 -0.686364
 -3.85083
 0.0965381
 -3.59509
 1.60799
 -2.85264
 -2.06738
 -1.15818
 -1.07751
 -2.83399
 -2.17154
 -2.18317
 2.85162
 -1.14754
 -1.33611
 -1.21765
 -2.7989
 -1.26298
 -1.6783
 -0.686993
 0.653749
 -2.09693
 -0.104315
 -1.76006
 -2.17202
 -0.951153
 -1.34304
 -0.480081
 0.504992
 -1.41877
 0.0476873
 0.023034
 2.57195
 -0.0724345
 1.82606
 2.06362
 2.16395
 0.771003
 0.934512
 -0.104318
 0.374022
 0.478793
 -0.268732
 -0.404409
 1.53237
 0.402376
 2.29919
 -0.875152
 -0.57357
 -0.774282
 -1.3188
 -0.328175
 -1.74119
 -1.81374
 -2.12194
 0.239226
 -1.08393
 1.77259
 -1.53414
 1.20183
 0.240142
 -0.275817
 2.20337
 -2.49795
 1.42191
 -1.51225
 1.02276
 0.780139
 0.29141
 2.19602
 0.89144
 1.17687
 0.797678
 2.03987
 1.78896
 3.22354
 2.28906
 2.64222
 3.14136
 1.13804
 1.29303
 1.06182
 2.56088
 0.319763
 0.258091
 -0.433056
 -1.09482
 0.152181
 -2.54857
 2.50891
 -1.65649
 1.41548
 -1.44316
 2.15868
 0.53321
 2.2887
 -1.01836
 1.49468
 0.288413
 -1.72281
 -0.682625
 -1.11916
 2.26009
 1.35298
 1.43416
 1.22261
 0.334474
 1.14335
 -0.988644
 0.333352
 -1.19533
 1.56117
 -0.780666
 0.279164
 -1.72097
 -1.05188
 -2.88668
 -0.713035
 -1.80199
 0.109298
 -1.77754
 1.33717
 -1.99599
 1.95195
 0.842736
 0.38165
 2.24851
 2.2484
 2.12063
 0.200936
 3.34339
 -1.14614
 0.342089
 -1.04547
 0.519773
 -1.01312
 -1.68495
 0.154753
 -1.00272
 -0.0520122
 0.978852
 0.607067
 1.60743
 -0.833802
 -0.377112
 0.285448
 0.823427
 0.619015
 1.53907
 0.767228
 -0.293748
 -0.224903
 -0.659639
 -0.103008
 1.41353
 0.227434
 3.48448
 -0.125015
 -0.31669
 -0.670257
 -0.531034
 0.0474431
 -1.75859
 -0.851272
 -2.13964
 -2.7909
 -0.985563
 0.59962
 -0.511594
 0.884601
 -2.12159
 -1.56027
 -0.841485
 -1.73965
 -0.453778
 -0.614518
 0.424397
 -1.24966
 -0.710898
 -0.541071
 0.457991
 -0.707126
 0.174869
 -1.83716
 -0.846878
 -0.487516
 -1.37908
 -0.654831
 -1.1753
 0.960154
 -0.83963
 1.6706
 -1.27615
 2.17858
 -0.340696
 2.71372
 -0.776958
 3.2135
 0.0435634
 1.63251
 0.827543
 -1.87743
 1.33441
 1.45475
 -2.11734
 2.24676
 -0.748779
 0.640178
 -0.629919
 -3.27711
 0.345593
 -2.9534
 0.924872
 -2.68168
 -0.852864
 -0.743613
 -2.54443
 0.000581731
 -0.579085
 -0.309551
 1.57008
 2.10955
 0.8509
 1.57516
 0.274557
 -2.37094
 0.424521
 -2.84937
 -0.934437
 -2.72652
 0.715537
 -3.54646
 0.828324
 -3.98526
 0.519741
 -2.12506
 1.22633
 1.21742
 1.43429
 0.202776
 -1.00252
 -0.873053
 -0.436924
 -0.404522
 -2.38765
 2.2397
 -2.31774
 1.24017
 -0.76775
 2.30342
 0.0909391
 0.704713
 1.34807
 0.101901
 0.83949
 -0.898639
 -0.540768
 0.196795
 -0.712761
 3.36246
 0.173865
 3.52712
 0.294751
 1.2749
 3.54582
 1.54543
 1.67689
 0.438545
 1.11772
 -1.5833
 -1.12152
 -1.56903
 -0.0759198
 -0.435419
 -0.233807
 -0.37657
 -0.452932
 -1.18798
 -0.952242
 1.13817
 0.598996
 -1.47979
 -0.307816
 -1.90747
 -1.77192
 -1.07189
 -2.08197
 -0.662163
 -1.80764
 1.97334
 -0.696382
 2.26808
 0.443382
 -0.627613
 -0.38995
 -2.81189
 -0.235108
 -0.970426
 -0.224184
 -1.69973
 -1.01206
 -1.80799
 -1.67465
 1.13199
 -1.52775
 -0.797779
 -0.360043
 0.0470733
 0.248816
 2.10506
 -0.0337291
 -0.65583
 -0.775035
 -1.25646
 1.45469
 -0.064911
 0.871775
 2.0057
 -0.238509
 0.358332
 0.270505
 0.943591
 -0.795673
 1.22968
 0.879313
 1.11159
 -0.665127
 1.92984
 0.406963
 2.43993
 -1.03089
 -0.467653
 0.0571154
 0.0496894
 0.911039
 -0.982147
 -0.509384
 -1.12403
 0.938386
 -2.25641
 1.16992
 -2.39465
 -0.732124
 -0.399354
 0.817254
 -0.935659
 -0.413123
 -1.87091
 0.863225
 -2.00217
 0.870379
 -0.398757
 0.51535
 -0.325916
 0.768307
 -0.943113
 2.82941
 -2.53574
 1.85637
 -0.829969
 2.37051
 0.99095
 2.52863
 0.61877
 1.46476
 -0.415423
 1.19976
 0.609523
 0.373772
 -0.928386
 -1.18767
 0.519909
 -1.00286
 0.482873
 -1.8515
 1.05874
 -0.664949
 0.00945117
 -0.496204
 0.350431
 -0.794796
 0.903639
 -1.72412
 0.148961
 -0.241218
 -0.803975
 1.80135
 -0.37089
 1.39153
 -0.468615
 -0.715858
 -0.656249
 -1.90874
 -1.74021
 -2.46393
 -0.483714
 -3.00562
 -1.33418
 -1.22271
 0.418144
 0.0176308
 -0.467755
 -0.355053
 -1.83418
 1.14586
 -0.418249
 -0.0293248
 -0.00430873
 0.842319
 -0.414236
 1.84201
 0.277391
 -0.879181
 -0.123264
 0.959776
 0.845512
 0.0865912
 1.83777
 0.448814
 2.379
 0.151656
 1.08085
 -1.59068
 0.519813
 -1.53687
 1.00155
 -0.0441021
 1.11842
 -0.526478
 0.102477
 0.0245064
 -0.418776
 -0.724176
 -0.436229
 -0.245501
 -1.10771
 -1.02126
 0.0957138
 -0.640886
 -0.135132
 -2.31273
 0.00890757
 -0.716634
 -0.60084
 0.796514
 0.838596
 0.456219
 -1.2772
 -0.0674263
 0.256346
 0.232155
 -0.186246
 0.167086
 -0.850241
 -0.428819
 -0.11998
 -2.34189
 -1.99675
 -2.3273
 -2.14258
 -1.10733
 -0.683222
 1.11509
 0.763856
 -0.198203
 0.159652
 -0.385967
 2.17681
 -0.909599
 0.252226
 1.95703
 -1.37642
 1.09502
 -2.16614
 0.00361636
 0.166092
 0.665085
 0.603744
 -1.51132
 -0.390902
 -0.863556
 -1.10899
 -0.457091
 0.260388
 -1.37793
 -0.710338
 -1.50733
 -2.60794
 -2.16229
 -1.43027
 -2.98795
 0.300774
 -2.30561
 1.37085
 0.151037
 2.37402
 0.277829
 1.94965
 -1.73779
 0.783455
 -0.749492
 1.65794
 0.849014
 0.643201
 -0.803667
 0.158192
 -1.71626
 1.12271
 -2.88854
 1.20224
 0.361056
 -0.221535
 0.498178
 1.10976
 0.337752
 0.911574
 -0.455334
 -0.386232
 0.766646
 0.0507542
 1.14476
 0.0774496
 -0.271248
 -2.08779
 0.0810948
 1.17278
 0.224627
 1.74605
 1.02308
 -1.51298
 1.81869
 -1.25747
 1.1903
 -1.25048
 0.391841
 -1.7668
 -0.200441
 0.0753798
 0.485523
 -2.13047
 -0.0105933
 -1.57484
 0.713545
 -0.06439
 -1.39041
 -2.08577
 -1.14628
 -0.577074
 0.727381
 2.21115
 0.978956
 0.769406
 0.708076
 0.724231
 -1.43085
 -0.719815
 -3.26215
 0.142609
 -4.67917
 1.00194
 -3.74054
 1.60422
 -2.0632
 -2.53701
 -2.2267
 -0.196344
 -1.20429
 0.396811
 1.08709
 -5.1101
 -0.339377
 -2.70933
 0.527447
 0.04838
 0.283454
 -0.862495
 -0.881092
 -1.40585
 -2.15519
 -3.48811
 0.10125
 -1.86121
 -0.995242
 -1.84579
 -1.11854
 1.05805
 1.18407
 0.0148661
 -0.54513
 -1.91903
 -1.44747
 -2.15647
 0.156319
 -0.436947
 -0.707727
 -1.8036
 0.170494
 -2.60075
 -0.902987
 -2.45301
 0.471539
 1.50964
 1.78199
 1.19938
 0.0264332
 0.155865
 0.26526
 3.83546
 -0.762429
 1.36866
 -0.547691
 1.90005
 -0.0517269
 2.61857
 0.322587
 1.14124
 1.03915
 -0.0301916
 1.15701
 -0.996994
 0.602979
 -2.88225
 -0.00797538
 -2.40611
 0.68311
 0.0957634
 0.176244
 -0.144157
 1.12788
 -0.915137
 0.841036
 -1.35667
 -1.23626
 -1.66384
 -2.8879
 -1.24432
 -0.171289
 -2.2961
 0.481063
 -0.630744
 -0.102347
 0.0879312
 2.32018
 -0.169031
 0.394192
 2.0426
 0.881532
 -0.0122358
 -0.553768
 1.12385
 1.48903
 -1.61894
 1.14835
 1.51441
 0.188349
 1.46558
 0.28496
 0.991284
 -1.40926
 -1.30604
 -2.19458
 -2.96788
 -1.23773
 -1.06233
 0.550324
 -0.0348788
 0.476382
 -2.16662
 2.30089
 -1.1466
 0.593908
 -1.86242
 1.86805
 0.0557581
 2.31251
 1.27607
 -0.195863
 0.783695
 1.54985
 1.91369
 0.083585
 0.490954
 -0.597545
 -3.15429
 1.57332
 -0.700503
 1.08692
 0.491822
 -0.747859
 -0.0121441
 -0.0961806
 -0.128097
 0.574209
 0.437513
 -0.741114
 0.613247
 -0.850889
 1.26285
 1.22244
 0.651124
 1.21214
 0.642501
 1.07206
 0.990322
 1.39659
 -1.81236
 -0.0397819
 0.050858
 1.82107
 -1.4899
 1.46296
 -1.7544
 0.206291
 1.59264
 2.77025
 1.20454
 3.71458
 3.91977
 1.56201
 2.72501
 0.496614
 -0.382583
 -2.33543
 1.06621
 -1.16612
 2.45789
 -0.365332
 2.07787
 -0.45192
 3.10657
 1.15827
 0.856303
 0.281212
 0.237165
 1.43479
 1.19731
 0.160385
 -1.22958
 -0.881629
 0.109155
 -0.770448
 0.495088
 -0.52243
 0.411206
 0.228019
 1.25175
 0.435776
 0.125998
 -0.930589
 1.3274
 -0.582107
 0.44899
 -0.8595
 0.720141
 0.897967
 0.884691
 0.75656
 2.39886
 1.11318
 1.47398
 2.0116
 -1.48272
 0.72021
 -2.23509
 1.1176
 -0.544262
 -0.465504
 0.597701
 -0.170714
 1.18314
 -0.219536
 1.54549
 1.35733
 -0.853614
 1.5547
 -0.181409
 1.69237
 0.663334
 0.0371442
 1.05425
 -0.400721
 -0.537234
 -1.12377
 0.707925
 0.0238076
 -1.4416
 -0.620015
 -0.674311
 1.28487
 -1.64346
 0.67404
 0.0778557
 1.65266
 2.26029
 2.27703
 1.46055
 2.2283
 -1.00967
 0.518308
 -0.0255868
 0.386765
 1.02037
 1.56473
 0.0972683
 1.53398
 0.792559
 0.850291
 -1.22397
 -1.28223
 -2.34108
 0.132059
 -0.204212
 -0.0943536
 1.43593
 0.650798
 2.16858
 -0.721571
 0.216428
 -2.26926
 1.26027
 1.71624
 -2.09406
 1.12403
 -1.36492
 -0.803791
 -1.12636
 -3.4871
 0.664982
 -3.9184
 2.75477
 -2.87975
 1.91954
 -4.38018
 1.01756
 -3.07119
 -0.169466
 -0.6162
 -2.044
 -0.666799
 -1.38421
 -1.64837
 -1.48839
 -1.75144
 -1.57259
 -1.29832
 -0.154433
 -2.76581
 -1.50365
 -2.302
 -1.32508
 -0.0697727
 -1.51499
 -0.431381
 0.460167
 -0.813114
 0.293423
 -2.79592
 1.69533
 0.0396932
 3.03614
 -1.71606
 0.842183
 -1.99859
 0.719728
 -0.295997
 1.13276
 0.673944
 1.79935
 0.654475
 0.0341656
 -2.10516
 -0.182434
 -1.92931
 0.243785
 -2.55347
 -0.531804
 -2.5918
 0.240392
 -1.2619
 -0.240154
 -0.803695
 0.0944007
 -0.186243
 -0.100689
 0.519983
 -2.26977
 -0.377857
 0.243457
 -0.933843
 -1.36305
 -0.622594
 -3.16526
 -0.0371422
 -2.60573
 -0.101635
 -4.13225
 0.81816
 -2.94149
 0.132598
 -2.10937
 1.63369
 -3.23288
 -0.244066
 -3.64199
 0.408113
 -1.1664
 -1.8024
 -2.92544
 -0.870928
 -1.93106
 0.464757
 -1.92137
 -0.324765
 -2.34533
 1.22204
 0.264447
 -3.04252
 -0.621684
 -2.32061
 1.56334
 -2.13841
 0.745974
 -2.41678
 1.56924
 -1.09928
 1.00887
 2.29469
 0.316441
 1.56401
 1.05101
 2.24512
 1.44191
 0.482761
 -0.165476
 -0.940463
 0.118141
 1.09101
 0.759258
 2.52883
 1.08487
 -0.254368
 0.15812
 -2.13722
 -0.85336
 -0.28102
 -1.7542
 1.18424
 -0.371863
 1.89842
 -1.33279
 0.321316
 -1.66632
 -0.327587
 -1.04675
 -2.57542
 -1.47112
 -0.679936
 -1.00726
 1.11645
 -0.551804
 1.17843
 -0.213893
 -1.52558
 0.884325
 -3.24587
 1.914
 -1.71505
 -0.865842
 -1.47178
 -0.382423
 -1.43138
 -0.92294
 -1.65762
 -0.986472
 -0.0597124
 -0.520824
 2.79541
 0.328415
 -1.27369
 0.0534574
 -2.42155
 -1.62725
 -0.931034
 0.464237
 -1.68955
 0.407948
 -1.13761
 1.23149
 -1.58743
 0.477336
 -0.656427
 -0.434234
 -0.356557
 1.06852
 0.236552
 0.623807
 0.615851
 0.640838
 -0.0560466
 1.19022
 -0.125493
 0.710432
 -0.545427
 1.9387
 0.182997
 1.72884
 0.45072
 1.78217
 -1.09276
 -0.119517
 1.93208
 -0.515994
 2.7852
 -0.812064
 2.12604
 0.504366
 -1.00141
 -0.0479196
 -1.40133
 0.879216
 -1.0932
 1.62525
 -0.59581
 1.04315
 -0.807373
 1.73016
 -1.41723
 1.47656
 0.406685
 -0.683254
 0.253991
 -1.75822
 -0.862462
 0.585173
 1.06579
 1.74178
 1.44838
 0.345385
 3.05145
 1.11549
 0.607616
 -2.66189
 1.59103
 -3.86875
 1.05239
 -0.0987257
 2.08302
 -0.785877
 0.278944
 -0.249826
 -1.62143
 0.34796
 0.607125
 -1.48852
 -1.64316
 0.176384
 -1.50821
 0.422009
 0.407286
 2.03767
 -1.55727
 2.66406
 -1.53128
 1.25525
 0.0119686
 0.241926
 -1.25198
 -1.85648
 -0.561879
 -0.493083
 -0.43295
 1.16189
 -0.648679
 -0.834038
 -2.2834
 1.21344
 -1.57094
 2.12451
 -0.854699
 1.36908
 -2.05298
 1.25737
 -1.05403
 0.457418
 -0.6838
 3.97007
 1.30353
 2.44297
 -0.840925
 2.76565
 0.130377
 1.99599
 -0.0806439
 1.61285
 -0.524642
 -0.314404
 -0.472743
 0.790197
 -0.517676
 -0.0114964
 1.20692
 -1.7624
 -1.30229
 -0.315462
 1.26234
 -0.21758
 1.30887
 -0.389485
 0.359834
 -0.667647
 0.802996
 0.00368278
 2.17077
 -1.5025
 -0.482141
 -1.06908
 0.666965
 0.551882
 -1.97101
 -0.438417
 -0.0260898
 -0.778396
 1.97607
 -1.95966
 0.413298
 -0.580275
 0.478552
 -1.31529
 0.823102
 -1.86744
 1.03924
 -0.146152
 -3.48407
 2.24825
 -1.88502
 1.06912
 -2.40847
 2.18945
 -0.55088
 0.94445
 0.932822
 0.432811
 2.15715
 0.924784
 0.832606
 -0.232792
 0.110212
 0.811597
 1.78438
 0.5073
 1.29521
 -0.124844
 0.800212
 0.300446
 -0.240423
 1.65575
 -2.07394
 2.48475
 -2.15695
 2.66237
 0.460833
 1.31346
 1.96426
 -0.127793
 3.02807
 2.08107
 3.40764
 1.06268
 2.85018
 1.23802
 3.21172
 1.97252
 2.26513
 2.1819
 4.04432
 1.54803
 3.17538
 2.37218
 2.8983
 -0.864475
 -0.0416198
 -0.803508
 0.897274
 1.27587
 0.133846
 -0.118708
 -0.653225
 -1.60849
 0.342424
 0.496509
 0.708627
 -2.56786
 2.81882
 -1.39119
 0.376951
 -1.2698
 -0.463091
 0.445716
 -0.398012
 0.0816128
 -1.73332
 -0.29965
 -2.47293
 1.39176
 -0.522765
 1.86859
 -0.987475
 2.58466
 0.903579
 -1.11703
 -0.798239
 -0.34029
 -0.67128
 -0.656208
 -1.92977
 -1.86525
 -0.0448073
 -0.288016
 -0.993606
 0.94143
 -2.19134
 0.0842393
 -0.566607
 -0.778714
 -1.6152
 0.782866
 0.805351
 2.86779
 -0.281392
 1.63271
 1.17526
 1.70779
 0.220677
 2.10989
 0.39006
 1.63679
 -0.23098
 2.2257
 -1.37371
 0.801367
 -1.26723
 1.45141
 0.512545
 -0.78308
 -1.66491
 -0.303326
 -0.316883
 0.43057
 -0.93842
 -0.270901
 -0.741711
 -1.1256
 0.20865
 -0.615633
 1.30706
 -0.799063
 0.744086
 0.38503
 -0.236724
 -0.144826
 0.506035
 1.20888
 -0.702001
 -0.380466
 -0.175717
 0.987376
 0.605828
 0.0327477
 -0.820612
 2.10036
 -0.499123
 1.24598
 0.748161
 0.52265
 0.918854
 0.617211
 1.46685
 -1.1048
 1.72743
 -2.85705
 1.99231
 -3.36179
 -0.224908
 -0.233982
 -1.55369
 1.35774
 -2.31083
 0.0498592
 -1.62927
 1.24853
 0.621738
 -1.4284
 0.010299
 1.1628
 0.670382
 0.746378
 -0.863108
 3.48506
 -1.26729
 3.06175
 -0.3187
 4.63329
 -0.629436
 2.95006
 0.30919
 1.05989
 -1.43948
 1.31117
 -0.427389
 1.02832
 0.333668
 -0.29274
 -1.67422
 0.824926
 -0.924473
 -0.292816
 -1.123
 -1.96738
 0.472501
 -0.805325
 -0.836334
 0.546349
 -1.40715
 -0.220878
 -4.53439
 -0.372652
 -3.60015
 1.35152
 -0.911298
 1.99945
 -3.965
 -0.176267
 -3.13498
 -0.806618
 -2.10609
 0.105693
 -2.68042
 -0.46201
 -1.79922
 -3.61493
 -1.10075
 -1.79077
 -1.8057
 -1.64027
 1.21762
 -1.94389
 -1.23787
 0.730594
 -0.117952
 -0.725412
 -0.249871
 -1.12482
 -0.381904
 -1.58741
 -0.941717
 -1.95242
 1.06352
 -0.729328
 2.54827
 1.36723
 1.38334
 -0.417489
 2.04635
 0.436132
 2.68328
 0.848457
 2.33642
 1.72637
 1.01273
 0.20858
 0.324658
 -0.76923
 2.46334
 -1.0254
 1.27137
 0.959566
 -0.166532
 0.362003
 -3.07657
 0.611799
 -0.369878
 0.682966
 -1.72431
 2.12476
 -1.39824
 -0.464945
 0.747646
 -0.240394
 0.268013
 1.05133
 -0.702461
 0.738063
 0.300292
 2.27043
 -0.911062
 0.144337
 -0.521819
 0.643379
 -4.26417
 0.464235
 -2.66392
 -0.574886
 -1.30459
 -1.51223
 -0.985071
 -0.374258
 -1.52163
 -0.363559
 -0.668895
 -0.518424
 1.96146
 -2.55094
 0.0802378
 0.111834
 0.675505
 -0.464982
 1.95912
 1.32486
 2.06794
 1.83376
 1.37302
 0.387486
 2.39596
 0.218906
 0.710683
 1.02201
 1.33621
 0.572673
 1.92115
 -1.17466
 -0.13729
 -0.0220654
 1.12413
 -0.998477
 1.14017
 -0.0864041
 1.15943
 -0.679901
 -0.153983
 0.172411
 1.24202
 2.05767
 0.249577
 0.854031
 -1.51569
 1.35513
 -0.774315
 -1.68318
 0.657589
 -3.93213
 -1.36584
 -1.35498
 -1.64565
 -0.836826
 -3.02769
 0.022563
 -3.01185
 -0.280054
 -0.496485
 1.34002
 1.23421
 1.27004
 2.52602
 2.28564
 1.26053
 3.15385
 1.53404
 3.20777
 2.88182
 5.19357
 1.03451
 1.85379
 1.08257
 2.27391
 0.764174
 1.90233
 3.13891
 1.55825
 3.76124
 2.86493
 0.224255
 0.147119
 1.7054
 0.917987
 0.36499
 -0.877998
 3.86795
 -0.444079
 3.15902
 -0.988962
 2.55362
 -0.0559163
 5.88453
 0.343153
 1.85322
 1.74104
 -0.0743382
 0.77702
 1.33013
 0.670467
 1.3418
 -0.575683
 -0.16442
 2.55899
 -0.90142
 0.659792
 -1.71031
 0.793154
 -1.16475
 -0.88867
 0.566425
 -0.617927
 1.48823
 1.62124
 1.81379
 0.346934
 1.83546
 0.851697
 1.66341
 0.23749
 1.36512
 -1.54748
 1.67025
 1.30657
 1.91096
 4.12299
 0.127471
 1.52384
 0.393191
 -1.78211
 0.157434
 -1.80264
 1.42106
 -2.88431
 2.03918
 -2.12584
 0.42772
 -0.733487
 -0.265914
 -0.91527
 -1.8956
 -1.99272
 -1.82717
 -3.84541
 -0.98293
 -0.60141
 -1.90311
 -3.57052
 -1.57847
 -1.73178
 -2.61503
 -2.45907
 -2.38037
 -2.77909
 -1.59644
 -3.98962
 -2.74963
 -4.54809
 -0.412993
 -3.28887
 -0.702204
 -3.34369
 1.2858
 -2.72926
 -0.546036
 0.41824
 -0.30484
 -0.666186
 -1.04594
 -2.99164
 -0.648839
 -4.0494
 -0.965175
 -1.84059
 -0.953909
 -0.440775
 0.63535
 -2.40797
 0.865894
 -2.25028
 0.816441
 -1.41461
 1.14925
 -1.38261
 -0.0208012
 -0.854027
 0.817298
 -0.585764
 1.13327
 -0.5017
 -0.220808
 -0.192647
 0.065455
 -0.541854
 -0.478124
 -1.1451
 -1.21158
 -1.85807
 0.371564
 -1.08172
 -0.739105
 -0.441196
 -0.15948
 1.63407
 0.360553
 -0.502045
 0.866698
 -0.639955
 0.288594
 -0.682672
 1.2724
 1.15966
 1.21522
 1.09727
 -0.348564
 -0.00352568
 2.61392
 0.217653
 2.54604
 0.109885
 0.908089
 0.0708361
 2.15271
 0.290433
 0.743733
 0.679913
 2.00424
 0.836794
 -0.14402
 -0.0544074
 -0.560437
 -1.97731
 -0.536468
 -0.275622
 -1.14337
 0.182796
 0.794525
 1.03622
 0.191586
 0.346779
 -1.08005
 0.461797
 -0.12697
 -0.569415
 -1.42698
 -2.38305
 0.610047
 -1.65021
 -1.62592
 -0.311886
 1.71308
 -2.78108
 2.07545
 1.07803
 1.06116
 -0.270401
 -1.19821
 -1.59184
 -0.335016
 -0.0556871
 -3.34107
 -0.73385
 -1.53842
 -0.398516
 1.31093
 1.75387
 0.0310715
 -0.396536
 -0.696875
 0.25484
 0.368445
 -0.194157
 2.24179
 1.65933
 2.66087
 2.30541
 2.54339
 -0.29525
 0.95915
 -2.60417
 -0.239112
 -1.40233
 0.767441
 -0.00356239
 1.44588
 0.864452
 1.53281
 -1.69226
 0.721002
 -3.26756
 -0.0859084
 -1.88902
 0.984853
 0.464692
 -1.23225
 1.66331
 -1.618
 0.773584
 -2.14895
 -1.47684
 -0.121601
 0.1776
 -1.68325
 2.25075
 -2.46608
 1.00757
 -2.6685
 0.352116
 -1.03663
 2.18051
 0.529322
 2.26957
 0.355484
 1.67371
 1.13238
 2.87667
 0.42282
 1.14807
 -1.58861
 -0.692011
 -0.0213705
 -0.955811
 0.995176
 -0.880004
 0.921002
 -0.384809
 1.26022
 -0.907253
 0.676546
 -1.40233
 2.50716
 -0.978995
 1.24599
 0.0275457
 2.11761
 0.320305
 3.85447
 0.996392
 2.0937
 0.794371
 1.72679
 1.2655
 1.89787
 -0.162644
 1.09292
 -0.279879
 1.30593
 -0.254462
 -0.407881
 -1.503
 -0.430226
 -0.475855
 -0.100623
 2.53308
 0.663942
 -0.506385
 1.3918
 -1.2621
 1.99575
 -2.05106
 1.68341
 -1.05038
 2.21198
 -1.15873
 -0.232047
 -4.26052
 0.265989
 -3.71362
 2.40661
 -2.89862
 0.000985652
 -0.218005
 -0.935278
 -0.900592
 -3.02656
 -1.65705
 -2.2076
 -1.54992
 -3.61264
 -1.60907
 -3.33282
 -2.06622
 -2.4879
 -0.632161
 -3.05361
 -1.97595
 -1.37986
 -2.49559
 0.721686
 -2.59481
 1.56204
 -1.24244
 0.482166
 -0.0946848
 1.02392
 -0.412937
 1.41834
 0.525466
 0.596073
 0.161296
 0.478642
 -0.737492
 -1.2383
 -0.0797814
 -0.47615
 -0.667658
 -0.362773
 -0.648631
 -0.772961
 -0.318704
 0.527592
 -2.55317
 2.2034
 -1.5333
 0.850611
 -1.29043
 1.27277
 0.0263298
 0.0866898
 0.206634
 -0.676224
 0.473646
 0.787105
 1.70031
 0.564962
 0.595527
 0.633888
 -1.64861
 -1.91726
 -0.734297
 -0.524715
 -0.877722
 -0.904681
 -0.619742
 1.25793
 -0.614864
 0.93952
 -1.32612
 0.663628
 -1.81447
 -1.20343
 -1.21763
 0.576151
 1.91439
 -0.567048
 1.15647
 0.281336
 0.322377
 -0.610368
 0.00637985
 -1.7486
 -0.3651
 -1.99862
 -1.8632
 -0.606072
 0.223751
 -0.745327
 -0.84378
 0.210458
 1.82594
 -0.744585
 0.477615
 0.599329
 0.128702
 -1.184
 -0.625673
 -0.786078
 0.988503
 0.00810256
 3.32105
 0.863839
 1.19189
 -1.27606
 -1.49455
 -1.71734
 -0.480255
 -1.28234
 1.80386
 -0.896453
 3.22381
 1.26715
 3.31733
 1.00133
 3.04796
 0.529126
 2.3755
 1.9062
 1.10252
 1.47579
 -0.709333
 1.75944
 0.465476
 0.91566
 0.454251
 1.62182
 0.812235
 0.000422276
 0.197895
 -0.899977
 0.6105
 -0.524288
 2.17945
 0.502723
 2.70277
 2.16985
 2.03741
 1.50802
 -0.805293
 1.13288
 0.250787
 1.61007
 -0.403669
 1.95883
 1.47932
 1.55132
 2.09389
 1.31673
 2.40396
 1.60316
 1.00918
 1.0165
 2.89382
 -1.06003
 2.53532
 0.854666
 2.33196
 -0.46679
 0.660765
 -0.508596
 -0.00473504
 -1.44635
 -0.611945
 0.151168
 -0.464723
 0.143715
 -0.564554
 -3.85761
 -0.0184
 -2.07345
 2.27794
 -2.19231
 -0.383909
 0.50121
 -1.3388
 2.70054
 -1.52185
 1.38215
 -1.51796
 3.09154
 -2.38058
 3.39706
 -0.495634
 3.54981
 -0.560771
 1.0229
 -1.53414
 -0.504194
 -0.177281
 1.16195
 -0.264826
 0.786039
 -1.59696
 -0.655703
 -1.67872
 1.63468
 0.0173309
 0.00473616
 0.671541
 1.44768
 -0.315882
 3.13353
 0.136594
 1.84261
 0.306731
 1.09939
 0.274308
 -1.37815
 0.500614
 -0.429045
 2.26602
 -1.37571
 0.163821
 0.665814
 0.131879
 0.582566
 -0.830784
 1.66505
 -0.103283
 1.81251
 0.679077
 2.36265
 0.894667
 -0.0913028
 1.78795
 1.00177
 0.45893
 1.08925
 0.679513
 0.97818
 -0.435861
 -0.00487002
 1.10151
 1.33926
 -1.52092
 2.64502
 -0.515895
 0.61754
 1.69917
 1.20111
 1.93508
 -0.174151
 0.482563
 0.669371
 -1.7798
 2.30564
 -2.21582
 1.19649
 -1.621
 1.29604
 -1.50908
 0.505207
 -0.632178
 0.596432
 -1.48914
 0.0140537
 -2.58864
 -1.37489
 -0.859132
 0.342643
 -0.117701
 -0.503934
 -0.185416
 0.388036
 -1.20292
 -1.30456
 -2.37405
 0.292525
 -2.20749
 0.570962
 0.921817
 -1.4723
 -0.608719
 0.318439
 -1.06657
 1.87946
 -2.40385
 2.28675
 -3.14754
 1.58285
 -2.04109
 1.49202
 -0.382455
 -1.0312
 0.259291
 -1.23502
 0.75161
 -1.68843
 1.37149
 -2.09965
 0.871384
 -1.18457
 1.94197
 -0.526671
 -1.36882
 -0.278348
 0.245787
 -1.7491
 1.23
 0.366587
 2.12383
 0.0525419
 -0.731966
 -0.899946
 0.0541218
 0.160427
 0.797715
 -0.316971
 0.30181
 -0.0701983
 -1.13577
 -0.515605
 0.63784
 0.102136
 0.941121
 -0.250038
 0.50646
 -1.86069
 -0.600271
 -0.68721
 -0.256457
 -0.610717
 -0.11516
 -0.020154
 -0.0172076
 -0.150287
 -1.45582
 -0.172288
 -0.961215
 -0.730764
 -0.0330347
 -0.125548
 -0.22606
 1.05916
 0.683118
 -1.37186
 -1.72304
 -0.578114
 -2.96307
 0.126995
 -2.89616
 -0.500595
 -2.53863
 0.403877
 -1.1154
 -1.72678
 0.765231
 -0.0591683
 1.01488
 -1.20594
 0.989227
 -1.31718
 2.31915
 -1.89023
 0.0389816
 -2.21482
 -0.867552
 -1.28303
 0.324454
 -1.43978
 0.475005
 -1.26507
 0.988989
 -0.64026
 0.49812
 -1.45617
 0.654515
 -0.49656
 -0.93001
 0.537675
 -0.818422
 2.29065
 0.765819
 1.33411
 -0.207845
 1.98075
 -1.14834
 0.814372
 -1.37557
 0.365793
 -3.40581
 -0.648298
 -3.32766
 -0.15093
 -1.36654
 -1.52622
 -1.67309
 -1.34406
 -0.54923
 -1.13521
 0.790219
 -1.49559
 -1.56335
 -2.2907
 -1.69697
 -3.28648
 -1.21626
 -1.13333
 -0.928812
 1.38493
 -1.71482
 0.235649
 -2.23288
 0.87675
 -0.295205
 1.2326
 -1.39638
 -0.520236
 0.20499
 1.24031
 0.867911
 2.93723
 1.84758
 1.52016
 1.05988
 -1.53692
 2.57081
 -2.09109
 -1.2349
 -0.274687
 -1.93
 -0.211839
 -2.28501
 -0.388403
 -0.687043
 -0.728421
 -0.391524
 -1.24433
 -4.68049
 0.300459
 -2.94957
 0.0252849
 -2.25079
 -1.06291
 0.285277
 0.331545
 1.4765
 -1.54654
 -0.43143
 -1.99046
 -0.953817
 0.172305
 -0.00161266
 -2.29738
 -1.79525
 -1.71816
 -2.61717
 -2.9256
 -2.30429
 0.656093
 -1.4824
 1.48556
 -1.01999
 1.85319
 -2.64108
 1.77304
 -2.37461
 -1.8304
 -1.9302
 -1.39762
 0.986116
 -3.26405
 -0.517744
 -3.90936
 -1.26718
 -1.58612
 0.0827537
 -0.443966
 -0.0477686
 0.157796
 0.489058
 -0.0920237
 0.957126
 -0.737144
 4.16506
 0.441995
 2.23861
 -1.10358
 1.84864
 -1.19268
 2.26236
 -0.504265
 0.747899
 -4.16667
 -0.193154
 -2.93075
 0.0763828
 -2.24235
 1.70536
 -3.90533
 2.44106
 -3.01295
 1.2952
 -1.14852
 1.35698
 -0.707708
 1.59923
 1.46354
 0.221448
 0.615728
 1.03443
 0.2121
 1.14855
 0.72079
 0.888883
 -0.379233
 0.579503
 -0.752203
 -1.92093
 -1.57966
 -3.74366
 0.0566084
 1.17892
 -0.758069
 -1.05667
 2.41128
 0.0769218
 0.117346
 -0.942146
 -2.01067
 -2.69768
 -2.50083
 -1.55889
 -1.81715
 0.123388
 -2.81139
 -1.54465
 -0.0479437
 -2.94039
 1.71225
 1.31126
 1.02738
 1.94199
 0.800614
 0.377298
 -1.26916
 0.0834896
 -1.05511
 -1.45999
 -0.111677
 -0.516655
 -0.809934
 1.13071
 -0.260421
 0.539478
 0.268581
 -0.625224
 0.119919
 0.824791
 -0.623909
 1.31845
 -0.639152
 0.91475
 -0.943035
 0.355057
 0.079329
 1.09862
 0.793889
 -0.143672
 -0.0692766
 1.27787
 -0.679756
 0.688674
 -0.0318098
 -2.66418
 -2.36667
 -1.25899
 -4.25705
 -1.01812
 -4.17235
 -2.12108
 -3.3358
 0.72723
 -0.308436
 -1.14527
 -1.13376
 0.251259
 -0.674416
 -0.35559
 -1.76561
 0.212367
 -1.16171
 -0.0496386
 -0.351056
 -1.40561
 -0.726391
 -2.25843
 -1.92672
 -1.71464
 0.349589
 -2.00121
 0.544866
 -2.19336
 -1.23086
 -1.33011
 -0.610071
 -1.51355
 1.39343
 -2.62585
 0.825498
 -3.43585
 -2.16473
 -1.60517
 -2.65201
 -3.339
 -2.67815
 -1.93898
 -1.27675
 -0.628418
 -1.05757
 1.49935
 0.0600677
 0.0856982
 -0.823512
 0.341769
 0.522173
 0.670629
 2.07378
 -0.230478
 0.575006
 -0.225913
 -0.195643
 -0.686506
 0.285585
 -1.45138
 -0.271841
 1.48549
 0.989129
 1.78468
 -1.25831
 0.620713
 -1.44852
 0.613243
 -2.72116
 -1.03424
 -3.37261
 -0.615491
 -1.86102
 -0.554776
 -1.92943
 -0.88241
 -0.862186
 -0.588061
 -2.02077
 -0.266371
 -2.16261
 1.89876
 0.281271
 1.65635
 1.04008
 0.907479
 0.816496
 1.14781
 1.13934
 1.28455
 0.643367
 -1.28632
 0.327438
 -3.39588
 -1.25415
 -4.41387
 -0.911896
 -1.82544
 -0.827492
 -3.06376
 -1.69534
 -2.73284
 -2.69871
 -1.82522
 -1.5443
 -1.49327
 -1.02006
 -1.23703
 -0.338176
 -0.539265
 -2.49438
 0.238399
 -1.60818
 -3.85457
 -1.31021
 -2.62502
 -2.16704
 -2.04112
 -0.929842
 0.128501
 -1.25203
 0.159683
 -1.82829
 -0.715467
 -2.56239
 -0.949236
 -1.64641
 0.648976
 -1.80583
 -1.28465
 -1.31014
 -2.4713
 -1.42825
 -1.19376
 0.128391
 -0.0312337
 2.18456
 -1.09144
 2.9307
 -4.14985
 2.55447
 -2.48884
 0.91666
 -1.53356
 1.74714
 -0.210305
 1.67309
 0.113979
 0.210226
 -2.46884
 0.714461
 -1.81832
 -0.6047
 -0.0143067
 -0.801755
 -0.159724
 -0.0566227
 -0.197464
 -0.806457
 0.516613
 -1.67707
 0.0613218
 -0.0107771
 -0.107822
 0.464362
 1.55437
 -0.535503
 0.355488
 0.390586
 -0.34473
 -0.754673
 -0.424795
 0.708555
 -1.19627
 -0.381923
 -0.981374
 1.8242
 -0.642102
 0.366461
 0.132119
 -1.12666
 2.21326
 0.5195
 1.43553
 0.381133
 -0.6071
 -0.450117
 -2.44725
 -0.38342
 -1.05452
 1.51958
 -2.51783
 0.334762
 -0.949863
 0.148393
 1.16621
 0.354739
 0.0809597
 -0.16097
 0.48586
 -0.58858
 0.861238
 1.80138
 0.153651
 3.40676
 -1.31493
 2.6585
 -0.686334
 2.80159
 -1.0783
 1.19286
 -0.674386
 0.489978
 -0.577875
 1.17347
 1.2736
 -1.60638
 -0.552273
 -2.62985
 -0.203584
 -1.73208
 -1.12746
 -2.73991
 -0.891003
 0.33362
 -0.756341
 -0.538156
 0.0513035
 -1.24816
 1.25497
 -2.43307
 1.41053
 -2.57508
 0.468155
 -0.604884
 -1.28745
 0.201089
 -0.318503
 -0.363094
 -0.743946
 1.26658
 -0.908749
 -0.1129
 -1.38849
 0.938929
 -1.36228
 -0.598383
 -0.124448
 0.721822
 0.915954
 -1.53167
 3.31487
 -2.74236
 2.40518
 -2.22026
 0.846862
 0.216268
 1.2747
 1.00133
 2.41327
 0.100893
 0.3598
 -1.03014
 -1.5672
 0.349883
 -1.68957
 -0.980235
 -1.16748
 -3.05364
 -1.04895
 -1.11865
 -2.94124
 -1.10156
 -0.669407
 -0.19367
 -1.19714
 2.26796
 -0.467582
 2.63957
 -1.02076
 0.339227
 -0.872348
 -0.278633
 0.575159
 -3.06392
 0.441574
 -0.53553
 1.39601
 0.169038
 1.934
 -0.348354
 -1.1053
 -1.72262
 -1.1794
 -1.20548
 0.945217
 0.43374
 -0.138836
 -1.10464
 -0.13735
 0.297806
 0.0983898
 -0.503885
 0.571178
 0.0441088
 0.30897
 -0.26939
 1.50417
 0.282691
 -0.703736
 -0.411266
 0.88569
 -0.443075
 1.38758
 -1.06564
 -0.280633
 -0.626625
 1.30135
 1.55482
 1.62534
 1.1108
 2.26406
 1.04021
 1.63421
 -0.392548
 1.04497
 0.684967
 1.16785
 0.75635
 1.18648
 0.737168
 1.87214
 -1.15888
 1.11757
 -2.52899
 -0.543223
 -3.27871
 -0.166811
 -2.03255
 0.272861
 -2.09608
 -0.519581
 0.0841138
 1.46949
 0.837862
 -0.18429
 -0.0235307
 -0.235699
 2.16845
 -1.32921
 0.123014
 -1.35444
 1.7061
 0.0989354
 1.84838
