 0.587855
 0.697202
 -0.167791
 0.0840289
 -0.10533
 -0.406344
 -0.0502022
 -0.902291
 -0.0659881
 -0.662322
 -0.00513047
 -0.657389
 -0.532754
 -0.522174
 0.423133
 0.298612
 -0.572602
 -0.663825
 -1.30696
 0.113314
 -0.480081
 -0.420705
 -0.34823
 0.104904
 -0.0336812
 0.186642
 0.314042
 -0.750021
 -1.31331
 -1.83924
 -1.55031
 -1.703
 -1.2674
 -1.36931
 -1.43938
 -0.551626
 0.0649387
 -0.13473
 -0.0974893
 0.185376
 -0.237652
 -0.048253
 -0.742019
 -0.0831461
 -1.33018
 -1.15574
 -0.040925
 0.689919
 0.208983
 0.394765
 1.09914
 1.78079
 -0.195714
 -0.137319
 -0.969379
 -1.89967
 -1.23228
 -0.601567
 -0.348698
 0.0161022
 0.0761284
 0.67369
 0.038577
 0.971758
 1.46173
 0.552451
 1.56017
 1.31888
 0.248112
 0.593741
 1.34128
 1.38469
 0.554155
 0.14191
 1.5153
 0.474197
 0.435386
 1.25961
 -0.181046
 -1.58647
 -1.10081
 -0.869169
 -0.467205
 -0.249117
 -0.491689
 0.0371335
 0.323281
 0.420897
 -0.262818
 -1.18478
 -0.912772
 -0.876837
 -0.622454
 0.125162
 -0.371782
 0.327823
 0.656622
 0.843468
 0.822697
 1.089
 0.851525
 0.365029
 0.966627
 0.0685136
 0.47581
 0.306889
 0.982754
 0.531685
 0.58077
 -0.0549733
 -0.516447
 -1.51503
 -1.36672
 -0.285556
 -0.185746
 0.0562293
 0.644865
 0.641983
 1.51881
 1.052
 0.458723
 -0.803766
 -0.634756
 -0.978894
 -0.0161785
 0.122048
 -0.30709
 -0.0243698
 -0.476473
 -1.4784
 -0.390209
 0.906413
 1.47615
 1.25371
 1.40389
 0.595756
 1.99719
 2.70809
 2.41318
 1.76055
 1.70774
 1.12598
 1.05451
 2.0616
 0.600792
 1.30441
 -0.31263
 0.578093
 -0.434701
 -0.893207
 -1.57747
 -1.2819
 -0.982759
 -1.14581
 -0.380324
 0.377428
 -0.232166
 0.195634
 1.05268
 1.18757
 1.58255
 2.35734
 2.34736
 1.49267
 0.50241
 -0.503772
 -0.111613
 -0.035006
 -0.934755
 -1.10318
 -1.00162
 -2.04412
 -0.386218
 -1.405
 0.369449
 0.286496
 -0.480915
 -0.493977
 -0.516195
 -0.36168
 -0.129885
 -0.307667
 -0.687734
 -0.510672
 -0.45597
 -0.116165
 -0.116771
 1.16453
 -0.317166
 -0.094508
 -0.861145
 -0.816597
 0.0205926
 0.779273
 -0.499004
 -1.17805
 -1.2273
 -1.10835
 -0.595406
 -0.292564
 -0.890185
 -1.7371
 -1.65329
 -1.68059
 -2.24426
 -1.70848
 -1.70946
 -1.6299
 -0.843753
 0.797007
 1.04209
 0.974234
 1.48739
 0.957376
 -0.009766
 0.0158595
 -0.253041
 -0.624872
 -0.314791
 -0.366154
 -0.626925
 0.0869483
 -0.800004
 -1.1553
 -2.29505
 -0.78052
 -0.404049
 -0.583437
 0.0687439
 0.291001
 0.0463494
 -0.155079
 -1.10267
 -0.697932
 -1.86949
 -0.864763
 -0.49899
 -1.12571
 -0.869998
 -1.36287
 -0.183155
 -0.162136
 -0.175377
 -0.782645
 -1.4569
 -0.657778
 0.842146
 0.142168
 -0.617847
 -0.255335
 -0.228344
 -0.665605
 -0.597767
 -1.79109
 -2.38607
 -1.91853
 -1.77411
 -0.204974
 -0.333434
 0.555585
 0.864253
 0.894933
 -0.150167
 -0.530064
 -0.978065
 -1.6794
 -1.13805
 -0.996584
 -1.16845
 -0.430914
 0.864521
 1.12465
 1.24834
 0.842166
 0.200517
 -0.022884
 0.459464
 0.27575
 -0.928357
 -0.552563
 0.634388
 -0.524551
 -0.498972
 0.560366
 0.0877123
 0.0915397
 -0.489929
 -0.847764
 0.0201895
 0.391891
 0.0821617
 0.405876
 -0.139211
 -0.139315
 -0.865024
 -1.32322
 -2.53301
 -3.37834
 -3.35043
 -2.82813
 -1.54441
 -0.90108
 -0.735904
 -0.46816
 -0.197092
 0.695
 1.07957
 0.778843
 0.030769
 0.80208
 1.89332
 1.70094
 2.19006
 2.04074
 1.42275
 1.35607
 2.15143
 1.74233
 0.193079
 0.984074
 1.19218
 0.783321
 -0.418078
 0.267139
 1.2768
 0.683942
 1.13484
 1.95815
 2.00065
 1.46389
 0.403474
 -0.335571
 0.095658
 1.32131
 1.37969
 1.73517
 2.705
 3.19546
 2.81495
 1.25224
 0.0369592
 0.104903
 -0.586617
 -0.215777
 0.357138
 -0.11368
 -0.257618
 -0.524358
 -0.37316
 0.0229388
 -0.431374
 0.538725
 1.29574
 1.33747
 0.5268
 -0.30299
 1.27065
 1.22222
 1.29192
 0.925411
 1.93847
 0.88425
 0.501433
 0.909552
 0.536721
 -0.277973
 -0.296065
 -1.0788
 -0.563224
 -0.231771
 -0.124137
 -0.341612
 -0.689923
 -0.477346
 -0.523612
 0.154524
 1.1302
 0.20943
 -0.153076
 0.143255
 -1.09603
 -1.73261
 -1.04791
 -1.58589
 -2.11012
 -0.662118
 -0.940253
 -0.418198
 -1.55636
 -1.88642
 -1.45548
 -1.17231
 -0.682185
 -0.43818
 -1.22987
 -1.90058
 -1.92837
 -2.00583
 -1.89911
 -0.763123
 -0.879624
 -0.445307
 0.168669
 -0.00605337
 0.142233
 -0.484306
 -0.331243
 -0.539036
 0.5205
 0.139096
 0.0127845
 -0.194934
 -0.411347
 -0.198071
 -1.59242
 -2.68939
 -1.16584
 -0.456826
 -0.34328
 0.737326
 0.305288
 0.269249
 0.510917
 -0.511285
 -0.0317013
 -0.404235
 0.0833251
 0.340197
 0.000905961
 0.437352
 0.561495
 1.71084
 0.105519
 -0.106568
 -0.798334
 -0.578598
 -0.0313739
 -0.772438
 1.03388
 -0.189393
 -0.328658
 -0.464207
 -2.41777
 -2.96642
 -1.915
 -2.98817
 -2.53941
 -2.273
 -2.17309
 -1.9307
 -1.33728
 -1.76627
 -2.22052
 -1.71745
 -2.71223
 -2.48668
 -2.29732
 -1.3251
 -0.683028
 -0.0900852
 0.702223
 0.580587
 0.763079
 2.04922
 2.66431
 2.25225
 3.04739
 2.47789
 0.946778
 1.56472
 2.55671
 2.21529
 2.46058
 2.08208
 2.32238
 2.67485
 2.72288
 2.16465
 1.87182
 1.655
 1.24926
 1.30692
 0.675544
 1.0033
 0.724835
 0.50558
 1.3158
 1.6623
 0.439498
 0.533303
 -0.218583
 -0.395695
 0.218703
 0.376719
 0.567581
 1.19685
 0.0364872
 0.00365999
 0.457862
 0.24134
 0.27274
 -0.355654
 -0.368807
 -0.78956
 -0.244695
 0.913733
 1.60664
 2.01717
 2.02237
 0.885981
 0.540013
 0.191885
 -0.138306
 -0.037412
 0.742599
 -0.286251
 0.937509
 1.49525
 0.329327
 0.600389
 -0.91412
 -0.751596
 -1.47815
 -0.61021
 -0.496474
 -1.52825
 -1.00221
 -0.383737
 -0.466364
 0.306746
 0.94644
 1.25455
 0.286825
 -0.207986
 -0.0998479
 -1.05102
 -1.29248
 -0.495946
 -1.26921
 -0.737376
 -0.737152
 0.293242
 -0.521603
 -0.966174
 -0.597385
 -0.298461
 -0.291814
 -0.0381176
 -0.4505
 -0.0969141
 -0.457067
 -1.49871
 -0.980232
 -0.864964
 -0.430823
 0.0694624
 0.319155
 0.441393
 0.198511
 -0.188578
 -0.0183715
 -1.38644
 -2.61336
 -2.98909
 -2.4409
 -2.12348
 -1.9968
 -0.529653
 -0.905528
 -0.537328
 -1.02795
 -2.17844
 -1.03469
 -1.9301
 -0.882455
 -0.963501
 0.493688
 0.453639
 0.0276884
 0.893421
 0.033214
 0.778552
 0.925743
 0.725331
 0.539238
 2.10908
 1.80703
 1.55014
 0.798288
 0.913156
 0.485126
 -0.50387
 -0.91227
 0.14363
 -1.00554
 -1.29465
 -1.12088
 -0.887428
 -1.1434
 -0.035165
 0.0799618
 0.863455
 1.33386
 0.84976
 0.225507
 0.534671
 0.373004
 -0.258546
 -0.629958
 -1.23706
 -0.228404
 -0.663567
 0.118986
 -0.908902
 -0.831933
 -0.267438
 -0.516164
 -0.0636548
 0.380928
 0.694043
 0.285233
 -0.435654
 -1.05133
 -1.44947
 -2.26658
 -0.954596
 -1.48418
 -0.318725
 -0.307883
 -1.01369
 -0.372281
 0.297947
 0.42763
 -0.852912
 -1.33603
 -1.32729
 -1.32186
 -1.11132
 -0.994808
 -1.4388
 -0.523361
 0.868038
 0.244563
 -0.375081
 -0.674162
 -0.481684
 -0.0283285
 -1.30248
 -0.815619
 -1.37979
 -1.39753
 -0.593448
 -0.982206
 -0.651709
 0.210708
 -0.217248
 -0.749199
 -0.731884
 -0.334871
 -1.40608
 -0.537432
 0.825566
 0.797913
 0.373857
 1.06846
 0.831602
 1.69182
 1.81614
 1.31355
 1.16643
 1.72045
 1.3519
 0.525752
 0.0698911
 0.354992
 0.891796
 2.07143
 1.01841
 1.524
 1.89984
 1.45924
 0.681889
 1.04602
 1.39223
 1.54353
 1.56409
 2.08224
 1.77248
 2.14311
 1.79667
 2.02479
 1.46645
 2.48745
 2.4124
 1.52275
 2.40726
 1.41739
 0.462858
 0.900457
 1.03397
 0.60216
 -0.164414
 -0.706428
 -1.58324
 -0.891943
 0.623359
 0.707808
 0.456696
 -0.306537
 -0.805374
 -0.337778
 0.924739
 0.667922
 0.144262
 -0.195279
 -0.205513
 0.668454
 -0.444077
 -0.0971781
 -0.506481
 0.115364
 -0.628337
 -1.58017
 -0.958153
 -1.79905
 -2.41089
 -0.770246
 -0.545889
 -0.213117
 -0.157152
 -0.696417
 -0.336981
 -0.552552
 -0.717672
 -0.751079
 0.329642
 0.15293
 0.270416
 0.0548235
 -0.0807088
 -0.257745
 -0.510478
 -0.0648383
 0.292556
 0.535442
 -0.203226
 0.0626199
 0.877643
 1.47772
 0.778988
 1.04581
 0.621954
 0.103959
 -0.494814
 -0.890374
 -1.2486
 -1.09762
 -0.0152089
 -0.448578
 -1.2969
 -0.945698
 -0.448204
 -0.280686
 0.391127
 0.789892
 0.802778
 0.725339
 2.36456
 1.61733
 1.46375
 0.828779
 0.802902
 1.49764
 0.53425
 0.538309
 0.813872
 0.56624
 0.542938
 -0.0191116
 -0.140503
 0.412824
 0.853342
 0.433027
 0.352895
 -0.324765
 -0.136394
 -0.143095
 -0.620727
 0.467298
 0.743475
 1.37987
 1.043
 1.0962
 0.394226
 -0.59247
 -0.757776
 -1.12698
 -0.802771
 -0.66043
 0.439933
 0.081942
 0.143984
 -0.257267
 0.574285
 0.691432
 1.33233
 1.54689
 1.69251
 1.7325
 0.975497
 0.421989
 -1.10378
 -0.470019
 0.0628085
 -0.891638
 -0.723098
 -0.308085
 -1.14904
 -0.445939
 -0.320686
 -0.490667
 0.324435
 0.204934
 -0.330759
 -0.690823
 -0.646322
 -1.13033
 -1.15538
 -1.15581
 -0.930327
 -0.152792
 0.243668
 -0.399556
 0.0850126
 -0.531384
 -0.246486
 -0.313205
 -0.808947
 -0.0556224
 -0.633387
 -1.40402
 -1.37192
 -0.997118
 -0.0562094
 -0.346501
 0.372689
 -0.0213055
 0.270601
 0.519575
 0.548616
 0.949219
 0.2329
 0.0736584
 -0.694213
 0.200705
 0.862333
 -0.0499222
 -0.657623
 -2.10437
 -2.2152
 -1.84832
 -2.01358
 -1.30073
 -0.716637
 -0.622824
 -0.0212519
 -1.39925
 -0.451424
 -0.301348
 0.916647
 -0.0266588
 0.213787
 -0.229549
 0.64883
 0.792801
 1.95511
 0.279487
 0.831136
 1.6375
 0.982647
 0.849938
 0.323669
 1.03975
 1.35595
 0.975221
 -1.0388
 0.0485377
 -0.587243
 -0.563266
 0.0736838
 -0.403475
 -0.731944
 0.24326
 0.13514
 -0.314915
 -0.0743169
 0.546556
 1.15363
 0.102123
 -0.249135
 0.031214
 -0.688207
 -0.54679
 -1.45521
 -1.84975
 0.794223
 -0.0674059
 0.23767
 0.646478
 -0.233042
 0.409196
 0.462114
 -1.0121
 -0.142935
 0.071545
 0.147385
 -0.337863
 -0.686544
 -0.644921
 -1.08103
 -1.09581
 -2.01363
 -1.99013
 -1.5139
 -1.98544
 -2.06962
 -2.08885
 -1.39825
 -0.130598
 0.485332
 0.642816
 0.249592
 0.0394704
 1.28853
 1.36448
 1.04542
 -0.492559
 -0.0171572
 -0.369126
 1.26878
 1.0884
 0.478728
 0.920086
 1.34253
 0.322144
 0.535307
 -0.914014
 -0.200491
 0.216612
 0.0399011
 0.157223
 -0.813138
 -0.904392
 -1.07948
 0.479424
 2.30439
 1.69377
 1.802
 1.54931
 1.6975
 1.81641
 1.29848
 0.364714
 0.249952
 1.39138
 1.04705
 0.91445
 1.27139
 0.954172
 0.633024
 0.916112
 0.198024
 -0.16161
 -0.613135
 -0.519169
 -0.248762
 -0.303606
 -0.996035
 -0.522677
 0.0871607
 0.144995
 0.124973
 0.305097
 0.401609
 0.624337
 0.842441
 0.983626
 0.73872
 1.11508
 0.9845
 0.399396
 0.142918
 -0.490138
 0.846807
 0.202417
 0.542826
 0.37204
 1.33557
 1.25485
 1.6648
 1.51399
 1.65976
 1.41307
 0.595184
 1.22234
 1.11393
 0.198641
 -0.233271
 0.199287
 -1.38033
 -0.827829
 -0.42141
 -0.111364
 -0.0522371
 -0.839321
 -0.202448
 -0.960528
 -0.318724
 0.0515448
 0.813229
 0.284943
 0.61445
 0.427212
 0.105137
 0.931197
 0.0966627
 0.134555
 -1.36119
 -0.386877
 0.517726
 0.990624
 1.40684
 1.32148
 0.870429
 0.396803
 0.210689
 -0.123798
 -2.04631
 -0.965905
 -1.30094
 1.16836
 1.45769
 1.05417
 0.459137
 1.67019
 1.39143
 1.40547
 1.12966
 0.474702
 0.394612
 0.191427
 0.0611856
 -0.100331
 0.208243
 -0.248159
 0.261639
 0.265052
 1.13145
 0.043427
 -0.78892
 -0.466185
 -0.723701
 -0.148873
 -0.452494
 0.965487
 1.11305
 1.51232
 0.220546
 0.0135832
 0.58126
 0.358614
 0.184774
 0.31589
 0.601399
 0.152754
 0.802378
 0.930252
 0.325827
 0.649869
 1.06344
 0.206608
 -0.688886
 -0.105404
 0.194522
 1.03009
 0.697723
 1.51945
 1.50578
 1.1523
 1.21733
 0.704553
 0.965686
 0.390391
 0.776171
 -0.0127522
 -1.1198
 -0.608971
 -0.164586
 0.706883
 -0.167047
 0.224271
 -0.658492
 -0.610175
 -0.199972
 -0.0703308
 -0.547055
 -0.0742526
 -0.523217
 -0.228318
 0.218845
 -0.260333
 -0.165617
 -0.771625
 0.107486
 0.175175
 -0.0562541
 -0.357022
 0.281032
 0.0313084
 1.014
 0.468756
 0.0565729
 1.26989
 0.499003
 -0.102744
 -1.2065
 -0.904732
 -2.10386
 -0.914272
 -0.534443
 0.943029
 1.4394
 -0.348248
 0.431039
 0.612933
 0.692752
 1.35798
 1.97622
 1.76819
 2.06205
 1.3999
 0.428159
 0.663891
 -0.384251
 -0.274659
 1.20333
 0.220757
 0.861311
 0.802285
 -0.27675
 -0.960452
 -1.33299
 -1.23632
 -1.04075
 -0.0434799
 -0.0856422
 0.0841577
 1.77307
 1.00108
 0.380495
 0.622985
 0.274291
 0.352111
 0.190124
 -0.389298
 -1.00717
 -0.729764
 -0.825966
 -0.656404
 0.344974
 0.897956
 -0.516882
 -0.432272
 -0.181516
 -0.266394
 -0.803303
 -2.70736
 -1.73964
 -2.37151
 -2.17658
 -1.98804
 -1.72325
 -1.43645
 -0.852045
 -1.48965
 -1.98072
 -2.17185
 -1.08982
 -0.36064
 0.492915
 -0.364982
 -0.243685
 0.566404
 -0.429522
 -0.615956
 0.465905
 -0.0732363
 1.08857
 0.973692
 2.48286
 2.65661
 1.68618
 0.775161
 0.0753631
 -0.0560124
 0.208195
 -0.439209
 -0.613494
 -1.26412
 -0.488208
 -0.508097
 -0.0335338
 0.850937
 1.30962
 0.452225
 0.483308
 -0.488618
 -0.062151
 1.48083
 1.37244
 2.18352
 1.96471
 1.21574
 0.75828
 0.638645
 -0.0429663
 -0.604241
 -0.00787388
 -0.964486
 -0.489742
 -1.07857
 -0.0606743
 -1.29288
 -0.591565
 0.00264189
 -0.200142
 0.355215
 1.32937
 0.534579
 -0.294288
 -0.433373
 0.228813
 0.0966979
 0.807922
 1.16429
 1.02626
 0.572488
 1.03922
 1.0121
 0.814683
 0.194249
 1.91523
 0.647522
 1.13421
 0.760351
 0.439971
 0.504058
 0.884702
 -0.0238638
 0.43599
 0.331132
 -0.0967907
 0.279007
 -0.0421718
 -0.927874
 -0.178766
 -0.174358
 -0.323901
 -0.76411
 -1.04428
 -0.257683
 0.650003
 1.01479
 1.00944
 1.24845
 1.26176
 0.102552
 0.850095
 0.436285
 0.80977
 1.24064
 0.388778
 1.68867
 -0.321643
 0.0824836
 0.00170679
 0.806661
 0.179168
 1.02025
 0.404101
 0.33635
 0.440316
 0.721748
 0.779145
 0.764792
 -0.0464937
 0.369541
 -0.44767
 0.0278484
 0.256094
 -0.104367
 -0.251563
 -0.324615
 1.31507
 0.869482
 1.22925
 0.689999
 -1.00316
 -0.696666
 -1.86448
 -1.93001
 -1.92785
 -1.21846
 -1.13682
 -1.4157
 -1.36237
 -1.64718
 -1.44261
 -0.53048
 -0.841846
 -1.51601
 -1.64401
 -0.777272
 -0.979895
 -0.949832
 -1.39051
 -1.37266
 -1.29217
 -0.249757
 -0.731001
 -2.86549
 -1.40595
 -1.99516
 -1.51969
 -1.44584
 -1.46615
 -0.649701
 -1.23143
 -1.39153
 0.212597
 1.031
 0.651202
 0.727493
 1.60259
 1.6729
 0.943183
 0.49026
 0.496872
 -0.483326
 -0.573697
 1.02277
 1.26346
 0.696786
 1.28321
 1.65959
 3.02245
 2.85781
 1.51172
 1.44996
 1.8806
 0.760922
 0.6747
 0.687896
 0.470624
 0.560014
 0.545915
 0.279588
 0.772173
 1.19086
 0.76934
 1.16188
 1.37233
 1.32357
 0.138799
 0.675071
 -0.0454014
 0.92923
 1.35197
 1.64745
 0.308862
 0.263276
 -0.36492
 -1.34472
 -1.70197
 -1.98211
 -1.90226
 -1.87956
 -2.10385
 -0.903154
 -0.61674
 -0.316091
 -0.669408
 -0.495331
 -0.945511
 -1.33138
 -2.12164
 -2.13233
 -1.98672
 -1.46329
 -1.09777
 -0.823777
 -0.827682
 -0.616317
 -0.58264
 -0.557587
 0.316616
 -0.890258
 -0.266462
 -0.33651
 0.0081557
 -0.500335
 -1.04218
 -0.460276
 0.527651
 0.579978
 1.56338
 1.02341
 1.00742
 0.566993
 1.71851
 1.92636
 1.38066
 0.570236
 1.84888
 1.59507
 1.25669
 0.318706
 0.812705
 0.277269
 -0.44197
 0.355382
 -0.215722
 -0.737644
 -0.0595616
 0.536153
 -0.131428
 0.252413
 0.418098
 0.533332
 -0.0165118
 -0.506805
 -0.129855
 -0.40659
 -0.82055
 -0.270852
 0.585911
 0.224507
 0.546766
 0.245931
 0.00425729
 -0.461499
 0.442053
 1.18434
 0.582404
 1.63667
 1.44674
 1.08436
 1.37839
 1.76297
 0.890332
 1.48135
 1.3794
 0.468384
 0.511237
 0.592875
 -0.654549
 -0.590555
 0.176028
 0.523564
 1.41325
 1.31851
 1.00839
 -0.653887
 -0.0308011
 -0.340426
 -0.863987
 -2.11389
 -2.35965
 -2.05419
 -1.27331
 -0.792255
 0.66641
 1.46991
 1.72444
 2.22771
 2.03995
 1.86066
 1.88402
 1.11163
 1.02583
 -0.466632
 0.468946
 0.370622
 0.706339
 1.24526
 -0.335045
 0.192133
 0.35235
 -0.458501
 -0.136441
 0.173943
 0.236214
 0.038914
 0.0529278
 -0.0184126
 0.12003
 -0.602882
 0.0737076
 0.330615
 0.187204
 1.45994
 1.98006
 1.60255
 1.31292
 0.967726
 0.91323
 0.0042944
 0.00915592
 -1.01552
 -0.609357
 -0.608177
 0.883506
 0.0361276
 -0.0177257
 -1.16032
 -0.77481
 -0.728411
 0.267992
 -0.0754159
 0.436915
 0.128368
 0.353554
 0.0733623
 0.283898
 0.95769
 0.342385
 0.706421
 0.478373
 0.081903
 1.73932
 0.421839
 0.388491
 0.0017853
 -0.0387006
 -0.0443085
 0.0181113
 -0.123747
 -0.937411
 -0.823196
 -1.03779
 -0.60607
 -0.85556
 -1.75046
 -0.744123
 -1.30622
 -1.08115
 -1.62627
 -0.784985
 0.245944
 0.812519
 1.05028
 -0.176022
 -0.40628
 0.247515
 0.495284
 0.621878
 -0.376895
 -0.558686
 -0.47187
 -0.918732
 -0.489772
 0.210669
 0.335501
 -0.195798
 -0.040187
 0.123112
 0.892133
 -0.446279
 0.647136
 -0.105723
 -0.262076
 -0.395937
 -0.0102268
 0.562505
 0.445042
 0.458403
 0.147429
 -0.148823
 0.0357815
 -0.913576
 -1.98897
 -1.00058
 -0.328136
 -0.035893
 -0.650243
 0.193067
 1.16561
 0.321801
 0.868386
 1.24852
 0.470682
 0.734933
 0.477639
 -0.503312
 -0.45838
 -0.473697
 -0.574804
 0.495825
 -0.369411
 -1.00236
 -0.299657
 -0.387901
 0.512135
 -0.843384
 -0.881271
 0.0967095
 -0.254276
 0.980827
 0.318637
 0.972352
 1.42816
 1.12099
 0.504469
 0.444837
 0.500322
 0.419692
 1.13367
 1.47733
 1.22016
 1.73846
 1.17849
 0.498281
 0.614848
 1.65968
 1.09068
 0.281548
 -0.260535
 -1.21833
 -0.400652
 -0.316871
 -0.138142
 -0.145357
 -1.0142
 -1.33498
 -0.97226
 -0.499596
 0.391017
 0.471938
 0.215356
 0.240186
 -0.995633
 -0.966255
 -1.34634
 -0.943711
 -0.475161
 -0.720295
 -0.575969
 -0.993343
 -0.90403
 -0.196919
 -0.0152662
 -0.456572
 -0.228598
 0.147212
 -0.114538
 -1.09358
 -0.872513
 -0.959027
 -0.874639
 0.144709
 -0.154374
 -0.297631
 0.461803
 0.406834
 0.160076
 -0.633462
 -0.398026
 -1.19569
 -0.921981
 -0.545149
 -0.68894
 0.12102
 -0.652146
 -1.1096
 -1.33319
 -0.707567
 0.371502
 -0.0521832
 0.40672
 1.0576
 -0.0235279
 -0.219907
 -0.159813
 -0.153799
 0.180172
 0.694273
 0.767706
 0.725448
 1.14724
 1.28047
 0.929801
 0.353911
 -1.07447
 -0.704556
 -0.306772
 0.216699
 -0.609479
 -0.754044
 -0.165548
 -0.792367
 -1.0026
 -0.459242
 -0.355761
 -0.366396
 0.196258
 -0.313302
 -1.1842
 -1.05071
 -0.630983
 -0.186014
 -0.391477
 -0.181869
 -0.238026
 -0.0833354
 -0.770227
 -1.13009
 -1.20628
 -1.0454
 -1.1616
 -0.557804
 -0.520858
 -0.120481
 0.588122
 0.943089
 0.412662
 -1.00873
 0.0670268
 -0.141783
 -0.493743
 -0.451901
 0.229122
 1.61801
 1.70505
 0.162657
 0.679169
 0.79613
 0.116702
 0.317762
 -0.149054
 0.14338
 0.564535
 0.112886
 1.01638
 0.548639
 1.97651
 2.44048
 1.64205
 1.50561
 1.90323
 1.55285
 1.69487
 1.40499
 0.970474
 1.0748
 1.23102
 1.1366
 1.57777
 0.59596
 0.568256
 0.733471
 -0.684053
 -0.347667
 0.553237
 1.10094
 0.76768
 0.558269
 0.866465
 1.63498
 0.28165
 0.430863
 0.17346
 0.655277
 0.618362
 0.443909
 0.241681
 -1.01483
 -0.228279
 -0.225465
 0.185208
 -1.19805
 -0.819301
 -0.273235
 -0.0463897
 0.0720519
 -0.738987
 -0.14818
 1.01242
 1.0964
 0.521734
 0.308847
 -0.158567
 0.111905
 0.935988
 0.827228
 0.774029
 -0.0679057
 0.15997
 0.621997
 1.03606
 1.7309
 0.458626
 0.312719
 1.29678
 0.115076
 1.16232
 0.212297
 0.436169
 -0.447394
 -0.654676
 -1.18831
 -1.89618
 -1.66327
 -2.11611
 -1.8025
 -1.48583
 -0.851405
 -2.49803
 -2.29991
 -0.763287
 -0.422088
 0.648256
 -0.734917
 -0.261917
 -0.93664
 -1.01969
 -2.05825
 -0.823468
 -0.72644
 -0.616803
 -0.443405
 -0.610431
 -0.592526
 0.2066
 0.119935
 -0.254083
 -1.52099
 0.312869
 -0.811509
 -1.22289
 -0.599359
 -1.28184
 -0.901381
 -1.19978
 -0.792471
 -0.703497
 -0.210602
 -0.107774
 -0.301512
 -0.800887
 -0.75136
 -0.544652
 -0.350014
 -0.972601
 -0.068622
 -0.193275
 -0.225642
 -0.370403
 0.928412
 -0.456774
 -1.20833
 -1.60687
 -0.986467
 -0.494836
 -0.22399
 0.170158
 -0.997789
 0.302084
 0.782287
 0.762332
 0.730154
 0.363289
 -0.135238
 1.18266
 0.194764
 -1.88856
 -1.42122
 -0.571818
 -1.40117
 -0.822827
 -1.25277
 -0.352693
 0.0901879
 -0.482355
 -0.156857
 0.123137
 -1.33749
 -1.05224
 -1.64954
 -0.987604
 -0.67755
 -0.602644
 -1.01856
 -1.11686
 -0.943349
 -1.01166
 -1.0296
 -0.800071
 -0.946512
 0.27012
 1.18267
 0.425953
 -0.166078
 0.272536
 -0.365723
 -1.10176
 -0.584755
 -0.250394
 -0.407816
 0.341659
 -0.37075
 -0.371918
 -0.627482
 -1.75895
 -0.969441
 -0.652944
 -0.110802
 -0.205917
 -0.380037
 -1.06984
 -0.15514
 1.3013
 0.290695
 0.355427
 -0.748227
 -0.449512
 -0.0990249
 -0.544148
 -0.460892
 0.0333352
 -0.907576
 -0.266488
 -0.130853
 -0.488606
 -0.263251
 0.569744
 1.21766
 1.35181
 1.49408
 1.04562
 0.81926
 0.0564962
 -1.43611
 -1.29677
 -0.789435
 -0.613042
 0.0448218
 -0.389328
 -0.691028
 -0.952518
 -0.589784
 -0.16293
 0.466915
 0.860489
 0.958607
 0.902297
 1.83755
 1.16321
 0.984674
 0.608805
 1.39437
 0.405554
 0.906547
 0.450107
 0.524954
 0.113833
 0.160251
 0.283681
 0.404004
 0.000769673
 -0.311807
 -0.498779
 -1.03115
 -0.0727972
 0.11954
 1.16794
 1.27819
 1.25255
 1.01337
 0.167236
 -0.388334
 -0.315491
 -0.123554
 -0.979118
 0.303373
 0.402038
 -0.0996763
 0.166761
 0.198818
 0.278436
 0.952333
 1.08645
 1.06161
 1.3319
 0.405839
 -0.0103793
 0.461779
 0.25131
 0.385928
 0.577086
 -0.280539
 0.517401
 0.890035
 0.045592
 -1.34043
 -0.109967
 -0.281069
 -0.159828
 0.0735515
 -0.508072
 -0.60409
 -0.311863
 -1.15836
 -0.683559
 -1.17682
 0.113701
 -0.10451
 -1.30535
 -0.647578
 0.266281
 0.269004
 0.949344
 0.365981
 0.82789
 0.850598
 0.0938456
 0.319254
 -0.336301
 0.107617
 -0.755559
 -0.100182
 -0.967763
 -1.01989
 -1.02102
 -1.80806
 -1.68497
 -0.938287
 -2.64768
 -3.21104
 -2.6118
 -3.08314
 -3.43299
 -2.2674
 -1.1404
 -1.81988
 -1.51629
 -0.650929
 -1.28892
 -0.642897
 0.0786175
 0.0958483
 -0.186004
 -0.485021
 0.089174
 -0.0920157
 0.800617
 0.686134
 1.37244
 0.324289
 -0.103962
 0.279071
 0.281316
 0.77333
 1.04951
 1.81128
 0.72217
 1.19549
 0.937875
 0.851304
 0.441119
 0.227185
 -0.576979
 -1.13009
 -1.323
 -1.74326
 -1.71192
 -1.32669
 -1.434
 -1.73321
 -1.60997
 -2.35826
 -1.5753
 -1.67259
 -0.889976
 -0.191061
 -1.08124
 -1.676
 -1.21654
 0.0818291
 1.22203
 0.782729
 -0.271088
 -0.961626
 -0.251737
 0.75215
 0.416969
 0.0253324
 0.398471
 0.491791
 0.486253
 0.49176
 0.375997
 0.629684
 0.492725
 -0.254742
 -0.195637
 -0.592641
 -1.42919
 -1.77136
 -0.663434
 -0.275252
 0.796314
 1.30145
 1.48668
 1.78034
 1.42332
 1.79233
 1.31283
 0.552908
 0.398519
 0.870692
 0.0292397
 0.0758163
 0.532777
 -0.679704
 -1.18561
 -2.29868
 -1.67971
 -0.700588
 -0.161492
 -0.322502
 0.118954
 -0.0897898
 -0.261871
 0.675668
 0.951611
 1.61142
 1.81107
 0.837594
 -0.38725
 0.431157
 0.302422
 1.13047
 0.581695
 1.3376
 0.565991
 0.130388
 -0.077325
 0.275407
 0.31618
 0.385536
 -0.340446
 -0.616515
 -0.360682
 -0.679655
 -0.149421
 0.253411
 0.0988483
 0.27392
 1.074
 1.2273
 1.03389
 -0.190011
 0.401162
 0.378885
 0.250618
 1.42114
 1.87606
 0.752249
 1.15127
 0.464575
 0.271482
 -0.429662
 -1.14672
 -0.885663
 0.0811744
 0.817933
 1.03379
 -0.657344
 -0.951281
 -0.905803
 -0.0507297
 -0.0480304
 -0.608978
 0.101282
 0.137411
 -1.27547
 -1.3769
 -1.75035
 -1.26523
 -1.30435
 -2.14835
 -2.07317
 -1.58499
 -1.1897
 -0.647133
 -0.261906
 -0.781611
 -0.382823
 0.656311
 0.636972
 1.04138
 0.680857
 0.819711
 1.11013
 1.50002
 1.93518
 2.46073
 2.63781
 2.40177
 1.86317
 1.68702
 0.526115
 0.128497
 0.573093
 0.440849
 -0.0329687
 -0.231544
 0.0200892
 -0.087607
 -0.280773
 0.0918747
 1.01956
 1.31189
 -0.349633
 0.644473
 1.17438
 1.10713
 0.852984
 1.36501
 1.73637
 0.843114
 0.444329
 0.468218
 0.792001
 0.540198
 -0.238845
 0.119766
 0.197146
 -0.123283
 0.130103
 -0.0612531
 -0.141265
 -0.633405
 -0.67151
 -1.11674
 -0.98692
 -1.12176
 -0.949264
 -1.69226
 -0.969446
 -1.37729
 -1.18875
 -0.978976
 -0.261474
 -0.588034
 -0.351487
 -0.117944
 -0.448284
 -0.303274
 0.63415
 0.4425
 0.369103
 0.399631
 0.392123
 -0.614613
 -1.04551
 -1.68209
 -0.267301
 -0.604559
 -0.0367719
 0.194061
 -0.513981
 0.386402
 0.519226
 0.431035
 1.15381
 1.18089
 1.69112
 1.87012
 0.992713
 0.330146
 0.854672
 1.61855
 1.67952
 2.26078
 1.85449
 1.85645
 1.27848
 0.689898
 -0.53152
 -0.817154
 -1.11914
 -0.606134
 -1.47834
 -1.72038
 -1.87674
 -2.05576
 -0.400323
 -0.665211
 -0.490689
 -0.713899
 -0.0963312
 0.620874
 0.391486
 1.04906
 0.913437
 1.16395
 0.273115
 0.40369
 -0.0978671
 -0.386648
 -0.815929
 -1.25585
 -1.21946
 -0.315039
 -1.25809
 0.635272
 -0.371676
 0.053244
 -1.22163
 0.366896
 1.44581
 1.17293
 1.88286
 2.36897
 0.513532
 0.0546758
 0.178751
 -0.262291
 -0.390753
 -0.632346
 -1.6616
 -1.24212
 -1.44484
 -1.09348
 -0.826013
 -0.125942
 0.369542
 0.495696
 0.012626
 -0.115311
 0.647041
 0.250136
 0.178479
 0.697726
 1.01397
 1.92274
 2.18775
 2.2611
 1.4548
 1.63438
 0.944396
 1.22399
 0.312601
 -0.723748
 -1.48743
 -1.28011
 -1.39951
 -1.86307
 -1.41949
 -0.00274894
 0.436821
 0.415551
 0.55244
 -0.800916
 -0.811907
 -1.53762
 -2.59261
 -2.38552
 -2.06181
 -1.92018
 -2.19886
 -1.69023
 -1.26755
 -2.19912
 -1.76469
 -1.26089
 -0.217315
 -0.373113
 -0.0562071
 1.00419
 0.374289
 1.15206
 0.0955027
 -0.387663
 1.08138
 0.246853
 1.75272
 -1.22905
 -0.395221
 -0.630687
 0.763825
 0.366787
 0.361146
 0.262453
 -0.052036
 -0.52151
 0.133758
 -0.751698
 -0.0423949
 1.09223
 -0.285326
 -0.746335
 0.446821
 -0.216672
 -0.166565
 -0.11082
 0.0452539
 0.0377996
 0.05156
 1.04078
 0.12111
 -1.05417
 -0.832536
 -0.554238
 0.0457674
 -0.952323
 0.497559
 -0.405122
 -0.691011
 -0.905291
 -0.414784
 -0.339206
 0.322883
 -0.805098
 -0.589589
 -0.0371169
 -0.443412
 0.38443
 0.202912
 1.47004
 2.22717
 1.53262
 1.09308
 2.02973
 1.59434
 1.55323
 1.01367
 -0.0758218
 -0.270401
 0.319713
 0.00617454
 -0.349749
 0.961951
 0.779278
 1.102
 -0.0491288
 -0.0744606
 -0.450893
 -0.854894
 -0.488553
 0.0242803
 1.64469
 1.2446
 0.610685
 0.534805
 1.05222
 0.196631
 -0.425865
 -0.286747
 -0.852083
 0.402332
 -0.0844194
 0.344219
 0.535659
 0.673829
 0.050686
 -0.340788
 0.0691401
 -0.797625
 -2.39724
 -2.16814
 -0.891319
 -1.7662
 -2.15669
 -1.77524
 -0.693005
 -0.527104
 -0.051895
 0.517454
 1.21334
 1.60063
 1.31827
 0.346239
 0.820934
 -0.930523
 0.19687
 0.015221
 -0.751447
 0.0297916
 -0.38435
 0.483918
 -0.226824
 -0.0763604
 0.322721
 0.0984347
 0.97639
 0.10837
 0.115418
 0.449703
 -0.0446562
 1.10424
 0.706212
 -0.0883614
 -0.519066
 -0.873339
 -0.610195
 -0.335288
 -0.25832
 -0.352957
 -0.121242
 -0.379964
 -0.827245
 -1.61656
 -1.43106
 -1.05612
 -0.208397
 -0.171788
 0.816269
 0.956536
 1.06488
 1.65565
 0.873368
 0.622306
 0.190454
 0.12366
 0.619399
 1.59881
 1.06597
 0.419334
 -0.34967
 0.286902
 0.121816
 0.459266
 -0.19941
 -0.683648
 -0.278285
 -1.65151
 -1.32814
 -1.3002
 -0.144615
 0.302908
 0.282741
 -0.244541
 -0.629541
 -0.0568357
 -0.106132
 -0.695286
 -0.700897
 -0.811523
 0.454271
 1.1417
 0.482348
 1.15371
 1.57392
 1.08701
 1.1306
 1.75795
 0.786682
 1.45468
 1.37957
 0.659527
 -0.0913074
 -0.667485
 -0.0615924
 -0.0660279
 -0.449466
 -0.581501
 -0.610258
 -0.131918
 -0.916059
 -0.779825
 0.426399
 0.240189
 -0.57944
 -0.865408
 -0.339615
 0.338733
 0.779567
 0.731487
 0.568158
 -0.0114965
 0.126848
 0.101135
 -0.975722
 -0.781504
 -0.294188
 -0.904978
 -0.15938
 -0.634343
 -1.93155
 -1.34625
 -0.526257
 -0.380465
 -1.34243
 0.0179596
 0.662105
 0.563635
 0.195281
 -1.00104
 -1.35778
 -0.891738
 -0.165885
 -1.08931
 -0.95846
 0.0729601
 -1.31601
 -1.58134
 -1.76814
 -1.62021
 -2.24838
 -1.10483
 -1.28852
 -1.70238
 -1.89592
 -2.32018
 -2.4559
 -3.21901
 -3.28742
 -1.32615
 -1.68302
 -1.54169
 -1.40289
 -0.297728
 0.419192
 0.103879
 -0.494077
 -0.107334
 -0.351807
 0.0600039
 -0.034116
 1.79107
 0.734572
 0.255081
 -0.295274
 0.161255
 0.624314
 0.169991
 0.040312
 0.15829
 -0.14462
 0.507235
 0.823801
 -0.333102
 -0.126197
 -0.783287
 -1.27408
 -0.550745
 0.706437
 0.999537
 0.982793
 1.48076
 0.924529
 1.42352
 0.803701
 1.85591
 1.29717
 2.29433
 3.00169
 2.17369
 0.859156
 0.401266
 0.439828
 0.678608
 -0.232442
 -0.477313
 -1.44799
 -1.71319
 -1.27354
 -1.17319
 -1.20297
 -1.91307
 -2.79708
 -2.71566
 -2.04328
 -1.52119
 -0.184652
 -1.11548
 -1.86411
 -1.12721
 -1.19901
 -1.40403
 -0.558564
 -0.29892
 -1.18724
 -1.19337
 -1.86441
 -1.21573
 -0.884731
 -1.22467
 -1.43557
 -0.233666
 0.402003
 0.48388
 0.664028
 0.724967
 0.932916
 -0.251338
 -0.67902
 -0.831762
 -1.05978
 -0.99897
 -0.48109
 -0.896205
 0.0547936
 -1.60619
 -1.50012
 -1.22978
 -0.0107553
 0.0947446
 -0.218211
 -0.231222
 -0.795903
 -0.767986
 0.286302
 -0.0326462
 -0.382536
 0.00427297
 -1.00612
 -0.594188
 -1.06236
 -1.10727
 -0.525463
 -0.603468
 0.285052
 0.125135
 -0.264498
 0.426846
 0.815396
 0.380227
 0.082005
 0.425948
 -0.70118
 -0.348629
 -0.98603
 0.266737
 1.19987
 1.75249
 1.61315
 0.2041
 1.14065
 0.38803
 0.432636
 -0.221977
 0.251999
 -0.793927
 -0.508452
 -0.299678
 0.349119
 0.457685
 -0.154891
 0.0873042
 1.38274
 1.56102
 0.32128
 0.827107
 -1.01704
 -1.12748
 -0.62978
 0.381296
 -0.724554
 -0.986292
 0.155839
 -0.120504
 -1.12449
 -0.474929
 -0.340719
 -1.44479
 -2.53763
 -3.31915
 -2.80571
 -1.79686
 -1.001
 0.654817
 -0.168216
 0.394092
 0.436659
 -0.249473
 -0.311226
 -1.99195
 -1.55516
 -0.240086
 -0.135199
 -1.08698
 -0.985402
 -1.20852
 -1.39055
 -1.20814
 -2.1166
 -0.969578
 0.0168463
 0.256975
 -0.829127
 -0.202794
 -0.614614
 -0.0653705
 -0.359518
 -0.657771
 -0.202164
 -1.25695
 -1.32541
 -0.930519
 -0.886659
 -1.54252
 -0.848446
 -1.21567
 -1.92951
 -2.43047
 -1.11738
 -1.47619
 -2.12268
 -1.06675
 -0.0919087
 0.141842
 -0.451281
 -1.21953
 -1.09909
 -0.87609
 0.0748087
 0.380605
 -0.401666
 0.267442
 -0.0171039
 -0.687228
 -1.24315
 -1.33174
 -0.800944
 -0.75961
 -0.943788
 -1.55277
 -1.36916
 -1.51008
 -2.20065
 -1.77533
 -1.67759
 -2.03474
 -2.38125
 -1.63994
 -1.84885
 -1.47077
 -1.32295
 -0.82449
 -0.536213
 -0.985318
 -0.621223
 -1.06507
 -0.911985
 0.126863
 0.7988
 0.570158
 -0.922459
 -1.63245
 -0.655163
 -0.579949
 0.132592
 0.367208
 -0.0961963
 0.813771
 -0.211854
 0.552167
 -0.119592
 -0.185083
 0.436899
 -0.089899
 -0.630048
 -1.23127
 -0.797109
 -1.11439
 -0.592974
 -0.584411
 -0.803481
 -1.039
 -0.988104
 -0.832879
 -0.992569
 -0.604213
 0.266869
 0.621334
 0.404649
 0.629074
 1.23844
 -0.170254
 0.856318
 -0.403892
 0.156537
 -1.34438
 -1.43309
 -0.87834
 -1.48737
 -0.771383
 -1.05372
 0.0516017
 0.980015
 -0.790392
 -0.521549
 -1.16853
 -0.409014
 -0.181731
 0.447964
 0.87693
 -0.317466
 -0.701542
 0.960778
 -0.137549
 0.396244
 -0.118722
 -0.136744
 -0.1123
 0.234212
 0.0689096
 0.754823
 0.97283
 -0.379563
 -0.460639
 -0.481908
 -1.62305
 -1.42757
 -1.77142
 -2.20135
 -1.5223
 -1.73272
 -0.259357
 -0.292834
 -0.801304
 -0.725989
 -0.823494
 -0.929363
 -0.834774
 -0.132675
 1.04405
 0.254203
 1.38076
 2.08558
 0.966975
 0.687951
 0.678459
 1.56252
 0.711928
 0.324222
 1.20131
 1.41526
 1.11408
 0.836512
 0.936579
 1.45029
 0.568337
 0.604901
 0.902672
 0.090231
 0.432736
 1.18914
 2.19349
 2.68776
 1.76795
 1.11184
 0.451317
 0.133044
 -0.518869
 -0.162415
 -0.622099
 -1.37959
 -0.363185
 0.170289
 0.385551
 0.025118
 -0.430629
 -0.355732
 -0.462137
 0.306439
 -1.47723
 0.124619
 -0.952945
 -1.94962
 -1.1058
 -0.610811
 -0.534749
 -0.442492
 -0.971522
 -1.10777
 -1.04521
 -0.485611
 -1.05335
 -1.0327
 0.130063
 -0.184451
 0.0334338
 0.255365
 0.375692
 -0.319603
 -1.02249
 -1.59479
 -1.40777
 -1.35683
 -1.95781
 -0.939749
 -0.628855
 -0.94224
 -0.827132
 0.131223
 0.303831
 0.293997
 0.410313
 1.45408
 1.17434
 1.45133
 0.681028
 0.388323
 0.895783
 0.52762
 0.697823
 0.58936
 0.345304
 -0.828561
 -0.453493
 0.170927
 0.342425
 -0.80378
 -1.26341
 -0.311377
 -0.277365
 -0.0348763
 0.166834
 0.340184
 1.25982
 1.53001
 1.8381
 0.553325
 0.895812
 0.786427
 0.872182
 0.41413
 0.910654
 0.994955
 0.160106
 -0.155343
 -0.40526
 -0.704132
 -0.819917
 -1.0562
 -0.457403
 -0.26567
 0.177779
 -0.35325
 0.694605
 -0.378239
 0.214818
 -0.16721
 -0.0786875
 -0.115167
 -0.126788
 -0.556632
 -0.981939
 -0.536312
 -0.190294
 -0.326792
 -0.233084
 -0.634648
 -0.380587
 0.140202
 -0.469795
 0.507139
 0.278096
 -0.0735188
 0.21821
 -0.238636
 -0.177367
 0.89486
 0.85386
 1.25186
 0.476125
 0.619487
 0.947192
 0.131672
 -1.54845
 -1.49681
 -1.48588
 -0.912772
 0.170272
 -0.727231
 0.271016
 -0.0942775
 -0.904767
 0.536641
 -0.102521
 -0.108361
 1.03933
 1.60125
 1.74506
 1.69297
 -0.00796742
 -0.929164
 -0.285555
 -0.60075
 -0.703755
 -0.531451
 -0.859958
 -1.48885
 -1.08166
 -0.343584
 -0.871438
 -0.0498909
 -1.25833
 -1.18564
 0.0503513
 0.0399402
 -0.239359
 -0.304579
 -1.30185
 -0.00964259
 -1.20118
 0.42738
 0.470541
 0.0617545
 0.308797
 0.460028
 -0.289247
 -0.423575
 -0.311711
 0.132759
 1.14332
 1.00882
 0.37712
 -0.48612
 -0.724195
 -0.0454276
 -0.3772
 -1.04164
 -0.680454
 -1.30073
 0.0876297
 0.106891
 -0.860202
 0.236059
 -0.384891
 -0.0788165
 0.493854
 -0.181983
 0.151771
 0.675688
 0.0720316
 0.126816
 0.711051
 0.379971
 0.740912
 1.64947
 1.64937
 2.21738
 1.8739
 1.45656
 1.99683
 0.938459
 0.929339
 0.625929
 0.859758
 1.17521
 1.25785
 0.170764
 -0.318999
 -0.861308
 -0.787423
 -1.29453
 -2.25179
 -3.45807
 -4.21491
 -1.17805
 0.0736855
 -0.56842
 -0.460403
 0.051322
 -0.415379
 -0.589473
 0.806756
 0.566423
 0.870428
 -0.722548
 -1.92494
 -1.2577
 -0.901909
 0.106449
 -0.80715
 0.560864
 1.35205
 1.49754
 2.01838
 1.39025
 0.928943
 -0.176174
 -0.38992
 -0.138777
 -0.603303
 0.0903066
 -0.268989
 -0.45134
 -1.33731
 -1.2909
 0.505765
 -0.680046
 -0.20591
 -0.667726
 -0.434196
 -1.28944
 -1.47672
 -2.19056
 -1.83775
 -0.895966
 -0.373177
 -0.0116759
 0.423695
 0.286234
 -0.0345714
 -0.447505
 -1.27172
 -0.818166
 0.211325
 -0.0615064
 0.585701
 0.650882
 0.302745
 -1.47493
 -1.13888
 -0.576745
 -1.01146
 -0.240382
 0.0730643
 0.423837
 0.66874
 1.33346
 0.827815
 -0.37961
 0.254531
 0.991842
 -0.0953641
 0.192277
 -1.01385
 -0.345423
 0.911144
 1.10557
 2.03798
 0.697442
 0.628987
 -0.377758
 0.160037
 0.461376
 0.57142
 0.852858
 0.581153
 0.157134
 0.331139
 0.17899
 1.01396
 -0.00326265
 -0.0122551
 0.0811961
 0.477424
 0.481133
 -0.704402
 -2.08065
 -2.61465
 -2.91837
 -3.004
 -1.75029
 -2.58751
 -1.76612
 -1.69926
 -0.724141
 -0.780385
 -1.19588
 -1.13078
 0.0452225
 0.402343
 -0.308335
 0.819012
 2.171
 1.42509
 2.00505
 2.25461
 2.5086
 0.891311
 0.68796
 -0.159585
 0.820962
 0.139195
 -0.332323
 0.317458
 -0.263871
 -1.02942
 -0.73804
 0.237253
 0.989845
 2.49183
 2.35158
 1.66376
 1.62261
 0.503323
 0.0921943
 0.895569
 2.08905
 1.84474
 2.09046
 1.09665
 1.14628
 0.287595
 -0.41501
 -1.29183
 -0.012261
 -0.527395
 -0.143278
 -0.548487
 0.0700775
 -1.82998
 -0.88847
 -1.02828
 -0.808268
 -0.0557574
 0.816446
 0.596899
 0.85191
 1.51553
 1.18891
 -0.170185
 -0.0672167
 -0.228384
 -0.435188
 -0.29825
 -0.159412
 1.1919
 1.40985
 0.270519
 0.983065
 0.83092
 -0.0205452
 -1.86932
 -1.28474
 -0.77394
 -0.109505
 -0.226842
 0.809174
 0.525081
 0.168627
 -0.592051
 -0.0179466
 -0.0624229
 0.123943
 0.000312944
 -1.27404
 -1.02689
 0.384833
 -0.00117606
 0.550941
 0.120685
 -0.808781
 -1.70774
 -1.37618
 -1.26905
 -0.779642
 -1.25068
 -1.98735
 -0.419985
 0.597518
 0.0501743
 0.401458
 1.21701
 1.06228
 2.01041
 1.09669
 0.300254
 1.02339
 1.6714
 0.863693
 0.441274
 1.3988
 1.11341
 0.264323
 -0.818691
 0.512023
 -0.391527
 -1.27238
 -0.804655
 -0.723041
 -0.370429
 -0.934858
 0.220093
 -0.23351
 0.366854
 1.10281
 0.712686
 -0.755921
 -0.0322363
 -0.555481
 -1.36022
 -1.81928
 -0.350224
 0.213652
 0.113922
 0.322156
 0.931821
 0.474274
 0.784631
 0.060809
 -1.11948
 -1.63493
 -1.54029
 -1.02384
 -0.991083
 -0.82582
 -1.4073
 -2.02493
 -1.63952
 -1.25762
 0.242119
 0.48257
 0.216199
 1.10101
 1.37295
 0.78722
 1.43569
 1.01163
 0.977677
 0.528826
 0.159291
 0.605862
 0.286613
 -0.123718
 -0.564458
 0.604664
 0.661999
 0.0410109
 -0.164358
 0.0272392
 0.11017
 -0.623669
 -0.53241
 -0.917883
 0.159233
 -0.425174
 -0.581873
 -0.664035
 -1.19026
 -0.728702
 -0.333235
 0.187394
 0.476612
 -0.603026
 -0.858378
 -0.360227
 -0.563487
 -0.243682
 -0.89468
 -0.319518
 0.0661379
 0.875241
 -0.842911
 -0.334892
 -0.270958
 -0.58964
 0.2686
 0.432421
 -0.488214
 -0.374117
 -0.040638
 0.327
 0.716974
 0.977562
 0.382433
 1.04809
 1.04969
 -0.136085
 0.129882
 0.92158
 0.737698
 -0.311519
 -1.3751
 -0.533184
 -0.588631
 -0.482186
 0.0383636
 0.78338
 1.12846
 2.02305
 1.62392
 0.694106
 0.303253
 0.312306
 0.557982
 -0.235418
 -0.375599
 -0.100509
 0.204659
 -0.2633
 -0.681337
 -0.536088
 0.208608
 -0.560385
 -0.20933
 0.75868
 -0.0223587
 -0.0430718
 -0.43698
 -0.209881
 0.99544
 1.00691
 1.15503
 0.854989
 -0.369046
 0.664298
 0.456749
 0.114293
 -0.128809
 -0.273793
 0.189042
 -0.0308655
 -0.281243
 0.456042
 0.413654
 0.162316
 0.560966
 0.822699
 1.17515
 0.889414
 1.4851
 1.6222
 0.287967
 0.889412
 0.931944
 0.83532
 -1.01428
 -1.34152
 -0.858473
 -0.674754
 0.220009
 -0.174377
 -0.0173584
 0.393888
 -0.106212
 0.0532798
 -0.00460918
 -0.992288
 -0.90195
 -0.702552
 -0.0718668
 -0.140347
 -0.0707953
 -0.120641
 -0.256236
 -1.45602
 -0.861536
 0.478301
 0.758459
 1.87059
 0.932799
 0.857169
 0.260239
 1.04085
 -1.22309
 -2.11917
 -1.94236
 -2.44361
 -2.4094
 -0.561947
 0.967782
 -0.384644
 -0.458556
 -1.21322
 -0.546672
 -0.581691
 -0.442763
 -0.755505
 -0.225683
 -0.45962
 -1.34266
 0.819164
 0.500343
 -0.0590639
 -0.810671
 -0.932948
 -0.652118
 0.518183
 0.879031
 2.13491
 0.938296
 2.07349
 0.0301665
 0.628952
 1.32997
 0.821821
 0.627902
 0.851588
 -0.0176296
 0.0035632
 0.0072637
 -0.0156776
 1.17706
 -0.0324533
 -0.724486
 0.229564
 -0.919177
 -0.637673
 -0.888797
 -0.923234
 -1.73317
 -1.50689
 -1.34641
 -1.35338
 -1.30553
 -0.692528
 0.120144
 1.16745
 1.62038
 1.34471
 2.15927
 1.76621
 1.48653
 0.611159
 1.43229
 1.55669
 -0.377848
 0.0547047
 -0.34357
 -0.554586
 -0.708494
 -0.802481
 0.407819
 0.805907
 0.701767
 -0.388362
 -0.13691
 -0.790933
 0.465638
 0.464479
 0.487296
 0.353539
 -0.145763
 -0.566213
 -0.573142
 -0.688133
 -0.843346
 -1.72846
 -0.836783
 -0.342342
 -0.466901
 -1.16405
 -0.342461
 -1.09339
 -1.3137
 -1.82582
 -1.69725
 -2.19657
 -1.18151
 -0.64758
 -1.00533
 -0.487401
 -0.447663
 -0.637164
 -0.293349
 -0.439567
 -0.725661
 -0.100248
 0.388849
 1.02021
 0.276828
 0.439539
 0.851574
 -0.413504
 0.0673749
 -0.725267
 -0.678972
 -0.399071
 0.165795
 0.120322
 0.896977
 0.608352
 -0.376543
 -0.36545
 -0.541699
 -0.703227
 -0.952503
 0.296104
 -0.800677
 -0.783857
 -1.87432
 -0.685184
 -0.221185
 -1.26599
 -2.00187
 -2.48341
 -1.57867
 -0.958889
 -0.173559
 -0.294043
 -1.32319
 -0.933231
 -0.498616
 -0.227262
 -0.518856
 0.480854
 0.28445
 0.648111
 0.348734
 -0.662742
 -0.416642
 0.445572
 0.922272
 1.30046
 1.5591
 1.13582
 2.38121
 1.19737
 0.196054
 -0.602091
 -1.50284
 -1.72317
 -1.16308
 -1.09768
 -0.688314
 -0.812773
 -0.0772509
 1.25081
 1.95318
 2.75629
 2.22813
 1.7317
 1.43747
 1.57138
 1.13903
 -0.0364311
 -0.317525
 0.389593
 0.80215
 0.143907
 -0.0287126
 -0.502297
 -0.983982
 -0.970044
 0.0545039
 -0.754206
 -0.073062
 0.468609
 0.834872
 1.81811
 0.656247
 0.0191152
 0.26965
 0.767953
 0.450121
 0.138492
 0.105888
 0.406508
 0.0858768
 0.37027
 0.105522
 -1.10372
 -1.15674
 0.298346
 0.360323
 1.27648
 1.46696
 1.68387
 1.92872
 0.624645
 0.777399
 2.06142
 1.673
 0.914203
 1.48589
 0.361097
 0.54872
 1.60301
 1.85596
 2.53635
 2.57576
 2.66601
 1.28154
 2.19726
 2.14127
 1.9346
 0.477373
 -0.643165
 0.105019
 1.52932
 0.856532
 0.868926
 -0.0603793
 -1.10533
 -0.467744
 -0.316346
 0.618819
 -0.115474
 -0.357779
 1.09998
 0.0960976
 0.768819
 1.47248
 1.15217
 1.6961
 1.43319
 0.323169
 -0.26101
 -0.511447
 -0.82309
 -0.615418
 -0.796213
 0.54605
 2.16272
 1.46708
 1.95047
 1.20979
 0.449558
 0.989699
 1.06323
 1.35416
 1.56628
 0.937249
 -0.268595
 -0.913799
 -0.32634
 0.239479
 0.399841
 0.438324
 0.75554
 0.826261
 -0.604081
 0.385548
 -0.79765
 -0.368692
 0.0306783
 0.0639989
 -0.110391
 -0.738731
 -1.01437
 -0.766351
 -1.37858
 -0.236857
 -0.76453
 -0.834656
 -0.173932
 -0.49489
 -1.15698
 -0.804007
 -0.68808
 0.369971
 0.973035
 -0.368821
 -0.969387
 0.330943
 -1.0373
 0.807209
 0.0430899
 -0.201658
 -1.49016
 -1.30391
 -1.1577
 -0.9297
 -0.817732
 -1.18274
 -0.69489
 -0.788368
 -0.627126
 0.0432564
 -0.624666
 -0.605408
 0.246237
 -0.483528
 -0.383034
 -0.354499
 0.305562
 -0.086531
 0.319996
 -0.454327
 -1.12824
 -0.619484
 -0.511413
 -0.686418
 -0.912135
 -0.329378
 -0.398281
 -1.0821
 0.0805604
 -0.47519
 -1.1225
 -0.00377204
 0.404495
 0.921065
 0.645888
 0.810762
 -0.302893
 -0.320561
 0.912795
 1.65162
 1.50036
 2.59693
 1.12477
 -0.317196
 0.537851
 0.666606
 2.23706
 1.68753
 1.52344
 1.51437
 1.02215
 0.822061
 0.293239
 1.0424
 0.961479
 0.952378
 -1.22339
 -1.20871
 -0.479263
 0.747695
 -0.120064
 0.0927468
 0.270872
 1.04151
 -0.172608
 -1.02064
 -0.657649
 0.0452505
 0.113745
 -0.722287
 0.0975262
 0.738581
 1.45156
 1.42245
 1.02573
 0.525483
 0.465121
 -0.547801
 -0.890928
 0.274097
 0.315415
 -0.110304
 -0.285863
 0.183506
 -0.31065
 -0.783102
 -0.0995445
 -0.952525
 -1.20197
 0.304132
 0.287747
 0.628345
 0.204267
 -0.442619
 -0.774992
 -0.588816
 -0.267212
 0.320269
 0.145564
 0.641779
 0.362049
 -0.0425026
 0.306504
 -0.183646
 -1.07647
 -0.722403
 -0.369551
 -0.504828
 -0.595385
 -1.17629
 -0.289559
 -0.530661
 -1.40468
 -0.520334
 -0.157704
 0.0157196
 -0.311619
 -0.637669
 0.826236
 1.1519
 1.53243
 1.61684
 1.59679
 2.35151
 1.41193
 1.42795
 1.90731
 1.69544
 1.63521
 0.0552574
 -0.9102
 -0.337068
 -1.04595
 -1.42213
 -0.859553
 -0.887451
 -0.770075
 -0.282489
 0.18361
 -0.159807
 0.418275
 1.23493
 1.52719
 1.03166
 0.687192
 0.0841129
 0.514127
 -0.0821514
 -0.41624
 -0.953919
 -0.947931
 -1.51949
 -1.09539
 -1.37764
 -1.27433
 -0.764085
 -0.376067
 -0.487174
 0.179138
 0.0774829
 0.0734862
 0.324795
 -0.398964
 -1.74156
 0.014996
 0.305173
 0.210411
 -0.0558159
 -0.890263
 -0.522677
 -1.32275
 -0.338116
 -0.0277344
 -0.170785
 -1.42147
 -1.2101
 -1.02489
 -0.271547
 -1.12001
 -1.02774
 -0.147493
 -0.13744
 -0.0566337
 0.0635762
 0.971893
 1.18484
 0.522233
 0.864597
 0.519399
 0.66757
 1.49694
 1.53281
 0.134736
 -0.00634503
 -0.593904
 -0.00733639
 0.385928
 -1.0131
 -0.462446
 -0.325788
 0.62866
 -0.780924
 -0.604548
 -1.08054
 -0.447728
 0.0441583
 -0.579237
 -0.787952
 0.275843
 0.656521
 0.523489
 0.823188
 -0.868617
 -0.392846
 -0.499818
 -0.956
 -1.58317
 -0.249921
 -1.1974
 -1.37747
 -0.287861
 -0.36616
 -0.397038
 1.40349
 -0.133615
 0.966262
 1.58237
 0.199277
 -0.257736
 0.878946
 0.356978
 -0.767621
 -0.669303
 -1.34175
 -0.908221
 -0.865362
 -0.11542
 0.0239973
 1.03549
 2.03631
 1.39054
 1.10171
 0.371014
 0.391071
 1.00005
 1.49662
 1.14258
 1.02658
 0.451343
 -0.891604
 -0.582496
 -0.141506
 -0.108392
 -0.099913
 -0.251532
 -0.181409
 0.694546
 0.062695
 0.00114768
 0.967075
 1.63589
 1.85731
 1.93337
 1.45068
 1.40112
 0.374919
 0.178525
 0.43077
 0.408603
 -0.0644348
 -0.341988
 0.43095
 -0.566557
 -0.773102
 -1.47253
 -0.366122
 0.513069
 0.0259852
 0.134032
 -0.19308
 0.18793
 -1.15736
 -0.73847
 1.10635
 1.95764
 1.86911
 1.09931
 0.0424107
 0.351883
 -0.264047
 -0.229261
 -0.130504
 -1.65051
 -1.82385
 -0.79857
 -0.279762
 -0.123569
 -0.524175
 -0.0465197
 0.722885
 -0.0669957
 0.215098
 -0.0427663
 -0.874644
 -1.64866
 -2.64727
 -1.70311
 -2.31942
 -1.99667
 -1.30519
 -0.44478
 0.209087
 -0.488664
 0.669923
 0.534085
 0.567566
 0.00532975
 -1.09001
 -0.87019
 -0.515066
 0.0176442
 -0.913216
 -0.965698
 -0.393886
 -0.205222
 -0.643559
 0.334144
 0.38686
 -0.385079
 -1.10143
 -0.571569
 -0.31803
 0.615324
 0.645121
 0.865659
 0.85926
 0.468553
 1.92416
 0.985038
 0.720022
 0.0163406
 0.0188655
 -0.0371413
 0.0389432
 -0.671048
 -0.619138
 -0.872358
 -0.504765
 -0.905066
 -0.106652
 -0.826199
 0.34388
 0.174395
 -0.407576
 -0.0518581
 0.385541
 1.10171
 0.893952
 0.500655
 0.328409
 0.374717
 -0.559874
 0.719049
 -0.124934
 0.89593
 1.93898
 0.984532
 -0.0181316
 0.337306
 0.381478
 1.64249
 1.57816
 0.244479
 0.461446
 0.08149
 0.373486
 1.09268
 1.43923
 1.73841
 1.23917
 1.02815
 0.0097421
 -0.194891
 0.0573507
 -0.262432
 -0.40358
 -0.936142
 -0.19281
 -0.0406002
 -0.710235
 -1.13983
 -0.516535
 0.0954831
 0.236738
 -0.540885
 -0.353528
 -0.58583
 -0.293182
 -0.297224
 -0.442199
 0.409108
 -0.718042
 -1.12829
 -0.564702
 -0.720919
 -1.44272
 -0.40253
 0.257908
 0.123196
 -0.494282
 -0.610002
 -0.288903
 0.896694
 0.711889
 1.61255
 0.949142
 0.461702
 0.102931
 0.164688
 0.441918
 1.00726
 1.53762
 1.16037
 1.46492
 1.72529
 1.16747
 2.08675
 1.48569
 1.05945
 0.0352158
 -0.753404
 0.430224
 -1.32716
 -1.24776
 -1.68141
 -1.69016
 -1.35053
 -0.457565
 -1.13635
 -0.699999
 -1.09937
 -2.0579
 -1.96725
 -1.33973
 -0.052531
 0.87071
 0.120969
 0.709895
 0.391353
 0.68315
 0.546454
 1.14339
 1.25984
 1.19902
 0.894407
 -0.0107519
 0.0549672
 0.214375
 1.09828
 0.894479
 1.64532
 1.16337
 1.5247
 1.00201
 0.930133
 1.86611
 1.455
 1.57268
 1.14643
 0.631245
 0.924297
 0.840007
 2.14992
 1.62655
 1.41804
 0.63046
 0.792638
 1.51119
 1.17439
 0.907858
 0.673836
 -0.454013
 -0.578083
 -0.800904
 -0.717284
 -0.993108
 -1.0763
 -1.02751
 0.291808
 -0.337954
 -0.700225
 -1.31556
 -0.835746
 -0.856015
 -1.11396
 -1.14434
 -1.10653
 -0.662331
 -0.0552794
 -0.948553
 0.321159
 -0.15243
 0.283671
 -0.102762
 0.272124
 0.46031
 -0.0846524
 -0.578237
 0.626997
 0.0819224
 1.05288
 1.88826
 1.95429
 0.53933
 0.00898568
 -1.50307
 -1.49429
 -1.03995
 -0.854343
 -0.968869
 -1.36084
 -1.47397
 0.278214
 -1.38992
 -0.757513
 -0.268815
 -0.711981
 -0.381321
 -0.457493
 -0.890206
 0.229401
 -0.211135
 -0.433696
 -1.59679
 -2.63677
 -1.04743
 -1.3213
 -1.41295
 -0.9385
 -0.745487
 -1.19945
 -0.111351
 -1.24425
 -0.965838
 -0.958913
 -0.900866
 -0.949354
 -0.486573
 -0.216712
 -0.799127
 -0.0478162
 0.978281
 1.14529
 1.77654
 2.01996
 3.80923
 3.31797
 3.03063
 2.68289
 2.02464
 1.38623
 1.52156
 0.649671
 1.49455
 2.90963
 2.21269
 1.66191
 0.610012
 0.039514
 1.16417
 0.739059
 0.547566
 0.459335
 0.619079
 0.647981
 0.132481
 0.156058
 -0.643099
 0.0459617
 -0.201498
 -0.225927
 0.054197
 0.656045
 0.449215
 0.151257
 -0.108374
 -1.83534
 -0.946503
 -0.179091
 0.15215
 0.28437
 -0.787101
 -0.630014
 -1.02562
 -0.337792
 -0.546932
 -1.04117
 -1.45355
 -1.18301
 -2.41772
 -2.47269
 -1.4033
 -0.723068
 -0.319711
 -0.664212
 -1.20721
 -1.43001
 -0.525647
 0.0383388
 -0.739379
 -0.939513
 -1.59762
 -0.501649
 0.149123
 0.0175999
 0.105853
 -0.274497
 -0.400673
 -0.053624
 0.721062
 -0.917923
 -0.477152
 -0.748478
 -0.213693
 -1.47501
 0.138847
 0.667916
 0.81846
 0.23079
 0.145708
 0.432938
 1.41043
 1.09413
 1.48761
 1.1495
 0.439304
 0.484289
 1.78257
 2.13307
 2.93778
 2.35646
 1.87736
 2.94426
 3.40222
 2.26833
 1.76221
 1.47375
 0.228323
 -1.92239
 -1.27237
 -0.735475
 -0.942011
 -1.22877
 -0.561433
 -1.0737
 -1.82375
 -1.54983
 -1.32389
 -1.19351
 -1.38508
 0.110516
 0.197356
 -0.154723
 -0.562548
 -0.0950625
 -0.344211
 -1.24062
 -2.04228
 -1.82812
 -1.10114
 -1.5869
 -1.52406
 -0.837898
 -0.53148
 -0.539948
 0.458585
 0.136005
 -0.365992
 -0.463112
 -0.272795
 -0.645482
 -1.74152
 -1.24194
 -0.710242
 0.716202
 0.286586
 -0.43922
 0.59185
 0.818364
 0.308416
 0.109562
 -1.1191
 -1.42588
 -1.26495
 -0.975977
 -1.53261
 -1.61814
 -2.45302
 -1.67885
 -1.25339
 0.337628
 -0.591531
 -0.190528
 -0.380415
 -1.64651
 -0.7148
 -0.99225
 -1.80114
 -2.08123
 -1.119
 -0.737255
 -0.0763544
 0.578388
 0.174833
 0.0966821
 0.485658
 0.137676
 -0.0059069
 0.188765
 0.0834887
 0.0152503
 -0.336035
 0.545063
 1.36896
 0.376838
 -0.587565
 -1.16653
 -1.02869
 -1.39153
 -0.540853
 0.260042
 -0.565793
 -0.42091
 0.223018
 -0.319135
 0.407102
 0.899024
 -0.355904
 -0.800048
 1.35133
 1.96506
 1.1835
 1.10065
 1.22063
 0.689955
 0.167585
 -0.258298
 -0.922499
 -0.238924
 1.6392
 -0.139749
 -0.400127
 0.294454
 0.884285
 0.584526
 0.0577553
 1.16898
 0.824028
 0.698125
 1.11825
 0.763608
 -0.371622
 -0.160077
 -0.549597
 -0.470026
 -0.309338
 -1.33556
 -0.959063
 0.772209
 2.11647
 1.35425
 0.416509
 0.515354
 -1.60601
 -1.13954
 -0.905285
 -1.32483
 -2.05047
 -1.4706
 -0.482204
 -0.0698085
 0.0843941
 0.533487
 1.47486
 1.13127
 0.390687
 -0.422491
 0.229663
 0.37722
 0.375859
 0.0919073
 0.314344
 0.113261
 -0.426071
 -1.01612
 -1.01008
 -1.19894
 -1.30882
 -1.29468
 -0.888208
 0.129382
 0.000747642
 1.65194
 1.49129
 1.15361
 1.46922
 0.799626
 0.156161
 -0.696235
 -0.46095
 -1.07717
 -1.13679
 -1.00098
 -1.08972
 0.515125
 0.695495
 0.946692
 0.89285
 1.57206
 1.0365
 0.872909
 0.699574
 -0.42453
 -1.29088
 0.338493
 0.433901
 0.527133
 0.897125
 1.08728
 -0.445976
 -0.63151
 0.638129
 0.389268
 0.367375
 0.436331
 1.386
 1.00201
 0.9112
 0.738409
 -0.856621
 -0.361396
 0.868393
 1.03632
 -0.40816
 -0.435066
 0.11973
 -0.194176
 -0.338359
 -0.4426
 -0.379864
 0.48704
 -0.608883
 0.384548
 0.299751
 1.00116
 1.04596
 1.25605
 1.01789
 -0.354088
 0.442027
 0.897972
 1.0083
 0.409434
 -0.619698
 -0.650792
 -0.204118
 -0.761475
 -0.678759
 -0.496008
 -0.222007
 -0.510485
 0.822323
 0.359031
 0.218616
 0.643388
 0.404517
 0.116179
 -0.575698
 -9.52004e-05
 0.328607
 1.06558
 -0.410084
 -0.302604
 0.0104936
 -0.0663719
 -0.0316619
 0.497377
 0.851002
 0.181525
 -0.501299
 -0.803657
 -0.566214
 -0.603141
 -1.19252
 -0.237844
 -1.14612
 -1.22537
 -0.160086
 0.264309
 -0.434767
 -0.606407
 -0.378738
 0.450666
 0.705856
 1.29201
 0.145967
 -0.296398
 0.0138508
 0.318111
 1.01725
 1.47494
 0.246656
 -0.886479
 -0.645968
 -0.481729
 -0.469836
 0.25037
 -0.237525
 -0.525547
 -0.292467
 -0.67592
 -0.619078
 -0.694126
 -0.240521
 -0.566145
 -1.05775
 -1.80375
 -1.79644
 -0.800163
 -0.741091
 -0.0893064
 0.105912
 0.546416
 0.561602
 -0.0377346
 0.903782
 1.13379
 0.220418
 -0.0304172
 1.01335
 -0.538192
 -0.342396
 -0.232959
 -0.481004
 0.928461
 1.28857
 1.78967
 1.28461
 0.785158
 -0.510785
 -0.0158051
 0.546318
 0.563421
 0.214919
 1.27743
 1.29165
 0.277297
 -1.09337
 -1.35094
 -1.24435
 -1.36034
 -0.946317
 -0.186206
 -0.866564
 -0.991242
 -1.05381
 -0.615528
 0.641566
 0.516877
 0.0661912
 0.284765
 0.456716
 0.935681
 1.28023
 1.52271
 1.92399
 1.19854
 2.27547
 2.22668
 2.67558
 2.58688
 2.89536
 2.66956
 2.74981
 2.82916
 2.1939
 2.02572
 0.616144
 0.847512
 -0.170451
 0.745425
 0.21321
 0.544228
 -0.0991618
 -0.599494
 -1.21218
 -0.914973
 -0.617705
 0.275372
 0.0898792
 -0.217546
 -0.641494
 0.577135
 0.00436921
 -0.814617
 -0.8656
 -2.04633
 -1.11249
 -0.914534
 -2.26934
 -1.15427
 0.0316749
 1.01464
 1.16197
 0.357085
 0.770239
 0.163009
 1.06663
 0.341403
 0.0725642
 0.654342
 0.795756
 -0.282204
 -0.38765
 -0.363257
 0.0891286
 -0.263635
 -0.637855
 0.260522
 0.218976
 -0.102416
 -0.676574
 -0.346881
 0.434212
 0.162339
 -0.498485
 -0.823296
 -0.705317
 0.203978
 0.579899
 0.693818
 -0.396532
 -0.958403
 -0.370359
 -0.953034
 -0.526587
 -1.046
 -0.574857
 -0.277961
 -0.489935
 -0.347679
 -0.564063
 0.150368
 0.99229
 1.17079
 1.82565
 2.64975
 2.47386
 1.54995
 0.776328
 0.505373
 0.934978
 1.86139
 1.77815
 1.88691
 1.80269
 1.75589
 0.550232
 0.137966
 -0.367008
 0.217638
 0.749537
 0.188142
 -1.08537
 -0.911062
 -1.6443
 -1.22248
 -1.05154
 -0.915396
 0.137527
 0.528594
 1.75043
 -0.855051
 -1.51881
 -2.30637
 -1.08397
 -2.17393
 -0.833937
 -1.5035
 -0.994577
 -1.66439
 -1.4897
 -1.02873
 -0.549792
 -1.49304
 -1.55383
 -0.163669
 -1.14798
 -0.993754
 0.168602
 -0.154942
 -0.696894
 0.0667903
 -0.459936
 -1.15741
 -0.788409
 -0.723009
 -0.278151
 -0.465112
 0.460627
 -0.347992
 -0.632263
 -1.11054
 -1.27244
 -1.12983
 -0.396316
 0.239454
 -0.392111
 0.261556
 -0.171735
 -0.384668
 -0.151088
 0.0419353
 0.772742
 1.13076
 0.460372
 -1.29171
 -1.68817
 -2.3903
 -2.41565
 -1.35141
 -0.733073
 -1.81288
 -1.91077
 -1.13731
 -0.527788
 -1.32275
 -0.246914
 0.200428
 -0.411077
 -1.41837
 -1.57339
 -1.20034
