 0.0769592
 -0.0957141
 0.0414133
 0.114149
 0.0153408
 0.0980619
 -0.0543066
 0.0839907
 -0.014886
 -0.0541346
 0.0614597
 -0.0668874
 0.0476195
 0.172903
 -0.0870887
 -0.0648382
 -0.0159468
 -0.0349339
 -0.0893543
 -0.0332124
 -0.113668
 0.0687084
 -0.0850236
 0.0896285
 -0.132009
 -0.0566194
 0.0532842
 -0.00185003
 -0.221709
 -0.13387
 -0.157835
 -0.0992031
 -0.0375447
 -0.0256262
 0.0469441
 -0.24562
 -0.0280923
 -0.0625677
 -0.0501885
 0.0298937
 -0.131674
 -0.0540333
 0.151994
 -0.111422
 -0.0397255
 0.0654115
 0.0419393
 0.104902
 -0.0132974
 0.0528037
 0.116957
 -0.149904
 0.170379
 0.185019
 0.00865837
 -0.0124508
 0.175692
 0.0848403
 -0.00625959
 -0.0988595
 0.10111
 0.253777
 0.0254463
 0.0238974
 -0.106327
 -0.139107
 0.110287
 0.0450679
 -0.155929
 -0.0599194
 -0.0721695
 -0.10725
 -0.0323942
 0.040827
 -0.0424256
 -0.0844413
 0.0689997
 0.00149171
 0.0092254
 0.0177352
 -0.0581728
 -0.189084
 0.0857393
 -0.166778
 0.165619
 0.126223
 0.177256
 0.14216
 0.182061
 -0.0502905
 -0.189061
 -0.0120345
 -0.120741
 -0.0894453
 -0.0917635
 0.0296037
 -0.00116301
 0.00942654
 0.0967622
 -0.187362
 -0.0151203
 -0.0389489
 -0.143058
 0.00362979
 -0.207262
 -0.238572
 0.128948
 0.0936945
 -0.0872586
 0.0771528
 -0.055044
 0.166704
 -0.0670717
 0.0406435
 -0.117324
 -0.0525804
 0.0522817
 0.0555297
 -0.066699
 -0.12256
 -0.0577473
 0.246585
 0.0341937
 -0.0824409
 -0.000286833
 0.128011
 -0.050068
 -0.113568
 0.117245
 -0.0446509
 0.00537545
 0.0353202
 0.0263656
 -0.0343981
 0.160589
 0.0858837
 0.17594
 0.0880748
 -0.146135
 0.212778
 -0.104836
 0.0920423
 0.00964144
 0.0101585
 -0.337581
 0.00867275
 0.136408
 -0.0332387
 0.160064
 0.014128
 -0.0824635
 0.0211149
 0.0185408
 -0.0339653
 0.146137
 0.079852
 0.0207959
 0.0843066
 -0.112042
 0.114353
 0.0357101
 0.0777546
 0.132592
 -0.0800727
 0.00918514
 0.0287906
 0.0102657
 0.0203221
 -0.0925823
 0.0212396
 0.0525411
 0.0058756
 0.0873332
 0.00690625
 0.0352412
 -0.259636
 -0.147382
 -0.194057
 -0.0235965
 -0.0384227
 -0.0354469
 -0.0434631
 0.00629079
 0.037872
 -0.0365896
 0.0286584
 -0.133781
 0.0370577
 0.207519
 -0.0248457
 -0.0160112
 0.218896
 0.243198
 -0.0899455
 0.121299
 0.106692
 -0.0490078
 -0.173981
 -0.0710446
 0.0556837
 -0.122806
 0.136384
 -0.0690378
 0.160855
 0.122209
 -0.0908203
 -0.0145097
 -0.0105704
 0.123357
 -0.0579441
 0.0175087
 -0.000405112
 -0.055033
 0.0602404
 -0.055514
 0.0354031
 0.045137
 0.150273
 0.0283588
 -0.0910455
 -0.0443274
 -0.136975
 0.0437723
 0.204146
 0.020781
 -0.011756
 0.137076
 0.0709709
 0.0664198
 0.0609605
 -0.024527
 -0.203335
 -0.102491
 -0.0617473
 0.0279705
 0.130079
 -0.0239764
 0.132336
 0.0345793
 0.0335625
 -0.165134
 0.0155096
 -0.0719934
 0.0232643
 -0.122022
 0.108409
 0.00988221
 -0.0322067
 -0.0658434
 -0.122277
 0.0476366
 0.0385749
 -0.114199
 -0.0126337
 0.0204228
 -0.120002
 0.0849505
 0.093171
 0.0740762
 -0.0107578
 0.0876523
 0.0228497
 -0.144668
 0.195186
 -0.0385892
 0.0418341
 0.178942
 -0.0493981
 -0.0691982
 0.0407034
 0.0861362
 -0.18734
 0.00358658
 0.0149905
 -0.0950017
 0.169723
 -0.078232
 0.0740505
 -0.232452
 -0.0950972
 0.118401
 0.13347
 0.0145011
 0.0662919
 0.083969
 0.131959
 -0.0487295
 0.083626
 0.0144091
 -0.103485
 -0.0384135
 0.0884511
 0.0717771
 -0.121074
 -0.15342
 -0.0172711
 0.0191187
 0.070757
 0.127854
 0.161488
 0.0535904
 -0.185761
 -0.0181079
 -0.00619261
 0.0315221
 0.171602
 -0.000968857
 -0.0400594
 -0.137632
 0.00862743
 -0.0438693
 0.16119
 -0.132981
 0.0651763
 0.126442
 -0.0780412
 -0.0758399
 0.125077
 0.0575409
 0.0755373
 -0.0220171
 0.0437522
 -0.0132209
 0.0441278
 -0.0568428
 -0.0667274
 0.0021321
 -0.0634881
 0.0926339
 0.039393
 -0.0070902
 -0.0346786
 -0.0608716
 -0.0619169
 0.118334
 -0.115986
 -0.0372891
 -0.094272
 -0.0430954
 -0.0307664
 0.115619
 0.0394944
 0.0125037
 -0.0270939
 -0.00219781
 0.119952
 0.0955949
 -0.0615472
 -0.100621
 -0.0353288
 -0.136596
 -0.0370812
 -0.0764674
 0.0180392
 0.0359593
 -0.175333
 0.00643084
 0.0892011
 -0.0466461
 0.127781
 -0.173334
 0.0679633
 0.14443
 -0.0153411
 0.161965
 0.0905539
 0.104567
 0.0964445
 -0.0241286
 -0.0870458
 -0.0119703
 0.161322
 -0.0383893
 0.0120072
 -0.00227722
 0.0894007
 0.0487712
 0.098733
 -0.0859862
 0.0708589
 0.0183904
 0.0301442
 0.0882759
 0.158534
 0.00209602
 -0.0406469
 0.161927
 0.015558
 -0.0859774
 0.135758
 -0.00273529
 -0.100802
 -0.0451786
 -0.00499579
 0.0195251
 0.0119161
 -0.10756
 -0.0865553
 -0.064807
 -0.0323576
 -0.0499524
 0.0639832
 0.157087
 -0.00556639
 0.147568
 -0.0329839
 0.11875
 -0.0757431
 0.0401111
 0.0598765
 -0.0959065
 -0.155471
 -0.0806302
 0.123707
 0.0277168
 0.034447
 -0.100999
 -0.0803827
 -0.108583
 0.0444534
 0.0517698
 -0.00648115
 -0.152205
 -0.0820786
 -0.149623
 -0.0196831
 -0.106681
 -0.0616836
 0.0335644
 -0.0369191
 -0.0664756
 0.0582395
 -0.00579887
 0.135417
 0.123825
 0.0432767
 -0.0738105
 -0.0587594
 -0.163723
 0.0617371
 0.0688525
 0.03116
 0.0229939
 0.196962
 -0.00298244
 -0.0940972
 0.0377419
 0.023455
 -0.0664172
 -0.0513881
 0.113708
 0.101595
 -0.0359822
 0.221155
 0.11691
 0.245939
 0.064746
 0.0626594
 0.309759
 -0.102733
 0.0262727
 0.133126
 0.087433
 -0.0278708
 0.0480428
 -0.120365
 -0.0780479
 -0.0179305
 0.150432
 -0.0125388
 0.148826
 -0.0925111
 -0.0681481
 0.0151157
 0.000760775
 -0.163871
 0.133416
 0.0114302
 0.0533035
 0.0783274
 -0.1246
 -0.0507246
 0.0647937
 0.138787
 0.0149493
 -0.124322
 -0.0439609
 0.00789676
 -0.0925675
 -0.0436436
 -0.0515548
 -0.106962
 -0.179702
 -0.0187483
 -0.0557182
 0.0534614
 0.0368781
 -0.0634879
 0.076975
 0.136515
 -0.0577767
 -0.0989649
 -0.0303966
 0.0787194
 0.131341
 0.00459985
 -0.0121164
 -0.224232
 -0.0663472
 -0.159206
 -0.185988
 -0.199571
 0.0502348
 0.0769174
 0.0116106
 0.0537546
 0.213935
 0.0697698
 0.101032
 0.14201
 0.0269905
 -0.0883529
 -0.025864
 0.0290656
 -0.0662527
 0.0883871
 0.0314492
 -0.0916478
 -0.122583
 -0.170573
 -0.126714
 -0.0208654
 0.0458251
 0.00735704
 -0.0102856
 0.0658801
 0.0984058
 -0.0917647
 0.0290164
 0.0686912
 0.112604
 -0.10846
 0.108866
 -0.103078
 0.0309981
 -0.028416
 -0.0816555
 0.104975
 -0.0152276
 0.0113102
 0.0397373
 0.167922
 0.0574301
 -0.179438
 0.106995
 0.0963318
 -0.1648
 -0.0274543
 0.0304513
 0.0251844
 0.00425151
 0.0193723
 0.0971478
 -0.115173
 0.108667
 -0.108645
 0.0408214
 -0.0284624
 -0.125235
 -0.0705797
 -0.16411
 -0.00301335
 -0.0390123
 -0.0311437
 -0.0960596
 0.0756492
 0.080124
 0.0630979
 0.088433
 -0.150511
 -0.0377427
 0.125866
 -0.0744571
 -0.0606979
 -0.0177384
 -0.0309706
 -0.0496422
 0.248399
 -0.0353666
 -0.0493368
 -0.0751008
 -0.0345361
 0.0432037
 0.0316948
 -0.0532752
 -0.100342
 -0.0983992
 -0.166379
 -0.0644005
 -0.0224014
 0.0758403
 0.0110752
 -0.0193759
 -0.0400857
 -0.150155
 -0.00195856
 -0.0727029
 -0.12867
 0.0290179
 -0.0402294
 0.181599
 -0.0614638
 0.0497176
 0.0827784
 0.12162
 0.130142
 0.00279599
 0.0660306
 0.104613
 0.157418
 0.055796
 0.0180735
 -0.00010641
 -0.0571673
 -0.201314
 0.0490974
 -0.171126
 -0.0461087
 0.000845316
 0.0266436
 -0.110198
 0.142501
 0.0914102
 -0.0198267
 0.0053088
 -0.109013
 0.0685751
 -0.0456451
 -0.0911303
 0.174727
 -0.112558
 -0.070647
 -0.0300485
 -0.0400492
 -0.168416
 0.176713
 0.0960096
 0.0234489
 0.0318868
 0.0733887
 -0.0278237
 -0.0233143
 -0.0296836
 0.160929
 -0.101348
 0.00647807
 0.197652
 -0.0913332
 -0.124194
 -0.240935
 -0.0550265
 -0.219271
 0.0943635
 0.00834552
 -0.011574
 -0.0450717
 0.16565
 -0.0394915
 0.267296
 0.0454748
 0.00392276
 0.191808
 -0.0667888
 0.0159202
 0.0993921
 -0.1052
 0.119044
 -0.101667
 0.0352918
 0.145259
 0.154358
 -0.135391
 0.151608
 -0.0905197
 -0.046469
 -0.000763355
 0.207188
 -0.215521
 -0.0119949
 0.00285844
 -0.0918259
 0.135544
 -0.184887
 -0.155569
 0.157946
 -0.0893181
 -0.00273244
 -0.189496
 -0.119882
 0.184301
 0.0371531
 0.012165
 -0.153072
 0.121793
 0.111864
 0.0614077
 0.160265
 0.0151307
 -0.0306588
 0.0795351
 -0.0617926
 -0.00950376
 0.142564
 -0.114775
 0.00190581
 0.064551
 -0.024219
 -0.195516
 -0.0399586
 0.032583
 0.017513
 -0.0641648
 0.0680814
 -0.00102527
 0.142165
 -0.0979878
 -0.0880863
 0.00293446
 -0.00433165
 0.0138483
 0.00675923
 0.25896
 0.177408
 -0.194511
 0.017676
 0.143715
 -0.124379
 -0.0391053
 0.0158041
 -0.164634
 0.127232
 0.0168028
 -0.105439
 0.0551565
 0.0888036
 0.017401
 0.0280956
 -0.037322
 -0.0601192
 0.0781772
 0.059092
 0.0841591
 -0.0931157
 -0.0163252
 -0.062697
 -0.00385787
 0.0417934
 0.00863961
 -0.060801
 -0.0876019
 -0.234249
 0.0561866
 -0.0880929
 0.07104
 0.0342074
 -0.078227
 -0.0138008
 0.0767215
 -0.0119081
 0.0710702
 -0.00360277
 -0.132003
 -0.0831628
 0.00582158
 -0.078696
 -0.113488
 -0.0372008
 0.0492807
 -0.111265
 -0.0687572
 0.102066
 -0.118321
 0.0825424
 0.0599702
 0.0887845
 0.292532
 -0.0412568
 -0.0126194
 0.07816
 -0.00115999
 0.132791
 -0.155145
 0.111893
 0.142093
 -0.0691082
 0.0128583
 -0.00787731
 -0.0307383
 0.0537443
 -0.0906485
 -0.0084753
 0.068064
 0.0325775
 0.0393876
 0.0157177
 -0.109581
 0.132628
 0.128513
 0.0267243
 0.00969689
 -0.0340246
 0.00632509
 0.0222713
 0.00618661
 -0.101097
 0.0318853
 0.0238899
 0.087645
 0.110775
 0.00375592
 0.0530364
 0.0737563
 -0.0315961
 -0.133491
 0.208215
 -0.128439
 -0.000227729
 -0.132225
 0.0201063
 -0.0104318
 -0.210211
 -0.0243595
 0.0210265
 -0.0534946
 0.0118103
 -0.120905
 0.0437449
 -0.205169
 0.041863
 -0.0331447
 -0.0468317
 -0.0086587
 0.00296699
 0.188808
 -0.0920054
 0.0385757
 -0.0854762
 0.0391517
 0.153693
 -0.086383
 -0.0267271
 -0.196845
 -0.08592
 0.0127212
 0.0470668
 0.126232
 -0.0592868
 0.0366745
 -0.0293414
 -0.026562
 0.104377
 -0.0166171
 0.0917464
 -0.0568361
 0.0491223
 0.149894
 -0.00263837
 0.00411558
 0.0578094
 -0.137026
 -0.0294274
 -0.118983
 0.0267035
 0.122121
 -0.10047
 0.0291039
 -0.1064
 0.0953508
 0.012013
 -0.0935912
 0.0202708
 0.0262767
 -0.034405
 0.0304621
 0.0575703
 0.119266
 0.134321
 -0.237304
 -0.00540309
 0.0788353
 -0.113874
 -0.0662184
 0.0131236
 -0.0546112
 -0.0472622
 -0.0898059
 -0.0349653
 0.00375951
 -0.0743047
 -0.037529
 -0.0544912
 -0.0640418
 -0.0847811
 -0.00508733
 -0.0591761
 0.113384
 -0.0988015
 -0.0793144
 -0.136274
 0.0177037
 -0.081334
 0.0457196
 -0.128536
 0.0246283
 -0.0191544
 -0.105425
 -0.0929694
 0.00488268
 0.0100099
 -0.00702248
 0.189999
 -0.19456
 0.0852884
 0.0168257
 0.124479
 0.0562805
 -0.134878
 0.0452751
 0.025719
 0.0804966
 0.0898623
 0.173234
 -0.0483101
 0.144002
 -0.126741
 -0.144215
 -0.0759969
 0.00019066
 -0.14303
 0.0981527
 -0.0102384
 -0.0796568
 0.101864
 -0.10692
 0.0431666
 0.110036
 0.196717
 -0.171132
 0.119638
 -0.107127
 -0.142239
 0.113044
 0.0707246
 -0.0518429
 -0.0389297
 -0.127236
 -0.0229179
 0.0526013
 -0.0890617
 0.122841
 -0.155479
 0.0730651
 -0.0038191
 -0.00575082
 0.120087
 0.115315
 -0.047594
 0.1195
 -0.0463142
 -0.0258734
 -0.053228
 -0.199869
 0.0223015
 0.0721609
 0.0930975
 -0.0699208
 0.108754
 -0.0137692
 0.0254322
 0.172513
 0.0478007
 -0.0433131
 -0.0607974
 0.0972142
 0.070457
 0.178094
 -0.133115
 0.0146934
 0.0559522
 -0.0299112
 -0.0617767
 -0.175168
 -0.089193
 -0.0353608
 -0.0516181
 0.0809403
 0.103933
 0.0105232
 -0.0648505
 -0.0366956
 -0.0966019
 0.325818
 0.129371
 0.0217501
 -0.0342442
 0.0316389
 -0.149771
 0.0250535
 -0.0304621
 0.0478643
 -0.047204
 -0.0211894
 0.155749
 0.126964
 -0.0480597
 0.0144532
 0.0362396
 0.0375126
 0.0574985
 0.0151246
 0.00753463
 -0.22167
 0.0264595
 0.101575
 0.106252
 0.102654
 -0.0990824
 -0.026667
 -0.100228
 0.0320557
 0.189025
 -0.0372908
 0.00822244
 -0.0349721
 0.0910095
 -0.146198
 -0.0343262
 0.0272914
 -0.0380664
 0.143618
 0.0308075
 0.0195728
 0.102354
 -0.0857245
 -0.137437
 0.0349854
 0.179661
 -0.0462967
 -0.025432
 -0.149114
 0.0734805
 0.117713
 -0.107658
 -0.0761833
 0.0471921
 0.0127152
 -0.124488
 0.0538946
 -0.00268745
 -0.0157953
 0.0557033
 0.0923223
 0.0750314
 -0.0163514
 0.0596595
 0.0275134
 0.0648764
 0.0935057
 0.0937874
 0.0484969
 -0.135
 -0.0719203
 -0.0734219
 0.0720305
 0.0185953
 -0.0641599
 0.0854149
 0.00288278
 0.0520522
 -0.0160416
 0.110476
 -0.045688
 0.0622383
 0.0352576
 -0.158819
 0.00802521
 -0.0768076
 -0.0127673
 -0.148799
 -0.0997883
 -0.106671
 0.122546
 0.0116517
 -0.0561538
 -0.135384
 -0.0351238
 0.066011
 -0.0309866
 0.0622058
 0.012787
 -0.0221561
 0.209901
 -0.150059
 0.025105
 0.0463415
 -0.0285848
 -0.00933631
 0.0721166
 0.198274
 0.0636536
 -0.112482
 -0.00309371
 0.0248619
 0.0326369
 0.0109902
 0.0998787
 0.0737844
 -0.0277975
 0.107071
 -0.0490658
 -0.100384
 0.0944113
 -0.00612198
 -0.0391437
 0.151176
 -0.0450704
 -0.029996
 -0.053379
 -0.0570166
 0.02041
 0.0175684
 -0.0588427
 0.00594841
 -0.0667961
 0.0175236
 0.0470409
 0.00737685
 0.112362
 -0.115176
 0.0391549
 0.0399392
 0.0207678
 -0.0360344
 0.0709383
 -0.0407119
 0.00163896
 0.0500875
 -0.0580599
 -0.0206809
 0.0311924
 -0.00660917
 -0.041241
 -0.100444
 0.100978
 -0.0344628
 -0.0216308
 0.0822227
 0.149188
 -0.0903897
 0.0596808
 0.149027
 -0.112239
 0.131957
 -0.0759067
 -0.0164688
 -0.131729
 -0.133616
 -0.182997
 -0.100623
 -0.141967
 -0.0121294
 -0.021766
 0.0104005
 -0.0395203
 -0.10358
 0.0656563
 -0.0321702
 0.0390748
 0.0492103
 -0.0248266
 -0.134706
 0.100741
 0.12652
 0.019823
 0.0270735
 -0.0729107
 0.110855
 -0.0763238
 -0.0137073
 -0.085284
 -0.0141282
 0.0845028
 -0.135908
 -0.054238
 0.0540566
 -0.134015
 -0.120725
 0.186812
 -0.163894
 -0.0627817
 -0.182579
 -0.10609
 -0.152048
 -0.000864885
 0.137959
 -0.111545
 0.0345656
 0.0899517
 0.00385432
 -0.000211401
 -0.14092
 -0.136673
 -0.133273
 0.00847298
 0.141865
 0.214584
 0.0420416
 0.0665979
 -0.0223014
 -0.0418603
 -0.169922
 0.0957159
 -0.102338
 0.0463971
 -0.150009
 -0.120034
 -0.206132
 0.0185226
 -0.044991
 0.0120646
 0.00442657
 -0.0778685
 -0.0721633
 0.0534575
 -0.162712
 -0.047765
 -0.0585304
 -0.0324597
 0.0228051
 0.110791
 -0.155189
 -0.0800786
 -0.0201501
 -0.0274364
 0.00663113
 0.000740591
 -0.145768
 0.134142
 -0.0497009
 0.127928
 0.0959936
 -0.0382244
 0.0378647
 -0.0436329
 0.147317
 0.179136
 0.0935577
 0.287135
 0.041662
 0.153139
 0.00803275
 -0.0227454
 -0.17841
 -0.0909144
 0.0510722
 0.186188
 -0.00726026
 -0.0881607
 0.289133
 0.0638109
 0.132808
 0.15407
 0.0202087
 -0.0442348
 0.0159387
 -0.0459123
 0.0780024
 0.192563
 0.109439
 -0.081132
 -0.0946832
 -0.0791737
 -0.237906
 0.0468452
 -0.0186634
 0.127711
 -0.119663
 -0.0193717
 -0.0919347
 0.112081
 3.23274e-06
 -0.0210675
 0.0486713
 -0.0290514
 -0.0860195
 0.108197
 -0.112088
 0.0279332
 0.0368727
 -0.0680776
 0.0789649
 0.0332881
 -0.064696
 -0.0982268
 -0.083361
 0.0640376
 -0.0674983
 -0.143828
 -0.0863386
 0.0850308
 -0.0530983
 0.166112
 0.0875842
 0.0336041
 -0.0679555
 0.0759557
 0.075054
 0.0551834
 -0.116007
 0.0995448
 0.000583968
 -0.0516507
 -0.0541513
 0.181389
 0.0386122
 0.0512861
 -0.00500685
 0.0518975
 -0.0831496
 0.054935
 0.128235
 -0.0329241
 -0.0944277
 -0.00556566
 0.139762
 -0.0778155
 0.140386
 -0.102164
 -0.0518344
 -0.110389
 0.0472344
 -0.027398
 0.0282201
 0.0086081
 -0.0295672
 0.0863323
 -0.0555548
 -0.114988
 -0.0224334
 -0.0189759
 -0.121898
 -0.0232789
 0.00283195
 0.0928199
 0.00880149
 -0.0152915
 -0.0578703
 0.177714
 -0.0911768
 0.00717096
 0.206337
 -0.174329
 0.0483313
 -0.146658
 0.0118322
 -0.092259
 0.1064
 0.00853766
 -0.0387244
 -0.038061
 0.184128
 0.0708839
 -0.157607
 0.0993382
 -0.0657437
 0.123587
 0.184871
 0.0707987
 -0.0049262
 -0.139006
 0.00484328
 -0.112076
 0.188588
 -0.0626557
 -0.114342
 0.116059
 0.0209232
 -0.0523194
 -0.141489
 -0.0771589
 0.0681273
 0.0748857
 -0.022881
 0.0787832
 -0.0146036
 -0.00733451
 -0.0525367
 -0.0135987
 0.0990854
 0.0853771
 -0.0381604
 0.121337
 -0.0186243
 0.0710825
 -0.0117571
 0.0510763
 0.157985
 -0.00601021
 -0.0566749
 0.0094012
 0.116857
 0.0711746
 0.112565
 -0.0678065
 0.0688511
 -0.0113019
 -0.110058
 0.142042
 -0.04549
 -0.0219555
 0.0377812
 -0.0429985
 0.242664
 -0.000885265
 0.148687
 0.0681038
 0.016664
 0.117313
 0.135251
 0.0187303
 -0.0811598
 0.00976558
 0.101557
 0.129949
 -0.0255605
 -0.0103182
 -0.123409
 0.155353
 0.12912
 0.0596934
 0.0758741
 -0.061592
 0.133551
 -0.0554403
 0.0889216
 -0.00747665
 -0.0274502
 -0.039392
 -0.130573
 -0.0279566
 0.047755
 -0.157514
 -0.0158892
 -0.162331
 0.131204
 -0.222622
 0.121021
 -0.00476712
 -0.0381247
 0.0191592
 -0.000420114
 0.00447904
 -0.105061
 0.041584
 -0.119252
 -0.0103765
 -0.0968729
 -0.0383217
 -0.0021512
 -0.0480943
 0.0160518
 0.0340724
 0.11428
 0.135519
 -0.0206265
 -0.0406758
 0.0152591
 0.0347117
 0.0464364
 -0.145241
 -0.0642393
 0.0548903
 -0.012845
 0.057383
 0.0327668
 0.0890945
 0.129917
 0.00582387
 -0.10586
 -0.180991
 -0.039078
 0.0695181
 0.0278923
 0.125149
 0.144688
 -0.0693276
 -0.00226221
 0.170086
 -0.147485
 0.135319
 -0.00621815
 -0.0920962
 0.0139987
 0.0189078
 -0.0402519
 0.0541502
 0.0863563
 0.0315601
 -0.0211385
 -0.0637248
 0.0122926
 0.0320978
 0.0964593
 -0.122275
 0.0714274
 -0.0205061
 -0.0398581
 -0.0205652
 -0.0567883
 0.072189
 0.238332
 0.192481
 0.0616867
 0.0366683
 -0.112391
 0.0505723
 -0.00882836
 0.225628
 0.127107
 0.095645
 0.0560161
 0.0369138
 0.0983341
 -0.0879998
 0.168812
 0.145461
 -0.0123733
 0.0275762
 -0.0484513
 -0.0426425
 0.0751003
 0.107002
 0.0916704
 -0.0349857
 0.108679
 -0.015717
 -0.144772
 -0.0177146
 -0.0213872
 -0.0900167
 0.129219
 -0.108502
 0.026216
 0.127016
 0.187947
 0.0952619
 0.0645114
 -0.0562293
 -0.00560732
 0.0898138
 -0.0534308
 0.296647
 -0.108778
 0.150377
 -0.0971777
 -0.111407
 -0.212904
 -0.0123383
 0.0174929
 0.0370444
 -0.0212088
 0.071228
 -0.0332535
 -0.00826615
 -0.0657319
 0.129399
 -0.107732
 0.00935724
 -0.130007
 -0.0110933
 0.0584751
 -0.103635
 0.0174133
 -0.093697
 -0.0116467
 0.0327063
 -0.00105421
 -0.0991057
 0.12799
 0.181959
 0.237017
 0.0546674
 -0.0506555
 -0.213193
 -0.0222775
 -0.0525442
 -0.0644376
 -0.108523
 -0.128081
 0.0739755
 -0.0143587
 -0.104358
 0.206975
 0.0983189
 -0.0775106
 -0.161161
 0.0320357
 -0.0250949
 -0.115484
 0.133912
 -0.0242001
 -0.103059
 0.172694
 -0.0366814
 -0.064774
 0.0672819
 -0.110125
 0.0600893
 -0.0325406
 0.0533944
 0.0395012
 0.00861178
 0.17155
 -0.141944
 -0.100196
 0.0315111
 -0.0453654
 0.0353625
 -0.0394037
 -0.0228419
 0.277039
 0.0186407
 0.153165
 -0.212612
 -0.0420588
 -0.00173522
 0.0437842
 -0.123298
 0.0145038
 -0.00740157
 0.15178
 0.0774755
 0.0067945
 0.0218578
 -0.0391557
 -0.0333668
 0.0717039
 -0.22305
 -0.0750298
 -0.0870603
 -0.257308
 -0.0369228
 -0.10757
 0.0542988
 0.124819
 0.00234638
 -0.111139
 0.0125376
 -0.0101347
 -0.105613
 -0.103573
 0.067759
 -0.0515523
 0.13186
 0.289584
 -0.0528021
 -0.0922022
 -0.116906
 -0.0295357
 0.0756162
 0.193367
 0.053091
 0.139588
 -0.174439
 0.0633258
 -0.112902
 -0.138481
 -0.0424512
 -0.0187361
 0.102775
 -0.0922422
 -0.000434335
 -0.0717743
 0.0282116
 -0.0591459
 0.0579815
 0.10054
 0.0941618
 0.109297
 -0.0737843
 -0.0164623
 -0.0753439
 -0.106576
 -0.0582372
 -0.0736391
 0.0552785
 0.0890284
 0.0474488
 0.105685
 -0.00723621
 -0.0995677
 0.0391909
 -0.0238725
 0.075453
 -0.00804456
 0.0145607
 -0.0665617
 0.0194816
 0.0320916
 0.0527235
 0.0462542
 -0.12602
 -0.0047976
 -0.185184
 0.149428
 -0.160448
 -0.208757
 -0.120803
 -0.0667097
 -0.0545986
 -0.103939
 -0.0263807
 0.102084
 0.027899
 0.150213
 -0.006274
 0.00689811
 0.0788645
 0.00594637
 -0.0540382
 -0.189728
 -0.0597411
 0.0417974
 0.0769805
 0.121157
 -0.0900563
 0.191494
 0.111811
 0.0544272
 -0.0385247
 0.0956543
 -0.0996057
 0.094761
 -0.114418
 0.0986985
 -0.0498512
 0.0658818
 0.0172652
 0.0201056
 -0.0892451
 0.166758
 0.098013
 -0.0379233
 -0.0363455
 -0.0499364
 -0.21581
 0.0158502
 0.0326878
 0.0828885
 -0.0938864
 0.0236011
 0.0284955
 -0.0147951
 0.104584
 0.241114
 0.0899875
 -0.130089
 0.129956
 0.0659582
 -0.0208693
 0.102022
 0.126497
 -0.177396
 0.0484712
 -0.118419
 -0.00154403
 -0.0763409
 0.105132
 0.123251
 0.0319939
 0.0228673
 0.240197
 0.132618
 -0.105601
 -0.111112
 0.0433489
 -0.192172
 0.242092
 -0.0276079
 -0.12617
 -0.145379
 -0.00488192
 -0.113471
 0.0338241
 -0.0569793
 0.0165
 -0.247629
 0.0376258
 0.0313884
 0.0736383
 -0.0417467
 -0.0128234
 -0.0232302
 0.0975275
 0.0451847
 -0.0441035
 -0.0765136
 0.15893
 -0.00437123
 0.137274
 0.0505882
 -0.065853
 -0.0337121
 0.102404
 0.0121912
 0.0592272
 -0.0397379
 -0.0176564
 -0.242708
 0.0998739
 -0.0139263
 -0.145607
 0.0545488
 -0.0139235
 0.0468967
 -0.206218
 -0.047933
 -0.0996794
 0.0767528
 0.199144
 0.0270917
 0.0868262
 -0.134142
 0.0755063
 0.0863888
 -0.290833
 0.171466
 -0.00867598
 -0.0779172
 -0.132192
 -0.152435
 0.116712
 0.244626
 0.213196
 0.14572
 0.00940867
 -0.0690333
 0.0721776
 0.109276
 -0.0110369
 0.0928952
 0.0405656
 -0.171273
 0.0389141
 -0.0258323
 -0.144669
 0.161382
 -0.0282992
 -0.00740231
 -0.0361045
 -0.118094
 -0.200014
 0.00113595
 0.00268515
 -0.129255
 -0.0111501
 0.00894824
 -0.139993
 0.115021
 -0.0295156
 0.0480591
 0.135817
 0.0398183
 0.0376978
 -0.130632
 -0.0845455
 -0.0464338
 0.0411336
 0.0597413
 -0.0832497
 0.0112188
 0.118131
 0.199885
 0.0429151
 0.0722536
 -0.107265
 0.0689853
 0.0622705
 -0.160062
 -0.0677649
 0.177277
 -0.173599
 0.00707852
 0.0810191
 0.161046
 -0.129528
 -0.0828988
 -0.0766662
 0.0625763
 -0.0764691
 -0.0392942
 -0.117356
 0.106311
 0.00396579
 0.0783587
 -0.119003
 0.0438504
 0.055755
 0.132287
 0.0165211
 0.0190317
 0.0169977
 0.0824614
 0.175166
 -0.0685465
 -0.0700551
 0.061002
 -0.0411714
 -0.136032
 -0.0388787
 0.00617139
 -0.0662035
 0.0309138
 0.0548947
 0.0808876
 -0.0219842
 -0.0319594
 -0.0627578
 0.0413818
 0.155332
 -0.0893242
 0.00516462
 -0.139091
 0.159839
 -0.0871173
 0.0810489
 -0.11461
 -0.0538566
 0.10108
 -0.00328984
 -0.123066
 0.106261
 0.04909
 -0.0166622
 0.117573
 -0.00897552
 0.0682974
 -0.108948
 0.060023
 0.121345
 -0.0409472
 0.143984
 0.0497639
 -0.134678
 -0.0348506
 -0.0766841
 -0.113723
 0.121725
 0.0853628
 -0.145318
 -0.103224
 0.12163
 -0.0545491
 -0.0769172
 0.0837417
 -0.0767242
 0.105835
 0.0733972
 0.0338535
 -0.204981
 0.17641
 0.0672282
 0.00488896
 0.0262333
 0.0893071
 0.041797
 0.179493
 -0.059464
 -0.141401
 -0.304991
 -0.0651548
 -0.00625735
 -0.0692933
 0.125098
 -0.0407179
 -0.116172
 0.087963
 -0.0486987
 -0.0145798
 0.0638712
 0.0929465
 -0.0404811
 0.0155189
 0.0901307
 -0.0148834
 -0.0532956
 -0.0923382
 0.0865678
 -0.276645
 0.151984
 -0.208933
 0.102514
 0.0968554
 -0.0427609
 -0.128967
 0.0224531
 0.0174986
 0.0836703
 -0.0048821
 0.0379237
 0.1719
 -0.0933035
 0.0428977
 -0.100183
 -0.109238
 -0.0729937
 0.0868052
 0.0080747
 0.193794
 0.0203028
 0.0714802
 -0.220091
 0.0426858
 -0.0840596
 -0.0980018
 0.151836
 0.186715
 0.0337288
 -0.0924944
 -0.00184217
 0.165428
 0.101474
 -0.00463142
 0.101445
 0.0314875
 -0.134984
 -0.0391946
 -0.103403
 -0.0817351
 0.0626676
 0.0144597
 -0.0560243
 0.10122
 0.161476
 0.0461174
 0.0801311
 -0.121715
 -0.140312
 -0.116881
 0.127436
 -0.0824317
 -0.0443439
 0.0444386
 -0.00246761
 0.065085
 0.0895841
 0.0795553
 0.0917884
 0.0220695
 0.0124957
 0.0282505
 -0.0901277
 -0.197769
 -0.00747526
 0.0408219
 0.00472916
 -0.180337
 0.088602
 -0.103222
 0.0307648
 0.13052
 0.11147
 -0.0452936
 -0.0866669
 -0.267435
 0.00164821
 0.0370345
 -0.0796599
 0.197315
 -0.0197959
 -0.067125
 0.0238218
 0.115894
 -0.0268486
 -0.00292618
 0.0427504
 0.104706
 -0.152728
 -0.0106462
 0.0334549
 -0.128129
 -0.158188
 -0.0821331
 0.0510085
 0.120939
 -0.00370193
 -0.0461242
 -0.237737
 0.115033
 0.0213136
 -0.0783593
 -0.126879
 -0.0584564
 0.0439419
 0.033433
 -0.16048
 -0.00391412
 0.0922486
 0.0222572
 -0.109795
 -0.0966
 0.0266218
 0.0314965
 0.0139371
 0.0936881
 -0.0749641
 -0.0402301
 0.0253684
 0.0423552
 0.0593004
 0.0157201
 -0.097042
 -0.00779792
 -0.0560566
 -0.0708916
 -0.015267
 -0.186809
 0.0693541
 0.00234984
 -0.180998
 -0.000197764
 -0.0542576
 0.0732543
 0.011903
 -0.00741409
 0.0634818
 0.0564902
 -0.0699615
 -0.00243286
 0.0935625
 -0.109283
 -0.134814
 -0.18791
 0.131893
 0.0928289
 -0.0480839
 -0.204991
 -0.173597
 -0.0536657
 -0.139095
 -0.0583774
 -0.0665267
 0.0447913
 -0.0785225
 -0.0651195
 -0.136074
 0.00860897
 0.193908
 -0.112392
 -0.0400774
 0.0629009
 -0.130469
 -0.084256
 -0.14042
 -0.0953882
 0.0378738
 0.0196479
 -0.119428
 0.157631
 -0.115794
 -0.0693638
 0.110538
 0.141709
 0.19324
 -0.0305522
 0.180171
 -0.0385861
 0.132914
 -0.0313536
 -0.00581053
 -0.235835
 -0.12707
 0.0224273
 0.163573
 0.0701231
 0.254519
 -0.0550823
 -0.00312821
 0.0934986
 -0.256263
 -0.0625221
 0.0050641
 -0.0120647
 -0.0207684
 0.0417495
 0.0020654
 -0.163427
 0.116172
 -0.101109
 0.1098
 -0.124854
 0.0445181
 -0.025632
 -0.11712
 0.0968638
 -0.0823736
 -0.100507
 -0.0215703
 0.151499
 0.204524
 0.0578563
 -0.0250953
 -0.0701141
 0.0522495
 -0.0550346
 0.0217842
 0.0576548
 -0.116913
 -0.126573
 -0.0674473
 -0.108077
 -0.0884498
 0.00771628
 -0.118252
 -0.329143
 0.0206561
 0.248054
 -0.0239728
 0.047671
 -0.0259534
 -0.0171544
 -0.101704
 -0.118904
 -0.0836707
 -0.0149081
 0.0655082
 0.00439726
 -0.0583749
 -0.0240488
 -0.0605296
 0.0745949
 0.0734284
 -0.135826
 -0.168704
 0.0163085
 -0.0568968
 -0.0310571
 -0.0267048
 0.0807114
 0.0365324
 0.0126457
 0.0265089
 -0.0787408
 0.0750597
 -0.0152542
 -0.0751171
 -0.0241779
 -0.117074
 -0.193969
 0.0220742
 -0.0253516
 -0.159207
 -0.0459491
 0.0669594
 0.0480335
 -0.106581
 -0.0678987
 0.149629
 0.019329
 -0.000746855
 0.131025
 0.0738335
 0.0385575
 -0.0497077
 -0.0452006
 -0.153913
 0.09901
 -0.0417871
 -0.0140697
 -0.101504
 0.149637
 0.0485001
 -0.183392
 0.129884
 0.0291776
 -0.00715075
 -0.0281984
 -0.140763
 -0.109015
 -0.0227225
 0.133335
 0.148297
 0.022968
 0.109075
 0.0769749
 0.130273
 0.0107631
 0.0277933
 -0.0603377
 -0.0613611
 0.0118604
 -0.0317195
 0.0122631
 -0.0698909
 -0.0716477
 -0.0634732
 -0.0419626
 -0.0320503
 0.0170708
 0.0283062
 0.0489999
 -0.0027399
 0.115753
 0.0804899
 0.0438666
 -0.00947451
 -0.0966796
 -0.145095
 -0.07522
 0.0295008
 0.0447771
 -0.104619
 -0.042288
 -0.0451871
 -0.1746
 -0.160021
 0.0851932
 -0.00621179
 -0.0292892
 0.0923138
 0.0599982
 0.10409
 -0.0166152
 -0.132279
 0.119993
 0.18582
 0.0817125
 0.0785594
 -0.000571134
 0.177756
 -0.191748
 -0.00668149
 0.120509
 -0.0229113
 -0.00177734
 0.0465277
 0.0455486
 -0.0966545
 0.0509833
 0.0275026
 -0.0464665
 -0.0357551
 0.107619
 0.147435
 0.0990157
 0.0415902
 0.0786268
 -0.0859801
 -0.00898036
 0.028374
 0.0883591
 -0.0181631
 0.0760717
 0.145421
 0.0671284
 0.115768
 -0.0984098
 -0.175047
 -0.0267545
 -0.0422791
 0.0555616
 -0.136882
 0.0106039
 0.126775
 0.0245459
 0.0389052
 0.00429906
 -0.0553384
 0.0642061
 -0.0365711
 -0.00404632
 0.171747
 0.0965032
 -0.112215
 -0.22312
 0.0466559
 0.0654269
 0.0374481
 -0.0962238
 0.0534382
 -0.0620996
 0.0194033
 0.185745
 0.21766
 -0.104016
 0.035461
 -0.0972056
 0.0567833
 0.0449085
 0.109764
 -0.0700303
 -0.0711983
 0.114357
 0.118408
 0.0293337
 -0.222728
 0.034167
 0.127752
 -0.0582425
 -0.0458392
 0.107819
 -0.0486526
 0.00174565
 -0.0141146
 0.156252
 -0.0723284
 -0.0752241
 -0.02543
 -0.122071
 -0.0792088
 -0.0450931
 -0.0273019
 -0.00384445
 -0.0724728
 0.0477358
 -0.136905
 0.176712
 0.105248
 -0.0888297
 -0.0567781
 -0.102297
 -0.126964
 -0.102688
 -0.141695
 -0.0861469
 -0.0254805
 0.118012
 0.166745
 -0.0423441
 0.0192783
 0.197354
 0.0569014
 -0.138563
 -0.0816078
 0.026775
 0.102814
 -0.00322194
 -0.00470346
 0.0801495
 0.116054
 -0.135522
 0.0538807
 -0.0424509
 0.000670902
 0.248696
 0.254479
 0.0602108
 -0.0649362
 -0.0658845
 -0.0943417
 0.0299022
 0.0673765
 -0.116119
 0.049291
 0.132289
 0.0519945
 -0.0622975
 -0.0198341
 0.00363083
 0.0033481
 0.0969421
 0.14886
 -0.169536
 0.301724
 -0.00534671
 0.131499
 -0.0723433
 -0.00206166
 -0.0183668
 -0.13247
 -0.10443
 -0.0488967
 -0.105176
 -0.0175151
 -0.0717618
 0.273332
 -0.0756489
 -0.113522
 0.0249491
 0.0581438
 0.0325257
 -0.129651
 -0.0463968
 0.159408
 -0.0556133
 -0.106251
 -0.124859
 0.0948772
 0.170583
 -0.012837
 -0.0514453
 0.00285154
 -0.0463532
 0.138885
 -0.107573
 -0.0512502
 -0.0439216
 -0.0690148
 0.0109567
 0.0865818
 -0.0991889
 0.0651428
 -0.0177268
 -0.133554
 -0.118402
 0.0378131
 0.0706364
 -0.0796768
 -0.00918146
 0.00777295
 -0.0260141
 -0.172445
 -0.11667
 -0.120608
 -0.0532349
 0.119936
 0.0728678
 -0.0876042
 0.0290852
 -0.035396
 -0.0472757
 -0.122351
 -0.113301
 -0.0251746
 -0.114023
 -0.0148886
 0.0547609
 -0.0160669
 -0.0913044
 -0.199665
 0.0556999
 0.125774
 -0.0929494
 0.121956
 -0.140199
 0.159321
 0.0284368
 0.167977
 0.0372056
 -0.00100983
 0.0487258
 -0.0306281
 0.0903642
 0.0283026
 0.287946
 0.0523513
 -0.0718407
 -0.15331
 -0.0759995
 -0.0426033
 0.0122025
 -0.0812385
 0.0121725
 0.05645
 -0.0785593
 -0.0149229
 -0.0252918
 -0.08362
 -0.143373
 0.0554913
 -0.0734692
 0.146073
 -0.0249877
 -0.106422
 -0.168891
 0.0552454
 -0.035087
 -0.0338261
 0.0411091
 0.18031
 -0.212582
 0.158431
 -0.0713942
 -0.0534692
 -0.0289292
 0.150079
 -0.0746458
 0.181822
 -0.0435934
 -0.0698683
 0.0702717
 0.0814852
 0.148426
 -0.0830565
 -0.0166966
 -0.00273892
 -0.0255648
 0.263363
 -0.221697
 -0.106125
 -0.130209
 -0.0885978
 0.0714504
 -0.031439
 0.0355643
 -0.165442
 -0.111117
 -0.109922
 -0.0763815
 0.211302
 0.0770735
 0.0846153
 0.152053
 -0.186877
 -0.122458
 -0.0579257
 0.0475885
 -0.231151
 -0.114562
 -0.110864
 -0.024943
 -0.0754038
 -0.0605316
 0.101685
 -0.249522
 -0.119804
 -0.0178706
 -0.160143
 -0.0296175
 0.026143
 -0.0978298
 -0.0869118
 0.019803
 -0.113095
 -0.083783
 0.111059
 0.122952
 -0.323397
 0.0447625
 0.132457
 -0.0925456
 0.183819
 -0.0433847
 0.0711748
 0.0190546
 0.0832427
 -0.0777168
 -0.0762686
 0.0632042
 0.177455
 -0.0268137
 -0.0312163
 -0.116373
 0.0178352
 -0.050239
 -0.0923315
 0.0740825
 -0.111775
 -0.155864
 -0.0570214
 -0.0123255
 0.0482234
 0.126028
 0.0948878
 -0.0663347
 -0.0321685
 -0.199611
 -0.142308
 0.00748971
 -0.0684465
 -0.103962
 0.106176
 0.0127991
 0.15451
 0.00452837
 0.0200843
 -0.0272632
 6.72753e-05
 0.0711059
 0.130791
 -0.194078
 0.125552
 0.22796
 -0.159781
 -0.00974766
 0.144123
 0.0197292
 0.0268198
 -0.0175706
 0.0456859
 0.0860418
 0.00444893
 -0.0819879
 -0.0029768
 0.0431274
 -0.121606
 -0.0378983
 0.0288826
 -0.21583
 -0.0750399
 -0.0660698
 -0.242707
 -0.0644326
 0.00776325
 -0.151306
 -0.143046
 -0.0876449
 -0.0311566
 -0.105247
 0.0416309
 -0.0264892
 -0.0713668
 -0.072944
 0.116882
 -0.0327408
 -0.18821
 -0.21855
 0.0420309
 0.113603
 0.14796
 -0.130699
 0.00814331
 -0.171211
 -0.0013863
 -0.157231
 0.00822549
 -0.170236
 -0.0813052
 0.0887358
 0.000897924
 0.0490735
 -0.173373
 -0.0306814
 -0.0801559
 -0.0456062
 -0.180849
 -0.051307
 -0.11169
 0.00297826
 -0.137019
 0.143387
 0.0845899
 -0.139311
 0.0497154
 -0.0764599
 0.0129807
 0.0989053
 -0.0306386
 0.141017
 -0.0874164
 0.0267507
 -0.0520288
 0.0865179
 0.0463659
 -0.0599252
 -0.121046
 -0.0748763
 -0.158592
 0.0862193
 -0.129221
 -0.0433377
 -0.00356439
 -0.16935
 -0.0192766
 -0.0202528
 0.0413493
 0.00617578
 0.104336
 0.107008
 -0.0424814
 0.113797
 -0.0219093
 -0.0550967
 0.133157
 0.157554
 0.139837
 -0.0472774
 -0.0776577
 0.0928105
 0.0893206
 -0.112239
 -0.0230885
 0.112996
 -0.0353399
 -0.0912862
 0.204312
 -0.258074
 -0.109337
 -0.000288738
 -0.026594
 -0.0679171
 -0.0729098
 0.0601325
 0.0534348
 0.0239357
 -0.101735
 0.0717959
 -0.0192199
 0.0844295
 0.00715417
 -0.0317122
 0.0756581
 0.00648543
 -0.0931571
 0.0647402
 -0.133087
 -0.00747377
 0.00332258
 0.0943504
 0.0209076
 0.0733403
 0.170142
 -0.203119
 0.13349
 -0.0433215
 -0.0179473
 0.0187109
 -0.213115
 0.0142716
 -0.156087
 0.00680796
 0.0886155
 0.0485334
 -0.0832359
 -0.126652
 0.0704824
 -0.119195
 -0.0962683
 -0.116991
 0.195994
 0.146055
 0.062644
 -0.000781928
 0.00562454
 0.0397486
 0.0994646
 0.00252171
 0.0435077
 -0.0490747
 -0.0612064
 0.049066
 0.0966046
 0.22032
 0.0047105
 -0.184913
 -0.0932846
 0.273734
 0.186576
 -0.0225992
 -0.0501919
 -0.0383186
 0.0454194
 -0.111486
 -0.0386993
 0.0517048
 0.00283087
 -0.154403
 -0.0254442
 -0.168666
 0.0184082
 -0.0571916
 -0.0314849
 -0.0531985
 -0.0979862
 -0.0520219
 0.086058
 -0.0601459
 0.0290126
 -0.0345687
 -0.00283157
 -0.177982
 -0.0950301
 0.0188426
 0.0140257
 0.101729
 -0.00510678
 -0.236539
 0.135444
 0.0243751
 0.0292871
 0.0957656
 -0.0539221
 0.125357
 -0.0532803
 0.0938229
 -0.0639983
 0.00384058
 -0.0762355
 -0.23781
 -0.0447839
 -0.0961951
 0.0652609
 -0.121133
 0.0653561
 -0.019477
 0.0769878
 0.0646384
 -0.125999
 0.031992
 -0.260176
 0.00134857
 0.0786037
 0.0603745
 -0.222205
 0.107263
 -0.0181773
 0.0412491
 0.0376627
 0.00740147
 0.111238
 -0.129186
 0.0605126
 0.000717823
 0.148109
 0.118283
 -0.0465346
 0.0577882
 -0.10654
 0.017713
 -0.00386412
 -0.167957
 -0.0768033
 -0.0605613
 0.155851
 0.0173005
 0.150142
 -0.117483
 0.00914225
 -0.211719
 0.106234
 -0.0669261
 -0.0580762
 -0.0860471
 0.0583979
 -0.107394
 -0.076482
 0.0261948
 -0.0355775
 0.0198304
 -0.0670027
 -0.00705747
 0.117522
 0.107088
 0.0839641
 0.0526857
 -0.0922329
 0.00885661
 0.0591775
 -0.113213
 -0.000418264
 0.0735044
 0.0263663
 -0.133161
 -0.168833
 -0.153359
 0.151332
 0.115483
 0.0699756
 -0.0693531
 0.0381453
 0.0524741
 0.188877
 -0.154365
 0.0600256
 -0.0428756
 -0.0757595
 0.044963
 -0.0673854
 -0.0402017
 0.0650385
 0.155186
 0.0149422
 -0.157901
 -0.043227
 -0.12572
 0.0216365
 -0.183149
 0.10407
 -0.0487426
 -0.0101968
 -0.0529336
 0.0985328
 -0.177648
 0.0567596
 -0.0376362
 -0.0511001
 0.0156712
 -0.0217718
 0.0680248
 -0.0405457
 0.01273
 0.0748414
 0.0617617
 0.0676257
 0.0664654
 0.0300946
 -0.0694372
 0.000327667
 0.0417457
 -0.0576038
 0.0532543
 0.0344631
 0.0588262
 0.288208
 0.0426415
 -0.149194
 -0.0128502
 -0.123731
 0.144586
 -0.0745589
 0.0438062
 -0.0136912
 0.0287758
 0.104809
 0.0521675
 0.18518
 -0.00562068
 -0.102621
 0.0792249
 -0.0837333
 0.234462
 -0.101029
 0.0472489
 -0.0800221
 0.0915518
 -0.158601
 -0.0574424
 -0.0617823
 0.115813
 -0.199594
 -0.0361934
 0.0442119
 -0.146085
 -0.0649127
 0.0395078
 -0.0587997
 0.0335051
 0.0650139
 -0.00333618
 0.127992
 0.188513
 0.0882316
 0.0424208
 0.0824281
 -0.0807739
 -0.123957
 -0.0774721
 -0.100963
 -0.0907609
 -0.109043
 0.00221377
 -0.0527878
 -0.0792126
 0.00275819
 0.100496
 -0.108981
 -0.154297
 0.116209
 -0.0235976
 -0.15276
 -0.170451
 0.0316852
 -0.155429
 -0.051719
 -0.0511251
 0.169926
 0.168125
 0.02785
 -0.0217501
 0.0587859
 0.0477851
 -0.17304
 -0.0514375
 0.0540507
 -0.0123315
 0.0918919
 0.107813
 -0.031999
 -0.259608
 -0.0486949
 0.125018
 -0.00718472
 0.0548627
 0.149329
 -0.0966769
 0.0290497
 0.0950112
 -0.141818
 -0.0464982
 0.050662
 0.32405
 -0.095751
 0.0440552
 -0.128437
 0.0291819
 0.0283913
 0.0694715
 -0.107576
 -0.0270877
 -0.0592268
 -0.0753124
 0.0310741
 0.173831
 -0.045984
 -0.17549
 -0.0519809
 0.0060078
 -0.0057886
 -0.071768
 -0.0944591
 0.0115427
 0.192415
 -0.175793
 -0.0141401
 -0.0410982
 0.16613
 0.101692
 -0.000473601
 0.0368532
 0.0436454
 0.245063
 0.08652
 0.109284
 0.186217
 -0.0532289
 0.109397
 -0.0906656
 -0.00545062
 -0.0100067
 0.0508544
 -0.191287
 -0.187504
 0.0782518
 -0.0759549
 -0.175098
 0.0391434
 -0.0710259
 -0.0370059
 -0.0826807
 -0.107497
 -0.0983092
 -0.0451632
 -0.0284699
 0.0370019
 0.0813336
 -0.0629899
 -0.190157
 0.0651966
 0.0122776
 -0.0205624
 0.0250102
 0.0578838
 0.0381161
 -0.169401
 -0.0638302
 -0.10171
 0.0375235
 -0.0951021
 -0.0754137
 0.0898829
 0.168082
 0.133675
 0.074018
 0.0166079
 0.0469311
 0.124871
 0.0637255
 0.0335179
 0.106229
 0.0587134
 -0.0874051
 0.0361179
 0.0634555
 0.128782
 -0.0176037
 0.0609988
 0.000123554
 -0.0466219
 -0.22967
 0.159272
 -0.032691
 -0.302916
 -0.0641725
 -0.0668403
 -0.0374675
 0.0823108
 0.101128
 0.167907
 0.147247
 0.0685718
 0.0316441
 0.0851729
 0.0791057
 0.115616
 0.108006
 -0.140322
 0.120545
 -0.00978285
 0.0342732
 0.0549517
 0.0457464
 0.173067
 0.0552988
 -0.0827216
 0.0662077
 -0.13237
 0.00448711
 -0.0750307
 -0.00090001
 -0.0805002
 0.0274084
 -0.00363863
 -0.138199
 -0.0212954
 0.0204132
 0.0143507
 -0.128401
 0.0082811
 0.00202746
 0.0443585
 -0.11378
 0.0563419
 0.0767268
 -0.0235613
 0.120434
 0.107517
 -0.0853962
 -0.09485
 -0.0780782
 0.166984
 -0.0441214
 0.041657
 -0.0522218
 -0.0789372
 -0.00869076
 0.174105
 -0.0366228
 0.053386
 0.0451845
 -0.0960749
 0.0239095
 -0.0495673
 0.0309393
 0.0435089
 -0.00116337
 -0.0577355
 0.17425
 -0.0549395
 0.156155
 -0.088735
 -0.00446387
 0.136673
 0.00585477
 -0.018153
 -0.0665949
 0.180708
 0.0775399
 -0.0044406
 0.137185
 -0.0833508
 -0.060127
 -0.031927
 -0.159405
 -0.047505
 -0.149942
 0.0650071
 0.00700456
 0.0747406
 0.0132412
 0.125383
 0.120471
 0.0691497
 0.0458123
 0.00709267
 0.0498848
 -0.0920664
 -0.0793664
 -0.0232654
 0.107353
 0.0450182
 0.0527529
 -0.194388
 0.0940013
 -0.00635578
 0.0884489
 0.0474674
 -0.0558211
 -0.028691
 -0.0298422
 0.0698017
 0.0158268
 0.222244
 -0.220783
 -0.265094
 0.00388766
 -0.076873
 -0.0160677
 0.0278152
 -0.0413912
 0.0647114
 0.120232
 -0.0303523
 0.00356807
 0.160055
 -0.191931
 -0.0271379
 -0.175312
 -0.187769
 -0.185618
 0.035283
 -0.00288312
 0.1905
 -0.0735165
 0.0293942
 -0.123446
 0.0317393
 0.0207644
 -0.102632
 -0.0776276
 0.0310119
 0.00616789
 0.0384406
 0.000840872
 0.0858487
 0.0278581
 0.118514
 -0.0551856
 -0.0163263
 0.0806833
 -0.0428295
 -0.0218031
 0.0814931
 0.0794128
 0.133797
 -0.103428
 0.0376604
 0.124323
 0.138531
 -0.136837
 0.108083
 -0.00503714
 -0.177194
 0.101329
 0.0408743
 0.0364404
 0.00769184
 -0.168438
 0.0578187
 -0.0212329
 -0.0174861
 -0.0225078
 0.0353258
 0.0938491
 -0.194637
 -0.130739
 0.239533
 0.0144448
 0.138628
 -0.0820156
 -0.173856
 0.126649
 -0.157217
 -0.025502
 0.0525862
 0.0222172
 -0.0836335
 -0.120569
 -0.13142
 0.0217499
 0.158573
 0.112213
 0.234534
 -0.109683
 -0.120478
 0.141171
 0.0803015
 0.0647278
 0.172963
 0.0233894
 -0.0151453
 -0.0297606
 0.0600735
 -0.103749
 0.0940514
 -0.0165746
 0.0465305
 0.092504
 -0.141432
 0.0760851
 0.227172
 -0.105915
 -0.11661
 -0.0325071
 -0.186366
 -0.0409568
 0.190429
 0.167979
 -0.109709
 0.0820066
 -0.188743
 0.108401
 -0.0699897
 -0.021311
 -0.0372645
 -0.129502
 0.0892319
 0.155659
 -0.0582099
 0.157168
 0.0839344
 -0.0545887
 0.094449
 0.00694984
 0.0841299
 0.00494808
 -0.0432651
 -0.108386
 0.240154
 -0.000972985
 0.039063
 0.00864718
 -0.0329589
 -0.194173
 -0.0519073
 0.00723544
 -0.129236
 -0.106055
 0.024861
 0.189296
 -0.0163119
 -0.0134844
 -0.0205992
 0.0422938
 0.185912
 0.00975687
 -0.122296
 0.0470501
 0.0134505
 0.00539279
 -0.0575121
 0.0643391
 0.111961
 -0.0609888
 0.158645
 0.0403739
 0.0311543
 0.0228695
 0.113952
 0.0850475
 0.162945
 0.194505
 0.0708098
 0.148016
 0.000492798
 -0.12884
 0.139162
 0.132284
 -0.000380891
 0.0953796
 0.108121
 0.0804203
 0.0771624
 0.0401224
 0.000115871
 -0.0574028
 -0.000870514
 0.0155743
 -0.142542
 0.0636877
 -0.00612253
 0.0544072
 -0.0715942
 -0.259961
 0.0953889
 -0.204199
 0.0699317
 0.0496881
 0.00891964
 -0.0523618
 0.113956
 0.0234081
 0.186883
 0.0891
 0.145661
 -0.0568337
 -0.0494407
 0.103912
 -0.0640877
 0.147374
 0.0445441
 0.0335474
 -0.151128
 0.00529512
 -0.157942
 0.018373
 0.0605386
 -0.0119148
 -0.0779674
 0.157073
 0.241668
 0.114676
 0.00538936
 -0.000406942
 -0.0135194
 0.133544
 -0.212126
 0.0488456
 0.00340303
 -0.0435356
 -0.0160807
 0.0535682
 0.0279509
 0.00904417
 -0.0746037
 -0.0896289
 0.017975
 -0.188101
 -0.0317524
 0.0431116
 -0.0202546
 0.0106696
 -0.0580849
 -0.0205779
 -0.0274625
 0.0206446
 0.158569
 -0.02336
 -0.0312776
 -0.0669986
 -0.0940878
 0.153145
 0.0422136
 0.0125201
 -0.0129944
 -0.029673
 0.0596498
 0.0902118
 -0.0913682
 0.104958
 -0.0710998
 0.0562406
 -0.00913751
 0.141035
 0.156729
 -0.18431
 0.0480957
 -0.140882
 0.120832
 -0.00636003
 0.103182
 -0.29065
 -0.0915908
 0.0674919
 0.0822122
 0.168206
 -0.191961
 -0.100731
 -0.0150296
 -0.0648314
 -0.0632639
 0.0391618
 -0.169573
 -0.0289333
 0.185892
 -0.0920411
 0.0182871
 0.0658612
 -0.0486364
 -0.0977745
 -0.0848056
 0.176717
 -0.0266609
 -0.0936669
 -0.178446
 -0.0200942
 -0.0098882
 0.0441321
 -0.012519
 0.165638
 0.173281
 -0.0794529
 -0.0495528
 -0.131515
 0.00321153
 0.0371001
 -0.139227
 0.182075
 0.210054
 -0.0605521
 0.133189
 -0.0453234
 -0.0745009
 -0.225337
 -0.0210255
 0.188851
 0.136224
 0.111762
 -0.0747301
 0.0588229
 0.131118
 0.00511044
 0.00253721
 0.116408
 -0.0541665
 0.0520849
 0.105789
 0.0583199
 -0.0401355
 -0.157676
 0.134965
 -0.0151622
 0.0220691
 0.0517522
 0.0617074
 0.0700396
 0.158441
 -0.0335608
 -0.131377
 -0.0280249
 -0.0546632
 0.0117161
 0.0182246
 0.018072
 0.0850379
 0.187609
 -0.0914313
 -0.157788
 0.0692274
 -0.0349041
 0.154709
 0.0135517
 -0.179616
 -0.0451539
 0.123037
 -0.0327638
 0.0378627
 0.0550063
 -0.101521
 0.179779
 0.0511723
 0.100647
 -0.00482766
 0.0441557
 0.103317
 -0.0334715
 -0.133848
 0.121713
 0.109975
 0.127492
 -0.059895
 -0.0150793
 0.0541517
 0.132235
 0.076278
 -0.143504
 0.0420037
 0.0301789
 0.162385
 -0.0860851
 0.0889689
 -0.0318881
 0.105249
 -0.00164942
 0.106372
 -0.0100787
 -0.0703835
 0.0578605
 0.0469277
 0.059887
 -0.0149682
 -0.0291849
 0.117771
 -0.0173532
 -0.205236
 -0.0174232
 0.0155891
 -0.0595744
 -0.143244
 0.0547343
 -0.0807256
 -0.0262216
 0.00527365
 0.0928221
 -0.0830076
 -0.116801
 0.0418356
 0.0413074
 -0.0256809
 -0.106663
 -0.0139705
 0.0326527
 0.0675804
 0.0712336
 0.173233
 0.0412308
 0.0509307
 -0.0693538
 -0.0851963
 0.226775
 -0.101482
 0.0223807
 -0.0538282
 0.117789
 -0.339252
 0.0873174
 -0.0350417
 0.130543
 0.010441
 -0.0916901
 -0.0238216
 -0.00385862
 -0.112961
 -0.113335
 -0.0178563
 0.0925872
 0.0449538
 -0.0312064
 0.0812531
 0.00454181
 0.0843148
 0.0926908
 -0.0274164
 -0.200718
 -0.00387354
 0.2432
 -0.145718
 0.134863
 0.0595332
 -0.142358
 -0.0215372
 0.00502685
 -0.0255508
 -0.1694
 -0.00545797
 0.0269979
 0.0604135
 0.364003
 -0.0340069
 -0.0716086
 0.0335184
 -0.07986
 -0.0495759
 0.126245
 -0.0112153
 0.0695872
 -0.0060513
 -0.164737
 -0.0598177
 -0.120514
 -0.141071
 -0.0237773
 0.0115265
 -0.0494726
 0.000596747
 0.00330372
 0.0486456
 -0.0564137
 -0.115976
 -0.204248
 -0.0121374
 0.0865954
 0.0258115
 -0.114786
 0.0354466
 -0.00695661
 0.343461
 -0.0481609
 0.0276512
 -0.0125113
 0.146913
 -0.0243402
 0.0746694
 0.0691072
 -0.128167
 0.101
 -0.0317109
 0.00382727
 0.0638641
 0.106592
 0.0763097
 0.0362261
 -0.0030698
 -0.051688
 0.0390442
 0.0221091
 0.147044
 0.127025
 0.0225888
 0.101367
 -0.128745
 0.0627257
 0.0465814
 0.0745326
 0.0429167
 -0.127758
 0.0971128
 0.11093
 -0.13305
 0.0901908
 0.0462836
 -0.000192865
 0.0841946
 -0.238813
 0.0520818
 0.0843142
 -0.111206
 -0.0281604
 -0.00022083
 -0.142475
 -0.218238
 0.0864438
 -0.0421198
 -0.190617
 0.0321617
 0.103406
 -0.0960465
 0.0901044
 0.0723173
 0.0303716
 -0.179342
 -0.21954
 -0.123558
 -0.0277547
 -0.178672
 0.0501227
 -0.0868299
 0.127575
 0.147531
 0.0477927
 -0.134193
 0.018125
 0.0185265
 0.157184
 0.222011
 0.0555101
 -0.0401167
 0.0350684
 -0.112389
 -0.190943
 0.103243
 0.0351316
 -0.0786651
 -0.0868268
 -0.0754406
 -0.169284
 0.181281
 -0.133483
 -0.0515279
 0.0713946
 0.138086
 -0.158701
 0.0596482
 0.000803621
 -0.0963769
 0.00801129
 0.0810717
 -0.0548341
 -0.116659
 0.00455034
 0.0336303
 -0.144175
 -0.00481249
 0.125647
 0.0174616
 -0.0902436
 -0.0443758
 0.0705698
 0.101031
 0.11366
 0.088727
 0.0673241
 -0.144441
 0.101984
 -0.0715292
 -0.0890839
 0.0660496
 0.127199
 -0.0435749
 -0.119728
 -0.0865594
 -0.185546
 -0.112908
 0.00149097
 0.0675033
 0.0136099
 -0.0423661
 0.012941
 -0.0889983
 -0.0736435
 -0.0412058
 -0.0843549
 -0.0381586
 -0.153575
 -0.114622
 -0.0589908
 -0.048118
 -0.0196198
 0.0256878
 0.0241092
 0.018642
 -0.17053
 0.00165679
 0.0645289
 0.0100847
 0.187866
 -0.0968714
 0.145765
 -0.00391784
 0.0614115
 -0.0216627
 0.000742279
 0.0605573
 -0.019245
 0.199456
 -0.126827
 0.0442664
 -0.0578064
 0.106204
 -0.0787833
 -0.113967
 -0.0828095
 -0.0700304
 -0.0764994
 0.0676842
 0.0673707
 0.128953
 -0.0032323
 -0.0181052
 -0.0431614
 0.171872
 0.146502
 0.173877
 -0.0448667
 -0.0505664
 -0.222899
 -0.0468742
 -0.127288
 -0.0399984
 -0.0185099
 0.183108
 0.156346
 -0.101904
 -0.0871883
 0.00367038
 -0.0563796
 0.0653119
 -0.0794188
 -0.0452258
 -0.0048045
 0.0200025
 0.101625
 -0.0828297
 -0.00804319
 0.093971
 0.180492
 -0.0437799
 0.145218
 -0.0562127
 -0.174417
 0.107973
 0.0645078
 0.284502
 -0.0182171
 0.0331589
 0.0718841
 -0.0518069
 0.10384
 -0.0160841
 -0.0928385
 -0.0648833
 -0.0794543
 -0.0153299
 -0.087872
 0.259918
 -0.120326
 -0.0869497
 -0.102665
 -0.0499547
 -0.135399
 -0.0623894
 -0.0563816
 0.0411045
 -0.0483367
 0.0322437
 -0.0130125
 -0.182395
 -0.19517
 -0.0545668
 0.0563772
 0.0182327
 -0.0683798
 0.11422
 0.149633
 -0.120458
 0.0390258
 -0.0850949
 -0.016436
 0.0642949
 -0.0396108
 0.141758
 -0.264728
 -0.0383961
 -0.095317
 -0.0847934
 -0.108622
 -0.15562
 0.134403
 -0.0704037
 0.0985397
 -0.147316
 -0.0214151
 0.0895447
 -0.0770743
 -0.0111768
 0.0538744
 -0.0516116
 0.196303
 0.0470534
 0.0427282
 -0.0141434
 0.196544
 0.0850519
 0.0923122
 -0.111529
 -0.072491
 0.122399
 -0.160874
 0.033244
 0.0322956
 -0.129889
 0.0495276
 -0.0134314
 -0.0385426
 -0.0684905
 -0.229919
 -0.1406
 0.00157797
 -0.00785418
 0.0141368
 -0.137388
 0.0019502
 0.0270581
 0.0334963
 -0.0429857
 0.0434346
 0.0895792
 0.200655
 -0.16065
 -0.0635788
 0.108498
 0.108134
 0.0898988
 -0.0313622
 0.00738813
 -0.0910505
 0.0993708
 -0.137982
 -0.0591067
 -0.00940783
 -0.0299199
 -0.0909918
 0.0874903
 -0.0926547
 -0.0964155
 0.11384
 0.258358
 -0.211917
 0.0211384
 0.00611056
 -0.111654
 0.0849342
 0.01887
 0.14156
 -0.0900185
 0.0284969
 -0.104445
 0.220984
 -0.10728
 0.0614707
 -0.0919612
 0.0651673
 -0.206224
 -0.0225878
 -0.113405
 -0.0787589
 -0.277194
 0.138428
 0.0429489
 0.0866323
 0.0506281
 0.0480741
 -0.0044527
 -0.0403164
 -0.141013
 -0.000708301
 -0.014046
 -0.0216094
 0.0303479
 -0.0234253
 0.0291986
 0.0392568
 -0.0290863
 -0.169146
 0.0101626
 -0.0118814
 -0.0792975
 0.0777968
 0.000895027
 0.105082
 -0.073262
 -0.00970883
 -0.192728
 0.0463793
 -0.188519
 0.0223873
 -0.0872906
 0.0835623
 0.0786753
 0.00365083
 -0.0796534
 -0.0937015
 0.0124332
 -0.120297
 -0.0147914
 -0.10753
 -0.0835108
 -0.144863
 -0.0737361
 0.180951
 -0.0730342
 -0.137247
 0.00784431
 0.107886
 -0.0793662
 0.228431
 -0.00570459
 0.0309579
 -0.104682
 0.095251
 0.108818
 -0.0249733
 0.161025
 -0.110922
 0.0186941
 0.0628555
 -0.283982
 0.197428
 0.100739
 0.0985992
 -0.00467639
 0.0163405
 0.0680596
 0.197376
 -0.0893113
 0.110742
 0.00809946
 -0.0135922
 0.100813
 -0.182108
 0.0576715
 -0.00541565
 0.0921405
 0.0406541
 0.137854
 -0.029895
 -0.0190934
 0.0336053
 0.0316864
 -0.00670301
 -0.0371096
 -0.0368333
 -0.029045
 -0.242313
 -0.0204106
 0.0366941
 -0.00136624
 0.159841
 0.0523638
 -0.0265454
 -0.0162433
 -0.0519779
 -0.0505816
 -0.0501726
 0.0671408
 0.114264
 -0.0869513
 0.0620887
 -0.0911404
 -0.108019
 0.246004
 -0.19099
 0.144608
 -0.0223082
 0.0226021
 0.0532091
 0.0300644
 0.0431557
 0.12849
 -0.101335
 -0.054722
 0.0443344
 -0.1751
 0.0723243
 0.0109575
 0.0598049
 0.134726
 0.0726729
 -0.181975
 -0.151871
 -0.0633517
 0.00571061
 -0.0850684
 -0.0298851
 -0.113127
 0.103243
 -0.0457393
 -0.101339
 -0.147333
 0.170383
 0.149033
 0.100718
 0.0982474
 0.0256427
 0.0914107
 0.0966874
 0.0610462
 0.0148938
 -0.101545
 -0.0577647
 0.0497499
 0.0270671
 0.0791971
 0.0774027
 -0.00903582
 0.0446826
 -0.122404
 0.0580301
 -0.16827
 0.0831055
 0.0141735
 0.0584954
 -0.0145538
 -0.0185518
 0.0965463
 -0.0567333
 0.164759
 0.136493
 0.116222
 0.0495211
 -0.189368
 -0.110827
 -0.0026049
 -0.0301768
 -0.158452
 -0.082597
 -0.0130829
 -0.00553453
 -0.186709
 -0.0776259
 -0.0509435
 -0.148504
 -0.084358
 -0.000420878
 -0.134939
 -0.0755635
 0.0525195
 -0.190323
 0.0239314
 0.0539987
 0.0912833
 0.112263
 -0.110834
 -0.00865327
 0.252184
 0.000523304
 0.0456408
 -0.0155246
 -0.0157268
 -0.0299271
 -0.148212
 -0.11318
 0.00889381
 0.0818178
 0.0586069
 -0.00670763
 0.134885
 -0.226371
 -0.0231714
 0.176864
 -0.0621842
 -0.159227
 0.0364219
 -0.0228451
 0.226808
 0.0767059
 0.136072
 -0.0453418
 0.0636189
 -0.0150016
 -0.0871569
 -0.0522863
 -0.0382528
 -0.118846
 0.142651
 -0.0194738
 0.0174919
 -0.180617
 0.0109579
 -0.00623584
 0.0483914
 -0.0476301
 0.127934
 -0.0138827
 0.00410339
 -0.0843972
 -0.143199
 0.124451
 0.0489049
 0.0329312
 -0.165153
 -0.134846
 0.111444
 -0.0592077
 -0.114975
 -0.0681409
 0.0807827
 0.134174
 -0.00142494
 -0.0895886
 -0.174489
 0.133019
 0.102362
 -0.190708
 -0.271216
 -0.0395328
 0.0810183
 0.0151896
 -0.256486
 0.0277193
 0.0924702
 -0.0164065
 0.0469919
 0.0959568
 -0.105659
 0.00839355
 0.0336322
 0.0224271
 0.2288
 -0.0220431
 0.0268859
 0.129261
 0.220954
 0.0445287
 -0.00847048
 0.000210244
 -0.0616182
 0.0161585
 -0.0872333
 0.016397
 0.0459761
 -0.0457707
 0.0138674
 0.0333757
 0.0383446
 0.0631632
 0.0459219
 -0.169902
 -0.0163351
 -0.163611
 0.0484051
 -0.228728
 -0.248552
 -0.13943
 -0.0236383
 -0.0511902
 0.0231089
 0.0502644
 -0.00731836
 0.14318
 0.00384497
 0.0787023
 -0.0735401
 0.0242101
 -0.021314
 -0.0877605
 -0.00425762
 0.115441
 -0.05325
 0.00171688
 0.0685628
 -0.0640088
 0.024232
 0.0633216
 -0.0193378
 -0.0696689
 0.0501613
 0.0461121
 -0.0259162
 -0.0302659
 0.0455569
 -0.141963
 0.0381933
 -0.120454
 -0.0297487
 0.0127228
 0.0489392
 0.127612
 0.0751061
 -0.0222945
 -0.15762
 0.0169549
 -0.0217993
 -0.148737
 0.0515059
 -0.178131
 -0.0166839
 0.049362
 0.129016
 -0.00687449
 -0.0162748
 0.0381592
 -0.00267821
 0.0291762
 0.0504252
 0.0626782
 -0.101697
 0.063493
 0.0893326
 -0.0391074
 0.109939
 -0.0472251
 0.109182
 0.0688851
 0.148431
 0.0200436
 0.0640994
 -0.0219389
 -0.160787
 -0.160715
 -0.093352
 -0.0197426
 -0.0829753
 0.00834182
 -0.0768612
 0.134137
 0.112716
 -0.142409
 0.0315035
 -0.0391224
 0.0680968
 -0.0790961
 0.0584443
 0.118965
 -0.271307
 -0.151616
 -0.0569208
 -0.131205
 0.0173419
 0.0286566
 -0.0779856
 0.0589198
 -0.0214244
 0.0304907
 0.000315702
 0.0714112
 0.23242
 -0.0519553
 -0.148758
 -0.0330095
 -0.0715419
 0.111723
 -0.100706
 0.0687972
 -0.136209
 0.0112691
 -0.00943183
 0.219204
 -0.0245079
 -0.0321892
 0.0251281
 -0.0284899
 -0.101681
 0.0374423
 -0.0170046
 0.0498546
 -0.00916207
 -0.0672663
 0.0350077
 -0.117091
 0.25849
 0.0463161
 -0.0474087
 0.151212
 -0.039781
 -0.115601
 -0.113291
 0.166063
 -0.040213
 -0.070046
 -0.014775
 0.0678986
 -0.0323218
 0.0246684
 0.0675718
 0.0126252
 -0.208594
 -0.104567
 0.0486052
 -0.148297
 0.0272041
 0.0891518
 -0.0615092
 0.200624
 -0.0284851
 0.0418608
 -0.043495
 0.0736005
 0.0295731
 0.083198
 0.00228979
 0.198995
 -0.0109053
 0.11879
 0.052312
 -0.158406
 -0.052098
 -0.035839
 0.0254316
 0.00663135
 0.101775
 0.0573556
 -0.0780632
 -0.131451
 -0.0816857
 -0.184128
 -0.0221588
 0.153589
 -0.0840032
 0.155659
 -0.0724882
 -0.0617023
 0.0799782
 -0.022178
 -0.0704342
 0.0932467
 -0.0177184
 0.312025
 0.212304
 -0.0260533
 -0.113305
 -0.0259772
 -0.107063
 -0.177549
 -0.183347
 -0.0839988
 0.10938
 -0.0806066
 -0.161885
 -0.0976714
 -0.128187
 -0.044259
 -0.173848
 -0.00659138
 0.0389945
 -0.0579452
 0.0233573
 0.00246064
 -0.0963365
 -0.201066
 0.073017
 0.0985637
 0.0917304
 0.0715492
 0.122086
 0.0125688
 -0.114935
 0.076272
 0.0125437
 -0.059031
 0.278459
 0.0467076
 -0.14608
 -0.253224
 0.0563684
 -0.120117
 -0.0415374
 0.103004
 -0.0463463
 -0.308691
 0.080002
 -0.0739728
 0.077091
 -0.0734402
 -0.158531
 -0.0920856
 -0.111313
 -0.0886231
 -0.0382444
 -0.0401212
 -0.0174698
 0.109908
 0.0166663
 0.00312931
 0.0466773
 -0.173023
 0.109087
 0.0712936
 -0.075255
 0.0739125
 0.0223767
 -0.110493
 -0.0670703
 -0.190646
 0.1601
 0.0182713
 0.0428793
 0.0347146
 0.00128057
 0.116768
 0.187627
 -0.140115
 -0.0654891
 0.0454162
 -0.0267233
 -0.228372
 -0.0250651
 0.133981
 0.0883255
 0.0914002
 0.0891069
 -0.121919
 0.0794205
 -0.18564
 0.00594169
 0.110941
 -0.1504
 -0.240875
 -0.0563774
 0.0341724
 -0.0623367
 0.0598982
 -0.00065087
 -0.131743
 -0.177702
 -0.233562
 0.0781611
 0.0963102
 -0.0786703
 0.196443
 -0.0312768
 -0.0836971
 0.260696
 -0.0624091
 -0.0748852
 -0.126149
 0.128206
 0.134083
 -0.0598901
 0.148017
 -0.0478383
 -0.2159
 0.107776
 0.0513981
 -0.178515
 -0.159083
 -0.0412858
 0.00482337
 -0.052818
 0.0682251
 -0.114844
 -0.018735
 0.0549545
 -0.0816775
 -0.215939
 0.0503967
 0.0149819
 -0.0241731
 0.115279
 -0.0168326
 0.0546996
 -0.0756278
 0.0072149
 0.0774381
 0.128783
 0.0685189
 -0.0219765
 -0.0612084
 -0.0490378
 0.0279944
 0.114681
 0.0319973
 -0.0330546
 0.00632383
 -0.0433835
 -0.0413359
 -0.167824
 0.00771378
 -0.0692869
 0.191626
 0.0605257
 -0.0437755
 0.071658
 0.0740624
 0.126443
 0.00585449
 0.10075
 -0.0905228
 0.0283545
 -0.0511622
 0.0996344
 -0.0876872
 -0.160941
 -0.0937607
 0.181444
 -0.0381787
 0.0113933
 0.00655243
 0.079596
 -0.204127
 0.123122
 0.115575
 0.186738
 -0.00698522
 -0.0813642
 0.00449975
 -0.0951313
 -0.0335033
 0.000447415
 -0.120247
 0.0703548
 -0.153035
 -0.106359
 -0.12582
 0.00842241
 0.0505248
 0.0707654
 0.000455143
 -0.0416267
 -0.0766341
 0.0561139
 -0.00414932
 -0.102851
 -0.00401972
 -0.151347
 -0.0160374
 0.056834
 0.0519137
 -0.0880059
 -0.0429618
 0.0585376
 -0.108033
 -0.174494
 0.0336339
 -0.088676
 0.0787214
 0.251163
 -0.0692847
 -0.0342831
 -0.0518016
 -0.235668
 0.0272906
 -0.0216708
 0.141859
 -0.00347343
 -0.0648947
 -0.0616107
 0.148609
 0.139055
 0.00473528
 -0.0309669
 -0.188509
 -0.117332
 0.014097
 -0.110683
 0.131686
 -0.0269688
 -0.0678751
 -0.0157349
 0.0917808
 0.145823
 0.0523919
 0.225669
 0.0737255
 0.19235
 -0.00777846
 -0.227781
 0.165693
 -0.0684455
 -0.0954196
 -0.145266
 -0.0133872
 0.0390562
 -0.0172895
 0.0169129
 -0.00296882
 0.0242908
 -0.066764
 -0.110038
 -0.0630637
 -0.154603
 -0.0501204
 -0.144647
 0.0304822
 -0.223797
 -0.0521254
 0.0206396
 0.0966354
 0.0472714
 0.0443702
 0.0622895
 -0.159588
 0.204792
 -0.080817
 0.0503933
 0.0576725
 0.0472604
 0.074529
 -0.0585877
 -0.139313
 0.101999
 -0.0429097
 -0.0434526
 0.0893275
 0.0551814
 0.287722
 -0.132412
 -0.0599463
 0.153156
 -0.0661277
 0.081829
 0.0517699
 -0.0424926
 -0.016094
 -0.108749
 0.170354
 0.0922819
 0.144697
 0.155227
 0.07514
 -0.0646483
 0.0279548
 -0.0264427
 0.16129
 -0.0828492
 0.166669
 0.0614188
 0.300525
 0.00162969
 -0.187627
 0.053285
 0.0628651
 0.163672
 0.0178139
 -0.0991673
 -0.0563286
 0.0184795
 -0.0571597
 -0.0792782
 0.0629784
 -0.0953614
 -0.0953469
 -0.0250655
 -0.0707287
 -0.0174945
 -0.0284752
 -0.10194
 0.0304227
 0.00271386
 -0.0799874
 -0.0114345
 -0.163609
 -0.0224206
 0.0444239
 0.0832884
 -0.164477
 -0.180186
 -0.0373112
 -0.119306
 0.00536934
 -0.0535337
 0.0449412
 0.0676192
 0.0225561
 -0.067468
 -0.153847
 -0.117742
 -0.0101669
 0.0316275
 0.0824571
 -0.0475923
 0.104645
 0.107708
 0.185149
 0.0573815
 -0.150561
 -0.0347246
 0.031841
 0.0901531
 0.0748549
 -0.121375
 0.00517417
 -0.161717
 0.116956
 -0.160402
 0.0432702
 -0.285698
 -0.124267
 -0.0273058
 0.0987177
 -0.0878253
 0.107259
 -0.1589
 0.085415
 -0.1218
 -0.0439477
 0.0833027
 -0.0612
 -0.00989387
 0.00642916
 0.0781755
 0.0806431
 0.165684
 -0.00274312
 0.0748778
 0.0769555
 0.206255
 0.186422
 -0.0582038
 0.0358531
 0.0187513
 0.240466
 0.00587609
 0.000649098
 0.071274
 -0.0459117
 -0.0570724
 -0.136968
 0.0370234
 0.0599177
 -0.0366944
 -0.00160591
 -0.0559714
 0.0118921
 -0.0487584
 0.0908339
 -0.163624
 0.189739
 0.0775491
 0.130414
 -0.019978
 0.104947
 -0.00679095
 -0.012728
 0.116105
 0.0169099
 -0.0249038
 -0.105805
 -0.0356688
 0.11544
 -0.0298593
 -0.0666237
 0.00282026
 0.0647397
 -0.128021
 0.219378
 -0.064994
 -0.0711407
 -0.0729418
 -0.0694114
 -0.0930712
 0.174452
 0.0245321
 -0.034164
 -0.00168589
 0.0264088
 -0.0645047
 0.0268925
 -0.0423195
 0.0883183
 0.126357
 -0.00881306
 -0.0331895
 0.153828
 -0.0261393
 -0.23622
 -0.102698
 -0.0518427
 -0.00926772
 0.0340771
 -0.122706
 -0.0246149
 -0.026672
 -0.172317
 -0.000662758
 0.0912742
 0.00890407
 0.108422
 0.00931465
 -0.262969
 -0.0460213
 0.0164956
 0.0552764
 -0.0241783
