 0.664815
 -0.030086
 -0.712749
 0.263235
 -0.304161
 -0.20586
 0.186535
 -0.697876
 0.720783
 -0.617192
 0.786016
 -0.770729
 0.236403
 0.107013
 0.714778
 -0.063621
 -0.811529
 -0.181129
 -0.738889
 1.45938
 -0.600344
 0.285434
 -0.118113
 0.633469
 -0.33998
 0.294741
 0.219881
 -1.09991
 -0.843244
 -0.521295
 0.252297
 -0.0456111
 0.545259
 -0.0513407
 0.0215415
 0.578524
 0.857252
 -0.180778
 0.0383371
 0.316361
 -0.583032
 0.236753
 -0.506862
 0.389703
 -1.17056
 0.248772
 1.0689
 0.894557
 -0.516471
 0.213947
 0.715528
 0.449885
 -1.62687
 -0.0294112
 -1.08361
 -0.961836
 0.803698
 0.608311
 0.274499
 0.302106
 0.259638
 0.749308
 -0.841546
 0.887523
 0.344605
 -0.890326
 1.19409
 -0.295545
 -1.23655
 0.337717
 0.714986
 0.0957618
 -0.724063
 -0.395168
 1.23751
 -1.01135
 0.119706
 0.703363
 -1.37386
 -1.44207
 0.279905
 0.1185
 0.763698
 0.0332153
 0.119383
 0.471991
 0.350401
 0.080681
 -0.654299
 -1.20979
 0.0409748
 0.201594
 0.210562
 0.819835
 -0.447889
 0.813736
 0.294109
 0.232574
 0.0550757
 -0.0355151
 -0.087488
 -0.528579
 0.463709
 -0.740756
 0.191131
 -0.216497
 1.06146
 -0.433765
 -0.116453
 -0.522521
 -0.623702
 -0.817209
 -0.120391
 1.19658
 0.0463839
 0.367329
 0.68234
 0.0265855
 0.750666
 -0.52121
 -0.555132
 -1.03678
 -0.108471
 -0.470984
 1.06805
 0.336943
 -0.531612
 0.17704
 -0.250375
 -1.16431
 1.07091
 1.35898
 0.70315
 -0.230402
 0.292091
 -0.929926
 1.43297
 0.65082
 -0.436186
 -0.340716
 -0.443498
 -0.421782
 -0.176375
 1.00971
 -1.73592
 1.00821
 -1.51022
 0.721908
 -0.833391
 -0.57755
 -0.832384
 0.373435
 0.331261
 -0.140024
 0.957676
 0.728834
 -0.606524
 0.444164
 0.622894
 0.403848
 0.335607
 0.812102
 0.0629059
 -1.07196
 -0.997514
 -1.08785
 0.322203
 0.126933
 -0.931779
 -0.0768656
 0.111539
 -1.04766
 1.71158
 -1.0331
 1.83656
 -0.354689
 -0.609668
 -0.159303
 0.10823
 0.155576
 0.258459
 -0.166442
 -0.336736
 0.175671
 -0.0191388
 0.421243
 -0.142672
 1.45615
 -1.25748
 -0.0385725
 -0.846971
 0.255396
 0.86416
 0.512428
 -1.01074
 -0.759255
 -0.301325
 -0.0187489
 0.646549
 0.492296
 -0.719195
 -0.62755
 -0.197528
 0.190726
 -0.567339
 0.32175
 0.0813852
 0.118959
 0.927665
 1.50557
 0.41292
 -0.0653142
 0.390216
 -0.450039
 -1.11978
 0.0226014
 -0.282505
 -0.2365
 0.190309
 -0.146055
 -0.197175
 0.61029
 -0.673855
 -0.20258
 -1.36759
 1.42507
 0.578224
 -0.121742
 0.632165
 0.211762
 -0.315982
 -0.420565
 -0.89853
 0.390466
 -1.0688
 1.10484
 0.24644
 -0.38728
 0.124906
 -0.516492
 0.963262
 0.234701
 -0.0466655
 -0.535468
 -0.869776
 0.963277
 1.4432
 -0.605518
 -0.803818
 0.188646
 0.177896
 -0.406742
 -0.0949145
 -1.11039
 -0.606412
 0.279287
 0.39495
 1.65021
 -0.0425817
 0.834795
 0.381612
 -0.0256454
 -1.2514
 -0.141085
 -0.738069
 -0.623389
 0.6531
 -0.0299932
 -0.133558
 0.837162
 1.37909
 0.0813908
 0.324201
 -0.442722
 -0.801824
 -0.0400681
 0.213829
 0.0090689
 -1.4879
 0.439416
 1.3851
 -1.00789
 -0.0977681
 1.0348
 -0.391008
 0.0691391
 -0.801779
 -0.265829
 0.761814
 0.313526
 -0.185832
 0.43261
 -0.564791
 -0.213419
 -0.800588
 -0.355105
 -1.19701
 -0.82532
 0.0456841
 0.598412
 1.26824
 0.511322
 0.382144
 0.260012
 0.286393
 1.01619
 0.241817
 -0.327137
 -0.906473
 0.829743
 1.05268
 0.117599
 0.211798
 0.0152269
 -0.57865
 -0.321652
 0.755473
 -0.162521
 -1.586
 0.707312
 0.103207
 -0.262308
 -1.26646
 0.670038
 0.919042
 -0.488289
 0.519062
 0.737346
 0.249739
 -0.577912
 -1.16662
 -0.867311
 0.340228
 1.26754
 0.366847
 0.186592
 1.0272
 0.455832
 -0.304694
 -1.60466
 -1.19906
 -0.11798
 -0.699077
 0.365959
 0.639366
 -0.260969
 -0.155792
 -0.457388
 0.0855501
 0.460171
 -0.510312
 1.06245
 0.744162
 0.212226
 -0.797263
 -1.12041
 1.64911
 0.103504
 0.0296317
 -0.225161
 0.678965
 -0.796941
 -0.326949
 0.187753
 -0.176588
 -0.869119
 -0.0484295
 -0.806623
 0.390242
 0.288091
 0.247221
 -0.019077
 -0.550828
 0.221668
 -0.0691655
 0.789589
 0.973335
 -0.799545
 -0.591049
 0.353045
 -1.28419
 -0.655695
 0.676956
 -0.402607
 -0.635448
 1.36224
 -0.00882523
 0.440385
 -1.25344
 -0.177429
 0.227005
 0.226407
 0.586591
 0.322589
 -0.743163
 -0.732798
 -0.227277
 -0.070672
 0.154471
 1.20053
 -0.0544918
 0.577606
 0.69061
 -0.308354
 0.271633
 -0.842933
 0.260146
 -0.425186
 1.18483
 -0.310685
 -0.250893
 -0.323469
 -0.170303
 0.407277
 -1.45897
 -1.13899
 1.28642
 0.816053
 0.22631
 1.25112
 -0.39423
 -0.110071
 0.0199946
 -0.969339
 0.360443
 -0.251369
 0.432074
 0.321206
 -0.205745
 0.35322
 0.0898162
 1.28645
 -1.6165
 -0.129758
 -0.803612
 0.129706
 0.438369
 -0.659798
 1.69498
 -0.938162
 -0.116244
 -0.25585
 -1.96891
 -0.47091
 0.792604
 -1.05564
 0.605687
 0.255315
 0.0771841
 0.264576
 0.762548
 -0.40482
 -0.607154
 0.684061
 -1.08265
 0.338988
 -0.0168795
 1.0109
 0.943144
 0.255442
 0.921036
 -0.016027
 0.122603
 1.12381
 0.724489
 -0.533634
 0.778
 -0.536432
 -1.37641
 0.340421
 1.13991
 -0.46365
 0.288995
 -0.328105
 0.216279
 0.179373
 0.36646
 -0.662135
 -0.283998
 -0.240831
 -0.612125
 0.113407
 -0.507218
 0.411319
 -0.382625
 -0.342457
 0.860923
 0.445709
 -1.26018
 0.0682156
 -0.815929
 -0.238372
 0.523402
 0.376808
 0.213571
 0.7528
 -1.15098
 -0.188434
 0.519983
 -0.110776
 -0.135904
 -0.572281
 0.363279
 -0.581178
 1.09808
 0.183149
 0.30492
 -0.390761
 0.175507
 -1.52623
 0.8847
 -0.753146
 0.741474
 -0.278862
 0.97893
 -1.84059
 2.76432
 -1.75812
 -0.0591835
 0.314271
 -1.75275
 1.6386
 -1.58207
 2.37099
 -1.74027
 0.327526
 0.258417
 0.387602
 -0.493071
 0.993666
 -0.209446
 0.32477
 -1.41796
 0.499416
 -0.0939597
 -0.62794
 0.451029
 0.483426
 -0.975523
 1.32328
 -0.961577
 1.46529
 -1.87791
 0.673074
 0.117911
 0.253635
 -0.29691
 0.596623
 -1.07457
 1.17653
 -1.21515
 0.0221936
 0.560773
 -0.391172
 1.04994
 -0.398195
 0.0795635
 0.0272252
 -0.308441
 -0.200972
 0.368861
 -1.56066
 0.240808
 -0.336895
 1.47936
 -0.861339
 0.855835
 0.627062
 -1.23368
 1.10298
 -1.53356
 0.180488
 1.19386
 -1.69424
 2.28297
 -1.6815
 2.58881
 -2.33075
 1.05028
 -0.260944
 -0.585842
 1.36601
 -1.11226
 0.54138
 -0.591031
 2.04865
 -2.05153
 1.34967
 -2.15468
 1.86682
 -1.67916
 0.480572
 -0.453304
 1.6786
 -2.48498
 1.57363
 -0.817053
 0.926479
 -0.857604
 1.7892
 -1.29957
 1.45181
 -0.922308
 -0.0628163
 -0.790266
 1.20283
 -1.02393
 0.119831
 -0.183889
 -0.351621
 1.7071
 -1.96808
 2.3094
 -2.84345
 2.27051
 -1.04613
 0.39754
 0.158596
 0.3143
 -0.0273299
 -0.682681
 -0.3044
 -0.244022
 0.0142571
 -0.688238
 2.4016
 -2.5317
 3.11098
 -2.4674
 0.959478
 -0.262637
 1.15684
 -0.973563
 -0.878765
 0.284265
 -0.00812265
 0.431708
 -0.149004
 0.163734
 -0.348469
 0.886555
 0.695379
 -1.42446
 0.183218
 -0.520215
 1.13827
 -0.405713
 -1.13292
 1.42904
 -1.45449
 1.07982
 0.0966375
 -0.511071
 0.820922
 -0.091807
 -0.424482
 -0.141424
 -0.123007
 0.578946
 -1.58141
 2.38839
 -0.549432
 0.431398
 -1.20021
 1.45614
 -1.43707
 2.10447
 -1.82812
 1.00145
 -1.19106
 1.49219
 -1.29529
 -0.132464
 -0.125142
 0.744597
 -0.099004
 1.42702
 -2.646
 2.50136
 -1.40075
 0.523593
 -1.54013
 2.00328
 -1.26676
 1.13084
 -0.877006
 1.32105
 -1.88114
 1.94713
 -1.81937
 1.50167
 -1.46523
 1.85773
 -1.49741
 0.459203
 0.313709
 -1.1246
 -0.23589
 0.98455
 -0.0725718
 -0.551874
 -0.396144
 -0.232235
 -0.124084
 1.0975
 0.754383
 -0.651304
 -0.277735
 -0.746932
 0.308869
 0.340238
 1.18572
 -1.19107
 -0.147764
 -0.122505
 0.307693
 0.664996
 -1.86191
 1.94225
 -1.702
 1.95177
 -2.3453
 0.982969
 0.0312614
 -0.561572
 -0.340205
 2.14338
 -1.31458
 1.04469
 -0.971359
 0.0408816
 0.590032
 -0.733875
 -0.00935626
 0.277412
 1.09671
 -1.42472
 1.10034
 -1.05977
 0.481036
 -0.188163
 -0.155622
 0.504183
 0.162905
 0.0481763
 -1.01483
 1.04472
 0.0378171
 0.459888
 -1.14963
 1.00415
 -1.16391
 0.232869
 -0.531455
 0.215998
 -0.215953
 0.56733
 0.711768
 -1.18785
 -0.128784
 0.415358
 0.641823
 -0.519191
 1.06953
 -0.653575
 0.150591
 -0.276472
 1.90468
 -2.52562
 1.61868
 -1.93212
 1.46706
 -0.183346
 -0.724906
 0.474894
 0.00297742
 -0.125522
 0.16163
 -0.837102
 0.655395
 0.380997
 -0.0826453
 -0.308255
 0.0496686
 -0.671098
 1.02626
 -1.02652
 0.369639
 1.00859
 -0.61648
 1.02145
 -1.65414
 1.45651
 -1.78563
 0.231837
 0.0274818
 -0.0889889
 0.577172
 -0.129002
 1.00504
 -1.24242
 0.894551
 -1.18589
 1.77386
 -1.29337
 1.35958
 -0.741463
 0.507276
 -0.620712
 -0.380293
 -0.216294
 -1.07612
 1.87786
 -0.61483
 -0.629514
 0.798401
 -0.0910991
 -0.741419
 1.31138
 -0.965716
 0.527234
 0.394012
 -0.633989
 -0.287912
 0.255937
 -0.353463
 0.0249782
 -0.0446187
 0.313591
 0.010018
 0.537829
 0.0419621
 -0.8535
 0.958039
 -1.28998
 1.16871
 -0.725136
 -0.188572
 1.22492
 -1.58206
 0.375371
 -0.052899
 0.618644
 0.679111
 -1.30477
 1.65237
 -1.9027
 1.78589
 -1.02128
 0.464797
 0.03005
 -0.97306
 0.729337
 -1.0762
 1.92907
 -0.691299
 -0.791728
 0.0147516
 -1.32588
 1.29965
 -0.085709
 -0.0951079
 0.884937
 -0.336287
 0.237162
 0.325691
 -1.98253
 2.49645
 -1.59105
 2.14592
 -2.70806
 2.08038
 -1.84636
 2.44634
 -2.01149
 2.66776
 -4.09708
 3.84208
 -2.06867
 0.709485
 -0.63323
 0.0392882
 0.750811
 -0.152769
 -0.368498
 -1.752
 2.72415
 -2.81266
 2.51604
 -1.07735
 0.0768482
 -0.402084
 1.46232
 -1.33481
 0.42626
 -0.123978
 0.82323
 -0.0716695
 -1.30792
 0.633977
 -0.0284817
 -0.586661
 0.676347
 -1.22162
 0.637376
 2.56898
 -3.24581
 2.43235
 -1.59245
 0.400939
 0.249921
 0.0292742
 -1.74542
 2.50914
 -1.57332
 1.11203
 -1.41081
 0.853227
 -0.48276
 0.00773966
 0.267732
 -1.43289
 1.58114
 -0.577438
 0.0837896
 -0.245768
 0.0283199
 0.930251
 0.485589
 -0.0238342
 -0.245226
 -0.433312
 -0.199291
 1.67793
 -1.5558
 0.634283
 -1.99557
 2.3254
 -2.00848
 3.5246
 -3.14413
 1.4101
 -0.479473
 0.610986
 -1.42692
 1.40587
 -2.32901
 2.32978
 -0.839343
 0.200714
 -0.160279
 -0.59642
 0.418109
 -0.450676
 2.05539
 0.0482978
 -1.06994
 0.561093
 -0.961004
 1.10367
 -0.976618
 0.444722
 -1.30038
 1.08192
 0.69798
 -0.921165
 0.234291
 0.337883
 -0.755021
 0.266352
 0.152664
 -0.918869
 0.670786
 -0.730526
 0.835297
 -0.426339
 0.457568
 -1.20458
 1.50385
 -0.309774
 0.0368468
 -0.315008
 0.345468
 -0.0266055
 0.158266
 0.11438
 -0.370778
 0.114562
 0.340003
 -0.505329
 -0.27385
 -0.0688192
 -0.306031
 1.84168
 -2.08746
 1.93602
 -1.67648
 2.09842
 -1.8814
 1.72081
 -1.63581
 1.74723
 -1.85313
 0.443067
 0.39974
 -0.204058
 -0.950501
 0.599511
 0.172357
 -1.52479
 1.80505
 -0.723452
 1.02297
 -0.912682
 -0.421575
 1.08107
 -1.47728
 1.82042
 -0.975274
 1.33504
 -1.78102
 1.32966
 -0.943065
 0.476031
 0.492517
 -1.28104
 0.779208
 -1.89804
 2.63856
 -0.768688
 1.03916
 -0.9533
 0.406498
 -0.937558
 0.403118
 -0.582511
 0.404903
 -2.0011
 2.89761
 -2.08422
 3.95008
 -3.0765
 1.49335
 -2.17523
 2.89822
 -2.29941
 1.78002
 -1.94851
 0.870788
 -0.696618
 0.757461
 -0.547151
 0.0796487
 0.355048
 -0.563459
 0.919681
 -0.854994
 1.64168
 -2.55275
 1.04432
 -0.152806
 0.102272
 0.541438
 -0.847606
 2.09222
 -1.65725
 1.39973
 -2.55513
 1.77419
 -0.594286
 0.134813
 -0.209128
 0.348844
 0.194243
 -0.717036
 1.08512
 -0.570919
 -0.369749
 0.648245
 -0.0992487
 -0.720858
 -0.490863
 1.31941
 -0.550096
 1.00536
 -1.11261
 1.43191
 -1.18616
 0.253292
 -0.0929955
 -0.386286
 0.878143
 -1.31165
 1.36271
 -1.84459
 0.509819
 0.525097
 0.151401
 0.797756
 -1.76525
 1.57996
 -1.82551
 1.15947
 -0.134025
 0.298317
 -0.873082
 1.15572
 -1.23485
 1.35931
 -0.740085
 -0.194798
 0.343826
 -0.774122
 1.56898
 -1.15519
 0.604372
 -0.851413
 1.23239
 -1.05273
 1.57235
 -1.92867
 1.16291
 0.296539
 -1.10043
 0.344066
 -1.4406
 1.72823
 -2.25653
 3.15555
 -1.8538
 2.69763
 -2.0235
 -0.617462
 1.15922
 -0.443098
 0.421119
 0.215957
 0.412779
 -1.00171
 1.05568
 -1.52804
 0.194537
 0.269678
 -0.90919
 0.900047
 1.04205
 -1.84584
 1.77807
 -1.4079
 -0.0124244
 -0.600183
 0.354983
 0.0726721
 0.522756
 0.465676
 -0.576183
 0.496848
 1.24553
 -2.28313
 1.01819
 -0.351934
 -0.23809
 0.589208
 -0.749338
 0.08935
 -0.670734
 1.02459
 -0.753518
 0.879
 0.279363
 0.293976
 -1.96533
 1.56723
 -0.813352
 0.53985
 -0.772115
 -1.3468
 2.42403
 -2.16064
 1.85012
 -1.26659
 1.4696
 -0.896501
 1.00574
 -1.58181
 0.557932
 -0.280329
 1.28164
 -0.230828
 0.686414
 -1.66882
 1.33342
 -0.400242
 -0.680076
 0.444441
 0.6956
 -1.08928
 2.21953
 -2.33437
 3.17785
 -2.63107
 0.781302
 -1.59459
 0.937688
 -0.352567
 0.520768
 -0.815278
 0.58655
 -1.06746
 1.75853
 -1.43149
 1.51183
 -0.354963
 0.646609
 -1.5313
 1.14634
 -1.97045
 2.14327
 0.00394274
 -0.306573
 0.620762
 -0.647811
 -0.633353
 0.224446
 -0.270049
 -0.245728
 -0.245542
 1.27658
 -1.89925
 2.03326
 -2.07281
 2.56759
 -3.22011
 3.30706
 -2.08502
 1.37867
 -0.625869
 1.36629
 -2.03857
 0.656974
 -0.766043
 1.575
 -1.19881
 1.54333
 -0.928127
 0.35128
 -1.00257
 1.56555
 -1.38262
 0.974332
 -1.40472
 2.75493
 -3.37219
 2.88072
 -2.32984
 1.50688
 -1.1079
 1.49589
 -2.33823
 2.40636
 -1.98223
 1.06845
 -0.507771
 0.232536
 -0.88582
 1.70253
 -1.4375
 0.788724
 -0.660853
 0.0510875
 0.92209
 0.227028
 -0.193223
 -0.216902
 0.310749
 -0.365863
 -0.813233
 1.60862
 -1.62951
 1.42058
 -0.644557
 -0.410434
 1.47326
 -2.8777
 2.60507
 -1.70308
 1.92157
 -2.07325
 2.29899
 -2.22404
 1.4505
 -0.978434
 1.14638
 -0.934002
 0.571465
 -1.07628
 1.10779
 -1.4158
 1.68162
 -1.08767
 0.563872
 -0.650715
 0.372046
 1.39987
 -1.65832
 1.52309
 -1.9679
 -0.283607
 0.916677
 -1.32286
 1.06179
 -0.336958
 0.994113
 -0.820028
 0.0961407
 0.0988919
 -0.332707
 0.471286
 0.407694
 -0.521354
 -0.526606
 0.269103
 0.83073
 -0.604803
 0.207515
 -0.655121
 0.514915
 -0.155965
 1.06237
 -1.28907
 -1.22886
 2.49403
 -2.29814
 2.35055
 -1.58481
 0.860629
 0.318547
 -1.19558
 0.715848
 1.08871
 0.0106961
 -0.884762
 0.521302
 0.392386
 -0.400309
 -0.490667
 -0.226336
 0.301644
 -0.929831
 0.833531
 1.07856
 -0.578832
 -0.422106
 0.857724
 -0.421424
 1.51794
 -1.66015
 -0.135898
 -0.175963
 0.920893
 -1.51419
 0.774174
 -0.138503
 -0.165989
 0.450693
 -0.417792
 0.25043
 0.221597
 0.167712
 -0.672967
 1.07207
 -0.76617
 0.196852
 -1.11018
 1.37838
 -1.41939
 2.21613
 -1.42335
 1.09513
 -2.49414
 2.09883
 -2.09142
 1.1398
 -1.19837
 0.884884
 -0.107948
 0.117284
 -0.391153
 1.444
 -0.845196
 0.841769
 -1.22503
 0.900957
 -1.03381
 0.364261
 -0.92061
 0.888989
 -0.266743
 0.919044
 -0.446206
 0.295825
 -0.234661
 0.142789
 -0.0551375
 -0.0668249
 0.960032
 -1.96243
 1.91695
 -1.5107
 1.56871
 -1.6472
 0.644314
 0.254678
 0.678325
 -0.499997
 1.04898
 -1.69862
 1.38763
 -1.68525
 2.53783
 -1.70685
 0.457439
 -0.943539
 1.89905
 -1.53742
 0.625553
 -1.47238
 1.92313
 -1.82265
 0.615195
 0.420348
 -0.685648
 0.107709
 0.738294
 -0.101108
 -0.729544
 0.769134
 -0.107657
 0.103115
 -0.811405
 0.163358
 0.284958
 -0.176075
 -0.441471
 1.1231
 -0.0649318
 -0.519569
 0.549406
 -0.868497
 0.525831
 -0.71336
 1.35859
 -0.14319
 -0.859573
 1.86477
 -2.10372
 1.42802
 -0.921834
 1.0566
 -1.69188
 1.88972
 -1.48822
 0.0811189
 0.252229
 -0.0891358
 -0.997725
 0.922062
 0.36607
 0.109288
 0.57091
 -0.739218
 0.0374949
 -1.66394
 2.16973
 -1.85368
 0.970478
 -1.78061
 1.4421
 -0.444055
 1.06669
 -0.341161
 1.617
 -0.901104
 0.509147
 -0.282528
 -0.16713
 -0.148709
 0.00404725
 -0.842273
 0.642458
 -1.61947
 2.59042
 -1.93904
 1.85782
 -0.956942
 -1.2426
 1.62592
 -0.685676
 -0.612046
 1.14887
 -0.599378
 0.383942
 -0.446169
 0.347121
 -0.385415
 0.550031
 -1.11404
 1.53165
 -0.926592
 0.427273
 0.962355
 -0.375832
 -0.369955
 -0.424147
 0.215787
 -0.173791
 -0.683878
 0.737015
 -1.413
 1.84987
 -1.07485
 2.23994
 -2.94568
 1.97445
 -2.73903
 2.88734
 -1.99355
 2.77878
 -2.74609
 2.37243
 -2.26097
 1.88834
 -1.65623
 1.30119
 -0.0322777
 -0.727645
 0.658989
 -0.679304
 0.0654938
 1.71118
 -2.61865
 1.8689
 -1.73152
 1.28312
 -0.707915
 0.541056
 -0.676428
 -0.128572
 0.359847
 -0.403502
 1.05072
 -1.31006
 0.198443
 1.10149
 -1.30592
 1.055
 -1.38147
 1.84704
 -0.312179
 0.659605
 -0.779159
 -0.557454
 -0.210544
 1.31072
 -0.908411
 0.708166
 -1.72415
 1.43709
 -0.771975
 0.248972
 0.244728
 0.636327
 -0.613409
 -0.231449
 0.251198
 0.231394
 0.333215
 -1.61599
 2.209
 -2.2617
 1.63361
 -1.46135
 1.72246
 -0.839371
 0.472201
 -0.435994
 -0.0723382
 -0.31654
 0.772919
 -1.42589
 0.155146
 0.984184
 -0.00480858
 0.0134225
 -0.616775
 1.23731
 -0.0423151
 -1.11902
 1.23593
 -0.365388
 -0.717948
 0.690952
 -0.384971
 -0.771361
 0.601513
 -0.320552
 0.483066
 0.696106
 -1.62732
 0.771374
 0.100998
 -0.174372
 1.2808
 -2.70652
 1.97243
 -0.178298
 -0.407379
 1.60594
 -2.16411
 2.22336
 -1.33034
 0.502094
 -0.938807
 0.41581
 -0.0565915
 0.212955
 0.500197
 -0.0520707
 -0.489839
 0.799544
 -0.936137
 -0.280477
 0.603417
 0.392079
 -0.743129
 -0.283987
 -0.163748
 -0.755412
 1.87324
 -1.19186
 1.17048
 -1.09703
 -0.192725
 -0.0556622
 0.578728
 0.154085
 0.809134
 -1.08428
 0.485309
 -0.414467
 -1.07811
 1.27676
 -1.16291
 1.60343
 -0.653312
 -0.0169739
 -0.0647765
 -0.242091
 0.302911
 0.438252
 -0.217017
 -0.253971
 0.239508
 0.380767
 -0.474386
 -1.06345
 1.13897
 -0.737777
 0.845202
 0.499999
 -0.741143
 0.0571066
 0.76064
 -1.02203
 0.676191
 -1.48138
 1.49003
 -1.65858
 1.71544
 -0.699519
 0.132744
 0.730987
 -1.51217
 0.74214
 -0.735892
 1.48145
 0.0104329
 -0.699266
 0.769921
 -0.228839
 -1.00459
 0.516674
 -0.174282
 0.324466
 0.111678
 0.512452
 -0.444363
 0.0725745
 0.339646
 -0.317435
 -0.29909
 -0.196408
 -1.20416
 1.72507
 -0.700801
 1.10417
 -1.89314
 1.35655
 -0.307597
 -0.369164
 0.0535308
 0.432074
 -0.0684914
 -0.210347
 1.00929
 -1.70563
 0.319348
 0.188397
 0.547503
 0.0404877
 -0.437446
 0.510414
 -0.366074
 0.299974
 -0.84179
 0.173811
 -0.0188664
 0.417047
 -0.458549
 0.894895
 -0.837657
 1.08134
 -0.118166
 0.25485
 -0.95391
 -1.01318
 2.39111
 -1.9254
 0.996332
 -0.780565
 1.49853
 -0.0105173
 -0.0244169
 -2.09669
 2.3688
 -1.64265
 0.707255
 -0.324097
 -0.129424
 0.365796
 0.469424
 -0.96561
 1.4292
 -1.62592
 2.5911
 -1.84081
 0.532644
 -0.640746
 1.00357
 -1.28683
 1.25102
 -1.20325
 0.466328
 -0.0211779
 0.400622
 -0.583584
 0.631997
 -1.21807
 0.905109
 -0.467065
 -0.862752
 1.20903
 -0.109516
 0.826551
 -1.36072
 0.788633
 -0.350424
 1.22936
 -2.43007
 1.88247
 -1.53555
 2.00057
 -1.68292
 0.778784
 -0.779559
 -0.398789
 1.09047
 -0.208414
 0.243721
 -1.80082
 1.85093
 -0.499919
 0.473008
 -0.246713
 -0.846621
 1.34358
 -0.0665602
 0.242756
 -1.04225
 0.52393
 -0.905089
 1.14978
 0.0502236
 -0.132178
 -0.187415
 -0.864536
 0.977222
 0.124581
 0.117239
 0.577149
 -2.03721
 1.25778
 0.279411
 -1.23175
 1.89334
 -2.34905
 1.91799
 -2.22656
 1.42632
 -1.03345
 0.16931
 0.189867
 -0.207377
 0.50352
 0.0239895
 0.284066
 -1.85523
 1.64208
 0.697202
 -0.196843
 0.658101
 -2.21264
 1.83808
 -1.73871
 1.37381
 -2.34544
 3.74323
 -2.86073
 2.02824
 -1.54734
 0.933358
 -0.435557
 1.24796
 -1.24062
 0.30724
 -1.6526
 3.28443
 -3.39535
 2.14359
 -1.01054
 0.253914
 0.164812
 -0.595664
 1.11785
 -0.826771
 0.917375
 -0.396255
 -0.232493
 -0.374199
 0.400476
 -0.0589643
 0.194771
 -0.597032
 1.38427
 -1.3659
 1.01352
 -0.935581
 1.8649
 -2.69009
 1.08607
 -0.904428
 1.70855
 -0.821725
 0.759136
 -0.531491
 -0.863721
 2.06067
 -0.986919
 0.50317
 -0.777003
 0.255265
 -0.535408
 1.93514
 -2.6978
 -0.0789294
 0.738534
 0.922575
 -1.50909
 1.446
 -1.42104
 2.25039
 -1.73057
 0.707065
 -0.211878
 0.507967
 -2.23908
 2.17911
 -1.98172
 2.48891
 -1.70003
 1.27722
 -1.58678
 1.34168
 -0.888686
 0.695181
 -0.759366
 0.992394
 -0.905014
 1.942
 -0.867577
 -0.465333
 -0.42753
 0.952588
 -1.17065
 -0.035198
 0.7619
 0.0586986
 -0.365038
 0.850758
 -1.35902
 1.0381
 -1.05906
 -0.145653
 1.14514
 -0.393772
 0.63639
 -0.772504
 0.253441
 -0.788299
 1.74956
 -0.120015
 -1.13667
 0.578131
 -1.19368
 1.14091
 -0.161676
 -0.509863
 0.531935
 0.305178
 -1.35016
 1.5614
 -0.747802
 0.0825987
 0.0530486
 0.944459
 -0.336933
 0.19189
 -0.416878
 -0.0803701
 -0.0975781
 -0.772434
 -0.526884
 0.843893
 0.0417104
 0.34771
 0.281257
 -0.85852
 0.484891
 -0.634136
 0.698697
 -0.00196001
 0.799852
 -0.611325
 0.285991
 -0.269257
 0.902519
 -1.324
 0.695752
 -0.894335
 1.35751
 -1.59952
 1.6336
 -1.73537
 1.45644
 -1.39064
 1.13114
 -0.527174
 0.282419
 -0.729878
 0.146873
 0.1096
 -0.415346
 1.328
 -0.641156
 1.18004
 -1.14417
 0.801109
 -1.12227
 0.0302764
 -0.331554
 0.623523
 -0.240032
 -0.572302
 1.8969
 -1.48339
 0.387296
 -0.106683
 0.337651
 -0.569533
 1.52691
 -1.50857
 1.2621
 -0.793671
 -0.562696
 -0.00822288
 0.887477
 -0.77562
 0.773775
 -0.514136
 -0.474122
 1.3655
 -0.908833
 -0.144615
 -1.41361
 2.62201
 -1.92387
 1.68818
 -1.21908
 0.438497
 -0.614616
 0.90844
 -1.78837
 2.2259
 -2.20885
 2.99896
 -2.34701
 0.40188
 0.236576
 0.742238
 -0.575633
 1.09639
 -1.70683
 1.53677
 -1.04932
 -0.0752818
 0.184218
 -0.555518
 0.945443
 -1.48147
 2.02431
 -2.41948
 1.75778
 -1.0379
 0.140803
 0.00117758
 0.921074
 -2.65567
 1.56324
 -0.171402
 0.105916
 -0.629725
 1.77034
 -0.180366
 -0.947283
 0.837918
 0.196331
 -0.964086
 1.2798
 -0.373803
 0.106509
 -0.53288
 -0.0552178
 0.599259
 -0.400613
 1.19998
 -1.22933
 1.25257
 -1.86939
 0.797957
 0.105405
 0.145333
 0.324321
 -0.243458
 0.768249
 -2.03327
 2.29279
 -1.88727
 1.22091
 -1.03057
 0.423315
 -1.06569
 0.577066
 -0.254766
 -0.16178
 0.347584
 0.299647
 -0.28646
 -0.412465
 0.621559
 -1.10932
 1.56389
 -1.27005
 1.78192
 -0.662795
 -0.608546
 -0.400553
 0.884448
 0.578626
 0.907908
 -1.67454
 -0.230956
 -0.478577
 1.48954
 0.143081
 -0.653987
 -0.318799
 0.792845
 -0.370121
 0.135591
 -0.291114
 0.121927
 0.323427
 -0.394916
 -0.508749
 0.625306
 -0.901049
 0.0128245
 -0.0507152
 1.42261
 -0.68333
 1.31292
 -0.937058
 0.649431
 -0.489027
 -0.157295
 0.504734
 -1.04751
 0.328624
 -0.299216
 0.706982
 -1.12685
 0.922359
 -0.00351437
 -1.29287
 0.531747
 -1.16838
 1.86399
 -0.352198
 0.756228
 -0.932955
 0.7328
 -0.903372
 0.432625
 0.984149
 -0.619964
 0.729052
 -0.750692
 -0.541157
 -0.635335
 1.54621
 -1.00683
 1.58227
 -1.78451
 1.87108
 -2.26882
 1.21773
 -0.819738
 1.3383
 -1.2775
 1.0665
 -1.45256
 0.704877
 -0.0527397
 -0.219304
 0.795414
 -0.0861927
 -0.270261
 0.1056
 0.958367
 -1.0071
 0.415483
 -1.42217
 1.86293
 -1.24717
 0.577994
 0.951639
 -0.622915
 -0.765352
 0.772404
 -1.14728
 0.5774
 -0.833098
 0.301669
 0.431495
 0.679355
 0.273194
 -0.632535
 -1.43303
 1.01964
 -0.736747
 1.85835
 -1.35854
 0.275614
 0.457689
 -0.265442
 -1.35879
 0.896236
 -0.467348
 0.831753
 -0.411879
 -0.820264
 0.956913
 -0.149421
 0.41016
 0.321344
 -0.249877
 -0.576668
 0.862447
 0.557294
 -0.609914
 0.437083
 -0.950007
 0.786382
 -0.138893
 0.352357
 0.123379
 0.29796
 -0.448306
 -0.0807374
 -0.455632
 0.230591
 -1.16427
 0.845036
 -0.0117017
 -0.193896
 0.0669402
 0.045249
 -0.0101471
 -0.0128669
 -0.24655
 0.614665
 0.380513
 -0.18212
 -1.72976
 2.45453
 -1.1253
 0.578799
 -0.925863
 1.23953
 -0.631109
 -0.401875
 -0.102174
 0.0575847
 0.418678
 -0.326666
 -0.620317
 0.96522
 -0.533855
 0.188143
 0.0640086
 -0.26466
 0.137841
 -0.664452
 0.734576
 -0.976566
 0.92697
 -0.684692
 0.651015
 -1.30392
 2.03734
 -1.97621
 1.5102
 -0.813877
 1.41774
 -1.60551
 1.15158
 -0.63887
 0.330429
 -0.279226
 1.12591
 -1.04402
 0.485826
 -0.436298
 0.24496
 -1.16365
 0.511798
 -0.48188
 1.90883
 -1.77885
 1.67364
 -0.913539
 -0.283876
 0.850265
 -0.185705
 -0.180559
 0.714045
 -0.652884
 0.756292
 -0.48615
 -0.549228
 -0.0643596
 0.790763
 0.138374
 -0.0839201
 0.42542
 -0.861496
 0.437863
 -0.867215
 0.106888
 -1.07407
 0.976898
 -0.725162
 1.34439
 -1.92837
 1.28576
 -0.947623
 0.714304
 1.21988
 -1.31644
 0.894615
 -1.02839
 1.31329
 -0.221018
 -0.308609
 0.670293
 -0.828168
 0.693163
 -1.50768
 1.45023
 -1.34882
 0.859879
 -1.10887
 0.642102
 -0.249261
 1.10493
 -1.83095
 3.51109
 -3.95735
 3.19858
 -3.61259
 4.44133
 -2.25824
 0.965609
 -0.444946
 0.926894
 -2.72191
 1.55671
 -0.705606
 0.275506
 -0.00846841
 -0.491096
 -0.348292
 1.06078
 -0.996348
 1.16713
 -0.583391
 1.04451
 -0.636716
 0.52553
 -1.09878
 0.593766
 0.413458
 -0.589359
 0.328163
 0.209331
 0.0447558
 0.785662
 -0.726295
 0.456549
 -1.26196
 1.23981
 -1.63641
 1.7568
 -2.06998
 0.579458
 -0.84736
 1.04398
 -0.712188
 0.362333
 0.258218
 1.34322
 -1.04049
 0.538468
 -0.389453
 -1.28925
 1.10945
 -1.3324
 0.145844
 0.567035
 0.0578725
 0.162055
 -0.296547
 0.607545
 -0.316078
 -0.917121
 1.46178
 -0.506245
 1.28129
 -1.5547
 1.41515
 -0.25931
 -0.577917
 1.22426
 -2.07782
 0.753042
 1.27553
 -1.91458
 3.02717
 -5.4629
 5.18642
 -4.02321
 4.59089
 -3.83061
 2.69216
 -2.33336
 1.22227
 -1.02967
 1.70361
 -2.3675
 2.55927
 -0.609376
 -1.30942
 0.486351
 1.03557
 -1.2475
 0.678249
 -0.435675
 0.584234
 -0.563577
 0.461042
 0.663996
 -1.55634
 -0.05614
 0.437201
 0.342758
 0.204633
 -0.957049
 2.07608
 -2.78445
 1.78931
 -1.48292
 1.75952
 -1.20195
 1.46972
 -2.33907
 2.0558
 -0.757212
 0.157353
 0.404832
 -0.511062
 1.73706
 -0.936177
 -0.56223
 -0.101688
 1.25813
 -1.31679
 0.755368
 -1.10996
 -0.0456245
 0.14517
 0.517884
 -0.416575
 -0.141196
 1.52288
 -1.1883
 0.991403
 -2.28241
 1.66403
 -1.38872
 0.836901
 0.0429083
 0.588258
 0.863235
 -1.24099
 0.0617049
 -0.241494
 0.703359
 -1.31461
 0.468239
 -0.000209318
 -0.296952
 1.64906
 -2.13846
 2.4156
 -2.03512
 1.70151
 -2.2119
 1.41404
 -0.49807
 -0.511388
 -1.07351
 1.49583
 0.451215
 -1.17574
 0.327256
 0.57456
 0.32551
 -0.310708
 0.626399
 -0.0780757
 0.483089
 -0.426742
 -0.118609
 -0.779466
 0.959021
 -2.39765
 3.21544
 -2.19635
 0.926042
 -0.0841633
 -0.356944
 1.19303
 -1.74301
 1.60987
 -1.04655
 0.591774
 0.409551
 -1.31254
 1.03839
 -0.293398
 -0.465615
 1.69059
 -1.84862
 0.349691
 -0.571856
 0.496969
 0.128689
 0.0979556
 0.0295653
 -0.170301
 0.285439
 -0.654838
 0.125732
 -0.769345
 1.06523
 -0.0853235
 0.83054
 -0.982547
 1.64566
 -1.40449
 0.91626
 -0.320991
 -0.654692
 0.321341
 -0.635222
 0.685746
 0.182901
 0.745474
 -1.40688
 0.157375
 -0.513223
 1.35674
 -1.31951
 1.54327
 -2.14766
 1.48433
 -0.691708
 -0.627414
 0.825719
 -0.429303
 1.60884
 -1.00869
 0.570426
 -1.2375
 0.80668
 -0.164768
 -0.0107584
 -0.677127
 0.689809
 -0.467443
 1.74281
 -0.888203
 -0.234514
 0.717966
 -0.340879
 -0.315898
 0.218639
 0.441351
 -1.42042
 1.98321
 -1.67779
 0.714916
 -1.41619
 0.653206
 0.376763
 0.101532
 -0.600159
 0.313679
 -0.115216
 0.76238
 -1.82772
 1.93695
 -0.390617
 -0.00978503
 -0.986212
 0.682971
 -0.0555395
 1.03869
 -0.73165
 0.238343
 -0.342173
 -0.339107
 0.544529
 -0.577316
 -0.517728
 0.791421
 0.0628975
 -0.370387
 0.499648
 -0.759106
 -0.73096
 1.42031
 0.113767
 -0.166692
 -0.999553
 1.92438
 -0.781168
 0.247299
 -0.742971
 -0.373366
 -0.0278694
 0.78512
 0.333735
 -1.64608
 1.42974
 0.146121
 -1.48631
 0.552466
 -0.260353
 0.567211
 -0.895182
 1.8479
 -1.62884
 0.836196
 -1.20929
 0.74238
 -0.422485
 -0.4536
 0.585624
 1.7626
 -2.02425
 1.36391
 -0.917372
 1.59547
 -0.665046
 0.0605526
 -0.872903
 0.609888
 -0.224492
 0.728079
 -0.942728
 2.75435
 -3.66128
 2.18649
 -2.15814
 2.39615
 -1.40773
 0.551862
 -0.445499
 0.620804
 -0.982737
 1.42982
 -0.864671
 -0.484529
 0.54924
 -0.965104
 0.571295
 0.305828
 1.04359
 -0.631321
 0.16235
 0.212728
 -0.800103
 1.01036
 -1.57192
 2.33061
 -2.52538
 2.92424
 -1.45649
 -0.0828417
 -1.43009
 1.10409
 -0.522949
 0.997687
 -1.79421
 1.22385
 -1.7403
 1.36938
 -0.241158
 0.435625
 -0.763072
 0.165193
 -0.813796
 0.52943
 0.670289
 0.206421
 0.845837
 -1.94651
 0.476008
 0.591531
 -0.372409
 -0.0602599
 0.800835
 -0.33367
 -0.766262
 0.391749
 -0.74258
 1.46925
 -0.97033
 0.449545
 -0.590449
 1.5166
 -0.42915
 0.184167
 -0.40401
 0.23341
 0.0286098
 -1.20741
 0.514388
 -0.122586
 0.00753767
 0.133514
 0.492964
 -0.645993
 1.22281
 -2.86507
 2.35171
 -0.974231
 2.10581
 -1.71216
 0.382083
 -0.260684
 -0.494139
 0.70098
 0.497656
 -0.622227
 -0.217262
 0.652604
 -1.30684
 1.39121
 -1.38241
 0.85116
 0.18758
 -0.278557
 1.03917
 -1.25147
 0.536422
 0.226383
 0.302341
 -0.973614
 0.647587
 -0.154219
 -1.22815
 1.6219
 -1.82009
 2.85012
 -1.19872
 0.98652
 -1.10577
 -1.02313
 1.9712
 -2.1575
 1.8903
 -2.0454
 2.04594
 -2.57626
 2.44015
 -1.5726
 2.11026
 -1.87025
 0.712505
 -0.263947
 1.38583
 -0.889998
 -0.85042
 1.20043
 -2.68274
 2.28497
 -0.872887
 1.63966
 -2.37098
 1.32064
 0.247766
 -0.280612
 -0.919541
 1.39251
 -1.0215
 -0.383411
 -0.497274
 -0.0527726
 0.761109
 0.761349
 0.244693
 0.958468
 -2.12863
 2.16199
 -2.18719
 1.05538
 -0.65996
 -1.07281
 1.50142
 0.477122
 -0.216844
 -1.08866
 0.847974
 -0.873751
 0.773668
 -0.404323
 -0.468437
 1.52813
 -0.206987
 0.230889
 -1.65961
 1.75727
 -1.49503
 1.52131
 -1.34302
 0.705018
 0.051813
 -1.17543
 0.953872
 -0.0456817
 -0.260744
 -0.145611
 0.696201
 -0.860783
 -0.0423067
 -0.578152
 2.24244
 -2.22521
 1.06241
 0.371954
 0.605207
 -0.66805
 -0.429948
 -0.300488
 0.328471
 0.18154
 0.850311
 -0.180788
 -0.992261
 1.22743
 -1.28304
 0.303926
 -0.625635
 0.680994
 0.0997786
 0.0255313
 -0.377657
 -0.35417
 0.683648
 -0.504315
 -0.160108
 0.418869
 -0.320058
 0.00448084
 0.067568
 0.659638
 -0.988103
 1.03191
 -0.654441
 1.0097
 -0.777633
 0.0556011
 0.372542
 -0.790931
 0.605139
 0.775152
 -0.183145
 -0.203008
 -1.63098
 0.697077
 0.826161
 -0.431485
 1.00164
 -0.570648
 -0.412724
 1.23704
 -2.10275
 2.39114
 -2.6367
 2.06525
 -0.719542
 -0.019559
 -0.498792
 -0.225498
 0.595784
 -0.224138
 0.618174
 -0.524225
 0.150688
 -0.527619
 0.702978
 -0.498487
 0.367154
 -0.0539285
 0.948327
 -0.625415
 -0.155358
 0.430847
 0.195509
 -1.53213
 2.03524
 -2.54808
 2.5006
 -3.20544
 2.52814
 -1.28247
 0.629562
 -0.0239152
 0.00440641
 1.12614
 -0.139137
 -2.32489
 2.34602
 -2.344
 2.76474
 -1.84031
 1.87473
 -1.09032
 -0.843267
 0.464083
 1.50182
 -2.14952
 2.00366
 -2.22833
 1.82387
 -1.43393
 1.62546
 -1.45408
 1.57448
 -0.969779
 -0.740855
 0.770431
 -0.533919
 -0.48443
 0.493336
 -0.357332
 -0.230818
 1.34219
 -1.38344
 2.45316
 -2.13888
 0.981056
 -0.918851
 0.688715
 -0.46808
 0.427166
 0.439806
 0.646632
 -1.53292
 2.21866
 -1.14968
 -0.578977
 0.0379356
 -0.00351135
 1.16322
 -1.72738
 0.694891
 0.608434
 -0.145523
 -0.407682
 -0.216241
 0.30586
 0.398828
 -0.914069
 0.676673
 -0.197676
 -0.79441
 1.14815
 0.00754496
 1.02362
 -0.964774
 -0.311854
 -0.594647
 -0.0402428
 0.148673
 -0.608318
 1.08891
 -1.03813
 0.175894
 0.887799
 -0.273664
 0.380978
 -0.920956
 0.327509
 -0.293901
 0.520864
 0.264099
 -2.04332
 3.2165
 -3.30018
 1.20473
 0.416576
 0.253952
 -0.264105
 0.202558
 -0.822931
 0.601843
 -0.400995
 0.988122
 -1.31274
 0.960589
 0.478583
 -0.809983
 0.612
 -0.417914
 0.452593
 -1.06403
 0.0458486
 -0.273504
 0.666091
 -0.262312
 -0.144675
 0.916251
 -0.622111
 0.153382
 -0.180778
 1.36809
 -1.2484
 0.819292
 -0.69234
 1.55416
 -1.56454
 1.21533
 -1.66217
 0.816083
 -0.034487
 -0.0556998
 0.0568522
 0.180029
 -0.73974
 -0.423632
 0.810508
 0.407319
 -0.431798
 -0.862484
 0.26979
 1.18488
 -1.14192
 1.15974
 -0.695019
 0.38669
 0.610857
 -0.262622
 0.144668
 -1.50812
 1.58001
 -1.22244
 1.2108
 -1.31638
 1.42327
 -1.03953
 -0.0552586
 -0.365396
 0.202411
 -0.191794
 0.173018
 -0.240972
 0.858052
 -0.364575
 0.530782
 -1.1307
 1.94188
 -2.54665
 2.27112
 -2.10826
 2.01582
 -1.69036
 1.13626
 -1.28493
 0.857004
 -0.255774
 0.705518
 -0.754249
 0.797974
 -1.08012
 0.926983
 -0.197691
 -0.433648
 1.27128
 -1.4906
 0.807765
 -0.177636
 -0.374363
 0.472558
 0.783247
 -0.919962
 0.668672
 -1.17215
 1.23948
 -0.692856
 -0.262695
 -1.33749
 1.17358
 -0.336994
 1.09664
 -0.0389206
 -1.02406
 1.74041
 -1.5101
 -0.239409
 1.86323
 -2.21196
 1.74524
 -0.158306
 0.576599
 -0.792672
 0.399009
 -2.12822
 0.900485
 0.54763
 -0.323994
 -0.0630747
 0.129426
 -0.247365
 -0.332793
 0.774424
 0.165341
 -0.788475
 1.44278
 -2.21849
 1.37916
 0.518856
 -0.483898
 0.0686078
 -0.289985
 -0.881707
 2.18163
 -2.78726
 3.95941
 -3.24259
 1.80981
 -1.13649
 0.779503
 -1.20273
 0.66431
 -0.140478
 0.64962
 0.524987
 -1.0227
 -0.0671979
 -0.503808
 0.208828
 0.668034
 -0.543846
 -0.404036
 0.788275
 -1.16707
 2.34001
 -1.82298
 0.249445
 0.921933
 -1.2618
 1.24324
 -0.536317
 -0.496433
 0.965279
 -0.229731
 -0.581022
 0.496661
 0.296193
 -0.634961
 0.565201
 0.573586
 -0.629533
 0.975292
 -1.41245
 0.573642
 0.34794
 -1.23032
 0.935677
 -0.923625
 1.01903
 -0.352181
 0.387047
 -1.54561
 0.744246
 -0.756856
 0.884295
 -1.15003
 0.194496
 -1.06766
 0.52063
 2.93066
 -1.01617
 -0.603846
 0.0762097
 0.191007
 -0.262786
 -0.209387
 1.32618
 -1.09157
 0.939558
 -2.42254
 0.887443
 0.44568
 0.361677
 0.664526
 -1.75263
 2.5394
 -1.18716
 0.722626
 -0.294854
 -0.631403
 -0.299064
 -0.447624
 0.309846
 0.3697
 -0.58671
 1.19237
 -1.16251
 0.511147
 -1.38413
 1.45856
 0.703276
 -1.73229
 1.54047
 -1.56202
 1.37308
 -1.75235
 1.2234
 -1.60326
 1.9265
 -0.333922
 0.633341
 -0.562453
 0.754813
 -0.927184
 0.290252
 -0.787828
 0.083022
 0.649819
 0.571175
 -0.706871
 0.972221
 -1.03536
 0.301248
 -1.97867
 2.40338
 -1.16014
 0.556247
 0.221828
 0.0512136
 0.220988
 0.0819686
 0.199382
 -0.77081
 -0.718903
 1.23642
 0.126403
 -1.34325
 1.36356
 -2.13959
 2.43055
 -0.500974
 0.629738
 -0.114565
 -1.35977
 0.651879
 -1.22998
 1.9022
 -1.11935
 0.884199
 -0.530094
 0.295714
 -0.816696
 0.766118
 -0.502744
 1.03385
 -1.8583
 1.44709
 -0.997766
 1.35146
 -1.16875
 -0.162512
 -1.20811
 0.847451
 -0.554507
 0.768114
 0.825521
 -1.64192
 1.91926
 -1.48947
 2.03607
 -1.95671
 0.887049
 -0.564873
 1.79655
 -1.23733
 -0.0663778
 0.83469
 0.961118
 -1.92972
 1.85797
 -1.31037
 1.01712
 -2.47798
 1.84038
 -1.81793
 2.6136
 -2.37609
 0.85929
 0.0996077
 -0.260702
 -0.631574
 0.982748
 0.412694
 0.245405
 1.10617
 -1.39928
 -0.191921
 0.0876273
 -0.892904
 0.134904
 1.19873
 0.257601
 -0.693863
 0.523776
 -1.28508
 1.03602
 -1.31842
 0.202087
 -0.636824
 1.98831
 -1.75758
 1.6368
 -1.84327
 2.04904
 -3.36839
 3.64338
 -2.6933
 2.22619
 -0.907732
 1.34668
 -1.46312
 0.958937
 -0.119829
 -0.26339
 -1.40104
 1.37499
 -0.813639
 0.546955
 -0.153442
 0.0438282
 1.45178
 -1.00193
 -0.706812
 0.920368
 -0.509175
 -0.5809
 -1.47433
 2.44928
 -1.0279
 1.43256
 -1.4479
 1.78428
 -1.59424
 0.603903
 -1.22956
 1.68544
 -1.15135
 1.0944
 -1.31637
 -0.215244
 1.00343
 0.620829
 -0.894087
 0.779475
 -1.24033
 0.307824
 -1.25416
 1.75846
 -0.897792
 1.16189
 -1.57578
 0.383721
 1.43237
 0.0673334
 -0.852119
 0.639675
 0.334123
 -0.945168
 1.5119
 -1.92755
 0.532743
 0.471675
 0.519184
 -1.50225
 0.618178
 0.639347
 -0.647784
 -0.616472
 -0.311156
 1.78181
 -2.08257
 0.735601
 -0.131863
 0.590787
 0.06303
 -1.07229
 1.9468
 -1.88783
 1.77399
 -0.547014
 0.0546857
 -1.73238
 1.90732
 -1.55037
 0.212091
 -0.107333
 1.64413
 -0.673143
 0.0941295
 -0.188207
 0.880395
 -1.21295
 0.895802
 -1.20707
 -0.266159
 -0.17498
 0.777309
 0.0770498
 0.0449408
 -0.0544755
 -0.673282
 -0.128139
 1.04097
 -0.552307
 1.8768
 -1.51296
 0.46586
 0.204438
 0.157863
 -0.833364
 1.07419
 -1.2399
 1.03114
 -1.03791
 0.264862
 0.384541
 -0.534602
 0.0768136
 -0.268112
 1.33108
 -1.12413
 0.251622
 -0.44349
 0.627415
 -0.392145
 -0.315003
 0.449888
 -0.800904
 2.01429
 -2.29852
 1.47004
 -1.1593
 0.530893
 0.136282
 0.418448
 0.12494
 -0.134091
 -1.09584
 0.465273
 0.242434
 0.00724841
 0.29236
 -1.08325
 1.52312
 -0.730083
 1.2138
 -2.88249
 2.68961
 -1.82981
 1.06814
 0.14658
 0.0140344
 -1.27058
 1.31912
 -0.606962
 0.887787
 -0.527304
 0.319934
 -0.601292
 0.802884
 -0.353472
 -1.02735
 1.08855
 0.0822099
 -0.115997
 -1.18846
 0.0924048
 1.01078
 -0.575365
 0.312237
 0.259043
 0.628208
 -0.53093
 1.25084
 -1.74847
 0.188608
 -0.604311
 0.920638
 -0.417675
 -0.254635
 0.167505
 0.203122
 0.132361
 -0.382585
 -0.0744862
 0.138553
 0.61083
 -1.29273
 1.30823
 0.167967
 -1.41911
 1.23234
 -1.29653
 1.25863
 0.342746
 -0.343132
 0.111308
 -0.564181
 -0.903875
 1.93409
 -1.41433
 0.474909
 -0.415471
 0.357607
 0.204899
 -0.360762
 -0.088982
 0.887262
 -0.759698
 0.258276
 0.310545
 -0.204455
 0.3969
 -0.734406
 1.08001
 -0.489696
 -1.21881
 1.57222
 -1.01433
 0.671196
 -2.27672
 1.69365
 -0.579726
 1.02073
 -0.0947571
 -0.386996
 0.225472
 0.345553
 -0.840168
 0.406688
 -0.0663422
 -1.07953
 1.33105
 -0.757665
 1.34848
 -1.61057
 1.39466
 -0.975742
 0.577263
 -1.57682
 1.60009
 0.416255
 -0.0814303
 0.787383
 -1.90339
 1.30719
 -1.73561
 2.41484
 -3.82837
 1.92406
 -0.665858
 0.438555
 -0.242584
 2.10118
 -0.252986
 -1.46558
 0.493446
 -1.14063
 1.67965
 -1.01137
 0.883031
 -1.0111
 1.22254
 -1.02314
 -0.163851
 2.12544
 -1.99721
 0.614336
 -1.1025
 0.947949
 -0.415398
 1.89617
 -1.25394
 1.57427
 -2.57322
 2.77101
 -4.22577
 3.83248
 -1.71956
 0.984225
 -1.13371
 1.06577
 -1.84686
 1.69622
 -1.0322
 0.697846
 0.675579
 -1.7513
 0.387495
 0.993678
 -1.7446
 1.60883
 -1.45792
 1.04142
 -1.21745
 1.13996
 -0.552962
 0.45865
 -0.329718
 0.839707
 0.153418
 0.478751
 -0.377294
 -0.217149
 0.790905
 -1.06382
 0.427253
 -1.16799
 1.96912
 -1.18165
 -1.42859
 1.65001
 -1.06801
 0.656196
 -0.360332
 0.115587
 0.984896
 -0.305712
 0.0363179
 -1.48823
 1.53334
 -1.6191
 2.47851
 -1.62466
 0.928504
 -0.931177
 0.0814727
 -0.33662
 0.497142
 -0.496904
 0.202841
 -0.689997
 1.56918
 -0.645121
 -0.00153917
 -0.784121
 1.56833
 -1.84517
 1.11267
 -1.47143
 1.63901
 -1.61149
 2.46621
 -1.65822
 0.850142
 -0.389163
 0.397626
 -0.7015
 0.957819
 -1.02073
 0.399112
 0.514312
 0.0695485
 0.410078
 -1.38184
 1.1137
 -0.223255
 -1.27455
 1.3497
 -1.43991
 1.32304
 -0.682327
 1.01525
 -0.724384
 1.05213
 -1.21222
 -0.158994
 0.32894
 -0.413391
 0.248394
 -0.160506
 1.45949
 -2.40231
 1.68484
 -2.15647
 3.11118
 -1.80377
 0.119354
 -0.781188
 0.202594
 1.0571
 -0.213124
 0.759332
 -0.668668
 -1.1086
 1.40919
 -0.548819
 0.835467
 -1.53137
 2.56212
 -2.37254
 2.14866
 -2.18766
 0.499414
 0.122446
 1.0065
 -0.464435
 0.503089
 -0.250951
 -0.313155
 1.35377
 -2.43804
 0.918201
 -1.30309
 0.571309
 -0.234283
 0.936904
 -0.730676
 1.13237
 -0.841098
 0.841772
 0.832099
 -0.328792
 0.393504
 -1.08874
 0.183943
 -0.39865
 0.461205
 -0.491679
 -0.678559
 0.494514
 0.93078
 -0.662894
 -0.343666
 0.196386
 -0.615806
 0.175916
 0.266177
 0.815377
 -1.44968
 1.62297
 -0.881905
 1.01133
 -0.0364158
 -1.42933
 0.481669
 0.128232
 0.499005
 -0.683375
 0.152066
 -0.056344
 0.311871
 -0.61157
 0.683766
 -0.561333
 -0.681112
 0.563002
 1.13335
 -0.697589
 1.14843
 -0.623022
 -0.0144572
 0.144111
 -1.53956
 1.60574
 0.0968165
 -0.452035
 -0.602896
 0.884748
 -1.47032
 1.30163
 0.261496
 0.0353207
 0.445256
 -0.601665
 0.294158
 -1.74274
 2.3607
 -1.5966
 0.953875
 -2.08159
 0.654188
 0.591435
 1.33858
 -2.11075
 1.60047
 -2.17533
 0.7711
 0.351001
 -0.064792
 1.21468
 -1.82997
 0.754925
 1.19996
 -2.05501
 2.0552
 -0.797856
 -0.213329
 0.882943
 -0.975858
 -0.662683
 0.164233
 -0.00577042
 -0.181457
 0.467774
 -0.115864
 1.30863
 0.275323
 -1.15148
 1.06767
 -1.91488
 0.902438
 0.0624888
 0.115658
 -0.0355215
 0.150626
 -0.705742
 -0.547019
 -0.136473
 1.3073
 -0.390211
 0.558441
 -0.563381
 0.495801
 -0.587517
 -0.877557
 1.83432
 -2.30894
 2.32481
 -1.45386
 0.993793
 -0.922987
 -0.0782333
 -0.171766
 0.893327
 -1.28226
 2.04579
 -2.13855
 1.48602
 -0.535349
 0.39952
 -1.38669
 1.56945
 -0.835443
 1.73414
 -1.23545
 -0.487024
 -0.3196
 1.70609
 -2.49446
 3.84495
 -3.93026
 2.51243
 -3.01875
 2.78294
 -1.89578
 1.90539
 -1.24283
 0.366871
 0.0746132
 -0.0942882
 0.314069
 0.408951
 -1.12402
 0.769112
 0.30229
 -1.24002
 1.26777
 -1.04361
 1.45705
 -1.41798
 1.45862
 -2.13529
 0.917942
 0.096937
 0.0992601
 -0.191291
 0.0186809
 0.655643
 -0.683331
 -0.322349
 1.52974
 -1.84459
 0.688497
 0.749491
 -0.199591
 0.503101
 -1.01998
 0.852127
 -1.72743
 1.43694
 0.375781
 0.429504
 -0.818593
 1.45308
 -3.00424
 1.01179
 0.557825
 -0.0758375
 1.77755
 -2.49207
 1.7018
 -1.47948
 0.73989
 -0.746351
 0.210985
 0.823372
 -0.753742
 0.698764
 -3.09698
 2.8416
 -1.06995
 2.32797
 -3.09716
 2.33937
 -1.54488
 1.95743
 -2.85787
 1.46386
 -0.490507
 1.33365
 -1.1591
 -0.125356
 0.934369
 0.191187
 0.342954
 -0.58773
 -0.412934
 -0.203152
 0.0969919
 -0.713061
 0.354311
 1.25431
 -0.887076
 0.250212
 -0.487047
 0.613923
 -0.921142
 0.371124
 0.478663
 -1.06003
 0.436217
 1.3631
 -1.08992
 0.931873
 -1.2479
 0.0465119
 -0.152507
 0.637745
 0.0284395
 0.278408
 -0.350877
 0.435632
 -0.824512
 0.487071
 0.00272361
 -0.256007
 -1.00312
 1.36587
 -0.440741
 0.0651487
 -0.0354706
 -0.675676
 1.41853
 -1.26299
 0.00633869
 1.04846
 -0.455331
 0.723123
 -1.4585
 0.756805
 0.991837
 -0.460833
 0.344256
 -0.355421
 0.0962117
 0.701734
 -1.7015
 1.35812
 -0.485768
 -0.0103904
 -0.0855903
 -1.32567
 0.393525
 0.665301
 -1.05242
 0.733986
 0.20444
 -0.432031
 0.559792
 -0.0923487
 0.509943
 -0.822689
 0.984813
 0.171336
 -0.469398
 -0.142437
 -0.342421
 -0.238888
 0.780269
 -1.12108
 0.888413
 -1.30367
 1.33404
 -1.68662
 1.9901
 -1.59371
 1.14103
 -0.284863
 0.608417
 -0.854986
 1.44785
 -1.49777
 0.986719
 -0.591197
 -0.0851466
 -1.35394
 3.08605
 -2.16322
 1.37769
 -1.26544
 -0.185065
 0.86372
 -1.29594
 1.91998
 -0.945068
 0.345733
 -1.67625
 1.60795
 -0.962242
 1.66846
 -2.0793
 1.58986
 -0.264356
 -0.0352791
 0.0879372
 -0.0105188
 0.845045
 -0.684822
 -0.280182
 0.557925
 -0.633237
 0.272796
 0.775313
 -0.450462
 -1.2486
 0.856642
 -1.09816
 1.72298
 -0.902604
 -0.607752
 0.837791
 -0.263397
 1.21806
 -2.53941
 2.01601
 -1.66506
 1.85268
 -0.900397
 0.147561
 -0.259898
 0.824746
 -0.0594058
 -0.292378
 0.243755
 -1.7531
 1.90934
 -1.20325
 0.289999
 -0.637128
 1.89111
 -2.06062
 0.970273
 0.612837
 -0.738005
 0.522888
 1.0535
 -2.4039
 2.70103
 -1.42232
 -0.701888
 0.509256
 0.89999
 -1.16416
 -0.3739
 0.543718
 -0.896507
 1.28496
 -0.916519
 1.58917
 -1.21838
 1.72775
 -0.519948
 -0.692339
 0.0631841
 -0.723639
 0.689078
 0.141495
 0.598419
 -0.995335
 0.444282
 -0.737051
 -0.746919
 1.29103
 -0.435238
 0.461864
 -0.594255
 0.5106
 -0.552599
 1.52533
 -2.02424
 1.54608
 -0.184493
 0.624206
 -0.612327
 0.293503
 -0.72479
 0.375549
 -1.11499
 0.763497
 -0.0460947
 0.0728631
 -0.448199
 0.374581
 0.318296
 -1.33145
 1.00607
 -1.18885
 2.01146
 -0.315977
 -0.766591
 0.506942
 -0.863816
 1.30637
 -2.30949
 2.15749
 0.576266
 -0.0792824
 -0.391467
 -0.757518
 -0.8538
 1.75615
 -1.79786
 1.50328
 -1.043
 -0.656456
 0.595728
 1.02796
 -0.537327
 0.550041
 -1.12662
 1.25231
 -0.0788171
 -1.18735
 1.36143
 -1.30687
 0.278882
 -0.895455
 0.0698754
 1.09691
 -1.25787
 1.37297
 -0.334911
 0.943993
 -0.378524
 -0.741504
 1.59495
 -1.66916
 1.38623
 -1.62139
 0.12725
 0.523923
 0.0764567
 0.409607
 -1.3496
 0.94133
 0.000854192
 0.205014
 -0.588254
 1.42861
 -1.34858
 0.238175
 -1.02862
 1.53372
 -0.390669
 0.712178
 -0.395067
 0.12958
 -0.214678
 -0.265741
 1.66032
 -2.31908
 1.45703
 -1.96089
 1.76379
 -1.07807
 0.767356
 -1.01549
 0.855453
 -0.750227
 1.09381
 -1.30149
 1.53088
 -1.87608
 2.70584
 -2.23852
 0.84461
 -0.229236
 0.589608
 0.413472
 -0.892398
 0.0443779
 -0.221955
 0.663737
 -1.41453
 2.40399
 -2.67941
 2.93931
 -1.18705
 -0.338201
 -0.956289
 1.2446
 -0.790754
 1.98254
 -1.62837
 -0.387075
 0.6092
 -0.645245
 0.823299
 0.209866
 -0.0920302
 0.353024
 -1.18047
 0.899441
 -1.68492
 1.32569
 -0.569149
 0.230814
 -0.14888
 -0.511671
 1.4795
 -0.985946
 -0.0844599
 -0.440201
 0.893106
 0.11924
 0.05419
 -1.04421
 0.835893
 -0.683664
 0.963597
 -0.731415
 0.175124
 0.837887
 -1.81464
 0.859298
 0.183164
 -0.109074
 -0.814893
 1.81094
 -0.576925
 -0.189364
 -0.455234
 0.288534
 0.243
 1.03919
 -1.4163
 1.85909
 -2.00519
 0.643097
 -0.712369
 0.756071
 -0.152621
 0.685809
 -0.23228
 -0.363216
 0.600553
 -0.17118
 -0.56362
 1.26201
 -1.46162
 0.26142
 -0.886761
 0.388082
 0.986803
 -2.5079
 2.33196
 -2.0029
 1.9369
 -1.20054
 1.84112
 -2.44891
 2.30963
 -2.24042
 0.689765
 -0.194038
 1.02347
 0.425641
 0.581428
 -1.83212
 1.76249
 -1.91505
 1.94
 -1.63101
 1.85899
 -1.49076
 1.11939
 -1.38376
 0.186976
 0.0337767
 0.304267
 1.01171
 -1.19988
 1.44347
 -1.94427
 1.80955
 -1.64009
 1.01626
 0.173748
 -0.54629
 0.581365
 -0.857022
 0.010656
 0.343065
 -0.292327
 1.89618
 -2.18747
 0.921825
 -1.54721
 1.80626
 -0.354198
 -0.222557
 -0.498749
 0.495333
 -1.32466
 0.974629
 -0.638218
 0.796679
 -1.01851
 0.871593
 -0.507103
 1.72103
 -1.92256
 0.63479
 -1.01306
 1.56399
 -1.01631
 0.289399
 -0.298498
 0.353009
 0.16074
 0.52077
 -1.56728
 2.52462
 -2.43253
 2.05578
 -1.96122
 1.87538
 -1.25194
 0.353771
 -0.780599
 1.73443
 -1.70054
 2.03623
 -0.620031
 -0.0393435
 -1.66879
 0.967086
 -1.79153
 1.77393
 -0.44718
 0.643485
 -0.761286
 0.269029
 -0.429982
 2.2466
 -3.70452
 3.4623
 -2.09641
 1.00859
 -0.405978
 0.347025
 -0.923929
 1.92505
 -1.89278
 0.954915
 -1.77759
 0.582789
 1.46196
 -1.31867
 0.899171
 -0.270965
 0.247517
 -0.763711
 1.73883
 -2.7368
 2.52825
 -1.9733
 1.68177
 -1.29131
 1.46333
 -0.849002
 -0.140963
 0.725513
 0.330543
 -0.116316
 0.403266
 -0.446873
 2.12997
 -2.71394
 1.6052
 -1.54179
 0.679902
 -1.12832
 1.25176
 -1.56245
 2.17711
 -0.14522
 -0.850122
 -0.156804
 -1.04846
 0.693746
 0.996604
 -1.24525
 0.823693
 -0.853655
 1.03029
 -0.777225
 0.12192
 -0.160223
 -0.53539
 1.17841
 -1.1887
 0.890863
 -0.288089
 0.875964
 -1.09359
 0.492719
 -0.714403
 -0.874529
 1.83991
 -0.653803
 0.916737
 -0.855492
 -0.495867
 0.435722
 -0.415344
 1.19236
 -1.5299
 0.750269
 -0.783768
 0.953464
 -1.7244
 1.42596
 0.0954347
 0.724366
 -0.507826
 -0.209363
 -0.551272
 0.347737
 0.957579
 -0.498219
 -0.718104
 0.426175
 -0.888417
 2.14424
 -1.19511
 0.702275
 -0.856752
 0.3504
 -0.3812
 0.945534
 -0.210511
 -1.65447
 1.82394
 -1.51368
 1.70442
 -2.42269
 3.49218
 -2.09134
 1.38257
 -1.96298
 1.48573
 -0.901199
 2.08074
 -2.31071
 1.84617
 -1.61983
 0.305346
 -0.131642
 1.60209
 -0.671004
 0.78552
 -1.54867
 0.616474
 0.779809
 -0.263126
 -1.10239
 0.354166
 -0.394388
 -0.930893
 -0.987587
 2.19356
 -0.864141
 0.660626
 -0.813813
 1.12141
 -1.1463
 -0.157003
 0.605041
 -0.153873
 0.377053
 -0.590906
 1.96082
 -1.68566
 0.824942
 -1.37573
 1.72078
 -1.57302
 0.0822234
 -0.580791
 1.01529
 0.241433
 -0.741946
 0.630454
 0.158343
 -0.0465593
 -0.187786
 1.09935
 -1.43038
 0.59215
 -0.340833
 0.286534
 -0.318703
 -1.04728
 1.52249
 -0.270688
 1.46853
 -1.93204
 0.626421
 0.461844
 0.200946
 -0.963328
 0.196323
 -1.35823
 1.12857
 -0.419357
 0.720863
 -1.09821
 0.88536
 -1.22979
 1.65462
 -0.853145
 2.2043
 -2.9806
 2.49943
 -2.27343
 0.627366
 0.689045
 -0.780756
 -0.165391
 -0.0617189
 1.11492
 -0.552355
 1.1922
 -0.489838
 -0.375728
 -0.00208603
 0.445028
 -0.817217
 0.346323
 0.216708
 -0.296843
 0.0682385
 -0.0402977
 0.717219
 0.0142058
 -1.32468
 0.312149
 -0.758336
 1.12301
 -0.853112
 1.43749
 -0.60811
 -0.175946
 0.00591443
 0.8082
 -1.39145
 1.64618
 -0.717925
 -0.888429
 0.268145
 2.24841
 -1.20978
 -0.297525
 0.0474778
 0.0178088
 -0.522505
 0.0072258
 -0.470387
 0.218315
 0.727742
 1.24651
 -2.89469
 1.70905
 -0.554816
 1.1532
 -1.4346
 0.808673
 0.38518
 -0.689899
 0.26284
 0.18248
 -0.398486
 -0.788808
 0.64883
 -0.560115
 0.796455
 -0.436994
 -0.907507
 1.41007
 0.973888
 0.29438
 -1.57589
 -0.102521
 0.0641381
 -1.72749
 1.92043
 -0.623903
 0.261025
 -1.19821
 1.56062
 0.132625
 0.243403
 -0.459323
 0.682565
 0.182247
 -0.87701
 -0.292446
 -0.541296
 1.68043
 -0.978238
 0.461571
 -0.439229
 0.325045
 -0.49274
 0.222497
 -1.00152
 0.949095
 -0.748138
 0.847067
 -0.569876
 0.641392
 0.692801
 -1.07149
 2.06827
 -1.67954
 0.555358
 -0.460227
 -0.28354
 -0.207451
 -0.435868
 0.795337
 -0.888614
 0.563847
 -0.0570837
 0.0920424
 1.38682
 -1.22568
 1.13724
 -1.18536
 1.40335
 -1.59416
 0.839956
 -0.681388
 -0.63549
 -0.0667173
 2.13888
 -1.42721
 0.864019
 -0.558435
 0.468885
 -1.97443
 1.54765
 0.483526
 -0.715937
 0.278616
 -0.149661
 1.00923
 -1.28652
 0.625103
 -0.457046
 -1.26636
 1.98021
 -0.160853
 0.0474159
 -1.62935
 1.26201
 -0.121622
 -0.293654
 0.150902
 -0.367128
 0.536535
 0.427722
 -1.38417
 1.81919
 -1.54419
 1.87224
 -1.23763
 0.730081
 -0.886444
 -0.724728
 1.63893
 -0.892752
 1.05973
 -1.55639
 0.184993
 -0.164126
 0.773629
 -0.954563
 0.752545
 -0.258023
 0.509711
 -0.879342
 2.16441
 -2.50073
 1.62434
 -0.8206
 0.513149
 -0.684239
 -0.126419
 0.744135
 -0.185414
 0.774295
 -2.11918
 1.66192
 -0.864225
 0.755229
 -0.704499
 1.19707
 -0.564835
 -0.430405
 -0.553743
 0.356717
 0.324636
 -0.343294
 -0.383012
 1.56304
 -2.23773
 1.76431
 -0.00446255
 -0.00850079
 -0.912907
 0.456171
 -0.188044
 1.32745
 -0.925947
 1.20755
 -2.46819
 1.34867
 -0.464761
 1.03938
 -0.152719
 0.22949
 -1.686
 0.0154344
 0.683325
 0.114053
 -0.139211
 1.03532
 -1.58059
 0.764291
 -0.215096
 -0.0452269
 0.172128
 -0.272582
 0.855496
 -1.18647
 0.482519
 -1.22303
 0.957604
 0.931954
 -0.924699
 1.11612
 -0.885825
 1.07509
 -0.925417
 -0.106829
 1.07093
 -0.62657
 -0.575924
 0.0985093
 1.10999
 -2.33976
 1.94855
 -1.0617
 0.538566
 1.20332
 -0.976314
 1.1011
 -1.53668
 0.614445
 -1.74289
 2.12037
 -0.772799
 0.354156
 -0.355487
 1.02041
 -0.744549
 -0.618291
 -0.877872
 0.800993
 -0.227049
 0.195346
 0.605761
 0.11662
 -0.972673
 0.653678
 -0.536586
 1.13921
 -0.0868025
 -0.225313
 -0.295925
 0.165869
 0.220984
 0.260127
 -0.0662655
 0.16287
 0.0419446
 -0.615283
 1.43065
 -1.17048
 1.18171
 -1.22094
 1.00258
 -0.936243
 0.729214
 -0.277993
 -0.698376
 0.680277
 -1.88953
 2.18268
 -2.71761
 3.0357
 -2.44063
 2.21511
 -2.25978
 1.09417
 -1.39561
 1.68417
 -0.730892
 1.34797
 -1.4371
 0.74506
 -1.18161
 2.22979
 -2.23048
 0.720285
 -0.428674
 -0.668415
 1.62761
 -0.755116
 -0.907591
 1.79235
 -0.0234003
 0.58579
 -0.596454
 -0.642629
 0.859655
 -1.47648
 2.10387
 -2.15358
 1.26634
 -0.157692
 0.214791
 -1.25414
 0.933906
 -0.547234
 0.891863
 -1.12873
 0.517312
 0.711366
 -0.578125
 0.0065679
 -0.760701
 1.1868
 -0.0194206
 -0.307348
 -0.715526
 0.0721043
 0.408398
 0.823695
 -0.2983
 0.0605868
 -1.53959
 0.821209
 0.0937004
 -0.217228
 0.351326
 -0.564909
 0.603301
 0.0335365
 -0.205067
 0.339532
 -0.723503
 1.45863
 -0.603627
 0.65044
 -0.305361
 0.905171
 -1.01769
 -0.528743
 -0.264501
 0.247035
 0.603711
 0.557753
 -0.603553
 0.166734
 -0.235025
 0.117278
 -1.15568
 0.611171
 -0.927797
 1.6879
 -0.637332
 0.026578
 -1.63563
 1.62359
 -1.59904
 1.73892
 -1.04333
 0.834652
 0.533719
 -0.196894
 0.951481
 -3.66079
 2.11845
 -1.83409
 3.03397
 -3.13246
 3.47089
 -3.01339
 2.57527
 -2.66082
 2.06224
 -0.899336
 1.02169
 -1.88659
 1.50623
 0.273938
 -1.34405
 0.991976
 0.552161
 -0.713613
 -0.357374
 1.01017
 -1.20401
 0.264131
 0.106088
 0.467851
 -0.21663
 -0.132375
 0.973814
 -1.66466
 0.893944
 -0.770767
 0.424509
 -0.103344
 0.932357
 -0.132258
 -0.87069
 1.29202
 -1.53043
 1.05022
 -0.469151
 0.429661
 0.334233
 0.159497
 -1.20647
 -1.1112
 0.954934
 -0.87093
 1.04491
 0.529768
 -0.0191448
 -1.24654
 0.777843
 0.170164
 0.665681
 -1.40972
 1.95021
 -1.02809
 -0.161761
 -1.25325
 1.26256
 -0.220089
