 -0.0769592
 0.727288
 0.544959
 -0.179206
 0.198831
 -0.200483
 -0.236737
 -0.204415
 -0.786771
 -0.0451304
 -0.791146
 0.11334
 -0.769157
 -0.629187
 -0.291645
 0.362233
 0.238927
 -0.482696
 -0.56807
 -1.34607
 0.120262
 -0.706139
 -0.230117
 -0.528565
 0.306298
 -0.108099
 0.0941606
 0.349894
 -0.47007
 -1.31795
 -1.80261
 -1.65739
 -1.81266
 -1.31797
 -1.46092
 -1.13015
 -0.792314
 0.0460486
 -0.135826
 -0.130985
 0.345381
 -0.285006
 -0.235157
 -0.472849
 -0.159613
 -1.40451
 -1.10982
 -0.204638
 0.725454
 0.180819
 0.383611
 1.3309
 1.43115
 -0.107908
 0.11423
 -0.937839
 -2.03598
 -1.20988
 -0.623198
 -0.286004
 -0.18351
 -0.0756173
 0.880123
 0.0842354
 1.11713
 1.44278
 0.366081
 1.61443
 1.48466
 0.256024
 0.626289
 1.28893
 1.27822
 0.537078
 0.277781
 1.48554
 0.31568
 0.556246
 1.19282
 -0.144407
 -1.38072
 -0.987669
 -1.2309
 -0.282333
 -0.611073
 -0.434857
 -0.0271202
 0.340216
 0.391481
 0.0250106
 -0.953747
 -1.07843
 -0.833016
 -0.694672
 0.0761075
 -0.485913
 0.362513
 0.610894
 0.767621
 1.12452
 0.939013
 0.893608
 0.502918
 0.80927
 0.284679
 0.523386
 -0.0787104
 0.96545
 0.697223
 0.467547
 0.107256
 -0.697817
 -1.24633
 -1.48214
 -0.23213
 -0.311099
 -0.0374749
 0.615398
 0.76814
 1.57321
 1.01386
 0.233012
 -0.526286
 -0.50791
 -1.08423
 -0.214895
 0.224522
 -0.20141
 -0.226097
 -0.314095
 -1.46112
 -0.452564
 0.772998
 1.48412
 1.1118
 1.52568
 0.564219
 2.05727
 2.84937
 2.10126
 2.15123
 1.54776
 1.23088
 1.05189
 2.33671
 0.296202
 1.19759
 -0.143815
 0.39869
 -0.315657
 -0.745088
 -1.65534
 -1.31402
 -1.00578
 -1.338
 -0.351406
 0.374358
 -0.24853
 0.42979
 0.783722
 1.24694
 1.54524
 2.28446
 2.56464
 1.49992
 0.58408
 -0.433815
 -0.161939
 -0.00297571
 -1.02631
 -1.11316
 -0.996461
 -2.09779
 -0.371899
 -1.46711
 0.641185
 0.128752
 -0.334675
 -0.624424
 -0.517256
 -0.388344
 -0.141224
 -0.350998
 -0.686344
 -0.436831
 -0.537407
 0.0259014
 -0.29162
 0.940318
 -0.0559355
 -0.0141736
 -1.07199
 -0.843568
 0.266845
 0.511731
 -0.4188
 -0.925973
 -1.0896
 -1.24195
 -0.78486
 -0.17099
 -1.10955
 -1.45577
 -1.87132
 -1.67692
 -2.03023
 -1.79084
 -1.74886
 -1.77142
 -0.708561
 0.629169
 1.03955
 1.09718
 1.40741
 1.11001
 -0.00674186
 0.0294643
 -0.388372
 -0.505099
 -0.220098
 -0.42975
 -0.523342
 -0.126149
 -0.952718
 -0.927461
 -2.20559
 -0.982273
 -0.461695
 -0.563421
 0.0792387
 0.362331
 0.265486
 -0.204142
 -1.0884
 -0.800692
 -1.9696
 -0.74543
 -0.738426
 -0.994904
 -0.846383
 -1.14642
 -0.396837
 -0.128711
 -0.247177
 -0.587122
 -1.62105
 -0.601051
 0.747686
 0.18597
 -0.44398
 -0.406239
 -0.258863
 -0.502853
 -0.680703
 -1.77965
 -2.19782
 -2.16906
 -1.85518
 -0.290852
 -0.27921
 0.482641
 0.920578
 1.10123
 -0.388978
 -0.239996
 -1.05601
 -1.79115
 -0.966591
 -1.03489
 -1.26808
 -0.514566
 1.04326
 0.924137
 1.28489
 1.00234
 0.0171842
 0.245635
 0.266681
 0.559545
 -0.991979
 -0.750713
 0.483344
 -0.401204
 -0.474431
 0.47872
 0.0224006
 0.311849
 -0.581935
 -0.741624
 0.0783653
 0.267993
 -0.026734
 0.425581
 0.0741039
 -0.0644363
 -0.968117
 -1.336
 -2.55302
 -3.39611
 -3.42654
 -2.81265
 -1.4124
 -1.11805
 -0.728172
 -0.483486
 -0.32119
 0.837753
 1.10598
 0.937242
 -0.0276629
 0.840647
 1.58334
 1.97826
 2.02552
 2.0014
 1.67772
 1.39596
 1.90485
 1.77908
 0.276762
 1.08898
 1.04563
 0.848382
 -0.4029
 0.357756
 1.17223
 0.615773
 1.2208
 1.75091
 2.04181
 1.57009
 0.531739
 -0.24457
 0.0537653
 1.01284
 1.54857
 1.6778
 2.73963
 3.11965
 2.8569
 1.23602
 0.222884
 0.11246
 -0.581736
 -0.282228
 0.147289
 -0.101827
 -0.0669702
 -0.45871
 -0.437233
 0.078938
 -0.52373
 0.551576
 1.12524
 1.32406
 0.817421
 -0.378457
 1.11871
 1.26228
 1.15057
 1.2595
 1.68119
 0.828382
 0.7218
 0.713309
 0.591146
 -0.247636
 -0.272175
 -0.953466
 -0.519861
 -0.371359
 -0.322535
 -0.139095
 -0.699015
 -0.454446
 -0.635065
 0.156869
 1.00898
 0.437973
 -0.209791
 0.188159
 -1.07691
 -1.72486
 -1.18329
 -1.47467
 -2.02436
 -0.931427
 -0.858583
 -0.30292
 -1.70899
 -1.68249
 -1.39872
 -1.26878
 -0.760769
 -0.48671
 -1.16778
 -1.70109
 -1.93516
 -2.05358
 -1.96365
 -0.825132
 -1.02291
 -0.521941
 0.302301
 -0.1294
 0.358627
 -0.591389
 -0.11385
 -0.664328
 0.449782
 0.263678
 0.128535
 -0.241043
 -0.605347
 -0.13345
 -1.5504
 -2.45226
 -1.27288
 -0.56959
 -0.513794
 0.699517
 0.37932
 0.490922
 0.458055
 -0.392145
 -0.152866
 -0.348749
 0.018991
 0.206651
 0.0841319
 0.471679
 0.424387
 1.72202
 0.02319
 0.00527803
 -0.708304
 -0.469743
 -0.11264
 -0.661107
 0.748769
 -0.212414
 -0.208357
 -0.448852
 -2.49551
 -2.70761
 -1.93253
 -3.1451
 -2.52832
 -2.25028
 -2.19527
 -2.09983
 -1.36145
 -1.61337
 -2.40151
 -1.62958
 -2.82567
 -2.28044
 -2.33599
 -1.62617
 -0.345527
 -0.218813
 0.596614
 0.640476
 0.925402
 1.93982
 2.78588
 2.26939
 3.01432
 2.32319
 1.2243
 1.41679
 2.67894
 2.17159
 2.41019
 2.1061
 2.49547
 2.35642
 2.82679
 2.15581
 1.89583
 1.86138
 1.19352
 1.18276
 0.591982
 1.10746
 0.848037
 0.454873
 1.21659
 1.69968
 0.465087
 0.597346
 -0.157323
 -0.304699
 -8.90871e-05
 0.354011
 0.444054
 1.18746
 0.192094
 -0.0621209
 0.352116
 0.408645
 0.216627
 -0.732086
 -0.208382
 -1.34278
 0.730584
 1.30172
 2.40793
 1.84687
 2.41221
 -0.344687
 0.945031
 -0.87978
 0.24145
 -0.236331
 1.55434
 -1.82681
 3.25337
 0.38851
 0.286118
 0.838633
 -2.3902
 0.103915
 -2.9812
 1.2438
 -1.85578
 -1.26063
 -0.771339
 0.0267078
 -0.68692
 1.15589
 0.929782
 1.70479
 -0.707402
 -0.00588823
 -0.42308
 -1.74351
 -0.979371
 -0.29369
 -2.06066
 0.224425
 -1.17204
 1.35631
 -1.63925
 -0.715295
 -0.552095
 0.00509689
 -0.63474
 0.624075
 -1.27344
 0.758086
 -1.52091
 -1.541
 -0.473792
 -1.48076
 0.467658
 0.239592
 0.414168
 0.506952
 0.0123944
 -0.387233
 0.174219
 -2.85417
 -2.6522
 -3.92025
 -1.26214
 -2.85264
 -1.15672
 0.328155
 -1.64031
 0.505608
 -2.35893
 -2.22855
 -0.235867
 -3.16542
 0.717999
 -2.09513
 2.78439
 -1.02259
 1.15436
 0.619056
 -0.587459
 2.038
 0.183952
 1.13027
 0.0604312
 3.85856
 0.200473
 2.95297
 -0.953665
 2.16428
 -0.984441
 -0.458967
 -1.53497
 1.47944
 -2.86828
 -0.30383
 -1.81391
 -0.285799
 -1.82437
 1.37953
 -0.58835
 2.25617
 0.912576
 1.01577
 -0.668155
 1.39693
 -0.378377
 -0.446068
 -0.885437
 -1.9355
 1.30451
 -2.19041
 1.93455
 -3.10244
 0.77869
 -0.913704
 -0.222251
 0.0666274
 0.721373
 0.967914
 -0.131254
 -0.807309
 -1.46372
 -1.57834
 -3.35619
 1.04752
 -3.42971
 2.15952
 -1.97317
 -0.109643
 -0.858891
 1.40119
 0.0258532
 -1.62029
 -1.31917
 -1.75357
 -0.962318
 -1.15854
 -1.09033
 -1.40992
 0.172659
 1.66902
 -0.558299
 -0.153948
 -1.61996
 0.377385
 -0.169557
 -2.24466
 0.0747036
 -2.47735
 -0.690086
 -0.471135
 -1.47263
 0.302515
 0.207234
 -0.607775
 -0.608877
 -0.913816
 0.175326
 -2.92582
 1.375
 0.366515
 1.57407
 -0.38768
 2.26867
 -0.412648
 3.64425
 0.312102
 2.35749
 0.228262
 2.64719
 0.658216
 0.195033
 -0.389605
 0.9908
 0.644406
 3.66442
 -0.977359
 3.30059
 0.935644
 2.22201
 -0.957256
 2.659
 0.412692
 2.44109
 0.76119
 3.65362
 0.195982
 3.61604
 0.523121
 2.93168
 0.629721
 3.90981
 1.06354
 2.09355
 2.54199
 0.698748
 -0.0840929
 1.10654
 1.15403
 0.23173
 -0.474193
 -1.45916
 -1.98944
 -0.131024
 1.35911
 0.734431
 0.440395
 -1.11424
 -0.678016
 -0.260986
 1.859
 0.292026
 -0.0727746
 -0.513206
 0.00345818
 1.41783
 -2.03942
 1.19552
 -1.83641
 1.71696
 -2.56314
 -0.989414
 -1.23747
 -2.07068
 -2.91363
 0.768693
 -1.25781
 0.814208
 -0.737298
 -0.927012
 0.181323
 -0.708316
 -1.02849
 -0.767071
 1.57765
 -0.829925
 1.11459
 -0.561745
 -0.0695821
 -0.354855
 -0.569021
 0.129651
 0.487266
 0.8116
 -0.982099
 0.839826
 1.01783
 1.92862
 0.0416603
 1.78586
 -0.12891
 0.0366405
 -1.10637
 -1.03264
 -1.66495
 -0.726976
 0.739272
 -1.16811
 -1.36106
 -1.09003
 0.238505
 -0.678401
 1.44347
 0.652187
 1.00181
 0.459879
 4.14295
 -0.154935
 2.7609
 -0.664162
 1.68098
 1.25916
 0.0634151
 0.810895
 0.691762
 0.381308
 0.81799
 -0.795898
 0.0318271
 0.935988
 0.741282
 0.303226
 0.346332
 -1.16265
 0.883425
 -0.990366
 -0.541293
 1.35996
 0.358415
 2.69714
 -0.360307
 2.17985
 -0.824307
 -0.785257
 -1.03799
 -1.37994
 -0.531428
 -0.565111
 1.32437
 -0.750568
 0.928618
 -1.19958
 1.9848
 -0.0272583
 2.28835
 1.18524
 2.35321
 1.35579
 0.638283
 -0.0276635
 -2.34788
 0.677638
 -0.262124
 -1.5215
 -0.216985
 -0.407619
 -1.75732
 0.64503
 -1.0179
 -0.0695778
 0.838923
 -0.0428469
 -0.94676
 -0.292858
 -1.15531
 -1.11076
 -1.4694
 -0.940345
 -0.690621
 0.201706
 0.453945
 -0.873026
 0.758595
 -1.41519
 0.411931
 -0.620376
 -1.28054
 0.948677
 -1.77939
 -1.31902
 -1.61576
 -0.73532
 0.958267
 -1.27968
 1.8814
 -1.51529
 1.54086
 0.0838183
 0.919169
 1.20596
 -0.655679
 0.381986
 -1.72837
 1.55363
 0.741806
 -0.672374
 -0.778485
 -3.51486
 -1.76261
 -1.91847
 -2.18567
 -0.38035
 -0.859986
 -0.346943
 0.583281
 -2.94787
 1.2897
 -1.22927
 2.6814
 -1.86659
 1.61681
 -1.79751
 2.80429
 -0.712644
 4.37657
 -3.01095
 3.70617
 0.273162
 1.48317
 0.284381
 0.288942
 1.50872
 1.34372
 0.713203
 -2.67561
 2.22542
 -3.07931
 1.15103
 -0.480323
 -0.32986
 -1.21906
 1.46995
 -0.741175
 0.0496616
 -0.276674
 1.2253
 1.41005
 -0.883112
 0.0596957
 -0.101547
 -1.22314
 -0.233591
 -2.48713
 -1.77475
 3.1784
 -2.19468
 2.23893
 -0.633981
 0.159275
 0.43284
 0.733322
 -2.65207
 1.64486
 -0.964642
 1.07294
 -1.53977
 -0.162162
 -1.08876
 -1.36354
 -0.58074
 -3.57127
 -0.936459
 -2.06923
 -1.82386
 -2.11717
 -2.3285
 -0.616187
 0.509166
 0.888043
 0.682904
 0.238761
 -0.389395
 2.92028
 0.411135
 1.50301
 -2.34255
 1.63935
 -2.25581
 4.23254
 -0.931368
 1.39956
 0.731548
 1.74906
 -0.870565
 1.415
 -2.53027
 1.05595
 -0.160813
 0.317502
 -0.216718
 -1.3225
 -0.628807
 -1.57597
 2.2561
 2.76371
 1.2409
 2.51031
 0.593833
 2.79303
 0.853761
 1.66509
 -0.831966
 0.693398
 1.96822
 0.680159
 0.933503
 1.70919
 0.366672
 0.763448
 1.11689
 -0.832396
 0.117391
 -1.35447
 0.177578
 -0.761174
 0.208543
 -2.02652
 0.396935
 0.108149
 0.439981
 -0.0403707
 0.428215
 0.46607
 0.72806
 1.3544
 0.624158
 0.775077
 1.48983
 0.673246
 0.211737
 -0.184107
 -0.994872
 2.28987
 -1.39319
 2.04852
 -0.762854
 3.13625
 -0.0560189
 3.1498
 -0.0874752
 3.2662
 0.152118
 0.822602
 1.31799
 1.14914
 -0.832781
 0.0269305
 0.144458
 -2.63288
 0.302042
 -1.13433
 0.860445
 -0.417746
 -1.28352
 0.516754
 -2.13914
 1.02682
 -0.521811
 2.06597
 -0.71521
 1.37028
 -0.370894
 0.438681
 1.3777
 -0.644653
 0.536853
 -3.02544
 1.28641
 -0.0485329
 2.36014
 0.914982
 1.80799
 -0.00631566
 0.7932
 -0.528701
 -0.0452012
 -3.86351
 0.783282
 -2.78171
 4.53419
 -0.439177
 2.63437
 -1.22803
 3.69085
 -0.374546
 3.07818
 -0.396086
 1.09123
 -0.566034
 0.608337
 -0.17998
 -0.146805
 0.3153
 -0.658041
 1.12005
 -0.510233
 2.59617
 -1.83324
 -0.31338
 -0.825973
 -0.69031
 0.395112
 -1.12673
 2.7703
 0.112595
 2.77568
 -1.76061
 1.17555
 0.223801
 0.393902
 -0.0329546
 0.407155
 0.86979
 -0.282743
 1.50117
 0.695575
 0.00162456
 1.16269
 0.927466
 -0.198023
 -1.42481
 0.744618
 0.0247315
 1.81034
 0.0875464
 2.69194
 0.899006
 1.31032
 1.09084
 0.0875437
 1.70204
 -0.586539
 1.83183
 -1.62961
 -1.13407
 -0.315987
 -0.0908733
 1.59821
 -1.35569
 1.16702
 -1.76964
 -0.0659466
 -0.368647
 0.326027
 -1.22997
 0.71163
 -1.58763
 0.95893
 -0.0655345
 -0.509443
 0.00249698
 -1.46149
 1.33037
 -0.660626
 0.494391
 -0.951357
 1.08403
 -0.558356
 2.39743
 -1.10634
 0.973353
 1.59943
 -0.44681
 0.234099
 -2.63296
 0.152672
 -4.06982
 1.31936
 -1.7546
 3.4629
 0.269214
 -0.728183
 1.05603
 0.271633
 1.14203
 1.56344
 2.76989
 1.00637
 2.92793
 0.233622
 0.394213
 0.524939
 -1.17471
 0.161283
 2.06659
 -0.916758
 2.21019
 -0.264326
 -0.360269
 -1.68797
 -1.309
 -1.5635
 -0.509156
 0.490541
 -0.412691
 0.527542
 3.2842
 -0.637695
 0.974919
 0.51238
 -0.237097
 0.939462
 -0.478648
 -0.336435
 -1.75436
 -0.072448
 -1.5354
 0.065611
 0.60398
 1.44845
 -1.9995
 0.631836
 -0.806244
 -0.0311886
 -1.36056
 -4.16367
 -0.210867
 -4.0267
 -0.721451
 -3.19285
 -0.539947
 -1.85779
 0.0921576
 -2.53865
 -1.89152
 -2.37145
 -0.129813
 -0.193499
 1.30384
 -1.5771
 0.966646
 0.250553
 -1.0604
 -0.229695
 1.01605
 -1.13096
 3.30806
 -0.694989
 5.28768
 0.904883
 2.36975
 -0.862325
 0.296554
 -0.312573
 0.376069
 -1.20004
 -0.196655
 -2.24674
 0.923392
 -1.54537
 1.2059
 0.66301
 1.98352
 -0.663034
 1.48183
 -2.20542
 1.47689
 1.67901
 1.56276
 2.61252
 1.84909
 0.533834
 0.908694
 0.202762
 -0.358699
 -1.28445
 0.93476
 -2.52301
 0.994239
 -2.62827
 1.92723
 -3.89863
 2.08766
 -1.57881
 0.981084
 -0.0369193
 2.57315
 -0.951262
 0.33267
 -1.34619
 1.2955
 -0.735412
 2.09242
 0.674984
 1.57506
 -0.526332
 2.39471
 -0.159649
 1.59897
 -0.839697
 4.01971
 -1.7465
 3.09019
 -1.06691
 1.61196
 -0.611191
 2.31437
 -1.97037
 2.31336
 -1.16524
 0.786777
 -0.274708
 -0.0420531
 -1.88129
 1.26314
 -1.11263
 -0.103257
 -1.09537
 -1.17977
 0.422975
 1.20802
 1.22634
 0.9377
 1.62763
 0.915784
 -0.758529
 2.0658
 -0.610811
 1.88519
 0.799212
 0.215404
 2.55605
 -2.52259
 1.70479
 -1.11491
 2.25242
 -1.27874
 2.62814
 -1.11415
 1.41875
 -0.424635
 1.71315
 0.193327
 1.02978
 -0.738253
 0.968133
 -1.65377
 1.34376
 -0.668239
 0.399152
 -0.69666
 -0.0847983
 2.5278
 -0.29384
 2.6579
 -0.719557
 -1.61334
 -0.541616
 -2.9918
 -1.59089
 -2.21258
 -0.316796
 -1.51184
 -1.46126
 -1.31447
 -1.9139
 -0.938174
 -0.320492
 -0.989406
 -1.91311
 -1.608
 -0.375092
 -1.15735
 -0.735387
 -1.88758
 -1.13621
 -1.31213
 0.558071
 -1.63663
 -3.89998
 0.302973
 -3.87025
 0.138967
 -2.32678
 -0.968248
 -0.0358557
 -2.10738
 -0.876116
 1.02031
 1.53596
 0.206191
 1.2102
 2.07321
 1.43385
 0.716596
 0.195228
 0.446505
 -1.40723
 -0.0557937
 1.84229
 1.11889
 0.425486
 2.08101
 1.50452
 4.51796
 1.64762
 1.62592
 0.95971
 2.27511
 -0.0994742
 0.826399
 0.636613
 0.109321
 0.963707
 0.0291583
 0.550575
 1.02315
 1.44231
 0.089801
 2.1385
 1.12672
 1.24898
 -0.703308
 1.37399
 -1.2869
 2.77532
 0.552318
 2.803
 -1.83556
 1.7265
 -2.48451
 -0.503597
 -2.86699
 -1.79431
 -1.99684
 -1.71269
 -2.34716
 0.228455
 -1.15786
 0.555618
 -1.39629
 0.0882985
 -1.69564
 -1.20103
 -3.02132
 -1.71998
 -2.38233
 -0.651568
 -1.1196
 -0.593021
 -0.759106
 -0.527502
 -0.490762
 -0.643416
 1.07217
 -2.18342
 1.17419
 -1.56055
 1.14687
 -1.6865
 -0.714954
 -0.150674
 1.07998
 0.514391
 2.72203
 -0.380205
 2.25224
 -0.819316
 3.63321
 0.923216
 1.51378
 -0.0501688
 3.13249
 0.631133
 1.79109
 -1.11042
 2.09992
 -1.05717
 -0.0649659
 0.469926
 -0.845353
 -0.797856
 0.637261
 0.598116
 -0.516722
 0.525755
 0.430217
 0.794893
 -0.670163
 -0.414813
 -0.230515
 -0.379079
 -1.39395
 0.650843
 0.744076
 -0.00263959
 1.11443
 -0.521574
 0.251861
 -0.916532
 1.32753
 1.44198
 -0.228097
 3.55047
 -0.343658
 2.30022
 0.706374
 2.58221
 -0.408373
 2.86762
 0.387265
 0.259008
 0.68201
 0.343176
 -1.51262
 -0.190042
 0.414275
 0.842343
 2.05773
 0.97089
 1.01006
 -2.20053
 1.51325
 -1.83446
 -0.333277
 -3.80175
 -1.61014
 -2.33999
 -0.451094
 -0.950593
 2.37102
 1.21529
 2.51024
 2.20708
 2.00937
 1.87998
 1.9539
 0.38337
 1.15284
 -2.12147
 2.30966
 -1.15148
 2.2022
 0.907555
 -1.43379
 1.03803
 0.153545
 -1.28531
 0.773321
 -0.147728
 0.485083
 -0.294193
 0.367003
 -0.430001
 0.511159
 -1.45794
 1.25721
 -0.240069
 0.497586
 2.35589
 1.9725
 1.73707
 0.751939
 1.08702
 0.688172
 -0.727859
 0.397475
 -2.45922
 0.466674
 -1.35643
 2.98181
 -1.99218
 1.57871
 -3.66215
 1.26514
 -2.51078
 2.67067
 -1.93551
 2.38934
 -1.53478
 1.72959
 -1.01729
 0.989968
 1.07003
 0.0474325
 1.15768
 0.0164092
 0.0281349
 3.04049
 -1.48041
 1.7333
 -1.32182
 0.663606
 -0.522945
 0.552681
 -0.808838
 -1.18304
 -0.634289
 -1.6568
 0.4545
 -1.9489
 -1.84561
 -0.000298559
 -2.13614
 -0.244796
 -2.63202
 0.558122
 0.152913
 1.82944
 0.381432
 -0.195737
 -1.0632
 1.40369
 -0.0862872
 1.34726
 -1.99577
 0.300105
 -1.1677
 -0.734501
 -0.425658
 0.94891
 0.0356511
 -0.291385
 -0.108282
 0.558918
 1.16971
 -1.56186
 2.15598
 -1.89569
 1.06542
 -1.73269
 1.40188
 -0.0271595
 0.894397
 0.219767
 0.167717
 -0.737137
 0.512314
 -2.14411
 -1.98476
 -0.323327
 -0.0493155
 -0.0334685
 -1.04424
 1.20793
 1.44082
 -0.367548
 1.61391
 1.18863
 0.0439809
 0.86261
 0.268049
 -1.05989
 -0.153145
 -1.05787
 -0.200281
 1.25791
 -1.77373
 -0.400655
 -0.213529
 -0.768661
 1.86313
 -2.8537
 0.275008
 0.153103
 -0.625109
 2.48275
 -1.25101
 2.7585
 0.6189
 1.44328
 0.0290273
 0.556914
 0.206738
 0.633472
 1.52941
 1.71
 0.938912
 2.11463
 0.778759
 0.0114308
 1.2676
 1.83381
 0.565534
 -0.0967876
 -0.462914
 -2.2739
 0.874984
 -1.30862
 0.951678
 -0.821477
 -1.27932
 -1.55099
 -0.653681
 -0.418118
 1.55622
 -0.269953
 0.654653
 0.082479
 -2.24302
 -0.183434
 -2.54714
 0.178151
 -0.703321
 -0.511192
 -0.751251
 -1.20694
 -0.635172
 0.201751
 -0.202601
 -0.468105
 -0.233556
 0.359848
 -0.0301268
 -2.01148
 -0.22125
 -1.71984
 -0.35529
 0.586769
 -0.354738
 -0.298837
 1.42886
 -0.516115
 0.847919
 -1.88806
 0.462883
 -2.63742
 0.15437
 -0.821684
 -0.609966
 0.860021
 -1.85174
 -0.597295
 -2.18901
 0.361069
 0.647082
 -0.363201
 1.28644
 0.981059
 -0.736581
 0.0144694
 -0.478265
 0.0684943
 0.181821
 1.21207
 0.652874
 0.807595
 1.5979
 1.22889
 0.550319
 0.129685
 -2.42962
 0.394029
 -0.887473
 1.28366
 -2.11059
 0.142049
 -0.423203
 -1.05613
 -0.891316
 -0.287269
 -0.156049
 -0.813037
 1.39233
 -1.50355
 -1.23911
 -1.17849
 -0.226502
 0.0459689
 -0.692283
 0.128049
 -0.383309
 0.0715625
 -1.3039
 -1.18741
 -1.46245
 -0.703047
 -1.4527
 0.316798
 -1.20182
 0.706288
 0.688239
 1.36657
 0.00444537
 -2.32409
 1.78361
 -1.49007
 0.328664
 -1.26941
 1.62853
 1.72947
 2.25934
 -1.68963
 2.43878
 -0.590552
 0.641859
 -0.0196298
 -0.222416
 0.0951112
 1.0785
 -0.412824
 2.17456
 -0.614592
 4.28129
 1.1094
 2.14635
 0.899661
 2.83968
 0.443849
 2.60824
 0.504146
 1.09597
 0.8304
 1.72019
 0.945776
 1.81403
 -0.336853
 1.20054
 0.178698
 -1.55669
 0.662753
 0.274392
 2.1284
 -0.230365
 1.21689
 0.405625
 2.71172
 -1.45161
 1.70901
 -1.3453
 2.30128
 -0.334875
 1.02124
 -0.616036
 -1.31875
 -0.017051
 -0.0585129
 0.602767
 -2.67024
 0.226684
 -0.519397
 0.318765
 0.107634
 -1.49176
 1.07898
 0.853647
 1.56398
 -0.215083
 0.746523
 -1.03787
 0.885764
 0.959406
 0.961444
 0.79663
 -0.817252
 0.497416
 0.918824
 1.15375
 2.49584
 -0.945066
 1.01737
 1.34683
 -0.731018
 2.56135
 -1.48182
 1.77917
 -2.081
 -0.154858
 -2.06549
 -1.85314
 -1.90873
 -2.30602
 -1.50982
 -1.13547
 -0.642803
 -3.94199
 -1.46049
 -0.225245
 -0.00984457
 1.47772
 -2.1
 0.802074
 -2.39351
 0.287193
 -4.5667
 2.13429
 -2.64504
 1.10394
 -1.54379
 -0.156969
 -1.04136
 1.36055
 -0.561323
 0.131612
 -2.97156
 2.58384
 -3.36648
 0.411186
 -1.53576
 -1.06619
 -0.604117
 -1.91032
 0.123274
 -1.12798
 0.288481
 -0.0690195
 -0.426687
 -1.15184
 -0.485687
 -0.544785
 -0.375569
 -1.45289
 1.17263
 -1.23916
 0.565178
 -0.936487
 2.23331
 -2.2944
 -0.702441
 -2.69502
 0.326889
 -0.983126
 0.701648
 -0.134069
 -1.75859
 1.76921
 0.259162
 1.50716
 0.108024
 0.40017
 -0.752483
 2.89257
 -1.80963
 -2.15975
 -1.49439
 0.107915
 -2.26883
 0.168271
 -2.60308
 1.82076
 -1.18942
 0.055021
 -0.38483
 0.90159
 -3.23136
 0.332183
 -3.47651
 1.02248
 -1.87987
 0.568217
 -2.45854
 -0.0546632
 -1.70685
 -0.270239
 -1.79247
 -0.0414978
 -1.67188
 2.05024
 0.891287
 0.261452
 -0.680051
 0.80493
 -1.06656
 -1.34666
 -0.309092
 -0.0427777
 -0.509099
 0.988268
 -1.41001
 0.431574
 -1.6133
 -2.11458
 -0.259172
 -0.747192
 0.566587
 -0.633478
 -0.281541
 -1.9047
 1.42132
 1.42736
 -0.222704
 0.445455
 -1.59042
 0.0626512
 -0.0342843
 -0.992827
 -0.271843
 0.442588
 -1.82789
 0.616949
 -0.571204
 -0.3163
 -0.374715
 1.55459
 1.15992
 1.91096
 1.12599
 0.916838
 0.828931
 -0.909225
 -2.14066
 -0.831146
 -0.960752
 -0.236435
 0.469191
 -1.17592
 -0.318382
 -1.28848
 -0.16097
 -0.332937
 1.47181
 0.672616
 1.17155
 0.935027
 2.48721
 0.288922
 1.50314
 0.0368572
 2.00507
 -0.727054
 2.18548
 -0.931488
 1.50447
 -0.970887
 0.810855
 0.121586
 0.730648
 -0.45868
 -0.608379
 -0.615801
 -1.4008
 0.760696
 -0.0121023
 2.42235
 0.451446
 2.13565
 0.136959
 -0.0567801
 -0.939013
 0.116478
 -0.406816
 -1.59352
 1.88543
 -0.486972
 0.273444
 -0.138833
 0.84797
 -0.574579
 2.59503
 -0.200491
 2.12557
 0.968535
 -0.00215646
 -0.425698
 1.02693
 -0.387847
 1.09122
 0.193583
 -0.848096
 1.79887
 0.190207
 0.0731799
 -2.73197
 1.6428
 -1.84801
 1.29263
 -0.946569
 0.0105258
 -1.2203
 0.630014
 -2.90945
 1.03203
 -2.88526
 2.2425
 -1.70723
 -0.884154
 -0.475957
 0.844637
 -0.147044
 2.07282
 -0.708881
 1.89992
 0.169127
 0.135036
 0.219217
 -0.837826
 0.725912
 -2.1245
 1.45172
 -2.77767
 0.0168756
 -1.94887
 -1.68615
 -1.85936
 0.00798702
 -4.77429
 -2.44039
 -3.18906
 -2.80327
 -4.03774
 -0.960034
 -0.872593
 -2.35421
 -0.84726
 -0.324836
 -1.9227
 0.452421
 -0.0106603
 0.346876
 -0.429803
 -0.510085
 0.308597
 -0.399362
 1.91547
 0.119875
 2.19368
 -0.90192
 0.173665
 0.135983
 0.449009
 1.29297
 1.04303
 2.75544
 -1.0973
 2.82514
 -0.369604
 1.47168
 -0.19613
 0.488707
 -1.70716
 -1.06823
 -1.58148
 -2.05951
 -1.62634
 -1.14754
 -1.32074
 -2.23152
 -1.24894
 -3.13919
 -0.402541
 -2.67189
 0.471734
 -0.472691
 -1.27545
 -2.10099
 -0.496797
 0.314123
 2.45727
 -0.0401319
 -0.483049
 -1.74127
 0.609068
 1.07096
 0.344131
 -0.394375
 0.861912
 0.350662
 0.782874
 0.25407
 0.306257
 0.887641
 0.254007
 -0.820943
 0.308408
 -1.44201
 -1.72064
 -2.08604
 0.408077
 -0.516603
 2.23851
 0.837251
 2.26937
 1.58062
 1.28759
 2.36034
 0.224283
 0.697735
 0.16371
 1.15609
 -0.846543
 0.536292
 0.613164
 -1.71735
 -1.1303
 -3.5437
 -0.34839
 -0.91772
 0.610453
 -0.613846
 0.813582
 -0.694496
 -0.308482
 1.57158
 0.882365
 2.56176
 1.37875
 0.248085
 -1.11505
 1.30925
 -0.451802
 2.3662
 -0.533476
 2.83481
 -1.08734
 0.742413
 -1.06289
 1.59368
 -0.680968
 1.11211
 -1.32139
 -0.307942
 -0.460352
 -0.944835
 0.339603
 0.369109
 0.16832
 0.115637
 2.2344
 0.618402
 1.23216
 -1.46177
 1.62606
 -0.327376
 0.469497
 2.49897
 1.5176
 0.378867
 1.61185
 -0.305919
 0.403436
 -1.44839
 -1.31716
 -0.598181
 0.544739
 1.66632
 0.775682
 -1.97092
 -0.169055
 -1.90908
 1.31051
 -0.884591
 -0.356406
 0.402853
 0.083314
 -2.27313
 -1.283
 -2.09698
 -0.892471
 -1.32808
 -3.03009
 -1.43557
 -1.59986
 -0.968477
 -0.0120296
 -0.204943
 -1.24527
 0.0990169
 1.24689
 0.604294
 1.63086
 0.0333288
 1.24902
 1.14766
 1.8118
 2.16277
 3.08611
 2.48251
 2.3188
 1.45643
 1.69038
 -0.71654
 0.584794
 0.634746
 -0.0999089
 -0.276793
 0.0302363
 -0.07474
 -0.0342235
 -0.52279
 0.639048
 1.49401
 1.38013
 -1.81006
 2.29969
 0.52833
 1.77885
 0.125474
 2.36747
 1.24499
 0.546503
 0.410633
 0.373323
 0.866864
 0.381472
 -0.845455
 0.731001
 -0.311426
 0.066094
 0.203407
 -0.279106
 0.0310478
 -1.40609
 -0.140175
 -1.91389
 -0.437068
 -1.60028
 -0.388343
 -3.00679
 0.598926
 -2.69895
 -0.165099
 -1.67922
 1.01747
 -1.50307
 0.520926
 -0.778714
 -0.0240482
 -0.491762
 1.48652
 -0.116724
 0.835928
 0.147163
 0.54904
 -1.55731
 -1.20021
 -2.17613
 1.17429
 -1.71041
 1.1076
 -0.230105
 -0.463863
 0.704932
 0.611594
 0.439762
 1.83377
 0.934827
 2.35627
 1.54194
 0.394505
 0.0639091
 1.48018
 1.76344
 1.83536
 2.71598
 1.41859
 2.1457
 0.58301
 0.542548
 -1.79405
 -0.393974
 -1.95052
 0.450026
 -3.00615
 -0.929114
 -2.77006
 -1.62021
 0.651225
 -1.3853
 0.314488
 -1.40963
 0.841892
 0.700095
 0.378766
 1.74161
 0.470786
 1.78079
 -1.04654
 1.25095
 -1.24653
 0.292938
 -1.89795
 -0.970197
 -1.41997
 0.572861
 -2.87582
 3.58567
 -3.14534
 2.39096
 -4.07444
 3.70406
 0.207317
 2.3278
 1.44208
 3.23544
 -1.50203
 0.884357
 -0.537797
 -0.382285
 -0.14125
 -1.31331
 -2.3029
 -0.448493
 -2.26061
 -0.242622
 -1.17045
 1.00626
 -0.029834
 1.1114
 -0.709077
 0.233582
 0.839494
 -0.149684
 0.488395
 0.969213
 1.13707
 2.91404
 1.80455
 2.71675
 0.394564
 2.5808
 -0.532813
 2.38258
 -1.30321
 -0.640074
 -2.32409
 -0.687326
 -2.2254
 -1.67771
 -1.34596
 1.47731
 -0.122917
 0.941893
 0.488331
 -1.92135
 -0.205224
 -2.73845
 -2.95255
 -2.11969
 -2.08224
 -1.90232
 -2.29778
 -0.951467
 -1.282
 -3.22647
 -0.754643
 -1.4986
 1.18158
 -1.47135
 1.26349
 0.952205
 -0.0722041
 2.17332
 -1.14071
 -0.194149
 2.16143
 -1.27445
 4.23385
 -5.58165
 3.39253
 -3.82706
 4.19739
 -2.33101
 2.59581
 -1.2743
 0.50816
 -1.56985
 1.6158
 -2.60166
 1.7016
 1.02409
 -1.23269
 -0.588745
 1.03083
 -0.844814
 0.324855
 -0.53898
 0.601377
 -0.409482
 0.376785
 1.67745
 -0.998027
 -1.26974
 -0.896996
 -0.158866
 0.00472596
 -1.57852
 2.37932
 -2.48032
 0.577625
 -2.17431
 0.86274
 -1.14684
 1.53397
 -2.64539
 0.720095
 -0.600765
 -0.020402
 0.713975
 -0.267018
 3.16334
 2.09485
 1.19477
 0.771599
 2.91113
 0.79786
 2.12363
 -0.0301972
 -0.415571
 -0.198171
 0.42275
 -0.208552
 -0.560927
 1.96758
 0.110599
 2.23328
 -1.73849
 0.937823
 -1.6918
 -0.531461
 -0.563978
 0.78146
 2.48559
 0.54898
 0.776299
 0.348866
 1.51124
 -0.894104
 -0.286538
 -0.555131
 -1.24672
 2.05404
 -2.07139
 2.57078
 -1.02768
 2.26258
 -1.75483
 0.56721
 -0.286236
 -1.32372
 -3.66397
 -1.34253
 -0.59046
 -2.48394
 -2.3498
 -1.01851
 -0.216396
 -0.678294
 0.59553
 0.730247
 2.02738
 1.43688
 1.1257
 -0.138086
 1.46713
 -3.01857
 2.21157
 -1.67749
 0.113955
 -0.0274068
 -0.709108
 1.51619
 -1.68623
 1.36927
 -0.493339
 0.566839
 1.42091
 -0.922976
 0.7431
 0.420959
 -0.586343
 2.55484
 -0.438052
 0.0527892
 -1.37031
 -0.738883
 -0.433243
 -0.287886
 -0.182655
 -0.406681
 0.274874
 -0.952976
 -0.847219
 -2.49629
 -0.970793
 -1.03894
 0.810759
 -0.829386
 2.36102
 0.148617
 1.97664
 1.52806
 0.300965
 0.825676
 -0.562086
 0.436498
 0.853333
 2.47285
 0.261959
 0.163554
 -1.06984
 1.44133
 -1.084
 1.94825
 -2.16797
 0.413423
 -1.02409
 -2.15385
 -0.870901
 -1.75346
 1.3116
 -0.287685
 0.992956
 -1.43622
 0.107932
 -0.0953737
 -0.0181586
 -1.39071
 -0.34408
 -1.28853
 2.02991
 0.716862
 0.435747
 1.9148
 1.40291
 0.911963
 1.3166
 2.2071
 -0.528523
 3.05736
 -0.0553886
 1.32488
 -1.32069
 -0.438355
 -0.16756
 0.150693
 -0.895181
 -0.495042
 -0.894298
 0.911662
 -2.71677
 0.817016
 0.249974
 0.406772
 -1.54838
 -0.284076
 -0.699956
 1.51122
 0.493144
 0.910331
 0.32761
 -0.417681
 0.678451
 -0.457994
 -1.57293
 -0.357085
 -0.534591
 -0.659028
 0.124763
 -1.20059
 -2.76656
 -0.640024
 -0.213773
 -0.342874
 -1.90642
 1.44327
 0.316336
 0.938251
 -0.627674
 -1.32991
 -1.67686
 -0.49962
 0.556772
 -2.3882
 -0.0731612
 0.170308
 -2.13381
 -1.50779
 -2.18742
 -1.3532
 -2.95273
 0.340318
 -2.53857
 -0.686631
 -3.06256
 -2.03341
 -2.76541
 -3.87305
 -3.08875
 0.341226
 -2.9056
 -0.485513
 -1.8932
 1.08424
 0.0433263
 0.378826
 -0.717222
 -0.127315
 -0.668075
 0.908612
 -0.963285
 4.39585
 -1.93141
 1.86287
 -2.2349
 2.03204
 -0.381871
 0.485811
 -0.462514
 0.838117
 -0.922582
 1.68847
 0.151427
 -0.675437
 0.181817
 -1.84537
 -0.856572
 -0.337155
 1.63086
 0.820443
 1.26804
 1.72463
 0.413163
 2.37562
 -0.4747
 3.82254
 -0.629913
 4.45818
 2.25653
 2.28925
 -0.702828
 0.962777
 -0.319079
 1.56176
 -1.70116
 0.292315
 -3.08257
 -1.03238
 -1.60882
 -0.439894
 -2.07826
 -1.98328
 -3.24509
 -2.71357
 -1.72761
 -1.03049
 0.831031
 -2.34011
 -1.71874
 -0.826602
 -1.34377
 -1.3594
 0.0347499
 -0.420977
 -1.58512
 -1.12183
 -2.68498
 0.0855989
 -1.67422
 -0.845117
 -1.75026
 0.831153
 0.299713
 1.06804
 0.491557
 0.904306
 0.956071
 -1.19341
 -0.709176
 -1.06732
 -1.13248
 -0.974054
 -0.250212
 -1.16802
 1.25888
 -3.85183
 -0.255545
 -2.11657
 1.8069
 -0.600294
 0.0294618
 -0.301764
 -1.46897
 -0.211354
 0.589581
 -0.165273
 -0.648331
 0.300726
 -1.9854
 0.320054
 -1.95843
 -0.713042
 -0.32491
 -0.754122
 1.3766
 -0.80092
 0.200463
 0.513054
 1.35384
 -0.565582
 0.580167
 0.526969
 -1.97053
 0.834055
 -2.58338
 2.3986
 0.765973
 2.71892
 1.22723
 -0.83055
 2.54553
 -1.45767
 1.82342
 -1.79394
 1.78234
 -2.9486
 1.27292
 -1.76114
 2.32793
 -0.867396
 0.351252
 -0.00309806
 2.45102
 1.1717
 -0.373323
 1.66569
 -3.41245
 0.243107
 -1.25837
 1.64642
 -2.30693
 -0.0919274
 0.160108
 -0.204951
 -1.86744
 0.680779
 -1.06138
 -2.04035
 -3.26638
 -3.56682
 -2.55821
 -1.24569
 -0.303652
 1.96042
 -1.7679
 2.62385
 -1.30485
 0.348734
 -0.919139
 -3.05658
 -0.717208
 0.0816444
 0.00168529
 -1.83338
 -0.334771
 -2.16421
 -0.803819
 -1.64816
 -2.49771
 0.223833
 0.0260861
 0.830485
 -1.96006
 0.880417
 -1.58668
 0.983506
 -1.36279
 -0.253977
 -0.0815215
 -2.27928
 -0.884837
 -0.625916
 -1.39691
 -1.54465
 -0.35489
 -1.88721
 -1.85232
 -3.35983
 0.749017
 -3.18509
 -1.43871
 -0.697116
 0.809891
 -0.0213323
 -0.919046
 -1.42756
 -1.05763
 -0.775502
 0.561393
 0.590595
 -0.959987
 1.26594
 -0.991154
 -0.617514
 -2.01273
 -0.900723
 -0.785141
 -0.566132
 -1.1986
 -2.05281
 -1.00577
 -2.04054
 -2.19419
 -1.35753
 -2.03922
 -2.44882
 -2.29958
 -0.860752
 -2.50268
 -0.668514
 -1.83419
 0.24142
 -1.04092
 -0.993765
 -0.274135
 -1.51712
 -0.648289
 0.981945
 0.773166
 0.708517
 -2.32952
 -1.48132
 -0.148465
 -0.869052
 0.937856
 0.316528
 -0.423267
 1.8909
 -1.83897
 2.51711
 -2.25034
 1.15644
 -0.07034
 -0.131257
 -1.00577
 -1.39289
 -0.890255
 -1.21115
 -0.0601864
 -0.954169
 -0.511384
 -1.69108
 -0.334392
 -1.35972
 -0.550284
 -0.681458
 1.24675
 0.560008
 0.198227
 1.04294
 1.36187
 -1.17892
 2.14419
 -2.34407
 1.86106
 -3.96122
 0.404131
 -2.11694
 -0.747468
 -1.05813
 -1.07454
 1.11915
 1.53449
 -2.86757
 1.17547
 -3.17375
 1.65858
 -1.42677
 1.96725
 0.525801
 -1.16562
 -0.541045
 2.01197
 -1.60742
 2.10961
 -1.96061
 1.32163
 -1.39125
 1.52299
 -0.819661
 1.94261
 0.361291
 -1.23107
 0.0520114
 -1.13862
 -1.92091
 -1.41409
 -1.97053
 -2.86448
 -0.349283
 -2.71251
 1.84605
 -1.78236
 0.192862
 -1.51221
 -0.461283
 -1.26194
 -0.572481
 0.397416
 1.78713
 -0.837901
 3.23526
 1.54595
 0.650016
 0.681971
 0.399302
 2.4393
 -0.370669
 0.592873
 1.56078
 1.52176
 1.05275
 0.630719
 1.05146
 1.48241
 -0.0717719
 1.10035
 0.884641
 -0.715419
 1.1816
 1.16987
 3.65254
 2.07981
 1.70649
 0.491559
 -0.0156293
 0.0894498
 -1.25132
 0.416035
 -1.55549
 -1.25098
 0.443952
 0.00457236
 0.946074
 -0.758138
 -0.0618307
 -0.983001
 0.0423396
 0.566097
 -3.09188
 2.34723
 -3.15435
 -1.52237
 -0.864763
 -0.270643
 -0.64505
 -0.148591
 -1.70961
 -0.644213
 -1.47373
 0.259395
 -1.99329
 -0.34852
 0.625532
 -0.578566
 0.673279
 -0.0769015
 0.744431
 -1.06834
 -1.32128
 -2.07386
 -1.09451
 -1.81314
 -1.856
 -0.0067447
 -1.09562
 -0.646354
 -1.23687
 1.55223
 -0.525295
 1.10265
 -0.100076
 2.73888
 0.235996
 2.3432
 -0.42776
 0.93027
 0.58332
 0.640971
 0.40933
 1.08504
 -0.404929
 -1.264
 -0.236393
 0.774223
 0.0587046
 -1.5332
 -1.49626
 0.864559
 -1.19461
 0.861853
 -0.0465056
 0.648967
 1.79263
 1.69343
 2.06145
 -0.6842
 2.00887
 -0.338619
 1.73051
 -0.512621
 2.03448
 0.215364
 0.210053
 -0.607671
 -0.512338
 -0.992935
 -0.815229
 -1.31545
 0.0989051
 -0.353003
 0.777451
 -1.24727
 2.16841
 -2.0563
 1.94105
 -2.09451
 1.57519
 -1.26305
 0.728297
 -1.83894
 -0.280538
 -0.895813
 0.427457
 -1.03106
 0.44547
 -1.30757
 0.337893
 -0.0361468
 -0.76414
 1.7687
 -0.881284
 0.395846
 0.135727
 -0.649925
 0.111613
 1.77382
 0.58319
 1.64827
 -0.619991
 1.64005
 0.394368
 -0.210959
 -2.67039
 -1.14889
 -2.00941
 0.209192
 0.296826
 -1.46939
 1.41582
 -0.665357
 -1.32659
 2.10944
 -1.8536
 1.19764
 1.02465
 2.53773
 1.29396
 2.12025
 -1.82965
 -0.833185
 -0.276756
 -0.64068
 -0.660877
 -0.612593
 -1.15605
 -1.85609
 -0.508925
 -0.0829629
 -1.49268
 0.960154
 -2.56481
 -0.468504
 0.523838
 -0.307967
 -0.0145938
 -0.420144
 -2.19127
 1.58608
 -3.53203
 3.71313
 -1.74806
 1.44529
 -0.319475
 0.91348
 -1.08788
 -0.171233
 -0.516861
 0.618336
 2.03152
 0.444318
 0.0176887
 -0.933024
 -0.713462
 0.166646
 -0.637599
 -1.46873
 -0.133656
 -2.25238
 1.92987
 -1.10965
 -0.685873
 0.87691
 -1.32205
 1.03017
 0.31445
 -0.813508
 0.905419
 0.653054
 -0.369846
 0.414857
 1.01493
 0.175711
 1.07588
 2.2789
 1.24209
 3.28635
 0.882914
 1.64889
 2.16878
 -0.00633789
 1.54955
 -0.159269
 1.52739
 0.870803
 1.71637
 -1.06324
 -0.104452
 -1.67172
 -0.144506
 -2.44629
 -2.39041
 -4.73554
 -4.10871
 1.08986
 0.035426
 -0.536612
 -0.139685
 -0.152593
 -0.380086
 -0.519429
 1.65799
 -0.0691302
 1.69999
 -2.81238
 -1.70338
 -1.26359
 -0.558078
 0.945484
 -1.97853
 2.53922
 0.774911
 2.31323
 2.02166
 1.22801
 0.27145
 -0.699766
 -0.508477
 -0.0165931
 -1.10206
 0.893525
 -0.962487
 0.0468179
 -2.74946
 -0.197512
 1.05224
 -1.74638
 0.894299
 -1.80728
 0.462918
 -2.70012
 -0.587301
 -3.76425
 -0.562045
 -1.00652
 0.550778
 -0.331118
 1.21342
 -0.324824
 0.340323
 -1.35474
 -1.46799
 -0.359849
 0.645365
 -0.386521
 1.68624
 0.00149761
 0.503739
 -3.54227
 0.583397
 -1.56771
 -0.46221
 0.0218507
 0.202849
 0.586772
 1.13408
 1.59863
 0.339293
 -0.981889
 0.865439
 1.24789
 -1.17128
 1.12574
 -2.77597
 1.41212
 0.475836
 2.15255
 2.05721
 -0.0228921
 0.852224
 -1.74216
 1.58073
 -0.312779
 1.38295
 0.285439
 0.973831
 -0.434979
 0.681734
 -0.0198935
 1.85504
 -1.45935
 1.07896
 -0.874034
 1.64988
 -0.541889
 -0.872541
 -3.4621
 -2.36387
 -3.77212
 -2.57581
 -0.945593
 -3.68538
 -0.209787
 -2.76021
 1.17632
 -2.08293
 -0.565911
 -1.75132
 1.63967
 -0.241957
 -0.0156781
 1.20989
 3.35481
 0.14708
 3.56499
 1.49148
 3.36929
 -1.15242
 1.65835
 -1.79264
 2.51528
 -1.19161
 0.21785
 -0.00316928
 -0.397847
 -1.72079
 -0.175441
 0.74444
 1.38566
 3.75086
 1.85568
 1.53498
 1.39623
 -0.0427096
 -0.303164
 1.83144
 2.53861
 1.56668
 2.38173
 0.110256
 1.60602
 -0.617097
 -0.65501
 -2.00057
 1.23018
 -1.78007
 1.29478
 -1.97897
 1.53841
 -4.53185
 1.66502
 -3.03446
 0.851975
 -0.530238
 2.06001
 -0.107027
 1.63536
 1.4523
 1.23086
 -1.44221
 0.585255
 -0.982143
 -0.144808
 -0.20324
 -0.259876
 2.41178
 0.977331
 0.0626969
 1.34009
 0.560355
 -0.394989
 -3.73401
 0.253961
 -1.54206
 1.22105
 -0.97511
 2.11932
 -0.435276
 0.637507
 -1.70339
 1.08892
 -0.970454
 1.31668
 -1.05879
 -2.03032
 -0.235996
 0.892911
 -0.228534
 1.36102
 -1.11661
 -0.453576
 -3.13464
 -0.371256
 -1.94154
 0.325098
 -2.37107
 -1.85235
 0.530185
 0.902294
 -0.238217
 0.882888
 2.00745
 0.49851
 3.02424
 -0.232489
 0.551718
 1.15221
 2.36594
 -0.176904
 0.759451
 1.76119
 0.880796
 -0.507535
 -1.26978
 1.69104
 -2.00798
 -0.672792
 -1.31383
 -0.433459
 0.137429
 -1.72671
 1.65432
 -1.40714
 1.64983
 0.658
 0.976458
 -1.93956
 0.994892
 -1.57231
 -1.71194
 -1.99436
 0.886795
 0.0197926
 0.510363
 0.0514257
 1.68723
 -0.11117
 1.26788
 -0.853319
 -1.45995
 -2.3176
 -1.10089
 -1.03602
 -0.771345
 -0.734023
 -1.89679
 -2.68049
 -0.705312
 -1.63468
 1.99553
 -0.249661
 0.896567
 1.21509
 1.62058
 0.361492
 2.25153
 -0.0534649
 1.56673
 -0.105572
 0.221321
 0.821215
 -0.200531
 -0.296345
 -0.726414
 1.78613
 -0.210611
 0.279132
 -0.600176
 0.502314
 -0.308666
 -0.982298
 -0.116979
 -1.85506
 1.87335
 -2.05191
 0.495262
 -1.72115
 -0.864984
 -0.751684
 0.0624544
 0.610703
 0.492816
 -1.32365
 -0.602661
 -0.570735
 -0.536042
 0.188572
 -1.84264
 0.796221
 -0.338561
 2.03958
 -3.0245
 1.55885
 -1.65778
 0.12202
 0.418387
 0.782371
 -1.69324
 0.566324
 -0.560787
 1.24428
 0.657628
 0.983724
 0.245206
 1.40317
 0.891261
 -0.958671
 0.83937
 0.853695
 0.876943
 -1.4675
 -1.54396
 -0.0132667
 -0.794423
 -0.220679
 0.155172
 1.65939
 0.772211
 3.37239
 0.505498
 0.907563
 -0.608333
 0.975658
 0.0192172
 -0.543104
 -0.303632
 0.0722978
 0.119285
 -0.606851
 -0.674641
 -0.402222
 0.732342
 -1.51756
 0.590714
 1.39675
 -1.27542
 0.85955
 -1.46851
 0.652694
 1.35004
 1.04373
 1.41917
 0.534829
 -1.26979
 1.87108
 -0.360616
 0.286662
 -0.6314
 -0.0158577
 0.329896
 -0.192261
 -0.43122
 1.17335
 -0.0959598
 0.250421
 1.02715
 0.778253
 1.62382
 0.405084
 2.11189
 1.50678
 -0.682806
 1.94627
 0.164124
 1.26244
 -3.03517
 -0.278747
 -1.69549
 0.314766
 0.212618
 -0.24283
 0.0483348
 0.733957
 -0.353408
 0.061733
 0.087239
 -2.233
 0.0551121
 -1.42035
 1.47022
 -1.46545
 0.855101
 -0.833498
 0.120799
 -2.46162
 0.0620456
 0.839889
 1.08321
 2.83619
 -0.45002
 1.99585
 -1.37398
 2.60528
 -4.04323
 -1.27651
 -2.88217
 -2.16681
 -2.66313
 1.22077
 1.08094
 -0.952002
 -0.0725872
 -2.22632
 0.429674
 -1.32579
 0.25559
 -1.44822
 0.563519
 -1.17881
 -1.30628
 2.49755
 -0.6734
 0.291827
 -1.8809
 -0.23672
 -1.37798
 2.13297
 0.560638
 3.51151
 -0.697523
 4.25593
 -3.20352
 3.04953
 -0.162404
 1.76162
 -0.214185
 1.82923
 -1.69265
 1.03947
 -0.713523
 0.501483
 1.71885
 -1.11198
 -0.764114
 0.825427
 -2.24651
 0.569122
 -1.96466
 -0.515716
 -2.64685
 -0.793451
 -1.81203
 -0.975811
 -1.53223
 -0.0332741
 0.688696
 1.99767
 1.56186
 1.36837
 2.83003
 1.05928
 1.77915
 -0.536831
 2.73834
 1.05074
 -1.5953
 0.724439
 -1.21078
 -0.348161
 -0.918068
 -0.577077
 1.11162
 0.665449
 1.09987
 -1.67025
 0.82817
 -2.01287
 2.08914
 -0.441208
 1.28472
 -0.227236
 -0.229592
 -1.07028
 -0.191229
 -1.04619
 -1.03847
 -2.40596
 0.302779
 -0.465361
 -0.379932
 -1.91079
 0.751781
 -2.42637
 -0.354388
 -3.33626
 -0.585077
 -3.64771
 1.01064
 -1.85547
 -0.0982381
 -0.845288
 0.0643368
 -1.25117
 0.581163
 -1.12477
 -0.61456
 0.3193
 0.610132
 1.65867
 -0.674159
 1.07483
 0.861047
 -1.28233
 0.714639
 -2.00201
 0.283257
 -0.849452
 0.844706
 -0.155148
 1.82058
 -0.217549
 -0.69439
 -0.128307
 -0.95162
 -0.791998
 -1.16338
 1.60164
 -2.46869
 0.282147
 -3.79637
 1.58259
 -1.38535
 -1.22068
 -2.686
 -2.63577
 -0.745764
 -0.932891
 0.374625
 -0.214591
 -2.34242
 0.0502036
 -1.06273
 1.01252
 -2.08127
 2.65699
 -1.50055
 2.53639
 -1.16216
 -0.539088
 -0.560928
 1.38671
 0.797371
 1.81005
 1.44898
 1.02744
 3.6354
 -0.722148
 0.700995
 -2.07414
 -1.48888
 -2.09999
 -0.367
 -1.82068
 0.0283242
 -0.919023
 0.418711
 2.28197
 2.36278
 3.31687
 1.54775
 1.83612
 1.11018
 1.63071
 0.642128
 -0.812039
 -0.541187
 1.46504
 0.487573
 -0.225099
 0.113509
 -1.1599
 -1.23622
 -0.760873
 0.695477
 -1.69603
 1.35051
 -0.176461
 1.85453
 2.08558
 -0.462554
 0.141418
 0.268949
 1.1335
 -0.0135742
 0.162232
 0.094637
 0.697447
 -0.313497
 0.666855
 -0.42261
 -1.71974
 -0.835002
 1.05791
 0.128051
 2.08999
 1.69833
 1.78461
 2.16421
 -0.82834
 1.96461
 2.12504
 1.5171
 0.601138
 1.83142
 -0.752906
 1.34152
 1.82064
 2.0911
 3.17742
 2.37185
 3.02428
 -0.163445
 3.73788
 0.980725
 2.55897
 -1.29735
 -0.486416
 0.190735
 2.96729
 -0.731547
 2.11495
 -1.87643
 -0.818745
 -0.251554
 -0.595859
 1.7145
 -1.1127
 -0.0999746
 2.15111
 -1.28638
 2.27034
 1.3655
 0.813159
 2.40905
 0.985851
 -0.425243
 -0.505677
 -0.641633
 -1.08319
 -0.680349
 -0.762579
 1.8874
 2.61856
 0.882797
 3.12467
 -0.45288
 0.92721
 0.94757
 1.38968
 1.41565
 1.64299
 0.278424
 -0.777326
 -1.63364
 0.62969
 -0.1586
 1.0017
 0.259739
 1.41378
 0.273476
 -1.44878
 1.51129
 -2.6935
 1.48454
 -0.929794
 0.812596
 -0.660498
 -0.842608
 -1.65968
 -0.0963229
 -2.28265
 1.37402
 -2.32067
 0.361417
 -0.89441
 0.229709
 -2.37345
 0.147364
 -1.36417
 2.20848
 0.118203
 -0.649787
 -1.37515
 1.45716
 -3.03774
 3.97335
 -2.71408
 1.52859
 -4.08685
 0.738084
 -2.83509
 0.425099
 -1.54961
 -0.769503
 -0.69408
 -0.941195
 -0.365695
 0.499358
 -1.37452
 -0.0560532
 0.756493
 -1.6508
 0.689111
 -1.15148
 1.33145
 -1.13862
 1.68097
 -2.04619
 -0.716421
 -0.610673
 -0.495127
 -0.930816
 -0.98502
 0.28505
 -0.759754
 -1.44917
 1.3694
 -1.811
 -0.753263
 0.604086
 0.417965
 1.66587
 -0.0413653
 1.42454
 -1.7575
 0.537014
 1.22212
 2.31895
 1.14385
 4.12901
 -1.32898
 -0.0199736
 0.742444
 0.459506
 4.1796
 -0.178356
 2.99385
 0.282265
 1.56841
 0.0822542
 0.219023
 1.71522
 0.253613
 1.87359
 -4.05031
 0.590684
 -1.58028
 2.9771
 -2.24662
 1.81575
 -0.915911
 2.68526
 -2.48449
 -0.167142
 -1.2884
 1.27284
 -0.596931
 -0.836842
 0.547394
 1.1086
 2.01018
 1.43866
 0.728634
 0.368129
 0.16526
 -1.24524
 -0.980217
 1.20249
 -0.360516
 0.201184
 -0.430418
 0.610492
 -1.15423
 -0.578208
 0.107501
 -1.63819
 -1.05897
 1.37767
 -0.303528
 1.45217
 -0.489131
 -0.622485
 -1.22656
 -0.295652
 0.0418605
 0.496441
 0.206146
 1.18656
 -0.529574
 0.303781
 0.0723611
 -0.073347
 -2.08827
 0.0711906
 -0.569977
 -0.559914
 -0.50061
 -1.70809
 0.732328
 -1.41102
 -1.5688
 0.297628
 -0.707403
 1.14688
 -1.39447
 -0.165601
 1.61273
 1.18817
 1.97226
 1.50058
 1.64977
 3.11343
 0.0698361
 2.39308
 1.70583
 1.7208
 1.38092
 -1.30372
 -1.00237
 0.00647159
 -2.15611
 -1.06399
 -0.45542
 -1.32987
 -0.190141
 -0.326333
 0.662882
 -0.566538
 1.06359
 1.99659
 1.1741
 1.02961
 0.323001
 -0.266142
 1.03893
 -1.30465
 0.349756
 -2.28197
 0.167129
 -3.08549
 0.216066
 -2.41536
 -0.479222
 -0.984484
 0.367812
 -1.26871
 1.57525
 -0.913232
 0.915992
 -0.313818
 -0.387621
 -3.07105
 2.46839
 -1.16728
 1.20962
 -0.705197
 -1.3864
 -0.0268156
 -2.2581
 0.917334
 -0.516518
 0.254785
 -2.81805
 -0.0626435
 -1.94001
 0.959294
 -2.6176
 0.116863
 -0.102161
 -0.144571
 0.074095
 0.126848
 1.86966
 0.802415
 0.306673
 1.15264
 0.394774
 0.721628
 1.98327
 1.38333
 -0.862988
 0.504257
 -1.73031
 1.28853
 -0.405344
 -1.30024
 -0.0623903
 -0.589404
 1.75849
 -2.62056
 0.584516
 -2.30041
 0.944555
 -0.726799
 -0.528054
 -0.548903
 0.715927
 0.815868
 0.579433
 0.884478
 -2.30219
 0.703433
 -1.246
 -0.94604
 -2.14103
 0.863222
 -2.34774
 -0.900698
 0.371845
 -0.919926
 0.349992
 2.27029
 -1.73477
 3.00469
 0.901165
 -0.766992
 -0.0210442
 1.52114
 -0.393721
 -1.21302
 -0.445245
 -2.19318
 0.051157
 -1.70459
 1.24238
 -0.692264
 2.55626
 2.08288
 1.03853
 1.09465
 -0.298007
 0.858556
 0.898197
 2.13792
 0.582299
 1.18839
 -0.144685
 -1.87353
 0.293731
 -0.570256
 0.494341
 -0.762132
 0.371191
 -0.830782
 2.08693
 -1.54493
 1.15157
 1.01168
 2.46964
 1.63987
 2.17547
 1.02557
 1.48991
 -0.584972
 0.476865
 0.33574
 0.383764
 -0.716568
 0.112654
 0.764895
 -1.77917
 -0.28368
 -2.37759
 0.829046
 0.792576
 -0.37291
 0.670737
 -1.11844
 1.15214
 -2.89596
 0.530081
 2.03692
 2.26058
 1.85683
 0.896211
 -1.40427
 1.53381
 -1.73254
 0.912495
 -0.994052
 -2.41958
 -1.82653
 0.257566
 -0.67361
 0.602448
 -1.29883
 0.801702
 1.12035
 -1.14633
 1.2641
 -1.15353
 -0.753203
 -2.71715
 -2.80002
 -1.06155
 -3.36964
 -0.970279
 -1.38877
 0.587611
 0.25284
 -0.92503
 2.20324
 -0.818661
 1.62672
 -1.21726
 -1.39411
 -0.591522
 -0.391963
 0.436379
 -1.90703
 -0.39474
 -0.410237
 -0.0553054
 -1.09447
 1.73544
 -0.623254
 -0.0728092
 -2.10529
 0.0726395
 -0.0968535
 1.04019
 0.736079
 1.07394
 0.734294
 0.263842
 3.30411
 -0.737005
 1.97723
 -1.74492
 1.04093
 -0.728412
 0.344447
 -1.47459
 -0.122131
 -1.59857
 0.396423
 -1.63753
 1.04988
 -2.36196
 2.41292
 -1.25219
 0.177378
 -0.204067
 0.688234
 1.78635
 0.456277
 0.550363
 -0.28902
 0.854656
 -1.68494
 2.55448
 -2.04338
 3.12603
 1.32273
 0.938158
 -0.907295
 1.17223
 -0.34005
 3.20652
 0.631554
 -0.147754
 0.726735
 -0.449813
 0.882811
 1.53126
 1.38539
 2.41964
 0.128708
 1.69466
 -1.52058
 0.6265
 -0.493246
 -0.2547
 -0.424471
 -1.67231
 0.945346
 -0.625775
 -0.699626
 -1.40964
 -0.0237573
 0.182548
 0.50332
 -1.18942
 0.0978347
 -1.25678
 0.434191
 -0.617323
 -0.428779
 1.0966
 -1.98759
 -0.747866
 -0.611844
 -0.62783
 -2.21347
 0.834833
 0.312559
 -0.0390478
 -0.898535
 -0.531903
 -0.142498
 2.12819
 -0.246541
 2.95433
 -0.181396
 0.8153
 -0.591384
 0.594539
 0.321455
 1.76991
 1.52359
 0.864363
 1.89647
 1.73109
 0.824748
 2.94731
 0.798034
 0.921977
 -1.14149
 -0.556579
 1.18073
 -3.57972
 0.321486
 -3.62706
 -0.149989
 -2.29869
 1.31256
 -3.00962
 1.14105
 -2.74767
 -1.77322
 -2.3632
 -0.478172
 0.289282
 1.95309
 -1.05259
 2.3064
 -1.25685
 2.17747
 -0.715602
 2.7506
 0.0796309
 2.27817
 -0.197728
 0.0211906
 -0.0898919
 0.0865669
 2.09435
 0.201848
 3.10764
 -0.284844
 2.6421
 -0.086126
 1.69236
 2.00129
 0.991319
 2.00346
 0.620589
 0.581232
 1.13233
 0.253746
 3.81402
 0.496218
 2.17767
 -1.01362
 1.86539
 1.39695
 1.40661
 0.178503
 0.870648
 -1.55271
 -0.162686
 -1.51396
 0.0254051
 -1.9479
 -0.520402
 -1.42922
 1.58461
 -1.33502
 -0.302505
 -2.39973
 0.16029
 -1.40336
 -0.845846
 -1.45954
 -0.823071
 -0.57605
 0.618725
 -2.20346
 2.2801
 -1.77211
 1.85846
 -1.60326
 1.71225
 -0.438423
 0.202362
 -1.10744
 1.78246
 -0.983355
 2.50829
 1.99364
 2.20812
 -0.9581
 0.288456
 -3.26822
 -0.59277
 -1.49783
 -0.207582
 -1.62986
 -1.04399
 -1.96839
 2.3146
 -4.21981
 1.82759
 -1.72057
 0.0246578
 -0.804518
 0.0337229
 -1.69565
 1.68165
 -1.38861
 0.180793
 -3.21955
 -2.5094
 -0.00263599
 -2.31212
 -0.667535
 -0.993004
 -0.435739
 -1.85018
 1.49255
 -3.49409
 1.01438
 -2.58264
 0.341957
 -1.94991
 0.63229
 -0.658164
 -0.773329
 0.647737
 1.2616
 1.37328
 2.46683
 1.67926
 6.03191
 1.42543
 4.22468
 1.34474
 2.51455
 0.2698
 2.21212
 -0.682559
 3.05485
 3.06282
 1.81871
 1.65847
 -0.654232
 0.167564
 1.98431
 -0.276127
 1.31299
 -0.411213
 1.42521
 0.0105608
 0.31628
 -0.107709
 -1.13245
 0.987203
 -1.11679
 0.342286
 -0.219919
 1.5428
 -0.341462
 0.606029
 -0.960811
 -2.78641
 0.474712
 -0.764587
 1.13986
 -0.291234
 -1.06574
 -0.610274
 -1.53015
 0.982972
 -1.79144
 -0.669783
 -2.13647
 -0.693327
 -3.89865
 -1.49874
 -1.44743
 0.188115
 -0.454849
 -0.655935
 -1.77775
 -1.48323
 0.536558
 -0.0212747
 -1.36569
 -0.709207
 -2.64588
 1.34424
 -0.684675
 0.962605
 -0.624897
 -0.0194732
 -0.999158
 0.931574
 0.736544
 -2.30109
 0.765205
 -1.91811
 0.947684
 -3.35333
 2.75926
 -0.564108
 2.19377
 -1.34003
 1.33414
 -0.670307
 3.40484
 -0.358559
 2.76933
 0.133959
 0.615931
 0.180479
 2.80408
 2.15226
 3.90512
 1.26088
 2.16446
 3.66534
 3.37072
 1.40804
 1.86814
 1.15922
 -0.934799
 -3.46592
 0.128666
 -1.60264
 -0.41496
 -1.68285
 0.0725973
 -1.66674
 -2.15488
 -1.17002
 -1.57056
 -0.79417
 -1.8503
 1.88302
 -0.979665
 0.813184
 -1.81585
 1.22881
 -1.32284
 -1.46149
 -2.84341
 -1.34257
 -0.84495
 -2.15452
 -0.996241
 -0.484921
 -0.352162
 -0.640766
 1.56639
 -0.958142
 -0.122279
 -0.559329
 -0.326779
 -0.694236
 -2.76443
 -0.439554
 -0.752332
 2.21862
 -1.06564
 0.130005
 0.617418
 1.27174
 -0.0867605
 0.239123
 -2.55445
 -0.845595
 -1.69684
 -0.434401
 -2.5035
 -1.22322
 -3.33347
 -0.400248
 -1.86668
 2.38907
 -2.68996
 1.89301
 -2.27388
 -1.40385
 -0.211494
 -1.63575
 -2.01951
 -2.23392
 -0.1849
 -1.26855
 1.06823
 0.550562
 0.0987681
 0.0406306
 0.954892
 -0.35223
 -0.0279427
 0.380331
 -0.0529882
 -0.295737
 -0.172156
 1.35475
 1.70152
 -0.899714
 -0.408191
 -2.1517
 -0.538417
 -1.97835
 0.868152
 -0.389847
 -0.426824
 -0.585182
 1.07231
 -1.23908
 1.61695
 0.532525
 -1.06819
 -0.897079
 3.17484
 1.48103
 1.05317
 1.20283
 1.21246
 0.16036
 0.212089
 -1.14081
 -0.966667
 0.392686
 2.75494
 -2.10918
 0.84927
 -0.268916
 2.01913
 -0.750917
 0.783802
 1.51393
 0.435285
 0.935766
 1.16209
 0.417186
 -0.808907
 0.0105186
 -1.26648
 0.127655
 -0.428052
 -2.36913
 -0.201679
 1.82209
 2.93014
 0.519031
 0.451216
 0.121482
 -3.05996
 -0.281382
 -1.58586
 -0.852256
 -3.03122
 -0.614829
 -0.313212
 0.543718
 -0.149078
 1.29262
 2.00828
 0.683133
 0.118805
 -1.45077
 1.35546
 -0.0857117
 0.531136
 -0.0107012
 0.606001
 -0.648568
 -0.0145982
 -1.95918
 -0.450804
 -2.15589
 -0.724803
 -1.5296
 -0.563419
 1.07224
 -0.416333
 3.17083
 0.598256
 1.92945
 1.08317
 0.363612
 -0.260367
 -1.25629
 -0.18856
 -1.70064
 -0.943898
 -1.18176
 -0.871698
 1.92118
 -0.190544
 2.07821
 0.168713
 2.63066
 0.0329532
 1.38096
 0.210959
 -1.22416
 -1.80039
 1.86111
 -0.336886
 1.45556
 0.618392
 1.52846
 -2.17916
 0.154603
 1.10521
 0.0887593
 0.585992
 0.376762
 2.28853
 0.286097
 1.19545
 0.40974
 -2.3416
 1.02925
 0.988908
 1.22119
 -1.69708
 0.241352
 0.0994784
 -0.48926
 -0.0754727
 -0.916399
 0.0593181
 0.775285
 -1.43465
 1.84394
 -0.871078
 2.28359
 0.525967
 1.90433
 0.37064
 -1.19691
 1.79072
 -0.0514271
 1.96582
 -0.80469
 -0.486666
 -0.977747
 0.193088
 -1.4313
 -0.237986
 -0.731718
 0.368857
 -1.34209
 2.85976
 -1.40573
 1.46399
 -0.108633
 0.800418
 -0.449279
 -0.744231
 0.51402
 0.291283
 1.7091
 -1.96453
 0.874719
 -0.821601
 0.672837
 -0.699695
 1.41584
 0.61193
 0.0524445
 -1.16037
 -0.89085
 -0.259846
 -0.809506
 -1.80088
 1.09161
 -2.98968
 -0.155623
 0.272809
 0.47814
 -1.06258
 -0.190695
 -0.876787
 1.6318
 0.0844563
 2.61415
 -1.64507
 0.478612
 -0.721268
 1.16997
 1.24545
 1.93265
 -0.901913
 -1.32929
 -0.595782
 -0.330625
 -0.784951
 1.34306
 -1.28984
 -0.077371
 -0.630693
 -0.791206
 -0.421544
 -1.09602
 0.620328
 -1.54027
 -0.580712
 -2.75404
 -1.73212
 0.183608
 -1.20543
 0.991737
 -0.528679
 1.48702
 0.0690945
 -0.167146
 1.76036
 0.796342
 -0.128927
 -0.0966443
 1.80157
 -2.29095
 0.828739
 -1.01957
 -0.274855
 2.26488
 0.688571
 2.8213
 0.170713
 1.2321
 -2.13618
 1.31912
 0.209265
 0.570407
 0.257018
 2.0362
 0.895588
 -0.215495
 -2.15193
 -1.0173
 -1.55569
 -1.55208
 -0.302826
 0.106109
 -1.64492
 -0.517224
 -1.75474
 0.728369
 0.74219
 0.362116
 0.118896
 0.235732
 0.675554
 1.34649
 1.35984
 1.88204
 1.81382
 0.844819
 3.39716
 1.49388
 3.80782
 1.89277
 3.6058
 2.0206
 3.10716
 2.89228
 1.34544
 2.50567
 -1.33517
 2.54716
 -2.29027
 2.65384
 -1.67088
 2.16062
 -1.69366
 0.183432
 -2.59914
 0.113188
 -1.0726
 1.52698
 -0.962606
 0.540114
 -1.65266
 2.23485
 -1.5349
 -0.436925
 -1.37791
 -2.74011
 -0.159418
 -1.36175
 -2.94662
 0.0550752
 0.428852
 1.75842
 0.999714
 -0.0894162
 1.63949
 -1.03724
 2.49498
 -1.19378
 0.812034
 0.580965
 0.971939
 -1.32156
 0.183977
 -0.802734
 0.865093
 -1.15517
 -0.450844
 0.797101
 -0.108984
 0.0841275
 -1.53368
 0.453633
 0.469687
 0.21704
 -0.8954
 -1.11372
 -0.619717
 0.878199
 0.633231
 1.14306
 -1.77961
 -0.464059
 -0.735806
 -0.877913
 -0.481093
 -1.17816
 -0.311497
 -0.284867
 -0.687211
 0.15944
 -1.30826
 1.59592
 0.520346
 2.13101
 1.74458
 3.49155
 2.07869
 1.04083
 0.258338
 0.331267
 1.30364
 2.38171
 1.72018
 2.03771
 1.63861
 1.70591
 -0.473205
 0.56079
 -1.47026
 1.38687
 0.161564
 0.550261
 -2.53465
 -0.0452637
 -2.96139
 -0.00821821
 -1.75005
 -0.396193
 0.725488
 0.798951
 2.80574
 -3.63725
 -0.472282
 -4.11795
 0.958528
 -4.30482
 1.50989
 -3.56985
 0.996434
 -3.55194
 -0.12939
 -1.57148
 0.393547
 -3.06006
 -0.437607
 0.196077
 -1.98573
 -0.383559
 0.558672
 -0.33952
 -0.943381
 0.744075
 -1.42154
 -0.894497
 -1.19086
 -0.0615217
 -0.332737
 -0.513187
 1.31667
 -1.52621
 -0.33977
 -1.69695
 -1.02649
 -1.32867
 0.371712
 0.478579
 -1.03047
 1.3587
 -1.43489
 0.318063
 -0.387725
 0.438509
 0.971259
 1.66684
 -0.180513
 -2.6431
 -1.51937
 -3.46056
 -1.88117
 -0.713928
 -0.566347
 -2.68862
 -1.30748
 -1.19347
 0.0869717
 -2.19712
 1.22852
 -0.249315
 -0.165126
 -2.83596
 -0.980246
 -1.48233
