 0
 0
 0
 0
 0
 0
 0
 0
 0
 0
 0
 0
 0
 0
 0
 0
 0
 0
 0
 1.36365
 0
 0
 0
 0
 0
 0
 0
 0
 0
 1.17909
 6.08497
 3.66772
 4.99542
 1.17923
 3.33732
 0.0461968
 0
 0
 0
 0
 0
 0
 0
 0
 0
 1.75981
 1.69382
 0
 0
 0
 0
 1.26362
 3.20957
 0.137171
 0
 0
 7.11329
 0.505921
 0
 0
 0
 0
 0
 0
 0
 2.02826
 0
 3.32138
 2.3304
 0
 0
 0.99266
 1.91757
 0
 0
 2.33685
 0
 0
 0.404905
 0
 1.5965
 0.899145
 1.53152
 0
 0
 0
 0
 0
 0
 0
 0
 0
 0
 0
 0
 0
 0
 0
 0
 0.014902
 0
 0
 0
 0
 0
 0
 0
 0
 0
 0
 0
 0
 0.726518
 3.03846
 0.0701455
 0
 0
 0
 0
 2.99765
 2.42945
 0
 0
 0
 0
 0
 0
 0
 0
 0
 2.15954
 0
 0
 2.32641
 2.27121
 4.9059
 0
 7.32799
 16.905
 7.77882
 8.30246
 2.80189
 3.43415
 0
 10.3536
 0
 0.433
 0
 0
 0
 0
 3.65099
 1.1536
 0.545225
 1.85554
 0
 0
 0
 0
 0
 0.730322
 3.51299
 9.75858
 13.1064
 2.44265
 0.182198
 0
 0
 0
 0
 0
 0
 7.74293
 0
 2.20277
 0.114732
 0
 0
 0
 0
 0
 0
 0
 0
 0
 0
 0
 0
 0
 0
 0
 0
 0
 0
 0
 0
 0
 0
 0.699717
 0
 0
 0
 2.12104
 7.64892
 3.82823
 7.05569
 4.80168
 4.43548
 4.63118
 0
 0
 0
 0
 1.7799
 1.71494
 0
 0
 0
 0
 0
 0
 0
 0
 0
 0
 8.886
 0
 0
 0
 0
 0
 0
 0
 0
 0
 6.45813
 0
 0
 0
 0
 0.137454
 0
 0
 0
 0
 3.37421
 0
 0
 0
 0
 0
 0
 0
 0
 4.70324
 8.80167
 8.49218
 5.37971
 0
 0
 0
 0
 0
 0
 0
 0
 4.8044
 0
 0
 0.861282
 0
 0
 0
 0.967039
 0.34163
 0
 0
 0
 0
 0
 0
 0
 0
 0
 0
 0
 0
 0
 0
 0
 0
 0
 0
 0
 0
 0
 1.29713
 14.2571
 25.3193
 25.8307
 16.3927
 1.81456
 1.79371
 0
 0
 0
 0
 0
 0
 0
 0
 3.07643
 9.61875
 7.00856
 6.7693
 3.83485
 1.70076
 7.54066
 4.69819
 0
 0
 0
 0
 0
 0
 0.284938
 0
 0.571337
 5.02454
 7.17181
 2.97349
 0.569123
 0
 0
 0
 2.8081
 6.64357
 15.3937
 20.8804
 17.0109
 0.663482
 0
 0
 0
 0
 0
 0
 0
 0
 0
 0
 0
 0
 0.0189136
 1.2378
 0
 0
 0
 0.825168
 0.98614
 1.79401
 5.65756
 0
 0
 0
 0
 0
 0
 0
 0
 0
 0
 0
 0
 0
 0
 0
 0
 0
 0
 0
 0
 4.23009
 0.349104
 2.60664
 9.60365
 0
 0
 0
 4.09582
 3.8743
 1.71977
 2.58542
 0.910495
 0
 0.259279
 4.28869
 6.12673
 7.29067
 6.40041
 0
 0
 0
 0
 0
 0
 0
 0
 0
 0
 0
 0
 0
 0
 0
 2.82203
 14.5392
 0.891353
 0
 0
 0
 0
 0
 0
 0
 0
 0
 0
 0
 0
 0
 0
 4.20594
 0
 0
 0
 0
 0
 0
 0
 0
 0
 0
 12.2444
 14.9638
 6.10164
 21.2732
 12.6507
 9.37668
 8.77411
 7.76397
 1.46632
 4.77928
 11.1102
 3.44247
 16.5735
 9.71337
 10.3454
 3.41516
 0
 0
 0
 0
 0
 6.17121
 16.0234
 9.58949
 19.2884
 10.1984
 0.592437
 2.4376
 17.021
 8.51924
 11.2131
 7.82895
 12.2441
 10.5815
 16.5891
 8.35106
 5.75545
 5.43652
 0.409027
 0.755074
 0
 0
 0
 0
 0.546043
 4.5636
 0
 0
 0
 0
 0
 0
 0
 0.373514
 0
 0
 0
 0
 0
 0
 0
 1.34186
 0
 1.07431
 12.2606
 5.30386
 11.2372
 0
 0
 0
 0
 0
 2.85219
 7.9745
 22.9803
 0
 0
 0
 10.9766
 0
 18.799
 0.71099
 6.09616
 0.814855
 0
 0
 0
 0.191173
 0
 4.06044
 0
 0
 0
 4.38944
 0
 0
 7.36239
 0
 0.283862
 1.71571
 5.23608
 0
 0
 0
 0
 0
 0.894876
 0
 2.59883
 5.34931
 0
 2.30191
 0
 0
 0
 0
 0
 0
 0
 16.9725
 14.232
 34.7687
 0.82429
 17.7752
 0.195897
 0
 3.52893
 0
 10.6107
 9.13688
 0
 21.5893
 0
 7.71536
 16.0029
 0
 0.182511
 0
 0
 7.13355
 0
 0.0468616
 0
 33.5861
 0
 18.3863
 0
 8.44124
 0
 0
 2.70476
 4.99705
 17.1714
 0
 5.00655
 0
 5.10034
 1.5884
 0
 9.44208
 0
 0
 0
 1.70746
 0
 0
 0
 6.12998
 1.09225
 9.81385
 6.12091
 20.6165
 0
 0
 0
 0
 0
 0
 0
 0
 2.17829
 5.21573
 24.655
 0
 25.8843
 8.39046
 6.49277
 0
 0
 1.73685
 0
 3.36812
 1.18699
 5.66309
 0
 0.20632
 0.0346172
 1.83189
 0
 3.76306
 0
 0
 3.36546
 0
 0
 9.31449
 0
 12.0219
 0
 0
 2.24273
 0
 0
 0
 0
 0
 0
 17.993
 1.55765
 0
 3.00426
 0.273515
 9.855
 0
 29.6241
 0
 10.594
 0
 14.1666
 0
 0
 0
 0
 0
 29.9872
 0
 23.7429
 0
 9.0652
 0
 14.321
 0
 11.5825
 0
 29.7924
 0
 29.1193
 0
 18.0775
 0
 34.5672
 0
 7.69913
 12.8215
 0
 0
 0
 0.18063
 0
 0
 2.14542
 8.79708
 0
 1.45062
 0
 0
 0
 0
 0
 5.41463
 0
 0
 0
 0
 1.85242
 9.00029
 0.420822
 5.62978
 4.16309
 13.0875
 0
 0.672338
 8.13677
 17.8175
 0
 0.797375
 0
 0
 0
 0
 0
 0
 0
 3.0321
 1.62824
 1.5884
 0
 0
 0
 0
 0
 0
 0
 0
 0
 0
 6.06443
 0
 4.75776
 0
 0
 0
 0
 3.72964
 0
 0
 0.261183
 1.72484
 1.55153
 0
 0
 2.03317
 0
 0
 0
 39.1934
 0
 15.6819
 0
 3.86184
 0.805732
 0
 0
 0
 0
 0
 0
 0
 0
 0
 0
 0
 0.229817
 0
 0
 0
 1.45627
 0
 14.8244
 0
 8.60787
 0
 0
 0
 1.59121
 0
 0
 1.22086
 0
 0
 0.444771
 7.051
 0
 9.80246
 0.360484
 10.9048
 1.4284
 0
 0
 10.4826
 0
 0
 2.60328
 0
 0
 4.50858
 0
 0
 0
 0
 0
 0
 0
 0.187862
 0.12697
 2.3463
 1.42411
 0
 0
 0
 0
 0
 1.83399
 0
 0
 0.939565
 0.0561636
 4.75706
 1.18608
 4.51806
 0
 0
 0.93411
 6.55519
 2.55684
 5.30621
 0
 0
 0.482597
 0
 0
 4.2599
 2.84677
 1.10164
 0
 0
 27.3414
 4.55446
 5.96825
 8.67044
 0
 0
 0
 0
 18.3121
 0.997594
 1.62008
 16.236
 5.48437
 3.34034
 4.86065
 16.277
 0
 44.0978
 19.2383
 30.7455
 0
 2.31948
 0
 0
 2.50786
 3.85596
 0
 14.5394
 9.10252
 20.2642
 0.163583
 0
 0
 0.560885
 2.78419
 1.03675
 0
 0
 0.598437
 2.39661
 1.21727
 0
 0
 0.585418
 0
 12.1416
 4.66031
 21.7922
 8.7677
 9.25117
 0
 0
 0
 0
 14.2304
 3.56579
 0
 0
 2.74112
 0
 0
 1.48035
 0
 28.3264
 0
 7.4496
 5.09574
 7.94419
 10.2592
 0
 0
 0
 0
 0
 0
 17.9131
 0
 2.46549
 12.8865
 3.52123
 9.43815
 41.0424
 0
 1.72557
 0
 4.43723
 0
 1.83263
 14.5076
 0
 0
 0
 0
 1.2087
 0
 3.01901
 12.4603
 15.7203
 0.693284
 13.1203
 0
 16.1217
 0
 3.7308
 0
 0
 6.44468
 0
 0
 4.09749
 0
 0
 0
 0
 0
 1.41955
 0
 0
 0
 7.01861
 0
 0
 0
 0
 0
 0
 0
 1.41914
 0
 0
 2.36828
 0.384081
 0
 0
 0
 9.81964
 1.68176
 8.92126
 0
 21.1364
 0
 21.3461
 0
 23.1865
 0
 0
 1.17933
 1.3322
 0
 0
 0
 13.9804
 0
 0.0695219
 0
 0
 0.958402
 0
 8.17462
 0
 0
 7.41638
 0
 1.52571
 0
 0
 1.57597
 0
 0
 19.4538
 0.976708
 0
 10.6248
 0
 4.95371
 0
 0
 0
 0
 33.6804
 0
 15.9662
 47.5588
 0
 13.9997
 0.614972
 31.0812
 0
 20.247
 0
 0
 0
 0
 0
 0
 0
 0
 0
 0
 13.5075
 5.18029
 0
 0
 0
 0
 0.0271962
 15.8372
 0
 15.8836
 4.53706
 0.30412
 0
 0
 0
 0
 0
 0
 2.45187
 0.542992
 0
 0.230063
 0
 0
 1.90133
 0.166493
 0
 4.97468
 0
 14.7554
 0
 1.12971
 0.96076
 0
 4.03738
 0
 5.1676
 3.44277
 0.0680557
 0
 0
 3.19295
 4.62065
 0.254894
 4.87055
 0
 0
 0
 0.626732
 0
 3.10991
 2.2747
 0
 0
 0
 2.16218
 3.42231
 0
 0
 0
 0
 0
 11.0619
 0
 0
 3.2026
 0.593448
 0
 13.9815
 0
 37.7135
 1.18826
 5.67331
 26.4481
 0
 0
 0
 0
 0.112697
 3.03482
 18.8393
 0
 18.0235
 0
 0
 0
 0.299257
 0
 7.42276
 0
 8.93602
 0
 0
 3.91985
 1.12113
 4.04371
 0
 0
 0
 0
 23.477
 0
 0
 0
 0
 0
 0
 0
 4.48296
 0
 2.70802
 0
 0
 2.0687
 8.81926
 0
 0
 0
 1.46033
 41.0779
 0
 36.8532
 0
 22.019
 0
 5.40354
 0
 12.7797
 5.71521
 10.7567
 0
 0
 1.08792
 4.11575
 0
 0
 0
 0
 0
 0.0507278
 23.9154
 0
 65.7952
 0
 10.7368
 0
 0
 0
 0
 0.447522
 0
 9.33748
 0
 2.78366
 3.2659
 0
 6.59368
 0
 2.3097
 11.1939
 2.27367
 6.11914
 2.91686
 16.6341
 5.32412
 0
 0
 0
 0
 0.96428
 0.0162922
 12.6008
 0
 13.9206
 6.05122
 34.352
 7.63844
 3.04114
 2.31184
 0
 13.2142
 0
 0
 1.36447
 2.399
 0.630589
 8.31802
 0
 3.01195
 0.593483
 11.6234
 0
 3.199
 1.83535
 38.55
 4.41521
 20.4297
 0
 3.30174
 0
 10.0975
 6.46558
 10.086
 0.244679
 0
 0
 0
 5.62012
 0.830512
 0.779857
 0
 0
 0.328654
 0
 0.494827
 1.09959
 0.165166
 3.59197
 0
 0
 7.41467
 0
 5.65634
 0
 0
 12.9981
 12.5793
 4.06046
 0
 9.40047
 0.928204
 14.8471
 0
 1.85885
 0
 4.13083
 0
 0
 0
 0
 3.63819
 1.34839
 0
 0
 0
 0
 12.6442
 0
 14.3066
 0
 3.31275
 0
 18.9551
 3.13546
 12.0975
 0
 2.53106
 4.69161
 1.15652
 7.08156
 0
 0
 0
 5.91762
 3.27034
 0
 0.199498
 0
 5.67849
 0.0800242
 1.22139
 0
 3.49927
 34.378
 0
 33.8087
 0
 10.2395
 0
 0
 7.84225
 0
 0
 2.71226
 0
 0.50784
 7.99808
 1.96499
 0.129255
 0
 0
 1.77861
 0
 5.26231
 0
 0
 7.57009
 2.47665
 49.6734
 3.58819
 3.41313
 0
 9.65359
 0
 0
 0
 0
 0
 0
 0
 0
 2.02492
 0
 8.16788
 0.0271286
 0.769975
 0
 1.55082
 2.53058
 18.4093
 0
 16.2592
 5.20126
 4.24403
 12.1096
 0
 17.1532
 4.83233
 6.72437
 4.12699
 10.4742
 0
 0.202428
 0
 1.70304
 0
 3.98375
 0.453358
 19.8458
 4.18863
 10.8841
 0
 0
 0
 0
 0
 0
 0
 0
 8.64621
 0.296245
 3.19613
 3.33612
 3.90759
 0
 0
 0
 0
 15.1568
 0
 9.39847
 0
 29.426
 0
 2.54551
 0
 21.0782
 0
 4.80388
 0
 7.76488
 0
 0
 0
 0
 0
 0
 0
 0
 0
 0
 0
 0
 0
 0
 0
 1.68699
 0
 0
 0
 0
 0
 0
 0
 1.24157
 3.26415
 0
 27.9613
 0
 9.93673
 0
 13.3293
 0
 17.1621
 0
 0
 0
 0
 2.53688
 0
 0
 0
 7.3327
 0
 0
 8.83107
 2.5416
 7.73296
 0
 32.5138
 3.2873
 10.3915
 0
 0
 10.7516
 0.538253
 12.9644
 8.90221
 6.84806
 5.60794
 6.30634
 0
 0.173827
 8.16291
 10.044
 0.16612
 9.01531
 0
 1.96455
 1.51856
 0
 0.969741
 0
 0
 0
 0
 0
 0
 0
 2.13665
 2.93029
 0
 0
 10.5754
 6.48627
 4.3342
 0
 0
 0
 0
 0
 11.8015
 0
 1.43267
 20.2407
 6.6785
 3.04035
 32.9866
 0.842973
 13.2759
 14.4743
 6.13005
 10.9665
 2.70333
 6.97369
 0
 0
 0
 0
 0.201379
 0
 0
 19.6788
 2.29936
 6.60137
 1.2043
 0
 0
 0
 0
 0.347686
 0
 3.66289
 0
 6.25826
 5.29244
 0
 8.14304
 0
 13.9693
 0
 0
 5.14599
 0
 0
 0
 1.75414
 0
 1.37157
 8.08538
 0
 0.25884
 0
 0
 0
 0
 0
 0
 0
 0.270397
 3.18035
 11.5331
 5.75413
 0
 4.29678
 1.74156
 0
 0
 0
 0
 0
 0
 8.22709
 6.60586
 0
 0
 0
 0
 0.494306
 2.50867
 0
 3.31726
 0.380344
 0
 0
 0
 0
 0
 0
 0
 0.798
 5.44941
 0
 0
 0
 5.45257
 16.9658
 0
 0
 0
 12.088
 0.755361
 16.4047
 0
 2.03181
 0
 0
 0
 0
 2.66272
 6.76699
 0
 7.91768
 0
 0
 0.858308
 6.04373
 0
 0
 0
 9.63997
 0
 1.11874
 0.24939
 0
 0.931853
 3.75839
 0
 0
 2.86662
 0
 0
 0
 9.29628
 0
 12.8861
 0
 0
 0
 0
 0.488431
 0
 0
 0
 0
 0
 0
 0
 6.86892
 0
 4.18746
 0
 0
 0
 0
 1.92981
 0
 0
 5.68294
 0
 14.0393
 0
 0
 0
 0
 5.34829
 0
 8.70649
 0
 0
 0
 0.976845
 0.247428
 0
 0
 0
 0
 0
 0.519
 0
 0
 3.19057
 3.81075
 0
 0
 11.4449
 0
 0
 0.95925
 8.8349
 0
 0
 0
 0
 0
 0
 0
 1.67586
 4.14533
 0.682326
 1.00349
 0
 0
 0
 0
 0
 0
 1.08833
 1.46154
 3.63065
 0
 2.09906
 0
 0.458033
 0
 0
 1.50072
 0
 10.2086
 4.738
 2.37008
 0
 0.869609
 4.30369
 4.26932
 9.47741
 3.93361
 11.5547
 0
 0
 0
 0
 0
 0
 0
 8.5511
 0
 42.0652
 0
 8.25077
 0
 16.7692
 0
 13.6622
 0
 0
 0
 4.19039
 0
 5.00766
 0
 0.450436
 0
 2.87022
 0.851482
 0
 8.06168
 0
 0.547847
 0
 15.0187
 2.09123
 6.18717
 1.35856
 11.3073
 0
 0
 0
 1.18428
 0
 0
 0
 14.4686
 0
 0
 0
 0
 2.3825
 2.15016
 0.844713
 3.771
 0
 0
 0
 0
 0
 0
 0
 0
 0
 0
 0.179002
 12.4275
 0
 0
 1.36874
 0
 13.0649
 2.30964
 7.00864
 7.56996
 0
 7.41155
 5.36107
 5.87641
 10.0025
 2.51606
 2.59196
 0.50904
 35.6988
 2.15498
 0
 0
 2.27973
 10.0454
 0
 11.0156
 0
 48.2879
 8.12357
 14.1386
 0
 2.77164
 0
 0
 1.46027
 0
 0
 18.6576
 13.3501
 24.8255
 0
 2.71069
 2.41075
 0.208965
 6.1003
 0
 0.0341076
 0
 0
 0
 0.168142
 0
 0
 0
 2.10044
 2.38768
 3.07031
 0.756324
 0
 9.18927
 9.87083
 0
 14.7962
 0
 0
 0
 0
 4.51956
 4.61188
 0
 2.49624
 0
 0
 0
 17.5162
 4.96832
 8.39297
 2.40184
 0
 9.58325
 0
 13.596
 5.06789
 0.384968
 0
 0
 0
 22.6286
 0
 26.6808
 0
 5.60693
 0
 11.7932
 0
 4.07772
 0
 4.81601
 0
 3.7866
 7.2569
 0
 0
 0
 0
 0
 1.36757
 0
 0
 0
 0
 1.79795
 0
 3.31238
 7.91717
 0
 0
 0
 0
 0
 5.83847
 1.8768
 3.79604
 0
 0
 3.13177
 0.040351
 0
 0
 0
 0
 5.13202
 0
 0
 0
 0
 2.85412
 3.06832
 8.96569
 0.0230904
 0
 0
 0
 8.19067
 0
 0
 0
 0
 0.306281
 0
 0.989821
 0
 0
 2.2368
 0.250514
 0.531542
 0
 12.1426
 0
 2.46645
 0
 6.80548
 0
 8.66841
 0
 2.47633
 1.69799
 0.217029
 0
 0
 0
 0
 0
 1.73415
 0.058949
 0
 11.358
 0
 8.13778
 0
 0
 0
 0
 0
 3.15613
 8.81463
 0
 0
 0
 0
 0
 13.4928
 0
 8.03197
 0
 0
 0
 0
 0
 0
 0
 0
 4.87267
 0
 0
 15.2904
 3.54909
 5.31424
 1.0162
 0.122952
 0
 0.56835
 0
 17.7576
 0
 17.4121
 9.29062
 4.08093
 0
 0
 0
 0
 7.48622
 0
 5.79367
 0
 0
 0
 0
 0
 8.02075
 2.09205
 18.0029
 0
 6.2579
 3.90466
 5.41798
 0
 53.066
 11.5741
 21.9594
 16.2628
 37.0726
 0
 0
 10.5559
 0
 0
 6.00822
 0
 0
 0
 0
 0
 0
 0
 5.93986
 0
 8.75694
 0
 0
 0
 0
 1.01839
 0.598047
 16.2057
 0
 16.5662
 0
 2.23587
 0
 0
 4.08037
 0
 3.06191
 10.4126
 3.41652
 0.143803
 1.34104
 10.5106
 0.74257
 21.9243
 0
 14.4904
 0
 0
 0.907479
 8.68344
 0
 0
 11.7778
 0
 0
 4.37024
 0
 0
 0
 0
 0
 0
 0
 0
 0
 0
 0
 0
 0
 2.02282
 6.21708
 7.62176
 0
 0
 9.24651
 0
 9.58929
 3.05518
 4.03936
 10.6271
 0
 0
 0
 0.192344
 0
 0
 0
 4.16639
 0.0470171
 27.8901
 0
 0
 0
 0
 0
 0
 0
 2.98495
 1.80236
 14.8725
 1.58312
 0
 0
 1.12277
 0
 10.6954
 0
 16.701
 0
 0
 0
 3.15737
 1.19894
 1.14546
 2.34693
 0
 0
 0
 0
 0
 0
 0
 9.20116
 0
 0.640009
 2.8042
 6.21844
 0
 0
 12.2871
 2.57409
 0
 3.30089
 0
 0
 2.06826
 3.2422
 1.02283
 0
 3.74091
 0
 6.47091
 0
 5.8797
 1.13092
 0
 0
 0
 0
 9.63141
 0.955081
 8.68959
 0
 1.24515
 20.7683
 1.97714
 5.18314
 0
 0
 0
 0.720042
 0
 0.729958
 0
 3.45281
 0
 0.743076
 0.887554
 5.87528
 8.42513
 20.3676
 12.085
 10.1482
 2.1258
 6.06571
 0
 0
 0
 0
 0
 0
 0
 0
 0
 0
 2.399
 3.99147
 4.97219
 9.93063
 0
 4.69616
 0
 10.7102
 0.718313
 0
 0
 0
 0
 0
 0
 0
 0
 0
 0
 0
 0
 1.7707
 0
 5.92498
 0
 3.2093
 0.47982
 19.6564
 0
 14.8485
 0
 3.84721
 0
 2.46594
 0.0335287
 0
 0
 0
 2.34398
 0
 0
 0
 0
 2.87497
 3.32348
 8.56798
 0.29683
 4.40457
 0
 0
 0
 0
 0
 0
 5.18509
 0
 10.5798
 2.7576
 0.0400068
 0
 2.29766
 6.85936
 5.19943
 15.0758
 1.85771
 10.1016
 0
 0
 4.83003
 0
 6.27379
 0
 19.1671
 0
 15.8069
 3.36744
 0
 1.62775
 0
 1.79525
 0.440699
 0
 0
 4.3731
 0
 4.71321
 0
 0.754961
 1.48271
 0
 5.77528
 0
 1.86737
 0
 17.2782
 28.5804
 21.277
 10.9856
 37.8061
 30.7069
 0
 10.2512
 2.02329
 24.7169
 2.45825
 1.28433
 0
 0
 0
 1.149
 11.1161
 0
 9.4915
 0
 0.274656
 0
 0
 0
 0
 0
 0
 0
 0
 0
 0.0848729
 17.9083
 4.92311
 15.0861
 0
 13.3114
 0
 10.887
 1.08386
 0
 10.2087
 0
 9.10232
 3.8347
 1.36298
 3.63974
 0
 0
 0
 5.9955
 0
 15.3778
 18.3802
 7.97044
 7.58271
 5.81615
 9.90903
 0
 0.948742
 23.4996
 0
 2.43287
 2.77205
 5.00552
 0.832702
 0
 0
 8.53781
 0.10526
 0
 8.41082
 0.901186
 41.971
 73.6685
 25.2592
 32.9896
 40.3123
 10.2881
 13.5028
 0.900278
 0
 2.97159
 6.30387
 13.5778
 4.03371
 0
 0.643198
 0
 0
 0
 0
 0
 0
 0
 0
 3.83263
 0
 0.871667
 0
 0
 0
 3.03883
 13.8877
 12.0582
 0
 8.54836
 0
 0.139843
 2.83705
 16.9802
 0
 0
 0
 0
 0
 21.5569
 7.7125
 0.416375
 0
 17.7816
 0
 8.0117
 0
 0
 0
 0
 0
 0
 6.43847
 0
 9.18891
 4.34642
 0
 3.95169
 0
 0
 0
 12.1227
 0
 0
 0
 2.52662
 1.39541
 0
 0
 0.728966
 8.02423
 7.47162
 13.1842
 0
 9.5135
 4.48703
 0
 0
 1.21668
 31.1957
 1.34026
 0
 12.1026
 10.5048
 0
 0
 0
 0
 0
 7.02714
 1.98644
 2.00793
 0
 2.20287
 21.5543
 8.95109
 3.83291
 0
 0
 0
 2.56355
 6.46891
 1.51892
 0
 0
 1.87393
 0.871996
 0
 0
 0
 12.9828
 0
 0
 1.52593
 0
 0
 0
 0
 0
 0
 0
 0
 12.2541
 0
 0
 0
 0
 10.6351
 0
 6.52655
 2.65258
 0
 0
 0
 0
 0
 11.9671
 0
 0
 0
 2.01798
 1.8124
 8.06438
 8.48062
 0
 0
 8.33025
 0
 4.47516
 1.13792
 0
 0
 1.98175
 0
 0
 0
 1.66471
 0
 0.990162
 8.0426
 0
 0
 5.93356
 1.74868
 0.696953
 1.86727
 10.7697
 0
 19.9322
 0
 1.22421
 2.42112
 0
 0
 0
 0
 0
 0
 0
 15.0863
 0
 0
 0
 2.80662
 0
 0
 2.52645
 0.0246124
 0
 0
 0
 0
 0
 2.99541
 0.20852
 0
 0
 0
 0.450745
 16.2098
 0
 0
 0
 5.85464
 2.0318
 0
 0
 0
 1.25711
 5.0848
 0
 0
 10.9531
 0
 0
 8.11847
 2.50092
 11.1903
 1.41112
 19.7939
 0
 12.7786
 0
 20.0107
 7.08752
 15.7434
 33.8622
 20.4076
 0
 17.7024
 0
 5.73085
 0
 0
 0
 0
 0
 0
 0
 0
 44.5147
 6.09101
 5.45013
 9.20671
 7.07378
 0
 0
 0
 0
 0
 3.92401
 0
 0
 0
 5.29029
 0
 0
 3.45277
 0
 0.861029
 5.08915
 0
 10.8054
 0
 32.9045
 0
 45.8745
 9.44608
 9.81258
 0
 0
 0
 2.9092
 6.9392
 0
 20.3137
 0
 3.27682
 0
 7.54192
 6.59138
 22.8477
 15.0435
 4.25349
 0
 0
 10.3929
 4.17812
 0
 1.34844
 2.80098
 0
 0
 3.09033
 3.09036
 17.7536
 0
 3.8059
 0
 4.44758
 0
 0
 0
 0
 0
 0
 0.408383
 0
 0
 0.0592089
 0
 0
 0.260661
 1.0647
 34.5229
 0
 7.93786
 4.94407
 0
 0
 0
 2.21617
 0
 0
 0
 0
 0
 6.61204
 0
 6.34999
 0
 0
 0
 1.56854
 0.0481215
 0
 0
 1.41538
 0
 0
 0
 6.46715
 0
 13.3442
 11.0757
 0
 15.1151
 0.610099
 0
 12.8658
 2.13469
 7.22654
 4.82907
 4.7268
 18.3228
 0.891605
 5.43331
 10.2527
 0
 0
 0
 11.7022
 0.281872
 0
 3.73572
 25.5933
 0
 0.800845
 4.37931
 10.0129
 0
 0
 0
 5.49213
 0
 0
 7.15721
 23.1894
 28.2481
 13.0253
 0.722614
 0
 6.36917
 4.60048
 13.8634
 1.09442
 0
 0
 19.9205
 0
 0
 0
 5.18153
 0
 8.44047
 0
 3.59256
 12.2715
 0
 0
 0
 6.36575
 0
 3.10251
 2.38493
 3.86022
 0
 0
 9.70036
 0
 0
 1.70729
 4.48546
 0
 5.67504
 5.35357
 24.7151
 0
 21.8971
 1.99937
 0.095779
 0
 0
 0
 1.92063
 1.57587
 0
 0
 0
 0
 0.847942
 0.167581
 0
 6.88134
 0
 0
 0
 0.439
 7.72184
 0
 7.15907
 8.76246
 1.44003
 8.58582
 11.6756
 9.92941
 0
 12.3328
 0
 5.18885
 0
 0
 0
 0
 2.57052
 0.505054
 0
 0
 0
 10.271
 2.30601
 0
 0
 0
 0
 0
 5.70944
 5.23215
 12.5112
 9.37732
 0.19433
 0
 0
 0
 1.6797
 0.531571
 1.04507
 0
 0
 0
 3.94574
 0
 1.45472
 0
 0
 0.729119
 0
 0
 0
 1.46913
 1.79284
 10.0207
 10.4385
 5.43354
 35.5643
 0
 7.94172
 0
 0
 0
 0
 2.70114
 19.8625
 0.303649
 22.0231
 3.67749
 1.91506
 8.35031
 0
 0.246883
 0
 6.87376
 3.26574
 7.86543
 6.37103
 1.20306
 2.87151
 5.48594
 0
 6.19789
 0
 0.633388
 0
 0.0935571
 6.08483
 1.82632
 8.29344
 17.1178
 0
 15.0293
 5.29643
 4.72699
 0
 2.53384
 0
 0.823025
 0
 0
 4.76893
 0
 22.6909
 2.78811
 0.728165
 0
 0
 11.561
 0
 0
 2.90164
 5.50691
 0
 0
 0
 2.31392
 0
 0
 0
 0
 0.339252
 0.610576
 30.3836
 7.55777
 4.0747
 0
 0
 0
 0.757285
 0
 2.86099
 3.61618
 0
 0
 0
 0
 0
 0
 0
 0
 20.4553
 10.4751
 21.4169
 2.60983
 1.35145
 0
 0
 0
 4.10103
 0
 2.25074
 0
 6.68946
 0
 0
 0
 0
 0
 0
 0
 1.20076
 8.69762
 0
 4.99967
 5.38721
 0
 0
 0
 0.668666
 3.50469
 0
 0
 0
 15.3835
 0
 10.4285
 0
 0
 0
 0
 0
 0
 0
 0.835857
 0
 0
 0
 2.69134
 5.10693
 0
 0.415468
 0
 0
 0
 4.8175
 3.96534
 7.37042
 0
 6.84303
 0
 4.27818
 0
 7.09827
 0
 0
 0
 0
 0
 0
 1.1629
 0
 0
 0
 0.732325
 9.21759
 7.31818
 6.18292
 7.70898
 3.013
 3.84292
 0
 5.2319
 0
 0
 0
 0
 0
 1.11194
 0
 0
 0
 4.60746
 0
 0
 0
 0
 0
 4.65217
 0
 3.59347
 0
 3.52684
 0
 0
 14.4706
 0.151436
 6.99987
 0
 0
 2.21924
 4.05762
 0
 1.23538
 9.09908
 5.36528
 0.433296
 0
 12.7681
 1.0247
 9.00104
 5.14789
 0
 0
 0
 0
 0
 0.192124
 5.58012
 0
 0
 2.3892
 1.55978
 14.6683
 0
 0
 0
 0
 0
 8.73085
 3.0978
 30.7374
 30.8728
 4.42858
 2.04613
 0
 0
 0
 0
 0
 0
 7.06862
 0
 0
 0
 0
 0
 0
 2.21445
 0
 9.39999
 6.07636
 0
 0
 0
 1.20578
 0.71976
 0
 0
 0
 0
 0
 0
 0
 0
 0
 9.69614
 0.700522
 24.2124
 0
 3.5985
 8.48925
 0
 2.81558
 0
 2.64753
 1.41499
 5.57305
 0
 0
 3.78528
 0
 11.6451
 10.9792
 52.158
 38.4972
 0
 0
 0
 0
 0
 0
 0
 3.67264
 0
 4.02019
 16.389
 4.04858
 0.833269
 0
 0
 6.54498
 12.7867
 0
 10.0846
 6.97008
 0.614827
 0
 0
 0
 0
 0
 0
 0
 0
 15.5266
 0
 0
 4.41413
 0
 4.94742
 0
 14.864
 0
 31.8146
 0
 0
 0
 0
 0.527058
 0
 0
 1.42137
 3.63045
 0
 0
 0
 3.90545
 0
 0
 27.818
 0
 2.95504
 0.380379
 0
 0
 0
 0.0680972
 3.26436
 0
 0
 0
 0.736129
 1.01557
 1.03724
 16.9249
 1.81259
 0
 8.31641
 7.32744
 0
 0
 4.37788
 3.05605
 0.196022
 1.80773
 0
 0
 0
 0
 0
 5.37841
 2.14677
 1.91433
 0.695674
 4.30222
 0
 0
 26.4344
 10.6682
 31.9608
 13.248
 0
 30.3668
 0
 15.6725
 0.30863
 7.89844
 0
 4.45674
 3.52378
 0
 0
 0.505965
 25.138
 0
 28.2159
 2.38037
 27.2524
 0.171453
 3.84701
 4.81755
 12.4886
 0.397835
 0
 0
 0
 4.19549
 0
 0
 1.63018
 33.1969
 5.38432
 2.7048
 4.40742
 0
 0
 5.16409
 12.7791
 2.9471
 13.8242
 0
 3.25465
 1.09192
 0
 6.76103
 0.628009
 5.33493
 1.02993
 7.57914
 2.73075
 50.2373
 3.73023
 19.5886
 0
 0
 7.35586
 0
 3.489
 2.09619
 2.72827
 4.7525
 0
 0
 0
 0
 0
 11.232
 0
 0
 1.32413
 0
 0
 31.256
 0
 2.75853
 3.3314
 0
 7.96661
 0
 0
 4.04868
 0
 0
 1.17084
 0.832139
 7.88874
 0
 0
 0
 1.46339
 1.4346
 0
 21.1115
 0
 6.18763
 0
 10.7522
 5.35389
 0
 0
 0
 0
 6.829
 0
 19.4359
 0
 0
 0.170272
 10.8627
 0
 0
 4.54214
 0
 0
 0.871953
 4.81735
 6.83428
 0
 1.15236
 0
 0
 4.24581
 3.64269
 1.77798
 5.38407
 0
 0
 6.16869
 0
 2.99064
 7.11132
 6.69989
 0
 0
 0
 0
 3.91364
 0
 0.860062
 0
 2.15109
 12.2856
 0
 0
 0
 0
 5.76443
 14.6037
 0
 3.48354
 6.7114
 0
 0
 0.537059
 3.90751
 0
 9.39061
 0
 2.94749
 0
 0
 0
 0
 0
 0
 4.7601
 0
 0
 0
 0
 0
 0
 0
 5.37861
 5.54662
 7.27377
 0
 4.19859
 0
 0
 0
 0
 0
 1.2162
 0
 0
 0
 0
 5.26543
 0
 0
 7.14941
 19.4399
 2.88679
 6.55775
 0
 0
 0
 3.96372
 0
 0
 0.713946
 0
 0
 0
 1.75048
 0.606763
 0
 0
 0
 0
 2.20557
 4.97854
 0
 0
 0
 0
 3.68409
 0
 24.9236
 0
 0
 0
 0
 0
 0
 0
 0
 0
 0
 0
 0
 0
 2.57382
 0.332568
 2.0388
 2.94608
 1.66555
 3.8784
 0
 1.39008
 0.97333
 2.83511
 0.438866
 1.31085
 6.83653
 0
 0
 0
 0
 0
 0
 0
 0.291419
 0
 0
 0
 0
 3.39632
 0
 7.88919
 2.49344
 0.541188
 6.77417
 0
 0.826161
 20.4254
 0
 3.98249
 0
 0
 0
 0
 0
 0
 0
 0
 9.18575
 0
 1.87004
 4.09533
 2.19075
 0.891425
 0
 0
 11.8306
 0
 0
 0
 16.7203
 0
 6.71462
 1.55078
 15.1749
 37.1819
 0.914142
 18.2824
 8.46823
 14.3751
 0.571151
 0.349229
 0
 0
 9.11241
 0
 1.23019
 0
 2.06707
 0
 0.32304
 1.42664
 13.6963
 0
 0
 5.61646
 0
 1.57789
 9.68758
 0
 27.2835
 0
 41.5318
 22.1873
 19.8145
 0
 4.54584
 0
 5.1441
 3.95885
 0
 0
 0
 4.17907
 0
 0
 0
 9.3349
 0
 6.41016
 0
 14.1622
 0
 4.98974
 0
 2.68406
 0
 0
 6.7325
 2.90995
 4.42276
 16.6344
 0
 4.69884
 0
 15.3762
 0
 3.17012
 1.36224
 1.87355
 0
 0
 0
 0
 0
 0
 3.77321
 0
 6.88269
 7.65359
 0
 0.965954
 0
 0
 0
 0
 0
 0
 11.1629
 0
 0
 0
 5.8958
 0
 11.406
 0
 24.3263
 0
 29.6862
 0
 5.38233
 0
 0
 0
 0.75632
 0
 0.0163212
 0
 0
 0
 3.67821
 0
 0
 0
 0.950837
 0
 6.77524
 0
 0
 0
 0
 5.06627
 0
 0
 0
 0
 0
 0.234009
 3.45402
 11.9164
 0
 32.413
 3.07052
 4.69856
 0.570612
 15.2473
 14.018
 0
 0
 0
 0
 10.4195
 0
 0
 0
 7.57273
 14.2947
 2.44728
 15.1987
 0.226981
 0
 0
 1.63733
 0.102934
 5.07503
 2.07244
 1.57255
 31.0379
 0
 0
 7.4998
 2.36134
 10.1269
 0
 5.06724
 0
 0
 0
 9.73061
 10.6556
 24.0084
 2.80184
 8.0082
 0
 3.45157
 0
 0
 0
 2.18781
 0
 0
 0
 0.214068
 0.878771
 0
 0
 3.98708
 1.39322
 0
 5.37376
 7.61703
 0
 0
 0
 0.0648575
 0
 0
 0
 0
 0
 0
 0
 4.18661
 0
 0
 0
 7.66235
 4.00624
 4.74679
 8.44043
 0
 6.40968
 8.02641
 2.57033
 0.359697
 5.52355
 0
 1.33353
 6.40036
 7.67378
 21.7769
 10.7614
 19.4366
 0
 31.3272
 0
 13.0348
 1.04636
 0
 0
 18.5951
 0
 7.92106
 5.57509
 0
 0
 0
 4.14226
 0
 0
 8.30113
 0.976479
 10.5766
 1.4935
 0.0217621
 11.2213
 0
 0
 0
 0
 0
 0
 0
 5.67684
 13.7951
 0
 20.9577
 0
 0
 0
 1.65767
 3.49489
 3.55065
 0
 0
 3.47515
 0
 0
 0
 0
 1.82415
 0
 2.071
 4.598
 14.776
 2.32948
 1.35868
 0
 0
 0
 3.68645
 0
 9.73824
 1.55104
 11.7206
 0
 0
 0
 10.7801
 0
 1.48455
 10.402
 0
 0
 1.55869
 3.6897
 19.6376
 35.8015
 15.0504
 2.65657
 40.7123
 0
 16.705
 0
 2.816
 1.17401
 0
 0
 0
 0
 1.55441
 0
 0
 3.61406
 0
 0.166139
 1.43338
 1.52694
 5.38864
 7.21594
 0
 0
 0
 0
 0
 0
 0
 2.07386
 3.59363
 4.98059
 0
 0
 0
 3.73715
 0
 1.89939
 6.40957
 0
 0.579259
 10.7292
 0.122951
 39.0323
 1.25105
 0
 0
 0
 39.9451
 0
 18.9852
 0
 2.96047
 0
 0
 4.14835
 0
 5.54889
 37.3231
 0
 3.05252
 21.7914
 9.33617
 5.02302
 0
 14.6669
 12.1093
 0
 0.989331
 1.88044
 0
 0
 0
 0
 6.85603
 1.99906
 0.2062
 0
 0
 0.719851
 0
 0.462012
 0
 0
 0
 0
 0.181721
 0
 0
 3.51182
 0
 1.57578
 0
 2.09525
 0
 0
 0.606081
 0
 0
 0
 0
 0.368234
 0
 0
 0
 0
 7.64473
 0
 0
 0
 0
 4.08819
 0
 1.80492
 4.76836
 0
 0
 0.140085
 1.83065
 0
 3.3079
 0.377654
 6.86157
 2.4475
 6.05317
 20.7849
 0
 11.0106
 4.06918
 4.19558
 1.59789
 2.68508
 2.05981
 0
 8.35424
 0
 0
 1.25685
 0
 0
 0
 0
 0
 6.72183
 0.295743
 0
 0
 0
 0
 1.09316
 0
 9.73061
 0
 20.3581
 0
 11.2746
 0
 0
 0
 0.865253
 3.87872
 0
 0
 0
 0
 20.1391
 11.9128
 0.256417
 0.760827
 0
 1.63521
 0
 9.46353
 0
 0
 0
 16.4676
 0
 6.17303
 0
 13.7827
 0
 0
 0
 0
 0
 5.51262
 0
 0
 0.172681
 0
 0
 6.59128
 1.61431
 0.348374
 0
 4.27648
 0.990148
 0
 1.06482
 0
 0
 4.51869
 13.821
 0
 9.93884
 0
 0
 0
 0
 0
 0
 0
 0
 9.95901
 0
 0.724513
 0
 8.19454
 0
 10.4809
 0
 0
 0
 0
 9.59956
 4.31454
 19.1455
 0
 0
 0
 2.60057
 0
 0.524689
 0
 8.75146
 0
 4.0588
 0.702301
 0
 13.0007
 7.58927
 0
 0
 0
 0
 0
 8.16169
 0
 0.378959
 0
 5.54826
 0
 0
 0
 0
 0
 0
 7.63092
 2.78036
 2.94698
 2.36793
 14.2959
 3.52541
 8.56083
 0
 2.36889
 0.11101
 0
 0
 0
 0
 0
 0
 4.69903
 0
 10.8285
 0
 0
 0
 0
 0
 0.16985
 17.7345
 0
 7.12274
 9.49117
 5.3948
 0
 1.75811
 4.45407
 4.29547
 0
 0
 11.3249
 5.11976
 0
 0
 0
 1.05578
 0
 0
 0.136962
 0.973462
 1.1512
 0
 15.0914
 16.218
 0
 24.8779
 0
 1.65146
 0
 0
 0
 8.86052
 0
 3.41954
 0.550094
 2.23818
 0
 0
 0
 5.86037
 0
 0
 0
 0
 4.32025
 0
 0
 7.82053
 0
 0
 0
 0
 0
 0
 0
 23.8003
 0
 6.5323
 4.40158
 0
 0
 0
 2.25697
 0
 3.19583
 0.481978
 3.98846
 0
 10.6459
 11.2455
 0.762595
 0
 0
 0
 4.76208
 0
 0
 0
 0
 3.89464
 12.9782
 7.18766
 20.9786
 1.21021
 0.277902
 0
 0.284943
 0
 22.2346
 0
 0
 0
 0
 0
 2.67671
 4.30501
 11.3256
 0
 3.97562
 2.5964
 0.462488
 0
 0
 0
 3.79018
 0
 0
 0
 1.79536
 0
 0
 0
 0.384972
 0
 0.79099
 0
 0
 0
 0
 6.63352
 0
 0
 0
 8.97176
 0
 0
 0
 0
 0
 0
 8.05942
 0
 18.4061
 0
 0
 0
 0
 0
 4.61797
 2.61894
 1.35886
 7.1203
 4.28312
 0
 18.3039
 0
 0
 0.109652
 0
 0.334236
 28.8096
 0
 29.3161
 0
 9.91932
 1.14413
 20.3628
 0.107202
 15.6096
 4.64688
 10.6604
 0
 0
 6.29852
 0
 10.0069
 0.791408
 9.37368
 0
 15.5421
 0
 9.68788
 0
 0
 0
 0
 7.7074
 0
 20.6962
 0
 14.1002
 0
 3.95641
 6.76812
 0
 6.78955
 0
 0
 0.0583688
 0
 32.7441
 0
 8.58445
 0
 5.47329
 1.7076
 3.48191
 0
 0
 2.83973
 0
 2.54691
 0
 6.24858
 0
 1.93236
 5.01866
 1.29065
 0
 11.0892
 0
 1.7518
 0.413681
 2.56185
 1.13008
 0
 0
 8.86288
 9.70964
 4.63721
 5.4097
 3.23281
 7.35607
 0
 0
 0
 4.72787
 0
 12.402
 6.69285
 8.91347
 0
 0
 23.219
 0
 2.42717
 0
 3.44478
 0
 6.44634
 10.1002
 40.7773
 5.12937
 4.19364
 0
 0
 0
 3.98384
 3.86733
 1.65035
 0
 22.441
 12.4158
 0
 10.0719
 0
 0
 0
 5.33409
 2.38824
 29.3709
 0
 13.3347
 0
 6.26788
 0
 0
 0
 0
 0.82094
 2.36692
 14.2607
 3.84758
 86.5538
 1.90568
 42.7843
 1.35486
 13.8344
 0
 8.95705
 0
 19.8945
 20.0146
 5.04958
 3.67655
 0
 0
 6.60137
 0
 1.14694
 0
 1.90409
 0
 0
 0
 0.0590238
 0
 0
 0
 0
 2.76415
 0
 0
 0
 16.0306
 0
 0
 0.100519
 0
 0
 0
 2.66837
 1.94821
 6.75514
 0
 8.14651
 0
 34.3524
 2.4339
 4.49533
 0
 0
 0
 4.68654
 2.3199
 0
 0
 1.49478
 0
 14.1496
 1.35153
 0
 0
 0
 0
 0
 0
 0
 9.94659
 0
 5.96486
 0
 24.6077
 15.6596
 0
 8.75785
 1.32368
 2.60856
 0.614632
 26.0801
 0
 15.7968
 0
 0
 0
 16.2741
 8.31331
 34.477
 0.816466
 9.25953
 30.0039
 24.8958
 1.78425
 7.28282
 0.210171
 0
 26.4997
 0
 3.22791
 0.551121
 4.42839
 0
 3.74437
 8.34109
 0.272164
 3.24926
 1.70231
 7.03747
 5.63611
 0
 0
 5.0239
 0.619706
 1.83064
 3.99282
 16.8214
 1.34053
 0
 8.33728
 0
 0
 0
 0
 2.94483
 2.1059
 0
 0
 0
 0
 15.73
 0
 0
 9.02807
 0
 0
 0
 0.884237
 0
 0
 12.9779
 0
 3.99381
 0
 12.3429
 0.585939
 24.8663
 0
 5.48513
 10.9634
 14.7291
 5.72911
 9.63979
 1.75518
 0
 3.49217
 6.94867
 9.1959
 0
 0.864245
 0.574992
 0
 0
 0
 0
 0
 0
 0
 0
 0
 0
 1.42145
 5.45444
 0
 0
 8.3074
 0
 6.54318
 0
 0
 0
 0
 0
 0.682148
 4.0236
 0
 0
 0
 21.7364
 2.30386
 1.9359
 2.39989
 2.92123
 0
 0
 0.105872
 0
 0
 15.601
 7.86091
 0
 0
 6.94488
 0
 0
 2.54664
 0
 0
 0.22663
 0
 0
 0
 0.851315
 0
 0
 10.7296
 0
 5.07989
 18.0553
 0
 0
 0
 19.9715
 0
 3.09607
 1.78478
 21.3249
 0
 0
 0
 0
 1.01612
 7.85337
 0
 0
 2.08523
 3.51141
 0
 0
 0
 0
 0
 0
 6.3572
 0
 8.35187
 0
 2.66419
 0.34531
 0.0772342
 0
 21.6737
 0
 6.07231
 0
 0
 0
 0.787945
 0
 4.02564
 0
 0.340209
 0
 5.99384
 0
 7.54145
 0
 13.9516
 0
 1.59816
 0
 0.591591
 5.47777
 5.43399
 0
 2.11956
 0
 2.65558
 11.256
 0
 0
 0
 0
 0
 9.80444
 0
 0.420435
 0
 10.41
 0
 0
 0.573691
 4.56951
 0
 0
 0
 0
 0
 0
 0
 1.97061
 7.24787
 0
 9.74888
 0
 5.83505
 0
 0.428997
 5.22962
 0
 6.42144
 0
 0
 0
 0
 1.94701
 0
 0
 0
 1.33733
 18.3884
 1.7682
 3.94839
 0
 0
 0
 0
 0
 0
 4.09671
 6.40891
 0
 0
 0
 0
 1.8385
 0
 0
 0.216788
 0
 0
 0
 4.89054
 0
 18.9239
 0
 0
 0
 0
 0
 0
 3.46035
 0
 13.7383
 3.56747
 0
 0
 0.271904
 0.993054
 7.09588
 0
 1.25308
 0
 0
 0
 1.34374
 2.34219
 0
 0
 0
 0
 0
 0
 2.74489
 0.474766
 16.0635
 4.29188
 0
 0.479445
 0
 0
 2.34767
 0
 0
 4.53493
 0
 0
 0
 4.89664
 9.83176
 0
 0
 0
 9.53914
 0
 16.5127
 0
 0.639665
 8.78306
 1.18667
 0
 0
 0
 7.11547
 0
 0
 8.30985
 0
 2.86254
 5.69742
 0
 0
 3.56627
 0
 4.48625
 0
 0
 0
 0
 0
 0
 1.3665
 2.82199
 8.44907
 5.0058
 0
 25.3368
 2.39803
 35.0256
 5.7269
 28.9371
 6.95953
 20.6887
 17.512
 1.35952
 13.7293
 1.29165
 14.1779
 9.82418
 14.2534
 3.77836
 8.40216
 3.96726
 0
 13.5455
 0
 0
 2.64442
 1.82662
 0
 3.62916
 9.20618
 2.70422
 0.0735437
 1.65096
 17.0511
 0
 1.4683
 19.7623
 0
 0
 4.51812
 0
 0
 3.52234
 0
 12.238
 0.410544
 0
 0
 0
 1.20255
 0
 0
 0
 0.187078
 0
 0
 0
 0
 2.69497
 0.100954
 0
 0
 0
 0
 0
 0
 0
 0.118509
 4.82138
 0
 0
 0
 0
 0.319264
 0
 0
 0
 0
 1.11641
 4.29135
 0
 8.08901
 4.39863
 26.9391
 7.54635
 0
 0
 0
 1.08664
 11.9634
 4.19033
 7.13068
 3.5152
 4.06989
 0
 0
 2.22557
 3.86401
 0
 0
 12.7296
 0
 18.509
 0
 4.44574
 0
 0
 0
 16.297
 29.4985
 0
 38.6845
 0
 42.5631
 2.51655
 30.818
 0
 27.9872
 0
 2.98425
 0.264801
 20.2378
 0
 0
 6.6153
 0
 0
 0
 0
 0
 1.87841
 0.748931
 1.14235
 0
 0
 0
 1.17075
 3.80939
 0
 3.99469
 0
 1.24902
 0
 0
 0
 1.44785
 3.42017
 0
 0
 0
 0
 3.74516
 0
 14.1133
 2.58735
 28.9955
 5.61904
 0
 0
 14.7113
 1.11134
 1.52008
 0
 8.79416
 0.617917
 0
 0
 16.7171
 0
 2.31334
