 0.631574
 0.586372
 -0.0650571
 0.214172
 -0.102421
 -0.291043
 -0.120424
 -0.801657
 -0.0992651
 -0.729687
 0.0464527
 -0.721537
 -0.456285
 -0.378734
 0.297395
 0.222981
 -0.51763
 -0.657424
 -1.37928
 0.00659422
 -0.637431
 -0.31514
 -0.438936
 0.174289
 -0.164719
 0.147445
 0.348044
 -0.691779
 -1.45182
 -1.96044
 -1.75659
 -1.85021
 -1.3436
 -1.41398
 -1.37577
 -0.820406
 -0.0165191
 -0.186015
 -0.101091
 0.213707
 -0.339039
 -0.0831625
 -0.584271
 -0.199339
 -1.3391
 -1.06789
 -0.0997357
 0.712157
 0.233622
 0.500568
 1.181
 1.60153
 0.0771112
 0.122888
 -0.95029
 -1.86029
 -1.12504
 -0.629457
 -0.384863
 -0.0823998
 0.17816
 0.905569
 0.108133
 1.0108
 1.30367
 0.476368
 1.6595
 1.32873
 0.196105
 0.554119
 1.18168
 1.24582
 0.577905
 0.235355
 1.4011
 0.384679
 0.557738
 1.20204
 -0.126672
 -1.43889
 -1.17675
 -1.14516
 -0.449111
 -0.445454
 -0.308634
 0.150136
 0.482376
 0.573542
 -0.0252798
 -1.14281
 -1.09047
 -0.953757
 -0.784118
 -0.015656
 -0.456309
 0.36135
 0.620321
 0.864384
 0.937155
 0.923893
 0.854659
 0.35986
 0.8129
 0.0774174
 0.284814
 0.0502372
 1.05914
 0.609965
 0.5447
 0.0522115
 -0.531112
 -1.3134
 -1.44149
 -0.349454
 -0.36368
 0.0148068
 0.670928
 0.701441
 1.45065
 0.956108
 0.479597
 -0.492092
 -0.590351
 -1.08452
 -0.0868835
 0.174454
 -0.314977
 -0.108852
 -0.358746
 -1.45575
 -0.417244
 0.799364
 1.44972
 1.27239
 1.61156
 0.740159
 2.14534
 2.70323
 2.31404
 2.0464
 1.6398
 1.24052
 1.06205
 1.99913
 0.304875
 1.33399
 -0.177054
 0.558754
 -0.301529
 -0.827552
 -1.63422
 -1.29548
 -1.03975
 -1.19186
 -0.271554
 0.395154
 -0.164223
 0.317748
 0.898075
 1.28266
 1.62299
 2.41705
 2.48456
 1.50911
 0.61287
 -0.42355
 -0.141617
 -0.095558
 -1.00507
 -1.06062
 -0.990586
 -2.01046
 -0.364993
 -1.43187
 0.38155
 -0.0186303
 -0.528732
 -0.648021
 -0.555679
 -0.423791
 -0.184688
 -0.344707
 -0.648472
 -0.47342
 -0.508749
 -0.10788
 -0.254562
 1.14784
 -0.0807812
 -0.0301849
 -0.853097
 -0.60037
 0.176899
 0.63303
 -0.312109
 -0.974981
 -1.26359
 -1.313
 -0.729177
 -0.293796
 -0.973161
 -1.5248
 -1.71046
 -1.55471
 -2.12105
 -1.80535
 -1.75943
 -1.64806
 -0.766505
 0.646678
 1.03914
 1.04214
 1.46765
 1.0545
 0.0286613
 0.0746013
 -0.238098
 -0.476741
 -0.311144
 -0.474077
 -0.660317
 -0.0823767
 -0.748572
 -0.90668
 -2.21734
 -0.845197
 -0.390724
 -0.497001
 0.140199
 0.337804
 0.062151
 -0.306634
 -1.15015
 -0.772722
 -1.83953
 -0.769407
 -0.606089
 -0.960325
 -0.81282
 -1.31155
 -0.381328
 -0.200705
 -0.223913
 -0.709144
 -1.51265
 -0.591169
 0.71548
 0.120127
 -0.566257
 -0.358603
 -0.220289
 -0.617052
 -0.693337
 -1.75923
 -2.31782
 -2.0841
 -1.76201
 -0.216776
 -0.289967
 0.570293
 0.943428
 0.956566
 -0.193793
 -0.278585
 -1.01417
 -1.61221
 -1.01599
 -1.10409
 -1.22737
 -0.42843
 0.855915
 0.927724
 1.29988
 0.907339
 0.186908
 0.167403
 0.340731
 0.327093
 -1.08708
 -0.632311
 0.616814
 -0.386703
 -0.408139
 0.562689
 0.154359
 0.26312
 -0.498309
 -0.727215
 -0.0251194
 0.22958
 0.0617171
 0.497358
 -0.0469704
 -0.217856
 -0.985388
 -1.31688
 -2.48227
 -3.26826
 -3.26505
 -2.75906
 -1.59816
 -1.13616
 -0.734365
 -0.451964
 -0.149588
 0.836784
 1.06592
 0.79961
 -0.0190354
 0.796777
 1.74453
 1.84528
 2.09069
 2.12785
 1.59968
 1.32012
 2.02993
 1.83662
 0.352299
 1.06696
 1.08938
 0.835161
 -0.358772
 0.300913
 1.1055
 0.617905
 1.15731
 1.84355
 2.0812
 1.563
 0.497061
 -0.305441
 -0.00815165
 1.13118
 1.43259
 1.64051
 2.64536
 3.07655
 2.82613
 1.35164
 0.262378
 0.124964
 -0.60883
 -0.284426
 0.26724
 -0.00623181
 -0.128517
 -0.559331
 -0.472561
 -0.057658
 -0.560811
 0.475109
 1.14328
 1.36002
 0.642088
 -0.372026
 1.20792
 1.21564
 1.27835
 1.08617
 1.74915
 0.972812
 0.706458
 0.875274
 0.6817
 -0.143069
 -0.175731
 -0.977595
 -0.606907
 -0.383329
 -0.161213
 -0.177484
 -0.687007
 -0.456724
 -0.545665
 0.205641
 1.10771
 0.351987
 -0.138932
 0.206549
 -1.04677
 -1.63659
 -1.02475
 -1.47257
 -2.06501
 -0.769501
 -0.843025
 -0.388897
 -1.57324
 -1.68522
 -1.49952
 -1.31395
 -0.765764
 -0.467185
 -1.15586
 -1.80865
 -2.02172
 -2.11839
 -1.99601
 -0.875085
 -0.95893
 -0.364855
 0.296735
 0.018168
 0.325644
 -0.472639
 -0.189593
 -0.624217
 0.509658
 0.167771
 -0.0269366
 -0.321673
 -0.48164
 -0.105733
 -1.51595
 -2.55326
 -1.35326
 -0.678174
 -0.46934
 0.751287
 0.372838
 0.338718
 0.375976
 -0.541768
 -0.17255
 -0.455429
 -0.0426926
 0.240216
 0.0472127
 0.405203
 0.482627
 1.71622
 0.158607
 0.129103
 -0.665027
 -0.543553
 -0.171399
 -0.82483
 0.810506
 -0.143561
 -0.177197
 -0.425858
 -2.29854
 -2.71059
 -2.02663
 -3.10736
 -2.50486
 -2.3167
 -2.24666
 -1.98612
 -1.25986
 -1.64935
 -2.18036
 -1.51267
 -2.57973
 -2.21569
 -2.27333
 -1.31641
 -0.44826
 -0.192541
 0.72974
 0.727909
 0.897531
 1.98786
 2.66552
 2.19134
 2.99639
 2.47362
 1.21176
 1.56562
 2.58643
 2.10344
 2.4253
 2.10686
 2.3316
 2.48984
 2.83822
 2.20912
 1.97416
 1.73678
 1.14279
 1.24756
 0.730769
 1.12241
 0.723715
 0.410912
 1.22449
 1.60711
 0.421444
 0.545791
 -0.264285
 -0.484401
 -0.0188374
 0.298292
 0.497515
 1.22434
 0.128606
 0.0148541
 0.48863
 0.350868
 0.117662
 -0.762482
 -0.129663
 -1.21143
 0.735184
 1.2896
 2.1837
 1.78052
 2.25301
 -0.530674
 0.745461
 -0.829545
 0.318367
 -0.22472
 1.60809
 -1.61287
 3.32314
 0.489542
 0.428128
 0.865623
 -2.47855
 0.078051
 -2.95213
 1.17754
 -1.76739
 -1.22918
 -0.862987
 -0.0958755
 -0.857493
 1.02917
 0.908917
 1.75061
 -0.700045
 -0.0161738
 -0.3572
 -1.6451
 -1.07114
 -0.264673
 -1.99197
 0.337029
 -1.2805
 1.46517
 -1.74233
 -0.684297
 -0.580511
 -0.0765586
 -0.529765
 0.608847
 -1.26213
 0.797823
 -1.35298
 -1.48357
 -0.653229
 -1.37377
 0.563989
 0.0747919
 0.386713
 0.537403
 0.0375788
 -0.382981
 0.193591
 -2.75702
 -2.76737
 -3.81159
 -1.37079
 -2.81182
 -1.18518
 0.202919
 -1.71089
 0.341498
 -2.36194
 -2.26756
 -0.26701
 -3.26148
 0.793648
 -2.015
 2.84749
 -0.934161
 1.00385
 0.581314
 -0.461593
 1.96354
 0.123254
 1.11253
 0.0294606
 3.80891
 0.448872
 2.9176
 -1.003
 2.08918
 -1.01898
 -0.415763
 -1.50328
 1.42617
 -2.96862
 -0.402229
 -1.98029
 -0.350199
 -1.84677
 1.45537
 -0.577275
 2.23679
 0.872491
 0.865618
 -0.670114
 1.32423
 -0.507047
 -0.417051
 -0.925666
 -1.7539
 1.24305
 -2.14069
 2.01733
 -2.98082
 0.908832
 -0.910908
 -0.15622
 0.17124
 0.878792
 1.02371
 -0.113181
 -0.807416
 -1.52089
 -1.77965
 -3.3071
 0.876392
 -3.47582
 2.16036
 -1.94653
 -0.219841
 -0.716391
 1.4926
 0.0060265
 -1.61498
 -1.42818
 -1.68499
 -1.00796
 -1.24967
 -0.915599
 -1.52247
 0.102012
 1.63897
 -0.598348
 -0.322364
 -1.44325
 0.473394
 -0.146108
 -2.21278
 0.148092
 -2.50517
 -0.7134
 -0.500819
 -1.3117
 0.201167
 0.213712
 -0.410122
 -0.700211
 -1.03801
 -0.0656084
 -2.98085
 1.15573
 0.460879
 1.58241
 -0.399254
 2.2236
 -0.246998
 3.60476
 0.579398
 2.40296
 0.232185
 2.839
 0.591427
 0.210953
 -0.290213
 0.8856
 0.76345
 3.56275
 -0.942068
 3.44585
 1.09
 2.08662
 -0.805648
 2.56848
 0.366223
 2.44033
 0.968378
 3.43809
 0.183987
 3.6189
 0.431295
 3.06722
 0.444834
 3.75424
 1.22149
 2.00423
 2.53926
 0.509253
 -0.203975
 1.29084
 1.19119
 0.243895
 -0.627265
 -1.33737
 -1.87758
 -0.0696167
 1.51938
 0.749562
 0.409737
 -1.03471
 -0.739809
 -0.27049
 2.00156
 0.177252
 -0.0708688
 -0.448655
 -0.0207608
 1.22231
 -2.07938
 1.2281
 -1.8189
 1.6528
 -2.49506
 -0.990439
 -1.09531
 -2.16867
 -3.00171
 0.771627
 -1.26214
 0.828056
 -0.730539
 -0.668052
 0.358732
 -0.902826
 -1.01082
 -0.623356
 1.45327
 -0.86903
 1.1304
 -0.726379
 0.0576503
 -0.338053
 -0.67446
 0.184808
 0.57607
 0.829001
 -0.954003
 0.802504
 0.95771
 2.0068
 0.100752
 1.87002
 -0.222025
 0.0203153
 -1.16907
 -1.0365
 -1.62316
 -0.718337
 0.678471
 -1.25571
 -1.59531
 -1.03384
 0.150412
 -0.607361
 1.47767
 0.57396
 0.98801
 0.5366
 4.13104
 -0.0838644
 2.75729
 -0.796165
 1.59782
 1.26498
 -0.0152809
 0.697407
 0.654561
 0.430589
 0.706724
 -0.864655
 0.133893
 0.817667
 0.823824
 0.363196
 0.435117
 -0.870118
 0.842168
 -1.00299
 -0.463133
 1.3588
 0.491206
 2.542
 -0.248414
 2.32194
 -0.893415
 -0.772399
 -1.04587
 -1.41068
 -0.477683
 -0.65576
 1.31589
 -0.682504
 0.961196
 -1.16019
 2.00052
 -0.136839
 2.42098
 1.31375
 2.37993
 1.36549
 0.604258
 -0.0213385
 -2.32561
 0.683825
 -0.363222
 -1.48961
 -0.193096
 -0.319973
 -1.64655
 0.648786
 -0.964864
 0.00417853
 0.807327
 -0.176337
 -0.738545
 -0.421298
 -1.15553
 -1.24298
 -1.4493
 -0.950777
 -0.900832
 0.177346
 0.474971
 -0.926521
 0.770405
 -1.5361
 0.455676
 -0.825545
 -1.23868
 0.915532
 -1.82622
 -1.32768
 -1.61279
 -0.546513
 0.866262
 -1.2411
 1.79592
 -1.47614
 1.69455
 -0.00256473
 0.892441
 1.00911
 -0.741599
 0.394708
 -1.6813
 1.67986
 0.682519
 -0.6357
 -0.807827
 -3.54142
 -1.65823
 -1.93509
 -2.09392
 -0.437186
 -0.810864
 -0.197049
 0.580643
 -2.94375
 1.34751
 -1.3663
 2.65198
 -1.98558
 1.64351
 -1.67539
 2.70382
 -0.68354
 4.27017
 -2.9156
 3.71818
 0.179571
 1.50344
 0.310658
 0.254537
 1.53918
 1.40129
 0.832469
 -2.54129
 1.98812
 -3.08471
 1.22987
 -0.594198
 -0.396079
 -1.20594
 1.41534
 -0.788437
 -0.0401443
 -0.311639
 1.22906
 1.33574
 -0.920641
 0.00520445
 -0.165588
 -1.30792
 -0.238678
 -2.5463
 -1.66137
 3.0796
 -2.27399
 2.10266
 -0.616277
 0.0779411
 0.47856
 0.604786
 -2.62744
 1.62571
 -1.07007
 0.979973
 -1.53489
 -0.152152
 -1.09579
 -1.17354
 -0.7753
 -3.48598
 -0.919633
 -1.94475
 -1.76758
 -2.25205
 -2.28323
 -0.590468
 0.589663
 0.977905
 0.856138
 0.190451
 -0.245393
 2.79354
 0.26692
 1.42701
 -2.34236
 1.49632
 -2.15766
 4.2223
 -1.01102
 1.50142
 0.624628
 1.79223
 -0.76053
 1.61171
 -2.7014
 1.17559
 -0.26794
 0.175263
 -0.103673
 -1.25178
 -0.68065
 -1.6149
 2.12886
 2.7408
 1.2935
 2.42125
 0.716674
 2.63755
 0.926826
 1.66127
 -0.837717
 0.813485
 2.08353
 0.632565
 1.053
 1.66288
 0.340799
 0.71022
 0.917023
 -0.810094
 0.189552
 -1.26137
 0.107657
 -0.65242
 0.194774
 -2.00109
 0.569448
 0.155949
 0.396668
 -0.101168
 0.525429
 0.536527
 0.906154
 1.22129
 0.638851
 0.831029
 1.45992
 0.611469
 0.0365689
 -0.273301
 -1.03023
 2.23825
 -1.31225
 2.15245
 -0.752331
 3.0714
 -0.0927144
 3.05319
 0.238343
 3.39557
 0.173868
 0.788358
 1.34963
 0.999371
 -0.807728
 -0.00353168
 0.192322
 -2.68008
 0.280852
 -0.978581
 0.987409
 -0.465806
 -1.26907
 0.552994
 -2.10163
 1.08432
 -0.506686
 2.0735
 -0.93688
 1.39674
 -0.269319
 0.544933
 1.48035
 -0.743735
 0.510186
 -3.12567
 1.31847
 0.140492
 2.32285
 0.923204
 1.77301
 0.0846939
 0.647002
 -0.563027
 -0.0179097
 -3.90158
 0.926901
 -2.75091
 4.55376
 -0.336822
 2.54864
 -1.36547
 3.72583
 -0.194885
 3.03188
 -0.421518
 0.942116
 -0.492554
 0.72605
 -0.287637
 -0.222988
 0.362493
 -0.645326
 0.995558
 -0.456339
 2.59349
 -1.84903
 -0.257677
 -0.733651
 -0.615279
 0.378761
 -1.06707
 2.79781
 0.177471
 2.86918
 -1.66682
 1.22404
 0.088801
 0.321982
 -0.106377
 0.479186
 0.888385
 -0.346902
 1.58659
 0.698458
 0.0536768
 1.14665
 1.03794
 -0.243711
 -1.36258
 0.779875
 -0.134087
 1.81836
 0.0107387
 2.67917
 0.750208
 1.21054
 0.984167
 0.21009
 1.71369
 -0.642693
 1.69645
 -1.66474
 -1.06806
 -0.346973
 -0.0286675
 1.61099
 -1.37784
 1.37692
 -1.9197
 -0.0408416
 -0.322306
 0.297442
 -1.23931
 0.783747
 -1.38935
 1.02258
 -0.178016
 -0.512537
 0.0273589
 -1.42885
 1.34136
 -0.560747
 0.568175
 -0.979155
 1.1911
 -0.607422
 2.29704
 -1.01193
 0.967231
 1.56029
 -0.295634
 0.189028
 -2.66295
 0.0992926
 -4.12684
 1.33977
 -1.73703
 3.40406
 0.275162
 -0.794979
 1.07355
 0.318674
 1.1494
 1.6758
 2.65472
 1.04553
 2.96787
 0.25439
 0.358179
 0.595878
 -1.21542
 0.162922
 2.11668
 -0.974818
 2.18951
 -0.233133
 -0.366878
 -1.72921
 -1.40944
 -1.46252
 -0.543619
 0.46891
 -0.330468
 0.67673
 3.19381
 -0.578014
 1.12395
 0.400141
 -0.10514
 0.863555
 -0.495117
 -0.468164
 -1.88797
 -0.255445
 -1.63603
 -0.0763565
 0.591851
 1.42669
 -1.9891
 0.592316
 -0.909824
 0.0344677
 -1.39273
 -4.1246
 -0.161657
 -4.05153
 -0.856158
 -3.09211
 -0.413427
 -1.83796
 0.119231
 -2.61157
 -1.78067
 -2.44778
 -0.14352
 -0.278783
 1.28971
 -1.4926
 0.830738
 0.196315
 -1.00634
 -0.363711
 0.895322
 -0.944151
 3.14417
 -0.757771
 5.10511
 0.798793
 2.21771
 -0.86319
 0.434513
 -0.424118
 0.410634
 -1.11009
 -0.192801
 -2.24695
 0.782471
 -1.68204
 1.07263
 0.671483
 2.12538
 -0.448451
 1.52387
 -2.13882
 1.45459
 1.63715
 1.39284
 2.70824
 1.74675
 0.580231
 0.758685
 0.0827281
 -0.564832
 -1.26593
 0.889769
 -2.51094
 0.998666
 -2.70613
 1.85506
 -3.84517
 1.92495
 -1.62658
 0.922553
 -0.069379
 2.59595
 -0.840471
 0.17748
 -1.42627
 1.27535
 -0.762848
 2.09905
 0.675725
 1.42929
 -0.39219
 2.34501
 -0.0317213
 1.69497
 -0.877922
 4.05758
 -1.79014
 3.23751
 -0.887773
 1.70552
 -0.324056
 2.35603
 -1.81723
 2.32139
 -1.18799
 0.608367
 -0.365622
 0.00901911
 -1.6951
 1.25588
 -1.20079
 0.185876
 -1.03156
 -1.04697
 0.577045
 1.22822
 1.18211
 0.953638
 1.58171
 0.993787
 -0.565966
 2.17524
 -0.691943
 1.79051
 0.720038
 -0.0225025
 2.6029
 -2.54125
 1.8325
 -1.23457
 2.23305
 -1.37067
 2.74022
 -1.11415
 1.39768
 -0.375964
 1.6841
 0.107307
 1.13798
 -0.850341
 0.996066
 -1.61689
 1.27568
 -0.589275
 0.43244
 -0.761356
 -0.183025
 2.44444
 -0.229803
 2.5904
 -0.863385
 -1.69968
 -0.456585
 -3.0449
 -1.42478
 -2.12499
 -0.283191
 -1.57979
 -1.38531
 -1.23942
 -1.85871
 -1.05418
 -0.220947
 -0.988822
 -1.96476
 -1.66215
 -0.193704
 -1.11873
 -0.684101
 -1.89258
 -1.08431
 -1.39528
 0.613006
 -1.5084
 -3.9329
 0.208546
 -3.87581
 0.278729
 -2.40459
 -0.827862
 -0.13802
 -2.15921
 -0.986506
 1.06754
 1.50857
 0.234411
 1.21881
 2.04364
 1.52018
 0.661041
 0.0802405
 0.424072
 -1.4262
 -0.177692
 1.81902
 1.12172
 0.518306
 2.08981
 1.48922
 4.46009
 1.82534
 1.53474
 0.966881
 2.48145
 -0.273803
 0.874731
 0.489955
 0.121153
 0.871448
 0.135558
 0.559113
 0.984427
 1.40425
 0.273929
 2.20939
 0.969114
 1.34832
 -0.769052
 1.49758
 -1.10202
 2.84612
 0.547392
 2.664
 -1.83072
 1.61443
 -2.29593
 -0.566253
 -2.98133
 -1.67825
 -1.97592
 -1.76501
 -2.48865
 0.151296
 -1.08973
 0.630504
 -1.41917
 0.167082
 -1.71024
 -1.20836
 -3.07385
 -1.73358
 -2.28325
 -0.566191
 -1.15776
 -0.471684
 -0.77773
 -0.45642
 -0.502519
 -0.59234
 1.23016
 -2.18943
 1.11751
 -1.55115
 1.26372
 -1.61532
 -0.602389
 -0.218481
 1.14883
 0.50309
 2.61197
 -0.238162
 2.20675
 -0.841271
 3.67099
 0.880218
 1.75644
 -0.051054
 3.28118
 0.699237
 1.80776
 -0.993108
 2.23517
 -1.03844
 -0.146126
 0.479692
 -0.743795
 -0.667907
 0.6117
 0.587797
 -0.640131
 0.681108
 0.559337
 0.854587
 -0.594289
 -0.476405
 -0.0969641
 -0.434519
 -1.30503
 0.643366
 0.716626
 -0.0420316
 0.983855
 -0.54953
 0.299616
 -1.07405
 1.31165
 1.27965
 -0.0968926
 3.32784
 -0.222637
 2.29546
 0.668249
 2.60137
 -0.408793
 2.8721
 0.282204
 0.300592
 0.562759
 0.3328
 -1.60949
 -0.228364
 0.412124
 0.794249
 2.07378
 1.00496
 1.12434
 -2.06501
 1.49262
 -1.87514
 -0.318018
 -3.76704
 -1.5637
 -2.48523
 -0.515333
 -0.895703
 2.35817
 1.27267
 2.543
 2.29617
 2.13929
 1.8858
 1.84804
 0.202378
 1.11376
 -2.05195
 2.33756
 -1.02633
 2.34689
 0.838227
 -1.43605
 1.20811
 0.00605977
 -1.15
 0.767103
 -0.239824
 0.499082
 -0.275285
 0.326751
 -0.375851
 0.597515
 -1.42638
 1.23607
 -0.303794
 0.509878
 2.38799
 2.06896
 1.61479
 0.823366
 1.06652
 0.648314
 -0.748425
 0.340686
 -2.38704
 0.705006
 -1.16395
 3.0435
 -1.95551
 1.46632
 -3.61158
 1.25632
 -2.28516
 2.79778
 -1.83987
 2.44536
 -1.49787
 1.82793
 -1.10529
 1.15878
 1.21549
 0.0350592
 1.18525
 -0.0320421
 -0.0145076
 3.11559
 -1.37341
 1.82497
 -1.35681
 0.772285
 -0.538662
 0.407909
 -0.826553
 -1.20443
 -0.724305
 -1.52758
 0.345998
 -1.92269
 -1.71859
 0.187648
 -2.04088
 -0.180285
 -2.68825
 0.552515
 0.242727
 1.77601
 0.678079
 -0.304515
 -0.912825
 1.30652
 -0.197695
 1.13435
 -2.00811
 0.317598
 -1.13066
 -0.75571
 -0.35443
 0.915656
 0.027385
 -0.357117
 0.0211166
 0.451186
 1.17907
 -1.69187
 2.14488
 -1.83722
 0.961782
 -1.71528
 1.30818
 -0.0388061
 0.927104
 0.218713
 0.0686117
 -0.609147
 0.694274
 -1.9071
 -1.9301
 -0.373983
 -0.262508
 -0.055746
 -1.09679
 1.14349
 1.3323
 -0.495629
 1.68789
 1.17427
 -0.0603776
 1.06959
 0.366368
 -1.1374
 -0.314306
 -1.02583
 -0.225376
 1.14243
 -1.63982
 -0.424855
 -0.316588
 -0.595968
 1.82645
 -2.91847
 0.342289
 0.0429778
 -0.56502
 2.45021
 -1.19762
 2.798
 0.627512
 1.61483
 -0.112917
 0.456718
 0.238249
 0.588106
 1.56477
 1.67059
 0.91607
 2.39167
 0.797399
 0.164596
 1.05499
 1.79175
 0.563799
 -0.0530034
 -0.586212
 -2.25939
 0.867582
 -1.15685
 1.02915
 -0.814682
 -1.25746
 -1.59014
 -0.687048
 -0.346414
 1.33317
 -0.344982
 0.567593
 -0.174829
 -2.27994
 -0.291005
 -2.49284
 0.30297
 -0.700975
 -0.622331
 -0.738714
 -1.21708
 -0.740785
 0.098178
 -0.134842
 -0.519658
 -0.101695
 0.649432
 -0.0829289
 -2.10368
 -0.338157
 -1.74938
 -0.279674
 0.780136
 -0.301647
 -0.159249
 1.25442
 -0.452789
 0.735017
 -2.02654
 0.420432
 -2.65615
 0.257145
 -0.913926
 -0.610401
 0.788246
 -1.82353
 -0.656441
 -2.13103
 0.461609
 0.741244
 -0.253904
 1.21265
 0.964597
 -0.811925
 -0.0921065
 -0.536503
 -0.00514486
 0.237099
 1.3011
 0.700323
 0.91328
 1.59067
 1.12932
 0.58951
 0.105813
 -2.35417
 0.385985
 -0.872912
 1.2171
 -2.09111
 0.174141
 -0.37048
 -1.00987
 -1.01734
 -0.292067
 -0.341233
 -0.663609
 1.23188
 -1.7123
 -1.35991
 -1.2452
 -0.2811
 -0.05797
 -0.718664
 0.230133
 -0.35541
 0.221776
 -1.31018
 -1.18051
 -1.38359
 -0.6971
 -1.50674
 0.127071
 -1.26156
 0.748086
 0.765219
 1.48773
 -0.0856109
 -2.13259
 1.89542
 -1.43565
 0.290139
 -1.17375
 1.52893
 1.82423
 2.14493
 -1.59093
 2.38893
 -0.52467
 0.659124
 0.000475796
 -0.311661
 0.261869
 1.17651
 -0.450747
 2.13822
 -0.664528
 4.06548
 1.12525
 2.17904
 0.982549
 2.7458
 0.46745
 2.63673
 0.489351
 1.20056
 1.07151
 1.81017
 0.815687
 1.94399
 -0.270895
 1.17967
 0.28072
 -1.4302
 0.485358
 0.322863
 2.00998
 -0.231909
 1.14055
 0.510757
 2.83497
 -1.41961
 1.73188
 -1.1051
 2.4339
 -0.440476
 0.910128
 -0.572687
 -1.51092
 0.225041
 -0.0861208
 0.476596
 -2.81561
 0.221802
 -0.632869
 0.352589
 0.050655
 -1.47526
 0.831352
 0.891273
 1.59537
 -0.141445
 0.704776
 -1.05069
 0.862534
 1.05693
 1.00663
 0.752527
 -0.893765
 0.656347
 0.914453
 1.29102
 2.54642
 -1.01092
 0.983657
 1.44923
 -0.718827
 2.62058
 -1.52156
 1.76151
 -2.3237
 -0.0549844
 -2.07942
 -1.99875
 -1.85419
 -2.31995
 -1.46293
 -1.34169
 -0.690736
 -4.04167
 -1.38374
 -0.0261013
 0.0172472
 1.56455
 -2.23414
 0.87758
 -2.30712
 -0.00363979
 -4.39523
 2.12562
 -2.72296
 0.971747
 -1.69622
 -0.0402565
 -0.79673
 1.57375
 -0.415602
 0.141021
 -3.04059
 2.65602
 -3.25721
 0.400149
 -1.44286
 -1.02563
 -0.77539
 -1.87141
 0.0974417
 -1.27265
 0.449862
 -0.0973188
 -0.43409
 -1.18794
 -0.603782
 -0.744798
 -0.374433
 -1.45021
 1.04337
 -1.25031
 0.574126
 -1.07648
 2.34834
 -2.32392
 -0.654382
 -2.5592
 0.366708
 -0.945428
 0.571016
 -0.218614
 -1.80502
 1.81034
 0.318903
 1.42391
 0.119243
 0.518301
 -0.552598
 2.93548
 -1.73737
 -2.26702
 -1.42541
 0.170186
 -2.42889
 0.100506
 -2.4258
 1.64716
 -1.18234
 0.13604
 -0.223784
 0.772062
 -3.31425
 0.255517
 -3.41394
 0.946007
 -1.91916
 0.450862
 -2.35223
 -0.0506974
 -1.62849
 -0.389241
 -1.74862
 0.0142572
 -1.53959
 2.06676
 0.910318
 0.278449
 -0.59759
 0.980096
 -1.1351
 -1.41671
 -0.24809
 -0.0839491
 -0.645131
 0.949389
 -1.40384
 0.365371
 -1.58238
 -2.05969
 -0.178285
 -0.769176
 0.534627
 -0.696236
 -0.240159
 -1.74936
 1.33199
 1.43253
 -0.361796
 0.605294
 -1.67754
 0.1437
 -0.148894
 -1.04668
 -0.170763
 0.439298
 -1.95096
 0.72321
 -0.522114
 -0.332962
 -0.257142
 1.54562
 1.22822
 1.80201
 1.18602
 1.03818
 0.787983
 -0.765241
 -2.0909
 -0.965824
 -0.995603
 -0.313119
 0.355468
 -1.05419
 -0.233019
 -1.4338
 -0.264194
 -0.211306
 1.41726
 0.595699
 1.2553
 0.858302
 2.59305
 0.362319
 1.53699
 -0.168123
 2.18148
 -0.659825
 2.19037
 -0.905255
 1.59378
 -0.92909
 0.990348
 0.0621216
 0.589247
 -0.76367
 -0.673534
 -0.622058
 -1.4701
 0.885794
 -0.0528202
 2.30618
 0.539409
 2.08695
 0.122379
 0.00709102
 -0.846067
 0.0759974
 -0.391297
 -1.50339
 1.87054
 -0.540268
 0.181105
 -0.0522653
 0.571325
 -0.422595
 2.38609
 -0.0979769
 2.22242
 0.925774
 -0.131123
 -0.403245
 1.04443
 -0.304176
 1.08634
 0.231507
 -0.676195
 1.70556
 0.233105
 -0.0270028
 -2.84121
 1.56981
 -1.7612
 1.3007
 -0.752775
 0.0308287
 -1.14882
 0.409922
 -2.86677
 0.947967
 -2.98326
 2.39434
 -1.52051
 -0.850425
 -0.568451
 0.842794
 0.018384
 2.17429
 -0.713512
 2.00136
 0.200615
 5.22647e-05
 0.180022
 -0.941228
 0.644176
 -2.06183
 1.46618
 -2.83369
 0.118096
 -1.78739
 -1.64003
 -1.77923
 -0.113728
 -4.9146
 -2.55727
 -3.06162
 -2.8857
 -4.08208
 -0.915596
 -0.87506
 -2.28912
 -0.757676
 -0.245281
 -1.83091
 0.47449
 0.0018354
 0.375127
 -0.519931
 -0.707854
 0.301122
 -0.35854
 1.9202
 -0.0604621
 2.28229
 -1.00514
 0.20443
 0.266503
 0.560478
 1.24768
 0.95636
 2.488
 -1.09565
 2.86218
 -0.449264
 1.669
 -0.215926
 0.421582
 -1.68334
 -0.952338
 -1.60833
 -2.06243
 -1.58359
 -1.04283
 -1.47347
 -2.24217
 -1.21548
 -3.26732
 -0.560728
 -2.75403
 0.522743
 -0.351752
 -1.27915
 -2.14711
 -0.734534
 0.429156
 2.47858
 -0.118491
 -0.609928
 -1.79973
 0.65301
 1.10439
 0.183651
 -0.398289
 0.95416
 0.372919
 0.673079
 0.15747
 0.332879
 0.919138
 0.267944
 -0.727255
 0.233444
 -1.48224
 -1.69527
 -2.04369
 0.467378
 -0.500883
 2.14147
 0.829453
 2.21331
 1.50973
 1.27232
 2.17353
 0.293638
 0.700085
 -0.0172883
 1.15589
 -0.9008
 0.609546
 0.625067
 -1.72477
 -1.06682
 -3.48721
 -0.418352
 -0.920153
 0.704015
 -0.723129
 0.678768
 -0.882406
 -0.176589
 1.6644
 0.834282
 2.35677
 1.20515
 0.194419
 -1.25414
 1.25087
 -0.518329
 2.41099
 -0.611999
 2.76969
 -1.22341
 0.751022
 -0.868984
 1.48129
 -0.721045
 1.17501
 -1.45186
 -0.392198
 -0.600772
 -1.04022
 0.377477
 0.388757
 0.0488914
 0.273267
 2.1186
 0.549038
 1.3427
 -1.32006
 1.8193
 -0.357928
 0.649668
 2.46039
 1.65051
 0.347514
 1.60604
 -0.541754
 0.276367
 -1.42596
 -1.15358
 -0.528058
 0.799258
 1.61124
 0.772554
 -1.87742
 -0.425318
 -1.97161
 1.31558
 -0.896656
 -0.377175
 0.444603
 0.0853794
 -2.43656
 -1.16683
 -2.19809
 -0.782671
 -1.45294
 -2.98557
 -1.4612
 -1.71698
 -0.871613
 -0.0944032
 -0.30545
 -1.26684
 0.250516
 1.45141
 0.66215
 1.60577
 -0.0367854
 1.30127
 1.09263
 1.83358
 2.22043
 2.9692
 2.35594
 2.25136
 1.34835
 1.60193
 -0.708823
 0.466543
 0.305603
 -0.0792528
 -0.0287392
 0.00626351
 -0.027069
 -0.0601769
 -0.539945
 0.537345
 1.3751
 1.29646
 -1.82497
 2.36519
 0.532727
 1.72047
 0.101425
 2.30694
 1.31958
 0.619931
 0.274808
 0.204618
 0.883173
 0.324575
 -0.876512
 0.704297
 -0.230715
 0.102626
 0.216053
 -0.252597
 -0.047693
 -1.33103
 -0.155429
 -1.98901
 -0.461246
 -1.71735
 -0.582312
 -2.98471
 0.573574
 -2.85816
 -0.211048
 -1.61226
 1.0655
 -1.60965
 0.453027
 -0.629085
 -0.00471917
 -0.492509
 1.61754
 -0.0428901
 0.874486
 0.0974552
 0.503839
 -1.71122
 -1.1012
 -2.21792
 1.16022
 -1.81191
 1.25724
 -0.181605
 -0.647255
 0.834815
 0.640771
 0.432611
 1.80557
 0.794064
 2.24725
 1.51922
 0.527841
 0.212206
 1.50315
 1.87252
 1.91233
 2.84626
 1.42935
 2.17349
 0.522672
 0.481186
 -1.78219
 -0.425694
 -1.93826
 0.380135
 -3.07779
 -0.992588
 -2.81203
 -1.65226
 0.668295
 -1.357
 0.363488
 -1.41237
 0.957645
 0.780585
 0.422633
 1.73213
 0.374107
 1.6357
 -1.12176
 1.28045
 -1.20175
 0.188318
 -1.94024
 -1.01538
 -1.59457
 0.412841
 -2.79063
 3.57946
 -3.17463
 2.48328
 -4.01444
 3.80815
 0.190702
 2.19552
 1.56207
 3.42126
 -1.42032
 0.962917
 -0.538368
 -0.204529
 -0.332998
 -1.31999
 -2.18239
 -0.471405
 -2.26239
 -0.196094
 -1.1249
 0.909603
 0.0211493
 1.13891
 -0.755543
 0.197827
 0.947114
 -0.00224906
 0.587411
 1.0108
 1.2157
 2.82806
 1.79557
 2.74513
 0.482923
 2.56264
 -0.456741
 2.528
 -1.23608
 -0.524305
 -2.4225
 -0.862373
 -2.25216
 -1.71998
 -1.2904
 1.34043
 -0.112313
 1.06867
 0.512877
 -1.88245
 -0.200925
 -2.79379
 -2.88835
 -2.15626
 -2.08629
 -1.73057
 -2.20128
 -1.06368
 -1.50511
 -3.17981
 -0.689217
 -1.46115
 1.08536
 -1.41792
 1.2014
 0.971609
 0.113541
 2.39098
 -1.24472
 -0.158688
 2.06423
 -1.21766
 4.27876
 -5.47188
 3.3225
 -3.89826
 4.31175
 -2.2126
 2.62514
 -1.49703
 0.542326
 -1.4421
 1.55756
 -2.6475
 1.80942
 0.975439
 -1.23094
 -0.60286
 1.18708
 -0.917142
 0.249631
 -0.56441
 0.479306
 -0.488691
 0.331692
 1.65015
 -1.00187
 -1.34221
 -0.84926
 -0.29577
 0.181438
 -1.47327
 2.29049
 -2.5371
 0.475328
 -2.30127
 0.760052
 -1.28853
 1.44783
 -2.67087
 0.838108
 -0.43402
 -0.062746
 0.733253
 -0.0696633
 3.22025
 1.95629
 1.11316
 0.798374
 3.01394
 0.794639
 2.11893
 0.0499522
 -0.299517
 -0.333693
 0.476631
 -0.251003
 -0.560256
 2.21627
 0.365077
 2.29349
 -1.80343
 0.871938
 -1.78614
 -0.501559
 -0.496601
 0.665341
 2.53488
 0.681269
 0.828293
 0.286568
 1.49141
 -0.890473
 -0.28319
 -0.458189
 -1.09786
 1.8845
 -1.76966
 2.56544
 -0.896181
 2.19024
 -1.75689
 0.548843
 -0.418706
 -1.42815
 -3.71286
 -1.44771
 -0.607975
 -2.55571
 -2.07647
 -1.09416
 -0.329918
 -0.653345
 0.653673
 0.762772
 1.89773
 1.39049
 1.28511
 -0.193699
 1.36088
 -3.14342
 2.30645
 -1.50691
 0.101118
 -0.0788521
 -0.706256
 1.46984
 -1.54735
 1.2617
 -0.544589
 0.522917
 1.35189
 -0.91202
 0.829682
 0.32177
 -0.5212
 2.53711
 -0.571606
 -0.0656124
 -1.3325
 -0.668247
 -0.51292
 -0.297067
 -0.174882
 -0.432695
 0.102428
 -1.06965
 -0.967826
 -2.54952
 -0.850857
 -0.966069
 0.723155
 -0.800301
 2.32563
 0.101342
 1.85429
 1.41476
 0.275791
 0.711654
 -0.576974
 0.491259
 0.837266
 2.38155
 0.0622946
 0.219254
 -0.944062
 1.34838
 -0.962046
 1.80805
 -2.00865
 0.44186
 -0.856118
 -2.11665
 -0.871911
 -1.70473
 1.28097
 -0.197321
 1.02126
 -1.14827
 0.160283
 -0.167214
 -0.171468
 -1.46671
 -0.386684
 -1.27633
 1.94867
 0.729035
 0.492197
 1.83624
 1.38798
 0.886671
 1.23298
 2.06373
 -0.473032
 2.98389
 0.0906843
 1.29989
 -1.42711
 -0.607246
 -0.112315
 0.115606
 -0.929007
 -0.453933
 -0.713987
 0.69908
 -2.55834
 0.745622
 0.196505
 0.377843
 -1.3983
 -0.358722
 -0.518134
 1.46762
 0.423276
 0.980602
 0.409095
 -0.269255
 0.595394
 -0.474691
 -1.57566
 -0.38265
 -0.271228
 -0.880724
 0.0186371
 -1.3308
 -2.85516
 -0.568573
 -0.245212
 -0.30731
 -2.07186
 1.33216
 0.206415
 0.86187
 -0.416371
 -1.25283
 -1.59224
 -0.347567
 0.369894
 -2.51065
 -0.131087
 0.217896
 -2.36496
 -1.62235
 -2.29829
 -1.37815
 -3.02814
 0.279787
 -2.43689
 -0.936153
 -3.18236
 -2.05128
 -2.92556
 -3.90266
 -3.0626
 0.243396
 -2.99251
 -0.46571
 -2.00629
 1.00046
 0.154385
 0.501778
 -1.04062
 -0.0825528
 -0.535618
 0.816066
 -0.779466
 4.35247
 -1.86024
 1.88192
 -2.15166
 1.95432
 -0.458139
 0.549015
 -0.285059
 0.811303
 -0.953798
 1.5721
 0.169263
 -0.725676
 0.0894854
 -1.77129
 -0.968347
 -0.493019
 1.57384
 0.808117
 1.31626
 1.85066
 0.508051
 2.30929
 -0.506868
 3.62293
 -0.772221
 4.46567
 2.18808
 2.18528
 -0.596652
 0.975576
 -0.164569
 1.56629
 -1.68108
 0.265052
 -3.0825
 -0.961274
 -1.47803
 -0.633972
 -1.95271
 -1.75532
 -3.40487
 -2.72332
 -1.58349
 -1.01076
 0.857851
 -2.35769
 -1.67305
 -0.74056
 -1.33932
 -1.44139
 0.0317731
 -0.37785
 -1.70673
 -1.15973
 -2.6561
 -0.130232
 -1.74926
 -0.911187
 -1.99297
 0.76672
 0.307476
 0.916733
 0.348511
 0.816661
 0.924914
 -1.29865
 -0.667545
 -1.09381
 -1.20385
 -1.047
 -0.13333
 -1.20076
 1.07067
 -4.07038
 -0.213514
 -2.00296
 1.95486
 -0.730993
 0.0376051
 -0.472974
 -1.47035
 -0.368585
 0.597806
 -0.33551
 -0.729636
 0.389462
 -1.9845
 0.369128
 -2.13181
 -0.743724
 -0.405066
 -0.799728
 1.19575
 -0.852227
 0.0887729
 0.516033
 1.21682
 -0.422195
 0.664757
 0.387658
 -1.92082
 0.757595
 -2.5704
 2.4975
 0.735334
 2.85994
 1.13981
 -0.803799
 2.4935
 -1.37115
 1.86979
 -1.85387
 1.66129
 -3.02348
 1.11433
 -1.67492
 2.19871
 -0.910734
 0.347687
 -0.172448
 2.43174
 1.15145
 -0.331974
 1.67187
 -3.30811
 0.350116
 -1.30085
 1.76022
 -2.32884
 -0.147024
 0.293265
 -0.0473969
 -1.7276
 0.633501
 -1.13904
 -1.94754
 -3.17706
 -3.67905
 -2.5813
 -1.13269
 -0.338992
 1.86913
 -1.56359
 2.36577
 -1.41419
 0.348445
 -0.945733
 -3.1245
 -0.790118
 0.141777
 0.05512
 -1.80944
 -0.436506
 -2.09242
 -0.823039
 -1.56373
 -2.49055
 0.192121
 0.101744
 0.83697
 -2.05322
 0.945157
 -1.71977
 0.976032
 -1.35947
 -0.159626
 -0.0606139
 -2.20594
 -0.714695
 -0.829035
 -1.26342
 -1.58797
 -0.372837
 -1.86849
 -2.06543
 -3.34555
 0.59293
 -3.17828
 -1.35009
 -0.648582
 0.726656
 -0.147984
 -0.848563
 -1.54675
 -1.1539
 -0.892494
 0.757388
 0.736651
 -0.897343
 1.26516
 -0.985529
 -0.577765
 -1.91327
 -0.898201
 -0.741634
 -0.615206
 -1.25981
 -2.00374
 -0.909162
 -1.82022
 -2.18948
 -1.54244
 -2.1325
 -2.17509
 -2.113
 -0.883351
 -2.55287
 -0.706832
 -1.78877
 0.129934
 -1.07962
 -0.94206
 -0.271304
 -1.67153
 -0.673733
 0.813279
 0.791574
 0.651325
 -2.36101
 -1.53452
 -0.246451
 -0.921074
 1.02391
 0.256382
 -0.394254
 1.85633
 -1.8418
 2.33912
 -2.34537
 1.17528
 -0.0563143
 -0.0295277
 -1.01088
 -1.62943
 -0.754812
 -1.18677
 -0.0308993
 -0.858403
 -0.565307
 -1.56573
 -0.387673
 -1.2659
 -0.614283
 -0.677617
 1.17051
 0.322198
 0.153443
 0.946741
 1.42713
 -1.30006
 2.20955
 -2.36354
 1.93805
 -3.89658
 0.278132
 -2.08494
 -1.00764
 -1.05678
 -0.995935
 1.17953
 1.31229
 -2.76031
 1.15729
 -3.1325
 1.69625
 -1.41936
 2.07848
 0.396614
 -1.10511
 -0.540327
 2.16008
 -1.48914
 2.06307
 -1.90282
 1.21509
 -1.37354
 1.51912
 -0.987618
 1.86581
 0.30073
 -1.07522
 0.0693119
 -0.98848
 -2.03839
 -1.40495
 -2.18225
 -2.75825
 -0.41621
 -2.77059
 1.76
 -1.72396
 0.0854679
 -1.58869
 -0.435088
 -1.29752
 -0.552651
 0.330413
 1.78007
 -0.720378
 3.34235
 1.62992
 0.702702
 0.589738
 0.408158
 2.49848
 -0.483882
 0.592455
 1.63429
 1.54813
 0.919592
 0.461886
 0.898099
 1.63374
 0.0437115
 1.17032
 0.815288
 -0.677273
 1.23407
 1.35875
 3.49817
 2.13983
 1.66361
 0.4158
 0.0293337
 0.0220644
 -1.29153
 0.481074
 -1.4003
 -1.23604
 0.286051
 -0.0386546
 0.820354
 -0.736502
 -0.24498
 -0.878931
 -0.006403
 0.5559
 -3.14481
 2.44577
 -3.332
 -1.46561
 -0.902399
 -0.321744
 -0.629379
 -0.170363
 -1.64159
 -0.684758
 -1.461
 0.334236
 -1.93153
 -0.280894
 0.691997
 -0.548472
 0.603842
 -0.0765738
 0.786177
 -1.12595
 -1.26803
 -2.03939
 -1.03569
 -1.52493
 -1.81336
 -0.155938
 -1.10847
 -0.770085
 -1.09229
 1.47767
 -0.481488
 1.08896
 -0.0713
 2.84369
 0.288164
 2.52838
 -0.433381
 0.827649
 0.662545
 0.557238
 0.643793
 0.984015
 -0.35768
 -1.34402
 -0.144841
 0.615623
 0.00126221
 -1.59498
 -1.38044
 0.664965
 -1.23081
 0.906065
 -0.19259
 0.584054
 1.83214
 1.63463
 2.09495
 -0.619186
 2.00553
 -0.210627
 1.91902
 -0.424389
 2.0769
 0.297792
 0.129279
 -0.731628
 -0.58981
 -1.0939
 -0.90599
 -1.4245
 0.101119
 -0.405791
 0.698239
 -1.24451
 2.2689
 -2.16528
 1.78675
 -1.9783
 1.55159
 -1.41581
 0.557846
 -1.80726
 -0.435967
 -0.947532
 0.376332
 -0.861132
 0.613595
 -1.27972
 0.316143
 0.0226391
 -0.716355
 1.59566
 -0.932721
 0.449897
 0.123395
 -0.558033
 0.219426
 1.74182
 0.323582
 1.59958
 -0.494973
 1.63286
 0.449231
 -0.0616303
 -2.76706
 -1.11984
 -1.9144
 0.0673741
 0.250328
 -1.41873
 1.73987
 -0.761108
 -1.28253
 1.98101
 -1.82442
 1.22603
 1.09412
 2.43016
 1.26687
 2.06102
 -1.90496
 -0.802111
 -0.102925
 -0.686664
 -0.836367
 -0.664574
 -1.15005
 -1.86187
 -0.580693
 -0.177422
 -1.48113
 1.15257
 -2.7406
 -0.482645
 0.48274
 -0.141837
 0.0870979
 -0.420618
 -2.15442
 1.62972
 -3.28697
 3.79965
 -1.63877
 1.6315
 -0.372704
 1.02288
 -1.17855
 -0.176683
 -0.526868
 0.66919
 1.84024
 0.256813
 0.0959404
 -1.00898
 -0.88856
 0.205789
 -0.708625
 -1.50573
 -0.216337
 -2.35988
 1.83156
 -1.15481
 -0.714343
 0.913912
 -1.24072
 0.967182
 0.124293
 -0.748311
 0.917697
 0.632491
 -0.344836
 0.472741
 1.05305
 0.00631016
 1.01205
 2.17719
 1.27961
 3.19125
 0.8075
 1.73877
 2.33686
 0.127337
 1.62357
 -0.142661
 1.57432
 0.995674
 1.78009
 -1.02973
 0.00177629
 -1.613
 -0.231911
 -2.41017
 -2.32696
 -4.60676
 -4.12631
 1.15086
 0.0355496
 -0.583234
 -0.369356
 0.00667885
 -0.412777
 -0.822344
 1.59382
 -0.13597
 1.66252
 -2.73007
 -1.60225
 -1.09568
 -0.41083
 1.01406
 -1.94689
 2.62439
 0.854017
 2.42885
 2.12966
 1.08769
 0.391996
 -0.709549
 -0.474204
 0.0383586
 -1.05631
 1.06659
 -0.907188
 -0.0359036
 -2.68325
 -0.329882
 1.05673
 -1.82141
 0.893399
 -1.88778
 0.490326
 -2.70376
 -0.7255
 -3.78554
 -0.541631
 -0.992167
 0.422377
 -0.322837
 1.21545
 -0.280465
 0.226542
 -1.2984
 -1.39126
 -0.383411
 0.765798
 -0.279004
 1.60084
 -0.0933524
 0.425661
 -3.37528
 0.539275
 -1.52605
 -0.514432
 -0.0570865
 0.194158
 0.760876
 1.09745
 1.65201
 0.384478
 -1.07796
 0.889348
 1.19832
 -1.14034
 1.16925
 -2.77714
 1.35438
 0.650086
 2.09761
 2.21337
 -0.111627
 0.84776
 -1.60549
 1.58658
 -0.330932
 1.31636
 0.466147
 1.05137
 -0.439419
 0.81892
 -0.103244
 1.79491
 -1.49128
 0.919557
 -0.921539
 1.49994
 -0.476882
 -0.865537
 -3.38736
 -2.35063
 -3.64673
 -2.45534
 -0.876443
 -3.63956
 -0.202694
 -2.71032
 1.08426
 -2.1623
 -0.589176
 -1.64397
 1.68469
 -0.189204
 -0.210066
 1.30389
 3.34845
 0.235529
 3.61246
 1.43565
 3.3406
 -1.18226
 1.72815
 -1.77681
 2.73753
 -1.4124
 -0.0472442
 0.00071838
 -0.47472
 -1.73686
 -0.147626
 0.703048
 1.45037
 3.87109
 1.82533
 1.53855
 1.55628
 -0.23464
 -0.330302
 1.65613
 2.35084
 1.38106
 2.41702
 0.107373
 1.79652
 -0.690614
 -0.625615
 -2.12401
 1.26192
 -1.75931
 1.19215
 -2.05659
 1.56942
 -4.52568
 1.70346
 -3.03362
 0.937824
 -0.50238
 2.17853
 -0.162213
 1.61903
 1.53298
 1.18803
 -1.46401
 0.666748
 -0.90273
 -0.0110116
 -0.306668
 -0.222216
 2.5361
 1.11586
 -0.0741401
 1.44818
 0.555318
 -0.572182
 -3.63268
 0.294836
 -1.50562
 1.22875
 -1.14355
 2.17714
 -0.456509
 0.620021
 -1.7259
 1.12425
 -0.876605
 1.12204
 -1.18953
 -1.79079
 -0.221551
 1.03154
 -0.31055
 1.18716
 -0.989957
 -0.610793
 -3.16015
 -0.31867
 -1.91932
 0.241464
 -2.49164
 -1.98377
 0.551934
 1.06087
 -0.126004
 1.11742
 1.89777
 0.378032
 3.16541
 -0.152187
 0.616446
 1.32517
 2.38933
 -0.192049
 0.729691
 1.82126
 0.777047
 -0.413484
 -1.28636
 1.73757
 -1.91548
 -0.814223
 -1.23774
 -0.206287
 0.0315148
 -1.84332
 1.62181
 -1.5935
 1.60887
 0.848429
 1.14444
 -2.04927
 1.0769
 -1.76105
 -1.60354
 -2.06435
 0.865484
 -0.0174719
 0.380861
 0.140658
 1.84289
 -0.16938
 1.42505
 -0.769385
 -1.51454
 -2.22315
 -1.09394
 -0.951894
 -0.766397
 -0.777288
 -2.00518
 -2.44033
 -0.706285
 -1.59562
 2.00417
 -0.28262
 0.702394
 1.16318
 1.62782
 0.232256
 2.14548
 -0.0286039
 1.75603
 -0.121884
 0.207837
 0.800616
 -0.158238
 -0.110433
 -0.716657
 1.66383
 -0.163561
 0.292582
 -0.594783
 0.444802
 -0.244327
 -0.870337
 -0.177968
 -1.69642
 1.91372
 -2.02076
 0.518132
 -1.6072
 -0.779937
 -0.588738
 0.256959
 0.681513
 0.640832
 -1.32316
 -0.7315
 -0.431573
 -0.403758
 0.188192
 -1.74726
 0.904342
 -0.258141
 2.11674
 -2.98438
 1.55897
 -1.71519
 0.121149
 0.433961
 0.639829
 -1.62955
 0.560202
 -0.506379
 1.17268
 0.397667
 1.07911
 0.0410067
 1.4731
 0.940949
 -0.949752
 0.787008
 0.967651
 0.900351
 -1.28062
 -1.45486
 0.132395
 -0.851256
 -0.27012
 0.259084
 1.5953
 0.919585
 3.41693
 0.539046
 0.756435
 -0.603037
 0.817715
 0.0375901
 -0.482566
 -0.315547
 -0.00566962
 0.276358
 -0.365183
 -0.559964
 -0.396833
 0.731935
 -1.53108
 0.724258
 1.18463
 -1.22657
 0.862953
 -1.51204
 0.636613
 1.40361
 1.07168
 1.42821
 0.460225
 -1.35942
 1.88905
 -0.548717
 0.254909
 -0.588289
 -0.0361124
 0.340566
 -0.250346
 -0.451798
 1.14589
 -0.0753152
 0.40899
 1.00379
 0.746975
 1.55682
 0.310996
 2.26504
 1.54899
 -0.670286
 1.93328
 0.134451
 1.32209
 -2.94496
 -0.370115
 -1.59053
 0.243666
 0.268859
 -0.251968
 0.18937
 0.890686
 -0.537718
 0.109829
 -0.053643
 -2.11216
 0.0487521
 -1.31717
 1.17957
 -1.55704
 0.922592
 -0.751286
 0.289005
 -2.65358
 -0.0386857
 0.824859
 1.01838
 2.77292
 -0.410858
 1.82628
 -1.40292
 2.79117
 -4.13527
 -1.25822
 -2.81631
 -2.21545
 -2.7609
 1.13596
 1.25766
 -0.978662
 -0.166254
 -2.40477
 0.40958
 -1.33568
 0.299722
 -1.46074
 0.729157
 -1.00553
 -1.38573
 2.448
 -0.804914
 0.295038
 -1.8438
 -0.375947
 -1.19591
 2.34303
 0.500085
 3.6447
 -0.742847
 4.18143
 -3.42886
 3.02851
 0.0264464
 1.89784
 -0.102423
 1.7545
 -1.63383
 1.17059
 -0.708413
 0.504021
 1.83526
 -1.16615
 -0.712029
 0.931216
 -2.18819
 0.528986
 -2.12233
 -0.380751
 -2.66201
 -0.771382
 -1.76027
 -0.914104
 -1.46219
 0.125167
 0.655135
 1.86629
 1.53384
 1.3137
 2.84175
 1.0775
 1.79722
 -0.451793
 2.92595
 0.959306
 -1.75309
 0.793666
 -1.24569
 -0.193452
 -0.904516
 -0.756693
 1.06647
 0.788486
 1.06711
 -1.63239
 0.883177
 -2.11439
 2.26891
 -0.390036
 1.38536
 -0.232064
 -0.185437
 -0.966967
 -0.224701
 -1.18004
 -0.916754
 -2.29598
 0.430271
 -0.525256
 -0.395011
 -1.85664
 0.884017
 -2.3501
 -0.497892
 -3.29425
 -0.554898
 -3.48533
 0.924552
 -1.7665
 -0.130126
 -0.740039
 0.0626874
 -1.1448
 0.571085
 -1.19516
 -0.5567
 0.366228
 0.670019
 1.6437
 -0.703344
 1.1926
 0.843694
 -1.48756
 0.697216
 -1.98642
 0.223682
 -0.992696
 0.89944
 -0.235874
 1.79435
 -0.212275
 -0.601568
 -0.211315
 -1.06842
 -0.750162
 -1.12207
 1.57596
 -2.57536
 0.268177
 -3.76371
 1.65017
 -1.31411
 -1.04745
 -2.64477
 -2.58484
 -0.815118
 -1.01809
 0.6014
 -0.316072
 -2.32004
 -0.00362464
 -0.94494
 0.673265
 -1.99395
 2.62195
 -1.37001
 2.54683
 -1.25385
 -0.562909
 -0.564786
 1.27375
 0.684036
 1.79219
 1.54156
 1.07239
 3.6042
 -0.640895
 0.705537
 -1.98983
 -1.39619
 -2.1274
 -0.567718
 -1.82456
 0.271524
 -1.06474
 0.553575
 2.3415
 2.22043
 3.29533
 1.55278
 1.81057
 0.940775
 1.62525
 0.669126
 -0.751625
 -0.177184
 1.43104
 0.415964
 -0.19158
 0.0336488
 -1.20947
 -1.10998
 -0.772088
 0.765064
 -1.70209
 1.18578
 -0.236279
 1.73402
 1.94451
 -0.486331
 0.152944
 0.219476
 1.13409
 -0.0102704
 0.210877
 0.0382233
 0.58147
 -0.517744
 0.654718
 -0.336014
 -1.69393
 -0.949788
 1.09336
 0.121094
 2.43345
 1.65017
 1.81226
 2.1517
 -0.681426
 1.94027
 2.19971
 1.58621
 0.47297
 1.93242
 -0.784617
 1.34534
 1.8845
 2.19769
 3.25373
 2.40808
 3.02121
 -0.215133
 3.77692
 1.00283
 2.70601
 -1.17033
 -0.463827
 0.292102
 2.83854
 -0.668821
 2.16154
 -1.8019
 -0.775828
 -0.379312
 -0.498746
 1.82543
 -1.24575
 -0.00978373
 2.19739
 -1.28657
 2.35454
 1.12669
 0.865241
 2.49336
 0.874645
 -0.453403
 -0.505898
 -0.784109
 -1.30143
 -0.593905
 -0.804699
 1.69678
 2.65072
 0.986203
 3.02862
 -0.362775
 0.999528
 0.977942
 1.21034
 1.19611
 1.51943
 0.25067
 -0.955997
 -1.58352
 0.54286
 -0.0310246
 1.14923
 0.307532
 1.27959
 0.291601
 -1.43025
 1.66847
 -2.47149
 1.54005
 -0.969911
 0.847664
 -0.772887
 -1.03355
 -1.55644
 -0.0611913
 -2.36131
 1.28719
 -2.39611
 0.192134
 -0.713129
 0.0962266
 -2.42498
 0.218758
 -1.22608
 2.04978
 0.177851
 -0.648984
 -1.47153
 1.46517
 -2.95667
 3.91852
 -2.83074
 1.53314
 -4.05322
 0.593909
 -2.8399
 0.550746
 -1.53215
 -0.859746
 -0.738455
 -0.870625
 -0.264664
 0.613018
 -1.28579
 0.0112709
 0.612053
 -1.54882
 0.617582
 -1.24057
 1.3975
 -1.01142
 1.63739
 -2.16591
 -0.802981
 -0.796219
 -0.608035
 -0.929325
 -0.917517
 0.298659
 -0.80212
 -1.43623
 1.2804
 -1.88464
 -0.794469
 0.519731
 0.379806
 1.51229
 -0.155988
 1.36555
 -1.80562
 0.517394
 1.2478
 2.34306
 1.16249
 3.95848
 -1.32733
 0.0445553
 0.752528
 0.647372
 4.08273
 -0.0325912
 2.98993
 0.343676
 1.54675
 0.0829965
 0.279581
 1.69598
 0.453069
 1.74677
 -4.00605
 0.532878
 -1.47407
 2.89832
 -2.36059
 1.73294
 -0.985941
 2.60876
 -2.41681
 -0.0997711
 -1.15945
 1.26961
 -0.615036
 -0.880004
 0.719266
 1.25511
 2.18406
 1.3938
 0.678068
 0.14523
 0.118386
 -1.37253
 -1.02022
 1.18398
 -0.177408
 0.35753
 -0.532322
 0.523303
 -1.15056
 -0.634587
 0.172812
 -1.71761
 -1.1042
 1.37287
 -0.283526
 1.55379
 -0.571961
 -0.630528
 -1.13259
 -0.11516
 -0.00191941
 0.641659
 0.149934
 1.01214
 -0.4216
 0.368288
 0.356863
 -0.0915641
 -2.05512
 0.143075
 -0.621784
 -0.456074
 -0.516694
 -1.80093
 0.667445
 -1.49047
 -1.58413
 0.209756
 -0.447485
 1.02656
 -1.48142
 -0.268266
 1.56278
 1.05277
 1.90987
 1.4442
 1.69088
 3.06509
 0.10208
 2.38007
 1.52343
 1.52563
 1.32636
 -1.24735
 -0.984137
 -0.0619082
 -2.04189
 -0.91436
 -0.575878
 -1.29084
 -0.275235
 -0.342769
 0.727177
 -0.606149
 1.20535
 1.73186
 1.1357
 0.934296
 0.238207
 -0.374764
 0.883313
 -1.17025
 0.279352
 -2.18343
 0.0198126
 -3.10691
 0.305611
 -2.49243
 -0.490399
 -0.93061
 0.3162
 -1.07241
 1.62231
 -0.870504
 0.901849
 -0.117274
 -0.302569
 -2.97874
 2.35686
 -1.23977
 1.33202
 -0.866072
 -1.35315
 0.00548001
 -2.38798
 0.966862
 -0.52995
 0.216242
 -2.88654
 -0.292563
 -2.08061
 0.960872
 -2.62545
 0.130999
 -0.239549
 -0.142621
 0.101153
 0.160344
 1.82668
 0.84585
 0.396252
 1.35329
 0.234124
 0.658049
 2.09177
 1.49147
 -0.773089
 0.472894
 -1.72292
 1.19748
 -0.305974
 -1.43822
 -0.121497
 -0.598812
 1.72857
 -2.71155
 0.672007
 -2.39307
 0.84814
 -0.612959
 -0.269696
 -0.76082
 0.737066
 0.821978
 0.467779
 0.969412
 -2.28332
 0.844993
 -1.33602
 -0.917543
 -2.24548
 1.08421
 -2.45502
 -0.839227
 0.279883
 -0.854759
 0.143768
 2.2477
 -1.84817
 2.92593
 0.623971
 -0.628564
 0.0219047
 1.60777
 -0.343093
 -1.16495
 -0.449697
 -2.23349
 -0.0898562
 -1.7053
 1.22833
 -0.713873
 2.58661
 2.05945
 1.06773
 1.13391
 -0.327094
 0.68941
 0.90836
 2.12603
 0.503001
 1.26619
 -0.14379
 -1.76844
 0.220469
 -0.579965
 0.301614
 -0.715753
 0.182672
 -0.808395
 1.99964
 -1.46137
 1.23024
 1.01533
 2.38999
 1.54617
 2.1879
 0.905276
 1.47512
 -0.692502
 0.393354
 0.190877
 0.310028
 -0.535617
 0.0396198
 0.627648
 -1.77133
 -0.175794
 -2.45695
 1.05748
 0.786872
 -0.341952
 0.566054
 -1.02319
 1.26096
 -2.92093
 0.691106
 1.926
 2.27927
 1.91969
 0.612229
 -1.20684
 1.63455
 -1.63394
 0.907818
 -0.977711
 -2.35152
 -1.62915
 0.168254
 -0.562869
 0.610547
 -1.31242
 0.902514
 0.938246
 -1.08866
 1.25869
 -1.06139
 -0.712548
 -2.5793
 -2.82991
 -1.08064
 -3.33603
 -0.938593
 -1.39548
 0.550501
 0.216006
 -0.954075
 1.96093
 -0.839071
 1.66341
 -1.21863
 -1.23427
 -0.539159
 -0.418509
 0.420136
 -1.95901
 -0.445321
 -0.460409
 0.0118355
 -0.980204
 1.64849
 -0.561165
 -0.16395
 -2.21331
 0.318644
 -0.287843
 1.1848
 0.713771
 1.09654
 0.787503
 0.293906
 3.34727
 -0.608515
 1.8759
 -1.79964
 1.08527
 -0.903512
 0.416771
 -1.46363
 -0.0623258
 -1.46384
 0.469096
 -1.8195
 0.898012
 -2.42531
 2.41863
 -1.33725
 0.147493
 -0.317195
 0.791477
 1.74061
 0.354938
 0.40303
 -0.118637
 1.00369
 -1.58422
 2.65272
 -2.01774
 3.21744
 1.41942
 0.999204
 -0.892401
 1.07069
 -0.397814
 3.25627
 0.658621
 -0.0685565
 0.804137
 -0.458849
 0.927494
 1.40886
 1.44342
 2.25137
 0.211813
 1.70884
 -1.46209
 0.611946
 -0.511798
 -0.158154
 -0.481204
 -1.50755
 1.08184
 -0.509553
 -0.650105
 -1.59901
 -0.134585
 0.179943
 0.473143
 -1.34787
 0.0152377
 -1.26986
 0.428657
 -0.804032
 -0.506405
 1.04565
 -2.13609
 -0.832224
 -0.612265
 -0.762769
 -2.28903
 0.887353
 0.122237
 -0.0151164
 -0.844537
 -0.44062
 -0.0302353
 2.01735
 -0.255194
 3.20652
 -0.180872
 0.860941
 -0.606908
 0.578812
 0.291528
 1.62169
 1.41041
 0.873257
 1.97829
 1.7897
 0.81804
 3.08219
 0.571663
 0.898805
 -0.964622
 -0.618763
 1.02151
 -3.5433
 0.298641
 -3.40026
 -0.0732827
 -2.16262
 1.26722
 -2.94601
 1.12605
 -2.83483
 -1.8255
 -2.40145
 -0.597018
 0.431933
 1.93362
 -1.0351
 2.12579
 -1.24589
 2.17123
 -0.66721
 2.70297
 0.207565
 2.26428
 -0.193625
 -0.0632067
 -0.233091
 0.211018
 2.14326
 0.234779
 2.94249
 -0.41969
 2.75354
 -0.145334
 1.57739
 1.93314
 1.0721
 2.13763
 0.619164
 0.491643
 0.957844
 0.386764
 3.91638
 0.30551
 1.90645
 -1.05316
 1.94641
 1.41214
 1.15012
 0.206222
 0.963118
 -1.56912
 -0.115694
 -1.41801
 -0.0802537
 -1.9395
 -0.48677
 -1.4068
 1.81341
 -1.35706
 -0.275619
 -2.27047
 0.381244
 -1.35883
 -0.854316
 -1.45933
 -0.884689
 -0.559891
 0.531492
 -2.18706
 2.32608
 -1.81788
 1.87233
 -1.56988
 1.75059
 -0.37526
 0.248284
 -1.27734
 1.76613
 -1.14697
 2.55669
 1.76491
 1.95956
 -1.09753
 0.264818
 -3.31941
 -0.569661
 -1.44756
 -0.214901
 -1.48668
 -1.04014
 -1.88969
 2.24106
 -4.1956
 1.80628
 -1.80833
 0.0204002
 -0.689077
 -0.0195271
 -1.69393
 1.75021
 -1.45262
 0.205025
 -3.15623
 -2.52874
 -0.0723048
 -2.26196
 -0.621423
 -1.01892
 -0.466004
 -1.80463
 1.35058
 -3.45589
 0.893929
 -2.61239
 0.35468
 -1.90097
 0.759902
 -0.583058
 -0.795624
 0.490117
 1.27856
 1.35148
 2.31809
 1.73077
 5.85378
 1.40875
 4.27404
 1.47376
 2.50768
 0.253525
 2.25028
 -0.685238
 3.08403
 3.11324
 1.88139
 1.55677
 -0.590739
 0.256897
 1.9452
 -0.166188
 1.26577
 -0.30203
 1.49409
 0.158992
 0.336324
 -0.0436093
 -1.15439
 0.826416
 -1.2775
 0.248933
 -0.239661
 1.45983
 -0.33312
 0.529168
 -0.826674
 -2.67369
 0.332303
 -0.733083
 1.10074
 -0.223137
 -1.14483
 -0.551829
 -1.41119
 0.711665
 -1.94305
 -0.726704
 -2.26768
 -0.675985
 -3.86999
 -1.57672
 -1.38851
 0.16669
 -0.424358
 -0.655619
 -1.70634
 -1.25081
 0.484603
 -0.170033
 -1.3987
 -0.780749
 -2.53416
 1.24353
 -0.615878
 0.826396
 -0.613628
 -0.0289051
 -0.779954
 0.907066
 0.704355
 -2.27597
 0.736715
 -2.01979
 0.985126
 -3.37034
 2.80911
 -0.57327
 2.1265
 -1.30502
 1.21705
 -0.411817
 3.45115
 -0.405968
 2.92054
 0.0941776
 0.50033
 0.0671881
 2.97014
 2.11204
 3.83508
 1.24611
 2.23235
 3.63302
 3.39539
 1.47561
 1.88076
 0.950622
 -1.03937
 -3.41732
 -0.0196312
 -1.57543
 -0.325808
 -1.74435
 0.273222
 -1.69523
 -2.11301
 -1.21351
 -1.49696
 -0.764596
 -1.7671
 1.8853
 -0.78067
 0.802279
 -1.69706
 1.28112
 -1.48125
 -1.51359
 -2.87925
 -1.31714
 -0.838319
 -2.05274
 -0.938886
 -0.562984
 -0.483613
 -0.722452
 1.38226
 -0.980301
 0.0313105
 -0.643333
 -0.17112
 -0.766725
 -2.82613
 -0.359576
 -0.77451
 2.14819
 -0.972395
 0.112287
 0.929444
 1.48405
 -0.112814
 0.125819
 -2.58043
 -0.952658
 -1.87439
 -0.617747
 -2.5875
 -1.11384
 -3.41407
 -0.562133
 -1.96435
 2.26089
 -2.73422
 1.71916
 -2.28047
 -1.36485
 -0.269439
 -1.6124
 -2.01705
 -2.33025
 -0.385967
 -1.19553
 1.16679
 0.642292
 0.170317
 0.162716
 0.967461
 -0.467165
 0.0483293
 0.392875
 -0.112019
 -0.0172786
 -0.125449
 1.20867
 1.4483
 -0.843345
 -0.528308
 -2.19324
 -0.435412
 -2.02469
 0.559461
 -0.309845
 -0.500797
 -0.508091
 0.998875
 -1.39761
 1.52486
 0.421212
 -1.15682
 -0.935324
 3.13472
 1.46356
 1.16308
 1.21949
 1.21559
 0.207037
 0.0390652
 -1.03173
 -0.895373
 0.317431
 2.82886
 -2.0868
 0.738778
 -0.335986
 1.82848
 -0.590817
 0.802074
 1.55681
 0.469999
 0.937047
 1.27886
 0.604813
 -0.949022
 -0.0549705
 -1.22106
 0.100932
 -0.656425
 -2.3942
 -0.0676985
 1.91042
 3.02154
 0.608137
 0.329297
 0.200902
 -3.2456
 -0.275441
 -1.47492
 -1.00266
 -3.2721
 -0.671207
 -0.279039
 0.481381
 -0.0891802
 1.29197
 1.87654
 0.505431
 -0.114757
 -1.37261
 1.45177
 -0.164382
 0.727579
 -0.041978
 0.522304
 -0.387872
 -0.0770073
 -2.03406
 -0.576953
 -2.02768
 -0.59072
 -1.58949
 -0.415401
 1.0244
 -0.632233
 3.27861
 0.649654
 1.75093
 0.924084
 0.322326
 -0.255543
 -1.3091
 -0.120335
 -1.81549
 -0.962633
 -1.1268
 -0.953376
 1.70524
 -0.140147
 2.0932
 0.14454
 2.74593
 0.0161206
 1.43566
 0.135332
 -1.21695
 -1.72295
 1.98989
 -0.268367
 1.43358
 0.557183
 1.47942
 -2.15117
 0.269283
 1.1372
 0.0557047
 0.592316
 0.333379
 2.24719
 0.118273
 1.20317
 0.340453
 -2.14998
 1.08977
 0.945133
 1.29285
 -1.62302
 0.367795
 0.105333
 -0.388511
 -0.165996
 -0.888044
 0.00815589
 0.87492
 -1.52233
 1.683
 -0.964839
 2.46504
 0.487788
 1.91573
 0.377193
 -1.11731
 1.5866
 0.0716948
 2.0814
 -0.617953
 -0.493651
 -1.05911
 0.197587
 -1.52644
 -0.271489
 -0.731271
 0.24861
 -1.27174
 2.70672
 -1.51208
 1.33817
 -0.10021
 0.850943
 -0.378513
 -0.743775
 0.472394
 0.214649
 1.76521
 -1.96868
 0.771868
 -0.82562
 0.52149
 -0.715732
 1.47267
 0.663844
 -0.0355614
 -1.20334
 -0.832312
 -0.367879
 -0.984
 -1.76725
 1.00293
 -2.91096
 0.0955392
 0.203525
 0.443857
 -1.11438
 -0.426363
 -0.849496
 1.61013
 0.226315
 2.61068
 -1.70996
 0.417001
 -0.572659
 1.30903
 1.25019
 1.90169
 -1.09042
 -1.44663
 -0.581685
 -0.441308
 -0.653265
 1.31609
 -1.35771
 -0.0931059
 -0.538912
 -0.645383
 -0.369152
 -0.870347
 0.694053
 -1.34792
 -0.588491
 -2.98182
 -1.56642
 0.115163
 -1.30085
 0.846471
 -0.542066
 1.52608
 0.051805
 -0.150233
 1.75739
 0.820633
 -0.195691
 -0.206682
 1.73851
 -2.44555
 0.778618
 -1.16422
 -0.244373
 2.04108
 0.636446
 2.84194
 0.267348
 1.27938
 -2.09181
 1.38141
 0.0496765
 0.775198
 0.176201
 2.08659
 0.95326
 -0.168235
 -2.0774
 -1.07589
 -1.695
 -1.45008
 -0.345736
 0.0626562
 -1.55559
 -0.462043
 -1.46702
 0.595957
 0.682244
 0.515273
 0.0527682
 0.317561
 0.727323
 1.304
 1.34374
 1.77329
 1.98418
 0.937101
 3.54186
 1.6491
 3.88296
 1.82813
 3.63375
 1.99416
 3.26845
 2.80943
 1.51211
 2.56709
 -1.03464
 2.54879
 -2.4779
 2.70712
 -1.60801
 2.32429
 -1.67585
 0.0842647
 -2.65547
 0.131667
 -1.12976
 1.4477
 -0.899627
 0.444753
 -1.74801
 2.20979
 -1.60563
 -0.45442
 -1.40639
 -2.84205
 -0.128996
 -1.35904
 -3.02661
 0.0436407
 0.265242
 1.736
 1.04414
 -0.0061278
 1.47501
 -1.21742
 2.45767
 -1.31308
 0.817403
 0.527431
 1.01688
 -1.25394
 0.206533
 -0.870202
 0.711247
 -1.27291
 -0.461011
 0.828728
 -0.026527
 0.0365352
 -1.42903
 0.56134
 0.654836
 0.274422
 -1.04596
 -1.14844
 -0.587876
 0.968352
 0.708086
 1.02168
 -1.77444
 -0.625776
 -0.61885
 -1.03831
 -0.437823
 -1.46386
 -0.435764
 -0.312173
 -0.588494
 0.0716148
 -1.201
 1.43702
 0.60576
 2.00921
 1.70063
 3.57486
 2.01749
 1.03094
 0.264767
 0.409442
 1.38428
 2.54739
 1.71744
 2.11259
 1.71556
 1.91217
 -0.286783
 0.502586
 -1.43441
 1.40562
 0.40203
 0.556137
 -2.534
 0.0260103
 -3.00731
 -0.0652906
 -1.88702
 -0.359169
 0.785406
 0.762256
 2.80413
 -3.69322
 -0.46039
 -4.16671
 1.04936
 -4.46845
 1.69963
 -3.4923
 1.12685
 -3.57192
 -0.0244435
 -1.57828
 0.380819
 -2.94396
 -0.420697
 0.171173
 -2.09153
 -0.419228
 0.674112
 -0.369379
 -1.01
 0.746896
 -1.35681
 -1.02252
 -0.971483
 -0.126516
 -0.403877
 -0.586128
 1.24725
 -1.61928
 -0.165318
 -1.67241
 -1.06065
 -1.33036
 0.398121
 0.414074
 -1.00358
 1.31638
 -1.34657
 0.44442
 -0.396538
 0.405319
 1.12509
 1.6407
 -0.416732
 -2.7458
 -1.57122
 -3.46983
 -1.8471
 -0.836634
 -0.590962
 -2.71529
 -1.47979
 -1.19413
 0.178246
 -2.18822
 1.33694
 -0.240001
 -0.428095
 -2.88198
 -0.963751
 -1.42705
