 -0.0743036
 -0.211415
 -0.46463
 -1.39828
 -1.3569
 -1.2976
 -1.16553
 -0.891784
 -0.0979826
 -1.00233
 -0.21772
 -0.288974
 -0.0486583
 0.0692111
 -0.707188
 0.504506
 0.445069
 -0.315593
 -0.964098
 -2.1321
 -0.638039
 0.909314
 0.427307
 0.273092
 0.667292
 0.251904
 0.420017
 1.29531
 0.433902
 0.0600103
 -0.419195
 -0.0989472
 0.0339425
 -1.15552
 -0.579965
 -1.04061
 -1.13253
 -1.54105
 -0.278812
 -0.606047
 -0.351681
 -0.048193
 -0.114742
 -0.354607
 0.597003
 -0.280775
 0.109308
 -1.22703
 -2.4988
 -2.20574
 -1.88572
 -0.081394
 0.123122
 1.06149
 1.52991
 1.18345
 1.53683
 1.40277
 1.96489
 1.45539
 1.43072
 0.0269465
 -0.1009
 -0.231375
 -0.599185
 -0.63728
 -1.25061
 -1.37061
 -1.79933
 -1.31513
 -0.53396
 -0.398818
 0.245454
 -0.83613
 -0.937751
 -0.592235
 -1.07296
 -0.266169
 -0.489369
 -1.06375
 -1.03148
 -1.05385
 -1.20183
 -1.13977
 -1.23881
 -2.16796
 -1.34381
 -0.227666
 0.248959
 2.48813
 2.13645
 1.98522
 0.631423
 0.810038
 -0.0681259
 -0.268712
 -0.573632
 0.633393
 -0.354066
 -0.600742
 -1.2022
 -0.867433
 -0.696926
 0.0132486
 -1.10092
 -1.43665
 -1.62317
 -1.78437
 -2.42637
 -2.06489
 -0.765032
 0.440189
 1.33824
 0.530117
 0.670513
 -0.028216
 -0.10006
 -0.32134
 -0.53722
 -0.687392
 -0.686461
 -1.01327
 0.12625
 0.56103
 0.309173
 0.538267
 -0.344931
 -0.492169
 -0.412202
 -1.06928
 -0.885371
 -0.834263
 -0.929541
 -0.519162
 -0.670577
 -1.48137
 -0.633323
 -1.90287
 -1.67546
 -1.40584
 -1.6491
 -1.35733
 -0.662394
 -0.580833
 -0.923499
 -0.291407
 -1.58792
 -0.123142
 0.0262778
 -0.680714
 -0.00368561
 0.239837
 0.752753
 -0.000395178
 -0.913674
 -0.722592
 -0.521107
 -0.920499
 -0.376809
 -0.534373
 -1.55569
 -0.138815
 -0.438038
 -0.805595
 -1.16423
 -0.568707
 -0.965308
 -0.219945
 -0.478902
 0.247314
 -0.0591412
 -0.209698
 -1.03969
 -0.725409
 -0.892438
 0.0138517
 0.474591
 0.225824
 0.478626
 0.858433
 0.520248
 1.28982
 0.106663
 0.236903
 -0.143718
 0.162606
 -0.392626
 -0.662186
 -1.25629
 -0.753558
 -1.52032
 -1.26227
 -1.95479
 -2.73855
 -3.13769
 -3.39562
 -1.88558
 -1.35308
 -1.30969
 -0.912228
 -0.871456
 -2.24406
 -1.26852
 0.547691
 -0.0158276
 -0.0997592
 0.412201
 0.441327
 1.61673
 1.20169
 1.1487
 1.25281
 0.587943
 0.416255
 -0.310833
 0.631501
 0.955419
 0.808968
 0.88619
 0.905611
 0.306181
 0.058886
 0.101002
 -1.01637
 -2.73933
 -2.20676
 -0.499344
 -0.817168
 0.159816
 0.607232
 1.80221
 1.25431
 0.847404
 1.25102
 1.89105
 1.74971
 1.08872
 1.23313
 2.43359
 1.74827
 1.50395
 1.76511
 2.06059
 1.44754
 -0.420705
 -0.115376
 -0.150658
 -1.18976
 -0.180182
 0.355244
 -0.0741602
 0.651986
 0.158621
 0.451384
 1.12071
 0.567645
 0.319484
 0.535471
 0.581726
 0.66629
 0.334681
 0.119673
 -0.162058
 0.823694
 1.10674
 1.85595
 1.31084
 1.13376
 0.887801
 1.74242
 1.05355
 0.557993
 -0.0349663
 -0.11006
 -0.76233
 -1.8594
 -1.84247
 -1.77223
 -1.1105
 -1.01283
 -0.490613
 0.095961
 0.59614
 1.27982
 1.76943
 0.867625
 0.914885
 0.929882
 -0.510687
 -0.182066
 -0.318901
 -0.195465
 0.386052
 0.303209
 0.838731
 0.494108
 -0.0489892
 -0.34586
 0.219443
 -0.712087
 0.0226194
 -0.824411
 -0.519383
 -0.0588194
 0.805902
 -0.287097
 0.881401
 0.304454
 1.22301
 1.33943
 -0.0118795
 -0.0372745
 0.292677
 -0.789964
 -1.26324
 -2.6384
 -2.10051
 -1.74752
 -1.03194
 -1.30363
 -1.14524
 -0.117542
 0.019353
 -0.293968
 -0.0788918
 -1.4286
 -0.2626
 0.867727
 1.11016
 0.896513
 1.13762
 -0.308806
 1.24715
 1.02578
 1.36072
 0.0441094
 -0.16407
 0.292343
 0.0298826
 0.929703
 1.29405
 1.0699
 0.623689
 -0.0787231
 -1.16484
 -0.400614
 -0.852787
 0.619476
 0.519863
 -0.376246
 -0.655476
 -1.08351
 -0.828462
 -0.994937
 -0.180809
 1.13144
 1.23324
 1.67413
 0.926384
 0.48315
 0.341351
 0.246103
 0.775126
 0.77463
 0.273859
 1.71802
 2.38231
 1.75019
 0.382329
 -0.188061
 -0.208753
 -0.670474
 -0.886014
 -1.36938
 -0.218918
 0.872364
 0.292005
 0.83723
 1.18826
 2.28162
 1.2283
 0.434182
 0.404523
 -0.373868
 0.00722107
 -0.71523
 -1.35123
 -0.247939
 -1.32917
 -1.34622
 -0.507628
 -1.29291
 -1.70394
 -1.49969
 -1.57111
 -0.836192
 -0.51658
 -1.09853
 -0.664092
 -0.0495395
 -0.142326
 1.09684
 0.415459
 0.658686
 1.15402
 1.15833
 0.833826
 0.788247
 0.543659
 0.463301
 0.476427
 0.492765
 0.473954
 0.925916
 1.55493
 0.760566
 1.38881
 2.61037
 1.63026
 0.824237
 1.0337
 1.61446
 -0.173967
 0.0700932
 0.261453
 0.385346
 -0.269006
 -1.0096
 -1.56238
 -1.27657
 -0.384451
 0.953059
 0.295059
 -0.272513
 -0.70733
 -0.926339
 -1.12193
 -1.25257
 -0.384899
 0.508943
 -0.0911382
 -0.47705
 -1.45074
 -1.25025
 -1.80537
 -1.94003
 -0.626178
 0.43583
 0.772133
 0.514745
 -0.93932
 -1.73147
 -1.29044
 -0.482372
 -0.494548
 -1.28163
 -1.90177
 -1.41822
 0.266597
 0.140899
 -0.271442
 -0.759806
 -0.867326
 -0.641284
 0.268695
 0.541832
 1.44335
 1.18406
 0.728207
 1.52255
 0.750009
 -0.970276
 -0.0272165
 -0.446886
 -1.53538
 -0.433521
 -0.597524
 -0.592731
 -0.713556
 -0.273742
 0.0704224
 -0.897698
 -1.36808
 -0.651552
 0.162394
 -0.0504554
 -0.0636355
 -0.280472
 -0.463936
 -0.272839
 -0.592669
 0.0181516
 0.777854
 0.941533
 1.51423
 0.71495
 -1.19327
 0.498717
 0.709321
 -0.182877
 -0.0118581
 0.320537
 0.60335
 1.51764
 0.197761
 0.511108
 0.549209
 0.821601
 0.747275
 0.806622
 1.41369
 1.03459
 -0.0127482
 -0.401851
 -1.37427
 -1.97026
 -2.29858
 -1.77927
 -1.10725
 -0.981897
 -0.308683
 -1.08252
 -1.36157
 -1.96387
 -1.9406
 -1.8462
 -2.33706
 -2.24891
 -2.58149
 -2.66069
 -1.19713
 -1.01607
 -1.69821
 -1.76665
 -1.51517
 -0.970292
 -0.997054
 -0.883254
 0.372923
 0.550995
 -0.194068
 0.278026
 0.950689
 0.481426
 0.54824
 0.31242
 0.432675
 0.124692
 -0.0686965
 -0.199607
 -0.576259
 -0.904531
 -0.909993
 -1.42586
 -1.89984
 -1.63469
 0.109854
 0.148861
 -0.058841
 -1.42537
 -1.40548
 -1.48087
 -0.572167
 -0.886668
 -1.32474
 -0.893594
 -1.05511
 -1.66012
 -2.20784
 -1.41371
 -1.1215
 -0.984864
 -0.45093
 -1.32869
 -0.310107
 -0.998821
 -0.728515
 -0.655237
 -0.728018
 -1.59614
 -1.33456
 -0.927191
 -1.63156
 -0.789217
 -0.940406
 -0.474535
 -1.26993
 -0.969068
 -1.49721
 -2.35284
 -1.67369
 -1.35985
 -1.01313
 -0.605825
 -1.07358
 -0.706747
 -0.531138
 -1.51988
 -1.44034
 -1.57445
 -0.33966
 0.411751
 -0.244826
 0.00552456
 0.361061
 0.959903
 0.351394
 0.0615344
 -0.316758
 0.19587
 0.23418
 -0.162879
 0.214547
 -0.635891
 -0.485998
 0.0897756
 0.142366
 -0.388954
 -0.81407
 -0.485065
 -0.166713
 -0.133219
 0.0117235
 -0.169533
 -0.873747
 -0.898998
 -0.209845
 -0.413563
 0.686156
 0.620408
 0.479016
 0.790578
 1.25656
 1.35652
 0.179504
 1.03693
 0.593929
 0.583047
 -0.409382
 0.476425
 1.0061
 1.41875
 1.60076
 1.91664
 1.7996
 1.42026
 1.475
 0.949469
 0.543433
 0.242619
 0.16337
 -0.497513
 -0.743595
 -0.628652
 -1.58977
 -0.253928
 -0.168458
 -0.986822
 -0.282952
 -0.499802
 -0.28324
 -0.178522
 0.096579
 0.336053
 -0.406475
 -0.609435
 -0.273824
 0.0979686
 -0.789617
 -0.355669
 -0.673971
 -0.138016
 -0.634632
 0.71977
 0.496198
 0.428339
 1.20402
 0.826243
 1.62471
 0.973992
 2.29255
 1.33512
 1.05829
 -0.220422
 0.153331
 -0.789741
 -0.928534
 -0.868896
 -0.552258
 0.651529
 1.41682
 1.64089
 1.30066
 0.820157
 1.66767
 1.31438
 1.10133
 0.55757
 0.674427
 0.775279
 1.51722
 0.589642
 -0.267161
 -0.288841
 -0.333968
 -1.30291
 -0.665344
 -0.648542
 -1.1894
 -1.45917
 -0.272781
 -0.29351
 -0.176335
 -0.341677
 -0.156865
 -0.704886
 0.661881
 0.537308
 -0.199286
 0.538207
 -0.306164
 0.0474005
 0.267018
 1.01636
 0.752124
 0.0478514
 0.874615
 1.38279
 2.33918
 1.64574
 0.589802
 -0.680006
 -0.507434
 -0.406607
 0.128462
 -0.669831
 -0.766971
 -0.513923
 -0.688256
 -0.84995
 -1.15987
 -0.190824
 -0.105709
 0.400894
 0.377434
 -0.0288447
 -0.232451
 0.0406481
 -1.40615
 -1.62725
 -1.83144
 -1.50212
 -0.621324
 -0.184602
 -0.572621
 1.20935
 1.26353
 0.85033
 -0.276635
 0.327773
 0.250825
 -0.494622
 -0.2447
 0.356156
 -0.0452175
 -0.934804
 -0.526063
 0.410438
 0.554167
 0.393752
 0.444074
 -0.392142
 -1.31745
 -0.932636
 -0.74808
 -0.0413704
 0.0163269
 0.781118
 0.276446
 -0.224133
 -1.04325
 -1.48948
 -1.26592
 -1.48014
 -1.3815
 -1.72431
 -0.966543
 -2.36172
 -1.40665
 -0.594933
 0.225603
 0.277598
 0.643674
 0.526072
 0.384953
 0.491051
 -0.291957
 0.508756
 0.205508
 0.803994
 1.05087
 1.75648
 1.54296
 1.59361
 1.27559
 1.45793
 1.10757
 1.60493
 1.09166
 0.771213
 1.17118
 0.148846
 0.589651
 0.544135
 1.02751
 1.48511
 1.19254
 0.629124
 0.188677
 0.856676
 -0.624564
 -0.445686
 0.00798653
 0.194328
 -0.116998
 -0.890004
 -0.416364
 0.316919
 -0.145779
 -1.15107
 -2.10398
 -1.4499
 -0.580454
 -1.51627
 -1.19775
 -0.856349
 -1.52369
 -1.36884
 0.401978
 0.683868
 -0.63671
 0.1077
 -0.8906
 -1.14717
 -1.00581
 0.524127
 0.737236
 -0.0523238
 0.614614
 0.339628
 0.511852
 0.269675
 0.19885
 0.122156
 -0.691739
 -0.576922
 -1.05664
 -1.58824
 -0.640742
 -0.396951
 -0.0420242
 -0.0317493
 -1.82129
 -0.819771
 -1.12054
 -1.97656
 -1.37591
 -1.45452
 -1.76857
 -1.11492
 -0.195959
 -1.11311
 -0.0799172
 -0.9061
 0.736787
 0.581782
 0.207084
 0.886521
 1.6897
 1.19595
 0.471213
 1.79161
 1.76387
 0.887208
 -0.0361687
 -0.236231
 -0.523586
 -0.320886
 -0.682106
 -0.860011
 -0.649515
 -0.111327
 0.4558
 -0.414482
 -0.681427
 -1.18079
 -0.597579
 0.187873
 0.0711235
 1.06071
 1.15849
 0.249155
 -0.504421
 1.04742
 0.544912
 0.802237
 1.01663
 -0.0446219
 0.528679
 -0.063841
 -0.331394
 -0.429016
 -0.189284
 -0.370632
 -0.668769
 -0.385447
 -1.74007
 -0.591673
 -2.07784
 -1.62288
 -2.23087
 -1.28474
 -1.44709
 -2.05048
 -2.02518
 -1.70675
 -1.0391
 -0.589915
 -0.802027
 0.380168
 1.19153
 0.238352
 0.482559
 -1.12724
 -1.29262
 -1.66854
 -1.14631
 -0.883202
 0.0778542
 -0.0694467
 0.329004
 0.00995511
 0.0367334
 -0.578728
 -0.0448246
 -0.319118
 0.253877
 0.241205
 -0.263205
 -1.06601
 -0.768186
 -0.169713
 0.687091
 1.68473
 0.75749
 0.320426
 0.633786
 -0.232498
 -0.58283
 -0.312598
 -0.182195
 0.15792
 0.182633
 -0.49026
 -1.00809
 -0.302558
 0.34663
 0.261427
 0.306168
 0.11353
 0.242733
 0.175484
 -1.09949
 -1.07518
 -0.300682
 0.189857
 0.00953386
 -0.783284
 -0.689104
 -0.581272
 -1.5912
 -1.41994
 -0.867293
 -0.342414
 -0.454259
 -0.0272025
 0.0680308
 0.608079
 0.610292
 0.266327
 0.684469
 0.35852
 0.301118
 -0.235012
 -0.399374
 0.970899
 0.44012
 0.80455
 -0.282749
 -0.557994
 -0.64953
 -0.336991
 -1.29762
 -0.134595
 0.640226
 -0.456592
 0.691622
 0.425471
 0.215979
 0.618327
 0.801505
 -0.259938
 -0.469841
 0.266165
 0.536791
 1.69054
 1.06232
 1.78217
 0.0168938
 -0.203664
 -0.252857
 -1.02306
 -1.75972
 -0.243119
 0.542628
 -0.301387
 -0.657419
 -0.13997
 0.568562
 1.16197
 0.872968
 0.109711
 0.112922
 -0.0773191
 -0.167573
 -0.217189
 0.798347
 -0.14068
 -0.545094
 -0.105251
 0.520617
 1.54217
 0.554759
 1.22164
 0.76241
 0.537438
 0.156949
 0.0358562
 0.115066
 -0.0559175
 0.0105222
 0.450853
 1.34586
 0.756254
 1.88229
 0.810265
 1.25895
 0.792031
 0.924141
 0.191287
 0.584999
 0.0285774
 0.474259
 0.671481
 0.45537
 0.521725
 1.10497
 1.42995
 1.33084
 0.745854
 0.126622
 0.453842
 1.15138
 1.09352
 0.402191
 0.930317
 0.42412
 -0.0280289
 0.274264
 1.60753
 1.44622
 0.928238
 0.523217
 0.536868
 0.512328
 -0.830831
 -0.618352
 -1.8988
 -2.18087
 -1.99176
 -2.25116
 -1.63966
 -0.418367
 -0.468185
 -0.432614
 -0.567461
 -0.505665
 -1.31494
 -1.69615
 -1.68333
 -0.917123
 -0.891886
 -1.01937
 -0.868399
 -0.191402
 0.933721
 0.824101
 1.6177
 1.91661
 1.97201
 0.566105
 0.214814
 0.602149
 0.828523
 1.14148
 0.55312
 0.216704
 1.01107
 0.934782
 -0.219074
 0.409495
 -0.210615
 -0.52243
 -0.0191646
 -0.499455
 0.688711
 1.11933
 -0.223348
 0.0589028
 0.490629
 1.06675
 0.631196
 1.33158
 0.770965
 0.477643
 1.50795
 1.09445
 0.459942
 0.313269
 -0.259724
 -1.28303
 -1.13877
 -0.992415
 -1.10578
 -0.26904
 0.408691
 -0.351873
 0.397189
 1.5323
 1.10278
 0.459473
 0.396265
 -0.743152
 -0.399843
 -0.0821871
 -0.451865
 0.314537
 -0.0184588
 0.620631
 1.41394
 1.515
 1.6222
 1.64039
 1.3742
 1.07016
 1.01117
 1.30258
 0.83753
 2.33844
 1.0302
 0.998692
 0.455606
 1.07115
 0.945613
 -0.00149337
 0.721283
 -0.748443
 -0.4562
 0.251389
 0.367579
 0.101098
 -0.000338227
 0.0522647
 1.07583
 0.892929
 1.5413
 2.53067
 2.06335
 0.506738
 -0.574137
 0.517759
 -0.0699105
 -1.05364
 -0.31777
 -0.348483
 0.213634
 0.765846
 1.04788
 0.97445
 0.737672
 -0.406062
 0.0621205
 -0.0912748
 -0.170905
 -0.0420725
 -0.0945445
 -0.470427
 0.381151
 0.797441
 0.269458
 -0.164662
 0.892945
 1.06977
 0.0483329
 1.17638
 1.20955
 2.71383
 1.99984
 1.71688
 0.514046
 -0.377214
 -0.636565
 -0.269541
 -0.848804
 -0.663557
 -0.165548
 0.352516
 0.588701
 -0.0110216
 0.687982
 0.506504
 0.376873
 -0.0239325
 0.887706
 1.49977
 1.30424
 0.739201
 -0.35751
 0.439072
 -0.0787409
 -0.156172
 -1.66848
 -0.976183
 -1.52706
 -1.35432
 -0.271674
 -0.306882
 -0.417491
 -0.764905
 -0.32712
 -0.956182
 -0.838568
 0.0510868
 -1.38721
 -0.9771
 -0.969089
 -0.79819
 -1.09949
 -0.644387
 -0.427373
 -0.339362
 -0.223675
 0.406533
 0.848953
 0.683414
 0.614937
 1.35719
 1.16519
 1.39566
 1.35076
 1.73228
 1.45902
 1.92596
 2.05439
 1.20003
 0.383886
 -0.469568
 -0.573956
 -1.51915
 -0.368204
 0.493699
 0.462683
 0.583937
 0.770078
 0.208233
 0.981008
 0.99565
 1.27055
 1.25288
 1.19375
 1.37461
 1.33444
 0.51268
 0.602051
 1.07576
 1.76587
 1.30796
 1.16593
 0.617288
 -0.0218654
 0.494717
 0.564365
 1.65112
 0.871408
 0.500607
 0.0390724
 -0.154632
 0.0220158
 -0.810778
 -1.71099
 -0.388656
 -0.615614
 0.175639
 0.349527
 -0.102466
 -1.0259
 -1.3573
 -1.0762
 0.0600938
 -1.37093
 0.294168
 -0.218548
 -0.549744
 -1.04564
 -1.32334
 -1.55895
 -1.30662
 -0.472968
 0.633296
 0.518759
 0.127226
 1.85388
 0.738336
 -0.720242
 -1.27382
 -0.61995
 -0.363041
 -1.32481
 0.230957
 -0.299065
 -0.445295
 -0.0338972
 0.961089
 0.639924
 1.30663
 1.13743
 1.29146
 0.655429
 0.225686
 0.533667
 0.878798
 0.0597811
 -0.473284
 -1.21534
 -1.66125
 -1.96516
 -1.54841
 -1.5084
 -1.21105
 0.130359
 -0.572867
 0.225081
 0.487331
 0.222561
 0.299612
 -0.259745
 0.0444859
 0.722455
 0.625721
 0.0175715
 0.554261
 0.266532
 0.230113
 0.632314
 0.388674
 1.46856
 0.671398
 -0.337856
 -0.607911
 -1.14401
 -0.884216
 -0.0385351
 -0.448577
 -0.190076
 -0.374942
 0.0229788
 -0.204685
 -0.231978
 -0.00886601
 -0.104607
 -0.393169
 -0.601414
 -0.528042
 -0.651624
 -0.12855
 0.0565307
 -0.651228
 -0.44823
 -1.44197
 -0.487165
 -0.635728
 -0.31705
 1.19387
 1.86569
 1.64915
 1.05134
 0.217033
 0.270654
 0.980853
 1.5613
 1.01747
 0.481134
 0.733335
 -0.454392
 -0.0251038
 0.379952
 2.16858
 2.60536
 3.01114
 1.55031
 2.04418
 1.7306
 1.12746
 1.50552
 2.19115
 1.92674
 0.649725
 0.364851
 0.391744
 -0.23992
 -0.000465348
 0.609073
 0.563781
 0.0665231
 -0.168052
 -0.319427
 -0.337435
 0.322749
 0.138359
 -0.791021
 -0.0382674
 -1.04546
 0.346208
 1.79631
 1.06236
 1.01367
 0.325675
 0.951867
 1.50462
 1.36072
 0.771881
 0.989423
 1.58929
 0.516391
 -0.0558845
 0.557605
 0.70398
 0.201301
 0.462064
 0.116437
 0.811914
 0.895085
 0.807409
 -0.254119
 -0.60533
 -0.732749
 -0.16418
 -0.738932
 -0.528993
 -1.4007
 -0.308028
 -0.239702
 -0.896887
 0.249041
 -0.879208
 -1.24296
 -2.03575
 -1.72978
 -0.86961
 -1.33973
 -2.33359
 -0.855019
 -0.739932
 0.46492
 0.183119
 0.228722
 0.101753
 -0.30252
 -0.18648
 0.18484
 0.997942
 0.541465
 0.364663
 0.462252
 2.04908
 1.0899
 1.24868
 0.189559
 0.0372103
 0.18924
 -0.268288
 0.630874
 1.48812
 0.307719
 0.464007
 0.593071
 0.413319
 1.31749
 1.90578
 2.31956
 1.47155
 1.71771
 0.825192
 -0.387722
 -1.02035
 -0.217912
 0.551575
 0.970293
 0.860945
 0.290107
 0.306845
 0.11272
 1.04976
 1.56338
 0.824599
 0.584773
 -0.0275833
 -1.38347
 -0.912911
 -1.25799
 -1.49366
 -1.06892
 -2.04697
 -2.12587
 -1.36557
 -1.60325
 -1.60222
 -0.903701
 -0.753493
 0.164381
 -0.774851
 0.0472187
 0.347835
 -0.169926
 -0.358192
 -0.218479
 -1.61687
 -1.06067
 -0.683159
 0.170165
 0.0271152
 0.154815
 0.588594
 1.00646
 1.95394
 1.45857
 0.638824
 1.30295
 1.72896
 1.89099
 1.12597
 0.596532
 -0.0991392
 -0.349199
 0.52279
 -0.143281
 0.403869
 0.369526
 -0.292657
 0.323899
 0.823976
 1.90062
 0.920024
 1.33795
 1.35438
 1.02125
 0.491057
 0.456389
 1.05995
 0.702796
 1.02015
 1.06498
 0.339536
 0.0932727
 -0.148686
 -0.223889
 -0.301539
 -0.55693
 1.00923
 0.311608
 -1.14066
 0.399747
 -0.0798932
 -0.146573
 -0.0468317
 -0.229457
 0.396737
 0.607999
 0.307951
 -0.829728
 -0.454593
 -0.693019
 0.0574503
 0.945931
 0.939735
 0.814371
 -0.260189
 0.441547
 0.860703
 0.116596
 -0.30602
 -0.0326312
 -0.327647
 0.441231
 -0.00521824
 1.46791
 1.07437
 1.05834
 0.890176
 0.978508
 1.14507
 0.3969
 0.155685
 -1.1025
 -1.6879
 -0.956678
 -1.10218
 -1.32432
 -1.51511
 0.00411341
 -0.358267
 -0.268966
 -0.25848
 -0.706934
 -0.484517
 -1.15477
 -0.423138
 -0.485988
 0.117271
 -0.0421964
 0.220176
 0.29336
 0.246893
 -0.116083
 0.439052
 0.408909
 0.797894
 1.13577
 2.18923
 2.93328
 2.30428
 2.46992
 1.72133
 1.848
 2.93474
 2.98264
 1.75559
 1.60844
 1.36498
 2.06847
 1.07619
 0.564931
 0.948224
 1.20844
 0.810348
 -0.650685
 1.02731
 -0.32105
 0.128945
 0.812658
 1.3226
 1.1146
 1.13597
 0.620754
 -0.33094
 -1.34616
 -1.48203
 -1.93458
 -2.16604
 -1.02262
 -1.82867
 -1.51456
 -2.19649
 -1.14945
 -1.5028
 0.409695
 0.370241
 0.535667
 0.251321
 -0.761921
 -1.09673
 -1.77553
 -1.98245
 -2.6507
 -1.60561
 0.149332
 -0.453719
 -1.15833
 -0.947136
 -1.08042
 0.229882
 0.361655
 0.411351
 -0.76961
 -0.0557713
 -0.424561
 -1.1452
 -1.77353
 -1.48007
 -1.18508
 -1.09766
 -1.31262
 -1.14214
 -1.62795
 -0.907697
 -0.498535
 0.104485
 -0.143507
 0.718507
 -0.40792
 -0.158211
 -0.967511
 -0.631105
 -1.13099
 -1.43087
 -2.16802
 -2.32168
 -1.09926
 -0.220861
 0.176573
 -0.33628
 -0.0134883
 -1.08708
 -0.509265
 -0.703607
 0.462497
 0.737644
 0.189014
 0.636943
 0.670141
 1.37701
 0.839038
 0.876377
 1.60583
 0.902325
 1.16572
 1.82082
 1.24216
 1.70938
 1.0381
 0.782766
 1.02519
 0.313227
 0.824029
 0.31831
 0.396852
 -0.147436
 1.21876
 -0.0915569
 -0.816435
 -1.48284
 -0.787766
 -0.680974
 -1.79039
 -1.66254
 -2.61116
 -2.38184
 -2.50104
 -1.76609
 -1.14491
 -1.2076
 -1.0724
 0.832178
 1.16741
 0.223087
 -0.50719
 -0.225603
 -0.568321
 0.71823
 0.45073
 -0.455648
 -0.117623
 -0.425681
 -1.37905
 -1.45612
 -2.28784
 -1.51641
 -1.18498
 -1.14749
 -0.160287
 0.290882
 0.0914866
 0.728172
 -0.209301
 -0.772822
 -1.37879
 0.0178953
 0.0613866
 -0.577697
 -0.548066
 -1.08158
 -0.564261
 0.319665
 0.687112
 0.927407
 0.444662
 1.38438
 -0.154669
 1.26683
 0.869035
 0.434975
 0.807065
 1.13857
 1.26419
 0.475149
 0.288158
 -0.00878081
 -0.666649
 -1.55694
 -0.724177
 -0.816284
 -0.0537221
 -0.024717
 0.66702
 1.25067
 1.02774
 0.751176
 0.108528
 0.709496
 -0.0210281
 -0.783866
 -1.20219
 -2.09458
 -2.71079
 -1.57416
 -2.069
 -2.08806
 -1.35765
 -0.905208
 -0.704567
 -0.290933
 0.735178
 0.224592
 0.264831
 -0.183384
 0.453902
 0.977769
 1.21878
 1.52132
 0.188803
 -0.323399
 -1.77667
 -1.32007
 -1.14923
 -0.00120161
 -0.340968
 -0.189824
 -0.387237
 -1.15758
 -0.706352
 -0.875892
 -0.249132
 1.23143
 0.899584
 0.994662
 0.582311
 0.199662
 0.200454
 -0.445681
 -0.79736
 -0.0630318
 0.244215
 -0.0349945
 0.269143
 -0.105877
 -0.595313
 -0.867867
 -1.09748
 -1.38424
 -0.531458
 -0.469817
 0.547815
 1.28467
 0.861516
 0.940208
 0.665768
 -0.39851
 -0.352308
 -0.134715
 -0.40916
 -0.450752
 0.145651
 0.976871
 0.0778251
 0.329709
 -1.34878
 -1.48936
 -0.677493
 -0.506329
 0.349384
 1.05394
 1.07831
 0.591475
 0.750385
 0.713361
 2.15245
 1.50344
 1.29317
 1.31384
 1.18045
 0.163103
 0.534467
 0.801252
 1.49142
 0.664435
 0.821873
 0.19908
 -0.0956876
 0.575891
 -0.518352
 -1.91704
 -2.41062
 -1.28291
 -0.973639
 -0.181144
 -1.27021
 -1.25042
 -1.07859
 -1.05343
 -1.42718
 -1.54822
 -0.87448
 -1.48176
 -1.0707
 -1.79634
 -1.24452
 -0.572596
 -0.811734
 0.322556
 0.922463
 1.56687
 2.33338
 2.4611
 1.35406
 1.40652
 1.13982
 1.92579
 1.85585
 2.27096
 2.04193
 2.52974
 2.36311
 1.46372
 1.67721
 1.30462
 0.359346
 0.626393
 -0.629244
 -0.757737
 -0.792355
 -0.794038
 -0.558845
 -0.622404
 -1.73223
 0.160821
 -0.233949
 0.0510976
 1.42066
 1.99174
 0.886256
 0.668882
 -0.847432
 0.442211
 0.2868
 -0.674306
 -0.87764
 -0.517406
 -1.11249
 -1.19274
 -1.15759
 -0.762536
 -1.10697
 -1.06247
 -0.722734
 -0.676912
 -0.825305
 0.00555498
 0.839788
 2.40574
 1.72896
 1.16898
 0.480595
 0.1217
 -0.377748
 0.0704734
 0.334826
 0.364536
 -0.16531
 0.185898
 -0.117097
 0.0262802
 0.63776
 0.90035
 0.258354
 0.0318517
 -0.390762
 -0.845766
 -1.46538
 -1.27349
 -1.39093
 -0.0915282
 0.957328
 1.58015
 1.22869
 1.74843
 1.98542
 1.80525
 1.52497
 1.78926
 0.0307626
 -0.4965
 -0.163641
 -0.138991
 -0.25228
 -0.252039
 -0.816491
 -0.636358
 -0.328119
 0.0645456
 -0.582432
 -0.0112026
 -0.45587
 -1.68062
 -1.53415
 -0.934897
 0.130767
 0.272236
 0.171646
 -0.792501
 -0.376155
 0.234153
 0.601834
 1.37741
 1.55476
 1.00495
 1.68432
 1.84786
 1.25311
 0.976525
 0.880516
 -0.185679
 -0.292459
 -0.477839
 -0.802198
 -1.33361
 0.173516
 -0.527651
 -0.0289818
 -0.399947
 0.430792
 -0.671759
 -0.615377
 -0.946224
 -0.9634
 -0.928316
 -0.59966
 -0.116713
 -0.458997
 -0.809415
 0.498721
 -0.461046
 -0.496593
 0.126657
 1.04244
 -0.224621
 -0.563496
 -0.234635
 0.105518
 -1.65487
 -1.73333
 -1.69761
 -0.84751
 0.427025
 0.387859
 0.673883
 1.03948
 0.738572
 -0.331576
 -1.0952
 -0.958546
 -0.100188
 -0.411696
 -0.563547
 -1.2268
 -0.321755
 -0.030583
 -1.03148
 -1.26855
 -1.2552
 -0.725586
 -1.5222
 -0.90551
 -1.27735
 -1.38042
 -0.797256
 -0.784271
 -0.793944
 0.186015
 -0.96749
 -0.413681
 -0.394263
 -0.233178
 -1.39743
 -1.31226
 -1.67004
 -0.153647
 -0.347915
 -0.633518
 -0.0715674
 -0.513615
 -0.334144
 -0.357428
 -0.34527
 -0.702213
 0.222998
 0.151947
 1.27088
 0.363843
 0.202621
 -0.907319
 -1.15612
 -1.59874
 -2.33388
 -2.42755
 -1.47852
 -1.1679
 -1.06673
 -1.21689
 -1.48315
 0.121433
 1.02394
 -0.312237
 -0.815087
 -1.23345
 -0.438067
 -0.804768
 -0.612442
 -0.0283238
 0.609605
 0.654533
 0.380126
 0.531946
 1.35912
 0.774961
 1.72293
 2.20548
 1.64935
 1.24589
 -0.145906
 -0.498606
 -0.421561
 -0.407712
 0.418033
 0.698948
 0.214616
 -0.267907
 -1.09415
 0.0546875
 0.493721
 0.233847
 0.669072
 0.0584738
 -0.351684
 -0.476305
 0.575058
 0.210244
 -0.926339
 0.803609
 -0.173706
 -0.714006
 0.959936
 0.766322
 0.771834
 0.348845
 1.17827
 0.267659
 0.238891
 -0.0141267
 0.634014
 0.566529
 0.624276
 0.192911
 -0.938395
 -0.903256
 -0.893759
 -2.16546
 -1.72348
 -2.36345
 -1.45762
 -1.33409
 -0.307696
 0.159365
 0.033307
 -0.2459
 -0.563811
 -0.0208263
 -0.128942
 -0.00626172
 -0.633039
 -1.33264
 -0.6995
 -0.737712
 -0.949606
 -0.393278
 -0.729854
 -1.7264
 -0.584974
 -0.43142
 -0.173007
 0.399347
 0.52347
 0.133048
 -0.518544
 0.096402
 0.491394
 0.542151
 0.655878
 -0.0991159
 -1.02448
 0.0593729
 -0.108602
 -0.60683
 0.472046
 -0.276273
 0.185171
 -0.0969031
 -1.9184
 -2.14098
 -1.18859
 -0.595965
 -0.654127
 -0.447693
 0.618537
 0.756158
 -0.185633
 0.135663
 -0.084055
 0.317123
 0.0412074
 0.228764
 0.266539
 0.673857
 0.51046
 -0.292751
 -0.865434
 -0.0569621
 -0.443076
 0.230123
 0.778491
 1.16315
 0.928452
 0.911608
 1.1421
 1.58832
 0.908595
 0.35777
 1.42902
 1.40407
 0.0260555
 0.458091
 0.462868
 -0.558737
 -0.300859
 -1.92462
 -0.554712
 0.0649836
 -0.0229003
 0.472394
 0.187741
 -0.876948
 0.581228
 1.15034
 1.88293
 2.15444
 0.573745
 0.439205
 0.404221
 0.654644
 -0.228252
 0.555694
 -0.0588966
 0.822549
 0.637636
 -0.239112
 0.746185
 0.333409
 -0.980841
 -0.435835
 0.360038
 -0.310626
 -1.14564
 -1.53132
 -2.23848
 -1.62036
 -1.0257
 -0.749004
 -0.917741
 -0.329202
 -0.578825
 -0.131479
 0.664043
 -0.450685
 -0.0417036
 0.080664
 0.38083
 0.290566
 0.0784714
 0.120042
 0.317334
 -0.346935
 -0.353974
 0.211229
 -0.624094
 0.00990408
 0.428728
 0.717903
 0.554143
 0.592748
 1.176
 1.04712
 0.522779
 1.68156
 0.966716
 0.505387
 0.239275
 0.0107165
 0.118987
 -0.255858
 -1.08012
 -0.769716
 -1.45194
 -0.920248
 -1.36363
 -0.572486
 0.266314
 0.411584
 -0.0820921
 0.434847
 1.05522
 0.545759
 -0.164257
 -0.154263
 0.232429
 -0.0368136
 0.0287598
 0.143768
 0.103278
 -0.146177
 0.213065
 -0.588407
 -0.0287547
 -0.620131
 0.37118
 -0.0379912
 0.298832
 -0.445144
 0.212398
 0.325018
 -0.0519635
 -0.506839
 -0.477698
 -0.609854
 1.74574
 0.82082
 1.01685
 2.36489
 2.12686
 1.17813
 0.749748
 0.41883
 1.02733
 0.204509
 -0.684553
 -0.157664
 0.529279
 -0.0465461
 -0.666496
 0.205283
 -0.0755075
 -0.12001
 0.8697
 0.254636
 -0.373156
 0.115917
 -0.362098
 0.162271
 -0.0369926
 0.218625
 0.460686
 0.47076
 -0.476254
 -0.17582
 -0.508296
 -0.0527811
 0.126153
 -0.409785
 0.532221
 1.75079
 -0.245365
 -0.521062
 0.248046
 -0.0116425
 0.571865
 0.823621
 0.185081
 -0.974341
 -1.43494
 -2.22632
 -0.948115
 -1.42566
 -2.09318
 -1.71931
 -1.39367
 -1.24505
 -1.26518
 -1.51185
 -0.681477
 -0.216654
 0.265926
 1.29225
 1.93931
 1.7584
 2.5569
 2.134
 2.09485
 1.75085
 0.157615
 -1.45294
 -1.73959
 -0.857243
 -0.542332
 -0.961921
 -1.62215
 -2.02106
 -1.33513
 -0.547273
 -0.369768
 0.658176
 1.83997
 0.575374
 0.803384
 1.92011
 2.23808
 1.99961
 1.48592
 1.44673
 1.75801
 1.61716
 0.372976
 -0.22685
 -0.774376
 -0.260104
 0.811618
 1.58257
 1.2312
 0.833808
 0.797356
 0.480119
 0.452107
 -0.422247
 0.114268
 0.454457
 0.237899
 -0.00286181
 0.376471
 1.25449
 0.524247
 0.653121
 0.539752
 0.0636131
 1.17779
 0.873254
 1.05748
 0.632672
 1.37941
 1.18253
 0.545522
 1.11056
 1.42571
 1.52953
 0.61285
 0.755787
 0.861162
 0.321549
 -0.26265
 0.054054
 -1.63204
 -0.891264
 -0.485612
 -1.15409
 -0.0725557
 -0.266946
 -1.0284
 -0.717453
 -0.734625
 -0.2494
 0.545859
 1.58555
 0.00698594
 0.417266
 0.718786
 0.0988926
 0.723654
 0.862046
 0.730342
 -0.0646964
 -0.0737521
 0.53937
 0.567783
 0.543647
 -0.109923
 1.44525
 1.1516
 0.766751
 0.295864
 -1.11549
 -0.385779
 0.0648818
 0.586893
 1.32747
 0.83614
 1.00065
 0.932582
 1.18544
 0.782839
 0.180455
 -0.830414
 -0.377357
 -0.414757
 0.0949851
 0.668478
 0.314306
 0.200307
 -0.244628
 0.475264
 -0.185929
 0.195993
 1.04112
 1.10424
 2.2136
 1.53178
 0.663915
 -0.202389
 -0.48745
 0.341388
 0.912838
 -0.138065
 -0.587498
 -0.0514621
 0.622379
 -0.668797
 -0.804294
 0.107681
 -0.754401
 -0.0324219
 -0.556043
 -0.0664822
 -2.08044
 -1.67547
 -2.02919
 -1.34558
 -0.0592622
 -0.017836
 0.642145
 0.740493
 0.469203
 -0.215869
 -0.0234964
 0.877053
 0.244075
 0.0454913
 -0.110398
 -1.75176
 -0.0928802
 -1.04574
 -0.545879
 -0.888714
 -0.0852496
 -1.08844
 -0.956138
 -1.15273
 -0.0957882
 -0.655516
 -0.012294
 -0.244305
 -1.22118
 -2.70324
 -3.13943
 -2.18992
 -2.22552
 -1.90817
 -1.95901
 -1.69687
 -0.683401
 -1.50768
 -1.39497
 -1.51244
 -1.6356
 -0.523093
 -0.437952
 -0.138745
 0.161403
 -0.878706
 0.267242
 -0.70687
 0.354893
 0.398015
 0.512561
 -0.17571
 0.230285
 -0.752064
 0.174685
 -0.502909
 -1.38454
 -0.826822
 -1.01874
 -2.32679
 -2.16044
 -0.961483
 -1.53896
 -0.70565
 -0.269088
 -0.100186
 0.0285924
 1.09194
 1.36997
 1.572
 1.4456
 1.0769
 -0.448893
 -0.250422
 -0.919293
 0.906118
 0.416122
 0.494405
 0.198063
 0.906381
 1.75784
 1.39516
 0.898891
 -0.323875
 -0.242874
 0.0996433
 -0.5095
 -1.32893
 -0.949808
 -0.856867
 -0.361927
 -0.733125
 -0.4741
 -0.735942
 -0.416107
 -1.27781
 -0.885447
 -1.07283
 -1.12816
 -0.00804602
 0.259087
 0.137567
 -0.170833
 0.728902
 1.3841
 0.828353
 1.41104
 1.61861
 0.643721
 1.8797
 0.905803
 0.0880797
 -0.260778
 -0.175325
 -0.916516
 -0.865802
 -0.312527
 1.03129
 -0.0431256
 -0.222071
 -0.140973
 -0.164545
 0.722172
 0.479927
 0.655694
 0.983652
 1.64781
 1.26378
 0.376702
 1.41229
 0.570581
 0.612821
 0.67027
 1.35764
 1.75188
 1.21248
 -0.771213
 -1.05288
 -1.4232
 -0.859656
 -1.43
 -2.2299
 -3.05046
 -1.3623
 -0.182148
 -0.746928
 -1.97545
 -0.634103
 -0.962474
 -0.753058
 -1.49278
 -2.23897
 -1.17075
 -1.41834
 -0.467474
 0.201958
 -0.724428
 -0.792197
 -0.926168
 -1.30772
 -2.30664
 -1.77358
 -1.60345
 -0.253456
 -0.0704239
 -0.534171
 -0.466363
 0.515866
 0.492411
 -0.52159
 -0.391729
 -0.258169
 0.290356
 -0.265952
 -0.40034
 -1.12789
 -0.50178
 -0.639001
 -0.743492
 -0.520684
 -0.598513
 -0.977175
 -0.478572
 -0.63415
 -0.291149
 0.178506
 0.387785
 1.16789
 0.822103
 0.641793
 1.01409
 1.01132
 1.6283
 1.16907
 2.23922
 1.5074
 0.50459
 0.108233
 1.21192
 1.2537
 1.23398
 0.299533
 -0.586902
 -0.146575
 0.918919
 0.922672
 1.23849
 0.30106
 0.559348
 -0.140941
 0.672093
 -0.953034
 -1.06369
 -1.40331
 -0.784014
 -0.280953
 0.409558
 0.963302
 0.826391
 0.611233
 0.208874
 -0.000629735
 0.186507
 -0.350806
 -1.20455
 -1.52378
 -1.00022
 -0.38777
 -0.619262
 -0.600978
 -0.0240068
 0.630325
 0.936185
 -0.131036
 -0.179854
 -1.03346
 -0.282887
 -0.340678
 -0.35424
 0.243951
 0.851761
 0.137542
 0.0668136
 0.331311
 0.324339
 0.655734
 1.45628
 0.913266
 1.63723
 1.17577
 1.22951
 1.2044
 0.697078
 -0.247587
 0.018487
 -2.00145
 -1.3591
 -1.90294
 -0.755692
 -0.076583
 -0.109184
 0.951661
 1.27182
 2.9061
 2.22329
 1.28794
 0.128394
 -0.0397078
 0.00552781
 -0.247223
 1.36422
 1.25848
 1.5163
 1.08238
 0.801189
 0.829616
 0.854969
 -0.100093
 -0.222497
 0.876533
 0.127978
 -0.637119
 -0.927016
 -0.865078
 -1.13087
 -1.54209
 -1.13436
 -0.264591
 0.106598
 -0.556299
 1.38713
 1.15059
 0.760345
 -0.803759
 -1.00703
 0.239546
 0.955069
 1.78191
 1.3547
 0.346405
 -0.149666
 -0.188146
 -0.664129
 -0.969963
 0.589122
 -0.21368
 0.0291999
 0.845858
 0.192085
 1.09963
 0.0800193
 -0.60442
 -1.47398
 -0.455362
 -0.144012
 0.0401045
 0.126385
 0.532585
 0.479497
 0.716722
 -0.00805013
 -0.137985
 -0.680767
 -0.93667
 -1.50159
 0.24075
 0.186213
 0.279862
 -0.0987217
 -0.359819
 -0.865213
 -0.858067
 -1.4097
 -0.619549
 0.374145
 0.547873
 1.03818
 0.227018
 0.332773
 0.566939
 0.452581
 0.413837
 0.408139
 0.306739
 0.795369
 1.5273
 0.574242
 0.032046
 0.60227
 0.295741
 1.17619
 1.04027
 1.10618
 1.13328
 1.47046
 1.47221
 0.337639
 0.603307
 -0.00676141
 -0.195044
 -0.392768
 -1.23747
 -1.3349
 -1.48403
 -1.02637
 -0.545575
 -1.07363
 -1.14772
 -1.97281
 -2.65054
 -1.77992
 -1.57696
 -1.49827
 -0.438077
 0.215613
 -0.0143494
 1.06785
 1.02588
 0.269602
 0.311544
 0.493352
 -0.298598
 -0.660525
 -0.772178
 -0.949271
 -1.2702
 0.292935
 0.00543318
 1.30685
 1.03397
 0.541998
 -0.528647
 -1.16666
 -0.661515
 -0.748292
 -0.826335
 -0.838579
 -0.647607
 -1.11662
 -1.99364
 -1.94044
 -0.992753
 -1.26021
 -0.597286
 -0.399179
 -0.365059
 -0.822652
 -1.28372
 -1.51461
 -0.751717
 -0.669537
 -0.513757
 -0.151511
 -0.568525
 -1.23586
 -1.24892
 0.681911
 0.844704
 0.865275
 0.64263
 1.08823
 -0.187038
 -0.748823
 0.0391007
 0.534824
 2.04664
 1.05598
 -0.246987
 -0.257341
 -0.371995
 -0.634331
 0.0929094
 0.0944505
 -0.604867
 -0.945884
 0.419695
 0.823719
 0.499251
 0.952059
 -0.217244
 -0.481819
 -0.175885
 0.506543
 1.04331
 1.13885
 0.744348
 0.582152
 0.344202
 0.47091
 0.0809092
 -0.466069
 -0.394082
 -1.22642
 -0.863493
 -1.04627
 -1.01239
 -0.051046
 0.53549
 -0.434072
 -1.80783
 -1.77093
 -1.07458
 -0.542858
 -0.727268
 -0.608922
 -0.736705
 -1.89732
 -1.34722
 -1.08557
 0.101381
 0.725681
 0.862163
 1.32744
 1.96166
 1.74954
 1.25224
 1.26429
 0.308094
 0.981349
 0.911923
 1.2451
 0.315348
 -0.477905
 0.988682
 0.549239
 0.416319
 -0.168738
 0.134672
 0.0646402
 0.105146
 0.11597
 -0.788883
 -0.200151
 -0.664347
 -1.77472
 -2.00465
 -0.647859
 -0.686202
 -0.587625
 -1.08776
 -0.428694
 -0.517741
 -1.05455
 -1.50487
 -1.95409
 -1.31479
 -1.94323
 -1.82075
 -1.54023
 -0.456795
 -0.363734
 -0.85512
 0.57781
 0.585114
 0.418308
 0.595835
 -0.166107
 -0.218496
 -0.187742
 -0.765802
 -1.51206
 -1.52976
 0.199642
 0.0379724
 0.481987
 -0.280181
 -0.488221
 -1.07094
 0.761513
 -0.000585439
 -0.655176
 -1.55871
 -1.87721
 -0.811452
 -0.362909
 0.391856
 0.782244
 0.65544
 -0.182835
 -0.628418
 -0.169291
 -0.232272
 -0.0399049
 0.446587
 0.767971
 0.802813
 0.967318
 0.845067
 1.31976
 1.50718
 2.33087
 1.541
 1.61858
 1.07993
 0.0389375
 0.272264
 -0.886546
 -0.297631
 -0.0447088
 -0.168617
 -0.990859
 -0.408744
 -1.00825
 -1.76754
 -1.66659
 -1.77101
 -0.429107
 -0.199181
 -0.103915
 -0.224979
 -0.15453
 -0.323482
 0.59779
 -0.311226
 -0.0282231
 -1.43298
 -1.3778
 -0.973713
 -1.42979
 -1.39121
 -1.06609
 -1.47318
 -1.29364
 -0.458908
 -1.38252
 -1.38711
 -0.422581
 -0.350496
 -1.60935
 -1.40702
 -1.18065
 -1.58552
 -1.23477
 -2.50288
 -2.94826
 -2.23294
 -1.90454
 -0.528576
 -0.804842
 -1.82787
 -0.641944
 -0.275494
 -0.586537
 -1.41018
 -1.24987
 -1.29023
 -0.825551
 -0.849203
 -1.15035
 -0.863241
 -0.21438
 0.0681649
 -0.196813
 -0.426819
 -0.921712
 -0.893371
 -1.48734
 -1.16477
 0.278789
 -0.296693
 -0.526902
 -0.242078
 -0.775968
 -0.327324
 -0.462581
 0.643395
 0.540822
 0.698231
 0.272546
 -0.725407
 -0.467357
 0.280304
 -0.979649
 -1.502
 -0.424024
 0.235947
 1.21476
 0.425379
 -0.0684236
 -0.551782
 -0.78452
 -0.839098
 -0.512089
 -0.596951
 -0.113192
 0.718493
 1.2238
 1.49061
 1.8327
 1.05077
 0.847624
 0.151574
 0.418873
 0.238505
 0.341422
 -0.14253
 -0.7353
 0.235541
 0.257904
 -1.10981
 -1.28946
 -1.70579
 -0.564449
 0.290182
 -0.0575549
 -0.646778
 -0.596856
 -0.647721
 -1.02897
 -1.10788
 0.260495
 0.594857
 1.28242
 -0.846664
 -0.24551
 -1.71132
 -1.53977
 -0.860943
 -1.51939
 -2.06382
 -0.998411
 -1.36206
 -1.93608
 -1.68168
 -1.53613
 -0.250716
 -0.176133
 -0.227919
 -0.184316
 0.803204
 1.30708
 -0.123943
 -0.0727413
 -0.731254
 -0.629101
 -0.963153
 0.42388
 -0.696244
 -0.21234
 -0.692157
 0.732404
 0.602943
 0.489591
 0.475549
 0.637695
 0.83052
 -0.0500221
 0.235455
 0.0499802
 1.29201
 1.22681
 -0.262733
 -0.22362
 -0.549161
 -0.830121
 -0.706864
 -1.4575
 -1.02512
 -0.375398
 -0.528611
 0.388378
 -0.0127277
 -0.0681753
 -0.297475
 -0.561254
 -0.852423
 -0.940988
 -0.606814
 -1.33885
 -0.790283
 -0.841982
 0.841067
 1.47895
 0.662531
 -0.432636
 -0.251156
 0.541411
 0.722652
 1.89789
 2.07678
 1.58473
 0.536185
 1.10971
 1.56462
 0.962953
 0.266232
 -0.0607439
 0.127014
 0.190056
 -1.18129
 -1.2888
 -0.622813
 -0.632545
 -1.02315
 -0.970507
 -0.794083
 -0.128541
 0.198605
 0.109297
 0.7612
 0.478625
 0.599985
 0.67409
 -0.0267398
 -0.167753
 -0.664993
 0.0800638
 1.08273
 1.33186
 0.608733
 0.557084
 2.03139
 0.698867
 2.11434
 1.44604
 1.20984
 0.669484
 0.685498
 -0.17493
 0.632108
 0.862891
 -1.1462
 -0.182833
 -1.04519
 -0.56267
 -0.965465
 -0.13349
 0.080286
 -0.351275
 0.209609
 1.05224
 0.8655
 0.13197
 0.0682983
 0.771919
 -0.460589
 -0.4422
 0.933667
 0.679964
 1.80979
 1.15794
 0.21795
 0.318229
 0.641279
 -0.930201
 0.0863139
 0.10422
 0.0502126
 0.311915
 -0.248108
 0.284827
 0.579762
 0.138499
 0.0371323
 -0.476267
 -0.444857
 -1.52586
 -0.532101
 0.0274816
 1.51308
 0.546701
 0.523713
 1.30804
 0.544001
 0.332433
 0.636122
 1.24774
 -0.192356
 -0.581675
 -0.400949
 0.742322
 0.518287
 0.796338
 1.83368
 1.10218
 1.3719
 0.898007
 -0.117172
 -0.193188
 0.443182
 0.445726
 0.0737578
 -1.17601
 -1.04848
 -1.1263
 -0.129843
 -0.558588
 0.342446
 0.593273
 0.0317069
 1.21659
 0.875513
 -0.559212
 0.329668
 0.181589
 0.0261991
 1.1513
 1.36688
 1.77755
 1.34415
 0.72124
 -0.0690254
 -0.0429037
 -0.400265
 -0.40855
 -0.304538
 0.258567
 1.08562
 0.337648
 0.533856
 -0.601025
 -0.230083
 -1.33398
 -0.397888
 -1.19896
 -2.29179
 -1.38948
 -0.968354
 -0.595803
 -0.624903
 -0.591998
 -0.819132
 -0.347415
 -1.12461
 -2.14479
 -0.806986
 -0.31856
 0.689983
 0.80366
 0.156886
 0.229829
 0.283364
 0.764021
 -0.0969406
 0.367735
 0.263855
 0.756906
 1.17212
 1.63483
 0.179888
 0.588784
 -0.0595411
 0.577369
 0.61578
 0.297474
 -0.0353376
 -1.09622
 -0.571994
 -0.242593
 0.19202
 0.351665
 1.29317
 1.89124
 0.74246
 -0.528458
 -0.391236
 0.722759
 1.5549
 2.35219
 1.94108
 0.339807
 0.0871446
 -0.324527
 -0.326951
 -0.245056
 0.670857
 0.428142
 0.118951
 -0.263789
 -0.35254
 0.0489344
 -0.521734
 -0.811437
 0.985258
 1.32199
 0.346803
 -0.578689
 -0.49172
 -0.646164
 -0.588001
 -0.485453
 -0.514218
 -0.00185843
 0.46365
 1.06387
 0.0566788
 -0.517512
 0.299869
 0.680508
 1.60331
 1.86152
 2.12682
 1.20354
 0.51433
 -0.16479
 -0.871286
 -1.51824
 -1.60733
 -1.29497
 -0.79843
 -0.882532
 -0.895106
 -0.653079
 -1.67208
 -0.979778
 -0.0641212
 0.0249753
 0.459749
 0.350337
 -0.0586915
 0.245507
 0.556251
 1.15343
 1.10636
 1.0225
 1.73793
 1.93221
 0.991146
 0.451711
 0.0406687
 -0.0513873
 0.554447
 -0.138876
 0.079194
 0.447261
 -0.278629
 -0.894167
 0.300139
 1.21611
 2.43369
 3.10672
 2.09392
 0.946071
 1.02793
 1.38797
 0.543821
 0.558788
 0.999083
 -0.479768
 -0.557471
 -0.013284
 0.516169
 -0.660374
 -0.820299
 -0.78182
 -1.23623
 -0.205948
 -0.476505
 0.354424
 -0.209583
 -0.145753
 0.128247
 -0.899318
 -0.712124
 -0.726956
 -0.418455
 -0.0247046
 0.753802
 1.24044
 1.43255
 1.32523
 0.642264
 0.518795
 0.0543233
 -0.103125
 -0.127021
 0.663365
 0.33598
 -0.378551
 -0.313402
 -0.521765
 -0.150205
 0.545336
 0.047113
 0.518319
 0.271931
 -0.679373
 -1.55917
 -0.773313
 -1.08971
 -0.924181
 0.588407
 0.528686
 0.959377
 0.785823
 0.170951
 1.28525
 0.35265
 0.266204
 1.10472
 0.544372
 1.58564
 0.252828
 1.05523
 -0.304229
 -0.934424
 -0.842085
 -0.281344
 -0.956244
 -0.421516
 -0.18333
 0.635801
 0.346397
 -0.20304
 0.545706
 1.2297
 1.8485
 2.69949
 2.40347
 2.30916
 1.47914
 1.98529
 0.597763
 1.03374
 0.354595
 0.684662
 -0.172746
 0.305841
 0.0611379
 0.127043
 0.488875
 1.00022
 -0.0757367
 -0.287917
 -0.0438816
 -0.589971
 -0.919544
 -0.361193
 -0.115381
 -0.820238
 0.501193
 0.935055
 0.800822
 0.938473
 1.10116
 1.04884
 0.215069
 0.607244
 -0.327609
 -0.489878
 -1.04505
 -1.3613
 -1.29121
 -0.446678
 0.0417405
 0.495497
 -0.616998
 -0.0230102
 0.589401
 0.924618
 0.45956
 0.609462
 0.848107
 -0.443643
 -0.430283
 -0.640732
 -1.74517
 -0.27116
 0.255601
 1.07301
 0.819928
 0.647744
 1.19341
 1.10401
 -0.124177
 -0.623112
 0.0843944
 1.10506
 2.06753
 1.63858
 0.731103
 0.587361
 0.770523
 0.783146
 0.718299
 0.250071
 0.4535
 1.42867
 1.03621
 1.39793
 0.833163
 0.115345
 0.154331
 1.35103
 1.80052
 0.987857
 0.733713
 0.528286
 1.12346
 0.149757
 -0.2134
 0.321874
 0.131831
 -0.22173
 0.548115
 0.620287
 1.18013
 0.409214
 0.372814
 0.621271
 -0.136682
 -0.354067
 -0.956625
 -1.80569
 -2.00645
 -1.045
 -0.665653
 -0.357992
 -0.543465
 -0.216244
 0.370525
 0.545374
 0.549122
 0.37665
 -0.562745
 -0.507929
 0.0547438
 0.391709
 0.568549
 0.609031
 0.355238
 0.757132
 0.408011
 0.0812181
 -1.07595
 -0.329497
 0.743835
 0.519446
 -0.0570315
 0.156843
 0.413549
 0.354878
 0.470351
 0.466909
 0.187876
 -0.130203
 0.176818
 -0.372595
 -0.00574775
 -0.584099
 -0.990108
 0.0125449
 0.4718
 0.114544
 -0.25744
 -0.447243
 -0.454498
 -1.67591
 -0.0308816
 0.551698
 0.84586
 0.988999
 0.981956
 0.775395
 1.44666
 1.06524
 1.20799
 1.14699
 1.84796
 0.702621
 0.511523
 0.169161
 -0.741769
 0.151353
 0.15
 0.0683708
 -0.404758
 -0.149367
 0.184932
 0.661836
 0.494526
 -0.478371
 -0.984849
 -0.514314
 -0.865945
 0.365953
 0.097356
 0.915233
 0.94523
 1.5622
 1.58982
 1.65129
 1.82091
 0.907407
 0.751551
 1.14789
 1.7247
 2.03652
 1.80793
 1.10932
 0.758806
 0.930872
 2.22028
 2.00396
 2.28522
 1.50434
 0.894878
 0.615816
 1.13472
 0.408896
 -0.243378
 0.414442
 0.996528
 1.12175
 1.28706
 0.590132
 -0.112783
 -0.341164
 0.368809
 -0.236489
 -0.513292
 -0.418999
 -1.20671
 -2.29687
 -2.76868
 -3.35576
 -2.62895
 -2.86649
 -2.46126
 -2.24331
 -2.1764
 -0.533784
 -0.449618
 -0.989858
 -0.781274
 -0.0179632
 0.260586
 0.403887
 0.598186
 0.0242367
 -0.969919
 -0.284731
 0.597075
 0.578768
 0.710754
 -0.0841829
 0.050638
 0.491313
 -0.962746
 0.495498
 1.29727
 1.28448
 1.23728
 0.220074
 -0.896085
 -0.517181
 -0.343027
 0.537543
 1.06916
 1.45093
 1.46042
 0.76454
 0.961301
 1.13541
 0.745273
 1.64949
 1.51647
 1.31468
 0.429806
 0.0594657
 -0.476985
 -0.274233
 1.4501
 0.87161
 0.309075
 0.318231
 -0.0924101
 -0.5557
 -0.553027
 0.55978
 1.01478
 2.35894
 2.61784
 2.2994
 1.80018
 1.15693
 0.751344
 0.935317
 1.55456
 1.0722
 1.16312
 0.1175
 -0.165689
 -0.664727
 -0.47352
 -0.268078
 -0.303873
 -0.409406
 0.689298
 0.340409
 0.489795
 0.541696
 0.951537
 1.7766
 1.39776
 1.16836
 0.813727
 0.52308
 -0.282064
 0.70171
 1.23871
 1.49548
 0.699282
 1.25949
 1.10622
 1.33316
 0.78823
 0.173876
 0.157028
 -0.911025
 -0.733394
 0.298797
 0.0644559
 -1.89495
 -0.768705
 -0.969787
 -1.03952
 -0.605297
 0.320187
 0.27518
 0.465821
 0.266391
 0.856848
 1.04549
 0.549413
 0.630268
 0.200325
 -0.368606
 -0.84508
 -1.00346
 -0.407598
 -0.872076
 -0.602133
 -0.262883
 0.0774726
 -0.0080785
 -0.227544
 0.232313
 0.00282309
 -1.02053
 -0.487533
 -0.1935
 -0.480423
 -0.353239
 -0.277284
 0.277604
 0.0602698
 -0.459624
 -0.194885
 -0.141012
 0.0567979
 -0.18747
 -0.794912
 -0.280947
 0.0728825
 0.339747
 0.645984
 -0.146232
 -1.02332
 -0.958684
 0.106729
 0.734946
 1.96292
 1.51641
 1.00461
 0.759541
 -0.156782
 0.333657
 0.157572
 0.999461
 0.829924
 0.553012
 -0.119153
 -0.828596
 -0.878732
 0.0838755
 0.324945
 0.386328
 0.356907
 0.689055
 1.62505
 1.28273
 0.220794
 0.765569
 1.20759
 0.997348
 0.775814
 1.50313
 1.10565
 1.2065
 1.30778
 0.57623
 0.866056
 -0.294924
 0.339823
 0.380649
 0.707066
 -0.608223
 -0.427822
 0.129761
 0.0171615
 -0.671388
 -0.657725
 -0.400654
 0.0552141
 0.159478
 -0.276439
 -0.75618
 -0.575156
 -0.00141783
 -0.497417
 0.363988
 0.408597
 -1.02387
 -1.36772
 -1.68953
 -1.53233
 -0.950827
 -0.708015
 -0.472295
 -0.277076
 -1.03059
 -0.541942
 -0.634697
 -0.455478
 -0.190444
 -0.0881111
 -0.103377
 0.627315
 0.234217
 0.144987
 -0.226263
 0.252862
 0.410907
 0.203711
 0.562517
 0.946777
 0.191454
 0.972036
 0.498398
 -0.187729
 -1.09312
 -1.84942
 -1.64179
 -1.38902
 -1.58917
 -2.42879
 -1.70721
 -2.31755
 -1.45931
 -1.57093
 -1.01691
 -0.836521
 -0.549318
 -1.27934
 -1.80254
 -0.941667
 -0.569239
 -1.90984
 -1.41994
 -0.247145
 -0.932524
 0.0608679
 -0.905491
 0.0343985
 -1.276
 -1.07238
 -2.36931
 -2.18322
 -2.07573
 -3.83315
 -3.34774
 -2.68621
 -3.18874
 -3.93965
 -2.73353
 -1.77822
 -1.00372
 -1.0515
 -0.604297
 0.710205
 0.469406
 0.16395
 -0.946816
 -0.713517
 0.588604
 0.18033
 0.784891
 -0.104289
 0.289562
 0.298624
 -0.0503735
 -0.885833
 -1.52621
 -0.439477
 -0.945318
 -0.457212
 0.356918
 0.262994
 -0.0970278
 -0.103113
 0.491714
 0.14042
 0.427923
 0.754336
 -0.845115
 -0.865289
 -0.713489
 -0.526994
 -0.784981
 -0.141366
 -0.750573
 -1.22074
 0.0396821
 1.83406
 1.16729
 0.810329
 0.0472376
 -0.818834
 0.0203202
 -0.601097
 -0.330421
 -0.729471
 -1.10153
 -1.34559
 -0.608961
 -0.501739
 -0.489508
 -0.959051
 -1.63524
 -1.07087
 -1.37934
 -0.310731
 -0.889621
 -0.999774
 0.61006
 0.6456
 1.33516
 0.789163
 1.97165
 1.43959
 2.07863
 1.31835
 0.744222
 0.833292
 0.420375
 -0.578682
 -0.63406
 -0.988499
 -0.127087
 -0.236613
 -0.899878
 0.0230593
 -1.1438
 -1.41817
 -1.03641
 -0.711197
 -0.337568
 0.241187
 0.142636
 -0.228616
 0.0507314
 0.136556
 1.23338
 1.15864
 1.65896
 0.860231
 -0.0112894
 -0.363144
 0.353833
 1.00638
 1.90578
 1.9231
 1.32206
 0.811782
 1.42171
 1.50133
 0.777533
 0.967492
 0.629801
 1.14167
 0.830879
 -0.573734
 -0.831015
 -1.12688
 -0.799512
 0.451175
 0.535568
 1.16105
 0.78965
 0.227883
 0.0985661
 0.0280405
 0.443208
 -0.573997
 0.847381
 0.214148
 -0.176153
 -0.279579
 -0.0573642
 0.436882
 0.470298
 0.424722
 0.000353861
 0.887401
 0.571083
 -0.588911
 -0.703612
 -0.250327
 -0.557788
 -0.249145
 -0.539119
 -0.243933
 -0.767598
 -0.109662
 0.212386
 1.61408
 1.79327
 2.05509
 1.97369
 1.49092
 1.93922
 1.85954
 1.50272
 1.30255
 1.35197
 0.55542
 1.91331
 2.0587
 1.84598
 2.09663
 1.67514
 0.147198
 0.38509
 0.38798
 -0.577581
 0.667918
 0.706154
 0.320669
 0.686599
 0.425152
 0.88498
 0.00894093
 -0.195611
 0.170328
 0.539207
 0.492504
 0.0659615
 0.352032
 -0.160048
 0.0809706
 -0.681581
 0.725577
 0.584201
 1.3474
 0.818634
 -0.56161
 -0.239965
 1.469
 1.01292
 0.531571
 0.891203
 1.41349
 1.82061
 0.987007
 0.291001
 -0.527097
 -0.39832
 -0.341947
 0.366557
 -0.581381
 0.515572
 1.13979
 1.066
 0.38384
 -0.414221
 0.419077
 0.183676
 0.179508
 0.153313
 -0.939986
 -0.430994
 -0.579212
 0.190809
 1.14452
 1.45857
 0.743457
 1.10144
 1.60379
 0.839608
 1.50648
 1.85776
 1.1162
 -0.0426513
 0.0514876
 -0.213338
 -1.07403
 -0.419959
 -1.05794
 -1.77701
 -1.14828
 -1.53846
 -1.8673
 -1.24631
 -2.11551
 -2.22894
 -2.23095
 -2.00712
 -0.973354
 -2.05868
 -1.1463
 -1.21601
 -1.64647
 -0.428117
 0.448316
 -0.698538
 -0.346167
 0.139876
 -0.306359
 -0.554893
 -0.984532
 -0.409031
 -0.575653
 0.112185
 -0.348038
 -0.717501
 -1.45291
 -1.34459
 -0.703902
 0.249123
 0.0538702
 -0.983215
 0.604527
 0.624795
 1.32569
 1.26701
 1.98568
 0.882358
 0.507376
 0.242534
 0.103588
 -0.120528
 -0.227476
 0.350479
 0.109721
 -0.408109
 -0.0346288
 0.441849
 0.503115
 0.625672
 0.338606
 0.10967
 -0.522019
 -0.550647
 0.182166
 0.913416
 0.246532
 -0.0836432
 -0.612166
 1.16394
 0.719373
 -0.0686041
 -0.698333
 0.21593
 -0.77669
 -1.36624
 -1.20294
 -1.0335
 -0.413424
 0.273933
 -0.370137
 -1.0762
 -0.464596
 -0.965483
 -1.29991
 -1.22911
 -1.5036
 -0.972596
 -0.686445
 -0.077815
 0.0774724
 -0.414147
 0.473558
 0.435649
 0.341346
 -0.514478
 -0.073353
 -1.00464
 -1.79085
 -1.42359
 -1.73016
 -2.06007
 -1.85674
 -1.63881
 -0.450075
 -0.146809
 1.08861
 0.813103
 0.697846
 0.43424
 -0.299114
 -0.315875
 -0.326701
 -0.986762
 0.124134
 -0.0478785
 0.282223
 0.0352539
 -0.421564
 -0.323454
 -1.66652
 -0.650659
 -0.391506
 -0.0846117
 -0.614293
 -0.361709
 0.743564
 1.62462
 2.09202
 2.20117
 1.02236
 1.08063
 1.32819
 2.19246
 2.00234
 2.27543
 2.08506
 2.01679
 0.802648
 -1.00139
 -0.123842
 -0.729447
 -0.491427
 -0.397615
 -0.669053
 -0.931374
 -0.931281
 -1.45332
 -1.4146
 -0.885892
 -0.910596
 -0.572648
 0.767911
 0.614416
 0.424991
 0.342475
 -0.0935388
 -0.778184
 -0.302518
 -1.00359
 -0.643818
 0.305768
 0.815318
 1.66175
 2.05799
 1.09927
 0.640313
 -0.113826
 0.691198
 -0.0621875
 -0.0488736
 -0.184404
 0.346599
 -0.364404
 -0.767717
 -0.636917
 -1.03402
 0.316117
 0.289119
 -0.574682
 -0.0580314
 0.0694544
 -0.316065
 -0.431648
 0.0108775
 -0.29477
 0.16505
 0.458615
 -0.506134
 0.546241
 0.794373
 0.67452
 0.804232
 0.687604
 0.33729
 -0.2161
 -0.574829
 -2.19752
 -1.52906
 -0.942044
 -2.1148
 -0.778402
 -0.0681598
 -0.501999
 0.459394
 0.104932
 0.142913
 0.186444
 0.496146
 1.57293
 1.76966
 1.75978
 1.33374
 0.85449
 -0.602394
 -0.145676
 0.341261
 0.77376
 -0.22869
 -0.141355
 -1.34379
 -1.03886
 -1.14623
 -0.600402
 -0.554891
 -0.837455
 -1.41512
 -1.09267
 -1.61306
 -0.945376
 0.284247
 -0.257423
 -0.535825
 -0.911889
 -0.281003
 -0.740105
 -0.0788945
 0.439082
 1.57163
 1.81645
 1.49381
 1.30913
 1.60112
 0.178603
 -0.137778
 0.278873
 0.270746
 0.7141
 0.906355
 0.648302
 0.849499
 1.0167
 0.975436
 1.71042
 1.06446
 1.1743
 1.9025
 0.9149
 -0.0217645
 -1.24676
 -0.731515
 1.0763
 1.16961
 1.99118
 1.29124
 1.08175
 -0.102183
 -0.577167
 0.593173
 0.461499
 -0.00140887
 -1.12232
 -0.582619
 -0.0269649
 -0.054467
 0.386138
 0.45062
 1.42564
 1.23032
 -0.264814
 -0.189944
 0.633786
 0.452489
 0.426857
 -0.230722
 -0.0962647
 -1.13142
 -1.76038
 -0.93513
 -0.966599
 -0.761125
 -0.242441
 -0.617323
 -0.66934
 -1.5066
 -1.31994
 -1.85948
 -1.49779
 -2.6445
 -1.44805
 -0.861133
 0.451427
 -0.658862
 -1.05276
 -1.23365
 0.0978704
 -0.125994
 0.00118792
 0.996367
 0.723092
 0.325585
 0.822496
 0.280201
 -0.290685
 -0.409047
 -0.212961
 0.262399
 0.405854
 -0.403506
 -0.0698896
 0.225886
 0.418141
 -0.17925
 -0.342874
 -0.462887
 -0.484228
 -0.0373143
 0.741375
 0.504417
 0.165288
 -0.11943
 0.050614
 -0.857485
 -0.948821
 -0.49238
 -0.386876
 0.310615
 0.557311
 0.905573
 -0.318048
 -1.12116
 -0.0805631
 -0.0816383
 0.498503
 0.743781
 0.671506
 0.400652
 -0.101394
 -0.817349
 -1.00354
 -0.733485
 -0.627324
 -1.11474
 1.03217
 1.85589
 0.550185
 0.3956
 0.393974
 -0.527979
 0.207649
 0.392811
 -0.128154
 -0.414198
 -0.19249
 0.426132
 0.0205484
 -0.146096
 0.495066
 0.352344
 0.2691
 0.530838
 0.241832
 -0.0855346
 0.450501
 -0.0472958
 -0.205715
 0.879612
 0.376293
 0.968274
 0.843851
 1.46141
 1.46408
 0.335336
 0.0568125
 -0.713723
 -0.753004
 0.423178
 -0.579556
 -0.501465
 -1.08106
 -2.49352
 -1.06218
 -0.911622
 -1.08643
 -0.803615
 -0.546394
 0.605586
 -0.295874
 0.199176
 0.0646865
 0.53304
 0.02038
 0.570887
 0.397733
 0.33838
 -0.655337
 -0.506795
 -0.718514
 -0.376923
 -0.140466
 -0.40316
 -1.03056
 -1.54559
 -1.14756
 -1.41767
 -1.89415
 -2.26533
 -1.29154
 -1.08317
 -0.291517
 -1.09602
 -0.221491
 -0.887393
 -0.971764
 -1.16264
 -1.00349
 -0.59615
 -0.50281
 0.0593005
 -1.17358
 -0.606254
 -0.772178
 -1.48962
 -0.871383
 -0.770086
 0.083972
 -0.0847603
 0.102804
 0.481059
 0.880866
 -0.131767
 -0.438231
 -0.270866
 -0.726159
 -0.74184
 -0.418329
 0.228794
 0.011493
 -0.668549
 -1.02383
 -0.851111
 -0.490042
 0.118527
 -1.19809
 -1.42173
 -1.72683
 -1.79117
 -1.57615
 -0.887343
 -0.333609
 -0.100735
 0.144148
 0.71469
 -0.42432
 -0.28545
 0.849868
 0.725662
 0.212077
 -1.11194
 -0.909702
 -0.457396
 -0.738622
 -0.78892
 -1.07958
 -0.510348
 -0.970987
 -1.98424
 -0.676097
 -0.665945
 -0.55673
 0.489821
 -0.300677
 0.0395173
 0.331052
 -0.139629
 -0.109314
 -1.41827
 -0.356972
 -1.43398
 -2.02262
 -0.975366
 -0.642441
 -0.229238
 -0.340606
 -1.11663
 -1.13083
 -1.47105
 -0.302248
 0.849033
 -0.413814
 1.3803
 1.71625
 2.24
 2.57531
 2.15718
 1.79807
 1.69129
 2.35121
 1.30379
 1.25854
 0.713547
 0.136959
 0.277411
 -0.460389
 -0.318441
 -0.100445
 -0.846088
 -0.559204
 -0.122626
 -0.274809
 -0.699548
 -0.294803
 0.0866431
 0.175743
 0.635613
 1.41143
 0.325707
 0.995699
 1.59693
 1.99027
 1.23178
 0.275583
 -0.388205
 -0.633241
 -1.57272
 -1.60346
 -1.45824
 -1.72495
 -1.61481
 -0.220733
 -0.168825
 0.562171
 0.319474
 0.966281
 3.66224
 3.36078
 1.71046
 1.57217
 0.592788
 0.8465
 -0.109516
 -0.000374135
 0.399755
 0.55457
 -0.245276
 -1.41533
 -1.21393
 -0.540989
 -0.213991
 -0.214568
 -0.215505
 -0.150019
 0.292843
 0.771697
 0.0682482
 -0.235689
 -0.322211
 0.163477
 0.383248
 0.0398869
 -0.411858
 -0.918367
 -1.01321
 -0.26917
 0.733652
 1.47993
 2.17593
 1.56199
 2.00949
 1.20151
 1.01289
 -0.10706
 -0.474064
 -1.30806
 -0.927507
 0.249433
 -1.05789
 -0.549952
 -0.539165
 -0.487528
 -0.337734
 -0.238927
 0.166893
 -0.140502
 0.336696
 -0.926104
 0.361897
 -0.269241
 0.0889011
 0.731206
 1.79858
 1.80973
 1.72969
 1.16351
 0.937987
 0.821791
 0.899762
 -0.152484
 -0.0325122
 0.39271
 -0.196722
 0.289775
 0.321937
 -0.257067
 1.29886
 0.371438
 -0.0345801
 -0.690372
 -0.828738
 -0.881724
 -1.25321
 -1.13809
 -1.21665
 -0.824856
 -0.0345465
 -0.418023
 0.500636
 0.864088
 0.43482
 0.289611
 0.414602
 -0.813799
 -1.0354
 -1.75743
 -1.66686
 -0.929396
 0.0842389
 0.453145
 0.00197272
 0.74776
 -0.435816
 -0.0244436
 1.13981
 1.01501
 0.660742
 1.26544
 1.05772
 1.14924
 0.631715
 0.457637
 -0.590662
 -0.908127
 -0.642582
 -0.21808
 -1.10654
 0.350738
 1.44703
 1.58521
 1.64829
 2.38144
 1.10543
 2.18921
 1.18651
 0.686981
 0.0390636
 -0.564471
 0.0984516
 1.04978
 1.64107
 1.81928
 1.11433
 0.474498
 0.63193
 0.149659
 -0.315298
 -1.32359
 -1.16163
 -1.01076
 -0.897997
 -0.73296
 -0.297218
 -0.367866
 -1.08931
 -0.275025
