 -0.0203933
 -0.087421
 -0.560445
 -1.21673
 -0.50452
 -0.733725
 -0.472017
 -0.145671
 0.205761
 -0.885056
 0.142237
 -0.0369614
 0.0674184
 0.101937
 -0.631804
 0.874071
 0.230758
 -0.563024
 -0.709906
 -1.73651
 0.419145
 1.28253
 0.0300907
 0.0704278
 0.478159
 0.0735141
 0.41594
 0.86717
 -0.0831828
 -0.210698
 -0.365698
 0.0500692
 -0.159423
 -1.1672
 -0.0198838
 -0.494946
 -0.701874
 -1.20294
 0.684146
 -0.542104
 0.00370168
 0.23548
 -0.114741
 -0.219562
 0.763198
 -0.500831
 0.216807
 -1.2808
 -1.9586
 -0.985988
 -0.677448
 0.815398
 0.102779
 1.09821
 0.9737
 0.453364
 0.784834
 0.722316
 1.2776
 0.512863
 0.643574
 -0.741666
 0.0172798
 -0.268481
 -0.40624
 -0.330256
 -1.08174
 -0.655386
 -1.05225
 -0.534861
 0.147075
 -0.111533
 0.478793
 -0.916011
 -0.514777
 -0.206994
 -0.681499
 0.238101
 -0.327431
 -0.778323
 -0.6544
 -0.447879
 -0.768931
 -0.517755
 -0.674364
 -1.48334
 -0.323408
 0.259992
 0.338938
 2.38037
 0.813096
 1.0942
 -0.422793
 0.522551
 -0.411592
 -0.127576
 -0.513667
 0.978333
 -0.691745
 -0.243828
 -1.02408
 -0.146179
 -0.375295
 0.56068
 -1.38966
 -0.692079
 -1.1037
 -0.879945
 -1.60668
 -0.802285
 0.229222
 0.718199
 1.10484
 -0.00275226
 0.295586
 -0.390243
 -0.0654869
 -0.154416
 -0.5555
 -0.43888
 -0.294878
 -0.68808
 0.666
 0.466808
 0.111128
 0.265975
 -0.481105
 -0.456191
 -0.0337711
 -0.917169
 -0.317757
 -0.442557
 -0.449083
 -0.227417
 -0.407928
 -0.862308
 0.0334615
 -1.46316
 -0.804882
 -0.722544
 -0.708201
 -0.668158
 0.0272974
 -0.251064
 -0.656015
 0.287099
 -1.39032
 0.758346
 0.0248948
 -0.572228
 0.241206
 0.23489
 0.688345
 -0.451675
 -0.796266
 -0.0181083
 -0.338596
 -0.787554
 0.134298
 -0.339379
 -1.23164
 0.653109
 -0.346466
 -0.621583
 -0.773577
 0.0826415
 -0.693897
 0.324605
 -0.183761
 0.408039
 -0.238864
 -0.307149
 -0.960426
 -0.227965
 -0.447983
 0.436863
 0.714256
 -0.0176214
 0.234764
 0.74197
 0.049256
 1.25381
 -0.684503
 0.443673
 -0.399271
 0.244588
 -0.575526
 -0.244554
 -0.978955
 -0.212503
 -1.20093
 -0.474134
 -1.02243
 -1.80294
 -1.77924
 -1.95026
 -0.242113
 -0.52634
 -0.593864
 -0.161775
 -0.56168
 -1.7165
 -0.301962
 1.07847
 -0.198515
 -0.196302
 0.562607
 0.10359
 1.46508
 0.401035
 0.559718
 0.697953
 0.0782379
 -0.0873541
 -0.490438
 0.86223
 0.724642
 0.497804
 0.154544
 0.579894
 -0.143102
 -0.0149221
 0.101838
 -1.19951
 -2.20352
 -0.797624
 0.456262
 -0.45369
 0.488075
 0.537947
 1.42603
 0.303632
 0.225562
 0.808035
 1.33829
 0.775996
 0.309859
 0.63355
 1.67405
 0.602536
 0.531215
 0.910187
 1.34837
 0.357161
 -1.04072
 -0.100545
 0.0446319
 -1.09805
 0.434695
 0.543536
 -0.378278
 0.758387
 -0.263404
 0.26686
 0.824331
 0.0850121
 0.183511
 0.267644
 0.245229
 0.479614
 0.0696646
 -0.0960177
 -0.155507
 0.968527
 0.482861
 1.37244
 0.267979
 0.38182
 0.371254
 1.33679
 0.0631066
 0.0657622
 -0.156408
 -0.0705401
 -0.801399
 -1.36809
 -1.0413
 -0.859683
 -0.107809
 -0.400166
 0.0338848
 0.338685
 0.526405
 1.02597
 1.08577
 -0.062025
 0.51034
 0.636958
 -1.13358
 0.200851
 -0.333781
 0.117263
 0.255271
 0.356966
 0.83178
 0.0288724
 -0.240223
 -0.4403
 0.4092
 -0.795861
 0.389151
 -0.751948
 -0.0559547
 0.143031
 0.737559
 -0.644885
 1.06219
 -0.187855
 0.96144
 0.609493
 -0.560532
 0.0204136
 0.487757
 -0.950993
 -0.781632
 -2.02142
 -0.841919
 -0.540841
 -0.36026
 -0.65776
 -0.385304
 0.277495
 0.0161062
 -0.18151
 0.155112
 -1.27634
 0.374794
 0.946185
 0.676425
 0.385387
 0.52281
 -0.851396
 1.34765
 0.488508
 0.790792
 -0.517677
 -0.340961
 0.350403
 -0.0748048
 0.953301
 0.75663
 0.265214
 0.121857
 -0.344396
 -1.13023
 0.225051
 -0.578583
 0.952309
 0.0637804
 -0.550519
 -0.545113
 -0.670849
 -0.309264
 -0.557279
 0.362745
 1.11022
 0.728088
 0.88397
 0.145444
 -0.121331
 0.126434
 0.0224883
 0.573528
 0.439716
 -0.140217
 1.50076
 1.44853
 0.623155
 -0.588411
 -0.478239
 -0.122646
 -0.466394
 -0.415969
 -1.04151
 0.289692
 1.006
 0.140861
 0.607698
 0.693467
 1.72729
 0.145622
 -0.0747782
 0.143126
 -0.648821
 0.104148
 -0.676984
 -0.793681
 0.548365
 -1.34433
 -0.755799
 0.292234
 -0.923838
 -1.00174
 -0.792516
 -0.683719
 -0.132401
 -0.0992514
 -0.917978
 -0.0915732
 0.206193
 0.0391455
 1.02498
 -0.191002
 0.457786
 0.795655
 0.61212
 0.358456
 0.299712
 0.157875
 0.26366
 0.193526
 0.409773
 0.400123
 0.491301
 1.09507
 0.00734638
 0.946005
 1.98716
 0.209951
 -0.0283611
 0.597999
 1.0946
 -1.00839
 0.154921
 0.239625
 0.30135
 -0.228143
 -0.992118
 -1.11137
 -0.375038
 0.354082
 1.02711
 -0.220522
 -0.322478
 -0.611429
 -0.382502
 -0.77211
 -0.764936
 0.327099
 0.768909
 -0.298218
 -0.368285
 -1.25933
 -0.638685
 -1.17246
 -0.929576
 0.20832
 0.837112
 0.547586
 0.100368
 -1.1287
 -1.29868
 -0.529986
 0.340832
 -0.340558
 -1.06039
 -1.15211
 -0.592292
 1.09139
 -0.136301
 -0.417091
 -0.675592
 -0.309334
 -0.101678
 0.341931
 0.446995
 1.07618
 0.50957
 0.168162
 1.13875
 -0.109266
 -1.16167
 0.373263
 -0.489573
 -1.41882
 0.303387
 -0.404207
 -0.308831
 -0.375968
 0.107376
 0.22799
 -1.11919
 -0.859492
 0.108947
 0.442359
 0.0127613
 -0.235354
 -0.29058
 -0.33129
 -0.0716639
 -0.587928
 0.172964
 0.804467
 0.64617
 0.980095
 0.0788201
 -1.60219
 1.14688
 0.519384
 -0.440028
 -0.0774182
 0.402744
 0.440162
 1.36264
 -0.653242
 0.344666
 0.490304
 0.466596
 0.384088
 0.302511
 0.941296
 0.35976
 -0.605838
 -0.344057
 -1.17177
 -1.21307
 -1.06774
 -0.784431
 0.0250454
 -0.632001
 0.218056
 -0.804935
 -0.91584
 -1.32898
 -1.02752
 -0.7476
 -1.46831
 -1.01542
 -1.49208
 -1.50814
 0.0816538
 -0.199415
 -1.15772
 -0.930035
 -0.775522
 -0.107713
 -0.417236
 -0.479
 0.784661
 0.544924
 -0.530497
 0.443576
 0.873967
 -0.106242
 0.350043
 0.0651909
 0.340845
 -0.294023
 -0.213765
 -0.170881
 -0.587013
 -0.596632
 -0.460849
 -0.889201
 -1.24863
 -0.738164
 0.863651
 -0.0487762
 -0.106763
 -1.36026
 -0.613421
 -0.689503
 -0.106627
 -0.61376
 -0.823214
 -0.163095
 -0.776516
 -0.838039
 -1.26447
 -0.473142
 -0.322593
 -0.391303
 -0.146156
 -0.753186
 0.194733
 -0.831504
 -0.146367
 -0.351045
 -0.423047
 -1.33353
 -0.428277
 -0.21254
 -0.993323
 -0.130993
 -0.636226
 0.187298
 -1.02435
 -0.220086
 -1.272
 -1.57948
 -0.383507
 -0.681355
 -0.250372
 -0.17358
 -0.473267
 -0.274798
 -0.205859
 -1.38542
 -0.824715
 -0.705105
 0.354988
 0.598892
 -0.588939
 0.250475
 0.337699
 0.684064
 -0.0690785
 -0.285855
 -0.152412
 0.185506
 0.168731
 -0.0892692
 0.0695053
 -0.498541
 -0.246295
 0.420335
 0.165307
 -0.343507
 -0.88057
 -0.0196087
 0.284283
 -0.151033
 0.0239833
 -0.178683
 -0.808156
 -0.392624
 0.323761
 -0.556884
 0.928495
 0.352914
 0.121329
 0.585092
 0.856269
 0.744391
 -0.496567
 0.840533
 0.12909
 0.248817
 -0.728249
 0.625985
 0.76761
 1.01637
 0.785917
 1.14352
 0.764769
 0.559837
 0.674335
 0.298701
 0.218219
 0.0125328
 -0.0154056
 -0.50706
 -0.55096
 -0.163452
 -1.16175
 0.257965
 0.156131
 -0.907126
 0.105462
 -0.324641
 -0.0204216
 0.0265162
 0.187654
 0.17103
 -0.241392
 -0.726446
 0.292806
 -0.0436204
 -0.740063
 -0.00320466
 -0.35361
 0.233625
 -0.68262
 1.09826
 0.16705
 0.108077
 1.08368
 0.212749
 1.01336
 0.12031
 1.9606
 0.154031
 0.447114
 -0.749707
 0.369498
 -0.854291
 -0.575366
 -0.494443
 -0.152059
 0.864425
 1.15129
 0.880557
 0.555267
 0.115609
 1.17602
 0.583427
 0.513484
 -0.0496155
 0.415893
 0.406421
 1.18513
 -0.215303
 -0.478391
 -0.281495
 -0.100208
 -1.01913
 0.0471606
 -0.32187
 -0.743603
 -1.09323
 0.599743
 -0.150648
 -0.152607
 -0.0616771
 -0.0493595
 -0.754323
 1.07113
 0.147756
 -0.576996
 0.585081
 -0.571483
 0.204819
 0.277249
 0.725209
 0.223592
 -0.302295
 0.933333
 0.881473
 1.5251
 0.574079
 -0.253626
 -0.644317
 -0.319437
 -0.291871
 0.308135
 -0.758398
 -0.311309
 -0.0465092
 -0.518522
 -0.588531
 -0.768883
 0.262442
 0.00419493
 0.513696
 0.143238
 -0.266728
 -0.148602
 0.159002
 -1.47151
 -0.949643
 -0.966886
 -0.526018
 0.012986
 0.158164
 -0.475779
 1.58093
 0.571077
 0.317138
 -0.536744
 0.321205
 0.00114338
 -0.578364
 -0.0311073
 0.480879
 -0.0773818
 -0.845144
 -0.269205
 0.677957
 0.445432
 -0.0254793
 0.323539
 -0.649415
 -1.16224
 -0.313673
 -0.326212
 0.367523
 0.0392367
 0.770173
 -0.155011
 -0.295324
 -0.752111
 -1.04141
 -0.446551
 -0.856871
 -0.760921
 -0.672108
 -0.125141
 -2.14663
 -0.1261
 0.263384
 0.568543
 0.0279124
 0.502771
 0.314529
 0.0163137
 0.126922
 -0.405359
 0.522147
 0.025732
 0.544148
 0.593507
 1.06448
 0.64059
 0.938409
 0.264467
 0.961902
 0.318199
 1.13749
 0.0312997
 0.230608
 0.843898
 -0.419666
 0.589636
 0.268581
 0.741621
 1.12269
 0.449443
 -0.0162519
 -0.183978
 0.707592
 -0.974384
 -0.18979
 0.194543
 0.227645
 -0.197148
 -0.808457
 0.0514611
 0.564168
 -0.243939
 -0.90943
 -1.56916
 -0.532527
 0.234191
 -1.1477
 -0.553105
 -0.267009
 -1.02955
 -0.769641
 1.14495
 0.456352
 -0.751851
 0.49895
 -1.03177
 -0.70706
 -0.432834
 0.821763
 0.540961
 -0.464121
 0.511651
 0.277259
 0.377357
 0.0619799
 0.0158476
 0.0610053
 -0.803921
 -0.147741
 -0.820598
 -0.931694
 0.19171
 -0.137743
 0.119637
 -0.0999942
 -1.88596
 0.163067
 -0.717376
 -1.30055
 -0.50578
 -0.696337
 -0.971322
 -0.165011
 0.121846
 -1.0337
 0.630289
 -0.922607
 1.20526
 0.131348
 0.0914429
 0.718122
 1.26441
 0.443974
 -0.106509
 1.50576
 0.867401
 0.0596784
 -0.609766
 -0.0267206
 -0.666735
 -0.110873
 -0.50313
 -0.364231
 -0.307191
 0.367866
 0.427117
 -0.540551
 -0.670319
 -0.592198
 -0.037955
 0.387661
 0.0741479
 0.906581
 0.598855
 -0.444116
 -0.591493
 1.29481
 0.121932
 0.55182
 0.540283
 -0.515104
 0.474191
 -0.194625
 -0.31182
 -0.36215
 -0.0740163
 -0.180905
 -0.375732
 -0.0568209
 -1.51723
 0.188963
 -1.90391
 -0.459785
 -1.38784
 -0.225072
 -0.647522
 -1.37337
 -1.03933
 -0.5442
 -0.222554
 -0.0145945
 -0.579432
 0.857813
 1.12744
 -0.520097
 0.422592
 -1.3014
 -0.791294
 -0.969411
 -0.300485
 -0.247547
 0.391047
 -0.197314
 0.372505
 -0.336084
 0.190782
 -0.716702
 0.218615
 -0.208541
 0.450215
 -0.0378323
 -0.25479
 -0.808555
 -0.360642
 0.202451
 0.815588
 1.39543
 -0.126887
 0.161041
 0.538207
 -0.69936
 -0.344263
 -0.0928356
 -0.0780146
 0.184445
 0.0173203
 -0.392509
 -0.697123
 0.0730804
 0.544952
 0.0178331
 0.0742256
 -0.0477098
 0.034074
 0.18103
 -1.18656
 -0.435941
 0.192089
 0.281191
 -0.0210531
 -0.769423
 -0.24296
 -0.365702
 -1.1219
 -0.559198
 -0.320616
 0.0610765
 -0.205841
 0.274384
 0.196389
 0.335393
 0.506538
 -0.0644796
 0.487718
 -0.0206496
 0.186343
 -0.438132
 -0.129944
 1.3405
 -0.0609947
 0.654023
 -0.64839
 -0.588663
 -0.280077
 -0.0730625
 -1.19105
 0.432694
 0.599725
 -0.639774
 0.895887
 0.154791
 -0.0693763
 0.604802
 0.478837
 -0.782071
 -0.345339
 0.383604
 0.476329
 1.49014
 0.217307
 1.16112
 -0.922558
 -0.159078
 0.0656126
 -1.00762
 -1.311
 0.571234
 0.624399
 -0.472785
 -0.566765
 0.289884
 0.40615
 0.778695
 0.444372
 -0.319923
 0.0124316
 -0.216285
 -0.179118
 -0.152655
 1.05756
 -0.56045
 -0.382677
 0.0705709
 0.45463
 1.32703
 -0.196903
 0.845472
 0.20031
 0.110613
 -0.176388
 0.0789947
 0.0992561
 -0.153596
 -0.0551887
 0.59769
 1.02659
 0.134036
 1.43424
 -0.243778
 0.917596
 0.144701
 0.6862
 -0.28278
 0.413736
 -0.0555949
 0.127212
 0.432525
 0.348005
 0.203668
 0.83848
 0.831251
 0.432822
 0.189108
 -0.332818
 0.266671
 1.08876
 0.536896
 -0.264927
 0.818952
 0.0178238
 -0.174864
 0.252414
 1.42505
 0.489953
 0.438412
 -0.0731448
 0.305333
 0.428722
 -1.13438
 -0.313645
 -1.51502
 -1.17562
 -0.748489
 -1.41721
 -0.613326
 0.402959
 -0.183906
 -0.199981
 -0.351861
 -0.0883921
 -1.09021
 -1.28419
 -0.770117
 -0.221879
 -0.418571
 -0.497911
 -0.288628
 0.174571
 0.938262
 0.443229
 1.34156
 1.00197
 0.966431
 -0.424156
 -0.281476
 0.580578
 0.570713
 0.759275
 -0.0503005
 -0.00503895
 0.835917
 0.466233
 -0.845566
 0.570698
 -0.353435
 -0.481606
 0.288009
 -0.404519
 0.932826
 0.814974
 -0.747809
 0.190843
 0.29971
 1.02597
 -0.00604009
 0.916396
 0.0848849
 0.220697
 1.19826
 0.350948
 0.0285051
 -0.0507336
 -0.470776
 -1.10988
 -0.545759
 -0.417096
 -0.701615
 0.24607
 0.567593
 -0.573397
 0.532019
 1.255
 0.34896
 -0.15713
 0.429136
 -1.12527
 0.0262842
 0.060303
 -0.3695
 0.55312
 -0.208255
 0.555806
 0.941083
 0.782689
 0.997711
 0.924091
 0.377512
 0.468115
 0.535512
 0.797915
 0.07973
 1.95124
 0.0589497
 0.421765
 0.0365794
 0.738418
 0.429238
 -0.392528
 0.571688
 -1.06175
 -0.135843
 0.589494
 0.444922
 -0.134857
 -0.0716925
 0.103591
 1.04632
 0.396119
 0.913612
 1.96766
 0.78089
 -0.727377
 -0.848096
 0.880372
 -0.388554
 -1.06405
 0.252964
 -0.163074
 0.395912
 0.619776
 0.668926
 0.548649
 0.406753
 -0.723164
 0.249697
 -0.167197
 -0.129648
 0.0645301
 -0.115954
 -0.49585
 0.618784
 0.633114
 -0.081752
 -0.338539
 0.860761
 0.651068
 -0.435604
 1.10909
 0.695995
 2.03245
 0.646434
 0.600137
 -0.267268
 -0.681068
 -0.373606
 -0.00098247
 -0.567105
 -0.175911
 0.212651
 0.294584
 0.576597
 -0.519881
 0.587928
 0.260346
 0.201344
 -0.330947
 0.946399
 0.907411
 0.638509
 0.0289499
 -0.786161
 0.581598
 -0.410125
 -0.00358862
 -1.53319
 -0.253312
 -0.958668
 -0.59361
 0.23001
 -0.171272
 -0.206783
 -0.622788
 0.0337674
 -0.664471
 -0.476991
 0.357517
 -1.48995
 -0.128669
 -0.549899
 -0.148708
 -0.600482
 -0.252743
 0.0459667
 -0.282134
 -0.0305114
 0.560637
 0.594697
 0.277449
 0.333536
 0.930243
 0.4178
 0.75172
 0.795306
 0.873061
 0.688554
 0.975467
 1.17921
 0.320419
 -0.28102
 -0.682915
 -0.297749
 -1.22907
 0.476392
 0.854173
 0.185987
 0.318314
 0.506148
 -0.0532512
 0.732418
 0.594526
 0.942874
 0.431167
 0.879955
 0.560768
 0.746177
 -0.0429716
 0.413578
 0.757158
 1.09891
 0.374921
 0.651561
 0.132039
 -0.405639
 0.469371
 0.328683
 1.34222
 -0.00102152
 -0.0515569
 -0.21113
 -0.306479
 0.286279
 -1.06106
 -1.24278
 0.550335
 -0.267672
 0.285047
 0.242001
 -0.324194
 -0.906065
 -0.813665
 -0.394761
 0.535443
 -1.44879
 0.99659
 -0.351525
 -0.452963
 -0.767334
 -0.909632
 -1.02237
 -0.340724
 -0.0092858
 0.857288
 0.249297
 -0.129303
 1.79762
 -0.248721
 -1.03255
 -1.06279
 0.0209139
 0.129581
 -1.13924
 0.854122
 -0.431205
 -0.306115
 0.253023
 0.951284
 0.225906
 0.936709
 0.327414
 0.749311
 -0.0225189
 -0.0863664
 0.314943
 0.335044
 -0.196989
 -0.563468
 -0.909479
 -0.987928
 -1.14355
 -0.612516
 -0.716376
 -0.499246
 0.711647
 -0.5095
 0.412363
 0.318313
 -0.0713374
 0.258092
 -0.591402
 0.299553
 0.660692
 0.207232
 -0.319717
 0.676434
 -0.046388
 0.133064
 0.550915
 0.177172
 1.19089
 -0.0224028
 -0.588474
 -0.538616
 -0.732454
 -0.267547
 0.366978
 -0.416856
 -0.0561694
 -0.113437
 0.107797
 -0.308577
 0.141876
 0.00254428
 -0.281063
 -0.0677504
 -0.506593
 -0.150434
 -0.421128
 0.316538
 0.166813
 -0.544426
 -0.245631
 -1.23654
 0.254549
 -0.441761
 0.0604375
 1.15448
 1.45801
 0.660197
 0.19445
 -0.161692
 0.199696
 0.901799
 1.00116
 0.101625
 -0.0114953
 0.425402
 -0.77124
 0.311128
 0.33174
 1.88589
 1.64696
 1.47319
 0.114714
 1.35874
 0.777873
 0.250003
 0.874602
 1.34622
 0.802524
 -0.271212
 0.0775649
 0.252424
 -0.536041
 0.117099
 0.687384
 0.298792
 -0.282426
 0.132908
 -0.3971
 -0.146583
 0.356068
 0.0752053
 -0.762294
 0.324483
 -1.13455
 0.895215
 1.5918
 0.156947
 0.488284
 -0.212571
 0.764874
 1.10496
 0.503431
 -0.025757
 0.615607
 1.09905
 -0.35864
 -0.341074
 0.416212
 0.632782
 -0.211847
 0.537223
 -0.0348202
 0.755466
 0.467296
 0.339317
 -0.541463
 -0.619663
 -0.387151
 0.138901
 -0.664877
 -0.186984
 -1.18092
 0.375424
 -0.051379
 -0.805103
 0.843366
 -1.12833
 -0.581877
 -1.46318
 -0.722512
 0.118277
 -1.00958
 -1.64011
 0.300837
 -0.229604
 0.856004
 -0.0910967
 0.180574
 0.0160392
 -0.478423
 -0.00382263
 0.264525
 0.843555
 0.133725
 -0.0843156
 0.669976
 1.60604
 0.0277597
 0.798293
 -0.340572
 -0.168581
 0.140703
 -0.417166
 0.673946
 1.28252
 -0.333526
 0.278001
 0.346533
 0.113866
 1.01103
 1.27586
 1.4539
 0.131964
 1.14808
 -0.28211
 -0.455795
 -0.837835
 0.319118
 0.475584
 0.798321
 0.290538
 -0.10672
 0.0216108
 0.118671
 0.896399
 1.11968
 0.0933243
 0.171156
 -0.287123
 -1.35308
 -0.292487
 -0.631726
 -0.964465
 -0.356739
 -1.5379
 -0.96306
 -0.29678
 -0.750956
 -0.865005
 -0.131516
 -0.413123
 0.608803
 -0.709352
 0.359682
 0.251204
 -0.17808
 -0.325916
 -0.136069
 -1.44133
 -0.235563
 -0.151373
 0.363856
 -0.0186941
 0.210346
 0.416515
 0.699401
 1.47401
 0.401403
 -0.0307828
 1.09852
 0.900163
 1.13066
 0.27943
 0.00989791
 -0.36533
 -0.407402
 0.732805
 -0.341548
 0.299778
 0.19802
 -0.371666
 0.374949
 0.549638
 1.54364
 0.0537427
 0.931777
 0.602658
 0.335671
 -0.185051
 0.247243
 0.85214
 0.180351
 0.745207
 0.522284
 -0.357701
 -0.0707459
 -0.209666
 -0.160716
 -0.286662
 -0.386928
 1.38278
 -0.271098
 -1.1761
 0.957314
 -0.448939
 -0.203556
 0.241549
 -0.385642
 0.733451
 0.359695
 -0.0322112
 -1.04392
 0.0532859
 -0.660858
 0.445561
 1.0407
 0.388688
 0.555145
 -0.534722
 0.533375
 0.615906
 -0.344157
 -0.254201
 -0.0726422
 -0.238976
 0.50722
 -0.344944
 1.41747
 0.364006
 0.59753
 0.360254
 0.5341
 0.859815
 -0.136696
 -0.106728
 -1.19754
 -1.05277
 -0.117579
 -0.652635
 -0.699256
 -0.697172
 0.842461
 -0.444445
 -0.00340193
 -0.161635
 -0.552537
 0.00694829
 -1.11111
 0.197805
 -0.224647
 0.371309
 0.0124439
 0.150565
 0.194921
 0.0489642
 -0.24577
 0.445987
 0.270783
 0.563498
 0.586899
 1.69378
 1.87413
 0.714245
 1.25329
 0.472895
 1.11239
 2.10489
 1.60996
 0.198179
 0.674294
 0.537844
 1.32653
 0.113597
 -0.0840869
 0.571471
 0.891183
 0.158482
 -1.15615
 1.26403
 -0.814685
 0.330039
 0.6183
 1.0337
 0.482659
 0.54712
 -0.181059
 -0.486121
 -1.17976
 -0.814814
 -1.21277
 -1.1495
 -0.0796494
 -1.24959
 -0.579561
 -1.35604
 -0.234729
 -0.863511
 1.20999
 0.411352
 0.329512
 -0.102072
 -0.994964
 -0.615467
 -1.15279
 -1.14674
 -1.68193
 -0.0185341
 0.743321
 -0.395149
 -0.896502
 -0.509635
 -0.620155
 0.944231
 0.159319
 0.162561
 -1.02894
 0.33658
 -0.22259
 -1.01061
 -1.10973
 -0.435416
 -0.430886
 -0.675655
 -0.664007
 -0.381963
 -1.04807
 -0.056728
 0.0550986
 0.289685
 -0.165406
 0.699583
 -0.491098
 -0.0275361
 -0.819534
 -0.210478
 -0.902457
 -0.678273
 -1.38602
 -1.15144
 -0.0659554
 0.284163
 0.356329
 -0.360582
 0.220441
 -1.15624
 0.0196241
 -0.192189
 0.791457
 0.539562
 -0.159662
 0.593339
 0.281594
 0.85977
 0.42359
 0.273134
 1.18793
 0.152793
 0.67058
 1.25823
 0.312323
 1.03574
 0.211792
 0.206986
 0.590258
 -0.184612
 0.747296
 -0.21793
 0.178595
 -0.276625
 1.23903
 -0.704
 -0.620373
 -1.14152
 0.00798866
 -0.199106
 -1.58348
 -0.816308
 -1.91024
 -1.00307
 -1.04979
 -0.581317
 -0.432346
 -0.605308
 -0.534408
 1.28663
 0.866037
 -0.20905
 -0.681589
 0.0206896
 -0.416932
 0.934233
 0.208366
 -0.780046
 0.251554
 -0.587783
 -1.11129
 -0.505334
 -1.46062
 -0.397108
 -0.282097
 -0.868273
 0.522656
 0.407081
 -0.232458
 0.798217
 -0.643833
 -0.728772
 -0.937422
 0.795264
 0.0745488
 -0.617022
 -0.260806
 -0.97244
 -0.0494842
 0.616143
 0.405574
 0.597401
 0.0410829
 1.24181
 -1.02517
 1.42256
 0.311563
 0.0944425
 0.488234
 0.785327
 0.677297
 -0.288976
 0.0848714
 -0.313566
 -0.584282
 -1.28503
 -0.0435903
 -0.262146
 0.337454
 -0.0824998
 0.719738
 1.09684
 0.363609
 0.209885
 -0.149044
 0.471883
 -0.123175
 -0.636947
 -0.972153
 -1.37551
 -1.63779
 -0.334215
 -1.10851
 -0.999571
 -0.2561
 -0.259995
 -0.324171
 0.102118
 0.807892
 -0.0869199
 0.274939
 -0.331662
 0.41976
 0.794495
 0.690137
 0.793211
 -0.355063
 -0.538869
 -1.39139
 -0.572903
 -0.429811
 0.448941
 -0.21401
 0.0733232
 -0.322661
 -0.79146
 -0.387127
 -0.30406
 0.0347377
 1.26307
 0.47066
 0.697972
 -0.103736
 -0.179873
 0.035891
 -0.482602
 -0.7927
 0.416014
 0.339383
 -0.112788
 0.0707103
 -0.179004
 -0.677512
 -0.477805
 -0.649569
 -1.01583
 0.166217
 -0.278332
 0.959346
 0.962049
 0.26834
 0.505926
 -0.0279558
 -0.633187
 0.0689943
 -0.0957854
 -0.322678
 -0.202048
 0.369052
 0.804969
 -0.265017
 0.129382
 -1.24069
 -0.888079
 -0.130756
 -0.13719
 0.579441
 0.833638
 0.543103
 0.0936894
 0.489529
 0.374275
 1.7613
 0.358575
 0.467385
 0.678474
 0.592937
 -0.429611
 0.513574
 0.494337
 1.09101
 0.0181465
 0.319932
 -0.202563
 0.00988804
 0.559967
 -0.698616
 -1.62927
 -1.40795
 -0.178279
 -0.219145
 0.31704
 -1.10217
 -0.564125
 -0.517905
 -0.466701
 -0.945515
 -0.796036
 -0.24559
 -0.962567
 -0.353578
 -1.10726
 -0.388105
 0.0171771
 -0.486051
 0.731584
 0.805581
 1.12038
 1.42768
 1.3891
 0.0347011
 0.760187
 0.484159
 1.25229
 0.963733
 1.37014
 0.830183
 1.36303
 1.09329
 0.232784
 1.03856
 0.575603
 -0.156815
 0.413308
 -1.01536
 -0.336306
 -0.5623
 -0.347848
 -0.138462
 -0.407441
 -1.20596
 1.03045
 -0.453653
 0.274327
 1.43431
 1.19439
 -0.222398
 0.182526
 -0.9271
 0.747048
 0.170761
 -0.775415
 -0.522092
 -0.247031
 -1.06246
 -0.565875
 -0.553719
 -0.224751
 -0.474428
 -0.532591
 -0.282033
 -0.219121
 -0.375832
 0.327644
 0.937573
 1.88001
 0.597345
 0.363745
 -0.104559
 -0.0819203
 -0.456339
 0.244161
 0.342621
 0.15828
 -0.440007
 0.281531
 -0.278243
 0.152421
 0.566552
 0.501769
 -0.0940005
 0.0101615
 -0.394487
 -0.612313
 -1.00479
 -0.597004
 -0.571105
 0.577418
 0.912542
 1.09866
 0.32884
 1.17955
 1.27445
 0.644614
 0.637694
 1.12423
 -0.86326
 -0.476342
 0.111526
 -0.195717
 -0.203871
 -0.0620882
 -0.734704
 -0.300941
 0.0215313
 0.379251
 -0.542203
 0.295281
 -0.628231
 -1.41441
 -0.630437
 -0.0954152
 0.542201
 0.314725
 0.0386118
 -0.937029
 0.0208495
 0.498301
 0.535495
 0.847793
 1.02525
 0.285148
 1.16302
 0.952021
 0.476393
 0.175933
 0.403799
 -0.641725
 -0.192331
 -0.472396
 -0.429637
 -0.874883
 0.792007
 -0.465146
 0.376807
 -0.335835
 0.729045
 -0.915092
 -0.158751
 -0.657176
 -0.48042
 -0.574389
 -0.0834262
 0.179944
 -0.516765
 -0.57123
 0.871122
 -0.592949
 -0.380076
 0.232849
 1.14483
 -0.908153
 -0.510065
 0.278741
 0.165748
 -1.58778
 -1.10618
 -0.647183
 0.100192
 0.657696
 0.242356
 0.424662
 0.569385
 0.14445
 -0.657133
 -0.893697
 -0.450315
 0.317606
 -0.329019
 -0.298187
 -0.904705
 0.157827
 0.0524229
 -0.947713
 -0.830525
 -0.611121
 0.0088278
 -1.16415
 -0.257225
 -0.660462
 -0.785583
 -0.301979
 -0.375739
 -0.318581
 0.478498
 -0.958637
 0.00631314
 -0.08934
 0.0222231
 -1.35061
 -0.692358
 -0.944582
 0.600628
 -0.397877
 -0.281776
 0.110535
 -0.379765
 -0.268459
 -0.203532
 -0.138084
 -0.574249
 0.50643
 0.282011
 1.14445
 -0.414723
 0.0667244
 -0.90996
 -0.900341
 -0.942555
 -1.44954
 -1.244
 -0.243306
 -0.398986
 -0.597096
 -0.731099
 -0.834181
 0.810644
 1.07083
 -0.851972
 -0.597343
 -0.79234
 0.207079
 -0.632925
 -0.107965
 0.20899
 0.753211
 0.279841
 0.0690527
 0.316337
 1.21474
 0.134689
 1.1525
 1.42351
 0.681568
 0.368216
 -0.870662
 -0.42536
 -0.160962
 -0.0743779
 0.499082
 0.585176
 -0.100547
 -0.395396
 -1.11236
 0.580369
 0.574764
 0.168708
 0.525416
 -0.206823
 -0.421727
 -0.22339
 0.648535
 0.0493853
 -0.888075
 1.18527
 -0.591121
 -0.741625
 1.45703
 0.37669
 0.414072
 0.126066
 1.0776
 -0.319208
 -0.00606238
 -0.0817238
 0.728738
 0.211802
 0.506782
 -0.00820469
 -1.16814
 -0.328937
 -0.497953
 -1.82605
 -0.403041
 -1.63397
 -0.389594
 -0.740379
 0.51876
 0.521698
 -0.095033
 -0.290399
 -0.457255
 0.241543
 -0.26562
 0.215212
 -0.809302
 -1.0614
 0.206276
 -0.6136
 -0.448248
 0.0637995
 -0.301723
 -1.27379
 0.259778
 -0.155999
 0.0536914
 0.406207
 0.424205
 -0.171615
 -0.444482
 0.290691
 0.425814
 0.529292
 0.433968
 -0.591063
 -0.998825
 0.453925
 0.0620159
 -0.537914
 0.629912
 -0.498494
 0.436347
 -0.184539
 -1.74562
 -1.09954
 -0.390487
 0.204093
 -0.27461
 -0.222838
 0.793925
 0.55206
 -0.613791
 0.189045
 -0.176077
 0.283816
 -0.0829037
 0.135695
 0.260142
 0.58662
 0.0331487
 -0.410543
 -0.794754
 0.417588
 -0.344868
 0.51651
 0.706443
 0.803373
 0.38953
 0.421142
 0.599181
 1.07773
 0.248586
 -0.0241852
 1.01269
 0.796383
 -0.701003
 0.477148
 0.193596
 -0.880772
 -0.104407
 -1.76805
 0.422199
 0.241452
 0.0553982
 0.423354
 -0.0378905
 -0.90996
 0.984788
 0.816229
 1.3481
 1.03255
 -0.525331
 0.402908
 0.144802
 0.43561
 -0.578128
 0.538371
 -0.21407
 0.881922
 0.283078
 -0.702498
 1.06583
 -0.299419
 -1.04825
 0.0613301
 0.604892
 -0.349095
 -1.09122
 -1.08609
 -1.25249
 -0.393163
 -0.27708
 -0.169796
 -0.539743
 0.33338
 -0.492309
 0.0901386
 0.76511
 -0.777805
 0.336611
 0.0311262
 0.293006
 0.178826
 -0.0915852
 0.212853
 0.157371
 -0.450728
 -0.329068
 0.479865
 -0.706841
 0.284067
 0.436986
 0.407743
 0.310351
 0.159787
 0.89601
 0.535628
 0.00871326
 1.49975
 0.0459858
 0.0589748
 -0.00527322
 0.147588
 -0.188104
 -0.18852
 -0.891224
 -0.329796
 -1.03507
 -0.259782
 -0.719513
 -0.314978
 0.62628
 0.33721
 -0.258475
 0.631067
 0.614478
 -0.156911
 -0.426723
 -0.00235678
 0.239281
 -0.047389
 0.0758461
 0.00315106
 0.0502304
 -0.157332
 0.156398
 -0.59876
 0.283377
 -0.649143
 0.878456
 -0.395932
 0.434104
 -0.652659
 0.418622
 0.143085
 -0.165147
 -0.438558
 -0.187852
 -0.380925
 1.93734
 -0.0716904
 0.592781
 1.89935
 0.764319
 -0.00684762
 0.260942
 0.100399
 0.770313
 -0.116789
 -1.0501
 0.214199
 0.606341
 -0.33534
 -0.591481
 0.481067
 -0.255013
 -0.0654922
 0.856316
 0.0472538
 -0.459331
 0.143543
 -0.209189
 0.3141
 -0.0776124
 0.119064
 0.48488
 0.195359
 -0.932801
 0.216173
 -0.503839
 0.226177
 0.204081
 -0.324853
 0.575428
 1.50736
 -0.974797
 -0.726561
 0.655529
 -0.121997
 0.714718
 0.618493
 -0.321661
 -1.22007
 -0.822427
 -1.57538
 0.18874
 -0.829914
 -1.5783
 -0.581291
 -0.464357
 -0.500661
 -0.782982
 -0.689753
 0.0301217
 0.153639
 0.294156
 1.12239
 1.28695
 0.888156
 1.61979
 0.883863
 0.984579
 0.725792
 -0.717551
 -1.39062
 -0.877445
 -0.0570701
 -0.0748731
 -0.680868
 -1.06559
 -1.29301
 -0.23499
 0.165769
 -0.0352898
 0.620274
 1.55544
 -0.376929
 0.56156
 1.37277
 1.21084
 1.13608
 0.342551
 0.951236
 0.9291
 0.715085
 -0.315296
 -0.381893
 -0.654349
 0.0296776
 0.896553
 1.09751
 0.48443
 0.403227
 0.262681
 0.136332
 0.171219
 -0.683832
 0.372881
 0.475439
 0.167232
 -0.126352
 0.461784
 1.10092
 -0.208333
 0.534968
 0.180261
 -0.276702
 1.11193
 0.243363
 0.591141
 0.0525587
 1.12698
 0.55206
 -0.0677016
 0.620543
 0.910671
 0.856042
 -0.179726
 0.414369
 0.528588
 -0.170466
 -0.361477
 0.0882939
 -1.52876
 -0.176808
 0.0816775
 -0.944808
 0.3567
 0.107599
 -0.958424
 -0.333062
 -0.40949
 -0.0129637
 0.653743
 1.42972
 -0.782397
 0.259462
 0.528392
 -0.0950184
 0.485591
 0.592774
 0.377694
 -0.371025
 0.00564915
 0.553066
 0.457613
 0.0180389
 -0.308548
 1.38925
 0.430388
 0.150586
 -0.0454943
 -1.29015
 0.214122
 0.284401
 0.753111
 0.879291
 0.192855
 0.584423
 0.458143
 0.659229
 0.341057
 -0.263112
 -0.889844
 -0.125261
 -0.255673
 0.231646
 0.639376
 -0.000633729
 0.0472964
 -0.295879
 0.572877
 -0.356696
 0.347739
 0.782994
 0.691011
 1.54948
 0.568625
 -0.0224101
 -0.576842
 -0.432628
 0.499475
 0.640019
 -0.476519
 -0.372207
 0.275608
 0.457053
 -0.858991
 -0.487585
 0.402018
 -0.679843
 0.314192
 -0.665255
 0.299153
 -2.05428
 -0.65518
 -1.13089
 -0.355367
 0.533184
 0.00848358
 0.800606
 0.385889
 0.227639
 -0.446946
 -0.06796
 0.942169
 -0.160295
 -0.0822326
 -0.0850529
 -1.77907
 0.63602
 -0.825839
 -0.119566
 -0.589866
 0.476594
 -1.21231
 -0.385165
 -0.662329
 0.662285
 -0.672846
 0.19119
 -0.288385
 -1.09436
 -2.02153
 -2.00037
 -0.536959
 -1.12272
 -0.783398
 -0.874506
 -0.716696
 0.299155
 -1.18422
 -0.622392
 -0.693067
 -1.10272
 0.25222
 -0.0750218
 -0.112452
 0.353712
 -0.787955
 0.430335
 -0.74675
 0.691953
 0.289296
 0.238461
 -0.397229
 0.430571
 -0.842981
 0.357208
 -0.451583
 -1.12458
 -0.134956
 -0.539006
 -1.72038
 -1.08191
 0.196084
 -1.06378
 -0.154082
 0.121455
 0.0752623
 0.147396
 1.00143
 0.843735
 0.864117
 0.765765
 0.343113
 -0.854796
 -0.137297
 -0.745286
 1.2948
 0.272939
 0.09394
 -0.0928453
 0.940279
 1.21063
 0.507335
 0.174581
 -0.6715
 -0.294631
 0.118447
 -0.427063
 -1.1744
 -0.224311
 -0.256652
 0.166951
 -0.631885
 -0.149662
 -0.50684
 -0.0980957
 -1.06087
 -0.293826
 -0.454027
 -0.447373
 0.271964
 0.291572
 0.0244955
 -0.1991
 0.825791
 0.977414
 0.149455
 1.04902
 0.88593
 -0.25386
 1.45166
 0.188874
 -0.566189
 -0.249023
 -0.0145424
 -0.7671
 -0.432523
 0.0815398
 1.16064
 -0.421617
 -0.206656
 -0.146077
 -0.237907
 0.812526
 0.184839
 0.294853
 0.55517
 1.20719
 0.340795
 -0.240259
 1.15191
 -0.186274
 0.352652
 0.420619
 1.07633
 0.895355
 0.465323
 -1.31787
 -0.56638
 -0.985373
 -0.12672
 -0.896389
 -1.60412
 -1.85197
 0.220065
 0.369532
 -0.634921
 -1.52853
 0.356688
 -0.465412
 -0.538394
 -1.02825
 -1.49707
 -0.178803
 -0.763908
 0.0789328
 0.435468
 -0.757395
 -0.547226
 -0.390258
 -0.903587
 -1.64137
 -0.615683
 -0.798507
 0.301663
 0.318928
 -0.698971
 -0.152759
 0.875618
 0.15192
 -0.634443
 -0.134245
 -0.115481
 0.393853
 -0.337273
 -0.21084
 -0.888439
 0.0377153
 -0.503209
 -0.468103
 -0.133317
 -0.486307
 -0.754305
 -0.0569411
 -0.25897
 0.0256447
 0.150126
 0.366353
 1.13263
 -0.00687999
 0.265715
 0.489192
 0.555477
 1.24317
 0.378567
 1.60762
 0.364572
 -0.307937
 -0.0541447
 1.07667
 0.73603
 0.692281
 -0.415661
 -0.65924
 0.0484517
 0.976991
 0.462123
 0.703927
 -0.177699
 0.319511
 -0.298216
 0.730932
 -1.48944
 -0.516216
 -0.816201
 0.0163838
 0.120476
 0.633284
 0.695546
 0.505325
 0.16698
 -0.0464263
 -0.103877
 0.0941087
 -0.289884
 -1.07486
 -1.08505
 -0.194798
 0.207406
 -0.425531
 -0.1827
 0.165895
 0.783198
 0.58435
 -0.474806
 -0.018539
 -0.835555
 0.204988
 -0.174804
 -0.123774
 0.371983
 0.484898
 -0.223843
 0.124284
 0.223588
 -0.043181
 0.593515
 1.04465
 0.220751
 1.20209
 0.305842
 0.576197
 0.612047
 0.219623
 -0.551785
 0.11094
 -2.04493
 -0.331683
 -1.28664
 0.345614
 0.39391
 -0.129433
 0.74417
 0.988689
 2.02941
 0.791137
 0.112701
 -0.508205
 -0.0956188
 0.00568376
 -0.093959
 1.26142
 0.725378
 0.837181
 0.300915
 0.482409
 0.277184
 0.487564
 -0.681601
 -0.122201
 1.02193
 -0.322917
 -0.725135
 -0.478291
 -0.716502
 -0.551024
 -1.00345
 -0.409988
 0.411402
 0.397832
 -0.665709
 1.58405
 0.396485
 0.339019
 -1.1114
 -0.569448
 0.548893
 0.93612
 1.31964
 0.583006
 -0.326651
 -0.346205
 -0.0702998
 -0.621812
 -0.858903
 1.33661
 -0.426131
 -0.0803641
 0.831486
 -0.350418
 1.08081
 -0.56033
 -0.511643
 -1.29413
 0.250837
 0.0854769
 -0.011914
 0.160958
 0.328408
 0.119916
 0.625496
 -0.335734
 0.0255652
 -0.613325
 -0.428107
 -1.117
 0.980103
 -0.0223183
 0.307955
 -0.430046
 -0.200488
 -0.589774
 -0.52777
 -0.881602
 0.0405826
 0.60083
 0.415365
 0.903667
 -0.477573
 0.285379
 0.453038
 0.105907
 0.157137
 0.170582
 0.136978
 0.655725
 1.04921
 -0.0798286
 -0.141597
 0.563592
 0.0045999
 0.935486
 0.396396
 0.798082
 0.444086
 0.855541
 0.793013
 -0.446711
 0.47199
 -0.292952
 0.0858074
 -0.538529
 -0.968869
 -0.684171
 -0.778914
 -0.135436
 -0.121437
 -0.769791
 -0.631685
 -1.45159
 -1.68443
 -0.434959
 -0.650294
 -0.568688
 0.283735
 0.425222
 -0.162788
 1.07179
 0.587779
 -0.363338
 0.243024
 0.356641
 -0.401716
 -0.488367
 -0.364192
 -0.600552
 -0.789904
 0.962597
 -0.10441
 1.10362
 0.476798
 -0.0790153
 -0.778633
 -0.775875
 0.00149949
 -0.481588
 -0.438083
 -0.270187
 -0.173186
 -0.919067
 -1.41589
 -0.87901
 -0.225848
 -0.685291
 -0.0620538
 -0.0402281
 -0.0216815
 -0.628333
 -0.92207
 -0.961031
 0.0856495
 -0.199057
 -0.0874035
 0.0244935
 -0.505959
 -0.995338
 -0.707325
 1.16617
 0.73841
 0.195347
 0.177634
 0.922703
 -0.492476
 -0.851643
 0.432197
 0.45595
 1.81277
 -0.0515903
 -0.690502
 -0.235806
 -0.183597
 -0.392681
 0.432555
 -0.0427366
 -0.558966
 -0.534916
 0.830861
 0.733977
 -0.0163154
 0.729616
 -0.636999
 -0.286447
 -0.0148924
 0.463196
 0.760705
 0.528401
 0.183777
 0.20272
 -0.0624779
 0.39927
 -0.146469
 -0.461455
 -0.34859
 -1.02556
 -0.0171273
 -0.609633
 -0.448319
 0.53349
 0.549493
 -0.709387
 -1.6532
 -0.936917
 -0.0786848
 0.112602
 -0.562774
 -0.206483
 -0.410517
 -1.42875
 -0.49291
 -0.512093
 0.834582
 0.616138
 0.55259
 1.01675
 1.15342
 0.921964
 0.43009
 0.473326
 -0.373629
 0.929535
 0.338316
 0.723956
 -0.286751
 -0.441133
 1.19208
 0.175876
 0.0882042
 -0.343324
 0.173579
 -0.0504283
 0.0789634
 0.048223
 -0.852178
 0.17175
 -0.498043
 -1.41584
 -1.04884
 0.223923
 -0.53134
 -0.0700807
 -0.955013
 0.258688
 -0.402362
 -0.79937
 -0.886008
 -1.16222
 -0.498735
 -1.09968
 -0.96633
 -0.668313
 0.316888
 -0.118183
 -0.590764
 0.938573
 0.130669
 0.116747
 0.452488
 -0.296765
 -0.118173
 -0.169007
 -0.693081
 -1.12066
 -0.547728
 0.815463
 0.0956053
 0.490277
 -0.625852
 -0.188099
 -0.948458
 1.36271
 -0.268425
 -0.71478
 -1.27636
 -1.11971
 0.143875
 0.00783458
 0.654546
 0.580583
 0.273712
 -0.475971
 -0.645555
 0.0622935
 -0.0484055
 -0.0185372
 0.539745
 0.429168
 0.506781
 0.570718
 0.140813
 1.12726
 0.937612
 1.39834
 0.392092
 0.97095
 0.235389
 -0.568249
 0.319335
 -0.948501
 0.263142
 -0.0559901
 -0.0176358
 -0.876899
 -0.0199874
 -0.732994
 -1.26116
 -0.581296
 -1.21402
 0.513746
 -0.11772
 0.176385
 -0.270416
 -0.056143
 -0.209062
 0.738787
 -0.723357
 0.221594
 -1.19315
 -0.559743
 -0.269965
 -0.953777
 -0.514065
 -0.59851
 -0.821852
 -0.377074
 -0.030918
 -1.30271
 -0.470017
 0.250265
 -0.278493
 -1.43888
 -0.528973
 -0.456572
 -1.13796
 -0.453194
 -1.92966
 -1.76807
 -0.674532
 -0.635078
 0.388485
 -0.477653
 -1.39765
 0.077961
 0.0797111
 -0.528248
 -1.14669
 -0.323379
 -0.724392
 -0.266889
 -0.506489
 -0.588436
 -0.342377
 0.0582284
 0.246846
 -0.186684
 -0.46379
 -0.549034
 -0.527682
 -1.15718
 -0.326188
 0.834443
 -0.497288
 -0.589493
 0.127105
 -0.668335
 0.0762804
 -0.360576
 0.901438
 0.146112
 0.56992
 -0.10199
 -0.966058
 -0.111522
 0.623193
 -1.05795
 -1.20852
 0.399117
 0.284491
 1.09548
 -0.224689
 -0.0501554
 -0.565227
 -0.60609
 -0.420393
 -0.229364
 -0.217894
 0.100136
 0.791311
 0.798768
 0.904433
 1.12387
 0.179928
 0.245439
 -0.304822
 0.397776
 -0.114959
 0.21348
 -0.265471
 -0.576804
 0.44208
 0.307646
 -1.16901
 -0.904646
 -1.04829
 0.335794
 0.519031
 -0.121682
 -0.553416
 -0.557385
 -0.210698
 -0.766469
 -0.434792
 0.707685
 0.514023
 0.962461
 -1.48195
 0.0906889
 -1.53109
 -0.767059
 -0.0842729
 -1.10862
 -1.12982
 -0.0868558
 -0.738786
 -1.15412
 -0.955195
 -0.463496
 0.413279
 0.202865
 -0.241767
 -0.0921718
 0.947982
 0.962789
 -0.833078
 0.12613
 -0.957763
 -0.0177136
 -0.747571
 0.88508
 -0.761548
 0.175346
 -0.561316
 1.0566
 0.17984
 0.208832
 0.13242
 0.455295
 0.482324
 -0.259714
 0.262429
 -0.264724
 1.2868
 0.771475
 -0.999579
 0.0724295
 -0.432141
 -0.546534
 -0.312115
 -1.16558
 -0.116859
 0.0347984
 -0.282556
 0.517209
 0.00858274
 -0.207683
 -0.302528
 -0.486153
 -0.599742
 -0.451529
 -0.326598
 -0.842428
 -0.21092
 -0.259677
 1.24515
 0.885025
 0.0407361
 -0.919911
 0.146546
 0.646245
 0.43417
 1.33381
 1.21897
 0.481938
 -0.0674079
 0.756698
 1.02935
 0.103589
 -0.230686
 -0.161181
 0.117198
 0.264716
 -1.49125
 -0.820245
 0.0702221
 -0.248775
 -0.686307
 -0.477369
 -0.347779
 0.434587
 0.0257894
 0.0414754
 0.712428
 0.0614086
 0.377422
 0.316537
 -0.306264
 -0.18831
 -0.486679
 0.431538
 1.15507
 0.680303
 0.108677
 0.266973
 1.69865
 -0.442213
 1.7015
 0.617005
 0.44314
 -0.0511764
 0.215711
 -0.608224
 0.858898
 0.469188
 -1.52074
 0.38784
 -0.86541
 -0.127576
 -0.57397
 0.382092
 0.159197
 -0.470085
 0.554933
 0.896752
 0.35656
 -0.420086
 0.130712
 0.767745
 -0.721135
 -0.154637
 1.37008
 0.0145278
 1.45354
 0.181443
 -0.224144
 0.410902
 0.337017
 -1.35759
 0.60952
 0.0451775
 0.0613074
 0.258183
 -0.574229
 0.424727
 0.526137
 -0.32135
 -0.013641
 -0.373792
 -0.272176
 -1.29825
 0.185511
 0.318771
 1.43986
 -0.00805276
 0.141123
 1.0119
 0.00589641
 -0.176015
 0.495789
 0.931153
 -0.778729
 -0.604287
 -0.140942
 0.957413
 0.125926
 0.546476
 1.28191
 0.105702
 0.835562
 0.230781
 -0.468287
 -0.205544
 0.522656
 0.244811
 -0.0586464
 -1.15736
 -0.47046
 -0.617887
 0.393042
 -0.414728
 0.779466
 0.273527
 -0.287467
 1.10722
 0.304779
 -0.775389
 0.539357
 -0.00238067
 -0.0190675
 1.12547
 0.74796
 1.07754
 0.403854
 0.234387
 -0.444395
 -0.0737147
 -0.160171
 -0.272068
 -0.131904
 0.503735
 1.02627
 -0.226835
 0.44856
 -0.893144
 0.145572
 -1.28317
 0.176368
 -1.16023
 -1.35769
 -0.308257
 -0.444429
 0.14342
 -0.552196
 -0.135133
 -0.526819
 -0.0144053
 -1.05258
 -1.39394
 0.281637
 -0.106368
 0.971737
 0.427483
 -0.429365
 0.185616
 0.0569861
 0.702977
 -0.465375
 0.389986
 0.00669562
 0.789746
 0.719242
 0.983378
 -0.489431
 0.529214
 -0.403561
 0.750725
 0.252258
 -0.163535
 -0.0614572
 -0.992022
 -0.438703
 0.152772
 0.44467
 0.248599
 0.963542
 1.25417
 -0.16361
 -0.847013
 0.000951084
 0.697637
 1.17248
 1.55701
 0.680988
 -0.293084
 -0.187038
 -0.281002
 -0.162997
 -0.211462
 0.700942
 0.253156
 -0.147368
 -0.275194
 -0.308941
 0.294178
 -0.724717
 -0.497966
 1.27476
 0.954972
 -0.348497
 -0.740317
 -0.175013
 -0.399481
 -0.145806
 -0.415364
 -0.169413
 0.316241
 0.519309
 0.760973
 -0.398607
 -0.749609
 0.585114
 0.600949
 1.13665
 1.07512
 1.15758
 0.0749037
 -0.162152
 -0.474541
 -0.817863
 -0.977186
 -0.876359
 -0.724616
 0.104593
 -0.441971
 -0.545656
 -0.236179
 -1.27053
 -0.163321
 0.488061
 0.0784792
 0.559
 0.0593138
 -0.482008
 0.360624
 0.36519
 0.728632
 0.632379
 0.409363
 1.41088
 0.936678
 0.0327076
 0.0222743
 -0.407547
 -0.00319793
 0.452017
 -0.362174
 -0.0483543
 0.452428
 -0.373363
 -0.899235
 0.661804
 1.23596
 1.67391
 1.90476
 0.412378
 -0.057014
 0.433002
 0.841786
 -0.0407851
 0.210107
 0.687814
 -0.974912
 -0.358953
 0.148671
 0.565378
 -0.853608
 -0.591025
 -0.362369
 -0.914901
 0.515471
 -0.419777
 0.619129
 -0.384447
 -0.0299042
 0.246385
 -1.13315
 -0.311671
 -0.367792
 -0.184458
 0.39587
 0.616684
 0.826713
 0.852791
 0.602926
 0.00538635
 -0.00164054
 -0.0316579
 -0.152105
 -0.166404
 0.799296
 -0.0427931
 -0.437517
 -0.123282
 -0.392371
 0.164003
 0.534527
 -0.0613779
 0.423324
 0.102644
 -0.850013
 -1.27643
 -0.0650355
 -0.641996
 -0.586386
 1.06766
 0.468856
 0.621986
 0.275793
 -0.222706
 1.17883
 -0.115291
 0.0753731
 0.857096
 -0.10764
 1.46042
 -0.571556
 1.03715
 -0.77733
 -0.923215
 -0.357589
 0.00263037
 -0.669287
 0.189205
 -0.135349
 0.750444
 0.137394
 -0.400728
 0.63459
 0.834733
 1.36855
 1.76987
 1.04768
 0.923568
 0.31231
 1.30379
 -0.339006
 0.83818
 -0.180578
 0.631437
 -0.622154
 0.421092
 -0.148979
 0.112494
 0.288076
 0.778631
 -0.628811
 -0.206725
 0.301546
 -0.649439
 -0.695167
 0.186502
 -0.140136
 -0.67441
 0.818304
 0.709372
 0.225875
 0.515905
 0.703174
 0.360843
 -0.265578
 0.454756
 -0.717023
 -0.334007
 -0.988424
 -0.670979
 -0.519887
 0.272942
 0.0898865
 0.445729
 -0.800285
 0.32235
 0.428813
 0.759274
 -0.0436928
 0.265855
 0.594593
 -0.823475
 -0.251824
 -0.494642
 -1.41328
 0.676865
 0.591966
 0.884589
 0.424804
 0.199609
 1.04225
 0.318513
 -0.510492
 -0.767122
 0.446571
 1.14691
 1.54541
 0.482713
 0.0902128
 0.11103
 0.426879
 0.361124
 0.349631
 -0.14086
 0.433594
 1.31863
 0.149173
 0.956397
 0.163134
 -0.374635
 0.198885
 1.26088
 1.12823
 -0.0021477
 0.349363
 -0.0258571
 0.960353
 -0.377604
 -0.311133
 0.311611
 0.031635
 -0.414744
 0.827687
 0.0710443
 0.817051
 -0.0836651
 0.060764
 0.362301
 -0.396302
 -0.149229
 -0.751013
 -1.3003
 -1.03568
 -0.0275431
 -0.193909
 -0.160615
 -0.0841969
 -0.0543577
 0.616251
 0.358285
 0.374387
 0.029503
 -0.748029
 -0.0791625
 0.260029
 0.42379
 0.329196
 0.25704
 -0.086321
 0.656389
 0.0783056
 -0.232229
 -1.03713
 0.286387
 0.948007
 0.0978245
 -0.51845
 0.44138
 0.261778
 0.160191
 0.187618
 0.2614
 0.159091
 -0.320424
 0.2056
 -0.251855
 0.0124441
 -0.613375
 -0.51856
 0.404502
 0.504757
 -0.25891
 -0.238318
 -0.225223
 -0.353594
 -1.64795
 1.0539
 0.542173
 0.562417
 0.680115
 0.417624
 0.31848
 1.04941
 0.282979
 0.415646
 0.628348
 1.36824
 -0.138734
 0.123971
 -0.050438
 -0.953182
 0.431808
 0.33804
 -0.17423
 -0.53384
 0.201691
 0.282976
 0.485781
 0.136929
 -0.706589
 -0.884445
 0.0397716
 -0.671664
 0.601473
 0.01632
 0.972016
 0.381926
 1.14762
 0.87484
 0.880044
 0.893595
 0.0353588
 0.389853
 0.563587
 1.19204
 1.22591
 0.91412
 0.129892
 0.383277
 0.428121
 1.70109
 1.04956
 1.07353
 0.416238
 0.205142
 0.0529806
 0.958792
 -0.247229
 -0.417485
 0.768706
 0.687012
 0.711836
 0.831223
 -0.129179
 -0.399599
 -0.190889
 0.402589
 -0.272282
 -0.557491
 -0.0923119
 -0.963414
 -1.69615
 -1.4558
 -2.06599
 -0.897553
 -1.5372
 -1.14353
 -1.14346
 -1.02422
 0.569672
 -0.0714031
 -0.798646
 -0.431529
 0.333811
 0.353982
 0.302604
 0.407809
 -0.233959
 -0.988954
 0.101189
 0.628061
 0.4745
 0.323308
 -0.391481
 0.190037
 0.44938
 -1.27112
 1.17508
 0.897521
 0.746399
 0.577356
 -0.421941
 -0.980916
 -0.0409275
 -0.0923401
 0.439789
 0.854296
 0.891353
 0.867409
 0.0179322
 0.518169
 0.616665
 0.190664
 1.20241
 0.829477
 0.671512
 -0.25328
 -0.150797
 -0.730919
 0.169503
 1.49734
 0.242152
 -0.134945
 0.135873
 -0.167331
 -0.45372
 -0.265681
 1.05482
 0.698294
 1.74689
 1.52523
 1.19421
 0.564377
 0.427349
 0.165199
 0.477741
 1.03657
 0.421774
 0.532468
 -0.284192
 -0.260816
 -0.476131
 -0.249211
 0.00662205
 -0.167794
 -0.325474
 0.937067
 0.139075
 -0.0173682
 0.519421
 0.59681
 1.2591
 0.512157
 0.539292
 0.191428
 0.102416
 -0.623874
 0.888313
 0.819631
 0.840362
 0.0596344
 0.746025
 0.683428
 0.57538
 0.0652892
 -0.242534
 0.0811291
 -1.02477
 -0.145304
 0.66369
 -0.24966
 -1.77691
 0.129831
 -0.467279
 -0.498295
 -0.242973
 0.719381
 0.307607
 0.226861
 0.0963291
 0.629938
 0.616046
 -0.0323097
 0.514308
 -0.0323972
 -0.344681
 -0.787733
 -0.673129
 0.120347
 -0.622372
 -0.219221
 0.0596485
 0.0410299
 0.11122
 -0.241047
 0.383147
 -0.141396
 -0.972323
 0.0966532
 -0.0384787
 -0.301325
 -0.25381
 0.325852
 0.341439
 0.00768184
 -0.561566
 -0.0470435
 0.0133482
 0.0480478
 -0.169347
 -0.767106
 0.155651
 0.203641
 0.612159
 0.393005
 -0.466734
 -1.08958
 -0.390589
 0.620628
 0.580649
 1.69371
 0.576846
 0.0980557
 0.295704
 -0.637546
 0.458358
 0.000346584
 0.866316
 0.206917
 0.238283
 -0.468479
 -0.719351
 -0.710686
 0.546071
 0.228359
 0.106108
 -0.0225127
 0.674355
 1.25036
 0.578912
 -0.464252
 0.621239
 0.786003
 0.51512
 0.0882087
 1.12004
 0.387308
 0.743586
 0.572119
 -0.0510287
 0.74722
 -0.615269
 0.309646
 0.265006
 0.573346
 -0.960516
 -0.0251776
 0.289766
 0.0166596
 -0.764044
 -0.229203
 -0.101357
 0.284677
 0.0256647
 -0.385186
 -0.472234
 -0.111876
 0.18984
 -0.497548
 0.629951
 0.326909
 -1.28905
 -0.856991
 -0.97312
 -0.780548
 -0.087398
 -0.265245
 -0.0610891
 -0.0188818
 -0.863185
 0.0690962
 -0.383037
 -0.276863
 0.146523
 -0.0302336
 -0.0304009
 0.553692
 -0.00918358
 0.0126414
 -0.292191
 0.441291
 0.245772
 0.0776285
 0.338702
 0.537131
 -0.153757
 0.748966
 0.0277177
 -0.449584
 -0.892482
 -1.32278
 -0.764196
 -0.424601
 -0.773133
 -1.63914
 -0.560345
 -1.3028
 -0.468408
 -0.86924
 -0.21922
 -0.431585
 -0.0661416
 -0.934766
 -1.19495
 -0.215671
 -0.0900693
 -1.55096
 -0.454533
 0.377201
 -0.852193
 0.453466
 -0.743036
 0.49366
 -1.29919
 -0.438077
 -1.73259
 -0.933136
 -1.05063
 -2.6229
 -1.4943
 -1.02547
 -1.8769
 -2.51762
 -0.495223
 -0.637878
 0.0168488
 -0.563429
 0.0384511
 1.04389
 -0.0067678
 -0.11856
 -0.971948
 -0.161122
 0.798163
 -0.100789
 0.920669
 -0.543912
 0.328048
 0.207202
 -0.0321823
 -1.07714
 -0.946632
 0.18484
 -0.672709
 0.0955958
 0.403401
 0.173369
 -0.112405
 -0.139547
 0.687388
 0.0285618
 0.23944
 0.626331
 -1.1454
 -0.573578
 -0.0553302
 -0.273679
 -0.382271
 0.0970391
 -0.630402
 -0.897969
 0.38377
 1.89712
 0.47898
 0.0307269
 -0.163768
 -0.77497
 0.489768
 -0.599322
 0.0460103
 -0.613325
 -0.596847
 -0.68879
 -0.102265
 -0.217083
 -0.172284
 -0.849355
 -1.17066
 -0.214956
 -0.864205
 0.447782
 -0.907771
 -0.349572
 1.0035
 0.310792
 0.979644
 0.136659
 1.39302
 0.375057
 1.41446
 0.3591
 0.0171229
 0.492822
 -0.111389
 -0.611991
 -0.371777
 -0.797691
 0.410587
 -0.166393
 -0.882314
 0.528816
 -1.05182
 -0.720441
 -0.730897
 0.0390956
 0.0309994
 0.416988
 -0.12608
 -0.284428
 0.233281
 0.136386
 0.91642
 0.727193
 0.978909
 0.0576521
 -0.534485
 -0.232426
 0.478166
 0.874176
 1.31201
 1.00604
 0.338407
 0.31964
 0.829268
 0.798006
 0.0701808
 0.516473
 0.115865
 0.924849
 0.239728
 -1.04808
 -0.332534
 -0.864069
 -0.0726846
 0.688567
 0.298742
 0.895284
 0.248012
 -0.305517
 0.121177
 0.191118
 0.190409
 -0.781829
 1.17709
 -0.358149
 -0.11414
 -0.368522
 0.0324057
 0.454661
 0.63764
 -0.0468596
 -0.105556
 0.866617
 0.0151415
 -0.837914
 -0.473417
 0.219241
 -0.417429
 0.156384
 -0.341531
 -0.150813
 -0.645573
 0.301525
 0.415589
 1.16766
 1.1298
 1.25712
 0.9484
 0.553573
 1.36829
 0.935405
 0.41859
 0.368356
 0.865054
 -0.100683
 1.5864
 1.06645
 0.83164
 1.32383
 0.499665
 -0.558032
 0.294234
 0.14117
 -0.709012
 0.948729
 0.341493
 -0.1429
 0.405614
 0.225686
 0.601162
 -0.378605
 -0.209073
 0.240553
 0.593017
 0.101435
 -0.0436716
 0.449188
 -0.417589
 0.116917
 -0.601684
 1.01591
 0.127468
 0.938061
 0.140554
 -0.831927
 -0.0738164
 1.63142
 0.178534
 0.209355
 0.507696
 0.957011
 1.0363
 0.062599
 -0.168721
 -0.601809
 -0.155466
 -0.254496
 0.609394
 -0.984398
 0.833287
 0.905241
 0.457603
 -0.0657106
 -0.667349
 0.552254
 -0.00362053
 0.0440778
 0.0870567
 -0.915396
 0.00161524
 -0.230706
 0.359196
 1.0044
 0.99287
 0.0492398
 0.67138
 1.0624
 0.0385578
 1.09838
 0.97406
 0.131586
 -0.558636
 0.181399
 -0.170403
 -0.945246
 0.123983
 -0.8174
 -1.19539
 -0.124592
 -1.02304
 -0.987409
 -0.209772
 -1.4808
 -1.16986
 -1.08218
 -1.04916
 0.0431227
 -1.58477
 -0.0945494
 -0.658503
 -1.03618
 0.399532
 0.618084
 -0.882739
 -0.0920319
 0.392501
 -0.417049
 -0.396447
 -0.761863
 0.266341
 -0.294192
 0.143006
 -0.402663
 -0.464784
 -1.02706
 -0.576945
 0.0746366
 0.827904
 -0.408552
 -0.665287
 0.59461
 0.60411
 0.86976
 0.648504
 1.44056
 -0.0420634
 -0.0204292
 0.222883
 -0.115224
 -0.161153
 -0.126028
 0.466158
 -0.0658462
 -0.507183
 0.178817
 0.512925
 0.241054
 0.372515
 0.0357747
 0.00278764
 -0.538905
 -0.418301
 0.53015
 0.839195
 -0.144761
 -0.248282
 -0.381241
 1.53964
 0.243155
 -0.658462
 -0.605839
 0.418884
 -0.834948
 -1.0211
 -0.53265
 -0.474013
 0.150566
 0.690903
 -0.526599
 -0.840401
 -0.0415739
 -0.543657
 -0.696344
 -0.649146
 -0.638781
 -0.365346
 -0.118437
 0.443596
 0.0389925
 -0.558496
 0.672234
 0.145322
 -0.0433275
 -0.525242
 0.169249
 -0.899048
 -1.35744
 -0.421414
 -1.06592
 -1.28846
 -0.593864
 -0.678581
 0.208987
 -0.0818659
 1.21223
 0.33508
 0.0658608
 0.320458
 -0.652514
 -0.107838
 -0.35072
 -0.888171
 0.614723
 -0.0257805
 0.518159
 -0.0669434
 -0.633217
 0.0415001
 -1.49692
 0.228761
 -0.0904242
 -0.026109
 -0.713315
 0.133043
 0.73792
 1.24779
 1.22254
 1.03819
 0.136544
 0.619655
 0.546912
 1.56988
 0.848349
 1.39086
 1.05337
 0.729882
 0.106625
 -1.50149
 0.453555
 -0.612698
 -0.208996
 -0.134525
 -0.346436
 -0.742566
 -0.511279
 -1.00329
 -0.725884
 -0.254223
 -0.655166
 -0.0959984
 1.11041
 0.10905
 0.274663
 0.144957
 -0.203686
 -0.654542
 0.0873008
 -0.777639
 -0.211691
 0.52534
 0.817985
 0.939913
 1.35617
 0.104576
 0.0782445
 -0.505565
 0.725739
 -0.213808
 -0.0276742
 -0.260269
 0.439045
 -0.518999
 -0.513837
 -0.26114
 -0.654333
 0.802765
 0.195934
 -0.67092
 0.181484
 0.115183
 -0.331753
 -0.359057
 0.206636
 -0.236474
 0.252139
 0.433144
 -0.726346
 0.71965
 0.540579
 0.276278
 0.380238
 0.45255
 -0.272733
 -0.150891
 -0.434922
 -1.8942
 -0.518736
 -0.159148
 -1.63902
 0.40072
 0.313003
 -0.470576
 0.733349
 -0.1011
 0.117794
 0.310037
 0.395784
 1.16866
 0.93327
 0.748414
 0.549057
 0.0879717
 -1.11106
 0.122838
 0.579188
 0.497323
 -0.591524
 -0.0109052
 -1.08138
 -0.447226
 -0.65891
 -0.0721794
 -0.190275
 -0.755674
 -0.787559
 -0.448759
 -0.8676
 -0.321197
 0.704553
 -0.318854
 -0.291947
 -0.605623
 -0.0453383
 -0.462849
 0.13236
 0.789116
 1.13699
 0.924544
 0.749579
 0.579672
 0.895429
 -0.51653
 -0.221499
 0.296686
 0.203708
 0.468897
 0.599869
 0.228074
 0.612755
 0.538251
 0.478752
 1.0328
 0.234344
 0.61819
 1.1601
 0.149188
 -0.507389
 -1.1208
 -0.229853
 1.33237
 0.74606
 1.34262
 0.347087
 0.469152
 -0.725131
 -0.534982
 0.865548
 0.158309
 -0.0967183
 -1.34591
 0.105192
 0.0642401
 -0.0283251
 0.48756
 0.296261
 1.34413
 0.403205
 -0.807634
 -0.0768163
 0.840884
 0.232851
 0.0433502
 -0.400602
 -0.00856026
 -1.15073
 -1.11287
 -0.154814
 -0.651146
 -0.223101
 0.0695755
 -0.253463
 -0.575508
 -1.17167
 -0.689899
 -1.21512
 -0.62915
 -1.82883
 -0.172106
 0.0140837
 0.80602
 -0.930942
 -0.739549
 -0.892113
 0.808621
 -0.292174
 0.0367927
 0.962435
 0.159284
 -0.0100877
 0.548036
 0.00555445
 -0.588527
 -0.321806
 0.114297
 0.368976
 0.256086
 -0.65388
 0.299379
 0.0751945
 0.398124
 -0.237134
 -0.523024
 -0.277652
 -0.208014
 0.179735
 0.888088
 -0.00484188
 0.0684481
 -0.151193
 -0.160263
 -0.635303
 -0.742872
 0.0689368
 -0.102494
 0.309727
 0.512878
 0.5985
 -0.734105
 -1.05114
 0.607532
 0.0551305
 0.524417
 0.592328
 0.195846
 0.0104591
 -0.24864
 -0.756582
 -0.602463
 -0.312822
 -0.355777
 -0.819183
 1.5904
 1.42866
 -0.37082
 -0.0386472
 0.31214
 -0.798876
 0.310232
 0.339376
 -0.392633
 -0.266762
 -0.0604976
 0.561987
 -0.270379
 -0.0838362
 0.654936
 0.0270133
 0.0124048
 0.35863
 -0.0647417
 -0.151736
 0.449552
 -0.288551
 -0.110703
 0.783231
 -0.227859
 0.853034
 0.475456
 1.00717
 0.898473
 -0.496745
 -0.154332
 -0.835301
 -0.252622
 0.69595
 -0.786799
 -0.290132
 -0.681564
 -1.89041
 -0.0496124
 -0.320105
 -0.598272
 -0.306281
 0.021429
 0.758293
 -0.597417
 0.398075
 -0.0680968
 0.571075
 -0.277503
 0.45503
 0.167241
 0.249662
 -0.937942
 -0.182214
 -0.540615
 0.134972
 -0.071254
 -0.44834
 -0.618777
 -1.0499
 -0.410009
 -0.917841
 -1.24393
 -1.12758
 -0.172752
 -0.385822
 0.172639
 -0.944619
 0.284691
 -0.748463
 -0.510943
 -0.818464
 -0.407811
 0.0861249
 -0.32723
 0.345056
 -1.14472
 -0.0440914
 -0.382468
 -1.21917
 0.0688208
 -0.479141
 0.600818
 -0.328186
 0.111534
 0.569517
 0.447306
 -0.379422
 -0.409002
 -0.0553296
 -0.76748
 -0.329947
 -0.225023
 0.429521
 -0.197662
 -0.434942
 -0.808977
 -0.297797
 0.0629506
 0.134528
 -1.14174
 -0.854258
 -0.847319
 -0.913601
 -0.628138
 -0.106881
 0.275878
 -0.0486074
 0.221738
 0.660339
 -0.844553
 0.198419
 0.81894
 0.190697
 0.109792
 -1.32584
 -0.448211
 0.115972
 -0.444203
 -0.397552
 -0.752952
 0.0247829
 -0.601041
 -1.3922
 0.0522173
 -0.275331
 -0.214297
 0.799491
 -0.549794
 0.129684
 0.308587
 -0.320956
 -0.0985362
 -1.19956
 0.218363
 -1.06321
 -1.34384
 -0.0926237
 -0.112642
 0.127536
 -0.102792
 -1.06123
 -0.617851
 -1.01518
 0.579268
 0.960161
 -0.8369
 1.61326
 0.921619
 1.4792
 1.27776
 0.862515
 0.715051
 0.927268
 1.49249
 0.239448
 0.463545
 0.101619
 -0.265506
 0.157732
 -0.539247
 -0.253824
 0.0702849
 -0.651119
 -0.205629
 0.289471
 -0.396295
 -0.587029
 -0.0713332
 0.453986
 0.0310036
 0.446621
 1.07732
 -0.348782
 0.714727
 1.1097
 1.35728
 0.0616327
 -0.163992
 -0.740801
 -0.510193
 -1.11217
 -0.829077
 -0.666797
 -1.00092
 -0.786642
 0.710806
 -0.149539
 0.609644
 0.076766
 0.803282
 3.00573
 1.64962
 -0.0588202
 0.637416
 -0.338682
 0.486939
 -0.545536
 0.200763
 0.382388
 0.276038
 -0.603167
 -1.26571
 -0.323339
 0.0534585
 0.0484434
 -0.132708
 -0.137788
 0.10904
 0.353264
 0.41391
 0.109724
 -0.491202
 -0.205257
 0.125138
 0.341478
 -0.217125
 -0.400251
 -0.696974
 -0.5014
 0.256811
 0.947095
 0.985792
 1.41987
 0.428629
 1.29705
 0.248744
 0.390211
 -0.593169
 -0.454266
 -0.837978
 -0.257792
 0.502839
 -0.974998
 -0.170712
 -0.191798
 -0.215233
 -0.105408
 -0.210148
 0.388265
 -0.276739
 0.502791
 -1.13558
 0.93508
 -0.496974
 0.352457
 0.651437
 1.43398
 0.903334
 0.853053
 0.278082
 0.332884
 0.219189
 0.520691
 -0.485373
 0.119708
 0.380751
 -0.452034
 0.39332
 0.26923
 -0.512648
 1.37738
 -0.192624
 -0.231528
 -0.730137
 -0.399121
 -0.52088
 -0.785381
 -0.507293
 -0.755379
 -0.0281682
 0.375808
 -0.435434
 0.607475
 0.649115
 0.00912836
 -0.0304886
 0.30633
 -1.07619
 -0.598412
 -1.26768
 -0.880917
 -0.228097
 0.655466
 0.393597
 -0.25393
 0.719569
 -0.747347
 0.142081
 0.958581
 0.505828
 0.350737
 0.825741
 0.531223
 0.67606
 0.00409892
 0.121378
 -0.889456
 -0.517462
 -0.192968
 0.0791527
 -0.979492
 0.931706
 1.33242
 0.871723
 0.651077
 1.6674
 -0.0851778
 1.49751
 0.175745
 0.256019
 -0.451934
 -0.539127
 0.302941
 0.834184
 1.35311
 0.928756
 0.222353
 -0.0614914
 0.524452
 -0.0865625
 -0.467185
 -1.19757
 -0.485889
 -0.452915
 -0.419909
 -0.111129
 -0.103069
 -0.142139
 -0.953209
 0.124095
