 -0.0203933
 -0.0976177
 -0.609253
 -1.52135
 -1.2652
 -1.36632
 -1.15518
 -0.72326
 -0.155869
 -0.96299
 -0.339258
 -0.20659
 -0.0358767
 0.0839983
 -0.589805
 0.579168
 0.520343
 -0.302853
 -0.861333
 -2.16717
 -0.664442
 0.950307
 0.505244
 0.32305
 0.639684
 0.393356
 0.612618
 1.17348
 0.503557
 0.0410799
 -0.345158
 -0.12251
 -0.220678
 -1.27754
 -0.658652
 -0.824272
 -1.11401
 -1.75995
 -0.195829
 -0.640019
 -0.316308
 0.0773264
 -0.0760782
 -0.257601
 0.634397
 -0.183632
 0.124991
 -1.2183
 -2.56775
 -2.26986
 -1.81238
 -0.0907921
 0.0573834
 1.1269
 1.53715
 1.22194
 1.3958
 1.42022
 1.98771
 1.50672
 1.39693
 -0.0431996
 -0.00432002
 -0.270641
 -0.541561
 -0.601037
 -1.38226
 -1.34652
 -1.72551
 -1.39761
 -0.551733
 -0.387399
 0.285094
 -0.773464
 -0.901509
 -0.657749
 -1.01037
 -0.267085
 -0.460974
 -1.00881
 -1.15881
 -1.02728
 -1.28257
 -1.15904
 -1.25388
 -2.11028
 -1.37855
 -0.429281
 0.124297
 2.44252
 2.03435
 2.11138
 0.632895
 0.838998
 0.0079068
 -0.123623
 -0.575478
 0.690594
 -0.346449
 -0.417052
 -1.23261
 -0.762484
 -0.756537
 0.182412
 -1.29845
 -1.3413
 -1.77435
 -1.76712
 -2.49024
 -2.0474
 -0.79448
 0.320959
 1.26532
 0.62991
 0.610541
 -0.0849723
 -0.107973
 -0.208403
 -0.659702
 -0.76873
 -0.679243
 -1.0277
 0.152149
 0.542883
 0.38257
 0.45726
 -0.252475
 -0.582429
 -0.324986
 -1.07966
 -0.857587
 -0.871351
 -0.884758
 -0.669796
 -0.742826
 -1.23372
 -0.583399
 -1.75486
 -1.68231
 -1.5637
 -1.49005
 -1.41318
 -0.679294
 -0.590711
 -0.951371
 -0.188586
 -1.48461
 0.0160409
 0.0329152
 -0.55577
 -0.0366786
 0.21655
 0.79662
 -0.0533648
 -0.822949
 -0.429583
 -0.553388
 -1.06425
 -0.397826
 -0.538292
 -1.50079
 -0.0972867
 -0.395109
 -0.819138
 -1.18315
 -0.508932
 -0.948363
 -0.149577
 -0.258549
 0.278764
 -0.0994817
 -0.35689
 -1.13887
 -0.797401
 -0.846684
 0.0135215
 0.721016
 0.342887
 0.406207
 0.945074
 0.521793
 1.51471
 0.07285
 0.480098
 -0.159222
 0.164977
 -0.493037
 -0.491073
 -1.22449
 -0.824749
 -1.6133
 -1.28078
 -1.66283
 -2.63435
 -3.09642
 -3.49847
 -1.99135
 -1.52201
 -1.35487
 -0.83921
 -0.981285
 -2.20714
 -1.40553
 0.375699
 -0.0106651
 -0.201635
 0.46179
 0.334485
 1.63232
 1.2172
 1.16832
 1.28211
 0.719294
 0.272293
 -0.354292
 0.685085
 1.06718
 1.0314
 0.670242
 0.915016
 0.314406
 0.142281
 0.172979
 -1.11302
 -2.76003
 -2.17764
 -0.632559
 -0.769969
 0.103091
 0.589492
 1.72078
 1.16402
 0.807573
 1.21182
 1.9442
 1.74809
 1.18391
 1.2255
 2.2868
 1.74594
 1.40418
 1.61228
 2.1545
 1.43441
 -0.323509
 -0.2623
 -0.0865181
 -1.14131
 -0.135958
 0.475557
 -0.1405
 0.688138
 0.0806652
 0.307193
 0.977927
 0.573975
 0.470499
 0.502893
 0.496675
 0.727952
 0.433641
 0.120803
 -0.0951054
 0.920975
 0.943349
 1.84411
 1.19003
 0.976838
 0.859673
 1.76663
 0.946422
 0.538973
 0.113079
 -0.0140008
 -0.808399
 -1.77229
 -1.92745
 -1.82341
 -1.01951
 -0.909923
 -0.421076
 0.128147
 0.590479
 1.32121
 1.74637
 0.811161
 0.915921
 1.09492
 -0.586121
 -0.0922097
 -0.379886
 -0.0726797
 0.218931
 0.466431
 1.065
 0.56137
 0.0404624
 -0.420069
 0.199166
 -0.696278
 0.0410117
 -0.731442
 -0.421676
 -0.0678071
 0.703656
 -0.293057
 0.915664
 0.269977
 1.09643
 1.15771
 0.018322
 0.0295746
 0.502544
 -0.699721
 -1.13149
 -2.58717
 -2.1355
 -1.60859
 -1.16456
 -1.24004
 -1.00532
 -0.225166
 -0.096477
 -0.229748
 0.0402382
 -1.25623
 -0.253319
 0.819525
 1.08619
 0.928481
 0.98705
 -0.35787
 1.16872
 1.07287
 1.32722
 0.145936
 -0.267994
 0.216407
 0.0333985
 0.97
 1.24163
 0.886029
 0.564872
 -0.0619597
 -1.16121
 -0.355552
 -0.756359
 0.574129
 0.350845
 -0.375097
 -0.732661
 -1.03718
 -0.827854
 -0.971206
 -0.122858
 1.0488
 1.25249
 1.51021
 0.90055
 0.328944
 0.290906
 0.167941
 0.657498
 0.768466
 0.244016
 1.62277
 2.25992
 1.75311
 0.288145
 -0.334167
 -0.28973
 -0.611258
 -0.721598
 -1.40231
 -0.411461
 0.800266
 0.540994
 0.878195
 1.13256
 2.29357
 1.29241
 0.571426
 0.428839
 -0.434402
 -0.113053
 -0.733511
 -1.16044
 -0.0318533
 -1.36026
 -1.43593
 -0.425731
 -1.1367
 -1.57009
 -1.57756
 -1.4725
 -0.868651
 -0.533577
 -1.18477
 -0.683956
 -0.135786
 -0.0287474
 1.01061
 0.314303
 0.614937
 1.10312
 1.16368
 0.940297
 0.76986
 0.542805
 0.535062
 0.461057
 0.640301
 0.720273
 0.851437
 1.52079
 0.767741
 1.32988
 2.6521
 1.536
 0.739639
 0.967819
 1.5785
 -0.219142
 0.0453493
 0.2623
 0.4325
 -0.0118928
 -0.998064
 -1.6104
 -1.18024
 -0.236038
 0.909093
 0.234024
 -0.205466
 -0.714162
 -0.739583
 -1.1419
 -1.33589
 -0.340844
 0.598487
 0.00102533
 -0.367772
 -1.44322
 -1.36029
 -1.85261
 -1.85588
 -0.71962
 0.477302
 0.786237
 0.493487
 -0.881956
 -1.73966
 -1.39981
 -0.359075
 -0.520096
 -1.32044
 -1.81233
 -1.49846
 0.342158
 0.0347781
 -0.399702
 -0.875443
 -0.747056
 -0.475206
 0.104328
 0.499159
 1.32576
 1.17245
 0.754387
 1.51595
 0.648707
 -0.837319
 -0.0453963
 -0.512271
 -1.67496
 -0.534092
 -0.671253
 -0.644458
 -0.698197
 -0.241723
 0.107129
 -1.06563
 -1.39231
 -0.587206
 0.148756
 0.0871394
 -0.191785
 -0.386472
 -0.524526
 -0.333927
 -0.754891
 -0.204481
 0.702226
 0.997283
 1.47874
 0.818189
 -1.1931
 0.550336
 0.794551
 -0.0427525
 -0.0987945
 0.353347
 0.616835
 1.67105
 0.182286
 0.435809
 0.708208
 0.8207
 0.794438
 0.699731
 1.29116
 1.00534
 -0.103168
 -0.395641
 -1.36959
 -1.89786
 -2.01668
 -1.79277
 -0.871339
 -1.06767
 -0.315779
 -0.962824
 -1.39725
 -2.0276
 -2.04133
 -1.76826
 -2.35244
 -2.19164
 -2.5879
 -2.80208
 -1.31939
 -0.859109
 -1.58727
 -1.72367
 -1.63736
 -0.926392
 -0.880432
 -0.919216
 0.325053
 0.70745
 -0.176772
 0.35519
 1.05156
 0.419539
 0.559813
 0.345097
 0.513393
 -0.0373269
 -0.232429
 -0.287096
 -0.730561
 -0.961913
 -0.941806
 -1.3601
 -1.92868
 -1.7025
 0.0123987
 -0.0425769
 -0.128051
 -1.42429
 -1.32557
 -1.35229
 -0.782769
 -1.00514
 -1.32579
 -0.825988
 -1.18951
 -1.43279
 -1.98087
 -1.46358
 -1.05438
 -0.918494
 -0.605403
 -1.05589
 -0.33321
 -0.998109
 -0.645421
 -0.673756
 -0.759925
 -1.71349
 -1.28502
 -0.855052
 -1.42085
 -0.841417
 -1.05693
 -0.341169
 -1.19493
 -0.817553
 -1.68078
 -2.41987
 -1.59344
 -1.47808
 -0.98941
 -0.668285
 -0.80741
 -0.678503
 -0.54511
 -1.65797
 -1.6537
 -1.53196
 -0.41099
 0.393397
 -0.39224
 0.0543553
 0.364877
 0.866503
 0.364173
 -0.103769
 -0.204296
 0.0833582
 0.21041
 0.015936
 0.0774733
 -0.459804
 -0.476197
 0.182237
 0.256426
 -0.215294
 -0.988217
 -0.513717
 0.0274243
 -0.137321
 -0.0446772
 -0.201021
 -0.908666
 -0.846957
 -0.0997171
 -0.606743
 0.625124
 0.665476
 0.454067
 0.812125
 1.26233
 1.37556
 0.191212
 0.936139
 0.59716
 0.547397
 -0.45455
 0.39871
 0.966965
 1.49985
 1.53584
 1.91144
 1.72049
 1.42008
 1.38438
 0.990889
 0.713663
 0.369365
 0.169277
 -0.422421
 -0.76217
 -0.544538
 -1.43402
 -0.459046
 -0.073392
 -0.943822
 -0.366449
 -0.507865
 -0.274354
 -0.110661
 0.132324
 0.237192
 -0.122796
 -0.787844
 -0.101115
 -0.0941781
 -0.787152
 -0.396781
 -0.552
 -0.0423749
 -0.703808
 0.746355
 0.540228
 0.378191
 1.27278
 0.849137
 1.43793
 0.839277
 2.38024
 1.34415
 1.11919
 -0.190113
 0.274441
 -0.71707
 -0.933901
 -0.961394
 -0.632756
 0.548047
 1.42532
 1.59322
 1.35187
 0.791546
 1.57179
 1.36932
 1.19814
 0.549457
 0.690622
 0.751732
 1.56099
 0.565194
 -0.195794
 -0.379391
 -0.289904
 -1.16409
 -0.534882
 -0.589311
 -1.03826
 -1.61236
 -0.206438
 -0.253867
 -0.279541
 -0.201447
 -0.150083
 -0.829365
 0.656443
 0.475978
 -0.339007
 0.415578
 -0.363694
 0.0229717
 0.288735
 0.869577
 0.65838
 0.0268952
 0.94678
 1.35486
 2.20253
 1.67535
 0.584047
 -0.352294
 -0.495584
 -0.539663
 0.0383039
 -0.739246
 -0.680932
 -0.386975
 -0.71201
 -0.944536
 -1.24115
 -0.358133
 -0.174871
 0.42626
 0.356368
 -0.0885434
 -0.192874
 0.062565
 -1.44023
 -1.66976
 -1.80176
 -1.4269
 -0.700464
 -0.192067
 -0.571812
 1.29503
 1.21859
 0.926433
 -0.0735274
 0.284441
 0.143364
 -0.506682
 -0.284448
 0.338655
 0.0919455
 -0.799171
 -0.66879
 0.343562
 0.617213
 0.283127
 0.465102
 -0.416864
 -1.37067
 -0.999008
 -0.825716
 -0.0453345
 0.0165694
 0.778458
 0.234218
 -0.178215
 -0.841219
 -1.46202
 -1.17756
 -1.44565
 -1.48375
 -1.41398
 -0.832132
 -2.5627
 -1.40745
 -0.44034
 0.348373
 0.202099
 0.60382
 0.616439
 0.324533
 0.289189
 -0.260765
 0.391765
 0.221614
 0.654956
 0.920985
 1.52497
 1.40308
 1.63995
 1.08444
 1.50412
 1.07026
 1.67262
 0.867609
 0.664413
 1.1761
 0.168387
 0.67383
 0.605496
 1.04437
 1.64488
 1.27188
 0.619689
 0.125867
 0.770525
 -0.589122
 -0.484351
 -0.0476322
 0.203829
 -0.095234
 -0.856074
 -0.376576
 0.37588
 -0.0559993
 -0.937429
 -2.03788
 -1.55147
 -0.541542
 -1.41847
 -1.26234
 -0.89818
 -1.47864
 -1.50896
 0.390464
 0.651584
 -0.426059
 0.28592
 -0.888813
 -1.15147
 -1.00857
 0.31748
 0.699701
 -0.11427
 0.454516
 0.504517
 0.629616
 0.376788
 0.204242
 0.163126
 -0.722358
 -0.50892
 -1.07506
 -1.46922
 -0.542902
 -0.409194
 -0.0849603
 -0.142474
 -1.9572
 -0.815532
 -1.12514
 -1.86312
 -1.43734
 -1.41501
 -1.67883
 -1.00442
 -0.380367
 -1.22388
 0.0183487
 -0.913433
 0.748548
 0.505622
 0.344254
 0.890249
 1.70953
 1.29874
 0.542862
 1.77719
 1.756
 0.937678
 -0.140927
 -0.0971841
 -0.715327
 -0.468537
 -0.737398
 -0.73293
 -0.673656
 0.0310381
 0.442636
 -0.319233
 -0.829935
 -1.00717
 -0.541538
 0.116892
 0.132594
 0.972879
 1.08529
 0.0985306
 -0.542228
 1.0237
 0.633781
 0.868711
 0.974638
 -0.0277851
 0.460298
 0.0355239
 -0.294058
 -0.509179
 -0.328606
 -0.345208
 -0.548336
 -0.330989
 -1.68273
 -0.6524
 -2.23011
 -1.57484
 -2.17526
 -1.3127
 -1.30387
 -2.02531
 -2.05198
 -1.57019
 -1.00765
 -0.518419
 -0.838641
 0.438492
 1.34668
 0.153244
 0.499214
 -1.0518
 -1.31719
 -1.62801
 -1.11449
 -0.804791
 -0.0113488
 -0.202989
 0.271011
 -0.200579
 0.0904921
 -0.671456
 -0.117113
 -0.267097
 0.316667
 0.120501
 -0.19454
 -0.905825
 -0.813555
 -0.204326
 0.713425
 1.75214
 0.749183
 0.535632
 0.806023
 -0.296349
 -0.492437
 -0.339054
 -0.247542
 0.0606743
 0.0476575
 -0.36868
 -0.881463
 -0.367651
 0.361127
 0.198397
 0.173424
 0.0390021
 0.0535751
 0.207817
 -1.08265
 -0.977268
 -0.296545
 0.132919
 0.0454063
 -0.74672
 -0.61632
 -0.673862
 -1.45883
 -1.28861
 -0.964922
 -0.421384
 -0.416533
 0.0661172
 0.229447
 0.450116
 0.731596
 0.301319
 0.638378
 0.298539
 0.335612
 -0.270325
 -0.265107
 1.20795
 0.542981
 0.925513
 -0.185633
 -0.68148
 -0.620817
 -0.383471
 -1.38279
 -0.258699
 0.470376
 -0.404586
 0.693594
 0.501588
 0.181418
 0.695511
 0.826592
 -0.368775
 -0.529727
 0.11874
 0.535699
 1.75799
 1.0963
 1.70927
 -0.0679222
 -0.193039
 -0.0309069
 -1.02308
 -1.82254
 -0.340034
 0.454381
 -0.245594
 -0.689562
 -0.0548974
 0.378701
 0.968046
 0.928395
 0.144275
 0.0845689
 -0.174
 -0.266118
 -0.285715
 0.914707
 -0.103096
 -0.434225
 -0.146541
 0.381359
 1.51771
 0.561953
 1.12645
 0.763534
 0.49238
 0.0698023
 0.113896
 0.156204
 -0.075494
 -0.0929357
 0.551222
 1.3022
 0.785138
 1.82681
 0.669627
 1.25241
 0.770906
 1.07165
 0.253047
 0.540259
 0.214535
 0.234479
 0.549765
 0.622887
 0.515112
 1.09604
 1.37927
 1.12246
 0.750336
 0.04235
 0.287846
 1.23269
 1.15324
 0.311693
 0.974799
 0.505223
 0.0777473
 0.291288
 1.57069
 1.2753
 1.07606
 0.464885
 0.537776
 0.69761
 -0.785576
 -0.706433
 -1.86824
 -2.10974
 -1.80336
 -2.31889
 -1.77277
 -0.483427
 -0.42562
 -0.412791
 -0.558256
 -0.36752
 -1.27397
 -1.92118
 -1.73071
 -1.08723
 -0.962187
 -0.979004
 -0.77813
 -0.214493
 0.831015
 0.858737
 1.77092
 1.88744
 1.91015
 0.530918
 -0.0160168
 0.57257
 0.856998
 1.18777
 0.543586
 0.266754
 0.969294
 0.950881
 -0.370126
 0.385635
 -0.160617
 -0.561915
 0.00705173
 -0.400994
 0.73233
 1.18114
 -0.15724
 0.112223
 0.355821
 1.20388
 0.595898
 1.21435
 0.692058
 0.566726
 1.48163
 1.09176
 0.574385
 0.236459
 -0.352546
 -1.28615
 -1.18883
 -1.01151
 -1.20737
 -0.357615
 0.388785
 -0.379005
 0.342517
 1.42625
 1.06209
 0.373913
 0.616092
 -0.817226
 -0.382329
 -0.130861
 -0.434931
 0.335655
 -0.0404275
 0.535592
 1.20888
 1.38713
 1.69128
 1.76973
 1.26238
 1.0993
 1.08516
 1.3405
 0.749978
 2.32623
 1.22207
 1.0328
 0.552978
 1.01491
 0.936692
 0.0758178
 0.609596
 -0.756955
 -0.51432
 0.332334
 0.611089
 0.170687
 0.0136512
 0.110417
 1.10153
 0.946882
 1.38705
 2.66118
 2.11148
 0.328363
 -0.683914
 0.538415
 -0.119346
 -1.12372
 -0.308895
 -0.317522
 0.237151
 0.738352
 1.0381
 1.0677
 0.940603
 -0.252863
 0.123266
 -0.105564
 -0.18243
 -0.0266851
 -0.129297
 -0.560499
 0.338534
 0.802381
 0.319438
 -0.17882
 0.771351
 1.03674
 0.0827679
 1.15047
 1.27123
 2.66806
 1.98047
 1.59037
 0.527917
 -0.417109
 -0.582161
 -0.292063
 -0.713137
 -0.532479
 -0.0535885
 0.26779
 0.710492
 -0.164635
 0.505611
 0.513151
 0.457919
 -0.101988
 0.895406
 1.35511
 1.31607
 0.686983
 -0.442669
 0.360264
 -0.229993
 -0.118585
 -1.59248
 -1.04955
 -1.48344
 -1.33533
 -0.437657
 -0.3901
 -0.401833
 -0.823705
 -0.378085
 -0.853514
 -0.903748
 -0.0943567
 -1.53713
 -0.897236
 -0.998517
 -0.647966
 -0.924465
 -0.714976
 -0.311521
 -0.437895
 -0.249459
 0.435908
 0.812651
 0.683774
 0.675424
 1.26795
 1.05178
 1.27761
 1.43411
 1.59012
 1.48361
 1.71727
 2.03784
 1.33934
 0.388651
 -0.488589
 -0.542044
 -1.50009
 -0.273651
 0.717347
 0.544661
 0.590644
 0.80147
 0.347484
 0.906161
 1.04761
 1.46668
 1.16451
 1.46221
 1.29187
 1.39211
 0.653085
 0.74012
 1.12722
 1.66252
 1.20618
 1.25465
 0.759365
 -0.0259561
 0.456393
 0.556879
 1.62066
 0.809307
 0.353097
 -0.034582
 -0.32377
 0.124394
 -0.99886
 -1.74221
 -0.320771
 -0.428058
 0.0710181
 0.27751
 -0.185439
 -0.998784
 -1.31306
 -1.05129
 0.00979794
 -1.44389
 0.274647
 -0.214202
 -0.560064
 -1.04737
 -1.43332
 -1.73903
 -1.21024
 -0.614404
 0.550086
 0.52434
 0.132867
 1.86406
 0.683307
 -0.690897
 -1.40823
 -0.683203
 -0.21202
 -1.24525
 0.231495
 -0.315457
 -0.463844
 0.0211011
 0.961835
 0.706823
 1.29012
 0.972474
 1.23555
 0.595255
 0.211261
 0.420574
 0.545331
 0.0756763
 -0.52563
 -1.17229
 -1.57407
 -1.93058
 -1.57781
 -1.50528
 -1.25189
 0.0857034
 -0.466648
 0.179039
 0.407832
 0.132579
 0.324381
 -0.429211
 0.0849474
 0.703166
 0.558815
 -0.0403094
 0.65628
 0.281752
 0.273939
 0.687884
 0.521115
 1.45145
 0.703322
 -0.236813
 -0.657022
 -1.06097
 -0.79803
 -0.0320373
 -0.432874
 -0.272607
 -0.24974
 -0.0170726
 -0.317113
 -0.0166808
 -0.00579611
 -0.283961
 -0.209731
 -0.611458
 -0.456163
 -0.64921
 -0.00806668
 0.162779
 -0.463036
 -0.477149
 -1.47511
 -0.483009
 -0.683266
 -0.281195
 1.01388
 1.96495
 1.64267
 1.01579
 0.346201
 0.372797
 1.0882
 1.54526
 0.874255
 0.425632
 0.638218
 -0.452131
 0.0850624
 0.374271
 2.07303
 2.68347
 2.81492
 1.52218
 2.11983
 1.83779
 1.1689
 1.45905
 2.07575
 1.8404
 0.648987
 0.402059
 0.453453
 -0.309315
 -0.0375582
 0.668605
 0.633095
 0.0341211
 0.149968
 -0.322116
 -0.307641
 0.202248
 0.176329
 -0.674129
 -0.0125815
 -1.14084
 0.324795
 1.75419
 1.03404
 1.00531
 0.290082
 0.909914
 1.55991
 1.28339
 0.615937
 0.923575
 1.56084
 0.421778
 -0.130185
 0.35112
 0.808342
 0.192324
 0.633385
 0.281872
 0.896402
 0.915497
 0.797066
 -0.14293
 -0.691128
 -0.732715
 -0.227456
 -0.778605
 -0.576286
 -1.46906
 -0.359106
 -0.230932
 -0.920569
 0.383082
 -0.93679
 -1.05027
 -1.98832
 -1.71667
 -0.740058
 -1.37961
 -2.32992
 -0.864122
 -0.661665
 0.525172
 0.171489
 0.266319
 0.149199
 -0.403823
 -0.205734
 0.161658
 0.924384
 0.595917
 0.213643
 0.776798
 1.99444
 1.02498
 1.31078
 0.31482
 -0.0111712
 0.135118
 -0.349607
 0.499142
 1.53209
 0.432518
 0.49426
 0.593663
 0.410697
 1.21638
 1.88405
 2.39592
 1.32993
 1.81304
 0.624409
 -0.143591
 -0.909631
 -0.135697
 0.407735
 1.00219
 0.791632
 0.289096
 0.166159
 0.20175
 0.997274
 1.61831
 0.902482
 0.622397
 0.0240759
 -1.34104
 -0.963009
 -1.11323
 -1.52108
 -1.11728
 -2.09654
 -2.01133
 -1.30244
 -1.40218
 -1.56609
 -0.914562
 -0.870404
 0.1736
 -0.622552
 0.0484066
 0.275407
 -0.040377
 -0.346104
 -0.309121
 -1.5959
 -1.03351
 -0.668128
 0.0297923
 -0.00379792
 0.208447
 0.520738
 0.95977
 1.95389
 1.37835
 0.658392
 1.42771
 1.61402
 1.93767
 1.24826
 0.63403
 -0.0483149
 -0.431559
 0.517025
 -0.083036
 0.25826
 0.32715
 -0.208091
 0.270903
 0.68509
 1.88619
 0.996837
 1.4302
 1.31776
 0.994549
 0.312223
 0.403355
 1.05382
 0.707259
 1.09884
 1.0717
 0.17815
 0.018329
 -0.200501
 -0.260967
 -0.417146
 -0.595501
 1.08503
 0.271416
 -1.04039
 0.437119
 -0.230379
 -0.318746
 0.0821761
 -0.344554
 0.561174
 0.640282
 0.28793
 -0.899951
 -0.396689
 -0.859203
 0.0159598
 1.04868
 0.913026
 1.01166
 -0.0288927
 0.518928
 0.87537
 0.0935284
 -0.207437
 -0.176361
 -0.327156
 0.343642
 -0.173123
 1.33091
 1.02946
 1.11226
 0.916384
 0.992292
 1.35596
 0.541285
 0.163915
 -1.11558
 -1.61056
 -0.922859
 -1.11406
 -1.25629
 -1.32532
 0.179803
 -0.354543
 -0.180673
 -0.251972
 -0.678523
 -0.332313
 -1.27727
 -0.44083
 -0.445062
 0.148778
 0.0868328
 0.193982
 0.291912
 0.19492
 -0.14831
 0.371833
 0.4567
 0.791848
 0.982823
 2.18519
 2.96673
 2.19761
 2.3521
 1.64894
 1.93686
 3.07331
 3.14661
 1.77149
 1.56004
 1.31786
 1.98546
 1.10633
 0.469076
 0.806009
 1.29419
 0.805576
 -0.753361
 0.887347
 -0.371011
 0.144533
 0.690566
 1.37899
 1.17215
 1.1332
 0.385539
 -0.293351
 -1.32644
 -1.47803
 -1.95179
 -2.1254
 -1.14235
 -1.82076
 -1.48994
 -2.10102
 -1.28524
 -1.50613
 0.456924
 0.639814
 0.649419
 0.222638
 -0.883645
 -1.05729
 -1.68143
 -1.98745
 -2.67566
 -1.35637
 0.0651385
 -0.362579
 -1.07779
 -1.04853
 -1.14442
 0.372021
 0.34533
 0.335226
 -0.861324
 -0.0940816
 -0.269631
 -1.14542
 -1.68244
 -1.27664
 -1.0692
 -1.21026
 -1.26914
 -1.01653
 -1.55634
 -0.834897
 -0.36235
 0.10851
 -0.111151
 0.644008
 -0.169094
 -0.112083
 -0.875576
 -0.648266
 -1.22659
 -1.29157
 -2.03181
 -2.16735
 -1.14963
 -0.290652
 0.211003
 -0.25508
 0.0929009
 -1.10979
 -0.535273
 -0.459826
 0.561544
 0.820334
 0.250505
 0.718592
 0.64089
 1.18021
 1.0137
 0.779983
 1.57792
 0.941754
 1.14146
 1.82896
 1.2268
 1.64915
 1.03637
 0.725168
 0.952842
 0.291809
 0.8932
 0.22867
 0.29293
 -0.130161
 1.17395
 -0.117023
 -0.678885
 -1.48096
 -0.732491
 -0.565352
 -1.86616
 -1.74939
 -2.78494
 -2.39554
 -2.24756
 -1.70509
 -1.28489
 -1.24775
 -1.15828
 0.707489
 1.21978
 0.400841
 -0.481168
 -0.219894
 -0.526879
 0.670793
 0.543763
 -0.508165
 -0.00252838
 -0.589047
 -1.40581
 -1.20824
 -2.06474
 -1.42948
 -0.996835
 -1.36669
 -0.160689
 0.326736
 -0.0690901
 0.763672
 -0.261997
 -0.85977
 -1.36731
 0.111611
 0.130354
 -0.551845
 -0.536729
 -1.2408
 -0.669887
 0.281199
 0.546174
 0.870488
 0.476327
 1.47998
 -0.285177
 1.27997
 0.95155
 0.570217
 0.773343
 1.172
 1.2633
 0.342672
 0.256207
 -0.185463
 -0.677013
 -1.62354
 -0.85536
 -0.689826
 -0.0074594
 -0.0862295
 0.676623
 1.43515
 1.08118
 0.750477
 0.226194
 0.58498
 0.169315
 -0.552289
 -1.2483
 -1.99966
 -2.63762
 -1.65303
 -1.93502
 -1.96708
 -1.23964
 -0.879815
 -0.764078
 -0.279921
 0.667931
 0.247046
 0.398462
 -0.13243
 0.353545
 0.971268
 1.17577
 1.3811
 0.335486
 -0.371126
 -1.57696
 -1.36138
 -1.1105
 -0.10631
 -0.267166
 -0.0602596
 -0.35279
 -0.967855
 -0.871055
 -0.739588
 -0.335056
 1.09554
 1.01843
 1.20719
 0.499858
 0.0700555
 0.0709188
 -0.447143
 -1.01627
 -0.0921217
 0.293322
 0.0338733
 0.0876469
 -0.13518
 -0.745102
 -0.850355
 -1.07475
 -1.5532
 -0.610383
 -0.583524
 0.667584
 1.29584
 0.916261
 0.964056
 0.454072
 -0.406151
 -0.134081
 -0.162826
 -0.404091
 -0.404094
 0.167005
 0.888472
 0.179219
 0.218991
 -1.1312
 -1.45368
 -0.857595
 -0.565988
 0.296447
 0.981862
 1.03403
 0.610707
 0.794882
 0.771716
 2.14716
 1.43216
 1.18346
 1.27021
 1.22804
 0.184409
 0.605778
 0.797226
 1.48963
 0.762959
 0.701412
 0.148143
 0.0839596
 0.601947
 -0.397642
 -1.8281
 -2.322
 -1.33928
 -0.888783
 -0.127351
 -1.16584
 -1.14705
 -1.09143
 -1.01242
 -1.45172
 -1.5219
 -1.00654
 -1.46584
 -1.0865
 -1.65051
 -1.21336
 -0.589503
 -0.780803
 0.341183
 0.976172
 1.60846
 2.23191
 2.50506
 1.28723
 1.4038
 1.18606
 1.84532
 1.88639
 2.31333
 1.98685
 2.35646
 2.27152
 1.36854
 1.72283
 1.43702
 0.561694
 0.694155
 -0.668282
 -0.670447
 -0.897524
 -0.79661
 -0.536766
 -0.675824
 -1.54388
 0.258517
 -0.324394
 0.11213
 1.49038
 1.93958
 0.747392
 0.556222
 -0.648989
 0.422554
 0.382038
 -0.584396
 -0.81429
 -0.654177
 -1.38955
 -1.26065
 -1.18404
 -0.816773
 -0.882814
 -0.973999
 -0.769032
 -0.603637
 -0.67765
 -0.0111811
 0.931982
 2.346
 1.77034
 1.24892
 0.5199
 0.178029
 -0.367324
 0.0604995
 0.372871
 0.344715
 -0.26765
 0.147706
 -0.20439
 0.0502258
 0.591665
 0.797601
 0.3048
 0.162562
 -0.313206
 -0.768916
 -1.38925
 -1.29163
 -1.21692
 -0.0310419
 0.897021
 1.54717
 1.10242
 1.73076
 2.13983
 1.71453
 1.49496
 1.8717
 0.072593
 -0.440046
 -0.108497
 -0.249965
 -0.328854
 -0.226515
 -0.847962
 -0.724922
 -0.340929
 0.208786
 -0.43781
 0.0763762
 -0.590043
 -1.70943
 -1.48515
 -0.837991
 0.123205
 0.376328
 0.226776
 -0.823641
 -0.390971
 0.302815
 0.686903
 1.19124
 1.62087
 1.09558
 1.71081
 1.80742
 1.38011
 0.865986
 0.836792
 -0.223328
 -0.303995
 -0.624394
 -0.741834
 -1.2458
 0.169107
 -0.380593
 0.186511
 -0.242579
 0.607755
 -0.611214
 -0.464358
 -0.889355
 -0.925098
 -1.03694
 -0.601895
 -0.121004
 -0.577267
 -0.859864
 0.44119
 -0.372354
 -0.566252
 -0.0502768
 1.11969
 -0.348308
 -0.684219
 -0.0633688
 0.134063
 -1.52075
 -1.86656
 -1.58046
 -0.690039
 0.312676
 0.398694
 0.624009
 0.881389
 0.585144
 -0.364561
 -1.07598
 -0.988304
 -0.176546
 -0.417292
 -0.506834
 -1.15812
 -0.421234
 -0.158194
 -1.02681
 -1.34393
 -1.28309
 -0.632715
 -1.48051
 -0.997477
 -1.1592
 -1.36518
 -0.984571
 -0.868024
 -0.752593
 0.102201
 -0.907536
 -0.447455
 -0.313067
 -0.134311
 -1.41777
 -1.40124
 -1.6452
 -0.221973
 -0.508863
 -0.536207
 -0.157569
 -0.45855
 -0.497734
 -0.452398
 -0.364283
 -0.756391
 0.128235
 0.346129
 1.31752
 0.244035
 0.188742
 -0.815589
 -1.30814
 -1.59662
 -2.24785
 -2.36792
 -1.42727
 -1.11262
 -1.15341
 -1.3078
 -1.48808
 0.0666028
 1.10413
 -0.299909
 -0.747297
 -1.16599
 -0.375915
 -0.820883
 -0.518407
 -0.0502132
 0.728104
 0.643893
 0.390999
 0.511837
 1.47066
 0.87002
 1.58751
 2.21727
 1.7902
 1.26332
 -0.239003
 -0.544862
 -0.433393
 -0.291075
 0.353545
 0.761948
 0.280427
 -0.255182
 -1.23995
 -0.0396071
 0.55496
 0.446188
 0.74851
 0.167432
 -0.338011
 -0.392395
 0.452337
 0.275554
 -0.750298
 0.810121
 -0.18606
 -0.834656
 1.0397
 0.896542
 0.862343
 0.557237
 1.35621
 0.358899
 0.173387
 0.00496969
 0.731223
 0.577413
 0.795489
 0.38954
 -0.973372
 -0.815623
 -0.905764
 -2.27893
 -1.54251
 -2.40523
 -1.59221
 -1.53648
 -0.249482
 0.396958
 0.103446
 -0.238676
 -0.576593
 -0.0467536
 -0.288997
 0.0707139
 -0.773945
 -1.44837
 -0.51791
 -0.872555
 -0.884526
 -0.378464
 -0.490955
 -1.51926
 -0.499854
 -0.405926
 -0.149272
 0.331572
 0.589991
 0.12338
 -0.382792
 0.099295
 0.475461
 0.767023
 0.817479
 -0.182323
 -1.08999
 -0.0910682
 0.0164818
 -0.529674
 0.365075
 -0.315956
 0.278368
 -0.045355
 -1.76829
 -1.98369
 -1.38233
 -0.487073
 -0.518146
 -0.481911
 0.552969
 0.828545
 -0.199519
 0.0892854
 -0.131434
 0.218099
 0.0261459
 0.148768
 0.334526
 0.753883
 0.41009
 -0.205498
 -0.897503
 -0.0311635
 -0.36045
 0.336285
 0.874586
 1.24067
 1.00986
 0.926074
 1.06222
 1.60884
 1.053
 0.502317
 1.26385
 1.42831
 0.0131507
 0.483724
 0.435458
 -0.663044
 -0.435929
 -1.98601
 -0.570808
 -0.0439513
 0.0334226
 0.440065
 0.182142
 -0.818889
 0.575344
 1.1039
 1.90005
 1.98258
 0.465958
 0.635887
 0.462746
 0.666983
 -0.244637
 0.416053
 -0.00604337
 0.878901
 0.722529
 -0.341234
 0.895216
 0.148188
 -0.974153
 -0.425746
 0.392019
 -0.153085
 -1.16776
 -1.66997
 -2.08748
 -1.4369
 -0.99553
 -0.667561
 -0.873523
 -0.103381
 -0.544
 -0.181861
 0.674179
 -0.440715
 0.116253
 0.0892528
 0.337632
 0.347642
 0.0822358
 0.25397
 0.284356
 -0.30855
 -0.483342
 0.238194
 -0.587744
 -0.00980474
 0.432083
 0.623785
 0.622243
 0.470909
 1.13146
 1.10136
 0.559394
 1.77944
 0.935707
 0.526828
 0.258141
 0.276658
 -0.049775
 -0.213407
 -0.997928
 -0.82876
 -1.44945
 -0.984508
 -1.21177
 -0.920862
 0.165849
 0.420135
 -0.0484082
 0.606863
 0.91791
 0.302044
 -0.275701
 -0.140207
 0.169178
 0.0371998
 0.094446
 0.0503741
 0.0754175
 -0.119623
 0.0965864
 -0.550467
 0.00814339
 -0.645072
 0.555921
 -0.117972
 0.375118
 -0.4651
 0.186072
 0.236121
 -0.0470869
 -0.462102
 -0.418903
 -0.590376
 1.64215
 0.749384
 0.967473
 2.38308
 1.95586
 0.971082
 0.746483
 0.47364
 1.00713
 0.386778
 -0.856707
 -0.214155
 0.499264
 -0.0857077
 -0.634335
 0.163899
 -0.173064
 -0.152024
 0.780304
 0.437406
 -0.240628
 0.0232288
 -0.197574
 0.215313
 0.0300439
 0.134086
 0.551923
 0.471321
 -0.69714
 -0.132398
 -0.570038
 -0.058842
 0.17466
 -0.237524
 0.456667
 1.73569
 -0.10695
 -0.780037
 0.265511
 0.0107586
 0.720097
 0.978542
 0.16761
 -1.13626
 -1.39056
 -2.27066
 -0.946589
 -1.30321
 -2.2299
 -1.69624
 -1.31248
 -1.1569
 -1.36143
 -1.37047
 -0.655113
 -0.173917
 0.207198
 1.22599
 1.89995
 1.83813
 2.53886
 2.15329
 2.06123
 1.7564
 0.160652
 -1.31029
 -1.53259
 -0.823366
 -0.486556
 -0.924146
 -1.52766
 -2.05684
 -1.26341
 -0.465937
 -0.268258
 0.486145
 1.79852
 0.522328
 0.822724
 1.78413
 2.1029
 2.18753
 1.43632
 1.66939
 1.7638
 1.59698
 0.483195
 -0.140295
 -0.724496
 -0.33257
 0.730268
 1.46265
 1.21575
 1.0111
 0.768233
 0.520449
 0.431444
 -0.468111
 0.138826
 0.544852
 0.439658
 0.0934774
 0.508522
 1.35518
 0.469258
 0.769597
 0.565059
 0.00582788
 1.11484
 0.800785
 0.991534
 0.548326
 1.40115
 1.25263
 0.558615
 0.89985
 1.3606
 1.53634
 0.588444
 0.70859
 0.882883
 0.270976
 -0.225989
 -0.0247003
 -1.54111
 -0.947362
 -0.392003
 -1.14081
 -0.213705
 0.000746568
 -0.95805
 -0.812087
 -0.815534
 -0.42073
 0.443378
 1.65141
 0.0433077
 0.281116
 0.66895
 0.239457
 0.605319
 0.895434
 0.825411
 0.0416808
 0.0264896
 0.566311
 0.740768
 0.388423
 -0.114337
 1.33208
 1.09643
 0.698801
 0.303906
 -1.1382
 -0.354978
 0.106912
 0.806567
 1.28257
 0.834142
 1.00149
 0.95889
 1.13867
 0.910394
 0.192085
 -0.793801
 -0.522162
 -0.516754
 -0.0267309
 0.626011
 0.312372
 0.203482
 -0.194137
 0.475809
 -0.118792
 0.288343
 0.927165
 1.15459
 2.12678
 1.63202
 0.793597
 -0.180043
 -0.522649
 0.23815
 0.759094
 -0.0969723
 -0.420694
 0.0652609
 0.489683
 -0.614149
 -0.79466
 0.00468828
 -0.677499
 -0.0245576
 -0.677534
 -0.0396134
 -2.07409
 -1.69222
 -1.97701
 -1.34387
 -0.138751
 -0.0608921
 0.77016
 0.770969
 0.613124
 -0.140384
 -0.138152
 0.873093
 0.276251
 0.055893
 -0.0571064
 -1.80762
 -0.267791
 -0.959735
 -0.599433
 -0.889582
 0.0318024
 -1.19641
 -0.98337
 -1.15401
 0.0852782
 -0.630207
 -0.123913
 -0.350341
 -1.26953
 -2.6563
 -3.32852
 -2.20122
 -2.22333
 -1.89506
 -1.82204
 -1.62771
 -0.514703
 -1.44157
 -1.34318
 -1.36465
 -1.78504
 -0.640301
 -0.395173
 -0.310039
 0.198693
 -0.688608
 0.0860305
 -0.703735
 0.340086
 0.459339
 0.468131
 -0.163163
 0.34899
 -0.668487
 0.0229646
 -0.440101
 -1.34463
 -0.807269
 -0.942641
 -2.1917
 -2.17776
 -0.892796
 -1.51017
 -0.909168
 -0.333129
 -0.0913021
 0.101745
 1.05231
 1.36989
 1.54906
 1.5403
 1.11326
 -0.298166
 -0.28638
 -0.888476
 0.850564
 0.698221
 0.44305
 0.12868
 1.00462
 1.71294
 1.3638
 0.856483
 -0.243259
 -0.41626
 -0.0896832
 -0.471904
 -1.41035
 -0.929488
 -0.721396
 -0.193747
 -0.728759
 -0.514041
 -0.76386
 -0.480026
 -1.30088
 -0.944266
 -0.92616
 -0.910453
 -0.183262
 0.199941
 0.124466
 -0.136867
 0.757357
 1.35609
 0.827502
 1.46277
 1.61731
 0.554796
 1.72906
 1.0534
 -0.0394875
 -0.268766
 -0.148926
 -0.841563
 -0.853305
 -0.345113
 0.988079
 0.0724228
 -0.170445
 -0.231299
 -0.353557
 0.635748
 0.502713
 0.546209
 0.828274
 1.62133
 1.15146
 0.335471
 1.31965
 0.473551
 0.589428
 0.715332
 1.434
 1.61235
 1.2715
 -0.682119
 -0.90744
 -1.43909
 -0.846266
 -1.31952
 -2.26389
 -2.98391
 -1.27189
 -0.266413
 -0.768127
 -1.9126
 -0.59961
 -0.765217
 -0.921002
 -1.48875
 -2.24144
 -1.29953
 -1.41367
 -0.627902
 0.121516
 -0.696637
 -0.895544
 -0.83803
 -1.3226
 -2.30267
 -1.76702
 -1.68202
 -0.539345
 0.0492553
 -0.674343
 -0.489931
 0.630653
 0.467247
 -0.40082
 -0.334655
 -0.282809
 0.252448
 -0.211049
 -0.316364
 -1.04662
 -0.485595
 -0.746006
 -0.841106
 -0.55387
 -0.763242
 -1.13593
 -0.624904
 -0.571422
 -0.260066
 0.0200925
 0.376399
 1.32083
 0.653533
 0.592481
 0.785433
 0.948194
 1.71727
 1.2372
 2.22622
 1.47768
 0.430903
 0.161307
 1.15732
 1.31469
 1.34963
 0.259152
 -0.529664
 -0.21638
 0.868801
 0.896523
 1.15219
 0.398395
 0.518709
 -0.0388614
 0.711501
 -1.13369
 -1.08306
 -1.35773
 -0.662482
 -0.210765
 0.527901
 0.959497
 0.985073
 0.659517
 0.283332
 0.0377892
 0.113003
 -0.233383
 -1.19156
 -1.68083
 -1.03521
 -0.3102
 -0.580631
 -0.473016
 -0.0706133
 0.747892
 0.958296
 0.0043416
 -0.0163682
 -0.843739
 -0.216881
 -0.283245
 -0.265397
 0.239285
 0.604541
 0.0784274
 0.163497
 0.305336
 0.109487
 0.648259
 1.36878
 0.905141
 1.65466
 1.13317
 1.14278
 1.18344
 0.811342
 -0.146113
 0.0378837
 -2.02599
 -1.34468
 -1.95898
 -0.633876
 0.0769715
 -0.0909473
 0.698697
 1.33804
 2.69843
 2.14035
 1.18288
 0.0832328
 -0.0540024
 -0.0213174
 -0.104618
 1.20911
 1.32994
 1.50215
 1.05199
 1.0084
 0.781386
 0.878257
 -0.242472
 -0.243438
 0.900216
 0.127191
 -0.66154
 -0.809061
 -1.12103
 -1.11154
 -1.55922
 -1.1896
 -0.183396
 0.306134
 -0.512642
 1.32773
 1.06035
 0.869193
 -0.676808
 -0.907852
 0.0949673
 0.983603
 1.81144
 1.48873
 0.417713
 -0.137349
 -0.138974
 -0.691299
 -1.20455
 0.73433
 -0.0589662
 -0.109847
 0.776562
 0.0378631
 1.09974
 -0.0104573
 -0.516871
 -1.55256
 -0.525444
 -0.177245
 -0.100537
 0.110689
 0.383753
 0.311793
 0.781392
 0.0549618
 0.0530462
 -0.586802
 -0.721508
 -1.47776
 0.241223
 0.0982933
 0.357101
 -0.251496
 -0.326235
 -0.752891
 -0.904216
 -1.33371
 -0.626272
 0.287693
 0.559211
 1.18327
 0.114063
 0.342411
 0.624243
 0.418028
 0.366151
 0.353658
 0.313807
 0.812628
 1.45553
 0.647936
 0.182371
 0.654778
 0.331989
 1.10148
 0.947137
 1.27165
 1.07991
 1.3955
 1.49076
 0.29867
 0.621325
 0.0177107
 0.0946627
 -0.491197
 -1.21447
 -1.2914
 -1.42462
 -0.847744
 -0.545309
 -1.04245
 -1.15291
 -2.02805
 -2.69845
 -1.78418
 -1.54239
 -1.33988
 -0.386206
 0.232119
 -0.0467284
 1.04842
 1.11199
 0.192657
 0.339353
 0.526317
 -0.138557
 -0.557646
 -0.643015
 -0.922059
 -1.25093
 0.33713
 0.0641547
 1.1357
 1.04465
 0.443308
 -0.556979
 -1.05436
 -0.525682
 -0.744429
 -0.810298
 -0.675336
 -0.510854
 -1.17449
 -2.00314
 -1.88058
 -1.16614
 -1.26836
 -0.696234
 -0.388345
 -0.215854
 -0.73626
 -1.2902
 -1.60613
 -0.717416
 -0.557765
 -0.366286
 -0.15865
 -0.585284
 -1.28798
 -1.35132
 0.490513
 0.983667
 0.687181
 0.521224
 1.18332
 0.0991812
 -0.802053
 0.0311703
 0.471535
 2.04854
 0.972679
 -0.204162
 -0.337888
 -0.352541
 -0.568951
 0.14808
 0.0313034
 -0.543314
 -0.806573
 0.427575
 0.947764
 0.457567
 0.958399
 -0.157799
 -0.365346
 -0.197566
 0.364413
 0.942912
 0.999856
 0.683706
 0.544573
 0.209808
 0.504174
 0.105618
 -0.408646
 -0.552913
 -1.30201
 -0.668134
 -0.9437
 -0.920169
 0.0734054
 0.586195
 -0.416289
 -1.86134
 -1.86759
 -1.01248
 -0.393637
 -0.759592
 -0.586279
 -0.703656
 -1.78058
 -1.3832
 -1.20369
 0.232736
 0.732506
 0.918843
 1.47617
 1.89151
 1.86772
 1.36395
 1.1553
 0.204022
 1.03155
 0.854089
 1.151
 0.28875
 -0.296758
 1.04371
 0.697729
 0.437068
 -0.12479
 0.111184
 0.00516368
 0.0815452
 0.0889956
 -0.807681
 -0.232091
 -0.614088
 -1.72288
 -1.91028
 -0.731217
 -0.896949
 -0.518555
 -1.21429
 -0.348458
 -0.57659
 -1.08767
 -1.42984
 -1.87714
 -1.43731
 -1.81833
 -1.87549
 -1.60606
 -0.486142
 -0.361254
 -0.771391
 0.552877
 0.407108
 0.320301
 0.612639
 0.00955478
 -0.113396
 -0.225705
 -0.805934
 -1.52363
 -1.30954
 0.160692
 0.175951
 0.578253
 -0.336726
 -0.356462
 -1.12669
 0.799362
 0.131256
 -0.649152
 -1.60094
 -1.92018
 -0.816214
 -0.400272
 0.45441
 0.807788
 0.677606
 -0.137168
 -0.714139
 -0.294776
 -0.195793
 -0.116434
 0.481528
 0.669932
 0.841747
 0.991592
 0.636608
 1.44557
 1.6604
 2.22854
 1.50636
 1.72413
 1.09745
 -0.0195216
 0.309574
 -0.793715
 -0.133716
 -0.122848
 -0.0790598
 -0.916429
 -0.478202
 -0.972095
 -1.74721
 -1.4549
 -1.94147
 -0.456987
 -0.346214
 0.00327782
 -0.268777
 -0.190532
 -0.304327
 0.586623
 -0.430045
 0.00657107
 -1.18987
 -1.15468
 -0.847304
 -1.37743
 -1.20278
 -1.1999
 -1.4218
 -1.08797
 -0.574905
 -1.59016
 -1.2651
 -0.382283
 -0.469635
 -1.67369
 -1.36582
 -1.13948
 -1.7077
 -1.30704
 -2.58318
 -3.05966
 -2.20436
 -1.73726
 -0.480144
 -0.717724
 -1.75651
 -0.800296
 -0.320437
 -0.688467
 -1.49092
 -1.06884
 -1.25881
 -0.896295
 -0.954637
 -1.06575
 -0.875255
 -0.379399
 0.0571468
 -0.15811
 -0.542845
 -0.820456
 -0.937911
 -1.62614
 -1.13926
 0.264814
 -0.364881
 -0.771933
 -0.258861
 -0.797765
 -0.322602
 -0.521878
 0.640499
 0.466362
 0.803101
 0.29956
 -0.816278
 -0.519661
 0.363362
 -0.876267
 -1.64665
 -0.424209
 0.0723865
 1.13167
 0.341149
 0.120419
 -0.505017
 -0.858599
 -0.849692
 -0.65421
 -0.544999
 -0.172363
 0.70513
 1.15133
 1.4801
 1.86392
 1.11189
 0.801383
 0.0958699
 0.445711
 0.107896
 0.267428
 -0.131757
 -0.642683
 0.120739
 0.368015
 -0.985002
 -1.39715
 -1.74686
 -0.537635
 0.250213
 0.00342462
 -0.551703
 -0.833237
 -0.627317
 -1.08013
 -0.974856
 0.220257
 0.624151
 1.27454
 -0.844686
 -0.331654
 -1.69692
 -1.61552
 -0.892033
 -1.55464
 -1.90714
 -1.04043
 -1.259
 -1.78362
 -1.847
 -1.387
 -0.28022
 0.0627552
 -0.210389
 -0.197367
 0.849298
 1.38744
 -0.139359
 0.0564503
 -0.929537
 -0.482482
 -0.988812
 0.390674
 -0.566211
 -0.10776
 -0.615196
 0.749002
 0.554341
 0.486002
 0.375422
 0.643006
 0.803827
 0.1422
 0.333529
 -0.0979599
 1.23782
 1.39039
 -0.304386
 -0.0797636
 -0.472022
 -0.782545
 -0.703388
 -1.51727
 -0.875496
 -0.402949
 -0.484031
 0.275194
 0.14618
 -0.134593
 -0.369824
 -0.671065
 -0.935274
 -0.919166
 -0.786181
 -1.23552
 -0.828679
 -0.674017
 0.908145
 1.3391
 0.710285
 -0.564768
 -0.135838
 0.578326
 0.723334
 1.69548
 2.06671
 1.51529
 0.690238
 1.10182
 1.58026
 0.893718
 0.216173
 -0.053095
 0.0906505
 0.310041
 -1.33623
 -1.48836
 -0.673958
 -0.585754
 -0.979184
 -0.966961
 -0.831259
 0.0189577
 0.0352682
 0.0591096
 0.741983
 0.4324
 0.593622
 0.613348
 0.000410063
 -0.188105
 -0.580731
 0.141172
 1.22566
 1.29313
 0.755243
 0.644594
 2.02095
 0.56826
 1.98563
 1.60982
 1.24805
 0.572849
 0.502135
 -0.357157
 0.68032
 0.809348
 -1.11606
 -0.170192
 -0.950506
 -0.602829
 -0.875385
 -0.0556004
 0.131397
 -0.404387
 0.352739
 1.07312
 0.893121
 0.0264749
 0.143949
 0.839719
 -0.301276
 -0.305274
 1.21744
 0.623247
 1.76517
 1.06403
 0.307869
 0.564837
 0.619435
 -1.04787
 0.0855849
 0.08797
 0.105292
 0.310829
 -0.418814
 0.215319
 0.633797
 -0.00445123
 -0.0158666
 -0.381725
 -0.463038
 -1.52977
 -0.579372
 0.0290854
 1.4544
 0.71915
 0.500697
 1.26225
 0.637022
 0.142496
 0.567037
 1.21467
 -0.171393
 -0.689983
 -0.485934
 0.714446
 0.483149
 0.78805
 1.67594
 0.943671
 1.3074
 0.88448
 -0.0260473
 -0.218567
 0.413372
 0.451497
 0.167102
 -1.07381
 -1.00737
 -1.12157
 -0.167743
 -0.4986
 0.530167
 0.53861
 -0.0181619
 1.09814
 0.853849
 -0.348464
 0.365125
 0.180182
 0.0710234
 1.16098
 1.32845
 1.74177
 1.27474
 0.871756
 -0.00851649
 -0.0779729
 -0.199158
 -0.371647
 -0.317727
 0.344872
 1.19871
 0.37252
 0.63482
 -0.575734
 -0.142294
 -1.35432
 -0.500792
 -1.41063
 -2.063
 -1.33976
 -1.11431
 -0.413734
 -0.759063
 -0.514665
 -0.784151
 -0.406481
 -1.25582
 -2.02185
 -0.729287
 -0.471012
 0.736232
 0.795599
 -0.0315656
 0.169833
 0.141903
 0.773928
 -0.0784107
 0.35078
 0.182086
 0.880789
 1.15964
 1.5632
 0.292167
 0.675298
 -0.0659119
 0.717769
 0.611142
 0.142037
 0.00956116
 -0.987242
 -0.932324
 -0.31339
 0.287975
 0.392586
 1.15983
 1.83409
 0.753433
 -0.470297
 -0.234197
 0.580539
 1.46275
 2.28838
 1.82518
 0.619506
 0.122716
 -0.219644
 -0.272819
 -0.347871
 0.527006
 0.516659
 0.110961
 -0.219713
 -0.418797
 0.0847793
 -0.682327
 -0.83913
 0.855198
 1.38257
 0.342789
 -0.568923
 -0.459474
 -0.629218
 -0.460415
 -0.645571
 -0.492198
 0.0701418
 0.55438
 1.03816
 0.120475
 -0.689371
 0.240428
 0.721163
 1.49723
 1.82374
 2.06945
 1.10963
 0.392662
 -0.27821
 -0.956968
 -1.45567
 -1.60419
 -1.52671
 -0.658764
 -0.771353
 -0.931333
 -0.701845
 -1.62145
 -0.974046
 0.00103779
 0.0789981
 0.598499
 0.358563
 -0.302726
 0.209261
 0.469821
 0.963542
 1.11415
 0.966439
 1.8941
 1.88373
 0.974572
 0.50956
 -0.152767
 -0.0795814
 0.412227
 -0.156061
 -0.126385
 0.389236
 -0.178745
 -0.988608
 0.1675
 1.31971
 2.33377
 3.07164
 1.9482
 0.917085
 0.891545
 1.28756
 0.602994
 0.511604
 0.943616
 -0.503104
 -0.610505
 -0.156582
 0.487087
 -0.610064
 -0.896057
 -0.810397
 -1.3201
 -0.144578
 -0.492066
 0.373096
 -0.197898
 -0.128853
 0.181958
 -1.04217
 -0.832758
 -0.784171
 -0.576544
 0.107598
 0.670483
 1.16195
 1.43377
 1.31981
 0.665291
 0.331005
 0.133845
 -0.0851823
 -0.208995
 0.694798
 0.304606
 -0.285214
 -0.265889
 -0.525315
 -0.0986546
 0.4852
 0.181222
 0.513935
 0.359611
 -0.670207
 -1.61154
 -0.870804
 -1.0774
 -1.12508
 0.505113
 0.721413
 0.982692
 0.767139
 0.160863
 1.25926
 0.514338
 0.332542
 1.02337
 0.404043
 1.66244
 0.259663
 1.16698
 -0.193838
 -1.02013
 -0.867656
 -0.431198
 -0.884885
 -0.253238
 -0.261968
 0.61946
 0.447124
 -0.177165
 0.546008
 1.10774
 1.92242
 2.73108
 2.41322
 2.13018
 1.3774
 1.99249
 0.65724
 1.1668
 0.402822
 0.832848
 -0.20573
 0.318227
 0.0101348
 0.117561
 0.346857
 0.952059
 -0.152782
 -0.283116
 0.159988
 -0.569445
 -0.979889
 -0.303443
 -0.291857
 -0.820339
 0.408134
 0.913439
 0.682595
 0.857203
 1.13178
 0.926731
 0.197788
 0.55365
 -0.440198
 -0.554106
 -1.26548
 -1.30372
 -1.17175
 -0.312931
 -0.0665788
 0.41244
 -0.594066
 0.0253175
 0.441472
 0.98001
 0.446312
 0.489011
 0.839099
 -0.403926
 -0.453787
 -0.721535
 -1.77405
 -0.210159
 0.486886
 1.12803
 0.98882
 0.694018
 1.38926
 1.01314
 -0.00392084
 -0.769082
 0.0620297
 1.17793
 2.13437
 1.5499
 0.865163
 0.543611
 0.698684
 0.710466
 0.704864
 0.211572
 0.53938
 1.58832
 0.943334
 1.42806
 0.877166
 0.0639478
 0.230859
 1.37631
 1.81638
 0.906044
 0.802385
 0.375336
 1.14802
 0.196407
 -0.21293
 0.205146
 0.134208
 -0.34764
 0.653867
 0.397978
 1.01604
 0.424355
 0.272941
 0.498772
 -0.146916
 -0.222687
 -0.862357
 -1.73147
 -1.90142
 -0.978253
 -0.683035
 -0.502132
 -0.335263
 -0.221989
 0.505256
 0.610913
 0.679843
 0.369425
 -0.563317
 -0.360821
 0.079619
 0.4636
 0.560996
 0.537537
 0.182448
 0.747613
 0.452112
 -0.00617317
 -1.04021
 -0.233719
 0.831148
 0.513398
 -0.26175
 0.310505
 0.417031
 0.368707
 0.371971
 0.447385
 0.382783
 -0.129033
 0.141083
 -0.181313
 -0.0782126
 -0.652481
 -0.844801
 -0.0178983
 0.495808
 -0.0110057
 -0.243821
 -0.347134
 -0.527161
 -1.91153
 0.098137
 0.591241
 0.858038
 1.10913
 0.972191
 0.804575
 1.4517
 1.00883
 0.92006
 1.08838
 1.91243
 0.817482
 0.532712
 0.215918
 -0.845223
 0.00919688
 0.342638
 -0.00291062
 -0.535296
 -0.0659569
 0.249998
 0.61078
 0.442319
 -0.48543
 -1.12716
 -0.523808
 -0.933568
 0.134689
 0.0836646
 1.01385
 0.888851
 1.59205
 1.67086
 1.71548
 1.75133
 0.911025
 0.845365
 0.98627
 1.68517
 2.0685
 1.94837
 1.10408
 0.935315
 0.895778
 2.14898
 2.12405
 2.13556
 1.48402
 0.947151
 0.526556
 1.22207
 0.363806
 -0.235582
 0.650916
 1.01247
 1.21807
 1.44026
 0.59095
 -0.104124
 -0.242951
 0.281113
 -0.131726
 -0.623354
 -0.403989
 -1.16541
 -2.27886
 -2.59523
 -3.36361
 -2.57936
 -2.82688
 -2.55697
 -2.42195
 -2.23519
 -0.547923
 -0.345365
 -0.971329
 -0.917193
 -0.124785
 0.29159
 0.448399
 0.632009
 0.0820452
 -0.947931
 -0.372776
 0.441673
 0.695336
 0.670976
 -0.0559932
 0.16204
 0.530401
 -1.00592
 0.672117
 1.23358
 1.36319
 1.25895
 0.207534
 -0.877149
 -0.479502
 -0.332091
 0.273743
 0.991167
 1.38694
 1.56088
 0.798371
 0.917355
 1.07534
 0.728335
 1.56658
 1.61277
 1.47789
 0.485667
 0.0920363
 -0.6849
 -0.172947
 1.41087
 0.947584
 0.338847
 0.305297
 -0.0146828
 -0.461061
 -0.496212
 0.806714
 1.10165
 2.29772
 2.67409
 2.53126
 1.83001
 1.34235
 0.836374
 0.895928
 1.48453
 1.16404
 1.11449
 0.273052
 -0.12429
 -0.538276
 -0.518349
 -0.252553
 -0.29407
 -0.472509
 0.700812
 0.489481
 0.227372
 0.633107
 0.913364
 1.71578
 1.37005
 1.22432
 0.803586
 0.504208
 -0.371769
 0.702428
 1.17085
 1.42578
 0.772527
 1.13229
 1.24957
 1.20017
 0.665372
 0.0901518
 0.126205
 -0.961666
 -0.626137
 0.350621
 -0.0743489
 -1.81408
 -0.77721
 -0.855884
 -0.926237
 -0.706092
 0.366335
 0.490774
 0.472248
 0.332453
 0.796165
 1.01413
 0.474755
 0.751685
 0.343445
 -0.172959
 -0.874213
 -1.11024
 -0.434771
 -0.839758
 -0.6391
 -0.259902
 -0.0889209
 0.0667594
 -0.207667
 0.279313
 -0.00173995
 -0.973193
 -0.389943
 -0.23345
 -0.418051
 -0.462835
 0.094434
 0.388656
 0.20201
 -0.460561
 -0.277324
 -0.125314
 -0.0146091
 -0.176652
 -0.855431
 -0.272064
 0.0676088
 0.645963
 0.715987
 -0.108741
 -1.14395
 -0.962564
 0.139346
 0.650322
 2.01887
 1.58628
 0.891197
 0.741302
 -0.266895
 0.32491
 0.162802
 0.947717
 0.680775
 0.578671
 -0.179143
 -0.808923
 -1.11515
 -0.0115026
 0.222608
 0.217412
 0.086193
 0.717451
 1.60909
 1.38345
 0.227475
 0.734976
 1.15349
 1.09187
 0.634141
 1.43711
 1.10586
 1.29652
 1.22038
 0.55916
 1.0268
 -0.101869
 0.258711
 0.394362
 0.770527
 -0.575253
 -0.312804
 0.133364
 0.0833417
 -0.722373
 -0.590389
 -0.396551
 0.0864016
 0.0688655
 -0.350753
 -0.647611
 -0.435682
 -0.0280004
 -0.511549
 0.374177
 0.513997
 -1.03205
 -1.37302
 -1.65963
 -1.61036
 -0.892579
 -0.711535
 -0.416856
 -0.22731
 -0.97684
 -0.419324
 -0.592699
 -0.573212
 -0.140083
 -0.100275
 -0.0805386
 0.513423
 0.247528
 0.136405
 -0.223988
 0.329298
 0.410421
 0.282839
 0.480121
 0.777191
 0.234838
 0.866385
 0.46091
 -0.219128
 -1.00205
 -1.8238
 -1.6761
 -1.26265
 -1.40446
 -2.34137
 -1.73103
 -2.16832
 -1.55257
 -1.64552
 -1.04198
 -0.952576
 -0.54243
 -1.20598
 -1.79794
 -1.11464
 -0.647389
 -1.87466
 -1.39186
 -0.318729
 -1.01156
 -0.0523134
 -0.769193
 0.109064
 -1.24466
 -1.06041
 -2.26279
 -2.06453
 -2.0829
 -3.66435
 -3.32648
 -2.68871
 -3.22126
 -4.12825
 -2.55935
 -1.91755
 -0.941927
 -1.03439
 -0.478745
 0.804513
 0.395489
 0.0791839
 -0.932356
 -0.6273
 0.484513
 0.141467
 0.991402
 -0.0482106
 0.303942
 0.359173
 0.147404
 -1.00344
 -1.44835
 -0.539337
 -0.942377
 -0.375593
 0.215604
 0.281171
 0.0281811
 -0.125456
 0.62466
 0.340892
 0.409886
 0.831274
 -0.729766
 -0.938461
 -0.524561
 -0.535959
 -0.650251
 -0.228086
 -0.744445
 -1.27019
 -0.251326
 1.77146
 1.36471
 0.713082
 0.192773
 -0.678584
 0.150476
 -0.524084
 -0.216032
 -0.721341
 -0.957517
 -1.16755
 -0.68604
 -0.560103
 -0.452335
 -1.07552
 -1.70842
 -1.06917
 -1.39879
 -0.251613
 -1.03358
 -0.86636
 0.570317
 0.595951
 1.27762
 0.775469
 1.78076
 1.26544
 2.04718
 1.38269
 0.708468
 0.847056
 0.312139
 -0.455921
 -0.599737
 -1.09756
 -0.138193
 -0.23549
 -1.00006
 0.0287861
 -1.03743
 -1.23916
 -1.35047
 -0.636142
 -0.287071
 0.273452
 0.0106464
 -0.279104
 0.0937287
 0.18325
 1.00804
 1.23122
 1.59452
 0.854911
 -0.107029
 -0.285941
 0.335195
 1.04177
 1.83289
 1.92249
 1.29965
 0.969465
 1.314
 1.45501
 0.797684
 0.915315
 0.573523
 1.21161
 0.845533
 -0.625313
 -0.64519
 -1.18666
 -0.666017
 0.355559
 0.476521
 1.13354
 0.814784
 0.101875
 0.172115
 0.277175
 0.328996
 -0.617331
 0.868421
 0.0760613
 -0.0761095
 -0.406577
 -0.170883
 0.36922
 0.82225
 0.364265
 0.0765766
 0.904905
 0.467594
 -0.604117
 -0.775475
 -0.168497
 -0.501677
 -0.0944546
 -0.388758
 -0.345192
 -0.818169
 -0.10756
 0.36181
 1.34857
 1.80408
 2.15916
 2.02798
 1.56756
 2.15207
 2.01144
 1.42431
 1.08051
 1.40531
 0.601972
 1.88739
 2.01015
 1.83671
 2.24219
 1.62076
 0.252349
 0.420408
 0.351374
 -0.533325
 0.682066
 0.682527
 0.198363
 0.504796
 0.478084
 0.840204
 0.0414968
 -0.188325
 0.146391
 0.666213
 0.434541
 0.173599
 0.535988
 -0.149595
 0.0421194
 -0.580624
 0.7256
 0.490268
 1.1832
 0.732152
 -0.465851
 -0.306742
 1.47805
 0.917558
 0.668134
 0.841763
 1.37789
 1.72524
 0.92522
 0.293889
 -0.454864
 -0.382898
 -0.445945
 0.386422
 -0.791187
 0.437694
 1.12409
 1.01965
 0.444113
 -0.445293
 0.329607
 0.161183
 0.124669
 0.149391
 -0.840701
 -0.418735
 -0.440074
 0.139159
 1.07398
 1.52986
 0.81417
 1.07846
 1.60163
 0.839372
 1.51806
 1.73309
 0.998132
 -0.0595703
 0.151614
 -0.0945962
 -0.992544
 -0.372289
 -1.00354
 -1.69716
 -0.973173
 -1.50962
 -1.74222
 -1.08088
 -2.02124
 -2.18048
 -2.17242
 -2.13537
 -1.02456
 -2.09705
 -1.14307
 -1.23004
 -1.6512
 -0.426069
 0.40505
 -0.680215
 -0.432139
 0.176432
 -0.328833
 -0.560863
 -1.04229
 -0.254806
 -0.421595
 -0.0677918
 -0.436559
 -0.683064
 -1.36859
 -1.26124
 -0.555984
 0.549912
 -0.133596
 -0.732085
 0.228568
 0.718394
 1.22896
 1.26298
 2.07205
 0.993962
 0.476552
 0.461159
 0.115356
 -0.103475
 -0.177766
 0.377275
 0.122791
 -0.445788
 -0.044077
 0.490886
 0.486497
 0.615763
 0.343656
 0.174616
 -0.451597
 -0.6441
 0.2081
 0.943245
 0.326861
 -0.0848512
 -0.423666
 1.3278
 0.907056
 -0.204934
 -0.708306
 0.0647309
 -0.802583
 -1.42239
 -1.24385
 -1.09594
 -0.397402
 0.492202
 -0.280498
 -0.98065
 -0.531899
 -0.809606
 -1.10115
 -1.19972
 -1.23864
 -0.984667
 -0.61077
 0.138211
 0.108098
 -0.504447
 0.420011
 0.355327
 0.134336
 -0.458074
 -0.0597886
 -0.928942
 -1.82191
 -1.33237
 -1.73211
 -2.15451
 -1.67112
 -1.51414
 -0.548084
 -0.355908
 1.03428
 0.852218
 0.49197
 0.566443
 -0.369292
 -0.292484
 -0.496962
 -1.13665
 0.046397
 -0.00258198
 0.516868
 0.191491
 -0.537472
 -0.227236
 -1.61054
 -0.57651
 -0.378679
 -0.215449
 -0.821039
 -0.277477
 0.599181
 1.54738
 1.99623
 2.03631
 1.1547
 1.197
 1.14541
 2.14259
 1.91964
 2.35068
 2.22871
 1.84424
 1.02874
 -0.987119
 -0.0400046
 -0.632701
 -0.525346
 -0.397199
 -0.545035
 -1.01508
 -1.01882
 -1.5127
 -1.48223
 -0.99534
 -1.15284
 -0.672416
 0.774207
 0.496153
 0.52274
 0.406327
 -0.000522758
 -0.654804
 -0.240101
 -0.897689
 -0.660536
 0.195072
 0.915521
 1.39767
 2.055
 1.13208
 0.644284
 -0.183423
 0.634027
 0.103205
 0.0239285
 -0.248304
 0.314893
 -0.361553
 -0.694614
 -0.608447
 -0.958557
 0.323487
 0.357677
 -0.492082
 -0.0645572
 0.0829043
 -0.290301
 -0.504208
 -0.0454676
 -0.259208
 0.122535
 0.494411
 -0.479141
 0.480079
 0.780619
 0.666587
 0.713532
 0.809316
 0.131925
 -0.0849281
 -0.477386
 -2.1329
 -1.58518
 -0.951741
 -2.11489
 -0.656726
 -0.0153604
 -0.478256
 0.494221
 0.146011
 0.1908
 0.405437
 0.598503
 1.46791
 1.66723
 1.58203
 1.34007
 0.758007
 -0.732052
 -0.243188
 0.457594
 0.72612
 -0.228464
 -0.125137
 -1.14394
 -1.0192
 -1.16851
 -0.656434
 -0.518492
 -1.01492
 -1.29502
 -1.09627
 -1.41573
 -1.02906
 0.190021
 -0.223843
 -0.403869
 -0.807557
 -0.449117
 -0.687408
 -0.211344
 0.683444
 1.47871
 1.6639
 1.58153
 1.37044
 1.58065
 0.273794
 -0.0846024
 0.254385
 0.3309
 0.634347
 0.917043
 0.686596
 0.956052
 1.01628
 0.98689
 1.52625
 0.997468
 1.11692
 1.71856
 1.00847
 -0.0031562
 -1.12238
 -0.791041
 0.936844
 1.21448
 1.94986
 1.32202
 1.13016
 -0.160051
 -0.615008
 0.558045
 0.437332
 0.121948
 -1.28494
 -0.537278
 -0.204399
 -0.130525
 0.422298
 0.50741
 1.59783
 1.20212
 -0.206573
 -0.180103
 0.750833
 0.608268
 0.347484
 -0.22686
 -0.12199
 -1.21173
 -1.71873
 -1.01418
 -1.15824
 -0.802219
 -0.331534
 -0.41923
 -0.785123
 -1.56423
 -1.47201
 -1.95113
 -1.60471
 -2.63119
 -1.4877
 -0.729766
 0.441137
 -0.710373
 -1.09474
 -1.43948
 0.0888801
 -0.247734
 -0.0870743
 0.918898
 0.618733
 0.299279
 0.697675
 0.354392
 -0.411331
 -0.527472
 -0.149439
 0.294257
 0.403215
 -0.452272
 0.0732429
 0.111816
 0.454032
 -0.010118
 -0.528083
 -0.541693
 -0.478861
 -0.0596958
 0.85824
 0.424278
 0.280587
 -0.0108995
 -0.165713
 -0.718159
 -1.10195
 -0.482039
 -0.343514
 0.13797
 0.581863
 0.889432
 -0.289389
 -1.19584
 0.00961321
 0.0599371
 0.554385
 0.869521
 0.630606
 0.325762
 -0.0857583
 -0.799461
 -1.00219
 -0.813919
 -0.762736
 -1.20055
 0.990123
 1.92372
 0.59104
 0.256873
 0.440576
 -0.578588
 0.0209377
 0.349845
 -0.217711
 -0.375618
 -0.248307
 0.437834
 -0.0514619
 -0.109567
 0.600153
 0.32709
 0.17595
 0.446605
 0.158561
 -0.0724552
 0.413324
 -0.0818891
 -0.151647
 0.707408
 0.125845
 0.915957
 0.933434
 1.47388
 1.63541
 0.320962
 0.00614942
 -0.832227
 -0.668736
 0.361582
 -0.606008
 -0.593136
 -0.978132
 -2.37947
 -1.23935
 -0.939779
 -1.06816
 -0.840362
 -0.398752
 0.558917
 -0.317958
 0.239096
 0.051451
 0.5968
 0.020897
 0.465479
 0.399981
 0.449652
 -0.713116
 -0.538772
 -0.810001
 -0.270029
 -0.206268
 -0.551474
 -0.894514
 -1.49715
 -1.15859
 -1.49713
 -1.9925
 -2.12383
 -1.23467
 -1.00316
 -0.328939
 -1.10909
 -0.269853
 -0.88339
 -0.952638
 -1.29478
 -1.0552
 -0.441476
 -0.547968
 0.0710721
 -1.10919
 -0.598685
 -0.68181
 -1.56008
 -0.711218
 -0.834751
 0.183443
 -0.236464
 -0.00669812
 0.566168
 0.73039
 -0.0142272
 -0.416115
 -0.263387
 -0.899174
 -0.779534
 -0.61479
 0.122127
 -0.136599
 -0.503242
 -1.0606
 -0.828096
 -0.351097
 -0.041021
 -1.16225
 -1.43538
 -1.56501
 -1.69611
 -1.47619
 -0.844976
 -0.14661
 -0.121912
 0.160782
 0.74073
 -0.474188
 -0.038675
 0.799602
 0.590498
 0.405041
 -1.12332
 -1.00987
 -0.388964
 -0.638685
 -0.716895
 -1.1114
 -0.530917
 -0.8665
 -1.82545
 -0.860508
 -0.705586
 -0.56709
 0.515947
 -0.29182
 -0.0162264
 0.300474
 -0.170719
 -0.183896
 -1.29151
 -0.427393
 -1.2769
 -1.98229
 -1.08377
 -0.654527
 -0.199728
 -0.202656
 -1.16256
 -1.19913
 -1.61474
 -0.228104
 0.846109
 -0.413845
 1.40634
 1.62479
 2.2916
 2.42355
 2.07429
 1.7522
 1.80337
 2.39417
 1.43653
 1.18181
 0.692524
 0.0807559
 0.19811
 -0.440192
 -0.473919
 -0.166675
 -0.734456
 -0.572857
 0.00304302
 -0.394774
 -0.784416
 -0.463541
 0.222215
 0.142111
 0.517677
 1.33616
 0.319297
 0.874376
 1.54689
 2.13072
 1.12699
 0.399505
 -0.541048
 -0.780718
 -1.50253
 -1.58034
 -1.45697
 -1.72941
 -1.65135
 -0.114867
 -0.206973
 0.506158
 0.329845
 0.968204
 3.48983
 3.39453
 1.63845
 1.45664
 0.389637
 0.681758
 -0.204657
 0.0984347
 0.431606
 0.491841
 -0.357247
 -1.44433
 -1.0455
 -0.469293
 -0.186203
 -0.22581
 -0.250693
 -0.016306
 0.345111
 0.586465
 0.402957
 -0.289723
 -0.350118
 -0.0499209
 0.316518
 -0.0588662
 -0.429684
 -0.911816
 -0.957308
 -0.221843
 0.836173
 1.40388
 2.12181
 1.48953
 2.04182
 1.26965
 1.02504
 -0.0806499
 -0.494591
 -1.08527
 -0.800429
 0.102624
 -0.923685
 -0.632555
 -0.508076
 -0.469271
 -0.340044
 -0.38017
 0.19818
 -0.177649
 0.413966
 -0.928599
 0.47078
 -0.261584
 0.221665
 0.76227
 1.81511
 1.81089
 1.7585
 1.15733
 0.91155
 0.674964
 0.858173
 -0.0562863
 0.0915648
 0.426533
 -0.238767
 0.273937
 0.406199
 -0.309548
 1.22261
 0.418679
 -0.0221882
 -0.741231
 -0.769737
 -0.905748
 -1.23825
 -1.12642
 -1.31859
 -0.687463
 0.0320766
 -0.419396
 0.397777
 0.848003
 0.43313
 0.186076
 0.399368
 -0.876504
 -1.03666
 -1.78601
 -1.77392
 -1.11506
 0.0979365
 0.442565
 -0.0326474
 0.703245
 -0.395724
 -0.0557813
 0.93069
 0.971173
 0.836324
 1.2439
 1.15317
 1.25265
 0.630423
 0.436589
 -0.671162
 -0.853042
 -0.619489
 -0.230592
 -1.09479
 0.384312
 1.52458
 1.63401
 1.46808
 2.40144
 1.11554
 2.05528
 1.20339
 0.857712
 -0.0230782
 -0.550666
 0.0276083
 0.847989
 1.77711
 1.81731
 1.13101
 0.504012
 0.776458
 0.301667
 -0.316352
 -1.35575
 -1.16376
 -1.0348
 -0.937307
 -0.579783
 -0.39296
 -0.338619
 -1.12252
 -0.437164
