 0.0533874
 0.111695
 -0.158323
 -0.150086
 0.0892182
 -0.0788428
 0.00764147
 0.172727
 -0.0476406
 0.0177221
 -0.111274
 0.0837673
 0.0159299
 0.0176475
 0.100606
 0.101128
 0.0772109
 -0.00527196
 0.0866442
 -0.0736807
 -0.000763118
 0.0784445
 0.0721789
 0.0482916
 -0.0175676
 0.138942
 0.200563
 -0.103804
 0.0594579
 -0.0277933
 0.0643781
 -0.0199069
 -0.257866
 -0.150424
 -0.0704184
 0.208174
 0.00618598
 -0.242089
 0.11262
 -0.0465257
 0.0398667
 0.133731
 0.0351907
 0.0918991
 0.0587339
 0.0799411
 0.0225037
 -0.0249736
 -0.110805
 -0.0717661
 0.0715699
 0.0239639
 -0.0624794
 0.0931806
 0.0244631
 0.0395486
 -0.129305
 0.0263725
 0.0458172
 0.0508155
 -0.0276433
 -0.0987626
 0.09732
 -0.0461212
 0.0490673
 0.0314963
 -0.155263
 0.0167873
 0.0560925
 -0.0843441
 -0.00439773
 0.012351
 0.0545783
 0.0372196
 0.0283574
 -0.0646264
 0.0496347
 0.0121324
 0.0218353
 0.0381496
 -0.137168
 0.0230518
 -0.0933993
 -0.0237307
 -0.0244033
 0.0282591
 -0.0285331
 -0.185476
 -0.113021
 0.0145643
 -0.0980259
 0.140231
 -0.0238781
 0.0380104
 0.0597136
 0.141764
 -0.014168
 0.0862409
 -0.0148651
 0.179819
 -0.0538023
 0.109671
 -0.0639943
 0.188738
 -0.234415
 0.0865238
 -0.170261
 0.00687812
 -0.0929186
 0.0140328
 -0.00950106
 -0.095355
 -0.0467963
 0.0910272
 -0.0567218
 -0.0709581
 -0.00900811
 0.10972
 -0.135293
 -0.0880589
 0.00493957
 -0.0274031
 0.0500385
 -0.00722265
 0.0725155
 -0.0768164
 0.0769774
 -0.100222
 0.0903528
 -0.0316639
 0.0270558
 -0.0425423
 0.0392551
 -0.150386
 -0.0781061
 0.230643
 0.0592598
 0.114501
 -0.0154318
 -0.164821
 0.151635
 -0.0627433
 -0.00648975
 -0.011648
 -0.0406332
 0.11672
 0.0689577
 0.16883
 0.00716556
 0.110045
 -0.022989
 -0.0170117
 0.0600285
 -0.0700252
 0.0706751
 0.2982
 -0.0380104
 -0.16014
 -0.0102601
 -0.00988743
 0.0270174
 0.0685877
 0.0347134
 -0.026766
 -0.0331243
 0.0700252
 0.00265022
 0.085208
 0.216668
 0.0436891
 -0.0483808
 -0.154383
 -0.121357
 -0.0700106
 0.0397468
 0.0166896
 0.264646
 0.111657
 -0.0687554
 0.102874
 -0.00368662
 0.253453
 -0.061773
 0.25407
 -0.0290417
 0.00973643
 -0.116302
 0.168231
 0.0100683
 -0.0682256
 -0.118108
 -0.0195856
 0.274545
 0.0693906
 0.0137599
 -0.131579
 -0.087937
 -0.168745
 -0.0499513
 0.0781798
 -0.118464
 -0.000352103
 -0.129587
 -0.13468
 -0.00250937
 -0.106836
 0.0653999
 -0.107359
 0.0508637
 0.0145717
 0.0256047
 0.0391676
 0.124547
 -0.151145
 -0.057905
 0.0781266
 0.125638
 0.22786
 -0.219072
 0.0196682
 -0.00173136
 0.0808519
 0.0736105
 -0.128602
 -0.0695514
 0.0276374
 -0.106551
 0.0399129
 -0.0389192
 -0.00465433
 -0.0489114
 -0.0943313
 -0.0420467
 -0.024027
 0.0791317
 0.00492238
 0.0911141
 0.000479205
 -0.11229
 -0.00260158
 -0.0981483
 -0.139146
 0.117409
 -0.0187708
 0.060653
 -0.147279
 0.067087
 0.0208962
 0.0632128
 0.135184
 -0.0793068
 0.0565625
 -0.0894388
 -0.137903
 -0.123757
 0.00179027
 0.151776
 -0.0289483
 -0.082218
 0.0705467
 0.0957435
 -0.00431184
 0.0621355
 0.122768
 -0.157337
 0.0168671
 -0.126606
 -0.155308
 -0.0253211
 0.0525835
 -0.117646
 -0.0238369
 0.140331
 0.0934733
 -0.0665218
 0.0575822
 -0.0995048
 -0.0599758
 0.100752
 0.0996566
 0.0766584
 0.0437635
 0.00695604
 0.0636339
 -0.00430018
 -0.0700548
 0.00854755
 0.175075
 -0.112025
 0.0990335
 -0.0689094
 0.128403
 -0.160075
 0.170871
 0.244387
 0.0606847
 0.0794344
 -0.0857768
 -0.00689803
 -0.00596594
 0.0331553
 0.0734065
 0.101298
 -0.00242259
 -0.0828684
 -0.0273305
 0.0635125
 -0.0455852
 -0.103785
 -0.173633
 0.00787329
 0.0672465
 0.22217
 0.0624054
 0.116519
 0.00716858
 -0.0388019
 0.139737
 -0.130796
 0.0547277
 0.138558
 -0.0936009
 -0.11387
 0.0602289
 0.124686
 0.139367
 0.0275241
 -0.0222001
 -0.0122638
 0.0343853
 -0.143547
 -0.0776779
 -0.0414201
 0.0515764
 -0.0205863
 0.079432
 -0.113669
 -0.0651102
 0.000110734
 0.0645111
 -0.039689
 -0.185602
 -0.0617816
 0.004051
 -0.0249228
 0.0588121
 0.0840355
 -0.0157311
 -0.171328
 -0.0153779
 -0.0885845
 0.0341662
 -0.000195171
 0.0151312
 0.0739263
 -0.0533372
 0.0307038
 -0.149857
 -0.0324827
 -0.163506
 -0.049464
 -0.0795845
 -0.104075
 0.000592229
 -0.038719
 -0.0584486
 -0.0964074
 0.00337584
 -0.121318
 -0.160348
 -0.0818252
 0.0492474
 0.15795
 -0.0546706
 -0.175479
 -0.0434757
 0.247101
 0.0528293
 -0.0439478
 0.0484546
 0.0520854
 0.126445
 0.0240586
 -0.0801172
 -0.114618
 -0.0348625
 0.175479
 0.238121
 -0.06534
 -0.0997449
 0.0992574
 0.135445
 0.115973
 -0.0874007
 0.0919186
 -0.0257354
 -0.0135727
 -0.106106
 -0.0140711
 -0.0762593
 0.115515
 -0.0597492
 -0.112999
 -0.0341708
 -0.0347245
 0.0134684
 0.107666
 -0.0171636
 -0.00209669
 0.0747914
 -0.0140842
 0.154875
 0.252179
 -0.0668304
 -0.0119145
 -0.00308706
 -0.0399556
 0.0835376
 -0.107101
 -0.0958809
 -0.0556271
 -0.0145422
 -0.0818791
 -0.0192657
 0.00667917
 0.0530783
 0.248292
 -0.0138216
 -0.0696635
 0.0977756
 0.165602
 -0.0160073
 -0.0729364
 0.0571698
 -0.0210973
 0.181857
 -0.0346888
 -0.0950852
 0.0616218
 0.111602
 0.0804042
 0.0998274
 -0.0222411
 -0.1165
 -0.0679555
 0.0730456
 -0.0753468
 0.0678814
 0.024865
 -0.024088
 0.0250327
 -0.035427
 -0.11101
 0.141655
 -0.0318125
 -0.0624219
 0.0689794
 -0.0829701
 0.113842
 -0.111967
 -0.139194
 -0.130213
 0.118354
 0.168605
 -0.152334
 -0.031929
 -0.0934258
 -0.00765245
 0.0224357
 0.0174054
 -0.114522
 0.0987123
 -0.00285509
 -0.0776264
 -0.172438
 -0.0812817
 -0.0804226
 -0.0550328
 0.0101471
 0.0395703
 0.0442132
 -0.197363
 -0.0389431
 0.0767071
 0.00173974
 0.1369
 -0.134783
 -0.112133
 -0.0664294
 -0.0593206
 -0.175003
 -0.213011
 -0.0535955
 0.0674936
 -0.0172131
 0.095098
 -0.0465321
 0.0892251
 0.0947666
 0.123381
 -0.0886276
 0.0438159
 0.0223436
 0.184115
 -0.0437081
 -0.0677143
 0.168577
 0.00619682
 0.0513721
 -0.104594
 -0.103206
 -0.0288984
 -0.112863
 -0.00190335
 -0.0226532
 0.0507051
 0.267565
 -0.0197544
 0.248872
 -0.0959914
 0.00583211
 0.101225
 -0.0525531
 -0.0882045
 -0.113142
 0.0727958
 -0.0408751
 0.0473966
 -0.0296013
 -0.162285
 -0.100907
 0.160918
 0.0871524
 0.0300404
 -0.130228
 0.0523892
 0.112289
 -0.0421941
 -0.021434
 0.168193
 -0.00116711
 0.0897518
 0.120842
 -0.0718372
 0.0176654
 0.0305016
 0.0870858
 -0.173086
 -0.168957
 -0.0902727
 -0.16738
 -0.0676603
 -0.037019
 0.0494316
 -0.05151
 -0.0734842
 -0.0636113
 -0.192773
 -0.0716553
 -0.0329171
 0.0739705
 0.120012
 -0.204044
 -0.128835
 -0.0152519
 0.0725346
 -0.148632
 0.214017
 0.204397
 -0.0483895
 0.0689012
 0.063583
 -0.151909
 0.257651
 -0.0108544
 -0.0183186
 0.0861996
 -0.0230842
 -0.0381247
 -0.146323
 0.0503293
 0.0755196
 0.191119
 -0.0457949
 -0.12706
 0.145431
 0.0510791
 0.154083
 -0.210566
 -0.0959778
 0.0870432
 -0.124748
 0.0274533
 -0.0601118
 0.258625
 0.026746
 -0.0145879
 -0.169874
 -0.223114
 0.0357829
 -0.0517006
 -0.000172814
 -0.165219
 0.0579485
 0.0121009
 -0.0783678
 0.00505346
 -0.175135
 0.109267
 -0.106352
 -0.0200161
 0.17508
 -0.135401
 0.162772
 0.00664601
 0.106512
 0.117046
 0.16309
 -0.195246
 -0.0223645
 0.204956
 -0.00816311
 -0.0548421
 -0.0357625
 -0.0542596
 0.048218
 0.124249
 -0.206774
 -0.033055
 0.0498214
 -0.0264109
 0.0334292
 0.022146
 0.029449
 -0.0104775
 -0.0805523
 0.000107728
 -0.0333736
 -0.0676026
 -0.05854
 -0.0221876
 0.100515
 -0.0550709
 0.0135652
 -0.0726347
 0.00235009
 -0.0830925
 0.0395656
 0.169017
 0.122163
 0.00297339
 0.0609268
 -0.0297998
 0.0851611
 0.129702
 -0.188649
 0.102223
 0.0202444
 -0.0743076
 -0.0138688
 0.0118517
 0.0704261
 0.0413167
 -0.0953849
 0.275859
 -0.196191
 0.18563
 -0.19257
 -0.0158639
 -0.0357844
 0.11563
 0.105425
 -0.0863878
 0.0595824
 0.0431846
 -0.051089
 0.0939417
 0.0196035
 -0.166623
 -0.141512
 0.132195
 -0.00337274
 0.0631263
 0.00339585
 0.131891
 0.0488795
 -0.0151922
 -0.0987578
 -0.0777905
 -0.0769686
 0.034255
 -0.0348866
 0.0545082
 -0.0349366
 -0.0711653
 0.0590988
 0.100573
 -0.0176182
 0.023083
 -0.017872
 0.0689952
 -0.0406955
 0.0552167
 -0.0964225
 0.0441017
 0.114687
 0.13967
 0.0546532
 0.136121
 -0.174094
 0.0928005
 0.0371991
 -0.105374
 0.140569
 0.00690079
 -0.14279
 0.0277257
 -0.0620526
 -0.157786
 -0.105297
 -0.0750396
 -0.0166777
 0.0286686
 -0.13017
 -0.093986
 -0.0332316
 0.0959125
 -0.011835
 -0.106854
 0.0291849
 -0.0237708
 0.307178
 0.00607991
 -0.137133
 -0.0785485
 -0.0891243
 0.0831374
 0.130435
 -0.0343901
 -0.104783
 -0.0945044
 -0.15205
 -0.0665935
 0.0397401
 -0.0203225
 -0.0689868
 0.0363751
 0.0273193
 -0.072243
 -0.0569603
 0.0163547
 0.0741101
 -0.0690014
 0.001403
 -0.0100709
 0.130147
 -0.0391988
 0.075861
 0.182979
 -0.0345905
 -0.109386
 -0.0278751
 -0.0370644
 -0.00321608
 0.132852
 0.113331
 -0.144138
 -0.0448967
 0.0721058
 -0.11552
 0.0273786
 -0.0445701
 -0.0801533
 -0.0649961
 -0.0791353
 0.0111337
 0.00156016
 0.0169738
 -0.0515522
 0.0367356
 0.183969
 0.00654273
 0.0869564
 0.0206145
 -0.111827
 0.30329
 0.140919
 -0.2503
 0.0135772
 0.171018
 0.140374
 -0.0771771
 -0.028351
 0.0942825
 -0.0642373
 -0.200837
 0.0188114
 -0.10181
 0.014074
 -0.136609
 -0.119163
 -0.210539
 -0.133943
 0.0607526
 -0.195634
 0.0634008
 -0.0394835
 0.0895032
 -0.234747
 -0.10685
 0.0219979
 0.00069809
 0.0981408
 0.0636172
 0.0317161
 0.181378
 0.0795585
 -0.0185913
 -0.0717856
 -0.0688729
 0.00516325
 -0.039483
 -0.047302
 0.0156659
 0.0153082
 0.0138548
 0.0469906
 0.076014
 0.0809415
 0.190706
 0.032312
 -0.101219
 0.0555781
 0.0720906
 -0.0690294
 -0.0400027
 0.0248237
 -0.149691
 0.0282126
 -0.0232653
 0.186895
 0.193941
 -0.0266337
 -0.0163184
 -0.00594176
 -0.178646
 -0.0258457
 -0.0786551
 -0.146193
 0.168876
 0.123973
 0.104375
 0.00320834
 0.0411304
 -0.0523537
 0.069178
 -0.0359591
 0.102517
 0.112853
 -0.0120438
 -0.0370566
 -0.112705
 -0.183291
 0.0218697
 -0.0173954
 0.0878222
 -0.0615988
 0.0315305
 0.0745613
 0.117797
 -0.174381
 -0.134668
 0.122837
 -0.031115
 0.0489429
 -0.0779357
 0.13604
 0.0197754
 0.0461353
 0.102432
 0.0599931
 0.0204654
 0.00215328
 0.0399332
 -0.126837
 0.139331
 -0.208169
 -0.145578
 -0.0649731
 0.122809
 -0.0269808
 0.156427
 -0.00242484
 0.0783472
 -0.163502
 0.164142
 0.0619885
 -0.0573194
 0.0625684
 -0.0654978
 -0.0645214
 -0.16947
 -0.0536508
 0.0132043
 0.0849611
 0.0762675
 -0.0341081
 -0.00306847
 -0.0560315
 0.0912114
 0.0290961
 -0.0874279
 -0.13772
 0.0230437
 0.113172
 0.0567699
 0.0207113
 -0.0443189
 -0.196609
 0.0515735
 0.03085
 -0.0187809
 0.135635
 -0.00108123
 -0.0395325
 0.13671
 0.0365331
 0.0780465
 -0.0479092
 0.0860823
 0.181046
 -0.107698
 0.0264375
 0.0386393
 -0.0376319
 0.0247257
 0.0352999
 0.0797222
 -0.0736458
 -0.138523
 -0.0470466
 -0.221014
 0.0600289
 -0.111727
 -0.0620688
 0.0474784
 0.0761689
 -0.12385
 0.0613036
 0.140785
 -0.0483914
 -0.0238312
 0.0486502
 0.0982854
 -0.0236014
 0.214186
 0.182357
 -0.0873212
 0.0836019
 -0.0254524
 -0.0650171
 -0.0908152
 -0.134948
 0.111188
 0.111285
 -0.0571621
 0.0309963
 -0.0650544
 -0.132204
 -0.076943
 -0.188553
 0.0366064
 -0.0150174
 0.094173
 0.0157782
 -0.0476899
 0.0344192
 0.0165238
 0.0716855
 -0.097732
 0.108234
 0.127018
 -0.0969941
 -0.0707737
 0.0353435
 0.103217
 0.165998
 -0.150939
 0.131199
 0.0283108
 -0.0356563
 -0.0648975
 0.0372207
 -0.0488532
 0.132793
 0.273245
 0.092996
 0.134001
 0.0741307
 -0.137304
 0.026215
 -0.0440872
 -0.113072
 -0.103507
 -0.152695
 0.0323691
 0.0277236
 0.0753202
 -0.0397869
 0.0914454
 0.0325853
 -0.13457
 -0.0662061
 -0.133948
 0.0103058
 0.101975
 0.0274685
 -0.0506563
 -0.120217
 0.00701278
 0.224959
 -0.0256367
 -0.0894059
 -0.069744
 -0.0698994
 0.0405477
 -0.0449882
 0.0972443
 -0.179069
 -0.176557
 0.0601694
 0.0199805
 -0.0290259
 -0.102808
 -0.101943
 -0.0706114
 0.145441
 0.0169275
 0.101766
 -0.0364965
 -0.126594
 0.00694471
 -0.00828375
 -0.0773711
 -0.00147983
 -0.047469
 -0.0950533
 0.0795855
 0.0429007
 -0.0245883
 -0.104354
 0.116334
 -0.02112
 0.0233718
 -0.0241038
 -0.159442
 0.0123855
 -0.0260205
 0.15981
 0.047145
 -0.0358703
 0.180819
 -0.237992
 -0.112238
 0.172662
 -0.00567095
 0.00902542
 -0.0369005
 -0.206761
 0.00161838
 -0.0979624
 -0.159449
 0.107241
 0.065011
 -0.105216
 0.0633383
 0.0748614
 0.0978207
 0.0229619
 -0.00230103
 -0.169152
 0.1503
 -0.0676011
 0.00554234
 0.192579
 0.0113745
 -0.0907248
 -0.00342395
 0.0538243
 0.183707
 -0.0916785
 -0.132907
 -0.0425458
 0.0411722
 0.0176203
 0.0030193
 0.139714
 0.0155456
 -0.249202
 -0.0539222
 -0.163906
 -0.073563
 0.0342148
 0.0895962
 -0.0132681
 -0.0771733
 0.0402903
 0.181721
 -0.0156482
 -0.0500552
 -0.0591881
 -0.241696
 -0.0145824
 0.0391734
 0.0598722
 -0.0189858
 0.0461857
 -0.0221753
 0.0213922
 -0.179267
 -0.00668296
 0.0382857
 -0.0507299
 0.0374625
 0.0880407
 0.0702928
 0.0776761
 0.0388172
 0.0592937
 -0.127894
 0.160985
 -0.0437249
 -0.0978294
 -0.0850757
 0.0899856
 0.000510461
 -0.00387571
 0.107672
 -0.0820575
 -0.106518
 -0.0291573
 -0.0552206
 -0.0216232
 -0.112634
 -0.0739695
 -0.00289452
 -0.0445053
 -0.0384261
 -0.0762169
 -0.0415465
 -0.0968871
 0.228261
 -0.107161
 0.0238039
 -0.0445008
 0.00835914
 0.0382896
 -0.0296151
 -0.0705095
 -0.184607
 -0.116111
 0.0851305
 0.141416
 -0.114308
 0.0324714
 0.0801712
 0.0509198
 -0.0947191
 0.0326716
 0.177397
 0.0365218
 0.0912134
 -0.0411124
 -0.00488943
 0.0608096
 -0.097549
 -0.0399253
 -0.0564019
 0.0995941
 0.252634
 0.0619323
 0.0109782
 0.0607142
 0.0517666
 0.0565405
 -0.137324
 0.171432
 0.049863
 -0.211535
 -0.133779
 0.0479293
 -0.0630984
 -0.09654
 0.0230826
 0.0289029
 0.0358505
 -0.0132325
 0.00230208
 0.100185
 0.206023
 0.128193
 0.0692854
 -0.0194237
 -0.0141239
 0.0182956
 -0.0375419
 -0.101897
 -0.0228992
 0.0188474
 0.0423699
 -0.0250337
 -0.0982941
 -0.0216298
 0.0161414
 0.00196045
 0.0716185
 -0.00239035
 -0.0211291
 -0.124735
 -0.00391019
 -0.0609868
 0.0476912
 -0.018547
 0.123133
 0.131468
 0.121071
 -0.0768038
 0.134736
 -0.171826
 -0.166165
 0.00984795
 0.0826821
 -0.0896878
 0.0326676
 -0.12754
 0.0188842
 -0.0605199
 -0.110039
 -0.0608535
 -0.164244
 0.0390749
 0.0374992
 -0.0689227
 0.0262464
 0.013956
 -0.150909
 -0.0846027
 0.0130371
 -0.0720071
 -0.0444385
 0.088229
 -0.0715451
 -0.130066
 -0.187483
 0.0871275
 -0.0373627
 0.153272
 0.164078
 -0.0707167
 0.121943
 -0.103626
 -0.0235574
 0.0454642
 -0.0240489
 0.00189
 0.0643397
 -0.0700214
 -0.111409
 -0.106009
 0.0949582
 -0.129632
 0.0313164
 -0.193869
 0.00188761
 0.133524
 -0.0116449
 -0.0392032
 0.0276352
 -0.00872366
 0.117076
 0.247431
 0.0818177
 0.0111264
 0.0403123
 0.132378
 -0.0584549
 0.060974
 0.213107
 -0.0873946
 0.283021
 -0.0784064
 0.0679274
 0.129737
 0.144186
 0.0657848
 -0.082918
 -0.103591
 0.0971361
 0.136841
 -0.0197099
 -0.0261107
 -0.00219407
 0.000130372
 -0.0732635
 -0.154394
 -0.0814945
 -0.176759
 0.111944
 -0.216144
 -0.0562243
 0.0939681
 0.182898
 -0.0943703
 -0.0662996
 -0.0931933
 0.00516139
 0.0302449
 0.0238105
 -0.0293423
 -0.110168
 0.0159542
 -0.00655538
 -0.0204623
 -0.0175534
 -0.126106
 -0.196439
 0.0995933
 -0.133358
 -0.0570064
 0.00819335
 -0.00127756
 0.0553515
 -0.0742162
 -0.0018263
 -0.156921
 -0.05304
 0.159038
 0.0518051
 0.0309952
 -0.0290391
 -0.02423
 0.0646736
 0.0249924
 0.0660821
 0.00265046
 -0.165425
 -0.0433798
 -0.0692412
 -0.02073
 -0.106469
 -0.327766
 0.00709677
 -0.0673141
 0.023342
 0.0698977
 0.0160745
 -0.0318384
 -0.00440783
 -0.0432985
 -0.0178053
 0.0925659
 -0.0322614
 -0.0725672
 -0.0946144
 0.0304762
 -0.186859
 0.0510918
 -0.00293187
 -0.0664244
 -0.0699188
 0.11964
 0.009521
 0.0453023
 0.0678136
 0.132257
 0.0098491
 0.0213751
 0.0811206
 -0.0612941
 0.0687744
 0.0866165
 0.0213914
 0.00523369
 -0.0809958
 0.124167
 -0.0355712
 -0.120224
 0.221114
 0.00324976
 -0.186521
 0.183653
 -0.0215921
 0.0722237
 -0.00524893
 0.133061
 0.110581
 0.173113
 -0.0320352
 -0.0615694
 0.0208203
 -0.0555458
 0.0420999
 -0.148456
 0.129681
 -0.00304836
 -0.0418593
 0.118042
 0.104884
 0.127905
 0.00215738
 -0.151233
 -0.0618046
 -0.0871343
 -0.0218995
 0.121251
 0.00224027
 -0.049768
 0.106099
 -0.17688
 -0.0445313
 0.100022
 0.112563
 0.0352184
 -0.0320808
 -0.0909101
 -0.080029
 -0.0203389
 0.0347365
 0.0654181
 -0.086255
 -0.0319648
 0.0774157
 0.0723807
 -0.0439941
 0.321194
 -0.013901
 0.0282489
 -0.109258
 0.0385084
 0.0961343
 0.0386385
 -0.124381
 0.00938126
 -0.00353606
 -0.0363423
 -0.00294769
 -0.0479523
 -0.0243341
 0.0773704
 -0.0751432
 -0.165424
 -0.0542956
 -0.00662295
 -0.114535
 -0.0859444
 -0.194919
 0.118174
 -0.0199633
 0.183774
 0.160191
 0.101922
 0.0262347
 -0.0079345
 0.0918274
 -0.100704
 -0.00514331
 -0.0546798
 -0.0551581
 -0.0467371
 -0.0946803
 -0.0313575
 0.00992033
 -0.0427395
 0.161991
 -0.0891466
 0.184205
 0.0171341
 0.00824326
 0.144381
 -0.0606796
 -0.0289041
 0.014621
 0.0783179
 0.0867469
 -0.017575
 0.0410488
 0.0460268
 -0.114596
 -0.0165778
 -0.0149854
 -0.0530391
 0.0515286
 -0.157277
 0.330257
 -0.0187982
 -0.0779086
 0.0755259
 0.107521
 -0.0548675
 -0.050438
 -0.0929444
 -0.112049
 0.0734269
 0.105719
 0.0344086
 0.00608104
 -0.00378123
 -0.0780102
 0.00262911
 0.100696
 -0.154705
 0.115627
 -0.220476
 0.228154
 0.0902248
 0.0966474
 -0.130714
 0.0495629
 -0.0687498
 -0.00918733
 -0.142119
 0.0909313
 -0.0308833
 0.0767876
 0.0691551
 0.0358105
 0.04002
 0.00756907
 -0.0483821
 0.13518
 -0.0444974
 -0.0470588
 -0.0813249
 0.104253
 0.0693365
 0.190765
 0.0235843
 -0.00347193
 -0.121219
 0.0308113
 0.132918
 0.0146886
 -0.0663192
 0.12309
 0.00400856
 -0.0917525
 -0.0138632
 0.0320877
 0.0182516
 -0.126452
 -0.0315972
 0.0590514
 -0.0586082
 -0.0323316
 0.0311528
 -0.0833577
 0.00930699
 0.148409
 -0.101674
 0.0645816
 0.116142
 0.0291737
 0.0370999
 -0.0924748
 0.01599
 0.0479347
 -0.137351
 -0.0390733
 0.0727888
 -0.0419521
 -0.126655
 0.020444
 0.0652296
 0.109286
 -0.031001
 -0.027151
 -0.190413
 -0.0488405
 0.0129448
 0.00184664
 0.0929344
 0.0125624
 -0.177922
 -0.077982
 -0.057317
 -0.0398203
 -0.121164
 -0.0456251
 0.115345
 -0.054599
 0.0682467
 0.0690674
 -0.165001
 -0.17581
 0.137392
 -0.12555
 0.185611
 0.0376493
 -0.0252472
 -0.0989686
 0.0654541
 -0.180402
 -0.0241616
 0.129322
 -0.0239483
 0.205248
 0.210633
 0.091256
 0.026894
 -0.0379076
 0.0914224
 -0.144167
 -0.00442489
 -0.0823356
 -0.179111
 -0.0994599
 -0.0447173
 0.0621697
 0.0278024
 0.0211821
 0.226117
 0.131562
 0.00177391
 -0.0449158
 0.058011
 0.0418715
 -0.0222814
 0.0577544
 0.180548
 0.206399
 -0.0089076
 0.0906418
 0.00360529
 0.015975
 0.157045
 -0.148709
 -0.00384285
 0.0381949
 0.0440857
 0.128326
 -0.0229298
 0.00221732
 -0.0527232
 -0.0398674
 -0.0547649
 0.0521785
 0.00526405
 -0.143338
 0.0326334
 0.0664894
 -0.108743
 -0.100795
 -0.076423
 0.10605
 0.179234
 0.184132
 -0.000642157
 -0.0432892
 -0.0440463
 -0.0580523
 0.0194005
 -0.105614
 -0.130785
 0.103063
 -0.00960226
 -0.137857
 -0.10237
 -0.076948
 0.0266008
 -0.107231
 0.078145
 0.0604474
 0.00320241
 -0.247645
 0.0224743
 -0.00850968
 -0.00778168
 -0.0381529
 0.0245816
 -0.107162
 -0.0162803
 0.0222737
 0.0709422
 -0.127364
 -0.0166421
 0.0886041
 0.276981
 0.117804
 -0.0357633
 -0.148766
 0.0297356
 0.071807
 -0.0228579
 -0.0544288
 0.267153
 -0.0558131
 0.0805596
 0.0600461
 -0.107056
 -0.0726971
 0.174215
 -0.0147969
 -0.07433
 -0.1204
 -0.0237612
 0.149869
 -0.0242768
 0.0705044
 0.203826
 0.113596
 -0.122578
 0.0347739
 0.124536
 0.0517237
 0.0820403
 0.143335
 0.0139427
 0.0273698
 -0.0557969
 0.221809
 0.0465839
 0.0716915
 -0.0165413
 -0.114281
 0.13034
 0.109553
 0.138773
 -0.0371661
 -0.054605
 0.0455643
 0.0705048
 0.113794
 -0.0529945
 -0.0178779
 0.242532
 0.122501
 0.0926654
 0.0517599
 0.0951416
 -0.0269694
 -0.179155
 0.17741
 -0.0963571
 -0.00281114
 0.0325037
 -0.0135407
 0.0325612
 -0.0199128
 -0.042103
 -0.00763365
 -0.0594122
 -0.062194
 -0.0326998
 0.0863267
 -0.101366
 -0.100914
 0.00816948
 -0.0121455
 -0.051585
 0.122447
 -0.0227202
 0.0656562
 0.115551
 -0.11248
 -0.0949507
 -0.210736
 -0.0202767
 0.24303
 0.0615316
 -0.139353
 -0.0468474
 -0.0910116
 -0.0837384
 0.0697116
 0.164012
 0.00579102
 0.0095454
 0.0322623
 -0.019861
 0.0937659
 -0.0762544
 0.125037
 -0.17842
 -0.0512077
 0.244584
 0.193956
 0.0909343
 0.190734
 -0.234616
 0.0223903
 0.0473962
 -0.168782
 0.0564419
 -0.0744525
 -0.103834
 -0.00664758
 0.123503
 0.070112
 0.00913495
 0.00844162
 -0.180466
 -0.0983674
 -0.018064
 -0.132471
 -0.045354
 0.0267367
 0.124165
 -0.166964
 0.0515829
 0.081708
 0.131125
 -0.0251214
 0.0482499
 0.00842331
 -0.148568
 -0.0321296
 -0.186483
 -0.0240707
 -0.0949014
 -0.121145
 0.125614
 0.0596557
 -0.0635766
 0.0286505
 0.207961
 0.052906
 -0.00274681
 0.108688
 -0.113971
 0.183165
 0.214082
 -0.0672392
 0.0682279
 0.0449143
 -0.069314
 0.116913
 0.10865
 0.124958
 0.0272448
 -0.0617775
 0.0188812
 -0.0446086
 0.0156353
 0.138983
 0.0397107
 -0.0886837
 0.0114406
 -0.0319888
 -0.12796
 0.128088
 -0.0638497
 0.166591
 -0.0451675
 0.037066
 -0.0859661
 0.0690455
 0.133281
 0.0265875
 0.171855
 -0.167979
 0.134493
 -0.0799509
 -0.101203
 0.123386
 0.223424
 -0.0934084
 -0.137654
 -0.129097
 -0.014324
 -0.236164
 -0.0114393
 0.0584416
 0.0639602
 -0.179916
 -0.0344955
 -0.166232
 0.01038
 0.0119236
 -0.187625
 -0.0639898
 -0.116649
 0.148377
 0.0312492
 0.0527207
 0.0305247
 -0.219038
 -0.026996
 0.222787
 -0.0296459
 -0.00208556
 0.0442541
 0.033594
 -0.0689064
 0.088493
 -0.108632
 0.184266
 0.0206829
 -0.173465
 -0.0572833
 -0.0341903
 -0.0527364
 -0.0370925
 0.0145284
 0.0528524
 0.0624893
 0.0345682
 -0.0768435
 -0.107563
 -0.0343683
 0.0540621
 0.00185163
 0.0832127
 0.00448654
 0.0207054
 0.0887535
 -0.117501
 -0.0609506
 0.178883
 0.0398366
 0.0986596
 0.0499012
 0.0650828
 -0.0449772
 0.0884397
 0.0680297
 0.0769776
 0.0969218
 -0.0182323
 0.0365493
 -0.0418311
 0.0158915
 -0.127899
 -0.00183841
 -0.0147848
 0.124902
 0.0325529
 -0.00812862
 0.0225188
 0.0427505
 0.0720207
 0.0636167
 -0.0759099
 0.0642377
 -0.0831548
 0.00792372
 0.0490053
 -0.0565107
 0.0425676
 0.0645423
 -0.0496936
 -0.151982
 -0.0797478
 -0.104821
 0.062846
 0.135314
 0.188452
 0.0744995
 -0.0698437
 0.0832587
 -0.11498
 -0.00532269
 0.0240028
 -0.0601782
 0.162075
 0.134727
 -0.103854
 0.0702955
 0.105723
 -0.0317735
 -0.157895
 -0.113115
 0.170849
 0.0039579
 0.0967126
 0.0674015
 0.0539784
 -0.137509
 -0.299804
 -0.0728706
 -0.0319884
 -0.0518625
 0.217602
 0.08088
 -0.0468359
 0.0729418
 0.142167
 -0.0036783
 0.116311
 -0.0179355
 0.0405774
 0.0770984
 0.0280407
 0.0506564
 -0.00250061
 -0.00118917
 0.0464143
 -0.0183255
 -0.115991
 -0.0291341
 -0.0954424
 0.0292583
 -0.0319132
 -0.0939489
 0.0385555
 0.128876
 0.0663239
 0.0633024
 0.0556532
 -0.0238994
 0.16824
 0.0836543
 -0.0366948
 -0.0109756
 -0.128462
 0.00500314
 0.175198
 -0.0888938
 -0.0254423
 0.100995
 0.0068335
 0.0437417
 0.0610277
 -0.115247
 -0.0800831
 0.0261916
 -0.0487531
 -0.0904525
 -0.00727708
 0.156308
 0.129284
 0.0981586
 -0.150806
 -0.0610259
 0.044576
 0.104664
 0.0120986
 0.111315
 0.0535341
 -0.0567254
 -0.00862187
 0.0841255
 0.0967184
 -0.169143
 0.0842132
 0.0868109
 0.0487807
 -0.0277841
 0.126788
 -0.115512
 -0.0393206
 -0.0598545
 -0.014933
 -0.156579
 0.0536379
 0.070478
 0.0244592
 0.13397
 0.22777
 0.147474
 0.197324
 0.0329049
 0.151148
 0.0432092
 0.0320954
 -0.116992
 0.0027513
 0.00445966
 -0.130689
 -0.0611282
 -0.0292859
 0.0704564
 -0.0768467
 -0.167072
 0.106949
 -0.154667
 -0.131408
 0.183115
 0.0332301
 0.0924845
 -0.151142
 0.113378
 0.1709
 -0.092743
 0.0149007
 -0.0417248
 -0.147781
 -0.155781
 -0.0538551
 -0.00118477
 -0.0339106
 -0.0614225
 -0.0128193
 0.051935
 0.0489644
 -0.0874737
 -0.123372
 -0.0185403
 -0.0896245
 -0.0343167
 0.101914
 0.0161947
 -0.0883888
 0.10807
 0.00306092
 -0.185677
 -0.0866216
 0.0391474
 -0.0663733
 0.0346709
 -0.0273754
 0.0819791
 0.101589
 -0.0540456
 -0.0969886
 0.0102474
 -0.0416198
 -0.169625
 0.093583
 -0.0794827
 0.0464099
 -0.167322
 -0.0967688
 -0.0194451
 -0.0663984
 -0.0765797
 0.200532
 0.0735977
 -0.139496
 -0.013845
 0.0671001
 -0.169498
 -0.0130591
 0.0598348
 0.0431806
 0.0612877
 0.0548592
 -0.0943376
 -0.101729
 -0.017334
 -0.0238192
 0.107191
 -0.0171045
 0.0545339
 0.0522822
 0.0754737
 -0.0297608
 0.0969082
 -0.0129683
 0.138157
 -0.00846712
 0.00821938
 -0.0146843
 0.139174
 0.0884068
 -0.11184
 0.0373823
 0.14309
 0.0145677
 -0.124103
 -0.0555198
 -0.0122156
 0.117709
 -0.0496909
 0.0755755
 0.0579973
 0.000660004
 -0.172573
 -0.0708926
 0.0762493
 0.212853
 0.0898439
 0.0985113
 0.0017091
 0.0805047
 -0.103395
 0.0634677
 0.151377
 0.0420596
 -0.0330779
 -0.138387
 0.122863
 0.132734
 0.0949652
 0.205699
 0.201743
 0.0737354
 -0.068126
 0.0158094
 0.115861
 0.0112899
 0.180239
 0.190952
 -0.067607
 0.085888
 -0.0191686
 -0.154066
 0.186299
 -0.0730751
 -0.12805
 -0.210432
 0.0820741
 0.252684
 0.0649742
 -0.000932837
 -0.0228663
 -0.0157716
 -0.166544
 0.0844798
 -0.162143
 -0.137627
 0.196832
 -0.147018
 0.0595822
 0.0225285
 0.233763
 0.177846
 0.102222
 0.0249286
 0.0279016
 -0.0563346
 0.0751193
 -0.018123
 0.123507
 0.012977
 -0.00569641
 0.235176
 0.167458
 -0.10398
 -0.0898611
 -0.131312
 0.1273
 0.0632505
 -0.0871793
 -0.0549738
 0.106557
 0.0449035
 0.105654
 0.141244
 -0.190126
 0.123624
 0.132287
 -0.036371
 -0.0418993
 0.0827421
 -0.0353177
 -0.0401593
 -0.0525074
 -0.0908431
 -0.0186859
 -0.0766969
 0.0736349
 0.0927686
 -0.104701
 0.0739078
 -0.0510359
 0.0426735
 0.0739974
 0.121883
 0.111898
 0.092105
 0.0828735
 0.0183252
 -0.0708871
 0.040846
 0.139727
 0.136691
 -0.142653
 0.0359711
 -0.0406943
 0.0377767
 -0.0257704
 -0.129883
 -0.133191
 -0.103735
 0.00837735
 -0.0988213
 0.0580453
 -0.021703
 -0.00959463
 0.0334753
 0.0249934
 -0.0294631
 0.0440984
 -0.158446
 -0.134881
 0.203812
 0.0578682
 0.020328
 -0.0357919
 -0.124155
 0.0445053
 0.079007
 0.086111
 -0.125099
 0.178704
 -0.199049
 -0.0212079
 0.0183553
 0.0504166
 0.145896
 -0.0490481
 -0.15848
 0.130364
 0.187722
 0.0329386
 0.0839301
 0.034966
 0.240372
 0.022912
 -0.0443324
 0.0310042
 -0.0146067
 0.169616
 0.00858802
 -0.0362987
 0.0593409
 -0.000972881
 0.138821
 -0.0306886
 0.0248745
 -0.135686
 0.0425909
 0.0165892
 -0.00838619
 0.0146273
 -0.0866321
 0.0717716
 -0.122018
 -0.0247973
 0.0602002
 0.0292701
 0.132498
 -0.0420582
 0.0165238
 0.01511
 0.267952
 -0.175486
 0.0379592
 0.0608043
 -0.0606421
 -0.0183561
 -0.0609606
 0.14018
 -0.348125
 -0.0780783
 0.0160575
 0.0241693
 0.188529
 -0.125727
 -0.254047
 -0.124461
 0.01589
 -0.0561524
 0.0716358
 0.0673753
 -0.0939626
 -0.0269184
 0.022001
 -0.111647
 0.0219237
 0.0479469
 -0.0416409
 0.211698
 -0.0939526
 0.0882274
 -0.0392686
 -0.0123965
 -0.0865069
 -0.000980573
 0.0338158
 0.0571537
 0.0125893
 -0.0498581
 -0.0845593
 -0.0393303
 0.0602486
 -0.167782
 -0.220664
 -0.00324696
 0.052255
 -0.00370199
 0.172354
 -0.201738
 -0.0451117
 -0.0129959
 -0.0511909
 0.0175838
 -0.0246897
 -0.105221
 -0.0325043
 -0.0663938
 0.17862
 0.117745
 -0.0873539
 0.159001
 0.0624528
 0.0635668
 -0.0816928
 0.102748
 0.00177704
 -0.248043
 0.0537554
 -0.073751
 0.00365562
 0.0541441
 0.162731
 -0.0591678
 0.0204109
 0.101492
 -0.276869
 0.0396329
 0.0174484
 0.166484
 0.165831
 -0.0324432
 -0.194359
 0.0311015
 -0.0751752
 0.0219691
 0.107672
 -0.16824
 0.02349
 0.0809432
 0.0843307
 -0.108378
 0.133054
 0.0365544
 0.0511778
 -0.0499908
 -0.0389086
 -0.0147881
 0.0894447
 0.0108601
 0.024512
 -0.0231758
 0.0100032
 -0.0274313
 0.105888
 0.1935
 0.0429456
 0.0595141
 0.0236596
 0.0735202
 -0.0584417
 0.0798289
 0.0942686
 0.103807
 -0.154284
 -0.00491404
 -0.0750697
 0.0301493
 -0.106435
 -0.116389
 0.202596
 -0.0558503
 0.23718
 0.0181419
 -0.0139653
 0.091161
 0.0734419
 0.0340657
 -0.0667268
 -0.0560757
 -0.0967964
 -0.0130745
 0.179281
 -0.0293353
 0.0385465
 -0.0198495
 -0.0663629
 0.0373357
 0.101631
 0.202303
 0.0900782
 0.14325
 0.125426
 -0.0696441
 0.126968
 0.0246411
 -0.0687631
 -0.0344766
 -0.0738896
 -0.0562942
 -0.0898124
 0.0468668
 0.0746266
 0.00274966
 -0.198641
 -0.0479477
 0.0194056
 -0.0395724
 -0.0406152
 0.0304058
 -0.0610104
 0.0255309
 -0.0749374
 0.0519003
 -0.0500404
 0.102213
 -0.00825434
 -0.124163
 0.271921
 0.0457732
 -0.0965904
 -0.0858276
 -0.166059
 -0.082827
 0.0994674
 0.00491218
 -0.129795
 -0.0382195
 0.133531
 -0.10753
 0.0444274
 0.0985997
 0.0911917
 0.1001
 0.0409398
 0.180827
 -0.159852
 -0.0149939
 -0.0767642
 -0.0532869
 -0.0716234
 0.00207324
 -0.0578796
 0.0441129
 0.0517622
 0.23825
 -0.0278948
 -0.00586712
 0.0101013
 0.0311728
 -0.036454
 0.128476
 -0.00137236
 0.0124758
 -0.142562
 -0.104964
 -0.112225
 -0.0258891
 -0.00625257
 0.00224149
 0.0415061
 0.0165674
 0.0547219
 0.102082
 -0.0958628
 0.0617044
 -0.0550271
 0.100203
 0.117893
 0.00210216
 -0.0450553
 -0.0868391
 -0.138969
 0.023658
 0.157927
 0.126681
 -0.121425
 0.0292573
 0.0013522
 -0.0872239
 0.0594379
 0.0205762
 -0.13838
 0.0391953
 -0.0460525
 -0.0192962
 0.0348134
 0.00618642
 -0.056583
 -0.0418851
 0.148961
 0.035079
 0.14446
 0.0598114
 -0.115434
 0.0211476
 0.0220663
 0.00639488
 0.0507264
 -0.101083
 -0.146181
 0.0666743
 -0.0500243
 -0.0118741
 0.135385
 -0.139273
 -0.0288866
 -0.0115064
 0.205978
 0.00747081
 -0.102386
 -0.11258
 -0.0740008
 0.00383759
 -0.222128
 -0.00219222
 -0.0114692
 0.00829356
 0.127566
 0.0633039
 0.187554
 0.0392907
 0.0457454
 0.139247
 -0.168339
 -0.0984751
 0.0452562
 -0.171461
 0.0484902
 0.168529
 -0.165446
 -0.0166036
 0.00777122
 0.0664056
 -0.0414724
 -0.000855161
 0.130866
 0.0595645
 -0.137967
 0.0510709
 0.0141048
 0.0253323
 0.0678301
 0.0974546
 -0.0300007
 0.0886798
 0.00765075
 -0.197091
 -0.0546792
 0.0131025
 0.0775596
 -0.0146579
 0.0143206
 -0.0101942
 0.103688
 0.0345787
 0.12116
 -0.0374295
 0.0136756
 -0.0162489
 0.283252
 -0.0537441
 -0.0748082
 0.121464
 -0.0207633
 -0.0301197
 -0.0473038
 0.0575123
 -0.179269
 -0.183429
 0.027262
 -0.10829
 0.0242601
 0.135278
 0.177418
 -0.0105039
 -0.0387706
 -0.0373818
 -0.0611849
 -0.0469742
 -0.057414
 0.141521
 0.212599
 -0.161986
 -0.0504104
 -0.0138468
 0.0280055
 0.0505704
 -0.00814966
 -0.00633757
 0.0729357
 0.011363
 -0.106548
 -0.117234
 0.140562
 -0.149324
 -0.0141022
 0.0278737
 0.0563066
 0.0071895
 -0.0246316
 -0.0110774
 0.0979478
 0.0458303
 -0.0929001
 -0.193522
 -0.06316
 0.0231576
 -0.105379
 -0.144896
 -0.00122525
 -0.114723
 -0.0553045
 -0.0654039
 -0.110874
 -0.0176056
 0.0517971
 0.0990421
 -0.126422
 0.0598704
 0.0465654
 0.135604
 -0.0349274
 0.0200295
 0.0933067
 -0.0660526
 0.0346177
 0.116556
 -0.0660494
 -0.0356485
 0.0289357
 0.0567814
 0.189443
 -0.176491
 -0.0160049
 -0.0306332
 -0.117956
 -0.00599087
 -0.14869
 -0.0649612
 0.00753574
 -0.112591
 0.0842859
 -0.0322902
 -0.0290234
 0.0066002
 -0.0868971
 -0.266595
 0.131563
 -0.158434
 -0.022851
 0.140605
 -0.0256023
 0.101292
 0.0563867
 -0.0253009
 -0.025865
 0.0445204
 0.0800196
 0.0606635
 0.0243445
 -0.116571
 -0.10449
 -0.0308243
 -0.173392
 -0.172848
 -0.139986
 0.0603821
 0.0356664
 -0.152777
 -0.00213004
 0.179392
 -0.177823
 -0.0469891
 -0.220188
 -0.054279
 0.114334
 0.0660406
 0.0197134
 -0.0356679
 -0.0917372
 0.0487241
 -0.0280967
 0.0719147
 0.12436
 -0.0603133
 0.0385531
 -0.0649233
 -0.0235798
 -0.0202692
 -0.0744122
 0.0848609
 -0.0351845
 0.0908682
 0.0584172
 -0.223736
 -0.0248155
 0.0320945
 0.131283
 0.0778299
 0.136029
 0.0104015
 0.165045
 0.0457959
 0.0687352
 0.0338084
 -0.0713508
 0.109214
 -0.0129584
 -0.176687
 -0.0284333
 0.0900019
 0.0298522
 0.127267
 -0.0391023
 0.138134
 0.0319551
 0.116617
 0.16298
 0.168412
 0.0770605
 0.0544418
 0.0876157
 0.00669589
 -0.236431
 -0.0690081
 0.0993316
 -0.0213651
 -0.218057
 0.00699094
 -0.0651743
 -0.0118712
 0.0420341
 -0.0461227
 -0.0797435
 -0.0131241
 0.111764
 0.0817501
 0.0232453
 -0.0772293
 0.019835
 -0.0797926
 0.144139
 0.168011
 0.0143894
 -0.233258
 0.0867705
 -0.164833
 -0.0811972
 -0.11688
 -0.0663208
 -0.0173183
 -0.0263284
 0.140342
 -0.122045
 0.081742
 -0.00182097
 -0.032998
 0.212355
 -0.0480529
 0.0304202
 -0.165891
 -0.0224078
 0.0515588
 -0.0152535
 -0.0438879
 0.110237
 -0.268767
 0.0129078
 -0.0352159
 -0.0550361
 0.0999188
 0.210997
 0.0244837
 -0.0152623
 -0.0892019
 0.110254
 0.0924804
 0.0892294
 -0.124266
 0.0518847
 0.0566122
 0.136525
 0.0527024
 0.000569595
 0.0483129
 -0.0421589
 -0.251863
 0.187757
 0.138741
 -0.140702
 -0.0472208
 -0.168543
 0.0275642
 -0.112401
 0.0745012
 -0.108214
 -0.0529821
 -0.027431
 -0.139729
 -0.0108777
 -0.141172
 -0.167267
 0.0785659
 0.0490338
 0.191309
 0.0778741
 0.208217
 0.000151278
 0.0357587
 -0.09015
 0.0844601
 -0.166255
 0.0301715
 0.0994409
 -0.0545072
 0.0595993
 0.00348186
 -0.066742
 0.0200123
 0.164421
 -0.133331
 0.0161718
 0.066568
 -0.0361266
 -0.0465293
 -0.052623
 0.00814919
 0.0319161
 -0.0504547
 0.0616442
 0.142242
 0.0657058
 0.0318667
 -0.0530048
 -0.0905406
 0.179429
 -0.0507162
 -0.0604459
 0.0292991
 -0.0606674
 0.0280675
 0.0126909
 0.291785
 -0.112889
 0.00153532
 0.0342968
 0.0483189
 0.184944
 0.00297762
 0.0151938
 -0.0142171
 -0.084533
 -0.0771638
 0.0031292
 0.0301626
 0.154408
 0.0683532
 0.0300624
 -0.0381481
 0.00837291
 0.0939746
 -0.0939027
 0.0327163
 0.039778
 0.146124
 0.0913086
 0.123657
 0.0162317
 0.00534584
 0.0774727
 0.0537276
 -0.143298
 0.0150942
 -0.107895
 -0.0513428
 0.0962338
 0.143116
 -0.0048729
 0.00991988
 0.161883
 0.136953
 -0.0779289
 -0.0377352
 0.0510837
 -0.166252
 -0.0177089
 -0.0918224
 0.0145873
 0.151318
 0.0717637
 -0.0250647
 -0.107294
 0.0475343
 0.111598
 0.149063
 -0.00399355
 -0.0286422
 -0.073621
 -0.111676
 -0.15221
 0.154526
 -0.179845
 -0.121573
 0.115165
 0.26546
 -0.0757479
 0.00866313
 -0.0518118
 0.0451364
 -0.0986959
 0.0184357
 -0.0851895
 0.017068
 0.0577338
 0.0701713
 -0.0652605
 0.0470047
 0.129329
 0.0347263
 0.139926
 -0.048616
 0.0219036
 0.0365255
 0.110212
 -0.0195522
 -0.128896
 -0.0834021
 -0.131925
 -0.0628014
 -0.0370798
 -0.139738
 0.04206
 0.0174882
 0.0448656
 -0.164961
 -0.0980906
 0.203867
 0.0915253
 0.0872108
 0.144454
 0.0642905
 -0.0044352
 -0.0930398
 -0.107895
 0.0729151
 0.159065
 -0.0440491
 0.0225678
 0.026551
 0.0849415
 -0.0363856
 -0.121752
 0.161025
 0.0210234
 0.0658148
 0.168491
 -0.0507229
 0.128822
 0.109899
 -0.106224
 -0.121592
 0.0726283
 -0.056248
 -0.081403
 -0.0418599
 0.167852
 0.0876294
 0.145827
 0.018216
 0.0321418
 -0.0181797
 -0.0615336
 -0.0216111
 -0.0262979
 -0.0412602
 -0.0219856
 0.0390832
 0.0197582
 0.079314
 -0.0644891
 -0.219346
 0.0734372
 -0.147458
 0.0952133
 -0.0667721
 -0.0496529
 0.0597887
 0.0569752
 -0.1224
 0.106577
 -0.0670314
 -0.0700806
 -0.010185
 0.0027904
 0.0710641
 0.00443436
 -0.178455
 -0.0978115
 0.0262047
 0.163843
 0.102005
 -0.0415173
 -0.0563516
 -0.0347593
 0.216649
 -0.00904206
 0.139326
 0.107628
 -0.0765661
 0.12925
 -0.0776161
 0.0805321
 0.119466
 -0.0132058
 -0.0704931
 -0.0606801
 0.0121217
 -0.0315534
 0.0820877
 0.0373087
 0.0236338
 0.0288067
 -0.101331
 -0.11898
 0.0372634
 -0.0756588
 0.0495803
 -0.0903434
 0.0473246
 0.0331237
 -0.211662
 0.150339
 0.167321
 -0.077877
 -0.0398923
 0.120095
 0.0117109
 -0.0805711
 0.0456317
 0.0663839
 0.176116
 -0.078656
 0.0899489
 0.0524886
 -0.0636732
 0.020648
 -0.00532349
 0.208791
 -0.191583
 -0.00136573
 -0.146912
 0.114095
 -0.0507543
 -0.0355945
 0.0151036
 0.00986758
 -0.141398
 0.0434312
 0.212469
 0.216944
 0.127421
 0.0337268
 0.184717
 -0.140894
 0.0385534
 0.205768
 -0.109313
 -0.237092
 0.12089
 0.0554079
 -0.123653
 -0.098009
 0.0391339
 0.0388487
 -0.143533
 -0.0721599
 -0.120799
 -0.138984
 0.0323143
 0.166145
 0.0703312
 0.0781694
 0.0404474
 -0.144282
 -0.037399
 -0.113273
 -0.105415
 0.182984
 0.0201915
 -0.0689371
 -0.112262
 0.0760632
 -0.0134694
 -0.157511
 -0.00208156
 0.0335235
 -0.126832
 0.0909085
 -0.0524323
 -0.162027
 0.028321
 0.0152501
 -0.0827583
 -0.257639
 -0.00821929
 -0.037155
 0.0121592
 -0.0663252
 0.0238037
 -0.0751149
 0.116278
 0.0188801
 -0.117701
 -0.0495546
 0.102608
 0.0737581
 -0.169615
 0.0213646
 -0.153351
 -0.0554931
 -0.0977681
 0.185212
 0.0314442
 -0.0861494
 -0.0154735
 -0.142163
 0.0508611
 -0.0528583
 0.00811107
 -0.0568337
 0.00476516
 0.0498725
 0.0529297
 -0.0475877
 -0.0690268
 0.0363779
 -0.136619
 -0.0692616
 0.00212838
 0.0787326
 -0.0990502
 0.117169
 0.0923029
 -0.124115
 -0.0583506
 0.0474282
 -0.0229658
 0.0561401
 0.0808607
 -0.246882
 0.0207272
 -0.0664949
 0.129294
 -0.0153929
 0.0409606
 0.0125104
 -0.0447793
 -0.0780145
 -0.0225839
 -0.0837583
 -0.0221491
 -0.0575435
 0.138394
 -0.0311381
 0.0912653
 0.131524
 -0.177559
 0.149942
 -0.00937546
 0.246016
 0.0108994
 -0.0139678
 0.0717575
 0.0992136
 -0.0463115
 0.133383
 -0.223229
 0.152552
 -0.0415119
 -0.00371746
 0.107822
 0.112967
 0.0633087
 0.047918
 -0.0491382
 -0.00204275
 -0.100072
 0.0144052
 -0.0187444
 0.180039
 0.103826
 -0.15702
 -0.0205169
 0.174851
 -0.0768382
 0.147806
 0.0666067
 0.0368054
 0.000850447
 -0.0848274
 0.157058
 -0.0206432
 0.0401044
 -0.0965964
 0.157236
 -0.0727474
 -0.0791815
 -0.119735
 -0.0936178
 0.0166713
 -0.181425
 0.0871296
 -0.0353144
 0.167001
 0.103637
 -0.123398
 0.0395967
 -0.160601
 0.122956
 0.054419
 0.0078398
 -0.173179
 0.00953446
 -0.0712827
 0.141913
 0.00676561
 0.0344585
 -0.077438
 -0.0621155
 0.00203045
 -0.032994
 0.12615
 -0.195303
 -0.211408
 -0.0391168
 0.0450439
 0.0303934
 -0.00196583
 -0.0394487
 0.164354
 -0.162806
 -0.049366
 -0.00135664
 -0.0497493
 0.000343712
 -0.0567049
 0.0150822
 -0.0251825
 0.0730758
 0.0761643
 0.17157
 -0.0297102
 0.140411
 0.0891656
 0.0286846
 -0.155834
 -0.0889807
 0.165957
 0.0385073
 -0.106523
 -0.181768
 -0.201272
 0.0726889
 -0.0461872
 -0.0144191
 0.0302546
 0.0736669
 -0.0368981
 0.0795059
 0.0937018
 0.0555746
 -0.0660689
 0.160138
 0.0414554
 0.0293896
 -0.122403
 0.0788204
 0.0864965
 0.135052
 0.135031
 0.320999
 -0.0647107
 -0.0116388
 -0.101387
 0.0768602
 0.255028
 -0.0170835
 -0.156736
 0.0221004
 -0.0156795
 0.0560473
 0.00480995
 -0.187566
 -0.0557391
 0.0660458
 -0.155545
 -0.0533181
 0.0850668
 -0.0225363
 -0.0340159
 -0.0320015
 0.0137587
 -0.0219579
 0.162248
 -0.0243386
 -0.0232885
 0.0844975
 -0.198827
 -0.0573514
 -0.0130865
 -0.00735138
 -0.122626
 -0.0838581
 1.23853e-05
 -0.0368186
 0.00240445
 -0.130286
 -0.167314
 -0.0495622
 -0.0165939
 0.0730398
 -0.0304708
 -0.0149064
 0.0092076
 0.0887382
 0.0713741
 0.0364279
 -0.00418815
 -0.0201149
 0.0505068
 0.211134
 -0.0512924
 -0.0609409
 -0.0899336
 -0.0213959
 0.184998
 0.0516815
 -0.00397685
 0.0430972
 0.0380521
 -0.0272274
 -0.0172855
 -0.0710301
 0.147766
 0.0431236
 -0.0369009
 0.197536
 0.0312957
 -0.0140178
 0.101405
 0.137032
 0.020818
 0.109906
 -0.00197213
 0.0954775
 -0.052265
 -0.0890753
 -0.237974
 0.203664
 0.0559946
 -0.148143
 0.193403
 -0.145475
 0.0790845
 0.0250095
 -0.0540462
 -0.15541
 0.0958303
 0.0988141
 -0.150167
 0.0744019
 -0.00215887
 -0.204928
 -0.0550194
 -0.141167
 0.026957
 0.00127886
 -0.00641609
 -0.0840079
 0.142881
 -9.6978e-05
 -0.0543926
 0.0889879
 0.0980754
 -0.021359
 0.160103
 -0.00310205
 -0.16383
 0.0423469
 0.0834759
 -0.364795
 -0.0604729
 0.10951
 0.0453163
 -0.111325
 -0.032962
 -0.00582606
 0.0312655
 0.160295
 -0.122723
 -0.0660763
 -0.0339349
 -0.114161
 0.259642
 0.0265181
 0.0968342
 0.051462
 -0.106362
 -0.123488
 0.0913867
 -0.0153188
 0.036257
 -0.0726688
 0.0462658
 -0.179758
 -0.0357722
 -0.091608
 0.0791858
 -0.022451
 -0.0115711
 0.0316681
 0.00985973
 0.128171
 -0.167604
 0.0221122
 0.0834913
 0.103564
 -0.0100095
 0.0464411
 -0.191908
 -0.0397014
 0.0544113
 -0.08189
 -0.0205071
 -0.0402251
 -0.106213
 -0.133451
 -0.128286
 -0.104741
 0.0440942
 -0.00932715
 -0.239297
 0.152839
 0.104373
 -0.0449174
 -0.0484221
 0.0228724
 0.0126871
 0.0843668
 0.0560279
 0.15254
 0.00563499
 -0.258858
 -0.0249188
 -0.0785049
 -0.174433
 0.0173855
 -0.0532254
 0.185707
 -0.0374785
 -0.02868
 0.0517235
 -0.207387
 -0.0272264
 -0.130083
 -0.0293039
 -0.205746
 -0.0455562
 0.0876355
 -0.11627
 -0.108876
 0.13414
 -0.066073
 -0.00227259
 -0.156255
 -0.0438348
 -0.13158
 -0.0849517
 0.0492797
 -0.0459405
 -0.041347
 -0.0548184
 -0.0587814
 -0.13529
 -0.0135092
 0.0250753
 -0.0867204
 -0.0317116
 -0.101763
 0.0836581
 -0.0253315
 0.0379292
 -0.000737071
 0.0174924
 0.060915
 -0.173161
 -0.121464
 -0.0609235
 -0.15743
 0.146415
 -0.0682459
 -0.0618913
 0.0151023
 0.000190131
 0.0140954
 -0.192404
 0.0764349
 0.0131232
 -0.0856554
 0.053364
 -0.0372453
 0.0800251
 0.0463119
 -0.0117839
 0.0593655
 -0.0457521
 0.129201
 0.00522536
 0.0867807
 -0.0151001
 -0.0804905
 -0.0880845
 0.00183425
 -0.208536
 -0.0481871
 0.201278
 0.0343058
 -0.0183659
 -0.0210698
 0.003128
 0.150078
 0.0647359
 -0.0616588
 -0.150121
 0.111467
 -0.0192438
 0.136564
 0.0824397
 -0.10805
 -0.0277295
 -0.143824
 0.0571603
 0.17921
 -0.0803681
 0.00470128
 0.0999936
 0.0125271
 0.0177908
 -0.104308
 0.101395
 0.0637659
 0.0178386
 -0.171886
 -0.10837
 0.0311692
 0.0370923
 0.150031
 0.035579
 0.161608
 -0.0546597
 0.0245964
 -0.0570099
 -0.00666691
 -0.135439
 -0.0305743
 -0.0997108
 0.000550749
 0.213547
 0.00277459
 -0.0742564
 0.0692657
 -0.177984
 -0.0153879
 -0.0664396
 -0.00623099
 -0.118712
 -0.0727331
 0.0427502
 -0.120633
 -0.0304595
 -0.0432929
 -0.134779
 -0.0697667
 -0.241964
 0.0490746
 0.115089
 0.148798
 -0.103864
 -0.0711712
 -0.000421462
 0.0606753
 -0.137107
 0.0718268
 -0.0211022
 -0.116701
 0.00287701
 0.0128357
 -0.0271852
 -0.0903679
 -0.0601614
 0.0905474
 0.247907
 0.0743568
 0.172033
 0.0445978
 0.217804
 -0.0922466
 0.100205
 -0.165614
 -0.00562926
 0.101851
 0.0983709
 -0.0909707
 0.125723
 -0.0468486
 -0.0646284
 -0.068222
 -0.00935228
 -0.0469545
 0.0955446
 0.189754
 -0.0999663
 0.0481754
 0.0383729
 -0.0670306
 0.0811882
 0.0560258
 0.0353377
 -0.0943494
 0.0714044
 -0.159127
 0.0466101
 0.0290784
 -0.00885768
 -0.107275
 0.00177798
 -0.137466
 0.129364
 -0.22498
 -0.145872
 0.00601409
 -0.10123
 -0.115085
 -0.0238232
 0.128563
 0.0765419
 0.0468038
 0.0903713
 0.079104
 -0.0156322
 -0.143565
 0.209493
 -0.00483534
 0.152058
 0.0712536
 0.136122
 -0.0111405
 -0.0222905
 0.14895
 0.0340222
 0.08221
 -0.00229876
 -0.0687581
 -0.178697
 0.006058
 0.0409712
 -0.0964527
 0.00918512
 0.110269
 0.113227
 -0.00925103
 -0.22154
 0.166777
 0.00805982
 0.0150699
 -0.096102
 -0.0153776
 0.195912
 -0.00967567
 -0.0295759
 0.183855
 -0.0708998
 -0.0835721
 0.136494
 -0.0142661
 0.0370734
 -0.135596
 0.00758412
 0.0960098
 -0.0793447
 -0.274253
 0.169177
 0.0527704
 0.0225355
 0.131677
 -0.00667856
 0.0306654
 0.026411
 -0.0591312
 -0.28421
 -0.0488218
 0.0920718
 0.0981624
 0.0187499
 0.0418033
 -0.129378
 -0.125276
 0.201243
 -0.0781034
 -0.144206
 0.0922601
 0.0727751
 -0.0403176
 -0.0528931
 -0.0282157
 -0.161654
 -0.000728781
 -0.0812451
 -0.209426
 -0.0141985
 0.122964
 -0.0535537
 0.0531694
 0.0925381
 0.0752726
 -0.0584497
 -0.00750934
 0.0975505
 -0.152981
 -0.0157372
 0.0518341
 0.14966
 -0.0153053
 0.178749
 -0.0305432
 -0.033836
 0.132236
 -0.136728
 -0.0243214
 0.0473357
 -0.0944105
 0.108312
 -0.0598268
 -0.00540804
 0.257802
 0.0290851
 0.107616
 0.166141
 -0.0123916
 -0.00564803
 0.0940343
 -0.0757035
 0.0958502
 -0.123452
 0.0169264
 0.0193726
 -0.0174667
 0.151781
 -0.0429911
 0.0496922
 0.0179203
 -0.105611
 -0.190389
 -0.0684127
 0.0158279
 0.106187
 0.000424389
 -0.140309
 -0.0919597
 0.0409374
 0.0502678
 0.0411974
 0.0474665
 -0.00393363
 -0.0789365
 -0.136736
 0.1257
 -0.0362665
 0.0135408
 0.11666
 0.0494963
 -0.0794087
 0.213662
 -0.045297
 0.0893677
 0.0271095
 -0.03201
 -0.00764204
 0.0426572
 0.0118629
 -0.250241
 -0.0579701
 -0.0479493
 0.11317
 0.0235648
 -0.0361465
 -0.0505609
 -0.0194388
 -0.0570835
 0.106798
 0.169347
 0.0392111
 0.0253666
 -0.227289
 0.110339
 0.0003451
 0.0724878
 0.0197998
 -0.0117783
 0.0713389
 0.0831057
 0.0531713
 0.277391
 0.0992304
 -0.0239994
 0.0795686
 0.244106
 0.0269017
 0.183802
 0.0800413
 -0.0328863
 -0.0496085
 0.092453
 -0.0429827
 0.140607
 0.0328348
 0.115096
 -0.0475199
 0.019257
 0.00723561
 -0.069428
 0.0387881
 0.147822
 -0.266231
 0.103167
 -0.027221
 -0.0348142
 -0.0263745
 0.0603664
 -0.0136457
 -0.0217672
 -0.109167
 0.0260503
 -0.0516769
 -0.0561983
 0.0649759
 -0.11338
 0.153093
 -0.12683
 -0.129431
 -0.0945154
 -0.0293618
 -0.0777845
 0.110139
 0.0731443
 -0.147616
 0.0358219
 0.00729027
 0.107262
 0.10639
 -0.10066
 0.0694455
 0.220964
 0.00887127
 0.065287
 -0.0468156
 -0.0210351
 -0.0824553
 0.131342
 0.137124
 0.184449
 -0.0481425
 -0.118027
 -0.0164579
 0.0193479
 -0.0368178
 0.00890219
 -0.163555
 0.0783008
 0.0132375
 0.0582508
 -0.010108
 0.022419
 0.106756
 -0.0382573
 0.0562505
 -0.113231
 0.383253
 0.119158
 0.139266
 -0.0167237
 -0.0804802
 0.0179466
 -0.0693138
 0.0065764
 -0.0789751
 0.0187523
 0.00181749
 0.321448
 0.0756412
 0.0206041
 -0.147825
 -0.00603402
 0.0551456
 -0.0706928
 0.0949159
 0.0707876
 -0.121801
 -0.016781
 -0.131555
 0.00484038
 0.00300641
 -0.0306495
 -0.150355
 0.0270902
 -0.0759788
 0.00245944
 -0.249079
 -0.0737132
 -0.0964024
 -0.167725
 -0.272785
 0.0450952
 0.0111623
 0.10451
 -0.0147295
 -0.016227
 -0.0389948
 0.0997989
 -0.146914
 -0.0416565
 0.000266916
 0.101483
 -0.0816376
 -0.0267646
 0.176061
 0.170222
 -0.0724726
 0.0187299
 0.0754515
 0.00304736
 0.118325
 0.0131823
 0.0656909
 -0.0711485
 0.0664226
 0.00556055
 0.041212
 -0.0905481
 -0.0846637
 0.0988711
 0.141056
 -0.018721
 -0.0266968
 0.0298566
 0.111211
 -0.0447619
 -0.0201779
 0.0143872
 -0.0866406
 0.0670731
 -0.00418666
 0.058762
 0.0521461
 0.0331843
 0.131103
 0.0350584
 -0.12076
 0.0580572
 -0.0119768
 0.0227481
 -0.0991415
 0.00954706
 -0.00995832
 -0.00615445
 0.0892898
 0.0035536
 0.0782979
 -0.0756549
 -0.159113
 0.0341006
 -0.08806
 -0.042731
 -0.0460941
 0.069691
 -0.00140697
 -0.0413726
 0.126999
 0.17356
 0.0550427
 -0.0220977
 0.127723
 -0.0903624
 -0.0862163
 -0.0193864
 -0.119961
 0.0117382
 0.0531152
 -0.0177532
 -0.166148
 -0.0728001
 -0.000130351
 0.0293056
 -0.0523477
 -0.0986952
 -0.0946028
 0.117606
 0.0926092
 -0.0027245
 0.00929671
 0.0693855
 0.110311
 -0.0199251
 0.115864
 0.00812894
 -0.00593495
 -0.0621618
 -0.231023
 0.189857
 -0.138104
 0.0753995
 0.00913275
 0.133645
 0.124364
 -0.0796198
 -0.0905238
 -0.0110056
 0.0884918
 -0.079315
 -0.0447764
 0.229146
 0.0353193
 0.0231229
 0.0637732
 0.194484
 -0.14624
 0.0604839
 -0.0851671
 -0.0106026
 0.0905465
 -0.128389
 0.0211406
 0.120395
 -0.026115
 0.151434
 0.196911
 -0.0142401
 0.0901809
 0.0802674
 -0.0828642
 0.193959
 -0.0123777
 0.128612
 -0.0797636
 -0.00846927
 -0.067356
 -0.27244
 -0.012227
 0.197528
 -0.105837
 0.136436
 0.119054
 0.147377
 0.0606122
 0.11917
 -0.00611227
 0.13367
 0.166956
 -0.0716774
 -0.0592158
 0.0366043
 -0.135142
 -0.0958086
 0.00793411
 -0.0342615
 0.0802124
 -0.165504
 0.131552
 -0.00805919
 -0.0455997
 -0.0365183
 -0.0189694
 -0.160498
 -0.176777
 -0.00387718
 0.059482
 -0.0448164
 0.0215319
 -0.116913
 0.104924
 0.0279224
 -0.125393
 0.00696326
 -0.00219387
 -0.121187
 0.0261584
 0.0792053
 0.167672
 -0.324292
 0.0853381
 0.0556629
 0.0449299
 -0.137102
 -0.0578548
 0.0508968
 0.0495472
 -0.203095
 0.0842966
 -0.047799
 -0.0147999
 -0.11532
 0.0719788
 -0.00441226
 0.0555039
 -0.0464054
 0.0125839
 -0.0269426
 0.156948
 -0.0931098
 -0.0348866
 0.011952
 -0.0444154
 -0.059597
 0.0897152
 0.0124751
 -0.0842639
 0.181595
 -0.0775031
 0.139786
 -0.0733837
 -0.0538302
 -0.00782488
 0.023703
 -0.139441
 0.0759557
 0.252853
 -0.111234
 -0.0656414
 0.0554633
 -0.153238
 0.096594
 -0.135924
 -0.109894
 -0.0548296
 0.365764
 -0.0673082
 0.071013
 0.039199
 -0.109319
 -0.0399038
 -0.079851
 0.0927807
 0.0465657
 0.162147
 0.142253
 -0.102454
 -0.0647513
 0.015456
 0.160819
 -0.238058
 0.0305119
 0.123915
 0.063771
 0.0769003
 0.237166
 0.161099
 -0.0814959
 -0.222384
 0.0680953
 0.0343142
 0.0106157
 -0.0341734
 -0.00175927
 0.166884
 -0.0569708
 0.0797043
 0.0411279
 -0.0358748
 0.023661
 0.0421395
 -0.0195579
 -0.13066
 -0.172766
 0.0552494
 -0.0326463
 0.0170744
 0.00163995
 -0.0164747
 0.141205
 -0.0599401
 0.103532
 0.19428
 -0.00393754
 -0.0348254
 0.0852402
 0.0300618
 -0.0956509
 -0.143522
 -0.0910087
 0.0693964
 -0.0654682
 0.0529895
 -0.100944
 0.135626
 -0.0410135
 -0.0168392
 -0.078262
 -0.0720375
 -0.0077964
 0.0547824
 0.0145609
 -0.107893
 0.0385545
 -0.237702
 -0.0510748
 0.00450535
 -0.0423404
 0.0515814
 -0.0512349
 -0.0722488
 -0.0248507
 -0.054816
 -0.00254614
 0.0747866
 0.0180773
 0.1361
 -0.039416
 -0.0457456
 0.089372
 0.0614631
 -0.0113591
 0.017671
 -0.0102531
 0.0339751
 -0.110122
 -0.126608
 -0.0381019
 0.105187
 0.113331
 0.0578958
 0.0576696
 0.035996
 0.0560974
 0.183574
 0.00928937
 0.110137
 0.172025
 0.0637282
 0.0323579
 0.0457665
 -0.140219
 -0.0354263
 -0.0719638
 0.0152106
 -0.0230572
 -0.0228516
 0.0236391
 -0.02449
 -0.00709415
 -0.0836578
 0.0495896
 -0.0343801
 -0.0138757
 -0.0734432
 0.168216
 0.148266
 -0.173413
 -0.0983797
 0.0255203
 0.062675
 0.0779565
 0.158498
 0.325838
 -0.201721
 0.234989
 -0.355682
 0.107518
 -0.0793679
 0.00415982
 0.114625
 0.0962864
 -0.0381783
 0.221064
 0.00564438
 0.0121274
 0.0471895
 0.03997
 0.00878971
 -0.0515273
 -0.00179977
 0.0624923
 -0.0138107
 -0.00370024
 0.00173642
 0.0626555
 0.0554045
 -0.101075
 0.0439535
 0.0499166
 0.0701356
 -0.00982026
 0.179307
 0.20625
 0.184794
 -0.159446
 -0.0240996
 -0.135591
 -0.0477467
 -0.0768254
 -0.0447908
 -0.066045
 0.0274138
 0.238716
 0.0727544
 0.0759284
 -0.0616306
 0.145592
 0.186472
 0.0203169
 0.256823
 -0.0129267
 0.0794043
 0.231597
 0.0306757
 -0.105363
 -0.0328439
 -0.0794814
 -0.210563
 0.0420132
 0.021052
 0.0530542
 -0.0594905
 0.0929308
 -0.0201206
 -0.115581
 0.185194
 0.118757
 -0.0822451
 -0.207431
 -0.020807
 0.0405998
 -0.210043
 0.137038
 -0.0908021
 0.0231633
 -0.177244
 -0.169248
 -0.0541645
 0.0443167
 0.247949
 0.150969
 -0.13346
 0.100976
 0.0191527
 0.0910818
 0.0144703
 -0.128904
 -0.223556
 0.0932857
 -0.123555
 -0.0493604
 -0.0750763
 -0.151963
 0.12185
 0.124329
 -0.176977
 -0.017487
 -0.0756715
 0.0977191
 0.154501
 -0.169154
 0.216157
 -0.0312932
 0.10225
 0.0813111
 -0.0349302
 0.000577153
 0.117864
 -0.0990046
 -0.0936746
 -0.0781023
 -0.0758564
 -0.105781
 -0.252199
 -0.094308
 0.0393883
 -0.120787
 0.101382
 0.063976
 0.0850012
 0.106601
 0.0691547
 0.0876114
 -0.0159771
 -0.0926858
 0.119836
 -0.246268
 0.0221855
 0.0213721
 -0.00180227
 -0.0869881
 -0.0373018
 0.155554
 0.0713832
 -0.0707387
 -0.0187428
 -0.01262
 0.0624122
 0.0265472
 0.0628639
 0.034541
 0.0713595
 0.0629388
 0.00150913
 0.016847
 0.0166882
 -0.0797718
 -0.0475819
 0.0298112
 -0.0342691
 0.04606
 0.00497172
 -0.0444164
 -0.00319255
 -0.00621338
 -0.0855319
 0.128412
 -0.217919
 0.126396
 0.0868751
 0.0193345
 -0.05477
 -0.00288441
 -0.0355799
 0.146484
 0.065338
 0.0117822
 0.0569174
 0.0350903
 0.0499036
 0.225632
 0.109719
 -0.0791641
 -0.0885905
 -0.170017
 0.00953591
 -0.103436
 -0.163355
 -0.0893313
 0.132855
 -0.0380327
 -0.0199316
 0.0175082
 0.172975
 0.0160599
 -0.0321738
 -0.0498534
 0.0360311
 -0.193279
 0.106884
 -0.00620645
 0.182609
 -0.0821958
 -0.0690893
 0.0240985
 0.126009
 0.0915791
 -0.163727
 0.0439158
 -0.124332
 0.266048
 -0.0684574
 -0.139006
 0.0955008
 0.0652979
 -0.00693475
 0.0710844
 0.0456149
 -0.0162993
 0.0636299
 -0.0700038
 0.0217098
 0.0378404
 0.117547
 0.00680808
 0.0167466
 -0.164469
 -0.0714664
 -0.0483819
 -0.161872
 0.0855818
 -0.0013317
 0.0956657
 -0.0577078
 -0.0998612
 0.0575693
 -0.0152378
 0.0262738
 0.0513569
 -0.0842271
 -0.0504582
 -0.00870885
 -0.0239429
 0.117871
 -0.197966
 0.0568681
 -0.172095
 -0.0753792
 0.0495584
 0.061485
 0.203168
 -0.0288358
 0.0292714
 0.00929117
 0.139846
 0.156589
 -0.0824414
 -0.00879795
 -0.0243862
 -0.108971
 0.0214376
 -0.0712085
 -0.201363
 -0.038855
 -0.0817961
 0.193872
 -0.127658
 -0.0822746
 -0.159018
 -0.112688
 -0.109644
 -0.0225506
 -0.0259809
 0.141951
 0.0153918
 -0.0784133
 -0.0560589
 -0.221181
 0.0216354
 -0.129842
 -0.0856164
 -0.0521938
 -0.10659
 -0.0308165
 -0.112826
 0.0695394
 -0.138172
 -0.12385
 0.0700775
 0.0423456
 0.00190432
 -0.0683034
 0.153917
 -0.112646
 0.045331
 0.159932
 -0.198551
 -0.0822963
 0.00375547
 -0.0144823
 0.140047
 -0.08616
 0.114138
 0.102725
 -0.220361
 0.124175
 -0.167244
 0.0196807
 0.0440464
 -0.162343
 0.0367546
 -0.00479322
 0.0037232
 -0.0996376
 0.113972
 0.142923
 0.0689174
 0.137118
 -0.0418535
 -0.0789545
 0.00702127
 -0.000921656
 -0.00861183
 -0.0815681
 -0.138941
 -0.10157
 0.00698048
 0.0976608
 0.0181281
 -0.14378
 0.0528411
 -0.0741206
 -0.17478
 -0.0344085
 -0.102028
 0.0332365
 -0.054787
 0.0278184
 -0.0819517
 0.0347325
 0.122633
 -0.0286857
 -0.0950801
 -0.0762462
 -0.0879999
 0.00809915
 -0.0251523
 -0.0448323
 0.0517913
 -0.151079
 -0.261151
 -0.0313096
 0.0954806
 0.0318865
 0.184243
 -0.0383485
 -0.0568259
 -0.139964
 0.0835102
 -0.0391558
 -0.049111
 -0.0949465
 0.0895247
 0.0722967
 -0.162091
 -0.0278484
 0.00938844
 -0.0372597
 0.153966
 -0.024485
 -0.0412433
 0.0523121
 -0.0166245
 0.07805
 -0.0106996
 -0.0938844
 0.00333712
 0.114925
 -0.0849179
 -0.0317485
 -0.101647
 0.115921
 -0.0657743
 -0.158393
 0.123967
 0.0276634
 -0.0112505
 -0.0950343
 -0.119953
 0.126283
 0.0670391
 0.078604
 -0.0261015
 -0.0350263
 -0.0334414
 -0.0133335
 0.0120957
 -0.146587
 -0.0532705
 0.164133
 -0.0505155
 0.0243848
 0.0345562
 0.0140605
 0.0846748
 -0.097034
 0.17265
 -0.0720624
 0.120613
 -0.161379
 -0.105017
 0.0997581
 -0.142897
 0.102792
 0.0117262
 0.00891909
 -0.190884
 -0.0399758
 -0.196874
 -0.0914295
 -0.154
 0.155094
 -0.0540488
 0.0226674
 0.146249
 -0.153685
 0.00685078
 -0.0275719
 0.149956
 0.0823926
 0.0955116
 0.0497708
 0.19988
 -0.0214162
 0.0231574
 0.0418666
 -0.0766129
 0.255121
 -0.0290019
 -0.135769
 0.191721
 -0.0481662
 -0.103944
 0.0783453
 0.0912203
 0.0662205
 -0.046204
 -0.0122964
 0.0927239
 0.129043
 -0.170528
 -0.0407873
 -0.0110054
 0.0505225
 -0.00878608
 -0.0504132
 -0.0225547
 -0.0413853
 -0.0759357
 0.0972597
 -0.0559475
 0.132754
 0.0146404
 -0.0971565
 -0.0075266
 0.0372786
 0.136687
 -0.0717473
 -0.0761574
 -0.161486
 0.100093
 0.0232629
 -0.0273046
 0.0702461
 -0.0774907
 0.0783537
 -0.134742
 -0.0774315
 -0.0417895
 0.123807
 0.0688404
 0.122435
 -0.0747153
 -0.0265381
 -0.0677698
 -0.0758113
 0.00500914
 -0.158962
 -0.0611708
 0.096082
 -0.0138776
 0.137028
 -0.130147
 -0.0972075
 -0.165177
 0.150398
 -0.0343644
 -0.107461
 -0.0512102
 -0.0245344
 -0.105191
 -0.0275879
 0.16462
 -0.117851
 0.111972
 -0.174583
 -0.15684
 0.0470462
 0.0121838
 -0.00496131
 -0.0201069
 -0.0448186
 0.13544
 -0.0411928
 -0.0389591
 0.00886073
 0.0202533
 -0.101994
 0.0520754
 -0.0968512
 -0.110442
 -0.221844
 -0.154934
 -0.113814
 0.105363
 0.0409787
 -0.0586167
 -0.130817
 -0.058994
 0.170061
 0.0802513
 0.0322552
 -0.0133652
 -0.0371689
 0.138231
 0.0614378
 -0.17699
 0.333492
 -0.0693981
 -0.0311798
 -0.207783
 -0.0576318
 -0.106495
 -0.0276836
 -0.0083677
 0.0493068
 0.0604904
 0.128331
 -0.056523
 -0.0273571
 -0.0760466
 0.0553502
 0.0604891
 0.013432
 0.00415702
 -0.0316209
 0.2047
 0.127926
 -0.128415
 0.108495
 -0.0806322
 0.0305179
 0.0162291
 -0.00178796
 -0.144294
 0.043855
 -0.0456055
 0.0913832
 -0.0344574
 0.139241
 -0.0083216
 0.143599
 0.046244
 0.048064
 0.0118508
 0.0382339
 -0.0111311
 -0.0258543
 -0.147471
 -0.0328763
 0.0778549
 0.127533
 0.0429562
 -0.0565671
 -0.00411248
 0.089283
 -0.0684172
 -0.0388061
 0.0339007
 0.00357824
 -0.0694274
 0.053861
 -0.0320912
 0.00104348
 0.00717357
 -0.113571
 0.145732
 0.0809833
 -0.0127587
 -0.0844014
 -0.00217438
 -0.0072835
 -0.107293
 -0.00865804
 -0.093043
 -0.0105864
 -0.0539653
 -0.117383
 -0.179322
 0.0381669
 -0.00116092
 -0.0441724
 -0.02584
 0.0160965
 -0.0249753
 -0.184156
 -0.0372577
 0.177901
 -0.00611155
 0.100523
 0.112817
 -0.00979546
 -0.0222671
 -0.106306
 0.0464288
 0.0240075
 -0.00622514
 -0.0117784
 0.0649873
 0.109071
 0.0606732
 -0.174741
 0.052661
 -0.00857975
 -0.103193
 0.00726016
 0.169027
 -0.0796238
 0.000139892
 -0.0592915
 -0.180596
 0.164903
 0.00963376
 0.00989574
 0.0201655
 0.154512
 0.144453
 -0.0151068
 -0.0606862
 -0.00527512
 -0.0276492
 -0.0429659
 0.156769
 -0.0944002
 0.0283028
 -0.0553207
 -0.151243
 -0.0116227
 0.0851238
