 -0.0209162
 -0.0793258
 -0.525335
 -0.939111
 0.253674
 -0.111247
 0.20843
 0.436122
 0.577637
 -0.828744
 0.633997
 0.134051
 0.173862
 0.122735
 -0.69058
 1.19544
 -0.0568889
 -0.841207
 -0.574602
 -1.34445
 1.52837
 1.6522
 -0.450822
 -0.18386
 0.326675
 -0.248839
 0.227224
 0.578886
 -0.680119
 -0.47134
 -0.395897
 0.226304
 -0.101414
 -1.08527
 0.627154
 -0.173785
 -0.30207
 -0.669129
 1.59376
 -0.456744
 0.328204
 0.401846
 -0.156878
 -0.18663
 0.913338
 -0.835231
 0.315444
 -1.377
 -1.3913
 0.290253
 0.455712
 1.75495
 0.151435
 1.09728
 0.427472
 -0.31415
 0.185591
 0.0333438
 0.590491
 -0.4815
 -0.103637
 -1.46875
 0.0396195
 -0.273176
 -0.279476
 -0.0642225
 -0.804832
 0.0284384
 -0.396718
 0.326036
 0.859257
 0.165266
 0.687432
 -1.084
 -0.135929
 0.244648
 -0.365579
 0.756336
 -0.200449
 -0.564625
 -0.159843
 0.128003
 -0.267947
 0.119068
 -0.10417
 -0.885812
 0.737941
 0.965406
 0.565219
 2.3784
 -0.404098
 0.0910979
 -1.50383
 0.215153
 -0.847411
 -0.134855
 -0.464177
 1.29511
 -1.05952
 -0.0744746
 -0.83895
 0.474848
 0.00156393
 0.958523
 -1.51775
 -0.0516761
 -0.452127
 -0.00314078
 -0.752169
 0.439374
 1.27287
 1.13931
 0.970489
 -0.64418
 -0.0161184
 -0.709715
 -0.024096
 -0.103647
 -0.464111
 -0.115749
 0.0872085
 -0.361434
 1.20399
 0.401658
 -0.161195
 0.078881
 -0.725213
 -0.339916
 0.26058
 -0.77596
 0.221346
 -0.0192182
 -0.0189345
 0.215211
 -0.0788868
 -0.507901
 0.659658
 -1.20497
 0.063968
 0.111645
 0.066235
 0.0699747
 0.7443
 0.0868137
 -0.373422
 0.776684
 -1.33038
 1.5303
 0.0174025
 -0.603584
 0.529095
 0.259504
 0.596231
 -0.86704
 -0.789634
 0.398557
 -0.129535
 -0.527251
 0.677178
 -0.146434
 -0.99038
 1.43056
 -0.306038
 -0.437251
 -0.378215
 0.684464
 -0.453726
 0.813626
 -0.112657
 0.549553
 -0.386286
 -0.2646
 -0.804155
 0.343451
 -0.05529
 0.877225
 0.725716
 -0.383536
 0.066984
 0.5551
 -0.428512
 1.02148
 -1.46982
 0.418123
 -0.652857
 0.331565
 -0.673905
 -0.000917915
 -0.755146
 0.402708
 -0.813677
 0.331446
 -0.399457
 -1.00633
 -0.48958
 -0.430786
 1.52496
 0.469523
 0.162375
 0.520823
 -0.15071
 -1.26313
 0.809034
 1.81854
 -0.394036
 -0.19593
 0.679236
 -0.127822
 1.33311
 -0.416061
 -0.0428921
 0.123663
 -0.569622
 -0.454184
 -0.641031
 1.06392
 0.395972
 -0.030357
 -0.364279
 0.255037
 -0.610567
 -0.174668
 0.0323312
 -1.31795
 -1.69586
 0.580907
 1.57175
 -0.144697
 0.890866
 0.499487
 1.1638
 -0.560797
 -0.358664
 0.419418
 0.758363
 -0.189565
 -0.568256
 0.0497063
 1.0958
 -0.541129
 -0.340129
 0.221784
 0.56572
 -0.725739
 -1.79447
 0.0608545
 0.178729
 -1.08235
 1.02434
 0.626386
 -0.629024
 0.849048
 -0.618955
 0.232816
 0.68976
 -0.408492
 -0.102716
 0.0360239
 -0.00338574
 0.240161
 -0.297527
 -0.31828
 -0.220725
 1.04157
 0.0284263
 0.929471
 -0.659878
 -0.211584
 -0.114358
 0.935327
 -0.83073
 -0.412266
 -0.433609
 -0.129665
 -0.814851
 -0.993414
 -0.169681
 0.095243
 0.813661
 0.106335
 0.495968
 0.560801
 0.474949
 0.75298
 0.443923
 -0.948802
 0.112271
 0.189036
 -1.71763
 0.503089
 -0.295601
 0.312823
 0.298656
 0.255148
 0.616687
 -0.510204
 -0.530925
 -0.472099
 0.632614
 -0.917219
 0.752052
 -0.792016
 0.313358
 0.360434
 0.79084
 -1.01808
 1.23797
 -0.656796
 0.849248
 0.0693725
 -1.16171
 0.0116501
 0.485273
 -1.2301
 -0.447006
 -1.49973
 0.447857
 0.527718
 0.445853
 -0.0843439
 0.233356
 0.794181
 0.13065
 -0.137262
 0.275542
 -1.32947
 1.02115
 1.09885
 0.278375
 -0.155289
 0.0655946
 -1.37353
 1.5636
 -0.0913553
 0.267263
 -1.20368
 -0.423675
 0.495226
 -0.186413
 0.960815
 0.284365
 -0.357333
 -0.324121
 -0.639544
 -1.1278
 0.819404
 -0.413199
 1.3601
 -0.225594
 -0.742469
 -0.368964
 -0.316685
 0.208523
 -0.151952
 0.864323
 1.20097
 0.215152
 0.271786
 -0.616311
 -0.580906
 -0.0370567
 -0.124387
 0.503109
 0.117724
 -0.533326
 1.41556
 0.66314
 -0.506354
 -1.4921
 -0.636555
 0.0435884
 -0.331497
 -0.116805
 -0.702454
 1.00791
 1.24035
 -0.26116
 0.349066
 0.266116
 1.19751
 -1.01319
 -0.731781
 -0.142844
 -0.882824
 0.327004
 -0.63704
 -0.442236
 1.15062
 -1.36266
 -0.085701
 1.02756
 -0.731735
 -0.451261
 -0.0170022
 0.0983715
 0.610572
 0.338498
 -0.671061
 0.506603
 0.558158
 0.108975
 1.06584
 -0.708149
 0.310212
 0.504362
 0.0686734
 -0.222191
 -0.169213
 -0.228297
 -0.00471225
 -0.0727196
 0.186583
 0.0858316
 0.138812
 0.69158
 -0.76331
 0.581115
 1.36404
 -1.12894
 -0.807643
 0.23843
 0.632102
 -1.83435
 0.26997
 0.222783
 0.176124
 -0.453214
 -1.01153
 -0.633978
 0.431614
 0.961391
 1.17309
 -0.686971
 -0.449367
 -0.522962
 -0.0303209
 -0.417034
 -0.205752
 1.01261
 0.961389
 -0.609221
 -0.378248
 -1.10521
 0.0764648
 -0.513029
 -0.0143775
 1.15435
 1.22333
 0.319696
 -0.29558
 -1.40777
 -0.884939
 0.338207
 1.0591
 -0.167286
 -0.823957
 -0.512356
 0.311138
 1.87889
 -0.313226
 -0.445414
 -0.490317
 0.126471
 0.274376
 0.591567
 0.405575
 0.850766
 -0.149355
 -0.421808
 0.785572
 -0.880457
 -1.52027
 0.807247
 -0.479116
 -1.19555
 1.16016
 -0.143855
 0.0234892
 -0.0589512
 0.464026
 0.356358
 -1.20219
 -0.341393
 0.817461
 0.751339
 -0.0623117
 -0.285558
 -0.20082
 -0.143893
 0.192366
 -0.433745
 0.560032
 0.92874
 0.3068
 0.499731
 -0.668689
 -2.05799
 1.78104
 0.253751
 -0.854047
 -0.0577333
 0.463147
 0.272346
 1.08492
 -1.517
 0.261108
 0.281977
 0.119589
 -0.0220531
 -0.0924103
 0.610758
 -0.285469
 -1.13095
 -0.300586
 -1.00128
 -0.549964
 -0.13315
 0.217652
 0.934392
 -0.206549
 0.764819
 -0.665514
 -0.451294
 -0.654824
 -0.0261372
 0.267921
 -0.609677
 0.150932
 -0.419454
 -0.235076
 1.50404
 0.464233
 -0.751944
 -0.14934
 0.0782729
 0.719455
 0.0416277
 -0.045016
 1.2707
 0.394136
 -0.902686
 0.54455
 0.716341
 -0.641973
 0.146366
 -0.216891
 0.174664
 -0.561787
 -0.200326
 -0.0574513
 -0.456544
 -0.24163
 0.0149005
 -0.434627
 -0.591247
 0.220503
 1.74875
 -0.0563115
 -0.0879194
 -1.33024
 0.0927819
 -0.0352907
 0.576074
 -0.232733
 -0.334843
 0.504727
 -0.377756
 -0.256598
 -0.570652
 0.518772
 0.410981
 0.1331
 0.315655
 -0.465637
 0.734926
 -0.68393
 0.355793
 -0.0329002
 -0.0923869
 -0.98254
 0.429264
 0.433352
 -0.585391
 0.585837
 -0.226048
 0.727831
 -0.877686
 0.379949
 -0.890221
 -0.768043
 0.833223
 0.108845
 0.492404
 0.323473
 -0.146667
 0.127409
 0.132777
 -1.14464
 -0.00548139
 0.115031
 1.1406
 0.822568
 -0.803442
 0.455713
 0.318807
 0.516659
 -0.510055
 -0.477774
 -0.103723
 0.293815
 0.130806
 -0.198209
 0.06321
 -0.550593
 -0.0195483
 0.672484
 0.077175
 -0.48229
 -0.794022
 0.480788
 0.551961
 -0.168806
 0.0942023
 -0.160619
 -0.726985
 0.057886
 0.761362
 -0.52062
 1.25984
 0.0451058
 -0.212871
 0.36994
 0.466581
 0.123638
 -1.20653
 0.765165
 -0.342102
 -0.047486
 -1.02438
 0.872435
 0.585197
 0.552303
 0.0458357
 0.394362
 -0.184476
 -0.297875
 -0.0281732
 -0.395341
 -0.278439
 -0.348882
 -0.203021
 -0.605863
 -0.350973
 0.218679
 -0.915531
 0.991444
 0.392812
 -0.893186
 0.586563
 -0.147222
 0.236477
 0.166258
 0.248557
 0.108344
 -0.367808
 -0.68283
 0.69965
 0.00651365
 -0.711303
 0.395698
 -0.16156
 0.519409
 -0.678645
 1.48316
 -0.206973
 -0.162978
 0.919773
 -0.42693
 0.608945
 -0.605453
 1.58547
 -1.0485
 -0.222733
 -1.33622
 0.475335
 -1.0153
 -0.226656
 -0.0337532
 0.331346
 1.20732
 0.903023
 0.180683
 -0.238051
 -0.566654
 0.804958
 -0.198309
 -0.16742
 -0.658193
 0.148053
 0.0667848
 0.834484
 -1.01205
 -0.777138
 -0.18947
 0.0895254
 -0.898322
 0.638412
 -0.0590064
 -0.463964
 -0.595001
 1.43238
 -0.0498726
 -0.0278422
 0.0784327
 0.0514828
 -0.697592
 1.51897
 -0.181188
 -0.83305
 0.771917
 -0.796781
 0.394417
 0.272714
 0.597453
 -0.211439
 -0.64376
 0.943632
 0.424178
 0.877463
 -0.527602
 -1.10931
 -0.956875
 -0.14906
 -0.0481569
 0.589576
 -0.79726
 0.0554122
 0.297443
 -0.335671
 -0.242724
 -0.309839
 0.898276
 0.18583
 0.615505
 -0.0691487
 -0.4542
 -0.107533
 0.260841
 -1.54095
 -0.243981
 -0.145325
 0.373758
 0.736574
 0.517265
 -0.390624
 1.91131
 -0.0706939
 -0.2924
 -1.02009
 0.36671
 -0.143003
 -0.665861
 0.224918
 0.637388
 -0.251021
 -0.913419
 0.12897
 1.03433
 0.282712
 -0.33898
 0.188325
 -0.901814
 -0.980742
 0.373038
 0.171793
 0.795479
 0.0632215
 0.781522
 -0.553564
 -0.421615
 -0.681063
 -0.641722
 0.283054
 -0.28197
 -0.0476721
 0.062728
 0.588357
 -1.77989
 1.16963
 0.983534
 0.806317
 -0.147952
 0.413224
 0.0165341
 -0.295723
 -0.0343199
 -0.562335
 0.66771
 -0.172183
 0.445771
 0.276747
 0.624952
 -0.115949
 0.251292
 -0.559995
 0.436893
 -0.436039
 0.624171
 -0.815701
 -0.203246
 0.528765
 -1.02656
 0.519405
 -0.0660777
 0.453728
 0.62212
 -0.372775
 -0.66135
 -0.502798
 0.661936
 -1.38993
 0.103953
 0.445035
 0.257626
 -0.305519
 -0.780915
 0.4867
 0.769509
 -0.440717
 -0.904364
 -1.13424
 0.486761
 1.02659
 -0.902639
 0.151697
 0.36599
 -0.600689
 -0.0398935
 1.93915
 0.270138
 -1.1014
 0.727701
 -1.20315
 -0.274675
 0.139713
 1.35405
 0.39391
 -0.83068
 0.582691
 0.0539868
 0.131308
 -0.255566
 -0.174729
 -0.0409547
 -0.907218
 0.214614
 -0.583682
 -0.410667
 0.941333
 0.133907
 0.330113
 -0.0594942
 -1.8621
 1.1593
 -0.3224
 -0.763597
 0.425616
 0.0143559
 -0.279
 0.681707
 0.634084
 -0.867406
 1.2668
 -0.955564
 1.69916
 -0.244702
 -0.162498
 0.562042
 0.845589
 -0.411157
 -0.767535
 1.26921
 -0.011167
 -0.828857
 -1.10068
 0.0440262
 -0.634571
 0.248863
 -0.278543
 0.000196146
 0.0564342
 0.718756
 0.422337
 -0.778771
 -0.525696
 -0.186712
 0.471576
 0.672092
 0.0167997
 0.862619
 0.121085
 -1.00561
 -0.656602
 1.60285
 -0.393825
 0.244724
 0.113812
 -1.02233
 0.500433
 -0.432928
 -0.337822
 -0.222386
 0.182174
 -0.0189823
 -0.21039
 0.219658
 -1.38837
 1.04674
 -1.62205
 0.658808
 -0.62518
 0.871734
 0.00124626
 -0.747688
 -0.0394068
 0.481937
 0.567625
 0.49578
 -0.331517
 1.30489
 0.934086
 -1.21603
 0.355753
 -1.58781
 -0.278457
 -0.32662
 0.517001
 0.311009
 0.809
 -0.196621
 0.484946
 -0.48207
 0.297341
 -0.780947
 0.564563
 -0.154527
 0.597143
 -0.199312
 -0.322402
 -0.73068
 0.0892478
 0.62001
 0.940067
 1.06959
 -1.01825
 -0.21457
 0.280511
 -1.12584
 -0.20288
 0.154387
 0.091842
 0.314647
 -0.0129897
 -0.426729
 -0.528124
 0.521743
 0.745277
 -0.164755
 -0.0244328
 -0.136837
 0.0151786
 0.158516
 -1.32232
 0.101647
 0.692364
 0.438711
 -0.0889658
 -0.812167
 0.129301
 -0.0626837
 -0.8091
 0.165901
 0.324323
 0.551734
 0.00246865
 0.492548
 0.167911
 0.227692
 0.291375
 -0.436958
 0.347494
 -0.344755
 0.0397999
 -0.619478
 0.00374449
 1.50925
 -0.674835
 0.395571
 -1.13413
 -0.509665
 0.0581648
 0.239739
 -1.02722
 1.14468
 0.74623
 -0.894599
 1.12393
 -0.192803
 -0.325396
 0.528354
 0.13858
 -1.2211
 -0.167273
 0.661943
 0.428356
 1.25681
 -0.668194
 0.63521
 -1.81259
 -0.128729
 0.165141
 -1.01779
 -0.826045
 1.50967
 0.812763
 -0.715221
 -0.456813
 0.646836
 0.44439
 0.606708
 -0.0349087
 -0.798703
 -0.0603785
 -0.264696
 -0.0955151
 -0.0216818
 1.2295
 -1.03846
 -0.340232
 0.292477
 0.540565
 1.16776
 -0.971238
 0.582312
 -0.365519
 -0.273565
 -0.430484
 0.0456394
 0.0440706
 -0.23671
 -0.018338
 0.660122
 0.773516
 -0.522578
 1.07305
 -1.17599
 0.601709
 -0.486399
 0.313045
 -0.833221
 0.296082
 -0.330863
 0.0217319
 0.324764
 0.0782679
 -0.106834
 0.598884
 0.297016
 -0.255192
 -0.374985
 -0.721676
 0.252042
 0.97078
 -0.0741515
 -0.856265
 0.681963
 -0.475817
 -0.435431
 0.219479
 1.31394
 -0.293623
 -0.196759
 -0.620445
 0.0775248
 0.167131
 -1.51707
 0.0764989
 -1.19579
 -0.258809
 0.301686
 -0.539482
 0.54633
 1.31186
 0.0564137
 0.0106261
 -0.151651
 0.192306
 -0.931877
 -0.671383
 0.183927
 0.649678
 0.121783
 -0.0229719
 0.200201
 0.57346
 1.07104
 0.033376
 0.940685
 0.130035
 0.0345226
 -1.40323
 -0.557801
 0.603583
 0.295127
 0.344355
 -0.653639
 -0.280697
 0.722141
 -0.0131199
 -1.34922
 0.772938
 -0.557965
 -0.412543
 0.580213
 -0.418466
 1.16
 0.464673
 -1.36567
 0.275437
 0.250512
 0.871917
 -0.616406
 0.637849
 -0.528456
 -0.124429
 0.94173
 -0.391048
 -0.524147
 -0.343174
 -0.602701
 -0.95964
 0.0921598
 0.174796
 -0.206898
 0.864363
 0.763412
 -0.785164
 0.737767
 1.11356
 -0.36502
 -0.699501
 0.250613
 -1.46641
 0.441187
 0.255641
 -0.312644
 0.787757
 -0.383729
 0.590549
 0.693737
 0.190011
 0.320197
 0.0905254
 -0.509833
 -0.159745
 -0.00796291
 0.268335
 -0.597686
 1.62113
 -1.11864
 -0.186852
 -0.485978
 0.477063
 -0.0741834
 -0.877376
 0.547916
 -1.39797
 0.244353
 0.865304
 0.287879
 -0.448059
 -0.160047
 0.0993278
 1.01718
 -0.152056
 0.45709
 1.31505
 -0.547966
 -1.81628
 -1.03628
 1.2496
 -0.671424
 -1.03084
 0.829031
 -0.0106853
 0.567006
 0.515463
 0.311828
 0.0365327
 -0.124005
 -1.21847
 0.384269
 -0.233964
 -0.079465
 0.158654
 -0.105401
 -0.443028
 0.918751
 0.477754
 -0.490552
 -0.509134
 0.97347
 0.276786
 -0.972269
 1.09557
 0.1307
 1.44021
 -0.689358
 -0.388317
 -1.08023
 -0.966117
 -0.171765
 0.294073
 -0.433608
 0.181047
 0.488003
 0.3293
 0.455647
 -0.89334
 0.686452
 0.0107412
 -0.0535956
 -0.571539
 1.02236
 0.476822
 -0.0319875
 -0.637384
 -1.15453
 0.820888
 -0.603249
 0.112896
 -1.5124
 0.547378
 -0.45126
 0.143085
 0.91275
 0.0461722
 -0.0143541
 -0.435079
 0.452146
 -0.489869
 -0.0565996
 0.824769
 -1.48033
 0.647161
 -0.109215
 0.353599
 -0.287443
 0.209361
 0.409546
 -0.131467
 0.190663
 0.701456
 0.388997
 -0.127347
 -0.00449736
 0.611742
 -0.214178
 0.237879
 0.168114
 0.168537
 -0.0997754
 0.248478
 0.339006
 -0.704291
 -0.967099
 -0.897421
 -0.0577317
 -0.985833
 1.24896
 1.01478
 -0.172847
 0.0504022
 0.219746
 -0.460859
 0.575069
 0.150463
 0.436048
 -0.301194
 0.312262
 -0.166005
 0.110496
 -0.749696
 0.0931525
 0.401426
 0.555737
 -0.458153
 0.056888
 -0.500523
 -0.800941
 0.494563
 0.105778
 1.09437
 -0.822513
 -0.463094
 -0.395519
 -0.296809
 0.45773
 -1.15132
 -0.768355
 1.44752
 -0.111946
 0.509326
 0.212209
 -0.473169
 -0.835303
 -0.328272
 0.260669
 1.08204
 -1.4909
 1.75401
 -0.499749
 -0.356004
 -0.503129
 -0.402076
 -0.322076
 0.532003
 0.603911
 1.19069
 -0.0231335
 -0.398392
 1.77637
 -1.19994
 -1.40537
 -0.73984
 0.735244
 0.4792
 -1.06099
 1.50721
 -0.5596
 -0.154068
 0.49462
 0.96498
 -0.255829
 0.602458
 -0.318117
 0.275605
 -0.649361
 -0.390299
 0.215937
 0.130458
 -0.478454
 -0.616275
 -0.666371
 -0.419057
 -0.375015
 0.350337
 0.065002
 0.250937
 1.36444
 -0.566005
 0.659468
 0.235725
 -0.279885
 0.197509
 -0.770985
 0.524789
 0.634576
 -0.143869
 -0.611163
 0.71421
 -0.380227
 -0.00633659
 0.426189
 -0.166954
 0.95729
 -0.758676
 -0.960057
 -0.432392
 -0.418209
 0.263366
 0.780886
 -0.411306
 0.161802
 0.0218312
 0.237148
 -0.307835
 0.306249
 0.0110645
 -0.285332
 0.0744442
 -0.413276
 0.15564
 -0.200711
 0.653721
 0.175179
 -0.640893
 -0.0172295
 -1.02639
 1.00877
 -0.208265
 0.408315
 1.32661
 0.981491
 -0.318853
 -0.633189
 -0.680711
 0.0293369
 0.735961
 0.475256
 -0.679018
 -0.454925
 0.220569
 -1.11451
 0.548278
 0.29713
 1.74454
 0.63843
 0.150786
 -1.30915
 0.622029
 -0.276661
 -0.675108
 0.304547
 0.641192
 -0.229038
 -1.21101
 -0.2494
 0.0551038
 -0.779628
 0.276884
 0.724046
 -0.0324433
 -0.610566
 0.119021
 -0.483296
 0.0129294
 0.521133
 -0.02538
 -0.871216
 0.6745
 -1.15726
 1.49643
 1.46798
 -0.728179
 -0.0233235
 -0.727583
 0.637452
 0.672079
 -0.274337
 -0.676931
 0.319191
 0.659095
 -1.15898
 -0.563607
 0.492871
 0.471034
 -0.627004
 0.453514
 -0.356758
 0.631964
 0.0249174
 -0.116022
 -0.959357
 -0.563104
 -0.0467646
 0.513855
 -0.566634
 0.202874
 -0.919093
 1.12968
 0.129325
 -0.708694
 1.3316
 -1.35144
 -0.121964
 -0.968346
 0.266785
 0.991442
 -0.660356
 -0.982879
 1.48952
 0.202508
 1.21333
 -0.359627
 0.0982814
 -0.118539
 -0.566314
 0.200766
 0.375588
 0.783245
 -0.33139
 -0.388531
 0.578866
 1.25349
 -0.982455
 0.299228
 -1.0137
 -0.332477
 0.149974
 -0.49635
 0.868433
 1.0624
 -1.11865
 0.065898
 0.104892
 -0.184126
 0.828787
 0.692027
 0.536203
 -1.07908
 0.503411
 -1.20832
 -0.783977
 -0.786536
 0.788366
 0.556559
 0.612121
 -0.209993
 -0.510713
 -0.12437
 0.0374924
 0.817122
 0.642898
 -0.724561
 -0.281898
 -0.60996
 -1.39998
 0.379751
 -0.159802
 -0.424929
 0.405106
 -1.01101
 0.0749206
 0.715096
 -0.110039
 -0.17646
 0.658921
 0.0398499
 1.0656
 -0.815533
 0.684459
 0.233109
 -0.322243
 -0.313807
 0.0358727
 -1.32161
 0.567311
 0.368603
 0.711841
 -0.0342743
 0.217664
 0.321539
 0.453387
 1.02532
 -0.578679
 -0.730219
 0.792963
 0.199577
 0.341547
 -0.695554
 -0.622558
 -0.696069
 -0.393359
 0.97034
 -0.612371
 0.349554
 0.0721925
 -0.547019
 0.490038
 0.426419
 1.23597
 -0.900935
 0.4504
 -0.106814
 -0.323655
 -0.693905
 0.0953255
 0.66954
 -0.349175
 0.405825
 -0.0212938
 -0.910089
 -0.162859
 -0.224332
 -0.0632085
 -0.161736
 -0.18541
 1.72008
 -0.828018
 -1.34383
 1.50921
 -0.682013
 -0.0920032
 0.409306
 -0.437183
 0.926902
 0.0844748
 -0.357578
 -1.21663
 0.510812
 -0.476732
 0.892491
 1.05929
 -0.132891
 0.106592
 -1.06121
 0.561696
 0.368669
 -0.796682
 -0.308126
 0.0306392
 -0.155711
 0.686052
 -0.527971
 1.54157
 -0.301261
 0.0910457
 -0.194282
 0.0833056
 0.378896
 -0.827499
 -0.383826
 -1.31133
 -0.514305
 0.695754
 -0.201598
 -0.152498
 -0.0782707
 1.53583
 -0.546978
 0.176219
 -0.0742016
 -0.438987
 0.351051
 -0.971164
 0.85029
 -0.00696335
 0.606419
 -0.0626484
 0.110413
 0.101595
 -0.0977424
 -0.350871
 0.532597
 0.0892552
 0.346458
 0.200582
 1.23904
 0.81458
 -0.771192
 0.17152
 -0.70719
 0.305108
 1.17712
 0.0934603
 -1.39167
 -0.206333
 -0.239103
 0.692553
 -0.889864
 -0.647008
 0.348363
 0.50549
 -0.493442
 -1.59412
 1.6783
 -1.28535
 0.526556
 0.560894
 0.710179
 -0.203934
 -0.0329823
 -0.760087
 -0.694004
 -1.06132
 -0.163373
 -0.494699
 -0.189669
 0.995612
 -0.702606
 0.328472
 -0.635604
 0.824198
 -0.234202
 2.00443
 0.190298
 0.0136575
 -0.433861
 -1.13332
 -0.183353
 -0.646435
 -0.323872
 -0.717677
 1.33721
 1.44988
 -0.438298
 -0.735708
 0.0236001
 -0.104585
 1.54852
 -0.0251627
 -0.00830865
 -1.22524
 0.781791
 -0.18061
 -0.89985
 -0.557605
 0.406201
 0.205157
 -0.15103
 -0.0675877
 0.251532
 -0.559694
 0.730681
 0.479697
 0.480777
 -0.224647
 0.77386
 -0.83012
 0.0574668
 -0.783736
 0.227929
 -0.597009
 -0.0739408
 -0.766904
 -0.151103
 1.03092
 0.874164
 0.512789
 -0.476779
 0.355386
 -1.23298
 0.58265
 0.0741975
 1.04482
 0.268766
 -0.579559
 0.481579
 -0.0754201
 0.556966
 -0.163767
 -0.233677
 0.823038
 -0.643093
 0.210426
 0.711924
 -0.606718
 0.44047
 -0.618684
 -0.313012
 0.237825
 -0.672315
 0.618547
 -0.676256
 0.0672681
 -0.432196
 1.33678
 -1.31709
 -0.576964
 -0.82668
 0.75885
 0.167067
 -1.33752
 0.108664
 -1.07251
 0.382817
 0.137526
 0.543
 0.420833
 0.030447
 0.0843411
 1.90672
 0.529637
 -0.832683
 -0.90224
 0.265111
 -0.316164
 1.22525
 -0.126298
 -1.07567
 0.515579
 -0.601573
 -0.841212
 0.194276
 -0.885649
 0.639268
 0.435232
 -0.385268
 1.22879
 0.498967
 -0.404032
 0.853704
 -1.04743
 -0.614659
 -0.525665
 1.5087
 0.0198881
 -0.698916
 0.0122214
 -0.725322
 0.578176
 0.971488
 0.273442
 0.335879
 -0.39909
 1.03222
 -1.80161
 1.60359
 -0.329231
 -0.38545
 0.211726
 0.413478
 0.10061
 -0.936715
 -0.0866431
 -0.451471
 -0.505257
 -0.974825
 0.778219
 0.16469
 0.69576
 -0.0808342
 0.7819
 0.782003
 -0.354506
 -0.332755
 -0.533262
 0.369331
 -0.422843
 -0.7391
 -0.71714
 -0.778051
 -0.666218
 0.994151
 -0.299057
 -0.0443949
 0.734391
 0.361677
 0.11347
 0.492026
 0.970491
 -0.427704
 0.156768
 -0.542135
 0.497649
 0.635665
 0.215524
 0.217585
 -1.06421
 -0.722734
 -1.23896
 0.211722
 0.249214
 1.02333
 -0.165612
 0.210622
 -0.30039
 -0.632934
 0.0935248
 0.129656
 0.410505
 1.46529
 -0.0725713
 0.199655
 -0.718285
 -0.43785
 0.00130215
 -0.530923
 -0.586382
 0.9418
 0.394779
 -0.264356
 0.055354
 -0.228019
 -0.626365
 -0.112385
 -0.235203
 -0.497115
 0.957752
 0.0239169
 1.27972
 0.648338
 -0.381605
 0.0544718
 -0.517326
 -0.879579
 0.27663
 -0.0302795
 -0.24842
 -0.00240682
 0.583338
 0.740959
 -0.722153
 0.0418581
 -1.3835
 -0.33748
 0.602719
 0.293983
 0.881181
 0.704753
 0.0593509
 -0.428031
 0.192531
 -0.0190319
 1.4153
 -0.720566
 -0.24655
 0.0960068
 -0.0356913
 -1.06309
 0.43327
 0.199961
 0.714896
 -0.736438
 -0.0585873
 -0.563282
 -0.064948
 0.531768
 -1.02164
 -1.4695
 -0.517439
 0.994104
 0.454078
 0.775669
 -1.06588
 0.0123426
 0.0502209
 0.074546
 -0.456594
 -0.0806105
 0.519519
 -0.477062
 0.380347
 -0.584939
 0.438541
 0.632635
 -0.199712
 1.14611
 0.653301
 0.654312
 0.649001
 0.293427
 -1.23415
 0.127218
 -0.214974
 0.683216
 0.0531051
 0.449112
 -0.321094
 0.390905
 -0.0731003
 -0.912616
 0.37151
 -0.282891
 -0.889219
 0.139198
 -1.39324
 -0.0061956
 -0.236888
 0.0981627
 0.261767
 -0.145816
 -0.89433
 1.83942
 -0.59632
 0.445788
 1.41425
 0.469588
 -1.21122
 -0.191625
 -1.23281
 1.09516
 -0.0390413
 -0.988942
 -0.239265
 0.159375
 -0.758117
 0.123937
 0.0710699
 0.369644
 -0.0725938
 -0.098774
 0.204428
 0.165061
 -0.0795019
 0.679527
 0.96728
 1.45582
 -0.57646
 -0.524266
 -0.740282
 -0.347543
 -0.558278
 0.436608
 0.32074
 -0.0266596
 -0.626016
 0.424414
 -0.360245
 0.259928
 0.555621
 0.214736
 -0.500692
 -0.144073
 -0.486999
 -0.469258
 -0.640813
 0.0918593
 0.0689408
 1.20905
 0.951675
 0.672155
 -0.446945
 0.651005
 0.429855
 -0.423477
 -0.215002
 0.3953
 -1.83411
 -0.525351
 0.337432
 -0.145741
 -0.0823981
 0.103006
 -0.638729
 0.121151
 0.389526
 0.561783
 -0.661934
 0.524766
 -0.683052
 -1.1516
 0.21986
 0.65492
 0.980857
 0.260346
 -0.151148
 -1.076
 0.438865
 0.70925
 0.395737
 0.52136
 0.447729
 -0.529114
 0.637518
 0.109271
 -0.427525
 -0.519092
 -0.0247906
 -1.08233
 -0.0840639
 -0.330422
 -0.124166
 -0.521301
 1.44378
 -0.562789
 0.579381
 -0.438983
 0.870695
 -1.24661
 0.146985
 -0.438657
 -0.0419494
 -0.120211
 0.440029
 0.489642
 -0.468682
 -0.293277
 1.3293
 -0.831779
 -0.201085
 0.525837
 1.19967
 -1.49898
 -0.346596
 0.632699
 0.202117
 -1.69645
 -0.363721
 0.282329
 0.903852
 1.02432
 0.0900832
 0.233464
 0.267692
 -0.298598
 -0.970575
 -0.731827
 0.0835209
 0.826693
 -0.247969
 -0.0943196
 -0.671003
 0.748893
 0.267279
 -0.891829
 -0.33136
 0.0544097
 0.659414
 -0.873292
 0.486606
 -0.171804
 -0.21816
 0.38225
 0.113678
 0.113227
 0.872235
 -1.03502
 0.46648
 0.135172
 0.181478
 -1.31716
 0.00851561
 -0.258553
 1.44994
 -0.295567
 -0.0310721
 0.385157
 -0.309636
 -0.0429162
 0.0435367
 0.0876833
 -0.404329
 0.902809
 0.224244
 0.998354
 -1.09317
 -0.0552591
 -1.02896
 -0.510028
 -0.303666
 -0.677422
 -0.136525
 0.950689
 0.314225
 -0.0484508
 -0.165216
 -0.192683
 1.5857
 1.06452
 -1.43347
 -0.460644
 -0.433872
 0.803396
 -0.458613
 0.305349
 0.477115
 0.797976
 -0.082039
 -0.255548
 0.126262
 0.986455
 -0.607294
 0.741067
 0.655346
 -0.424828
 -0.529746
 -1.53333
 -0.315123
 0.111086
 0.14339
 0.659417
 0.420978
 -0.489335
 -0.547675
 -1.01154
 1.22375
 0.609577
 -0.10826
 0.312728
 -0.591525
 -0.517407
 -0.0577896
 0.864058
 -0.178625
 -1.05052
 1.59597
 -1.0169
 -0.666333
 1.91745
 -0.140648
 -0.0297423
 -0.307799
 0.822778
 -1.01482
 -0.188134
 -0.171704
 0.744905
 -0.153404
 0.227102
 -0.411626
 -1.39554
 0.156004
 -0.0973047
 -1.41376
 0.741751
 -0.894017
 0.819558
 0.0476814
 1.31086
 0.661531
 -0.298676
 -0.350278
 -0.348002
 0.539995
 -0.248733
 0.367215
 -0.865896
 -0.696325
 0.945705
 -0.366819
 -0.0174683
 0.513777
 -0.117627
 -1.0576
 1.03651
 0.0933623
 0.260821
 0.492285
 0.267018
 -0.475065
 -0.518416
 0.492171
 0.386402
 0.301866
 0.0563128
 -1.02058
 -0.932021
 1.01805
 0.109766
 -0.560061
 0.91454
 -0.696322
 0.607684
 -0.330368
 -1.76739
 -0.23144
 0.604978
 0.909992
 -0.0347673
 0.0340818
 1.05855
 0.285931
 -1.0495
 0.295023
 -0.225848
 0.357714
 -0.195578
 0.125921
 0.191406
 0.4321
 -0.348123
 -0.628933
 -0.710971
 0.883215
 -0.337915
 0.712456
 0.554104
 0.38067
 -0.229341
 -0.07993
 0.145144
 0.566952
 -0.560513
 -0.558543
 0.784048
 0.176193
 -1.44295
 0.482717
 -0.0466262
 -1.12408
 0.228994
 -1.59242
 1.43968
 0.53697
 0.0790964
 0.417268
 -0.261919
 -1.02561
 1.42511
 0.545532
 0.823129
 0.0959485
 -1.54371
 0.177058
 -0.173798
 0.212226
 -0.931027
 0.676175
 -0.430444
 0.907599
 -0.155153
 -1.08674
 1.26612
 -0.760856
 -1.15024
 0.556673
 0.836201
 -0.55675
 -1.0416
 -0.522034
 -0.438144
 0.654839
 0.44414
 0.330456
 -0.215214
 0.784693
 -0.452531
 0.368188
 0.876908
 -1.13947
 0.568628
 -0.0270012
 0.255279
 0.0122751
 -0.270143
 0.176627
 0.0326754
 -0.606417
 -0.18111
 0.737162
 -0.845699
 0.589262
 0.45316
 0.199187
 0.00212964
 -0.151514
 0.680294
 -0.0241448
 -0.549312
 1.25466
 -0.854784
 -0.413796
 -0.272443
 0.020528
 -0.333158
 -0.168124
 -0.805906
 0.167569
 -0.641537
 0.468244
 -0.238943
 0.291156
 1.1091
 0.261792
 -0.478057
 0.671785
 0.322632
 -0.626197
 -0.590762
 0.137328
 0.316484
 -0.134356
 0.0589354
 -0.0446402
 0.0259852
 -0.199593
 0.221042
 -0.66307
 0.569659
 -0.669916
 1.22795
 -0.687864
 0.505031
 -0.859531
 0.665102
 0.0524392
 -0.289065
 -0.425936
 0.0415572
 -0.178362
 2.28626
 -0.905887
 0.228139
 1.45766
 -0.424
 -0.998394
 -0.224582
 -0.275398
 0.54999
 -0.630271
 -1.27307
 0.653932
 0.730438
 -0.597001
 -0.563204
 0.814928
 -0.344628
 0.0205497
 0.95533
 -0.347049
 -0.692818
 0.269191
 -0.226326
 0.422298
 -0.188738
 0.106888
 0.429348
 -0.0793855
 -1.19562
 0.575076
 -0.449649
 0.520912
 0.239139
 -0.421713
 0.710577
 1.31454
 -1.87957
 -0.690981
 1.06772
 -0.259705
 0.727591
 0.269355
 -0.825904
 -1.33631
 -0.267574
 -0.910938
 1.34451
 -0.371395
 -0.958209
 0.53408
 0.383513
 0.15176
 -0.216658
 -0.0173678
 0.725546
 0.489637
 0.389853
 1.04615
 0.698533
 -0.0521005
 0.72963
 -0.38035
 -0.0816177
 -0.300375
 -1.62622
 -1.50771
 -0.235793
 0.718294
 0.340548
 -0.451705
 -0.624488
 -0.551839
 0.801542
 0.810408
 0.199976
 0.772151
 1.34891
 -1.29821
 0.311205
 0.990949
 0.33756
 0.0993062
 -0.757461
 0.247599
 0.106755
 -0.160599
 -1.13285
 -0.636603
 -0.600015
 0.397665
 1.08811
 0.755501
 -0.244523
 -0.202664
 -0.243084
 -0.249568
 -0.088191
 -0.920053
 0.619715
 0.417263
 -0.10465
 -0.352442
 0.426243
 0.871392
 -0.900577
 0.310831
 -0.205204
 -0.570209
 1.13749
 -0.315481
 0.200403
 -0.448674
 0.877951
 -0.143987
 -0.704362
 0.353308
 0.477913
 0.188344
 -0.963062
 0.126728
 0.182977
 -0.622345
 -0.508095
 0.205105
 -1.55543
 0.599801
 0.563963
 -0.770339
 0.944091
 0.218679
 -0.983377
 0.144007
 -0.00836604
 0.400075
 0.883762
 1.24164
 -1.63951
 0.244164
 0.39945
 -0.436527
 0.376668
 0.301155
 -0.0664917
 -0.798916
 -0.0153328
 0.55382
 0.182299
 -0.356973
 -0.51334
 1.48283
 -0.233771
 -0.401302
 -0.400863
 -1.47728
 0.796533
 0.471622
 0.71823
 0.493011
 -0.452301
 0.176605
 -0.0377387
 0.190098
 -0.22736
 -0.731312
 -1.01002
 0.273883
 0.00244002
 0.499514
 0.66932
 -0.317957
 -0.109823
 -0.406605
 0.685969
 -0.607016
 0.416867
 0.656918
 0.238776
 1.00398
 -0.4948
 -0.850207
 -0.993885
 -0.352462
 0.777198
 0.535718
 -0.873501
 -0.332599
 0.495912
 0.435693
 -1.12922
 -0.188793
 0.815117
 -0.699651
 0.665653
 -0.669865
 0.650247
 -2.08687
 0.379316
 -0.302151
 0.63761
 1.22802
 0.0790303
 0.851999
 0.00541188
 -0.157306
 -0.769182
 0.00145426
 1.03635
 -0.606952
 -0.224365
 -0.115564
 -1.79574
 1.56856
 -0.711279
 0.363831
 -0.301155
 0.939718
 -1.25952
 0.211386
 -0.180869
 1.2642
 -0.733323
 0.515527
 -0.232971
 -0.94484
 -1.42988
 -0.705259
 1.1364
 -0.0357766
 0.32346
 0.0636248
 0.188467
 1.13187
 -0.953691
 0.0923385
 -0.0300201
 -0.439286
 1.16348
 0.247605
 0.0849661
 0.519931
 -0.908871
 0.790405
 -0.809504
 1.0664
 0.124335
 0.0117496
 -0.644696
 0.524314
 -1.04149
 0.705204
 -0.474802
 -0.930336
 0.543137
 -0.143645
 -1.2867
 0.00126294
 1.30496
 -0.638519
 0.607432
 0.585401
 0.246046
 0.197454
 0.97554
 0.331985
 0.191916
 0.000224203
 -0.428821
 -1.44099
 0.010314
 -0.619238
 1.77834
 -0.15119
 -0.25756
 -0.319796
 0.899165
 0.732456
 -0.347895
 -0.512216
 -1.12285
 -0.178884
 0.332474
 -0.392555
 -0.965319
 0.484806
 0.207898
 0.536887
 -0.549882
 0.215888
 -0.259282
 0.286568
 -0.844758
 0.35802
 0.0129535
 0.0106003
 0.74042
 0.391939
 -0.0762209
 -0.267294
 0.916339
 0.618593
 -0.534078
 0.656476
 0.167211
 -1.08014
 1.20767
 -0.682695
 -1.11465
 -0.235393
 0.121315
 -0.711283
 -0.0170492
 0.516147
 1.36532
 -0.933257
 -0.248664
 -0.0634288
 -0.126769
 1.01257
 -0.132664
 0.0476016
 0.292547
 0.818315
 -0.472271
 -0.830061
 1.01141
 -0.859944
 0.121665
 0.13264
 0.741346
 0.191461
 -0.340002
 -1.99615
 -0.235156
 -0.550683
 0.599466
 -0.490425
 -0.976428
 -0.751952
 1.73817
 1.02369
 -0.516164
 -1.17839
 1.33528
 -0.17342
 -0.164332
 -0.587787
 -0.780848
 0.952738
 -0.124803
 0.797506
 0.7649
 -0.838409
 -0.208152
 0.0536619
 -0.501982
 -1.01306
 0.535688
 0.0766696
 1.16196
 0.600484
 -0.741859
 0.18513
 1.1464
 -0.163844
 -0.887545
 0.0654773
 0.0511845
 0.547299
 -0.47388
 -0.109271
 -0.750863
 0.569185
 -0.269977
 -0.101976
 0.289597
 -0.218035
 -0.386781
 0.517368
 0.0511361
 0.31594
 0.285795
 0.365562
 0.970882
 -0.676546
 -0.0587294
 0.201424
 0.171606
 0.794437
 -0.482162
 1.02173
 -0.754486
 -1.06483
 -0.273946
 1.02251
 0.168289
 0.0436523
 -1.11041
 -0.807501
 0.318166
 1.11172
 0.0336016
 0.267554
 -0.766268
 0.125769
 -0.568781
 0.769371
 -1.88827
 0.0451829
 -0.288156
 0.705
 0.459358
 0.756352
 0.445803
 0.0319399
 -0.328044
 -0.381907
 -0.250153
 0.0773675
 -0.354595
 -0.984129
 -0.508908
 0.652172
 0.737445
 -0.27921
 0.106921
 0.409906
 0.839072
 0.220248
 -0.972714
 -0.021215
 -0.848683
 0.637912
 -0.0693555
 0.016621
 0.516044
 0.376045
 -0.536007
 0.0877178
 0.146448
 -0.199055
 0.553237
 0.742852
 -0.467384
 0.774125
 -0.525018
 0.0165974
 0.0484955
 -0.374597
 -0.977179
 0.187846
 -2.11657
 0.686729
 -0.638054
 1.34743
 0.725304
 -0.171766
 0.80935
 0.659891
 1.40323
 -0.556333
 -0.969293
 -1.1208
 -0.140259
 0.0332018
 -0.085563
 1.3468
 0.131111
 0.184541
 -0.452766
 -0.0384459
 -0.22684
 0.104003
 -1.14424
 -0.00243238
 1.17153
 -0.787491
 -0.808198
 -0.155239
 -0.324784
 0.00306684
 -0.465766
 0.369822
 1.02492
 0.500991
 -0.83795
 1.88451
 -0.266335
 -0.18975
 -1.58047
 -0.240994
 1.02313
 0.911987
 0.854918
 -0.320215
 -1.08962
 -0.566809
 -0.00248418
 -0.567314
 -0.530526
 1.98143
 -0.809268
 -0.0525364
 0.908484
 -0.753021
 1.08933
 -1.13213
 -0.519461
 -1.06532
 1.04422
 0.354002
 0.0776212
 0.216044
 0.280724
 -0.0715225
 0.483495
 -0.740408
 -0.00163785
 -0.655939
 -0.14165
 -0.779934
 1.75427
 -0.14516
 0.266029
 -0.622077
 -0.0781524
 -0.439536
 -0.159683
 -0.445886
 0.717643
 0.933675
 0.280191
 0.643389
 -1.08959
 0.234881
 0.291096
 -0.207789
 -0.0507202
 -0.0106357
 -0.0387694
 0.513479
 0.664219
 -0.819642
 -0.473648
 0.485605
 -0.327171
 0.791197
 -0.151749
 0.338469
 -0.189091
 0.330101
 0.106009
 -1.21379
 0.332705
 -0.615395
 0.0790305
 -0.600319
 -0.744738
 -0.0861339
 -0.14431
 0.583189
 0.305147
 -0.513128
 -0.119496
 -0.904438
 -0.699657
 0.921657
 0.237384
 0.198523
 0.970158
 0.631882
 -0.284616
 1.12296
 0.0714339
 -0.936292
 0.151603
 0.193777
 -0.678791
 -0.430659
 -0.0908748
 -0.290025
 -0.342793
 1.62134
 -0.277969
 1.0994
 -0.0866305
 -0.610543
 -1.0233
 -0.513452
 0.535965
 -0.227483
 -0.0719861
 0.133602
 0.164683
 -0.683695
 -0.856877
 0.113785
 0.721573
 -0.11178
 0.579251
 0.311642
 0.174604
 -0.535034
 -0.572523
 -0.331706
 0.901948
 0.159477
 0.193071
 0.210782
 -0.438517
 -0.724195
 -0.0726216
 1.88102
 0.508716
 -0.298237
 -0.166124
 0.682168
 -1.10489
 -0.923752
 0.849816
 0.451841
 1.62025
 -1.09126
 -1.20123
 -0.138369
 -0.0170392
 -0.224056
 0.732032
 -0.11889
 -0.589165
 -0.273241
 1.26099
 0.536071
 -0.497129
 0.516396
 -1.13912
 -0.213807
 0.169909
 0.575213
 0.5955
 0.0640139
 -0.318309
 -0.138633
 -0.340108
 0.303161
 -0.405776
 -0.526821
 -0.150397
 -0.771597
 0.642387
 -0.286606
 0.0185202
 1.01358
 0.526375
 -1.0247
 -1.48458
 -0.0174802
 0.865925
 0.628686
 -0.37768
 0.173239
 -0.123875
 -1.10872
 0.396975
 0.175881
 1.4661
 0.513969
 0.195472
 0.577085
 0.434769
 -0.0131488
 -0.505576
 -0.205885
 -0.968798
 0.849956
 -0.17587
 0.309605
 -0.877513
 -0.598803
 1.37307
 -0.348639
 -0.263193
 -0.573665
 0.241282
 -0.108077
 0.0783707
 0.00812647
 -0.919138
 0.585544
 -0.393173
 -1.14088
 -0.202451
 1.19793
 -0.174331
 0.38276
 -0.71666
 0.880811
 -0.236055
 -0.527609
 -0.357419
 -0.467277
 0.439948
 -0.399343
 -0.069448
 0.265187
 1.13908
 0.125198
 -0.422803
 1.35364
 -0.146219
 -0.0866111
 0.301739
 -0.614903
 -0.126046
 -0.115864
 -0.596448
 -0.740889
 0.210511
 1.50014
 0.0166065
 0.413664
 -0.935
 -0.0222451
 -0.792097
 1.96873
 -0.680481
 -0.799638
 -0.980055
 -0.336947
 1.12085
 0.421751
 0.874216
 0.365143
 -0.128715
 -0.831635
 -0.592581
 0.425868
 0.0997669
 0.0802296
 0.612602
 0.196099
 0.180206
 0.158694
 -0.358187
 0.83349
 0.228935
 0.592592
 -0.72744
 0.232313
 -0.63249
 -1.13909
 0.337418
 -1.12974
 0.6722
 0.010351
 0.0441802
 -0.85931
 0.444012
 -0.509402
 -0.800768
 0.289409
 -0.507699
 1.51099
 0.110895
 0.356394
 -0.279011
 0.0786531
 -0.117847
 0.911985
 -1.03925
 0.445253
 -1.22708
 0.0290147
 0.308386
 -0.548758
 0.170933
 -0.00420115
 -0.23473
 0.333928
 0.519753
 -1.04471
 0.323938
 0.897923
 -0.0918654
 -1.23773
 0.305812
 0.224017
 -0.589566
 0.400771
 -1.31663
 -0.504059
 0.859025
 0.465965
 1.27901
 -0.246529
 -1.06969
 0.970287
 0.487402
 -0.379373
 -0.827128
 0.424036
 -0.201201
 0.364324
 -0.0651694
 -0.119646
 0.189045
 0.503363
 0.445482
 -0.220437
 -0.39554
 -0.287959
 -0.125347
 -0.711453
 0.489691
 1.4333
 -0.644265
 -0.41966
 0.521636
 -0.554262
 0.482601
 -0.206304
 1.18908
 -0.174792
 0.348147
 -0.511674
 -1.14267
 0.299367
 0.902574
 -1.26925
 -0.795349
 1.24399
 0.506805
 1.08688
 -0.804064
 -0.22436
 -0.640757
 -0.365652
 0.00402738
 0.19544
 0.10812
 0.378948
 0.898968
 0.461839
 0.344045
 0.40247
 -0.760229
 -0.311854
 -0.718836
 0.359381
 -0.343825
 0.164264
 -0.407829
 -0.52481
 0.779173
 0.254335
 -1.38552
 -0.428572
 -0.366991
 1.22984
 0.804852
 -0.251628
 -0.569342
 -0.292034
 0.206243
 -0.468153
 0.101545
 1.21996
 0.415561
 0.670774
 -2.16598
 0.521162
 -1.40225
 0.0733932
 0.732427
 -0.684904
 -0.370789
 0.877594
 -0.230366
 -0.545557
 -0.0756231
 0.460813
 1.12691
 0.350102
 -0.279775
 0.0121052
 1.07233
 0.556991
 -1.55769
 0.200001
 -1.01093
 0.452988
 -0.522183
 1.40897
 -0.979096
 0.466838
 -0.521089
 1.39552
 -0.195197
 -0.0667928
 -0.110525
 0.276679
 0.16877
 -0.67381
 0.197081
 -0.440569
 1.36945
 0.163839
 -1.72996
 0.228571
 -0.402791
 -0.321293
 0.0765319
 -0.838939
 0.649209
 0.479455
 -0.0855573
 0.775813
 -0.130685
 -0.287102
 -0.242063
 -0.311165
 -0.274976
 0.0109579
 0.130927
 -0.465536
 0.409921
 0.153699
 1.61872
 0.447405
 -0.63697
 -1.30352
 0.436569
 0.731668
 0.152166
 1.00138
 0.390833
 -0.553261
 -0.837195
 0.426239
 0.497262
 -0.694743
 -0.689601
 -0.274886
 0.147116
 0.225555
 -1.68664
 -0.163981
 0.82643
 0.0864567
 -0.407002
 0.00671127
 0.133429
 0.867073
 0.0168415
 0.0246624
 0.700734
 -0.313107
 0.167929
 0.0237628
 -0.625006
 -0.193346
 -0.403813
 0.736959
 1.11313
 0.0764962
 -0.543988
 -0.108993
 1.41548
 -1.47791
 1.4571
 -0.373636
 -0.36147
 -0.68509
 -0.0691191
 -0.878338
 1.06195
 0.136384
 -1.96997
 0.963486
 -0.801334
 0.350938
 -0.28313
 0.835597
 0.191461
 -0.54874
 0.774134
 0.740952
 -0.178233
 -0.883555
 0.120644
 0.714467
 -1.16526
 -0.00589349
 1.55994
 -0.602185
 1.17491
 -0.708617
 -0.769216
 0.265388
 0.0593588
 -1.70637
 1.15628
 0.00295536
 0.0182899
 0.211433
 -0.746503
 0.647902
 0.430489
 -0.650843
 -0.0117346
 -0.375334
 -0.0856688
 -1.09683
 0.965663
 0.620612
 1.46204
 -0.745456
 -0.219775
 0.784059
 -0.633752
 -0.503417
 0.436275
 0.667614
 -1.41438
 -0.532907
 0.205177
 1.22827
 -0.232977
 0.315593
 0.915342
 -0.741073
 0.378666
 -0.425985
 -0.928612
 -0.197611
 0.646843
 0.0415617
 -0.289001
 -1.27174
 0.0617625
 -0.123125
 0.971613
 -0.340338
 1.05218
 0.0118137
 -0.567844
 1.14482
 -0.244021
 -1.22806
 0.729814
 -0.187513
 -0.110886
 1.11833
 0.178669
 0.431818
 -0.468644
 -0.405732
 -0.897658
 -0.0712881
 -0.124756
 -0.178097
 0.0530918
 0.677699
 0.877783
 -0.840243
 0.271242
 -1.23782
 0.441128
 -1.24395
 0.867356
 -0.936141
 -0.677496
 0.729517
 0.223261
 0.711908
 -0.356644
 0.246149
 -0.279458
 0.382689
 -0.873535
 -0.793141
 1.31368
 0.260559
 1.2354
 0.0652692
 -0.843641
 0.206375
 -0.0276365
 0.649076
 -0.86959
 0.439729
 -0.170933
 0.717702
 0.291237
 0.420805
 -1.29432
 0.394692
 -0.756198
 0.803383
 -0.105091
 -0.477499
 -0.135027
 -1.02231
 0.0504531
 0.629258
 0.614921
 0.109007
 0.789257
 0.69844
 -1.09745
 -1.25063
 0.239356
 0.834233
 0.908282
 0.85551
 -0.461469
 -1.22573
 -0.505844
 -0.350408
 -0.0558444
 -0.0785997
 0.895241
 -0.00747727
 -0.413027
 -0.338494
 -0.205496
 0.513997
 -0.786271
 -0.164882
 1.73278
 0.545983
 -1.05822
 -0.933049
 0.10887
 -0.17683
 0.169388
 -0.192643
 0.153465
 0.573831
 0.497072
 0.499485
 -0.935043
 -0.829895
 0.94954
 0.494492
 0.800261
 0.343779
 0.262859
 -0.97212
 -0.728748
 -0.685738
 -0.697817
 -0.517182
 -0.160992
 0.0699242
 0.881123
 -0.119395
 -0.168671
 0.229831
 -0.947359
 0.654359
 0.994292
 0.0799654
 0.533292
 -0.242528
 -0.676113
 0.523314
 0.268485
 0.509176
 0.160201
 -0.144871
 0.957197
 0.000629539
 -0.921263
 -0.471138
 -0.676279
 0.0741534
 0.503945
 -0.580407
 0.0295086
 0.52809
 -0.580229
 -0.831691
 1.17987
 1.18275
 1.04791
 0.770677
 -1.13398
 -1.04596
 -0.02074
 0.411471
 -0.694458
 -0.0901466
 0.446132
 -1.4782
 -0.113148
 0.461931
 0.659241
 -1.12239
 -0.296955
 0.0825255
 -0.527592
 1.19781
 -0.357258
 0.884419
 -0.583416
 0.0696381
 0.318015
 -1.25444
 0.208586
 0.0448785
 0.208287
 0.698254
 0.577958
 0.508061
 0.285695
 -0.108351
 -0.66345
 -0.3389
 -0.200247
 -0.223847
 -0.127494
 0.925724
 -0.396064
 -0.603132
 0.0181242
 -0.26766
 0.434476
 0.598238
 -0.308886
 0.342322
 -0.155224
 -1.05408
 -0.969453
 0.75014
 -0.217071
 -0.0553187
 1.6653
 0.22485
 0.27227
 -0.215235
 -0.617257
 1.12752
 -0.75653
 -0.183397
 0.710516
 -0.629116
 1.29306
 -1.42885
 0.93213
 -1.38877
 -0.848636
 0.150319
 0.442488
 -0.467886
 0.642579
 -0.0104599
 0.90247
 -0.173069
 -0.637637
 0.740662
 0.57938
 0.842161
 0.840834
 -0.309768
 -0.275942
 -0.759409
 0.639059
 -1.35764
 0.526535
 -0.776625
 0.443448
 -1.06025
 0.536168
 -0.314099
 0.110241
 0.235874
 0.622784
 -1.12751
 -0.134585
 0.452781
 -0.747185
 -0.424356
 0.687962
 0.0100776
 -0.543769
 1.25509
 0.520689
 -0.23133
 0.183146
 0.286712
 -0.20357
 -0.742121
 0.366163
 -1.01604
 -0.119447
 -0.732908
 -0.0467491
 0.1276
 0.873866
 0.250807
 0.490905
 -1.02986
 0.631731
 0.426976
 0.554973
 -0.541553
 0.0464482
 0.361974
 -1.26991
 -0.053542
 -0.277313
 -1.08379
 1.59344
 0.713668
 0.660482
 -0.136072
 -0.296478
 0.717195
 -0.377496
 -1.03711
 -0.784804
 0.847847
 1.14488
 0.987977
 -0.586764
 -0.693075
 -0.32465
 0.162283
 0.0162399
 -0.00151921
 -0.501747
 0.337472
 1.07905
 -0.652078
 0.50277
 -0.556528
 -0.828852
 0.171571
 1.17619
 0.459547
 -0.922876
 -0.100927
 -0.433227
 0.794731
 -0.969185
 -0.418664
 0.427529
 -0.0715365
 -0.493404
 1.02512
 -0.258561
 0.636277
 -0.600812
 -0.152771
 0.233244
 -0.659276
 -0.0785882
 -0.657396
 -0.896533
 -0.184604
 0.935527
 0.296968
 0.181478
 0.168161
 0.114184
 0.744572
 0.111371
 0.0743319
 -0.314334
 -0.95446
 0.204337
 0.449587
 0.3943
 0.102651
 -0.0207225
 -0.360997
 0.580742
 -0.29863
 -0.467347
 -1.06059
 0.820985
 1.09078
 -0.320953
 -0.79197
 0.585371
 0.111104
 -0.0470823
 0.00554195
 0.0795603
 -0.0635972
 -0.522662
 0.276274
 -0.329824
 0.104666
 -0.589459
 -0.201132
 0.84308
 0.526772
 -0.51686
 -0.23885
 -0.107413
 -0.186709
 -1.423
 2.04983
 0.506332
 0.277155
 0.262639
 -0.133857
 -0.16613
 0.6685
 -0.445589
 -0.0850423
 0.178107
 0.851659
 -1.11165
 -0.287209
 -0.321748
 -1.08706
 0.8713
 0.342046
 -0.352371
 -0.546053
 0.478189
 0.323664
 0.37152
 -0.169147
 -0.948906
 -0.661072
 0.612117
 -0.423382
 1.09009
 -0.0515316
 0.954532
 -0.122172
 0.726516
 0.0903073
 0.0556947
 0.0469816
 -0.851436
 -0.0619243
 0.149547
 0.72269
 0.403179
 -0.110905
 -0.854351
 -0.166521
 -0.0349864
 1.29067
 -0.0127823
 0.0244356
 -0.655544
 -0.541804
 -0.425745
 0.71648
 -0.873001
 -0.612592
 0.907827
 0.374697
 0.216896
 0.235131
 -0.862518
 -0.709381
 -0.143007
 0.536057
 -0.421752
 -0.505018
 0.221282
 -0.783346
 -1.14893
 -0.338043
 -0.803514
 0.78435
 -0.269212
 0.26001
 0.123276
 0.177139
 1.71723
 0.204493
 -0.644069
 0.0497457
 0.80727
 0.426309
 0.162565
 0.190985
 -0.560305
 -1.0559
 0.584263
 0.833115
 0.262795
 -0.0208484
 -0.741618
 0.223291
 0.378769
 -1.57256
 1.71508
 0.579857
 0.14027
 -0.0988019
 -1.07089
 -1.11126
 0.402625
 0.148338
 0.619393
 0.737448
 0.411813
 0.186651
 -0.772772
 0.126784
 0.167495
 -0.349508
 0.864069
 0.0566915
 -0.128735
 -1.00888
 -0.400835
 -0.796311
 0.521006
 1.62339
 -0.466767
 -0.618709
 -0.0323945
 -0.326368
 -0.457911
 -0.0387944
 1.33338
 0.307299
 1.23329
 0.399689
 -0.130584
 -0.704175
 -0.489272
 -0.510966
 0.0660561
 0.609028
 -0.319879
 -0.0438991
 -0.856381
 -0.405906
 -0.425341
 0.0172362
 0.269528
 -0.0440845
 -0.184764
 1.2006
 -0.21258
 -0.265918
 0.417491
 0.291209
 0.828423
 -0.34439
 -0.141318
 -0.424235
 -0.302273
 -0.895439
 1.09953
 0.484607
 0.268441
 -0.661526
 0.373582
 0.127027
 -0.0432391
 -0.541367
 -0.586012
 0.0375139
 -1.11501
 0.338412
 0.998079
 -0.433781
 -1.78478
 1.05267
 -0.0853148
 -0.0772486
 0.22028
 1.09572
 0.129809
 -0.0160817
 -0.14057
 0.477579
 0.228289
 -0.547172
 0.286855
 -0.414236
 -0.527602
 -0.720264
 -0.247275
 0.68618
 -0.417958
 0.200807
 0.38512
 0.173819
 0.159143
 -0.281066
 0.498232
 -0.286598
 -0.996372
 0.592415
 0.158186
 -0.190722
 -0.0484197
 0.568805
 0.302328
 -0.18912
 -0.678358
 0.185195
 0.154258
 0.112798
 -0.166285
 -0.697235
 0.593237
 0.346764
 0.593586
 0.0756617
 -0.841615
 -1.0624
 0.179233
 1.12444
 0.524907
 1.40751
 -0.431672
 -0.703472
 -0.148437
 -1.02964
 0.605392
 -0.164332
 0.80601
 -0.268148
 -0.100673
 -0.773803
 -0.646993
 -0.318889
 1.12531
 0.240045
 -0.00400525
 -0.13329
 0.647957
 0.918765
 -0.221845
 -1.17739
 0.521867
 0.433619
 -0.0563444
 -0.462965
 0.827333
 -0.331193
 0.202121
 -0.0703798
 -0.670912
 0.482957
 -1.1515
 0.36922
 0.140668
 0.388156
 -1.3757
 0.265756
 0.455748
 -0.0505118
 -0.825878
 0.131071
 0.195296
 0.492977
 -0.0174718
 -0.429968
 -0.306556
 0.213511
 0.415543
 -0.496113
 0.905393
 0.145631
 -1.58263
 -0.355848
 -0.302129
 0.0406563
 0.726608
 0.180377
 0.298001
 0.191927
 -0.770101
 0.566
 -0.180315
 0.0164606
 0.440825
 0.0399954
 0.0196462
 0.608712
 -0.269659
 -0.112499
 -0.368823
 0.56614
 0.0851627
 -0.128412
 0.204023
 0.307543
 -0.551636
 0.649137
 -0.410718
 -0.694734
 -0.804296
 -0.848785
 0.140641
 0.414078
 -0.152956
 -0.96929
 0.612061
 -0.458797
 0.618641
 -0.104576
 0.609228
 0.0854995
 0.414996
 -0.683792
 -0.614307
 0.690122
 0.4726
 -1.26259
 0.484023
 1.09237
 -0.71249
 0.977823
 -0.735572
 0.8962
 -1.38779
 0.181574
 -1.23952
 0.189882
 -0.0311221
 -1.63439
 0.324738
 0.634332
 -0.562197
 -0.949411
 1.58457
 0.643027
 0.989234
 -0.10044
 0.563741
 1.31331
 -0.414726
 -0.322062
 -1.03701
 0.307331
 1.13659
 -0.348959
 0.87257
 -1.06037
 0.360896
 0.0584548
 -0.215062
 -1.17948
 -0.462289
 0.923708
 -0.416583
 0.575711
 0.604122
 0.0685308
 -0.257804
 -0.157409
 0.768604
 -0.287329
 0.0727914
 0.434631
 -1.59612
 -0.218388
 0.41893
 -0.0148115
 -0.12041
 0.429121
 -0.530956
 -0.543655
 1.03743
 2.07316
 -0.406642
 -0.660218
 -0.529408
 -0.892552
 0.846281
 -0.690961
 0.312833
 -0.519551
 -0.246523
 -0.221113
 0.48691
 0.125085
 0.107199
 -0.641857
 -0.655525
 0.645482
 -0.344434
 1.16827
 -0.803512
 0.165356
 1.46836
 0.0296839
 0.702692
 -0.507426
 1.03568
 -0.517943
 0.809317
 -0.66935
 -0.683285
 0.146356
 -0.543594
 -0.785898
 -0.150216
 -0.514155
 0.977437
 -0.100613
 -0.785575
 1.04928
 -1.09338
 -0.21307
 -0.121544
 0.724615
 0.354237
 0.573189
 -0.267918
 -0.297117
 0.380733
 0.0923745
 0.847033
 0.234889
 0.379941
 -0.749085
 -0.981519
 -0.184135
 0.635362
 0.726689
 0.817601
 0.102795
 -0.62737
 -0.33092
 0.359137
 0.152437
 -0.665521
 0.125393
 -0.345112
 0.657861
 -0.368256
 -1.50353
 -0.0241067
 -0.559196
 0.526938
 1.04381
 0.126179
 0.676704
 -0.320191
 -0.726342
 0.0726473
 0.108778
 0.0547986
 -0.968635
 1.52018
 -0.80751
 -0.15562
 -0.339394
 0.239319
 0.552935
 0.466842
 -0.464836
 -0.292898
 0.850023
 -0.443141
 -1.09641
 -0.179346
 0.617929
 -0.342726
 0.41468
 -0.302412
 0.0423705
 -0.487158
 0.723963
 0.480765
 1.01421
 0.475216
 0.374919
 -0.121702
 -0.46016
 0.608822
 -0.131436
 -0.59022
 -0.344142
 0.339554
 -0.815576
 1.32195
 0.137135
 -0.165922
 0.426801
 -0.624026
 -1.39386
 0.17387
 -0.068303
 -0.905294
 1.24338
 0.00452941
 -0.492518
 0.31547
 -0.0243943
 0.37425
 -0.814189
 -0.235467
 0.342178
 0.534021
 -0.233648
 -0.265048
 0.372714
 -0.699974
 0.19574
 -0.638461
 1.33626
 -0.237049
 0.713611
 -0.45557
 -1.22437
 0.160417
 1.82873
 -0.566069
 -0.250361
 0.182056
 0.554883
 0.364452
 -0.810272
 -0.642015
 -0.766204
 0.0711055
 -0.0669416
 0.851057
 -1.2055
 1.25568
 0.706598
 -0.100432
 -0.584226
 -0.909569
 0.792121
 -0.170782
 -0.0364912
 0.0260975
 -1.01459
 0.427784
 -0.0243768
 0.591467
 0.95962
 0.473958
 -0.724941
 0.275914
 0.542993
 -0.772274
 0.701088
 0.229572
 -0.743496
 -1.07888
 0.216245
 -0.251622
 -0.921535
 0.630255
 -0.649656
 -0.717371
 0.732456
 -0.555994
 -0.247542
 0.667931
 -0.9709
 -0.175344
 -0.00470698
 0.0250818
 1.12659
 -1.10608
 0.965959
 -0.0959967
 -0.439278
 1.24672
 0.849895
 -1.11068
 0.25039
 0.621605
 -0.51717
 -0.239936
 -0.497112
 0.80148
 -0.172582
 0.360367
 -0.378626
 -0.255423
 -0.70717
 0.101963
 0.715838
 1.13094
 -0.697763
 -0.614629
 0.98093
 0.503745
 0.527928
 0.0422082
 0.837327
 -1.09341
 -0.524764
 -0.0129528
 -0.351926
 -0.223756
 -0.0768108
 0.568215
 -0.258765
 -0.582428
 0.409359
 0.548418
 -0.00158175
 0.135475
 -0.275421
 -0.171331
 -0.641231
 -0.200125
 0.870219
 0.755233
 -0.626577
 -0.420325
 -0.348008
 1.79386
 -0.423637
 -1.13511
 -0.517499
 0.788645
 -0.889167
 -0.640478
 0.174663
 0.144304
 0.709926
 0.910051
 -0.789585
 -0.719773
 0.454424
 -0.287992
 -0.303832
 -0.107651
 -0.0470563
 0.253118
 0.377626
 0.764552
 -0.030063
 -0.627608
 0.945161
 -0.0638435
 -0.224544
 -0.606801
 0.405773
 -0.891796
 -0.921394
 0.491257
 -0.417913
 -0.443542
 0.482971
 0.151063
 0.981822
 0.193843
 1.42371
 -0.180574
 -0.364416
 0.0793088
 -0.956359
 0.0765808
 -0.211461
 -0.659048
 1.20662
 -0.0499588
 0.532754
 -0.330646
 -0.746515
 0.314993
 -1.42013
 1.05097
 0.199474
 0.165163
 -0.6224
 0.552616
 0.897486
 0.976075
 0.469562
 0.0529831
 -0.892101
 0.0502593
 -0.0457915
 1.02956
 -0.215916
 0.453511
 -0.111117
 -0.381073
 -0.825433
 -2.06143
 0.965527
 -0.608131
 0.106343
 0.128309
 -0.15399
 -0.485343
 -0.00987198
 -0.512604
 0.022249
 0.490562
 -0.167455
 0.48588
 1.47972
 -0.280577
 0.0302196
 -0.116288
 -0.414864
 -0.67106
 0.421441
 -0.675878
 0.237894
 0.873617
 0.740082
 0.499962
 0.6825
 -0.934366
 -0.493568
 -0.845098
 0.83732
 -0.540661
 -0.0806957
 -0.279071
 0.576161
 -0.691917
 -0.343752
 0.0842439
 -0.362706
 1.30921
 0.0369914
 -0.86942
 0.43556
 0.150859
 -0.382281
 -0.221119
 0.467503
 -0.219491
 0.389989
 0.382141
 -0.995574
 0.980965
 0.311101
 -0.112312
 0.0521134
 0.102485
 -0.689945
 -0.221629
 -0.403026
 -1.7008
 0.549069
 0.640257
 -1.19864
 1.48297
 0.653905
 -0.474856
 0.994567
 -0.354199
 0.0468059
 0.221276
 0.200428
 0.895263
 0.213156
 -0.0774659
 -0.23875
 -0.589017
 -1.52376
 0.497044
 0.717304
 0.278133
 -0.974741
 0.104617
 -1.04567
 0.12114
 -0.159203
 0.518254
 0.137574
 -0.512242
 -0.293318
 0.196143
 -0.334179
 0.388163
 1.24422
 -0.423346
 -0.185973
 -0.416442
 0.362827
 -0.247073
 0.484181
 0.916474
 0.819724
 0.198734
 -0.0745852
 -0.207097
 0.223753
 -1.33096
 -0.365957
 0.347176
 0.0799902
 0.313196
 0.293718
 -0.230901
 0.28045
 0.0674563
 -0.0240948
 0.559059
 -0.53326
 0.128453
 0.623704
 -0.718075
 -1.03156
 -1.14794
 0.333155
 1.76748
 0.29033
 0.761455
 -0.632341
 -0.18891
 -1.31657
 -0.467574
 1.19947
 -0.120488
 -0.320869
 -1.44224
 0.759188
 0.338218
 0.0745527
 0.566221
 0.0898071
 1.1214
 -0.396353
 -1.43766
 0.0259201
 0.953734
 -0.141754
 -0.263852
 -0.587004
 0.106209
 -1.1184
 -0.527213
 0.712392
 -0.153783
 0.358255
 0.477982
 -0.0919167
 -0.377768
 -0.803751
 0.0852731
 -0.500157
 0.34369
 -1.06234
 1.15716
 0.768518
 1.19658
 -1.17841
 -0.398443
 -0.360098
 1.55899
 -0.344717
 0.163306
 1.03125
 -0.302395
 -0.323964
 0.410392
 -0.347935
 -0.783248
 -0.121566
 0.384588
 0.454184
 0.113502
 -0.875024
 0.536299
 0.0399978
 0.351656
 -0.47335
 -0.531306
 -0.0171007
 0.0612212
 0.427064
 0.941118
 -0.439984
 -0.144852
 -0.297292
 -0.158848
 -0.567598
 -0.397905
 0.629253
 0.13921
 0.491786
 0.456095
 0.318917
 -1.20376
 -0.931413
 1.22925
 0.0516714
 0.507483
 0.326514
 -0.239868
 -0.308909
 -0.420135
 -0.732513
 -0.212687
 0.18714
 0.0476534
 -0.453578
 2.2397
 0.963427
 -1.35541
 -0.33922
 0.189942
 -1.04268
 0.611457
 0.337465
 -0.580027
 -0.163251
 0.128341
 0.702257
 -0.499237
 -0.0599013
 0.727266
 -0.276495
 -0.15307
 0.278642
 -0.292773
 -0.235996
 0.497804
 -0.505452
 -0.0720342
 0.88018
 -0.592266
 0.811119
 0.0233746
 0.559859
 0.174441
 -1.33843
 -0.320976
 -0.859836
 0.162733
 1.05276
 -0.99025
 0.00959701
 -0.398396
 -1.44309
 1.1552
 0.299878
 -0.137265
 0.227287
 0.447934
 0.979853
 -0.896034
 0.569446
 -0.191034
 0.559639
 -0.58712
 0.456105
 -0.0644082
 0.0533242
 -1.18991
 0.174572
 -0.281389
 0.548999
 0.063789
 -0.355284
 -0.355116
 -0.623413
 0.338343
 -0.354121
 -0.516971
 -0.146551
 0.899327
 0.230103
 0.685536
 -0.80211
 0.854157
 -0.630874
 -0.0762789
 -0.356585
 0.238021
 0.623186
 -0.111849
 0.631654
 -1.2101
 0.516994
 -0.0888185
 -0.904843
 0.861345
 -0.130931
 1.03934
 -0.429583
 0.234251
 0.587515
 0.171801
 -0.759365
 -0.412277
 0.154169
 -0.653656
 0.117358
 0.164332
 0.752154
 -0.264633
 -0.376856
 -0.574641
 0.232154
 0.484303
 0.315938
 -1.15022
 -0.287052
 -0.14149
 -0.143767
 0.215465
 0.638618
 0.711247
 0.0244586
 0.289218
 0.595774
 -1.24166
 0.443859
 0.859541
 -0.209709
 -0.1867
 -1.56514
 0.109678
 0.630822
 -0.258438
 -0.0840147
 -0.408885
 0.588756
 -0.347346
 -0.988695
 0.978826
 0.153776
 0.13785
 1.10743
 -0.82541
 0.280925
 0.324724
 -0.481487
 -0.01453
 -1.13711
 0.878593
 -0.873835
 -0.731071
 0.909769
 0.433802
 0.462567
 -0.00419141
 -0.985724
 -0.0444239
 -0.433402
 1.41259
 1.1004
 -1.28723
 1.86439
 0.232417
 0.69357
 0.148974
 -0.3438
 -0.318015
 0.0629051
 0.616679
 -0.967949
 -0.252707
 -0.494802
 -0.623335
 0.120843
 -0.65349
 -0.0372111
 0.312303
 -0.583331
 0.161374
 0.587258
 -0.407999
 -0.401982
 0.324436
 0.700582
 -0.0808359
 0.386041
 0.842548
 -1.03499
 0.571211
 0.694962
 0.608001
 -1.01679
 -0.739438
 -0.962293
 -0.249033
 -0.744961
 -0.0887473
 0.117135
 -0.288091
 0.0697745
 1.56605
 -0.0951511
 0.730184
 -0.177823
 0.65669
 2.59204
 -0.0769786
 -1.78092
 -0.176723
 -1.0857
 0.301929
 -0.905088
 0.309645
 0.3423
 0.0643473
 -0.867934
 -1.11708
 0.40046
 0.584765
 0.287557
 -0.0417298
 -0.0268644
 0.238906
 0.370587
 0.249596
 -0.184725
 -0.708044
 -0.0636671
 0.305812
 0.375537
 -0.383126
 -0.380676
 -0.497051
 -0.0520824
 0.748628
 1.08383
 0.587236
 0.74469
 -0.635865
 0.575306
 -0.779818
 -0.243335
 -1.12794
 -0.425035
 -0.608771
 0.285693
 0.921447
 -1.05201
 0.293101
 0.123908
 0.036777
 0.129749
 -0.0431775
 0.590917
 -0.384287
 0.605729
 -1.37453
 1.42974
 -0.748343
 0.494084
 0.555785
 1.08437
 0.00646727
 -0.0429627
 -0.606121
 -0.245199
 -0.23723
 0.191922
 -0.932802
 0.151307
 0.344102
 -0.679822
 0.52443
 0.137283
 -0.731683
 1.5696
 -0.817268
 -0.449681
 -0.737612
 -0.0336462
 -0.144078
 -0.346421
 0.107336
 -0.203797
 0.639465
 0.7339
 -0.462858
 0.835631
 0.464137
 -0.420467
 -0.250812
 0.219868
 -1.30621
 -0.169481
 -0.77473
 0.00177529
 0.665206
 1.23747
 0.354048
 -0.484765
 0.754568
 -1.12296
 0.346305
 1.01143
 0.047058
 -0.13253
 0.423005
 -0.0856551
 0.108883
 -0.630728
 -0.195053
 -1.13356
 -0.190537
 0.234467
 0.395184
 -0.887727
 1.51051
 1.17179
 0.121308
 -0.160464
 0.96602
 -1.30458
 0.970472
 -0.861513
 -0.347379
 -0.898272
 -0.541253
 0.589826
 0.84158
 0.957987
 0.0518043
 -0.693089
 -0.636344
 0.28243
 -0.482347
 -0.632071
 -1.06793
 0.188842
 0.12535
 0.0938334
 0.361116
 0.188164
 0.0533965
 -0.806014
 0.69625
