 -0.0533874
 -0.132089
 0.0607058
 -0.459168
 -1.61057
 -1.18635
 -1.37397
 -1.32791
 -0.67562
 -0.173591
 -0.851716
 -0.423025
 -0.22252
 -0.0535242
 -0.0166082
 -0.690932
 0.501958
 0.525615
 -0.389497
 -0.787652
 -2.16641
 -0.742886
 0.878128
 0.456953
 0.340618
 0.500742
 0.192793
 0.716422
 1.11402
 0.53135
 -0.0232982
 -0.325251
 0.135356
 -0.0702537
 -1.20712
 -0.866826
 -0.830458
 -0.871921
 -1.87257
 -0.149303
 -0.679885
 -0.450039
 0.0421357
 -0.167977
 -0.316335
 0.554456
 -0.206136
 0.149964
 -1.1075
 -2.49599
 -2.34143
 -1.83634
 -0.0283126
 -0.0357972
 1.10244
 1.4976
 1.35124
 1.36943
 1.3744
 1.93689
 1.53436
 1.4957
 -0.14052
 0.0418012
 -0.319709
 -0.573057
 -0.445774
 -1.39905
 -1.40261
 -1.64116
 -1.39322
 -0.564084
 -0.441977
 0.247874
 -0.801822
 -0.836883
 -0.707384
 -1.02251
 -0.288921
 -0.499123
 -0.871642
 -1.18186
 -0.933882
 -1.25884
 -1.13464
 -1.28214
 -2.08175
 -1.19307
 -0.31626
 0.109733
 2.54054
 1.89412
 2.13525
 0.594885
 0.779285
 -0.133857
 -0.109455
 -0.661719
 0.705459
 -0.526267
 -0.36325
 -1.34228
 -0.698489
 -0.945275
 0.416827
 -1.38498
 -1.17104
 -1.78123
 -1.6742
 -2.50427
 -2.0379
 -0.699125
 0.367755
 1.1743
 0.686632
 0.681499
 -0.0759642
 -0.217693
 -0.07311
 -0.571643
 -0.77367
 -0.65184
 -1.07774
 0.159372
 0.470368
 0.459386
 0.380282
 -0.152253
 -0.672782
 -0.293322
 -1.10672
 -0.815045
 -0.910606
 -0.734373
 -0.59169
 -0.973469
 -1.29298
 -0.6979
 -1.73943
 -1.51749
 -1.71533
 -1.42731
 -1.40669
 -0.667646
 -0.550078
 -1.06809
 -0.257544
 -1.65344
 0.0088753
 -0.0771301
 -0.532781
 -0.0196668
 0.156522
 0.866645
 -0.12404
 -1.12115
 -0.391572
 -0.393247
 -1.05399
 -0.387939
 -0.565309
 -1.56938
 -0.132
 -0.368343
 -0.786013
 -1.25317
 -0.511582
 -1.03357
 -0.366245
 -0.302239
 0.327145
 0.0549016
 -0.235533
 -1.06886
 -0.837148
 -0.863373
 -0.251125
 0.60936
 0.411642
 0.303333
 0.94876
 0.26834
 1.57648
 -0.18122
 0.50914
 -0.168959
 0.281279
 -0.661268
 -0.501141
 -1.15627
 -0.706641
 -1.59372
 -1.55533
 -1.73222
 -2.64811
 -2.96484
 -3.41054
 -1.8226
 -1.47206
 -1.43305
 -0.720746
 -0.980933
 -2.07756
 -1.27085
 0.378208
 0.0961706
 -0.267035
 0.569149
 0.283622
 1.61775
 1.19159
 1.12915
 1.15757
 0.870438
 0.330198
 -0.432418
 0.559446
 0.839325
 1.25047
 0.650574
 0.916747
 0.233554
 0.0686705
 0.301581
 -1.04347
 -2.78767
 -2.07109
 -0.672472
 -0.73105
 0.107745
 0.638404
 1.81511
 1.20607
 0.8316
 1.13269
 1.93927
 1.65698
 1.18343
 1.33779
 2.2894
 1.84408
 1.54333
 1.49487
 2.17328
 1.37376
 -0.176231
 -0.329387
 -0.107414
 -1.20452
 -0.271142
 0.554864
 -0.197062
 0.777576
 0.218568
 0.43095
 0.976137
 0.422199
 0.499447
 0.585111
 0.426129
 0.632208
 0.437952
 0.0586672
 -0.217873
 1.07831
 0.926481
 1.97072
 1.34534
 1.00216
 0.807089
 1.88428
 0.970259
 0.398642
 0.0196053
 0.052521
 -0.865981
 -1.67278
 -1.86747
 -1.92416
 -1.11917
 -0.986581
 -0.46484
 0.121191
 0.526845
 1.32551
 1.81643
 0.802613
 0.740846
 1.20694
 -0.685155
 -0.0233004
 -0.508288
 0.0873958
 0.0480602
 0.222044
 1.00431
 0.481936
 0.126239
 -0.413171
 0.205132
 -0.729433
 -0.0323948
 -0.83274
 -0.419253
 0.0150614
 0.730986
 -0.356569
 0.961249
 0.373762
 1.27006
 1.14983
 -0.0489246
 -0.192596
 0.440138
 -0.816239
 -1.13866
 -2.54837
 -2.27524
 -1.4778
 -1.21928
 -1.3786
 -0.911722
 -0.111297
 -0.156706
 -0.354434
 -0.0991287
 -1.28375
 -0.231119
 0.831789
 1.0518
 1.07203
 1.06473
 -0.31645
 1.11714
 1.09345
 1.24779
 0.259604
 -0.202883
 0.216296
 -0.0311126
 1.00969
 1.42723
 0.94781
 0.560821
 -0.037037
 -1.22002
 -0.439588
 -0.740628
 0.745457
 0.366223
 -0.286512
 -0.766828
 -1.03698
 -0.842986
 -1.04513
 -0.069521
 1.01809
 1.40234
 1.5427
 1.06406
 0.378408
 0.37049
 0.272017
 0.656906
 0.807185
 0.302465
 1.71917
 2.25654
 1.87443
 0.448493
 -0.252341
 -0.338977
 -0.769209
 -0.666928
 -1.22683
 -0.367986
 0.553165
 0.488164
 0.922143
 1.08411
 2.24149
 1.16596
 0.547368
 0.508956
 -0.319783
 -0.0781902
 -0.90899
 -1.39856
 0.0334867
 -1.26052
 -1.53519
 -0.561176
 -1.25268
 -1.48269
 -1.66948
 -1.44676
 -0.855078
 -0.427471
 -1.1707
 -0.607697
 -0.251301
 0.0310018
 1.12361
 0.348474
 0.649662
 1.08965
 1.05602
 0.95746
 0.771957
 0.468013
 0.549146
 0.306182
 0.388122
 0.787104
 0.863352
 1.52388
 0.807697
 1.24634
 2.7592
 1.63188
 0.795266
 0.982361
 1.66038
 -0.199877
 0.0386701
 0.209222
 0.184208
 0.00192878
 -0.928401
 -1.70818
 -1.34584
 -0.220031
 0.98203
 0.176854
 -0.184369
 -0.896019
 -0.704894
 -1.04682
 -1.39751
 -0.452446
 0.518083
 -0.0988021
 -0.345531
 -1.32672
 -1.29234
 -1.92565
 -1.78053
 -0.787501
 0.452437
 0.810325
 0.468454
 -0.846529
 -1.62865
 -1.54147
 -0.327262
 -0.457674
 -1.38942
 -1.72936
 -1.6123
 0.454125
 0.173972
 -0.269489
 -0.993797
 -0.91566
 -0.322873
 0.136257
 0.592585
 1.33341
 1.15001
 0.736982
 1.63047
 0.549994
 -0.834464
 0.0322301
 -0.339833
 -1.59368
 -0.45367
 -0.61622
 -0.654605
 -0.737767
 -0.285936
 0.304492
 -1.02668
 -1.46901
 -0.588945
 0.0118563
 0.221922
 -0.0796515
 -0.320043
 -0.465205
 -0.158924
 -0.541881
 -0.150886
 0.634733
 1.0145
 1.38364
 0.864721
 -1.28232
 0.455569
 0.67117
 0.0458751
 -0.14261
 0.331003
 0.43272
 1.71476
 0.25
 0.267232
 0.702011
 0.769328
 0.899033
 0.802936
 1.32006
 1.1182
 -0.101265
 -0.372988
 -1.4203
 -2.16543
 -1.99692
 -2.04164
 -0.775348
 -1.0735
 -0.417004
 -0.910271
 -1.30905
 -1.91446
 -2.11412
 -1.72739
 -2.39984
 -2.16204
 -2.42561
 -2.70118
 -1.48031
 -0.946262
 -1.61731
 -1.59344
 -1.68975
 -1.03868
 -0.838238
 -0.897782
 0.156859
 0.708617
 -0.266523
 0.234348
 1.1234
 0.401874
 0.529311
 0.258011
 0.686479
 0.13163
 -0.142156
 -0.119715
 -0.662901
 -0.924894
 -0.991237
 -1.30859
 -1.8552
 -1.63889
 0.205172
 0.0290784
 -0.0951342
 -1.49826
 -1.44558
 -1.14824
 -0.653935
 -0.989892
 -1.39832
 -0.677356
 -1.40353
 -1.63719
 -1.93248
 -1.53248
 -1.11796
 -0.766585
 -0.863054
 -1.04503
 -0.314892
 -1.08431
 -0.622337
 -0.635631
 -0.613602
 -1.76382
 -1.36054
 -1.04617
 -1.37505
 -0.714357
 -1.20237
 -0.392248
 -1.34902
 -0.606987
 -1.5848
 -2.50691
 -1.46869
 -1.50553
 -0.929298
 -0.92691
 -0.834156
 -0.663915
 -0.375236
 -1.43486
 -1.68949
 -1.48026
 -0.410817
 0.558616
 -0.450189
 0.0422543
 0.443244
 0.861449
 0.539308
 -0.213035
 -0.0979445
 0.103374
 0.0353304
 0.151337
 -0.0852985
 -0.46645
 -0.582708
 0.0651913
 0.0933356
 -0.0200481
 -0.965853
 -0.718674
 0.0355874
 -0.0824788
 -0.00891462
 -0.146762
 -0.956884
 -0.971206
 0.107057
 -0.573688
 0.575302
 0.691887
 0.420638
 0.789979
 1.23288
 1.38603
 0.271764
 0.936031
 0.630533
 0.615
 -0.39601
 0.420898
 0.86645
 1.55492
 1.52228
 1.98407
 1.71814
 1.50317
 1.34481
 0.821872
 0.591501
 0.366391
 0.10835
 -0.392622
 -0.847332
 -0.674239
 -1.24537
 -0.56127
 -0.0936364
 -0.869515
 -0.35258
 -0.519717
 -0.34478
 -0.151978
 0.227709
 -0.0386677
 0.073395
 -0.973474
 0.0914549
 -0.0783142
 -0.751368
 -0.512411
 -0.657425
 0.0440129
 -0.76339
 0.703171
 0.591317
 0.284249
 1.25317
 1.01576
 1.57945
 0.707081
 2.38361
 1.28102
 1.11579
 -0.322003
 0.225562
 -0.701878
 -0.835143
 -0.883603
 -0.555787
 0.513792
 1.4602
 1.53871
 1.38681
 0.862711
 1.51269
 1.26875
 1.21576
 0.526374
 0.708494
 0.682736
 1.60169
 0.509977
 -0.0993712
 -0.423493
 -0.404591
 -1.30376
 -0.589536
 -0.725432
 -0.864165
 -1.70516
 -0.243637
 -0.148493
 -0.42011
 -0.208348
 -0.00729369
 -0.857091
 0.718496
 0.633764
 -0.23371
 0.490617
 -0.347016
 -0.00569682
 0.418905
 0.963563
 0.691612
 -0.0690173
 0.958615
 1.46172
 2.17335
 1.69912
 0.276869
 -0.358374
 -0.358451
 -0.461114
 0.127428
 -0.822384
 -0.811367
 -0.352585
 -0.607226
 -0.850031
 -1.0891
 -0.291539
 -0.214612
 0.446583
 0.425355
 -0.124919
 -0.220193
 0.134808
 -1.38327
 -1.68611
 -1.87587
 -1.3579
 -0.701867
 -0.181997
 -0.701959
 1.33423
 1.14273
 0.743455
 -0.0389369
 0.393827
 0.171239
 -0.469618
 -0.281232
 0.205803
 -0.0213852
 -0.655033
 -0.623894
 0.271456
 0.732733
 0.255749
 0.509672
 -0.336711
 -1.30567
 -0.919873
 -0.83685
 -0.0468947
 -0.000404355
 0.83001
 0.197482
 -0.362184
 -0.847761
 -1.54897
 -1.19817
 -1.33382
 -1.78704
 -1.5549
 -0.581832
 -2.57627
 -1.57847
 -0.580715
 0.42555
 0.23045
 0.509538
 0.680676
 0.525371
 0.270377
 -0.158954
 0.377691
 0.358223
 0.774119
 1.13152
 1.65891
 1.34232
 1.83558
 1.02104
 1.54361
 0.980757
 1.90737
 0.974459
 0.642415
 1.17541
 0.0702458
 0.610213
 0.57378
 0.86299
 1.56532
 1.29047
 0.691475
 0.19474
 0.765362
 -0.549639
 -0.437049
 -0.0632981
 0.188521
 -0.109089
 -0.903064
 -0.45259
 0.294938
 -0.246706
 -0.969741
 -1.93666
 -1.60704
 -0.613633
 -1.34944
 -1.22234
 -0.923004
 -1.32895
 -1.53718
 0.413729
 0.464689
 -0.620001
 0.312554
 -0.872494
 -1.14552
 -0.829921
 0.343326
 0.778356
 0.0319229
 0.285641
 0.380544
 0.525241
 0.37358
 0.163111
 0.21548
 -0.791536
 -0.472961
 -1.17757
 -1.58208
 -0.530858
 -0.372137
 0.0277449
 0.0408169
 -1.97907
 -0.798137
 -1.21296
 -1.80152
 -1.46887
 -1.48957
 -1.79662
 -0.830044
 -0.245699
 -1.34672
 0.0494637
 -0.962376
 0.826484
 0.369582
 0.324479
 0.844113
 1.6071
 1.23875
 0.522397
 1.77504
 1.71607
 1.06451
 -0.280258
 0.110984
 -0.569748
 -0.403563
 -0.860208
 -0.70595
 -0.830083
 0.0334629
 0.364289
 -0.155731
 -0.994077
 -1.06915
 -0.484219
 0.0543238
 0.198092
 1.0374
 1.25476
 0.152181
 -0.555432
 0.938737
 0.557514
 0.902819
 0.977707
 0.0282464
 0.369087
 0.00642783
 -0.20663
 -0.371459
 -0.351649
 -0.458379
 -0.605105
 -0.3517
 -1.63841
 -0.455792
 -2.28169
 -1.60569
 -2.15648
 -1.44834
 -1.30279
 -1.98577
 -2.18869
 -1.60672
 -1.0857
 -0.47051
 -0.924724
 0.257446
 1.45438
 0.126806
 0.460575
 -1.01417
 -1.34192
 -1.66331
 -1.19421
 -0.731145
 0.127174
 -0.155942
 0.492025
 -0.260608
 0.202219
 -0.609387
 -0.164591
 -0.343266
 0.440516
 0.0591975
 -0.335325
 -0.857434
 -0.789723
 -0.252976
 0.61514
 1.77574
 0.534996
 0.353275
 0.893344
 -0.37995
 -0.466985
 -0.274037
 -0.156727
 0.195622
 -0.0635308
 -0.479965
 -0.8243
 -0.398647
 0.426181
 0.330601
 0.250367
 0.227555
 0.0169686
 0.222835
 -1.17683
 -0.993046
 -0.248855
 0.0984996
 0.0288825
 -0.818405
 -0.518588
 -0.782096
 -1.58584
 -1.19162
 -0.894148
 -0.456728
 -0.519751
 -0.0998805
 0.380386
 0.318917
 0.703286
 0.336975
 0.703275
 0.261318
 0.384466
 -0.403118
 -0.538352
 1.11495
 0.408979
 0.851382
 -0.048329
 -0.707695
 -0.57673
 -0.270399
 -1.27928
 -0.106004
 0.438007
 -0.43231
 0.618274
 0.541375
 0.0899723
 0.662926
 0.961162
 -0.302569
 -0.395779
 0.108435
 0.433724
 1.73052
 1.14696
 1.82949
 -0.074935
 -0.417998
 -0.00527022
 -0.933671
 -1.75279
 -0.270135
 0.413834
 -0.200606
 -0.786807
 0.124171
 0.555258
 0.907876
 0.908414
 0.173301
 0.187377
 -0.0720579
 -0.195507
 -0.431156
 0.89778
 -0.204862
 -0.397728
 -0.0199476
 0.374415
 1.526
 0.639325
 1.12793
 0.811003
 0.587433
 -0.0097832
 0.0709951
 0.180792
 0.0288603
 -0.209269
 0.572342
 1.27883
 0.809241
 1.98625
 0.657241
 1.27843
 0.611096
 1.02451
 0.288917
 0.35944
 0.452527
 0.346717
 0.377102
 0.628558
 0.506086
 1.13294
 1.58603
 1.12084
 0.848299
 0.201799
 0.180604
 1.16768
 1.25846
 0.248355
 0.899937
 0.407402
 0.0547854
 0.293589
 1.73984
 1.125
 1.14366
 0.459343
 0.345197
 0.686235
 -0.694851
 -0.703009
 -1.92206
 -2.29345
 -1.71168
 -2.18599
 -1.73023
 -0.524599
 -0.44324
 -0.41581
 -0.69797
 -0.383066
 -1.02477
 -1.86726
 -1.5668
 -1.01367
 -0.996402
 -1.0686
 -0.764862
 -0.13732
 0.790725
 0.677016
 1.78657
 1.93749
 1.96934
 0.772615
 -0.00143443
 0.533396
 0.797125
 1.20676
 0.497401
 0.288929
 0.947902
 1.13015
 -0.363443
 0.34735
 -0.109887
 -0.599377
 -0.080989
 -0.471286
 0.654654
 1.14232
 -0.216534
 0.240117
 0.194836
 1.2476
 0.693728
 1.29942
 0.602072
 0.566215
 1.4855
 0.984089
 0.656443
 0.342977
 -0.323389
 -1.23093
 -1.16721
 -0.898879
 -1.1334
 -0.354721
 0.43329
 -0.340578
 0.418734
 1.4678
 1.15897
 0.145652
 0.723253
 -0.84103
 -0.337828
 -0.139221
 -0.47322
 0.36527
 0.030082
 0.720199
 1.32499
 1.302
 1.54986
 1.88404
 1.22991
 1.01913
 1.03424
 1.43522
 0.717307
 2.14884
 1.18554
 0.941584
 0.594091
 1.0198
 0.875882
 0.173367
 0.649522
 -0.700553
 -0.613915
 0.0796993
 0.549156
 0.159709
 -0.047063
 0.05865
 1.04498
 1.08421
 1.21562
 2.61132
 2.32302
 0.462143
 -0.731844
 0.601513
 -0.0228061
 -1.1468
 -0.337798
 -0.353372
 0.250383
 0.73605
 0.937917
 0.861677
 0.81241
 -0.322148
 0.142689
 -0.0914405
 -0.200726
 0.0108568
 -0.0273996
 -0.5376
 0.319687
 0.760011
 0.344472
 -0.0805256
 0.792981
 1.0206
 0.0808074
 1.07885
 1.27362
 2.68919
 2.1052
 1.59428
 0.588904
 -0.464801
 -0.563614
 -0.415196
 -0.844605
 -0.653551
 0.0232152
 0.133055
 0.882318
 0.00153033
 0.495763
 0.430469
 0.547607
 -0.134655
 1.02295
 1.33623
 1.37659
 0.797022
 -0.381816
 0.524508
 -0.269068
 -0.156084
 -1.52356
 -1.0758
 -1.4974
 -1.18442
 -0.353054
 -0.403137
 -0.329826
 -0.779266
 -0.466314
 -0.781969
 -0.773682
 0.0931263
 -1.62426
 -0.859873
 -1.15179
 -0.812045
 -0.853748
 -0.836919
 -0.207895
 -0.414338
 -0.294923
 0.459957
 0.810761
 0.619435
 0.745445
 1.37936
 1.15779
 1.18265
 1.56374
 1.5588
 1.67748
 1.71539
 1.90432
 1.35099
 0.427854
 -0.516225
 -0.53332
 -1.61716
 -0.521082
 0.63553
 0.533535
 0.550332
 0.669093
 0.405939
 0.845186
 0.834499
 1.55407
 0.881485
 1.54061
 1.22394
 1.26238
 0.508898
 0.674336
 1.21014
 1.76612
 1.10905
 1.11781
 0.779075
 0.000154598
 0.458587
 0.556749
 1.69392
 0.963701
 0.434591
 0.142177
 -0.435714
 0.340538
 -0.942636
 -1.83618
 -0.503668
 -0.333687
 0.137318
 0.370704
 -0.190601
 -1.02903
 -1.33687
 -1.02195
 0.119966
 -1.45984
 0.281202
 -0.19374
 -0.54251
 -0.921261
 -1.23688
 -1.83862
 -1.07688
 -0.557398
 0.541892
 0.525618
 0.0775154
 1.93827
 0.685133
 -0.533976
 -1.35519
 -0.842241
 -0.263826
 -1.27625
 0.260534
 -0.291227
 -0.528518
 -0.00389132
 0.895753
 0.704173
 1.45555
 1.01585
 1.30479
 0.615985
 0.317731
 0.74834
 0.538235
 0.14299
 -0.548972
 -1.24219
 -1.59015
 -1.89875
 -1.5734
 -1.46198
 -1.23408
 -0.00686257
 -0.434387
 0.251606
 0.502447
 0.102103
 0.511241
 -0.480303
 0.0878792
 0.769591
 0.628734
 -0.159949
 0.646759
 0.236449
 0.206126
 0.555628
 0.511266
 1.43007
 0.622201
 -0.175519
 -0.725796
 -1.14758
 -0.819421
 -0.037271
 -0.351879
 -0.396774
 -0.214169
 0.103151
 -0.538227
 -0.0199305
 0.180725
 -0.467614
 -0.188139
 -0.683682
 -0.450914
 -0.782271
 -0.118648
 -0.0103341
 -0.431001
 -0.41558
 -1.49594
 -0.427463
 -0.725366
 -0.132739
 0.884198
 1.968
 1.68453
 0.897744
 0.241317
 0.244892
 1.08604
 1.69649
 0.936059
 0.512766
 0.660118
 -0.573382
 0.0828221
 0.424039
 1.96693
 2.86035
 2.85946
 1.42215
 2.00726
 1.80257
 1.20098
 1.54996
 2.15578
 1.86074
 0.614251
 0.33664
 0.539708
 -0.27735
 -0.114974
 0.596224
 0.677089
 -0.287073
 0.163869
 -0.350364
 -0.198384
 0.163739
 0.0801949
 -0.712768
 0.111799
 -1.15022
 0.328331
 1.79054
 1.03699
 1.05326
 0.314416
 0.832544
 1.63506
 1.44881
 0.670233
 0.930198
 1.67537
 0.507722
 0.064734
 0.232946
 0.828305
 0.00854964
 0.473195
 0.17995
 0.870167
 0.923432
 0.705238
 -0.0422258
 -0.685985
 -0.678035
 -0.172298
 -0.731868
 -0.481606
 -1.4377
 -0.369027
 -0.188193
 -1.08256
 0.472228
 -1.121
 -1.06741
 -1.99656
 -1.86105
 -0.679379
 -1.35071
 -2.34454
 -0.94244
 -0.748412
 0.542747
 0.13044
 0.220292
 0.263794
 -0.387245
 -0.190749
 0.214697
 0.872856
 0.753194
 -0.116614
 0.795596
 2.07235
 0.949455
 1.20326
 0.369687
 0.0392668
 0.228062
 -0.237558
 0.425715
 1.42637
 0.398109
 0.488179
 0.597444
 0.488708
 1.21375
 1.78336
 2.55063
 1.2143
 2.03351
 0.396255
 -0.233815
 -1.00628
 -0.0049838
 0.358172
 1.07094
 0.80082
 0.431215
 0.0752274
 0.232633
 0.920486
 1.54916
 0.866671
 0.582377
 0.0165068
 -1.29266
 -1.09819
 -1.06873
 -1.47402
 -1.03595
 -2.20079
 -2.08066
 -1.49321
 -1.42576
 -1.56262
 -0.793343
 -0.901216
 0.0406822
 -0.63724
 0.114726
 0.152317
 -0.0443856
 -0.254352
 -0.295258
 -1.62798
 -1.05176
 -0.541677
 0.0613895
 -0.0628493
 0.267055
 0.55307
 0.928617
 2.03725
 1.36904
 0.509983
 1.52939
 1.54944
 1.82152
 1.21909
 0.59693
 0.0441599
 -0.44755
 0.46909
 0.054315
 0.297334
 0.254361
 -0.166139
 0.397558
 0.664646
 1.82096
 0.887551
 1.4612
 1.34491
 1.18496
 0.361064
 0.39041
 1.05197
 0.614325
 1.08627
 1.24962
 0.256132
 0.075646
 -0.160681
 -0.139803
 -0.371521
 -0.710846
 1.13963
 0.203169
 -1.10946
 0.60212
 -0.0545694
 -0.456138
 0.207726
 -0.530165
 0.523525
 0.665529
 0.386898
 -0.965405
 -0.216287
 -0.835041
 -0.113362
 1.07263
 0.707779
 0.801024
 -0.120149
 0.492034
 0.913278
 0.00210601
 -0.0632704
 -0.171936
 -0.244821
 0.522753
 -0.0736633
 1.37563
 0.967292
 1.08446
 0.895202
 0.766175
 1.2244
 0.539511
 0.20883
 -1.1736
 -1.65243
 -0.900578
 -1.17182
 -1.43684
 -1.53171
 0.188711
 -0.445185
 -0.184279
 -0.267947
 -0.835568
 -0.183604
 -1.27343
 -0.479025
 -0.489148
 0.020452
 0.109763
 0.191765
 0.344635
 0.234788
 -0.0935447
 0.319654
 0.451436
 0.935186
 0.950189
 2.1187
 3.07547
 2.2984
 2.42852
 1.54289
 1.75763
 2.88918
 3.14726
 1.81477
 1.60408
 1.37591
 1.96606
 1.21194
 0.599861
 0.702946
 1.30379
 0.943432
 -0.650991
 0.964295
 -0.397612
 0.251764
 0.612421
 1.31854
 1.16895
 1.38084
 0.363064
 -0.284842
 -1.31866
 -1.43988
 -1.97637
 -2.01824
 -1.12607
 -1.84304
 -1.56088
 -1.97365
 -1.26859
 -1.59473
 0.179943
 0.52201
 0.685182
 0.371404
 -0.913381
 -1.1291
 -1.65857
 -1.93303
 -2.94282
 -1.30055
 -0.0154211
 -0.422626
 -0.970736
 -0.975834
 -1.31863
 0.386818
 0.41966
 0.455627
 -0.837563
 -0.243951
 -0.245354
 -1.21592
 -1.88627
 -1.39023
 -0.946627
 -1.24503
 -1.39367
 -1.06825
 -1.63838
 -0.978232
 -0.376292
 0.0811402
 -0.0553538
 0.422199
 -0.215678
 -0.183775
 -0.859034
 -0.533985
 -1.35693
 -1.40112
 -2.17058
 -2.13018
 -1.09502
 -0.336217
 0.140498
 -0.368874
 0.145895
 -1.09192
 -0.777805
 -0.582327
 0.468879
 0.768574
 0.155364
 0.745561
 0.820045
 1.0028
 1.11005
 0.782794
 1.54542
 0.955294
 1.1089
 1.84888
 1.26891
 1.65678
 1.09578
 0.787362
 0.985542
 0.205482
 0.994566
 0.329583
 0.28476
 -0.118015
 1.22554
 -0.239471
 -0.656165
 -1.54662
 -0.848042
 -0.452872
 -1.77121
 -1.53865
 -2.76466
 -2.63857
 -2.30909
 -1.56574
 -1.23805
 -1.15674
 -1.07455
 0.637778
 1.05577
 0.39505
 -0.490713
 -0.252157
 -0.507018
 0.577027
 0.620017
 -0.633201
 0.175892
 -0.53784
 -1.6504
 -1.4022
 -2.15567
 -1.62021
 -0.76222
 -1.38908
 -0.208085
 0.495518
 -0.125532
 0.838124
 -0.158163
 -0.853123
 -1.49081
 0.0414986
 0.121219
 -0.560287
 -0.356263
 -1.14244
 -0.651823
 0.41367
 0.591528
 0.843751
 0.352162
 1.64694
 -0.33676
 1.19827
 0.820425
 0.595339
 0.725093
 1.16357
 1.41186
 0.374801
 0.44269
 -0.161392
 -0.582112
 -1.5024
 -0.980974
 -0.749482
 0.0561172
 -0.11488
 0.468662
 1.38225
 1.08393
 0.641789
 0.340165
 0.401814
 -0.0447665
 -0.48505
 -1.31653
 -2.04457
 -2.56831
 -1.76994
 -2.04367
 -2.09204
 -1.26689
 -0.818037
 -0.782959
 -0.235312
 0.652296
 0.108063
 0.358751
 -0.0437468
 0.342105
 1.00326
 1.30373
 1.25301
 0.399335
 -0.537717
 -1.53179
 -1.39845
 -1.02454
 -0.175356
 -0.400446
 -0.0868471
 -0.524645
 -0.799877
 -1.00555
 -0.659637
 -0.233853
 0.972156
 0.795007
 1.3006
 0.637512
 0.199152
 0.0852428
 -0.210979
 -1.00483
 -0.150563
 0.229362
 0.213789
 0.122142
 0.0310514
 -0.755482
 -0.862279
 -0.887122
 -1.48921
 -0.493734
 -0.731901
 0.636335
 1.24312
 0.885736
 1.18309
 0.481068
 -0.628937
 -0.104435
 -0.16074
 -0.448345
 -0.437688
 0.235911
 0.799979
 0.287851
 0.0347248
 -1.15188
 -1.28021
 -0.800311
 -0.531797
 0.349183
 1.01895
 1.01951
 0.557854
 0.732393
 0.737148
 2.224
 1.53972
 1.21783
 1.21614
 1.22619
 0.101196
 0.601291
 0.776521
 1.40087
 0.88046
 0.762362
 -0.0307396
 0.044123
 0.503287
 -0.447544
 -1.89318
 -2.27702
 -1.42772
 -0.956813
 -0.204329
 -1.26276
 -1.12881
 -1.12798
 -0.970584
 -1.46761
 -1.394
 -1.0047
 -1.45105
 -1.2114
 -1.68306
 -1.20523
 -0.612022
 -0.823553
 0.269162
 0.912555
 1.68437
 2.16767
 2.58821
 1.27931
 1.3548
 1.24257
 1.80275
 1.82185
 2.36303
 2.13883
 2.43621
 2.37634
 1.3057
 1.58751
 1.24857
 0.487195
 0.763998
 -0.751541
 -0.555467
 -0.892201
 -0.820612
 -0.476588
 -0.837899
 -1.6786
 0.36237
 -0.39469
 0.00640708
 1.52215
 2.09748
 0.860507
 0.385373
 -0.652947
 0.325841
 0.314636
 -0.638375
 -0.676781
 -0.354372
 -1.31668
 -1.22866
 -1.13218
 -1.03437
 -0.963694
 -0.927163
 -0.841974
 -0.745803
 -0.673972
 -0.127492
 0.949918
 2.30542
 1.69325
 1.22088
 0.469243
 0.18053
 -0.366135
 0.0140852
 0.391196
 0.460706
 -0.238516
 0.243148
 -0.233648
 0.0821389
 0.685614
 0.759046
 0.175924
 0.0962377
 -0.376508
 -0.824569
 -1.36535
 -1.45987
 -1.30057
 0.0056529
 0.907997
 1.67563
 1.09742
 1.55556
 2.22872
 1.73997
 1.39396
 1.86487
 0.0288513
 -0.501073
 0.00674999
 -0.169882
 -0.355045
 -0.177762
 -0.757509
 -0.717644
 -0.497237
 0.0795019
 -0.535969
 0.227182
 -0.529017
 -1.75401
 -1.58982
 -0.85009
 0.01189
 0.322794
 0.283501
 -0.815019
 -0.475097
 0.206097
 0.856045
 1.10703
 1.53406
 1.0468
 1.73859
 1.68064
 1.49562
 0.905306
 0.896647
 -0.208395
 -0.147416
 -0.678032
 -0.812312
 -1.27026
 0.0351372
 -0.608363
 0.0390364
 -0.439903
 0.57485
 -0.762362
 -0.507567
 -0.921451
 -0.808106
 -1.03969
 -0.606355
 0.00968544
 -0.516139
 -0.830578
 0.370734
 -0.295507
 -0.39918
 -0.157225
 1.27436
 -0.2169
 -0.867334
 -0.096599
 0.0415786
 -1.36961
 -1.97994
 -1.75136
 -0.597296
 0.297776
 0.440419
 0.77179
 1.03717
 0.638999
 -0.363376
 -1.04207
 -0.926881
 -0.163727
 -0.469227
 -0.555798
 -1.07065
 -0.297862
 -0.139654
 -0.937186
 -1.30961
 -1.385
 -0.64891
 -1.39212
 -1.10555
 -1.16226
 -1.17951
 -0.897949
 -0.907172
 -0.68622
 0.0675303
 -0.880161
 -0.529434
 -0.414656
 -0.0802651
 -1.32078
 -1.41149
 -1.60358
 -0.0523485
 -0.602446
 -0.456725
 -0.203979
 -0.291228
 -0.400965
 -0.432953
 -0.297885
 -0.679811
 -0.0722969
 0.272531
 1.45701
 0.25788
 0.121642
 -0.646091
 -1.29508
 -1.65646
 -2.29103
 -2.42921
 -1.48213
 -1.01828
 -1.05168
 -1.29047
 -1.46426
 -0.0405883
 1.12123
 -0.354443
 -0.79958
 -1.24146
 -0.346155
 -0.917791
 -0.505438
 -0.188371
 0.736571
 0.635674
 0.405684
 0.372663
 1.38225
 0.98186
 1.55013
 2.07418
 1.77563
 1.38742
 -0.183483
 -0.532646
 -0.551102
 -0.241384
 0.277969
 0.703951
 0.279767
 -0.0826085
 -1.16906
 -0.115856
 0.342107
 0.356344
 0.649999
 0.165723
 -0.418515
 -0.289
 0.388869
 0.124177
 -0.792357
 0.843199
 -0.0476735
 -0.957519
 0.90697
 0.801577
 0.656645
 0.355494
 1.28248
 0.427025
 0.157578
 -0.110891
 0.719933
 0.397174
 0.604536
 0.457147
 -1.05926
 -0.796454
 -0.751699
 -2.46523
 -1.46943
 -2.27718
 -1.38177
 -1.61856
 -0.502166
 0.331983
 0.104379
 -0.215809
 -0.560821
 0.11979
 -0.373477
 0.232857
 -0.636318
 -1.64521
 -0.370892
 -0.932137
 -0.907054
 -0.612226
 -0.668801
 -1.62149
 -0.524782
 -0.433828
 -0.0929371
 0.256452
 0.608114
 -0.000127135
 -0.395769
 0.104991
 0.240285
 0.599565
 0.921459
 -0.0924621
 -0.958675
 -0.218368
 -0.0467687
 -0.442494
 0.420049
 -0.422513
 0.233465
 -0.151009
 -1.90954
 -1.79356
 -1.50596
 -0.61936
 -0.481775
 -0.440012
 0.470227
 0.863862
 -0.15936
 0.141793
 -0.0405909
 0.236785
 0.102843
 0.0751328
 0.241757
 0.858584
 0.336182
 -0.154462
 -0.940177
 -0.105161
 -0.482333
 0.224387
 0.782481
 1.15779
 0.991538
 0.996961
 1.02137
 1.46911
 0.916313
 0.64497
 1.22788
 1.469
 -0.024626
 0.509494
 0.565341
 -0.529853
 -0.332194
 -1.99439
 -0.471986
 -0.101997
 0.0551256
 0.44966
 0.148667
 -0.843882
 0.604807
 1.0598
 2.05849
 2.11746
 0.262147
 0.578019
 0.442418
 0.702775
 -0.120482
 0.371548
 -0.0850503
 0.79279
 0.847628
 -0.519938
 1.09426
 0.169396
 -0.992508
 -0.476163
 0.246124
 -0.104037
 -1.00928
 -1.80034
 -2.2752
 -1.46984
 -1.07946
 -0.702527
 -1.1139
 -0.126293
 -0.499667
 -0.212865
 0.688786
 -0.610331
 0.107665
 0.125551
 0.278291
 0.348615
 -0.0565854
 0.284659
 0.259481
 -0.172863
 -0.525933
 0.221605
 -0.579358
 -0.0244321
 0.518716
 0.552013
 0.744262
 0.495706
 1.07126
 1.07209
 0.426895
 1.8215
 0.919183
 0.511718
 -0.00981148
 0.452145
 -0.0877342
 -0.274211
 -0.937286
 -0.810404
 -1.38849
 -1.12469
 -0.863641
 -0.842783
 0.149792
 0.395965
 -0.236938
 0.73259
 1.17196
 0.426505
 -0.291591
 -0.0840548
 0.0975419
 -0.0301755
 0.188409
 0.0772925
 0.0534164
 -0.00797673
 0.0746627
 -0.598414
 0.0497843
 -0.85677
 0.649873
 -0.206199
 0.414387
 -0.452704
 0.272579
 0.237101
 -0.0809028
 -0.519255
 -0.431492
 -0.540518
 1.72671
 0.788714
 0.907225
 2.55086
 2.17652
 0.974329
 0.694228
 0.477342
 0.834779
 0.588515
 -0.811595
 -0.201159
 0.550455
 -0.103292
 -0.609645
 0.269121
 -0.140559
 -0.0856303
 0.601685
 0.319662
 -0.153274
 -0.135772
 -0.260027
 0.151746
 0.111737
 0.0313376
 0.550146
 0.719364
 -0.750896
 -0.0586467
 -0.573694
 -0.112986
 0.0119283
 -0.178356
 0.436256
 1.6342
 0.169919
 -0.81967
 0.248062
 -0.155725
 0.554266
 1.01098
 0.361969
 -1.16737
 -1.31538
 -2.29263
 -1.05426
 -1.13497
 -2.25339
 -1.77719
 -1.39681
 -1.04852
 -1.49449
 -1.40702
 -0.706291
 -0.123927
 0.246106
 1.24078
 1.8105
 1.82727
 2.51435
 2.17647
 2.05122
 1.78384
 0.054764
 -1.50379
 -1.57554
 -0.88288
 -0.510216
 -0.997666
 -1.46922
 -2.13667
 -1.35768
 -0.569744
 -0.113975
 0.491059
 1.87359
 0.492179
 0.929159
 1.90052
 1.9003
 2.24338
 1.19913
 1.65125
 1.77776
 1.50582
 0.409754
 -0.174361
 -0.657769
 -0.276495
 0.827065
 1.47572
 1.03647
 1.04044
 0.729686
 0.540298
 0.497807
 -0.505446
 0.0371947
 0.342549
 0.34958
 -0.0497722
 0.383096
 1.42482
 0.34229
 0.744955
 0.633822
 0.0403045
 1.18873
 0.857079
 1.08135
 0.501459
 1.32652
 1.24988
 0.757257
 0.947798
 1.34119
 1.57591
 0.629059
 0.678185
 0.943894
 0.245445
 -0.151051
 -0.0766006
 -1.49107
 -1.04957
 -0.383749
 -1.01665
 -0.485625
 -0.0450266
 -0.86146
 -0.726259
 -0.649475
 -0.337903
 0.343911
 1.6465
 0.173102
 0.319336
 0.535419
 0.346986
 0.560891
 0.796834
 0.734219
 -0.0584192
 -0.0144502
 0.385484
 0.900619
 0.403417
 -0.0375723
 1.38537
 1.16805
 0.696728
 0.361786
 -1.18231
 -0.40674
 -0.131337
 0.834461
 1.28844
 0.824041
 0.970321
 0.995344
 1.0102
 0.911767
 0.179609
 -0.651239
 -0.417197
 -0.404529
 -0.000841769
 0.632263
 0.31013
 0.161976
 -0.210705
 0.421087
 -0.220874
 0.384205
 0.865461
 1.20962
 2.02658
 1.51412
 0.791495
 -0.134988
 -0.43581
 0.37712
 0.735436
 -0.2549
 -0.547374
 0.186686
 0.460426
 -0.615501
 -0.707436
 -0.0547496
 -0.698075
 0.113822
 -0.716729
 0.00643914
 -2.05479
 -1.72704
 -1.98319
 -1.28729
 -0.0968663
 -0.209853
 0.735081
 0.626509
 0.553313
 -0.0249507
 -0.1593
 0.851027
 0.269856
 0.00516667
 0.0439762
 -1.66144
 -0.334466
 -0.90971
 -0.587559
 -1.02497
 0.171076
 -1.16752
 -0.971864
 -1.35999
 0.0778074
 -0.527821
 -0.0113335
 -0.276341
 -1.27337
 -2.43417
 -3.32632
 -2.18975
 -2.23163
 -2.02263
 -1.88534
 -1.81527
 -0.553993
 -1.48731
 -1.48242
 -1.19632
 -1.68657
 -0.685558
 -0.223711
 -0.358529
 0.0301641
 -0.523163
 0.102634
 -0.711506
 0.27368
 0.500812
 0.468986
 -0.294029
 0.289425
 -0.530519
 -0.0281062
 -0.454206
 -1.36996
 -0.875099
 -1.0401
 -2.1617
 -2.26644
 -0.900446
 -1.31308
 -0.854489
 -0.346231
 -0.168862
 0.116403
 1.03799
 1.38008
 1.44537
 1.50572
 0.992101
 -0.260736
 -0.300056
 -0.872227
 0.567312
 0.751965
 0.517858
 0.00721597
 1.02538
 1.74306
 1.41111
 0.798971
 -0.0639893
 -0.232831
 -0.116945
 -0.363614
 -1.43461
 -1.06477
 -0.898814
 -0.183243
 -0.689988
 -0.47666
 -0.702675
 -0.433052
 -1.24347
 -1.08579
 -1.13876
 -0.748466
 -0.132852
 0.213788
 0.0964604
 -0.187438
 0.765507
 1.36243
 0.754566
 1.4514
 1.72386
 0.672031
 1.5885
 1.20273
 -0.0253852
 -0.29664
 -0.205232
 -0.848753
 -0.828673
 -0.334035
 0.890132
 0.0265924
 -0.0775445
 -0.0377767
 -0.290397
 0.61259
 0.608092
 0.691105
 0.8295
 1.73605
 1.20676
 0.400875
 1.43052
 0.491157
 0.53763
 0.61629
 1.56042
 1.55248
 1.22493
 -0.817723
 -0.872513
 -1.45912
 -0.939573
 -1.25347
 -2.2985
 -3.10046
 -1.20584
 -0.230764
 -0.797063
 -1.96938
 -0.789054
 -0.588726
 -0.904997
 -1.45812
 -2.12349
 -1.29353
 -1.26498
 -0.562941
 0.113981
 -0.584045
 -0.97983
 -0.80574
 -1.29358
 -2.30927
 -1.68012
 -1.41542
 -0.670908
 0.207689
 -0.651492
 -0.630536
 0.656255
 0.365955
 -0.457206
 -0.309354
 -0.256944
 0.207928
 -0.291068
 -0.377028
 -1.07097
 -0.369024
 -0.641516
 -0.810281
 -0.380478
 -0.590394
 -0.99594
 -0.685286
 -0.607088
 -0.107289
 0.0222225
 0.197007
 1.49865
 0.700522
 0.81267
 0.839712
 0.83386
 1.65123
 1.21749
 2.26188
 1.56942
 0.382179
 0.189403
 1.08541
 1.19033
 1.40994
 0.220599
 -0.464741
 -0.192801
 0.88907
 0.970936
 1.06733
 0.43358
 0.427841
 -0.0972786
 0.935237
 -1.10887
 -1.11516
 -1.48901
 -0.740312
 -0.346794
 0.5175
 0.794451
 0.939277
 0.590782
 0.249524
 0.10914
 0.00378972
 -0.220424
 -1.01487
 -1.6524
 -1.12521
 -0.340052
 -0.707898
 -0.433913
 -0.208748
 0.715937
 0.841678
 -0.158639
 -0.18478
 -0.920799
 -0.271323
 -0.37086
 -0.272092
 0.475716
 0.673549
 -0.0209042
 0.184862
 0.523393
 0.102496
 0.713433
 1.38065
 0.863107
 1.70079
 1.21292
 1.15591
 1.07167
 0.729592
 -0.169359
 0.115113
 -2.04582
 -1.26489
 -2.10312
 -0.801887
 0.0625821
 0.142311
 0.611926
 1.50287
 2.77962
 2.25723
 1.2492
 0.100551
 -0.027674
 -0.16166
 0.0174277
 1.12737
 1.33176
 1.53515
 0.839635
 1.05646
 0.750966
 1.04415
 -0.220064
 -0.294996
 0.915469
 0.171079
 -0.771777
 -0.540294
 -1.13394
 -1.07632
 -1.50418
 -1.28951
 -0.394393
 0.28165
 -0.49738
 1.41693
 0.950095
 0.776712
 -0.766037
 -0.783586
 0.0430826
 0.926991
 1.67492
 1.43602
 0.417144
 -0.185662
 -0.0968154
 -0.439437
 -1.39231
 0.595588
 0.0817363
 -0.0626263
 0.945105
 0.0102989
 1.21215
 -0.0849585
 -0.408657
 -1.49958
 -0.498013
 -0.0375167
 -0.089659
 0.251862
 0.55102
 0.233227
 0.732358
 -0.136347
 -0.024828
 -0.795019
 -0.721659
 -1.51352
 0.331373
 0.0138332
 0.523356
 -0.281667
 -0.425676
 -0.698384
 -0.963815
 -1.33719
 -0.55953
 0.267681
 0.394791
 1.3166
 0.0978916
 0.275843
 0.66037
 0.464557
 0.418774
 0.345509
 0.28189
 0.863083
 1.39388
 0.505693
 0.116665
 0.622911
 0.384994
 1.19202
 0.767708
 1.32237
 1.14036
 1.3662
 1.55143
 0.270602
 0.608634
 -0.274074
 0.207551
 -0.492733
 -1.24876
 -1.33972
 -1.60956
 -0.850722
 -0.560503
 -1.02823
 -1.06837
 -1.95088
 -2.70158
 -1.81435
 -1.69679
 -1.40823
 -0.416268
 0.270267
 -0.0551013
 0.95445
 1.20589
 0.159941
 0.299575
 0.380193
 -0.229866
 -0.681303
 -0.659246
 -0.927405
 -1.32841
 0.283402
 0.207452
 1.1206
 1.15254
 0.494651
 -0.653213
 -1.19748
 -0.52081
 -0.754349
 -0.972181
 -0.81229
 -0.432925
 -1.13676
 -2.05422
 -1.71433
 -1.14843
 -1.17654
 -0.710821
 -0.539663
 -0.287618
 -0.711195
 -1.18291
 -1.65366
 -0.829013
 -0.706828
 -0.362293
 -0.130007
 -0.511663
 -1.1763
 -1.19911
 0.335988
 1.16351
 0.808754
 0.406059
 0.917855
 0.174929
 -0.810716
 0.0829822
 0.426399
 2.14724
 0.954244
 -0.118973
 -0.354956
 -0.410275
 -0.639123
 0.21334
 -0.0157013
 -0.672643
 -0.8413
 0.287648
 0.99638
 0.435663
 0.921874
 -0.268012
 -0.345794
 -0.0686699
 0.447815
 1.07484
 1.06266
 0.720785
 0.684311
 0.167748
 0.486686
 0.060752
 -0.243685
 -0.454822
 -1.50588
 -0.759659
 -1.03091
 -1.06462
 0.00911492
 0.590631
 -0.32325
 -1.75345
 -1.9405
 -1.17154
 -0.349588
 -0.78216
 -0.61283
 -0.788598
 -1.74419
 -1.26145
 -1.36472
 0.211712
 0.666691
 0.750351
 1.52689
 1.76269
 1.75782
 1.47017
 1.27689
 0.131393
 1.08779
 0.935492
 1.19286
 0.120898
 -0.384387
 0.897878
 0.679513
 0.404927
 -0.10661
 0.172718
 0.0267748
 0.107843
 0.130256
 -0.785695
 -0.271174
 -0.633846
 -1.80219
 -1.84579
 -0.511871
 -0.970386
 -0.371097
 -1.3095
 -0.281686
 -0.526937
 -1.14745
 -1.48682
 -1.75474
 -1.54388
 -1.7513
 -1.80541
 -1.59587
 -0.488932
 -0.432318
 -0.775825
 0.731332
 0.504919
 0.294096
 0.448796
 -0.0924498
 -0.0718786
 -0.169354
 -0.771174
 -1.74028
 -1.3005
 0.0213659
 0.0683232
 0.654819
 -0.465976
 -0.278846
 -1.20722
 0.679896
 0.144462
 -0.578659
 -1.54026
 -1.9323
 -0.784661
 -0.48236
 0.417101
 0.784154
 0.6488
 -0.0358372
 -0.595159
 -0.332039
 -0.120135
 -0.166014
 0.571871
 0.622607
 0.808623
 1.20325
 0.486269
 1.27825
 1.73827
 2.26844
 1.38627
 1.71242
 1.17803
 -0.0651533
 0.24319
 -0.969831
 -0.0550597
 -0.212797
 -0.131548
 -0.852755
 -0.49885
 -0.966771
 -1.956
 -1.26332
 -1.9401
 -0.310076
 -0.460309
 0.0540321
 -0.233183
 -0.205635
 -0.314195
 0.728021
 -0.473476
 -0.205898
 -1.40681
 -1.2821
 -0.881031
 -1.56215
 -1.06189
 -1.23845
 -1.62757
 -0.978661
 -0.337813
 -1.71105
 -1.3205
 -0.258631
 -0.371626
 -1.71283
 -1.40467
 -0.995949
 -1.63554
 -1.18625
 -2.4442
 -3.09197
 -2.3705
 -1.80759
 -0.558313
 -0.758172
 -1.61223
 -0.762897
 -0.207164
 -0.583052
 -1.67391
 -1.08903
 -1.18988
 -0.784033
 -1.0307
 -1.05229
 -0.717743
 -0.377317
 0.0236233
 -0.0312786
 -0.633754
 -0.768024
 -0.775883
 -1.65446
 -1.15451
 0.347572
 -0.107241
 -0.763714
 -0.221706
 -0.809925
 -0.256277
 -0.545681
 0.715614
 0.350084
 0.784221
 0.417261
 -0.766724
 -0.62227
 0.289604
 -0.706652
 -1.66802
 -0.270857
 0.12788
 1.22944
 0.155937
 0.0889749
 -0.418868
 -0.843125
 -0.707529
 -0.705071
 -0.492141
 -0.180474
 0.761963
 1.14657
 1.43023
 1.81099
 1.15948
 0.87041
 0.059492
 0.58233
 0.177158
 0.2653
 -0.210489
 -0.543632
 0.00356925
 0.275712
 -0.860887
 -1.3388
 -1.79429
 -0.514669
 0.194073
 -0.0774361
 -0.304822
 -0.853964
 -0.560822
 -1.20942
 -0.959463
 0.179296
 0.611641
 1.31932
 -0.766672
 -0.30907
 -1.61316
 -1.59337
 -0.834489
 -1.69304
 -1.876
 -1.13169
 -1.39052
 -1.60606
 -1.99694
 -1.37762
 -0.526236
 0.0518558
 -0.196422
 -0.269124
 0.750085
 1.43375
 -0.272742
 0.279679
 -1.08209
 -0.44097
 -0.985095
 0.282852
 -0.679178
 -0.171068
 -0.663114
 0.79814
 0.556383
 0.586075
 0.361016
 0.66175
 0.623788
 0.038374
 0.490549
 -0.0774429
 1.06297
 1.46722
 -0.452192
 -0.14637
 -0.508828
 -0.783396
 -0.618561
 -1.67433
 -0.854853
 -0.443054
 -0.387434
 0.117958
 0.218927
 -0.0554115
 -0.250089
 -0.577447
 -0.951946
 -0.737741
 -0.87331
 -1.2002
 -0.995681
 -0.777653
 1.03154
 1.2995
 0.870886
 -0.687724
 -0.190257
 0.570486
 0.896513
 1.68595
 2.13799
 1.37338
 0.683473
 1.06736
 1.6577
 0.955833
 0.214142
 -0.020101
 -0.0354991
 0.505344
 -1.12482
 -1.44924
 -0.719002
 -0.616147
 -0.977218
 -0.927512
 -0.995614
 0.181764
 0.0846342
 0.0604662
 0.791732
 0.432056
 0.650327
 0.598266
 0.0255926
 -0.26118
 -0.656896
 -0.0303979
 1.25537
 1.15272
 0.666077
 0.61591
 2.17678
 0.657241
 1.81968
 1.57131
 1.35457
 0.754618
 0.703408
 -0.429846
 0.726507
 0.823767
 -1.14632
 -0.243859
 -0.913608
 -0.682335
 -0.969086
 -0.111175
 0.197465
 -0.564525
 0.311284
 1.04373
 1.01552
 -0.0523455
 0.0574526
 0.704667
 -0.436306
 -0.626274
 1.28215
 0.634886
 1.86655
 0.987166
 0.0528417
 0.58192
 0.776172
 -1.06997
 0.101264
 0.0319227
 0.100482
 0.498395
 -0.363075
 0.149274
 0.789342
 0.0488668
 -0.100933
 -0.359189
 -0.429022
 -1.49776
 -0.593131
 0.0510433
 1.29216
 0.743488
 0.523986
 1.17775
 0.835849
 0.199847
 0.580124
 1.22202
 -0.0487678
 -0.606125
 -0.485947
 0.751265
 0.480745
 0.918337
 1.84325
 0.993233
 1.32399
 0.81144
 0.00442346
 -0.203661
 0.404165
 0.362759
 0.0957282
 -1.11024
 -1.00318
 -1.10146
 -0.21825
 -0.709733
 0.581459
 0.599551
 0.0717718
 1.11953
 0.668851
 -0.400146
 0.369102
 0.137085
 0.0329714
 1.18821
 1.34574
 1.8128
 1.12697
 0.828633
 0.0283844
 -0.275509
 -0.230453
 -0.357629
 -0.419132
 0.20784
 1.17789
 0.262614
 0.636792
 -0.671211
 -0.0900294
 -1.26524
 -0.262818
 -1.61429
 -2.119
 -1.19162
 -1.30771
 -0.268259
 -0.838147
 -0.539674
 -0.730105
 -0.251071
 -1.35165
 -2.12066
 -0.579119
 -0.545413
 0.73839
 1.00053
 0.0234537
 0.311001
 0.114946
 0.77265
 -0.0719947
 0.434788
 0.0392042
 0.880886
 1.21403
 1.47421
 0.194092
 0.696657
 -0.226015
 0.720871
 0.774973
 0.0996897
 -0.0739148
 -0.622447
 -0.871851
 -0.4229
 0.242659
 0.503911
 1.1928
 1.83991
 0.722167
 -0.630592
 -0.111475
 0.646615
 1.49668
 2.40255
 1.56554
 0.592988
 0.0258814
 -0.271106
 -0.166456
 -0.224383
 0.43562
 0.531978
 0.0747044
 -0.147045
 -0.465063
 0.264538
 -0.646555
 -0.747522
 0.776012
 1.40502
 0.35436
 -0.600591
 -0.469334
 -0.757389
 -0.292811
 -0.667684
 -0.57569
 -0.0334223
 0.56439
 0.991721
 0.312382
 -0.64967
 0.186017
 0.803053
 1.51774
 1.86396
 2.17566
 1.24308
 0.520948
 -0.17347
 -1.00106
 -1.44634
 -1.3649
 -1.67955
 -0.763137
 -0.726435
 -0.882911
 -0.724718
 -1.63414
 -1.05841
 -0.0549902
 -0.0735422
 0.592864
 0.617421
 -0.277807
 0.287766
 0.644253
 0.946157
 1.16738
 0.780732
 1.93158
 1.91241
 0.922849
 0.716947
 -0.125541
 0.0505018
 0.441531
 0.0496854
 -0.0808285
 0.3016
 -0.0624758
 -0.879732
 0.03336
 1.38578
 2.33604
 3.2279
 1.99203
 1.04867
 0.976496
 1.23828
 0.648935
 0.552951
 0.998434
 -0.444323
 -0.475215
 -0.143072
 0.462012
 -0.523344
 -0.864345
 -0.708634
 -1.40376
 -0.119247
 -0.529995
 0.373834
 -0.215391
 -0.189768
 0.35512
 -0.92071
 -0.771834
 -0.626742
 -0.722959
 0.175844
 0.732375
 1.14685
 1.43358
 1.30571
 0.857695
 0.25457
 0.120721
 0.000473118
 -0.262359
 0.732043
 0.224581
 -0.331526
 -0.254105
 -0.584681
 -0.0529025
 0.355999
 0.175997
 0.427155
 0.374711
 -0.589717
 -1.52345
 -0.872638
 -0.868862
 -1.0769
 0.303835
 0.687107
 1.00106
 0.788208
 0.157735
 1.10918
 0.449602
 0.394201
 1.17349
 0.292576
 1.68168
 0.123099
 1.08454
 -0.0857884
 -0.992405
 -0.723832
 -0.488358
 -1.0641
 -0.17287
 -0.266669
 0.519466
 0.434597
 -0.194956
 0.650315
 1.00634
 1.85865
 2.71324
 2.5851
 2.23855
 1.34623
 1.9554
 0.507208
 1.13122
 0.241214
 0.887507
 -0.230326
 0.375237
 0.0168017
 0.253001
 0.377431
 1.05177
 -0.153332
 -0.496663
 0.157214
 -0.495189
 -1.04915
 -0.125459
 -0.276469
 -0.753899
 0.414365
 1.03215
 0.755328
 0.814453
 1.25241
 0.95719
 0.241081
 0.688429
 -0.370432
 -0.312141
 -1.31455
 -1.41881
 -1.32054
 -0.209066
 0.00459236
 0.412861
 -0.654741
 0.162425
 0.369645
 1.00111
 0.563014
 0.486134
 0.826263
 -0.376741
 -0.363419
 -0.661373
 -1.8646
 -0.458067
 0.412529
 0.955999
 0.944222
 0.476215
 1.4815
 0.912937
 0.161693
 -0.763453
 -0.0398211
 1.07956
 2.22534
 1.42418
 0.912011
 0.608239
 0.766906
 0.719818
 0.751818
 0.116027
 0.349626
 1.68829
 0.895159
 1.38969
 0.944196
 -0.0172404
 0.174833
 1.34097
 1.91073
 0.83464
 0.961513
 0.328725
 1.11894
 0.205265
 -0.105655
 0.203368
 0.271674
 -0.477004
 0.878848
 0.54385
 1.01003
 0.525585
 0.388027
 0.522595
 -0.275479
 -0.299229
 -0.90916
 -1.82185
 -1.98052
 -0.962621
 -0.53947
 -0.711626
 -0.330428
 -0.374047
 0.434003
 0.47479
 0.690984
 0.391715
 -0.712266
 -0.394843
 -0.00259101
 0.465898
 0.629754
 0.716235
 0.17639
 0.706642
 0.548565
 -0.0153583
 -1.15048
 -0.346946
 0.840399
 0.734939
 -0.428528
 0.302445
 0.401961
 0.464809
 0.387349
 0.251473
 0.392459
 -0.0994568
 -0.0427715
 -0.110414
 0.00535953
 -0.788975
 -0.830535
 -0.0549717
 0.631404
 -0.0185898
 -0.339831
 -0.267789
 -0.252909
 -2.08071
 0.0453665
 0.568706
 0.72636
 1.11581
 0.941526
 0.778164
 1.51083
 1.29304
 0.968882
 0.996306
 1.81427
 0.798732
 0.490909
 0.345296
 -0.719946
 -0.192046
 0.420742
 0.141296
 -0.627556
 -0.138732
 0.290315
 0.663673
 0.470535
 -0.323776
 -1.12643
 -0.442563
 -0.724142
 0.148888
 -0.0392993
 1.0674
 0.835681
 1.49951
 1.59559
 1.77393
 1.75884
 0.813475
 0.998347
 1.00201
 1.63334
 1.91884
 1.96367
 0.925327
 0.965858
 0.929614
 2.01674
 2.26078
 2.15988
 1.43668
 1.04156
 0.418244
 1.2819
 0.369214
 -0.493384
 0.621831
 0.904855
 1.05193
 1.45265
 0.596598
 -0.198158
 -0.167248
 0.185263
 -0.00827382
 -0.64028
 -0.423361
 -1.14794
 -2.43064
 -2.55224
 -3.4133
 -2.59728
 -2.72127
 -2.36658
 -2.35354
 -2.25102
 -0.654111
 -0.345789
 -0.83102
 -0.825233
 -0.165722
 0.241322
 0.407202
 0.584542
 0.0859788
 -0.868994
 -0.236041
 0.315973
 0.731603
 0.657435
 -0.172653
 0.112544
 0.609809
 -1.21958
 0.717414
 1.14421
 1.33608
 1.29096
 0.215176
 -0.919807
 -0.491365
 -0.0818506
 0.331713
 1.03912
 1.27377
 1.53731
 0.834517
 0.967916
 1.09478
 0.785418
 1.45978
 1.44342
 1.43868
 0.4603
 0.319325
 -0.795239
 -0.173292
 1.33838
 0.927784
 0.350625
 0.233958
 -0.0977885
 -0.514232
 -0.773602
 0.707484
 1.12565
 2.21815
 2.42998
 2.50436
 1.6462
 1.26231
 0.869261
 0.945536
 1.39208
 1.20702
 0.973882
 0.240217
 -0.239386
 -0.490757
 -0.537606
 -0.259788
 -0.224642
 -0.511297
 0.55299
 0.755712
 0.124205
 0.660328
 0.948178
 1.74215
 1.30968
 1.23796
 0.825353
 0.613376
 -0.39782
 0.754105
 1.22704
 1.36081
 0.885907
 0.979195
 1.3764
 1.3296
 0.759888
 0.119514
 0.20399
 -1.07181
 -0.699282
 0.498237
 -0.110171
 -1.82137
 -0.884472
 -0.962274
 -0.825577
 -0.775537
 0.145372
 0.481903
 0.406961
 0.379269
 0.8172
 1.09658
 0.343412
 0.614561
 0.158996
 -0.124816
 -0.756186
 -1.09378
 -0.454119
 -0.80294
 -0.648002
 -0.0963461
 -0.167222
 0.053522
 -0.265918
 0.289421
 -0.024159
 -1.07995
 -0.351686
 -0.289701
 -0.304819
 -0.846088
 -0.0247241
 0.24939
 0.218734
 -0.38008
 -0.29527
 -0.0559999
 -0.0211855
 -0.0976767
 -0.874184
 -0.273882
 -0.253839
 0.570322
 0.695383
 0.0390848
 -1.13792
 -1.01771
 0.210039
 0.555406
 1.94808
 1.70808
 0.907978
 0.872857
 -0.271736
 0.321904
 0.193451
 1.09807
 0.653685
 0.65465
 -0.181603
 -0.559844
 -1.04143
 0.0848998
 0.390333
 0.490196
 0.0410978
 0.706289
 1.50458
 1.39818
 0.243702
 0.773971
 1.05369
 1.23878
 0.675798
 1.43685
 1.00438
 1.37816
 1.24714
 0.383099
 0.856578
 -0.0293967
 0.239981
 0.31891
 0.767479
 -0.693578
 -0.325986
 0.0676733
 0.15449
 -0.788796
 -0.59595
 -0.437763
 0.17695
 0.153529
 -0.449624
 -0.788666
 -0.416961
 -0.00130364
 -0.541405
 0.262965
 0.558759
 -1.01187
 -1.3874
 -1.57299
 -1.67744
 -0.888392
 -0.770297
 -0.469003
 -0.260494
 -1.10794
 -0.454382
 -0.471939
 -0.631269
 -0.128106
 -0.123023
 0.0186029
 0.503876
 0.257486
 0.14256
 -0.313278
 0.325744
 0.332123
 0.358494
 0.639234
 0.743091
 0.322898
 0.909116
 0.507004
 -0.288819
 -1.00064
 -1.78243
 -1.8031
 -1.43621
 -1.4595
 -2.31927
 -1.85875
 -2.07795
 -1.46635
 -1.62614
 -0.922021
 -0.964314
 -0.595545
 -1.18823
 -1.63179
 -1.04184
 -0.647258
 -1.90396
 -1.33951
 -0.220034
 -0.916955
 -0.169919
 -0.861802
 0.111789
 -1.25396
 -1.12979
 -2.3731
 -2.04461
 -2.19876
 -3.67248
 -3.32054
 -2.62655
 -2.99023
 -4.31811
 -2.42124
 -1.99295
 -0.95106
 -1.16804
 -0.603109
 0.884133
 0.486012
 0.0901895
 -1.02085
 -0.547985
 0.529289
 -0.087679
 0.956083
 -0.0713335
 0.240169
 0.164689
 0.293644
 -1.06392
 -1.36319
 -0.528734
 -1.03292
 -0.247204
 0.194464
 0.160777
 0.0542961
 -0.27689
 0.427749
 0.355132
 0.319705
 0.751007
 -0.646901
 -1.13242
 -0.512183
 -0.664571
 -0.570487
 -0.219617
 -0.67709
 -0.997752
 -0.239099
 1.57393
 1.47055
 0.576646
 0.0737186
 -0.825961
 0.089864
 -0.643254
 -0.209919
 -0.855011
 -1.12447
 -1.09587
 -0.626824
 -0.596707
 -0.317194
 -0.979714
 -1.71635
 -1.03491
 -1.479
 -0.086109
 -1.16513
 -0.858301
 0.615917
 0.632469
 1.29659
 0.935967
 1.95754
 1.26931
 1.9877
 1.42751
 0.686936
 0.963969
 0.207215
 -0.483843
 -0.474344
 -1.10452
 -0.135999
 -0.114303
 -1.02622
 -0.0504192
 -1.2051
 -0.914864
 -1.43581
 -0.691805
 -0.332001
 0.410554
 0.0685012
 -0.330001
 0.0441815
 0.386346
 0.923748
 1.27901
 1.60932
 0.97023
 -0.179008
 -0.281528
 0.279691
 1.08818
 1.82031
 1.94943
 1.1427
 1.06258
 1.34889
 1.44305
 0.842099
 0.974912
 0.483807
 1.19914
 0.929797
 -0.806908
 -0.567687
 -1.32645
 -0.592633
 0.409389
 0.484346
 1.10984
 0.954225
 0.0259188
 -0.0807378
 0.388409
 0.394638
 -0.672794
 1.02166
 -0.0205327
 0.0598147
 -0.296683
 -0.116053
 0.00345597
 0.889558
 0.293252
 0.0373776
 1.01422
 0.507498
 -0.524266
 -0.868256
 -0.215062
 -0.663825
 -0.236707
 -0.286304
 -0.280441
 -0.833625
 -0.268379
 0.599867
 1.31806
 1.68017
 2.09539
 1.95108
 1.3304
 1.99097
 2.09294
 1.6467
 1.01242
 1.371
 0.591357
 1.92156
 2.01191
 1.66983
 2.29916
 1.54106
 0.211221
 0.456283
 0.327713
 -0.575465
 0.701624
 0.813186
 0.371129
 0.449546
 0.51073
 0.82313
 0.0398569
 -0.17185
 0.00518583
 0.726153
 0.33101
 -0.0206811
 0.539925
 -0.11477
 -0.0431208
 -0.610686
 0.821251
 0.63379
 1.2742
 0.662756
 -0.400383
 -0.359731
 1.57899
 0.781932
 0.709148
 0.858603
 1.45615
 1.79728
 0.933016
 0.239106
 -0.469425
 -0.275005
 -0.4845
 0.624124
 -0.740112
 0.433189
 1.16643
 0.968066
 0.495348
 -0.373044
 0.354458
 0.215999
 0.127216
 0.0746047
 -0.858778
 -0.554835
 -0.400658
 0.184904
 0.984609
 1.4684
 0.825529
 1.06079
 1.61188
 0.805397
 1.62819
 1.8597
 1.03623
 -0.164757
 0.0382835
 -0.152492
 -1.05021
 -0.408285
 -1.05964
 -1.88074
 -0.982462
 -1.61976
 -1.91424
 -1.14461
 -2.0536
 -2.22624
 -2.0322
 -2.09994
 -0.952596
 -2.11226
 -1.12001
 -1.20719
 -1.67484
 -0.401579
 0.412144
 -0.596557
 -0.481729
 0.210812
 -0.314957
 -0.48742
 -1.21051
 -0.403072
 -0.248182
 0.0305879
 -0.462079
 -0.745739
 -1.44655
 -1.41974
 -0.881822
 0.751633
 -0.368586
 -0.376403
 0.12105
 0.797762
 1.2248
 1.14836
 1.97576
 1.03214
 0.255487
 0.455514
 0.103228
 -0.150665
 -0.217736
 0.368485
 0.174319
 -0.443988
 -0.106569
 0.504697
 0.490197
 0.614027
 0.281001
 0.119211
 -0.350522
 -0.688053
 0.158183
 0.873109
 0.336682
 -0.264158
 -0.629917
 1.14301
 1.0665
 -0.180834
 -0.572716
 0.112478
 -0.725757
 -1.3776
 -1.1778
 -1.12335
 -0.636118
 0.419448
 -0.356426
 -0.919019
 -0.677491
 -0.996078
 -1.12146
 -1.45654
 -1.22571
 -1.06407
 -0.842367
 0.107535
 0.213461
 -0.471603
 0.499492
 0.56589
 0.0923229
 -0.479126
 -0.112843
 -0.869452
 -1.91484
 -1.31225
 -1.61653
 -2.33971
 -1.78988
 -1.4319
 -0.340652
 -0.335101
 0.993677
 1.06226
 0.354932
 0.657245
 -0.392456
 -0.11524
 -0.327714
 -1.08249
 0.00208029
 -0.25053
 0.3659
 0.324951
 -0.638448
 -0.246389
 -1.70162
 -0.59098
 -0.249775
 0.00810725
 -0.914325
 -0.153922
 0.648542
 1.62246
 2.14819
 1.91446
 1.03037
 1.37398
 1.1629
 2.21826
 1.82192
 2.19618
 2.39786
 1.62808
 1.06004
 -1.08937
 -0.121316
 -0.59777
 -0.525923
 -0.515062
 -0.446031
 -0.921409
 -0.940719
 -1.43684
 -1.37645
 -0.743141
 -1.05853
 -0.711805
 0.894993
 0.394771
 0.458764
 0.321326
 -0.107124
 -0.723958
 -0.327712
 -0.881712
 -0.56785
 0.0752363
 1.16179
 1.37549
 2.03363
 1.13388
 0.731272
 -0.146121
 0.478474
 0.0318221
 0.0946672
 -0.229562
 0.327513
 -0.423965
 -0.721161
 -0.671311
 -0.993098
 0.252127
 0.294739
 -0.493591
 -0.0814041
 0.0662161
 -0.210529
 -0.456626
 -0.0752788
 -0.224939
 0.0764749
 0.489439
 -0.434724
 0.483272
 0.786832
 0.752119
 0.585119
 1.02724
 0.00552868
 -0.171803
 -0.49672
 -2.07813
 -1.5823
 -0.916161
 -2.26138
 -0.722064
 -0.0271426
 -0.535173
 0.459131
 0.0961073
 -0.034832
 0.295718
 0.677667
 1.5565
 1.83724
 1.57249
 1.44351
 0.921362
 -0.64272
 -0.376043
 0.495627
 0.746052
 -0.245972
 -0.298112
 -1.16
 -0.987024
 -1.11866
 -0.692465
 -0.325213
 -1.1218
 -1.28881
 -1.27888
 -1.33354
 -0.959975
 0.165923
 -0.349852
 -0.495448
 -0.64383
 -0.493033
 -0.563076
 -0.477392
 0.751901
 1.61772
 1.5684
 1.51623
 1.37737
 1.50956
 0.228179
 -0.0683031
 0.190755
 0.400904
 0.612637
 0.879202
 0.569049
 0.949244
 0.999531
 1.15136
 1.59772
 1.04585
 1.2788
 1.63298
 1.0098
 -0.0988219
 -1.06467
 -0.69118
 0.879275
 1.22972
 1.92358
 1.27066
 1.21439
 -0.109592
 -0.606299
 0.581988
 0.31946
 0.319914
 -1.34181
 -0.365183
 -0.12902
 -0.180083
 0.360813
 0.304242
 1.62667
 1.17285
 -0.215864
 -0.319948
 0.594243
 0.690709
 0.356282
 -0.202474
 -0.0130197
 -1.23316
 -1.64752
 -0.812817
 -1.11938
 -0.720423
 -0.525406
 -0.291572
 -0.702848
 -1.40521
 -1.35932
 -1.84148
 -1.58216
 -2.60521
 -1.62965
 -0.745158
 0.51955
 -0.654314
 -0.873555
 -1.46112
 0.218723
 -0.162118
 -0.0348805
 1.02549
 0.649549
 0.412104
 0.628136
 0.492564
 -0.287481
 -0.597549
 -0.191785
 0.292352
 0.471518
 -0.606189
 0.185889
 0.0664849
 0.2941
 0.188433
 -0.445787
 -0.545449
 -0.464379
 -0.199743
 0.9444
 0.31014
 0.177862
 0.209462
 -0.289887
 -0.550915
 -1.12163
 -0.526085
 -0.181171
 0.101215
 0.586656
 0.885709
 -0.189752
 -1.30981
 -0.13331
 -0.0089803
 0.417267
 0.911374
 0.709561
 0.318741
 -0.0848367
 -0.790849
 -0.920626
 -0.674978
 -0.661167
 -1.20753
 0.892462
 1.90559
 0.73482
 0.204032
 0.514697
 -0.403808
 0.0553462
 0.451873
 -0.250948
 -0.320831
 -0.276125
 0.519786
 -0.0861944
 -0.2322
 0.628838
 0.42217
 0.252196
 0.534605
 0.150462
 -0.0473029
 0.458156
 -0.13368
 -0.000568095
 0.968559
 0.157155
 0.820476
 0.901548
 1.28964
 1.67376
 0.377788
 0.146114
 -0.915737
 -0.62958
 0.410693
 -0.511062
 -0.682661
 -1.05043
 -2.21738
 -1.2115
 -0.949168
 -1.0309
 -0.994328
 -0.374267
 0.60016
 -0.37027
 0.25572
 -0.026599
 0.6075
 0.114781
 0.462141
 0.285056
 0.53457
 -0.681367
 -0.437125
 -0.925922
 -0.204255
 -0.0478758
 -0.675441
 -0.922178
 -1.4859
 -1.06355
 -1.37718
 -2.11878
 -2.19087
 -1.31327
 -0.977054
 -0.293913
 -1.07565
 -0.25652
 -0.895485
 -0.806051
 -1.24151
 -1.21934
 -0.390961
 -0.572353
 0.0365159
 -1.12325
 -0.68336
 -0.584776
 -1.73273
 -0.639156
 -0.955363
 0.344822
 -0.131447
 -0.106456
 0.709065
 0.627598
 -0.0259533
 -0.425034
 -0.0725037
 -0.859198
 -0.582661
 -0.52336
 0.276126
 -0.291693
 -0.449193
 -1.08326
 -0.974345
 -0.197412
 -0.0478718
 -1.13468
 -1.58534
 -1.6474
 -1.79162
 -1.52596
 -1.04486
 -0.125193
 -0.14507
 0.118916
 0.817343
 -0.729309
 -0.00967303
 0.935371
 0.398777
 0.453207
 -1.01938
 -1.08822
 -0.480185
 -0.704906
 -0.670691
 -1.0991
 -0.623641
 -0.995543
 -1.65492
 -0.819721
 -0.69458
 -0.617612
 0.524733
 -0.241407
 0.00632827
 0.341859
 -0.0947838
 -0.281156
 -1.23557
 -0.560147
 -1.29154
 -1.88514
 -1.07624
 -0.691805
 -0.336414
 -0.130909
 -1.0864
 -1.03765
 -1.71484
 -0.251367
 0.873413
 -0.484092
 1.48383
 1.54643
 2.42634
 2.50098
 2.11608
 1.62839
 1.73453
 2.27173
 1.51125
 1.20835
 0.760294
 0.156567
 0.193101
 -0.28123
 -0.412749
 -0.262757
 -0.720578
 -0.709884
 0.13319
 -0.297566
 -0.619239
 -0.613939
 0.256579
 0.249572
 0.568887
 1.36069
 0.424488
 0.901964
 1.38227
 2.24857
 1.01502
 0.574088
 -0.384208
 -0.827764
 -1.51471
 -1.57538
 -1.43686
 -1.68459
 -1.78678
 -0.0736738
 -0.168014
 0.497297
 0.309591
 1.0702
 3.43775
 3.49139
 1.74889
 1.67848
 0.544572
 0.795572
 -0.31002
 0.0574559
 0.490222
 0.622658
 -0.298253
 -1.61439
 -1.12575
 -0.501548
 -0.172838
 -0.188641
 -0.388924
 -0.0777438
 0.522101
 0.252973
 0.472355
 -0.258543
 -0.142335
 0.0077109
 0.423013
 -0.0311826
 -0.421316
 -0.961123
 -1.0178
 -0.350174
 0.892696
 1.43124
 2.19786
 1.43418
 1.98133
 1.25622
 1.02088
 -0.049029
 -0.699291
 -1.2132
 -0.672014
 -0.00587078
 -0.843053
 -0.663072
 -0.524305
 -0.467483
 -0.195749
 -0.424025
 0.243785
 -0.269033
 0.448424
 -1.06784
 0.479102
 -0.405183
 0.175421
 0.714206
 1.80326
 1.77266
 1.76963
 1.18319
 1.05902
 0.70784
 0.780318
 -0.18382
 0.0486086
 0.4831
 -0.234655
 0.184654
 0.474616
 -0.270742
 1.18871
 0.415101
 0.0472392
 -0.795092
 -0.737646
 -0.906792
 -1.24543
 -1.01285
 -1.46432
 -0.768446
 0.0448353
 -0.334995
 0.399951
 0.855287
 0.540423
 0.194734
 0.492411
 -0.865917
 -0.982699
 -1.66863
 -1.5946
 -1.15323
 0.0990974
 0.486738
 -0.00680742
 0.687149
 -0.370749
 0.128374
 0.967948
 0.793272
 0.842435
 1.14338
 1.04036
 1.26244
 0.65269
 0.542896
 -0.717591
 -0.87705
 -0.613264
 -0.218813
 -1.15978
 0.275241
 1.46391
 1.80875
 1.41542
 2.41002
 1.21873
 2.04802
 1.03436
 0.937336
 -0.0232181
 -0.491375
 0.208204
 0.683086
 1.76747
 1.80741
 1.11084
 0.349501
 0.632005
 0.316773
 -0.255666
 -1.35047
 -1.13611
 -0.99183
 -1.09408
 -0.485383
 -0.421263
 -0.283298
 -0.971276
 -0.425541
