 -0.0542247
 0.113168
 -1.32295
 1.37194
 -0.51852
 0.449121
 0.238039
 0.927543
 0.293195
 -0.147002
 -0.419195
 0.606288
 -0.277745
 -0.329694
 0.389116
 -0.167381
 0.898431
 0.0734505
 0.0761756
 1.38967
 -0.966913
 -0.624149
 0.943185
 -1.13172
 0.474142
 -0.089612
 0.0216898
 -0.105003
 -0.0715302
 0.350675
 0.00987983
 0.783723
 -1.68204
 1.30908
 -1.46031
 1.11962
 -0.267366
 -0.128736
 0.13112
 -0.0831914
 1.35716
 -0.79927
 1.01784
 0.0170257
 0.445728
 0.0145677
 -0.897304
 0.294802
 -0.67847
 0.74538
 0.335663
 -0.273099
 0.38375
 -0.434265
 0.913363
 0.143188
 -0.452983
 1.09107
 -0.314495
 0.485467
 -0.0228555
 -1.72396
 0.287377
 0.352302
 0.666453
 0.415728
 -1.3386
 0.750324
 -1.09217
 1.90714
 -0.566276
 0.72601
 1.20239
 -0.970518
 0.886972
 -0.454028
 0.427972
 0.386741
 -0.197359
 0.0438401
 -0.139286
 -0.0684491
 0.746627
 -0.857106
 1.22746
 -0.30117
 -0.829903
 0.86053
 -1.4095
 0.612813
 -0.632918
 0.56818
 -0.110343
 0.107314
 0.284056
 0.76589
 -0.12207
 0.212463
 -0.71173
 0.176241
 -0.727483
 0.770701
 -0.897946
 0.526007
 -0.246617
 0.154587
 -1.10574
 0.867532
 -0.424464
 0.744137
 -0.384132
 -0.44848
 0.0711677
 -1.4771
 1.35265
 -0.779499
 0.19303
 -0.340901
 0.231355
 0.56979
 -1.05014
 0.612867
 -0.340349
 0.092462
 0.233745
 -0.277356
 -0.771759
 0.89142
 -0.547073
 2.10683
 -1.15572
 0.760005
 -0.927427
 0.231102
 -0.959726
 0.492683
 -1.11874
 -0.185129
 -0.253139
 0.811739
 0.277568
 -0.579704
 1.33191
 -0.617278
 0.374586
 -0.717963
 -0.469577
 0.408535
 -0.53359
 -0.0467202
 0.235671
 -0.272326
 -0.203895
 0.501109
 -0.292853
 0.716939
 -0.114824
 -0.433363
 0.70797
 -1.51082
 0.438335
 0.675804
 -0.644985
 0.860417
 -0.798435
 -0.0650132
 0.768158
 -0.706611
 0.451629
 0.126487
 0.325746
 -0.0587038
 -0.549284
 0.282391
 -0.805146
 -0.158813
 -0.112183
 0.246842
 -1.45713
 0.241405
 -0.864248
 -0.0683049
 0.352604
 -1.32846
 1.21002
 -1.17795
 -0.386346
 -0.266901
 0.478189
 -0.539846
 0.573195
 -1.40202
 0.925004
 -0.601854
 0.487925
 1.18247
 -0.644862
 1.22894
 -0.466661
 0.615601
 0.409191
 -0.358627
 0.398829
 -0.568954
 0.131359
 -1.1685
 1.45091
 -0.875066
 0.360306
 -0.347968
 0.695573
 0.2787
 -0.0103381
 0.560039
 -0.621654
 1.60246
 -0.551671
 0.798935
 -0.54628
 -0.472349
 -1.01287
 0.544117
 -0.907586
 1.45003
 -1.32774
 0.989591
 -1.11485
 0.270314
 -0.441056
 1.07792
 -0.419999
 0.95893
 0.220298
 0.423604
 -0.586836
 0.243077
 0.699197
 -1.98178
 1.85641
 -1.30427
 0.316016
 -0.10171
 0.189428
 -0.485242
 0.0557716
 -0.0231763
 0.0587073
 0.102597
 0.555075
 -0.51899
 1.278
 -0.183386
 -1.20598
 1.0735
 -0.295387
 0.564957
 -1.30994
 -0.377383
 1.15738
 -1.13745
 1.47446
 -1.78513
 2.16039
 -0.895616
 -1.05252
 2.06838
 -1.74706
 1.1518
 -0.428339
 -0.566619
 0.224395
 -0.502408
 -0.0333761
 -0.351303
 0.960524
 -1.22774
 0.911225
 -0.754509
 1.03086
 -0.731152
 0.263446
 0.415914
 -0.344462
 -0.339267
 0.126353
 0.0355235
 -0.605342
 1.33005
 -1.39111
 1.05682
 -0.612271
 0.0141503
 0.180946
 -0.44366
 0.72131
 -1.16482
 -0.081614
 -0.144778
 0.00119799
 -1.18674
 1.24263
 -0.688435
 0.316911
 -0.18633
 0.864264
 -0.865833
 0.292085
 -0.59164
 0.589568
 -1.5857
 0.713394
 -0.908948
 0.736767
 -0.628871
 -0.327488
 -0.174903
 -0.118949
 -0.499326
 0.384528
 -0.122569
 0.961567
 0.303656
 1.0053
 -0.82611
 0.183838
 -0.822135
 -0.0202304
 0.838497
 -1.605
 0.849935
 -0.410039
 0.566972
 0.012899
 0.842446
 -0.22696
 0.707062
 -0.960684
 -0.368538
 1.50705
 -0.776132
 -0.318815
 -0.0709796
 -0.584823
 -0.194253
 0.621888
 -1.59239
 0.688974
 -0.847828
 1.18322
 -2.27469
 2.21434
 -2.01652
 1.81953
 -1.6547
 0.347911
 0.322148
 -0.500952
 0.82224
 -1.47841
 0.714028
 -0.042274
 0.106303
 0.771984
 0.563112
 0.621344
 -0.814268
 -0.256742
 0.820125
 0.474004
 0.669109
 0.0520813
 -1.29762
 0.508996
 0.206107
 -0.713199
 0.695771
 -0.652779
 0.693898
 -0.806824
 1.80044
 -1.47302
 1.24097
 -0.501895
 0.755045
 -0.644333
 1.35171
 -1.29018
 -0.355701
 -0.205056
 1.28108
 -0.682244
 -0.160691
 0.437776
 0.164441
 -0.708895
 -0.358525
 1.03012
 -1.54133
 2.16646
 -2.09762
 1.60023
 -0.305066
 2.07159
 -1.61643
 1.15065
 -0.622923
 0.209523
 0.893395
 -0.208546
 -0.669692
 0.166565
 0.881782
 -0.119583
 0.653768
 0.361963
 -0.0878607
 -0.248101
 0.204159
 -0.229933
 0.400154
 -0.767427
 0.0722498
 -0.683797
 0.974791
 -0.599099
 0.536047
 0.478212
 -0.593117
 -0.0927747
 0.115629
 -1.21824
 1.0018
 -1.40803
 0.185925
 0.0964562
 -0.253914
 0.412713
 0.112509
 0.772014
 -0.538101
 -0.753975
 1.24141
 -0.68593
 0.317045
 -1.25548
 0.985468
 -0.740715
 0.459893
 -0.255086
 0.621413
 0.0651988
 -0.861172
 0.552144
 0.0266038
 0.152143
 0.787231
 0.338118
 0.105651
 0.46224
 -0.718217
 -0.236027
 0.193611
 -0.0749951
 0.0161588
 1.1091
 -1.74966
 1.50865
 -0.548197
 -0.637502
 0.0862305
 0.142396
 0.271584
 -0.47426
 0.41564
 -0.511078
 0.584118
 -0.470503
 0.859458
 -0.907542
 0.179924
 0.277293
 0.100379
 -0.671316
 0.301017
 -0.0564177
 -0.915526
 -0.19259
 0.00836667
 0.184126
 -0.654913
 -0.038324
 0.124605
 -0.288775
 0.946858
 0.41181
 -0.606805
 -0.760665
 0.196205
 -1.13984
 1.22668
 -1.6112
 0.934137
 -0.836017
 0.394178
 0.124098
 -0.816146
 -0.378546
 0.13628
 0.146291
 0.486246
 -0.391956
 0.233114
 0.40688
 0.40468
 -0.285636
 0.133686
 -1.16039
 1.35948
 -0.584619
 0.769512
 0.502335
 0.131759
 0.530206
 -1.44297
 0.70066
 -0.463197
 0.366624
 -0.460639
 0.0577775
 -0.274068
 -0.293163
 0.307418
 -0.633563
 -0.272993
 0.305291
 -0.880663
 0.11593
 -0.420021
 0.23442
 -0.442286
 0.557056
 0.368635
 0.928544
 -0.646792
 -0.404704
 0.310552
 -1.32768
 1.19324
 -1.01409
 -1.31388
 0.119152
 -0.357952
 -0.15258
 0.201774
 -0.6642
 -0.244454
 0.0950666
 -0.859587
 0.533169
 -0.418697
 0.203206
 -0.970708
 1.00193
 -0.881528
 0.0211443
 0.282482
 -0.36048
 -0.385079
 0.234975
 -0.314496
 2.35053
 -2.20949
 1.83652
 -0.852151
 0.456127
 -0.820836
 0.780511
 -0.256419
 0.635659
 -0.372187
 1.53661
 -1.54375
 0.761551
 -1.2914
 0.307038
 -0.680091
 0.11176
 -0.12231
 -0.438774
 0.500721
 -0.406228
 -1.34222
 0.821445
 -0.142103
 0.271331
 0.960926
 -0.617999
 0.394768
 0.450457
 0.28324
 -0.104833
 0.526408
 -1.29619
 2.12345
 -1.78832
 0.716938
 -0.226807
 0.882241
 -0.793559
 0.609103
 -0.297233
 0.451908
 -0.956244
 -0.170539
 0.747856
 -1.01127
 0.606587
 -0.118025
 0.805708
 -0.435084
 -0.468192
 -0.221249
 -0.18339
 -0.125172
 0.637302
 -0.102015
 -0.328878
 0.496324
 -0.540094
 0.6649
 -0.196526
 0.557676
 0.498045
 0.099127
 1.07151
 0.578129
 -0.643947
 1.40687
 -0.952376
 1.46886
 -0.719074
 0.351071
 0.720338
 -1.53536
 2.10781
 -1.66002
 0.9983
 -0.793296
 1.38063
 -0.324071
 -0.979765
 1.19267
 -1.60838
 1.74157
 -0.967466
 -0.242681
 0.299713
 0.457264
 0.0909513
 0.278226
 1.00437
 -1.39856
 1.36199
 -0.725475
 0.923395
 0.610948
 -0.252526
 -0.31254
 0.737232
 -0.549009
 0.793428
 0.245891
 0.518096
 -0.598664
 1.25628
 -1.48453
 0.497283
 -0.46664
 0.278112
 -0.731627
 -0.00779883
 -0.373728
 -0.727294
 0.758292
 1.02763
 -1.13202
 0.717034
 -0.521807
 1.26761
 -1.07606
 1.21921
 -0.297481
 0.368517
 0.0668975
 0.140726
 -1.32869
 0.891633
 -1.76226
 0.659177
 0.385537
 0.342066
 -0.715858
 1.32341
 -2.51104
 1.97893
 -1.64785
 1.02347
 -0.999606
 0.443178
 -1.11736
 0.0291275
 -0.891557
 0.972933
 -0.0122673
 -0.671275
 -0.21358
 0.0549291
 0.469474
 0.0732652
 0.11878
 -0.159158
 -0.177636
 -0.242245
 0.773828
 -0.397785
 1.29542
 -0.368143
 -0.163322
 -0.10697
 -1.05341
 0.26445
 -0.329633
 0.463394
 -0.434346
 0.0810261
 -0.516577
 0.421027
 0.133466
 -0.111644
 -0.255085
 0.0861157
 -0.0195099
 -0.0012333
 0.181915
 -0.50115
 -0.0839456
 1.02286
 0.00473406
 -0.836272
 0.53251
 -1.62739
 0.947495
 -0.714517
 1.26991
 -1.24572
 1.08225
 -1.24234
 0.620974
 -1.5106
 0.313708
 -0.0128101
 -0.622006
 0.471348
 -0.0298231
 0.460974
 0.0736029
 0.505334
 -0.395317
 0.731653
 -0.736312
 0.768384
 0.0594588
 0.30662
 0.723255
 -1.02752
 1.1559
 -0.130634
 0.541883
 0.287798
 0.361396
 0.323284
 -0.904251
 0.584454
 0.120206
 -0.152879
 0.0319503
 0.937981
 -1.79739
 1.96009
 -1.72295
 1.40952
 -0.316437
 0.298163
 0.63815
 -0.283878
 0.204487
 0.219174
 -0.283971
 -1.1255
 0.862627
 -0.550219
 0.431655
 -1.01756
 1.69928
 -1.84763
 0.978808
 -0.438801
 0.71874
 -0.847714
 1.34846
 -1.42916
 0.327867
 -0.409091
 0.0824944
 -0.285963
 0.342018
 -0.881455
 -0.116124
 -0.534983
 -0.304474
 0.149044
 1.16586
 0.270769
 -0.725402
 0.714638
 -1.08103
 0.133357
 0.0699597
 -0.525377
 0.170647
 -0.514224
 0.327197
 -0.335186
 0.39797
 -0.1067
 -0.0796383
 0.319005
 -0.11741
 0.0780162
 -0.190478
 0.0795792
 -0.792121
 0.860457
 0.124462
 0.486107
 -0.311147
 0.967979
 -0.344824
 1.10457
 -0.499664
 -0.662335
 0.732302
 -0.221165
 -0.479264
 0.0943609
 -0.133727
 -0.827976
 0.242444
 -0.519351
 0.932524
 -0.680213
 0.295635
 -0.567084
 1.4163
 -0.637228
 -0.11384
 -0.139185
 0.291442
 0.336964
 -1.22074
 1.2472
 -1.9061
 2.24324
 -0.795036
 0.451296
 -0.211098
 -0.297012
 0.532439
 0.187099
 -0.504123
 0.584781
 -0.44959
 1.03126
 -1.52743
 1.14398
 0.133355
 1.07437
 -1.04189
 1.05345
 -0.511109
 -1.18649
 1.10581
 -1.49159
 0.79989
 0.186791
 -0.24437
 -0.732981
 -0.236351
 0.999382
 -0.160986
 0.839072
 0.0092031
 -0.0650614
 0.685625
 -0.188538
 1.07268
 -0.716296
 -0.396303
 0.954367
 -0.625151
 0.255843
 -0.592288
 0.594666
 -0.757346
 1.09916
 -0.26185
 -1.24171
 0.777943
 -0.334051
 -0.923104
 1.20079
 -0.303911
 -0.624928
 1.12977
 -0.804257
 0.386674
 -0.0871056
 0.481681
 -0.198357
 0.450845
 -0.00175781
 0.398185
 -0.384105
 -0.660945
 0.0231354
 0.268626
 -0.324867
 0.8185
 -0.34945
 0.311032
 -0.0444206
 -0.0398093
 0.00079232
 -0.470397
 1.05096
 -1.12376
 -0.272126
 0.161123
 0.926269
 -0.859204
 1.01829
 -0.695512
 -0.24684
 0.790061
 -0.397022
 0.310974
 -0.420813
 0.889531
 -0.188357
 -0.77473
 0.856034
 -0.914202
 1.73469
 -1.6801
 0.897415
 -0.582587
 0.977884
 0.555099
 -0.0389534
 0.830537
 -0.822039
 0.517229
 -1.09272
 0.937512
 -0.860765
 -0.180822
 0.0485698
 0.0867337
 0.0448168
 -0.601141
 -0.159397
 0.185541
 -0.978484
 0.908602
 -1.21206
 0.770465
 -0.66587
 0.253269
 -0.933414
 0.284808
 0.546054
 -0.110626
 -0.0446211
 0.416258
 -0.688193
 0.725201
 0.60884
 -1.99365
 1.82502
 -0.828334
 -0.226886
 -0.0294513
 -0.214059
 -0.0400856
 1.30301
 -1.59169
 2.11642
 -1.32253
 0.74033
 -1.24656
 0.969774
 -0.88487
 0.456946
 0.638095
 0.292365
 -0.68265
 0.525262
 0.166957
 0.375473
 -0.339679
 1.06155
 -1.05449
 1.00412
 -0.800345
 0.200896
 -0.0246203
 -0.714915
 0.379324
 -0.891289
 -0.135864
 -0.0957258
 0.495754
 0.304841
 -0.0457347
 -0.514692
 0.944768
 -0.226279
 1.74332
 -1.66181
 -0.383731
 0.633248
 -0.827972
 -0.208975
 -0.140324
 0.283761
 0.316602
 -0.227427
 0.177286
 0.821107
 -0.309681
 -0.0231248
 -0.277966
 0.600684
 0.434545
 0.261855
 0.451212
 -0.152661
 0.182661
 -0.0825572
 0.449281
 -0.533181
 0.0746223
 0.473715
 0.0775628
 0.891809
 -0.265026
 1.08383
 -0.951495
 -0.825563
 1.02845
 -1.66679
 0.658527
 0.0440882
 0.397573
 -0.295471
 0.417877
 0.736779
 -1.34894
 0.287476
 -0.236558
 -0.175274
 0.345425
 -0.401199
 -0.413766
 0.614042
 0.917855
 -0.959238
 0.790439
 -0.508459
 -0.114695
 -0.950691
 -0.136014
 -0.0724802
 -0.39974
 0.513908
 -0.669673
 1.07757
 -0.733661
 -0.348049
 0.578942
 -0.349438
 0.925056
 -1.49901
 0.255061
 0.345151
 -0.309696
 0.507985
 0.00948914
 -0.759088
 0.397148
 0.319113
 -0.532272
 0.351489
 0.857265
 -0.312984
 0.761107
 0.960732
 -0.715822
 0.962751
 -1.20907
 1.3156
 -0.22845
 -0.537622
 0.643393
 -1.04446
 1.00932
 -0.712312
 0.604631
 0.0616673
 0.63902
 0.40952
 -0.597403
 1.10298
 -0.497128
 0.483927
 -1.15403
 2.66308
 -1.12296
 0.923666
 -0.11284
 1.39353
 -0.811542
 1.04309
 -0.490341
 0.978383
 -0.498233
 -0.17841
 0.30208
 0.289532
 0.0679794
 0.178253
 0.489903
 1.10862
 -1.71652
 1.82378
 -1.30039
 0.469019
 -0.0558862
 -1.12204
 0.606267
 -0.92814
 0.727528
 -0.687367
 0.459234
 -0.450594
 0.0922978
 -0.20973
 0.420951
 0.35925
 0.441678
 -0.37874
 0.226241
 0.51296
 0.873443
 -1.43096
 0.757705
 -0.587636
 1.26189
 -1.99169
 1.44044
 -0.184788
 -0.564422
 0.335451
 0.447668
 0.520439
 -0.771607
 1.11875
 -0.856656
 -0.0478429
 -0.92529
 -0.0939864
 -0.3454
 0.140277
 -0.305724
 -0.545301
 1.57644
 -0.587385
 0.404703
 -0.348685
 0.736541
 0.765996
 -1.04761
 1.33249
 -0.935894
 1.25057
 -0.280623
 -0.247766
 0.735027
 0.304363
 -0.734416
 -0.0876877
 -0.426238
 0.0708694
 -0.599992
 -0.325461
 -0.980957
 -0.447905
 1.01054
 -0.723844
 1.02335
 -1.60756
 1.66377
 -2.55348
 1.82164
 -1.87541
 0.97599
 0.0596185
 -0.38873
 0.876792
 -1.37501
 0.516254
 -0.263094
 -0.755295
 1.70539
 -0.582171
 0.1357
 -0.379903
 0.488941
 0.335277
 0.230378
 0.71336
 0.776893
 -0.843497
 0.95598
 -0.671267
 0.227737
 1.16732
 -1.34371
 1.08978
 -0.738676
 0.289389
 -0.782829
 0.00577126
 0.752207
 -0.0669655
 -0.152197
 0.137844
 0.71925
 -1.05166
 0.346999
 0.349112
 -0.472356
 -0.291196
 0.138139
 0.0313774
 -0.814793
 0.664333
 0.0640382
 0.278775
 -0.400051
 1.15651
 -0.693393
 0.75019
 -0.207349
 0.720795
 -0.417574
 0.0846407
 0.924213
 -0.510596
 -0.0909943
 0.0615574
 -0.453763
 -0.217824
 0.162552
 -0.979143
 0.536889
 -0.410296
 0.745344
 0.700143
 0.473698
 -0.56294
 1.6156
 -1.11578
 0.851291
 -0.642189
 0.508891
 0.526344
 -1.18749
 0.367622
 0.970395
 -0.949249
 -0.110478
 -0.0410355
 0.157977
 0.104502
 -0.0794615
 0.0404692
 0.257415
 0.37676
 -0.139314
 0.0371148
 -1.06029
 1.649
 -1.3254
 -0.0833305
 0.455822
 0.603831
 -0.302883
 -0.176637
 0.213233
 0.201226
 -0.412035
 0.103658
 -0.140604
 -0.664302
 -0.391539
 0.711908
 -0.0633955
 -0.405908
 0.116605
 -0.44147
 0.416939
 -1.65756
 2.37469
 -2.09476
 0.868665
 -0.49514
 0.838946
 -1.80918
 0.39138
 0.63193
 -0.234254
 0.198622
 -0.518423
 0.868417
 -0.653222
 0.188233
 -0.469703
 -0.335381
 1.00986
 0.0546612
 -0.381383
 0.593197
 -1.33029
 0.881422
 -1.31901
 1.57058
 -2.06115
 0.0928958
 0.596509
 0.25818
 0.24103
 -0.099427
 -0.0632294
 -0.0340303
 -1.29942
 1.931
 -0.986815
 0.401508
 -1.49919
 0.99283
 -0.558891
 0.351941
 -0.339194
 0.38866
 -0.509146
 -0.509879
 -0.722252
 0.404492
 -1.5541
 0.1938
 -0.12084
 -0.0381207
 0.542508
 -0.220847
 1.04477
 -1.51662
 1.3935
 -0.462783
 0.042899
 -0.289641
 -0.497194
 -0.745224
 0.0680632
 0.731143
 -2.22665
 2.12696
 -2.37618
 0.94468
 -0.225129
 -0.50854
 1.06524
 0.0951475
 0.73341
 -0.718322
 0.208984
 -0.266129
 0.487045
 -0.56427
 0.819419
 -0.258661
 -0.282057
 0.975547
 -0.545648
 -0.236845
 1.00616
 -0.253722
 0.0431532
 0.914097
 -0.571762
 0.554331
 -0.0765428
 -0.00254756
 -1.26287
 1.39697
 -2.02789
 0.984864
 -0.558764
 0.265405
 -0.0625384
 1.00907
 -1.10314
 0.918339
 -0.769036
 0.144527
 -0.458799
 0.411265
 -0.257083
 -0.21099
 -0.832477
 -0.317638
 -0.325314
 -0.9595
 0.554077
 -0.571313
 -0.350357
 0.571184
 -0.0402543
 0.8614
 -0.333428
 -0.580986
 0.0473784
 -0.679703
 0.426758
 -0.156515
 0.915505
 0.104113
 -0.866552
 0.449741
 -0.203218
 -0.529143
 0.64738
 -0.327187
 1.2216
 -1.14425
 0.641733
 -0.551403
 1.07918
 -0.821557
 0.802456
 -0.766695
 0.789615
 -0.58368
 -0.815452
 0.519573
 0.29822
 -1.1939
 -0.0603791
 1.04135
 0.513097
 -0.891419
 -0.300797
 -0.00974652
 0.639312
 -0.60504
 0.251795
 -0.562257
 -0.382932
 -0.621764
 0.172345
 -0.288135
 0.402957
 -0.906771
 1.55565
 -0.823807
 -0.457152
 1.20724
 -0.437901
 0.202313
 -0.179237
 0.0897168
 -0.506334
 0.107148
 -0.256455
 -0.596198
 1.13234
 -2.23075
 1.65609
 -1.94687
 1.94465
 -1.90341
 0.931235
 -1.49337
 0.225802
 -0.0702153
 0.41599
 -0.39448
 0.894823
 -0.27802
 0.786269
 1.05626
 -0.990971
 0.482335
 -0.169959
 0.381186
 -0.340727
 -0.0866336
 0.35724
 -0.203037
 -0.978603
 0.472251
 -0.558649
 -0.340118
 1.51747
 -0.484668
 0.295257
 -0.0630204
 0.352682
 -0.150075
 -0.108041
 0.775968
 0.185354
 0.245501
 -1.29307
 -0.530803
 0.167398
 0.445794
 0.193234
 -0.744807
 0.550079
 -0.718661
 0.30857
 0.202948
 0.14689
 0.448973
 -0.680088
 0.737408
 0.357544
 -0.314348
 0.344534
 0.123979
 -0.864363
 0.638614
 -0.453487
 0.607754
 -0.621738
 -0.259839
 0.140968
 -0.133466
 0.0112814
 -0.0194884
 0.476968
 -1.24025
 0.111285
 -0.414632
 -0.364479
 0.516956
 -0.774489
 0.896439
 0.652922
 -0.571581
 0.51965
 -1.45018
 0.374941
 -1.16417
 0.480549
 -0.249337
 -0.460348
 0.183756
 -0.406738
 0.0895679
 -0.474705
 1.2174
 -1.23685
 -0.718828
 -0.68172
 0.443758
 0.125513
 -1.15123
 0.637149
 -1.21195
 1.03063
 -1.31244
 0.0190548
 0.338944
 -0.712759
 1.08515
 -1.28621
 1.5572
 -0.918374
 0.247739
 -0.696695
 1.03376
 0.235166
 0.162538
 -0.516439
 0.0680527
 -0.206077
 0.144083
 -0.857549
 0.745091
 -1.4053
 0.571442
 -0.469485
 -0.0589868
 0.93465
 0.452438
 -0.409443
 1.24794
 -0.808492
 1.25392
 -0.101059
 0.889137
 -0.125103
 0.137685
 -0.311446
 1.10101
 0.219138
 -0.900362
 -0.160908
 0.741785
 -2.16503
 1.46493
 -0.784598
 -0.198618
 -0.453456
 0.442169
 -0.712692
 0.495014
 -0.333265
 0.553817
 -0.35224
 -0.206723
 0.399455
 -0.805119
 0.317495
 -0.465689
 0.785054
 -1.34554
 0.443198
 -0.598163
 -0.956204
 -0.065141
 0.758229
 -0.387901
 -0.412658
 -0.0980767
 0.484062
 0.240841
 -0.801241
 1.22216
 -1.29496
 0.492813
 -0.350419
 1.21481
 -0.59994
 0.53896
 -0.585357
 0.229318
 0.00154031
 0.505736
 -0.931082
 1.22466
 -1.52774
 1.43759
 -1.36208
 0.380586
 0.0317245
 0.0662678
 0.287961
 -0.922028
 0.870706
 -0.871894
 0.899972
 -0.927471
 0.573936
 -0.701559
 0.328541
 0.839832
 -0.64319
 -1.42029
 1.50158
 -0.505142
 1.2803
 0.0164373
 0.179039
 0.317482
 -0.1894
 0.801357
 -0.406444
 1.50007
 -0.872033
 -0.0637929
 -0.623887
 0.390407
 -0.00384819
 0.0941418
 0.00871528
 -0.0246644
 0.570331
 -1.42306
 0.949233
 -1.36346
 1.72406
 -2.07496
 1.64631
 -0.802623
 0.909617
 -0.866282
 0.4157
 -0.260437
 1.15116
 -0.996832
 0.967829
 -0.73013
 0.38962
 -0.637747
 0.937864
 -1.21172
 0.24968
 0.0865985
 0.0768602
 -0.258955
 0.289399
 0.0367048
 0.840921
 -0.484892
 -0.767363
 0.951612
 -0.634879
 1.17198
 -0.959198
 0.729658
 -0.0432272
 1.56104
 -0.870974
 0.978556
 0.469748
 0.180739
 -0.482374
 0.371559
 0.283456
 0.76683
 -1.29646
 1.30921
 -0.628226
 0.74473
 -0.31541
 -0.786899
 0.0136816
 -0.964779
 1.20584
 0.392918
 -0.509097
 -0.2171
 0.0620605
 -0.659491
 0.0140365
 -0.433256
 -0.290687
 0.108844
 0.224098
 -0.408261
 1.51552
 -0.622267
 0.1111
 0.505597
 0.0733485
 -1.07302
 0.64388
 0.631383
 -1.30042
 -0.0676031
 0.13308
 -0.660406
 1.0345
 -0.735347
 1.08044
 -0.0582833
 0.377383
 0.846626
 -0.921641
 0.833772
 -0.308964
 0.319411
 0.171351
 -0.161558
 1.3325
 -0.420162
 0.438724
 0.426065
 -1.34711
 1.69488
 -1.79457
 1.06054
 -0.151922
 0.592639
 0.39469
 -1.29398
 1.11876
 0.101628
 0.784376
 -1.20133
 1.35694
 -0.636602
 0.914744
 -0.0245706
 -0.28506
 0.148959
 -0.0316421
 -0.162895
 0.35254
 0.568492
 -1.28343
 0.992516
 -0.471662
 0.601763
 -0.405465
 -0.31654
 0.148873
 -0.150149
 0.426801
 1.10708
 -1.06145
 0.711024
 -0.709993
 0.188756
 -0.594639
 0.970402
 0.166981
 -0.31425
 -0.361521
 0.712051
 -0.723227
 0.527486
 0.427506
 0.265309
 0.102626
 -0.705453
 0.845567
 -0.491642
 0.816835
 -0.813045
 0.464802
 0.0122001
 1.01965
 -1.53759
 0.832125
 -0.0831142
 0.449281
 -0.256024
 0.202573
 0.0401562
 -0.05439
 0.57651
 0.413974
 -1.29078
 1.01252
 -1.49747
 1.60784
 -1.08367
 -0.00977213
 -1.00885
 -0.00571582
 -0.116
 0.726786
 -1.7907
 1.94172
 -1.14205
 1.00421
 -1.16328
 1.53643
 -0.885279
 1.15414
 -0.319549
 0.23291
 -1.53734
 -0.0523737
 -0.450038
 0.692001
 -0.763434
 1.06148
 -0.136522
 0.5534
 -0.462032
 -0.0487897
 -0.309539
 -0.0282273
 0.560784
 0.770015
 -1.10932
 0.156862
 0.651719
 -0.653117
 0.155233
 -0.729042
 1.18047
 -1.41748
 1.85613
 -1.73626
 0.466623
 -0.934022
 1.42369
 -1.87576
 1.42837
 -0.42394
 -0.942516
 -1.45754
 1.62128
 -0.761224
 0.0886489
 -0.40387
 -0.482251
 -0.559893
 0.764976
 0.285156
 0.192383
 -0.286853
 -0.445643
 -0.217634
 0.0252408
 -0.754586
 0.438105
 -0.151991
 0.0471843
 -1.11573
 -0.32778
 -0.0778164
 0.592451
 -1.4577
 0.681024
 -0.0611349
 -0.379199
 0.632719
 -1.23618
 0.377939
 0.598069
 1.15011
 -1.91565
 1.16547
 -0.905539
 -0.266416
 0.749267
 -0.257404
 0.422486
 -1.09749
 1.21811
 -1.13815
 0.481842
 0.574891
 -0.0360922
 -0.109306
 -0.0628826
 0.373828
 -0.41053
 0.443873
 -0.936944
 1.06964
 -1.04241
 0.394156
 -1.19716
 0.999127
 -0.978331
 1.6241
 -0.672456
 1.47304
 -1.4288
 1.29871
 -1.62711
 1.36832
 -1.03502
 1.10537
 0.0376938
 -0.00512819
 -0.110183
 -0.0882374
 0.413865
 -0.685692
 1.00582
 -0.771466
 0.267215
 -0.165121
 -0.365744
 -0.456733
 0.767474
 -0.530301
 -0.0889704
 0.0554432
 -0.441862
 -0.61509
 0.469895
 0.318089
 0.925041
 -1.64098
 1.68835
 -0.863242
 1.07276
 -1.8143
 2.13329
 -1.18283
 0.819084
 -0.762312
 0.738581
 -1.05927
 1.62249
 -2.02807
 1.43478
 -0.814123
 0.632721
 -0.650644
 0.104161
 0.106498
 -0.792478
 -0.381426
 0.0118011
 0.272559
 -0.566555
 0.642195
 -0.1084
 0.762842
 -1.13211
 1.59327
 -1.55094
 1.31526
 -1.05364
 0.365172
 0.00728053
 -0.445961
 0.583329
 0.219821
 -0.717808
 0.394852
 -0.623866
 1.13881
 -1.306
 1.24519
 -0.940038
 0.840984
 -0.858471
 -0.200941
 0.731579
 -0.184387
 0.461007
 -0.291465
 -0.903973
 1.12403
 -0.506821
 0.841631
 -0.191224
 0.618741
 0.51808
 -1.38473
 0.109008
 0.111479
 0.593577
 -1.22078
 1.54392
 -1.47718
 0.561666
 0.364702
 -1.62973
 1.39743
 0.761905
 0.0441509
 0.85073
 0.599093
 1.22305
 -0.18182
 0.504529
 0.40312
 0.257774
 0.539581
 -1.23077
 1.36964
 0.055369
 -0.586048
 -0.222451
 -0.401978
 0.248935
 -0.129102
 -0.0339763
 -0.402981
 0.470395
 -1.02293
 1.16479
 -1.04794
 1.74796
 -1.79628
 1.27582
 -0.410774
 0.204245
 -0.108657
 0.349032
 0.385852
 0.114249
 -0.223455
 0.300837
 0.4412
 -0.643383
 0.920777
 0.23854
 0.291013
 1.42922
 -0.875005
 0.211002
 0.800061
 -0.52335
 -1.05302
 2.02053
 -1.49402
 2.14836
 -1.13265
 0.0127135
 0.551776
 0.247183
 -0.646036
 0.119873
 0.535979
 -0.906474
 0.378438
 -0.366419
 0.411993
 -0.483005
 -0.0740994
 -0.0761614
 0.0588048
 -0.849546
 0.816975
 -0.662801
 0.669384
 -1.25277
 1.67148
 -1.02497
 0.684657
 -0.506593
 -0.891461
 1.70607
 -1.93137
 1.54575
 -0.477391
 0.0249726
 -0.772601
 0.267877
 0.844183
 -0.458283
 0.502584
 -0.985329
 0.414324
 -0.790886
 0.924136
 -1.7273
 1.35973
 -0.779188
 0.382143
 0.0858199
 -0.555118
 0.288599
 0.918587
 0.0678946
 -0.277254
 0.695317
 -0.287596
 1.46355
 -1.76991
 0.531546
 -0.456467
 -0.225751
 0.0761367
 -0.0709223
 0.0926346
 -0.0510214
 -0.541999
 0.950499
 -1.81312
 1.26966
 -1.49251
 2.1533
 -2.07493
 1.33028
 -1.70424
 1.54551
 -0.702723
 1.25206
 -1.77995
 0.698597
 -0.321309
 0.991159
 -0.509039
 2.08786
 -1.15914
 0.241879
 -0.0371453
 0.287012
 0.250165
 0.223703
 0.344379
 0.183761
 -0.669832
 1.155
 -0.270565
 0.0136061
 -0.843773
 0.429926
 0.043549
 0.254162
 0.0851895
 -0.865076
 0.941289
 -0.341019
 -0.174039
 0.0444015
 0.296448
 -0.0524115
 0.239794
 -0.36076
 0.468946
 0.12755
 0.28771
 -0.408196
 0.305224
 1.15488
 -2.76566
 2.03832
 -1.37501
 0.572213
 -0.220825
 1.09915
 -0.415602
 -0.792437
 0.738666
 0.0434853
 -0.0453966
 -0.549188
 0.660286
 0.102779
 -0.662027
 1.60667
 -0.536479
 0.970612
 -1.03722
 -0.00677889
 0.330338
 -0.0994907
 -0.166578
 0.483319
 -0.407578
 0.862313
 -0.179125
 0.455962
 -0.749396
 -0.0364446
 -0.678457
 0.248525
 0.387288
 -0.618913
 0.298782
 -0.658234
 0.189875
 0.574529
 -0.270394
 -0.00559934
 -0.387456
 0.523647
 -0.0224726
 0.828046
 -0.74044
 -0.134649
 0.327899
 -0.158039
 0.269931
 -0.049382
 0.433846
 -0.62267
 -0.654199
 0.862622
 -1.2229
 0.778131
 -0.0891752
 1.07201
 -0.0617291
 0.544741
 0.138661
 0.382297
 0.00893299
 -1.16013
 1.25702
 -2.06691
 2.13977
 -1.81784
 1.12751
 -0.850111
 0.614891
 -0.889678
 0.0906534
 -0.39374
 1.2558
 -1.79314
 1.80843
 -1.92626
 1.97622
 -1.78087
 1.63023
 -1.28921
 0.420862
 0.894465
 -0.724199
 0.768001
 0.0337551
 0.644838
 0.584466
 -0.364678
 0.0733767
 -0.12668
 -0.860711
 -0.152051
 0.224843
 -0.70668
 0.155591
 -0.784756
 1.12088
 -0.538412
 -0.823529
 0.644966
 -0.792648
 0.221368
 0.350996
 -0.591087
 0.167427
 -0.57851
 0.868514
 -0.74291
 1.2179
 -1.55181
 1.01369
 -0.875109
 1.14036
 -1.50276
 0.242275
 -0.612425
 0.845678
 -1.0316
 0.0154304
 0.361698
 1.06148
 -0.536414
 -0.0576912
 -0.100139
 0.217148
 -0.789485
 -0.612184
 0.0866322
 -0.505144
 0.495769
 0.525605
 -0.452835
 0.148445
 -1.61131
 0.302012
 -0.74336
 0.697579
 -0.347819
 0.127837
 -0.181509
 -0.173909
 0.841327
 -1.00023
 0.0740901
 0.828816
 -0.998732
 -0.389266
 -1.12187
 0.372688
 -0.152557
 0.0642368
 -0.643215
 0.899276
 -0.612815
 0.838215
 -1.34468
 2.20476
 -1.57758
 0.262681
 -1.5989
 0.870037
 -0.241637
 0.605245
 -1.07954
 -0.256242
 -0.493061
 0.14206
 0.451921
 0.424294
 -0.437221
 0.225636
 -1.06481
 -0.557831
 0.352787
 0.171508
 0.451755
 -0.706268
 0.66101
 -0.869773
 1.03072
 -1.076
 0.236804
 0.0157514
 0.0715727
 -0.314959
 0.409875
 -0.399441
 -0.90917
 0.259983
 0.0854376
 -0.0332772
 0.181777
 -0.293945
 -0.600003
 0.715095
 -0.0645235
 2.25076
 -0.491696
 0.833355
 -0.607954
 -0.695776
 -0.00702899
 -0.117305
 -0.742646
 0.914928
 -0.860019
 1.02972
 -0.52465
 -0.658514
 1.16369
 0.0491136
 -0.0574177
 -0.359012
 0.653581
 -0.383933
 0.0566339
 0.304158
 -0.675495
 -0.722608
 1.00112
 -1.08052
 0.902817
 -1.87328
 0.849658
 0.458328
 -0.116316
 1.0249
 -0.948776
 0.0138084
 0.0915415
 0.650599
 0.272843
 -0.563738
 0.660671
 0.499498
 0.0104878
 0.284663
 -0.247837
 0.743876
 -0.168695
 0.136877
 0.37554
 0.359486
 0.756952
 0.10435
 -1.06678
 -0.714313
 0.491981
 0.288222
 -0.85829
 0.183232
 -1.0444
 1.35574
 -1.13625
 0.246928
 -0.252217
 -0.155293
 -0.201274
 0.522534
 -0.714786
 0.0545269
 -1.3524
 1.06493
 -1.22556
 1.08197
 -0.760984
 0.335786
 0.825005
 -0.150676
 0.72371
 -1.19899
 0.227585
 0.953261
 -0.633737
 0.937941
 -0.51485
 0.431728
 -0.29873
 0.741078
 -0.368425
 0.32436
 0.230531
 -0.291153
 -0.787119
 1.22984
 -0.729924
 1.8102
 -1.50399
 1.69138
 -0.599944
 0.360011
 -0.223313
 -0.0159455
 1.34242
 -0.0977172
 0.451399
 0.00334093
 -0.0388103
 -0.138556
 -0.361222
 0.171791
 -1.30576
 1.57785
 -0.954267
 0.673072
 0.343154
 -0.576204
 0.438762
 0.334517
 0.643174
 -1.20829
 0.245718
 1.26996
 -1.32901
 1.26177
 -0.23033
 -1.51503
 1.18314
 -0.828066
 0.675144
 -0.67734
 -0.0885145
 0.967365
 -0.46405
 1.17399
 -0.93231
 0.596975
 -0.550099
 -0.647243
 0.586429
 -0.740066
 0.705633
 0.500034
 -0.484466
 0.62862
 -0.610965
 -0.626397
 0.19535
 -0.248722
 0.168448
 -0.140561
 -0.51985
 1.01046
 -0.905636
 0.421285
 1.07039
 -0.650863
 1.01649
 -0.460613
 0.63648
 -0.940932
 0.764537
 -0.00375139
 -0.00463813
 -0.617676
 2.00983
 -1.33688
 0.888955
 -0.22158
 0.447815
 0.658517
 -0.31664
 0.494314
 -0.292469
 1.02917
 -0.0230762
 0.571835
 -0.516562
 -0.654708
 0.919247
 -1.10271
 1.69995
 -0.850058
 1.08882
 0.722584
 -0.160581
 -0.141422
 0.909207
 -1.03301
 1.39676
 -1.51893
 0.544977
 -0.767736
 0.463683
 -0.0878898
 0.858518
 -0.275955
 -0.503497
 0.100074
 -0.94382
 0.291912
 -1.14189
 0.724483
 -0.848331
 0.575311
 -0.408895
 -0.162668
 -0.00704151
 -0.720033
 0.460687
 -1.25822
 1.79198
 -1.18092
 0.973784
 -0.208705
 0.923556
 -0.843141
 0.46588
 -1.38924
 0.522394
 -0.74886
 0.756525
 -1.25864
 0.654356
 -0.504478
 0.276159
 -0.355215
 -0.0321665
 -0.0432296
 0.772265
 -0.61776
 0.950115
 -1.04071
 1.1482
 -0.663321
 1.73643
 -1.66527
 0.63897
 -0.760073
 0.698296
 1.35279
 -1.65904
 1.34208
 -0.516844
 0.114146
 0.010637
 1.03754
 -0.614549
 0.453332
 -0.373328
 0.403528
 -0.235307
 0.130012
 0.103565
 -0.554384
 -0.0737427
 0.0988715
 -0.405759
 0.769108
 -0.0560897
 -0.550479
 1.57801
 -1.37178
 0.720305
 -0.698493
 0.771997
 -0.725374
 0.353361
 0.138427
 -0.496425
 1.5417
 -2.37976
 1.97684
 -1.13347
 0.903733
 0.0861299
 0.628616
 -0.661788
 -0.535702
 -0.0640655
 -0.61953
 0.0603634
 0.174503
 -1.52724
 0.357498
 -0.498867
 0.357856
 -1.23259
 1.47353
 -1.71677
 0.779811
 -0.0596367
 -0.809549
 1.33352
 -0.837097
 0.88982
 0.220851
 0.242575
 -0.0141418
 -0.258778
 0.999001
 -0.35438
 -0.0742454
 0.0743827
 -0.300869
 -0.0130271
 0.834262
 -0.300747
 1.43594
 -1.42291
 1.79098
 -0.382309
 -0.825609
 0.938083
 0.730797
 -0.15646
 -0.402434
 0.338572
 -0.453259
 -0.0543038
 0.221915
 0.474925
 -0.199014
 0.138629
 0.210957
 0.698698
 -1.55137
 2.2295
 -1.55116
 0.794593
 -0.897632
 1.07688
 -1.45518
 1.43858
 -1.61354
 1.0547
 -0.704397
 1.14016
 -0.79939
 0.394623
 1.16677
 -0.14156
 0.119633
 -0.910128
 0.484124
 -0.278615
 -0.345198
 0.95022
 -0.513279
 0.145203
 -1.41224
 0.39531
 -0.199527
 0.517273
 -0.635358
 -0.35074
 0.00656407
 -0.983042
 0.219633
 -0.775369
 0.952578
 1.11821
 -1.19694
 1.36882
 -0.800606
 0.763368
 -0.40462
 1.03922
 -0.917923
 0.354159
 -0.506233
 0.487098
 -1.32556
 0.678014
 -1.41283
 -0.044049
 -0.49663
 1.03969
 -0.701208
 0.770296
 -0.354117
 -0.436526
 0.413345
 -1.24128
 -0.0605532
 0.647525
 -1.4662
 0.927916
 0.269029
 0.165374
 0.0508168
 0.76838
 -1.11416
 1.63897
 -1.54328
 0.677071
 -0.323456
 -1.00893
 0.675108
 -0.58853
 0.0285818
 -1.11394
 0.415934
 -0.385574
 -0.432464
 -0.0785132
 -0.680352
 0.886003
 -0.47708
 -0.622366
 0.0907555
 0.375933
 -0.597757
 -0.752822
 0.375377
 -1.50288
 1.00793
 -1.08178
 0.294385
 -0.557874
 0.82323
 -1.88127
 1.24651
 -1.40873
 0.289322
 0.339533
 -0.072503
 -0.202879
 -0.442947
 0.823454
 -0.456788
 0.19341
 -0.978448
 1.44439
 -0.458706
 0.48424
 -0.929006
 1.26799
 -0.21065
 0.184384
 -0.109057
 0.0271282
 0.190652
 -0.45289
 1.33271
 -0.322584
 -0.66123
 0.566936
 0.215995
 -0.020719
 0.190183
 0.20964
 0.201664
 -0.482264
 0.206134
 0.857679
 -1.4077
 1.25301
 -0.0261673
 0.553177
 -0.712784
 0.167842
 1.05713
 -0.795634
 0.756422
 -0.800245
 0.550124
 -0.153763
 0.220222
 0.393329
 0.856915
 -0.625092
 0.232661
 0.317901
 -0.818827
 0.427958
 -0.591957
 0.0541781
 0.0977119
 0.401436
 0.124647
 0.171964
 0.594582
 -0.503093
 -0.425402
 1.03566
 -1.16193
 0.656949
 -0.940748
 1.10815
 -0.214089
 -0.856945
 -0.156773
 0.92448
 -1.57759
 1.75792
 -0.85153
 0.545253
 -0.220692
 0.0642806
 -0.111134
 -0.795219
 -1.18551
 1.6152
 -0.376631
 -0.954103
 -0.169936
 -1.18608
 0.389221
 0.385311
 -0.947137
 -0.446781
 0.610965
 -0.747535
 0.886099
 0.209508
 0.70139
 -0.750923
 1.04944
 -1.56885
 0.64038
 -0.434576
 -0.322562
 1.26746
 0.0301571
 1.05015
 -1.22781
 1.55621
 -0.844173
 0.342846
 -1.83395
 1.46768
 -1.85986
 0.617887
 -1.23371
 0.606083
 -0.159518
 -0.130435
 0.186473
 -0.207045
 -0.61824
 0.246303
 -0.78361
 1.35583
 0.574846
 -0.0637906
 0.11918
 -0.0243933
 0.342782
 -0.369806
 -0.442806
 0.254524
 -0.687901
 0.799486
 -0.855836
 0.200348
 -0.24978
 -0.124569
 0.941733
 -0.244477
 -0.440234
 0.354135
 -0.218413
 0.691524
 -0.471324
 0.472595
 -1.16778
 1.23493
 -0.511625
 -0.28959
 0.334065
 0.115503
 0.820098
 -0.126021
 -0.478927
 -0.847915
 0.457839
 -0.114481
 0.394722
 0.611342
 0.399999
 1.16473
 -1.86306
 1.0949
 -0.958182
 0.91789
 -1.63882
 0.564919
 -0.321235
 0.724274
 -0.230623
 1.01186
 -1.89542
 1.72407
 -1.2908
 1.25631
 -0.304233
 -0.0481973
 0.659153
 -0.567955
 0.279028
 -0.645334
 0.878152
 -0.405666
 -1.35431
 1.00895
 -0.899089
 0.166901
 -0.324059
 0.0998808
 1.19211
 -0.779908
 -0.266455
 0.515856
 -0.00335394
 0.07633
 -0.862303
 -0.0755287
 -0.795994
 1.04851
 0.603063
 -1.06147
 1.25166
 -0.281673
 0.262982
 -0.601291
 -0.275758
 0.652845
 -0.847243
 1.32586
 -0.891806
 0.873826
 -1.66369
 1.20022
 -0.40665
 -1.25826
 1.21388
 0.0358238
 0.384775
 -0.729412
 -0.762294
 -0.0542114
 0.587207
 -0.868923
 -1.04764
 0.401936
 -1.0249
 1.23741
 -0.729789
 0.17846
 -0.568804
 -0.351485
 -0.691498
 0.700395
 0.174871
 -0.668543
 0.646463
 -0.3603
 0.713576
 -0.832588
 1.28988
 -0.0863857
 0.665854
 -1.07606
 0.0999456
 -0.704334
 -0.200339
 0.0468237
 -0.128083
 0.425803
 -0.903379
 0.663846
 -1.97351
 1.09511
 -1.66438
 0.756272
 -0.898851
 0.591765
 0.533037
 0.474617
 -0.467025
 0.279582
 -0.436567
 1.12752
 0.194095
 -0.349718
 0.666176
 -1.28173
 0.705165
 -0.744591
 0.878593
 -0.327167
 0.0758524
 -0.428719
 0.250595
 0.137707
 -0.351898
 1.435
 -1.62369
 0.559502
 0.216293
 -0.0328383
 0.260047
 -0.209229
 0.604633
 -0.262947
 -0.445394
 0.206893
 -0.901287
 1.31911
 -0.314218
 0.562136
 0.813449
 -0.544001
 -0.195548
 0.847972
 -1.48902
 0.956038
 -1.86159
 0.0884798
 -0.344286
 0.736172
 -0.64849
 0.884268
 -0.114491
 0.410687
 -0.914957
 1.05024
 -0.287117
 -0.283322
 0.16298
 -0.425048
 0.700071
 -0.158907
 0.292557
 -0.562835
 0.183013
 -0.402287
 0.385288
 -0.283017
 0.514396
 -0.73624
 -0.02719
 -0.384511
 0.0358843
 0.157335
 -1.29697
 0.638634
 -1.15026
 1.07382
 -1.10612
 1.34121
 -1.01884
 -0.321795
 -0.15729
 0.322036
 -1.95813
 0.225073
 -0.73922
 0.794985
 -2.09167
 2.25705
 -2.06261
 1.44701
 -0.690217
 0.948337
 -0.490254
 0.862724
 -0.0384257
 0.398874
 -0.00190416
 0.0562823
 -0.0385953
 0.612635
 0.0817925
 -0.228107
 0.310395
 0.924891
 -1.77264
 1.77956
 -1.52148
 0.162633
 -0.715406
 -0.173158
 -0.455854
 0.111695
 0.705637
 0.323924
 0.49772
 -0.134893
 -0.263186
 -0.0285084
 -1.10406
 0.89271
 -0.722135
 0.461545
 0.393913
 -0.684938
 -0.40076
 0.123855
 0.10939
 -0.893041
 1.1433
 -1.02779
 1.39505
 -1.06151
 1.80324
 -2.11379
 1.77538
 -1.26049
 1.37586
 -0.834438
 0.86584
 0.394479
 -0.999917
 1.38342
 -0.268784
 0.302487
 0.529196
 0.795577
 -1.62477
 0.210936
 -0.335859
 -1.71498
 1.14465
 -0.977321
 -0.30062
 -0.0539635
 0.806843
 -1.10205
 0.121123
 -0.414614
 0.737532
 -0.295545
 0.650425
 -0.488245
 0.886823
 -0.364252
 0.512311
 -0.531058
 0.920266
 -1.11475
 1.83594
 -1.08472
 1.0484
 -0.659872
 0.96674
 0.636115
 -1.60784
 0.0706835
 0.30406
 -0.91024
 0.765385
 -0.391587
 -0.0153858
 -0.51418
 -0.642806
 0.741261
 0.102124
 0.219484
 -0.43305
 0.515222
 -0.308926
 0.673618
 -0.437751
 1.47565
 0.309963
 0.404868
 -0.0768429
 0.553165
 -0.425476
 0.623361
 -0.183824
 -0.348242
 -0.588325
 0.260598
 -1.0159
 1.20754
 -0.779892
 0.94807
 -0.460685
 -0.0166815
 -0.607556
 0.94977
 -1.56747
 1.76154
 -0.465116
 0.470432
 0.442689
 -0.797811
 0.545447
 0.384319
 -0.0896551
 0.865472
 -1.7106
 1.63037
 -1.52706
 1.08915
 -0.507202
 1.06091
 -0.0565294
 0.356415
 0.111735
 0.0257826
 0.0799078
 -0.438088
 0.576045
 -0.996165
 0.291061
 -0.575265
 0.786035
 -0.573343
 -0.331755
 0.207026
 0.291664
 -0.445332
 0.938203
 -0.16473
 0.344073
 -0.667098
 1.48317
 -0.993424
 0.804686
 0.235542
 0.500583
 -1.026
 1.81801
 -1.26217
 1.40664
 -0.427368
 -0.858999
 0.988805
 -0.42434
 0.0471414
 -0.0097813
 -1.01694
 0.935929
 -0.728709
 0.131136
 -0.553588
 0.416694
 -1.18579
 0.594968
 -0.353159
 0.484128
 0.144192
 -0.204414
 0.527851
 0.615119
 0.0721596
 -0.773886
 1.26647
 -1.62812
 1.13523
 -1.39402
 1.1838
 -1.54772
 0.683586
 -0.124038
 -0.583168
 -0.666639
 1.68354
 -1.81828
 0.826911
 -0.387971
 0.759518
 -0.904317
 -0.074304
 0.303265
 -0.776655
 1.82601
 -1.79022
 1.53519
 -0.429512
 1.62543
 -0.769777
 1.27731
 -1.1129
 1.05461
 -1.41443
 0.267734
 0.54838
 -0.408638
 0.995116
 -2.06507
 1.26615
 -0.104872
 -0.718715
 0.687847
 -0.410454
 0.907579
 -0.465052
 0.397505
 -0.799029
 -0.465441
 0.695233
 -0.807809
 0.510069
 0.00980647
 -0.379891
 -0.372495
 -0.288872
 0.6716
 -1.21544
 0.0771331
 -0.487589
 -0.202153
 -0.903838
 0.243384
 -0.732235
 0.0700784
 -0.121047
 -1.02934
 0.541903
 -0.554548
 -0.859764
 -0.336811
 -0.412069
 0.321744
 0.0965047
 0.00650068
 0.316332
 -0.0556382
 0.769629
 -1.69706
 1.06654
 -0.904835
 0.475205
 -0.280698
 -0.0270932
 -0.97725
 0.584216
 -0.904509
 0.376011
 -0.565212
 -0.0518665
 0.193623
 -0.0377931
 0.138719
 1.73182
 -0.517636
 0.110851
 -0.461729
 1.08081
 -1.19561
 1.83391
 -1.17975
 1.15844
 1.17555
 -0.985149
 1.59624
 -1.49329
 1.06775
 0.470435
 0.833153
 -0.778603
 0.188147
 -0.0136848
 0.790072
 -0.432268
 0.576537
 -0.594978
 1.08498
 -0.679648
 1.52671
 -0.428664
 0.10535
 0.519381
 -0.87544
 0.709816
 0.41471
 -0.409025
 1.22025
 -1.16571
 1.01809
 -0.198185
 -0.493349
 -0.140108
 0.0344885
 0.0914791
 -0.894802
 2.10504
 -1.76773
 2.40471
 -1.4771
 1.13038
 -1.49082
 0.530722
 0.483697
 -0.422808
 0.412607
 -0.197634
 1.07687
 -0.212359
 0.209271
 1.66232
 -1.28628
 0.347991
 0.340159
 0.0409249
 -0.538334
 0.0747552
 -0.299328
 0.846653
 0.88874
 -0.550188
 -1.10975
 0.595604
 -1.20552
 1.00227
 -0.156975
 -0.736021
 1.15401
 -1.15926
 1.56926
 -1.89117
 0.591552
 -0.598449
 1.30823
 -1.31527
 1.45329
 0.0407116
 0.0728182
 -0.183116
 -0.278872
 0.081503
 0.652182
 -0.581616
 0.963174
 0.380283
 -0.820673
 0.820094
 -2.23554
 2.05912
 -0.725346
 0.675599
 -0.466344
 0.2723
 -0.281532
 0.677852
 -1.04837
 0.835356
 -0.220389
 0.229465
 0.707057
 -0.346297
 0.465983
 0.091799
 0.37802
 -1.04134
 0.141296
 0.277662
 0.108527
 -0.597939
 0.489851
 0.0586043
 0.458051
 -0.989025
 0.288404
 0.0559447
 -0.62495
 0.735091
 -1.23263
 0.723249
 -0.601353
 0.742821
 0.317434
 -1.31237
 2.13306
 -1.35281
 -0.218039
 0.439847
 -0.0660339
 0.660104
 0.0227484
 1.07702
 -0.162886
 -0.205086
 0.648153
 -0.625772
 0.484795
 -0.189827
 0.078713
 -0.232734
 0.266648
 -0.135969
 0.666603
 -1.00053
 -0.00625476
 0.16793
 -0.60366
 0.818641
 -0.41945
 0.581866
 -0.639862
 0.387666
 0.367845
 -0.281548
 0.621909
 -0.272281
 0.991117
 -1.26496
 1.32412
 -0.0611541
 0.577779
 0.788918
 -0.479791
 0.352965
 -0.572066
 0.265668
 -1.12299
 0.420393
 -0.601471
 -0.413756
 0.873671
 -1.92033
 1.18282
 0.303025
 -0.87652
 1.59672
 -1.29017
 1.37674
 -0.0588558
 -0.905888
 1.101
 -0.658429
 0.538836
 -1.00002
 1.33888
 -0.565686
 0.352469
 0.525985
 -0.667569
 0.842615
 -0.441857
 -0.0695104
 -0.850464
 1.33396
 0.125246
 -0.365524
 1.36336
 0.0221911
 -0.704718
 0.118004
 0.124757
 -0.665695
 1.08105
 -0.269453
 0.981782
 0.0203627
 0.146764
 0.537923
 -0.394567
 0.343685
 0.519912
 0.207594
 0.196561
 0.362002
 -1.11524
 -0.173014
 0.646796
 -0.133153
 0.599324
 -0.146696
 -0.143568
 0.334752
 -0.222171
 0.423847
 0.741412
 -0.512801
 -0.0273767
 -0.808851
 1.13745
 -1.27514
 -0.401248
 -0.222934
 -0.81151
 1.60633
 -1.05674
 1.07724
 0.119044
 0.447131
 -0.205854
 0.176892
 -0.124915
 0.768597
 -0.915873
 1.09046
 -1.59768
 1.14236
 -0.406141
 0.5512
 -0.389898
 0.0484791
 -1.03086
 0.363539
 -1.06233
 0.169112
 -0.761486
 -0.161452
 -0.0906027
 0.639482
 -0.142574
 0.505805
 -0.0956234
 0.516646
 -0.635747
 0.739646
 0.196389
 0.369639
 0.692747
 0.821087
 -0.737491
 0.884037
 0.0121056
 0.690862
 0.156294
 -0.586996
 0.165555
 -0.168756
 0.282057
 -0.662277
 0.807016
 -0.905906
 0.50978
 -0.360764
 0.369295
 0.187894
 0.22458
 -0.102657
 0.353967
 -0.829571
 0.834565
 -0.535977
 0.443935
 0.658781
 -0.381194
 -0.21145
 0.212535
 0.517458
 0.174661
 0.447117
 -0.0263482
 0.282315
 0.770002
 -0.54308
 -0.179993
 0.723799
 -0.75274
 1.23399
 -1.22852
 1.71891
 -0.997226
 0.671079
 0.0283314
 0.710306
 -1.07273
 1.03153
 -0.493599
 1.53155
 -1.2692
 0.938193
 0.0328567
 -0.00488958
 -0.295707
 -0.0439044
 -0.686143
 0.287705
 0.952079
 0.437923
 0.411893
 -0.567734
 -0.848552
 0.148102
 -0.214655
 0.452313
 -0.289615
 0.442758
 0.566134
 -0.534468
 -0.144826
 0.366055
 -0.865755
 0.607117
 -1.51616
 0.230886
 -0.30137
 -0.312735
 -0.0183034
 0.380467
 0.437033
 -0.141224
 -0.0228428
 0.0522828
 -0.457589
 -0.177186
 -0.854484
 0.390295
 0.313694
 -0.452261
 0.576353
 -0.814103
 1.60925
 -1.15708
 0.680121
 -0.59754
 -0.041697
 -0.548781
 0.253317
 -1.16866
 0.801354
 -0.431959
 0.623156
 0.503665
 -1.0017
 0.279749
 -0.682382
 0.27848
 -0.120516
 0.476205
 0.117515
 -1.00989
 1.4913
 -1.33737
 0.794478
 -0.588178
 0.344286
 0.177621
 0.805653
 -1.41705
 1.45426
 -0.945692
 0.995443
 -0.470269
 1.28797
 -1.00483
 0.402496
 1.058
 -1.71252
 2.00227
 -1.64179
 1.41268
 -0.997516
 1.47622
 -1.02067
 1.07378
 0.254748
 -1.08453
 -0.773838
 -0.0618648
 0.0883448
 1.4303
 -0.255344
 1.78304
 -1.36945
 0.176514
 -0.580595
 0.307236
 -0.557025
 -0.229321
 0.431011
 0.981326
 -0.281281
 0.380798
 -0.277267
 -0.118486
 0.514978
 0.471214
 -0.0749729
 0.729471
 -0.897199
 0.267123
 0.201879
 -0.775532
 1.08831
 -0.364032
 0.155771
 0.933004
 -0.716002
 0.263808
 1.3656
 0.345411
 -0.689345
 0.506146
 -0.70341
 0.346746
 -0.611144
 -0.0155921
 -0.6365
 0.270066
 -0.136751
 -0.0761334
 0.546675
 -1.16683
 0.409417
 -0.879239
 0.562393
 -0.719728
 0.354388
 -0.110702
 0.858098
 -0.223771
 0.420507
 -0.840456
 0.592579
 -1.09343
 0.976501
 -0.971139
 1.49319
 -0.720911
 0.717645
 -0.98981
 0.382827
 -0.849005
 0.251706
 -0.287606
 -0.766337
 0.726755
 -1.19521
 1.40439
 -0.0716825
 -0.15118
 1.1696
 -1.6534
 1.9622
 -1.14092
 1.43355
 -1.8146
 1.57675
 -0.720755
 0.421439
 -0.808735
 0.14866
 -0.0586345
 -0.818887
 0.515353
 -0.803691
 -0.141234
 0.347516
 -0.133385
 -0.249662
 -0.0585777
 0.327373
 -1.76472
 0.612193
 0.278632
 -0.849203
 0.383445
 0.123888
 0.184102
 0.617247
 -1.13173
 1.19279
 -0.0142825
 0.728716
 -0.455498
 0.478016
 0.0363732
 -0.364452
 0.462082
 -0.29776
 0.47768
 -0.515821
 0.21936
 -0.519556
 0.929158
 -0.372993
 0.867095
 -0.492226
 1.09368
 -1.23873
 0.38963
 -0.256394
 0.364589
 -0.598999
 0.482695
 1.28886
 -2.15946
 1.65543
 -1.06066
 0.485343
 -0.0389681
 0.352293
 -0.682204
 -0.109097
 2.0329
 -1.02517
 0.874192
 -0.971259
 1.44746
 -0.0704857
 -0.254022
 0.464184
 -0.141608
 0.411527
 -0.77563
 0.167987
 -0.329396
 -0.121986
 -0.467544
 1.32866
 -1.56138
 1.21613
 -0.544823
 1.03501
 -1.00753
 0.58141
 -0.174737
 0.319181
 -0.333182
 0.781849
 -1.25465
 0.468458
 -0.561466
 0.584917
 0.41209
 -1.34473
 0.509717
 -0.546678
 0.0439672
 0.536968
 -1.59775
 1.59426
 -0.767448
 0.935695
 0.0367673
 -0.415542
 0.66962
 -0.336729
 0.936429
 -1.03498
 0.12452
 -0.32385
 1.61984
 -1.46029
 1.49069
 -1.00505
 0.481599
 -0.379983
 0.807171
 -0.461328
 0.861346
 -1.5144
 1.81749
 -0.762546
 -0.253683
 0.466601
 -1.17151
 0.608092
 -0.937114
 0.727942
 -0.099376
 -0.598347
 0.67017
 -0.744793
 -0.901116
 1.40251
 -0.424037
 -0.0360484
 0.620488
 -0.333131
 -0.686203
 0.344341
 -0.38987
 0.447307
 0.0974338
 -0.404725
 0.165915
 0.270823
 1.09739
 -0.48038
 1.76894
 -1.91014
 1.38434
 -0.369124
 0.6453
 -0.331032
 0.0935519
 0.778551
 0.720504
 -0.932424
 0.0506302
 0.186597
 1.31818
 -0.894075
 0.193018
 0.0156709
 -0.214716
 -0.452877
 0.790016
 0.090017
 -0.57896
 -0.0899883
 0.111764
 -0.506407
 2.07051
 -2.24882
 2.3925
 -1.6068
 0.800928
 -0.922872
 0.971482
 -0.934753
 -0.173618
 -0.103812
 -0.161634
 0.494072
 -0.399487
 -0.576567
 0.632203
 -0.398076
 0.398288
 -0.614616
 0.783805
 -1.0205
 1.40048
 -1.37954
 0.0319713
 -0.331654
 -0.0639359
 -0.574198
 0.64823
 -0.740656
 0.556082
 -0.955983
 0.621746
 0.527745
 -0.758801
 0.722449
 0.0233629
 0.910474
 -0.909903
 -0.264296
 0.679769
 0.0858623
 0.765855
 -1.04536
 0.59442
 0.0987049
 0.754155
 -0.411525
 -0.00422613
 0.978899
 0.0530008
 1.42392
 0.00513601
 0.477646
 -0.657802
 0.359205
 -0.534667
 -0.0223049
 -0.525408
 0.763718
 -0.801696
 0.586626
 -0.68018
 0.798431
 -0.957071
 0.989177
 -0.606764
 0.468368
 0.140039
 -0.437233
 0.0682571
 0.299444
 0.913876
 -1.42622
 2.55415
 -1.78966
 0.526623
 -1.12362
 1.19513
 -0.648206
 -0.0767367
 -0.589483
 -0.982362
 1.04746
 0.663812
 -1.33841
 0.555287
 0.254349
 -0.187558
 -0.179068
 0.544878
 0.203603
 -0.126811
 0.694732
 -0.780052
 0.230967
 -0.444913
 0.564395
 -0.550494
 0.51767
 -0.349186
 1.02932
 -1.24931
 1.40673
 -1.33833
 2.86997
 -2.22952
 1.54199
 -2.38377
 2.16836
 -1.10736
 0.200997
 -0.602996
 0.571398
 -0.634299
 -0.263372
 -0.321927
 0.01755
 0.0965058
 -0.473567
 1.27748
 -0.603615
 0.611622
 -0.499115
 -0.14939
 0.982589
 0.0595147
 1.5618
 -2.22589
 2.05027
 -1.34372
 1.66583
 -0.730971
 0.19055
 -0.182464
 0.119024
 0.239123
 -0.382956
 -0.299616
 -0.0974028
 0.685615
 0.0984105
 -0.0340185
 1.18937
 -1.03971
 0.690892
 -0.705652
 -0.271385
 -0.0248018
 -0.104323
 0.479639
 0.0182823
 0.904486
 -0.212661
 0.479828
 -0.39483
 0.743578
 -0.425006
 0.252901
 0.464745
 -0.186886
 0.63337
 0.307831
 -1.04405
 0.730125
 0.416152
 -0.270739
 -0.155956
 0.750818
 -0.562018
 -0.726036
 -0.427738
 -0.326247
 0.472757
 -0.985849
 0.743159
 -1.31131
 -0.000755266
 0.547861
 -1.07255
 0.919958
 -0.114402
 0.0747185
 -0.0614188
 -0.174826
 0.351592
 -0.613706
 0.0834579
 -0.0400594
 -0.505894
 0.371544
 -1.17885
 0.230947
 0.990847
 -0.627971
 0.310746
 -0.851048
 0.824999
 -0.220062
 0.409829
 -0.569496
 0.466234
 -1.94762
 1.63056
 -0.491464
 1.5941
 -2.05063
 0.0790357
 0.714513
 -0.262961
 0.142914
 -0.189263
 0.131111
 -0.464583
 0.0401875
 -0.523447
 -1.32502
 0.845102
 -0.977034
 1.14433
 -1.56092
 1.80422
 -0.986556
 0.590061
 -0.890189
 -0.102549
 -0.772397
 1.51436
 -0.321527
 -0.19993
 0.402851
 0.227218
 0.655735
 -0.348147
 0.81523
 0.671734
 -0.244244
 -0.0345986
 -0.210975
 0.648679
 -2.15738
 2.2889
 -2.17881
 2.78739
 -1.67585
 0.957533
 0.105837
 -0.056951
 -1.3765
 1.54898
 -1.09674
 1.00252
 -1.52177
 0.125811
 0.626486
 -1.23661
 1.24035
 -0.603093
 0.254144
 -0.13209
 1.64941
 -1.22787
 0.0409972
 -0.213704
 -0.00623563
 0.266411
 -0.0221009
 -0.13021
 -1.12705
 1.03783
 0.842446
 -0.370892
 0.933686
 -0.76153
 0.453987
 -0.208608
 -0.569209
 0.812467
 -0.32329
 0.285634
 -0.13353
 0.287164
 -0.76047
 0.550396
 -0.677753
 0.880083
 -0.485792
 0.587589
 1.20554
 -1.67053
 1.64158
 -0.995278
 -0.277741
 0.254482
 -0.627017
 0.72232
 0.632254
 -0.0102414
 0.244064
 -0.804626
 0.350116
 0.144446
 -0.463083
 0.898818
 -1.00653
 0.270295
 -0.296494
 -0.864983
 0.855552
 -0.632521
 0.444343
 -1.31897
 -0.0536728
 0.274521
 -1.52596
 1.82861
 -1.59019
 0.282562
 -0.564025
 1.34376
 -0.753867
 0.556873
 0.0204438
 0.442574
 0.131168
 0.0446175
 0.0772018
 -1.01703
 1.21318
 -0.664305
 0.227313
 -0.782804
 0.72682
 -0.725758
 -0.574242
 0.411694
 -1.14897
 -1.2922
 1.31784
 -0.0568921
 0.863289
 -1.2594
 1.16656
 -0.0261637
 0.610251
 -0.588863
 1.31874
 -0.485201
 0.565826
 -1.46305
 1.23713
 -0.921473
 0.31897
 -0.0443196
 0.366958
 -0.979963
 1.09284
 -0.68884
 0.920589
 -1.34513
 1.46265
 -0.931234
 0.73119
 0.307249
 -0.713893
 0.958989
 -0.446092
 0.329269
 -0.101157
 -0.148966
 0.113333
 -0.314601
 0.547835
 -0.442213
 0.811251
 -0.392142
 0.735288
 -1.47167
 1.37286
 -1.54431
 1.36619
 -0.163235
 0.504913
 -0.901758
 0.24671
 0.495605
 -1.12455
 1.10672
 0.12902
 -0.34174
 0.466496
 0.0467067
 0.89656
 -1.41521
 1.43448
 -1.43482
 0.73751
 -0.771588
 0.420951
 -1.44
 1.2712
 -1.8545
 1.10556
 -0.835568
 0.396023
 8.5382e-05
 -0.818167
 -0.0152229
 0.111215
 0.300623
 -0.673438
 -0.214262
 -0.683215
 0.770057
 -1.79796
 1.43669
 -1.66567
 1.22359
 -0.992296
 1.357
 -0.65376
 -1.38758
 1.07749
 0.195918
 1.65825
 -0.19196
 0.551638
 0.259452
 -0.736861
 1.81507
 -1.29796
 0.160444
 -1.06752
 1.78864
 -1.88561
 1.62087
 -1.23445
 0.680871
 -0.604604
 1.57061
 -1.51647
 0.502373
 1.10473
 -0.652668
 0.978273
 -0.980366
 0.0132733
 0.574202
 -0.195788
 0.0352708
 0.582332
 -0.720364
 1.4618
 -0.46062
 1.54146
 -0.753468
 0.163826
 -0.110676
 -1.13586
 0.857268
 -1.02503
 -0.128026
 0.0306146
 0.470607
 0.591537
 -0.240692
 0.776549
 -1.09706
 0.178587
 -0.358119
 1.02635
 -0.723907
 0.386329
 -0.558268
 0.852122
 -0.52912
 1.53074
 -1.56566
 0.975397
 -0.792834
 1.27621
 -0.575107
 0.69032
 -0.118501
 -0.911902
 1.79692
 -0.563092
 -0.193228
 0.0389274
 -0.322198
 0.773909
 -0.967458
 0.641652
 0.241945
 -0.709337
 0.285884
 -1.25671
 1.83952
 -0.742071
 -0.18419
 0.34585
 0.686845
 0.0373872
 0.0495805
 0.794608
 -0.484015
 0.995288
 -1.32175
 0.0238411
 -0.765621
 0.79144
 -0.422103
 -0.418292
 0.099486
 -0.179299
 0.810258
 -0.762901
 0.0195964
 -0.457328
 0.0398564
 -0.13864
 0.562804
 -1.1909
 -0.388111
 0.195377
 0.125405
 -1.34548
 0.652972
 -0.641006
 -0.287173
 0.169478
 -0.300622
 -0.292695
 -0.0211359
 -0.663966
 1.00657
 -0.198293
 0.586795
 -0.353018
 0.132663
 -0.0660411
 -0.902794
 0.246916
 0.754563
 -0.394703
 -0.00298939
 -0.650181
 0.421262
 -0.104893
 0.413299
 -0.0987817
 -0.263762
 -0.438392
 0.243234
 -0.625309
 0.867819
 -0.79839
 0.255294
 -0.336826
 0.343482
 0.221446
 -0.707521
 -0.113549
 -0.900257
 0.34575
 -0.562229
 -0.182058
 -0.267237
 -0.432184
 0.618101
 -0.296751
 -0.234666
 -0.478001
 0.495094
 0.184114
 -0.0846431
 -0.0528619
 -0.366556
 0.508786
 -0.345974
 -0.411369
 -0.851546
 0.195355
 0.78753
 -0.686208
 1.36464
 -0.931865
 0.966843
 -0.153632
 -0.229573
 -0.266759
 0.175891
 0.342872
 -0.49157
 0.0750118
 -0.725485
 0.623743
 0.858881
 -2.08393
 1.32755
 -0.346112
 0.190179
 0.519071
 -0.493518
 0.0873323
 0.354736
 -0.622217
 1.21034
 0.0720346
 -0.364583
 -0.565592
 0.0391975
 -0.425766
 0.0450117
 -0.0916058
 0.0520101
 -0.239701
 -0.556933
 -0.0387368
 0.165836
 -0.612306
 -0.137647
 0.984493
 -1.08561
 0.857378
 0.351723
 0.325924
 -0.0163374
 0.239813
 0.293439
 -0.0132303
 -0.198351
 -0.396864
 0.592539
 0.269662
 -1.359
 0.946641
 -1.09511
 1.15772
 -1.07511
 0.832007
 -1.13094
 1.51089
 -1.42103
 0.529082
 -0.628238
 0.766542
 -0.606681
 0.731575
 -0.336711
 0.828111
 -0.610733
 -0.34077
 0.408979
 0.193263
 -0.480195
 0.0830341
 -0.0618715
 0.215457
 0.136724
 0.406088
 -0.284606
 0.106726
 0.64228
 0.250567
 -0.116863
 1.87616
 -1.38034
 1.39752
 -1.04037
 2.02409
 -0.837522
 0.504451
 -0.00302679
 -0.435351
 -0.591947
 0.101333
 -0.0317305
 0.14952
 -0.666088
 1.18992
 -1.26497
 0.367417
 0.569888
 0.776305
 -0.0697988
 -0.974731
 0.226496
 -0.42182
 0.647562
 -0.80732
 2.10862
 -1.97212
 2.13821
 -0.93263
 1.50761
 0.0162764
 -0.240157
 0.455683
 -0.657821
 0.353482
 -0.230387
 0.568268
 -1.00312
 0.39457
 -0.91276
 0.971042
 -0.446315
 0.458546
 -1.24225
 -0.112837
 0.358471
 -0.11325
 1.12267
 -1.01022
 0.00462311
 -0.436311
 0.247651
 -0.405804
 0.298117
 0.19387
 0.31523
 -0.56062
 -0.109888
 -1.25025
 0.488406
 -0.210642
 -0.128134
 0.819998
 0.333741
 0.787003
 -1.50341
 0.422479
 -0.252659
 0.171981
 -0.241553
 -0.0487909
 0.0434595
 0.294717
 -0.222363
 0.494621
 -0.21603
 -0.255086
 1.23596
 -0.775948
 0.832473
 0.0958014
 -0.0500845
 -0.19997
 0.189498
 -0.147488
 0.175905
 0.0498858
 -0.734237
 0.265848
 1.33237
 0.38169
 0.667192
 -1.25131
 -0.158653
 0.0755648
 1.02433
 -0.700014
 0.170104
 -0.723942
 -0.0879545
 0.217649
 -0.262603
 -0.330316
 0.0914
 -0.241137
 1.02942
 -1.34066
 0.997058
 -0.0348914
 0.0789935
 -0.325445
 -0.250226
 0.245634
 -1.19147
 -0.382021
 0.0354063
 -0.214035
 0.462753
 -0.82527
 -0.0653379
 0.369407
 -0.804641
 0.985587
 -0.0420327
 -0.7074
 0.79662
 0.306535
 -1.15985
 0.231867
 0.0580813
 0.269388
 0.0951492
 -0.578325
 0.394483
 0.617316
 -1.17721
 -0.596677
 0.843182
 -1.33816
 0.0956252
 -0.13319
 -0.340646
 -0.653972
 -0.480541
 -0.269692
 0.0944236
 1.37528
 -1.21613
 0.423217
 -1.092
 0.524432
 -0.301409
 0.202017
 0.314125
 1.53657
 -1.71556
 1.35659
 -0.592229
 0.228349
 1.00721
 -0.780271
 -0.355704
 -1.00584
 -0.13408
 -0.42233
 0.240505
 0.0404635
 0.416288
 -0.600368
 1.96465
 -1.07095
 2.14957
 -0.770092
 1.05263
 -0.787425
 1.38849
 -0.918725
 1.28487
 -0.47896
 -0.137431
 0.46234
 0.289758
 0.291283
 -0.393207
 0.894024
 0.0435555
 -0.122558
 0.71643
 -0.135016
 0.218628
 0.0587165
 -0.480338
 -0.188285
 -0.125965
 -0.668189
 0.139337
 0.0684765
 0.157682
 -0.0963853
 0.184232
 0.0835362
 -0.373511
 0.343422
 0.181104
 0.641121
 -0.490218
 0.878197
 -0.513988
 -0.669146
