 -0.108449
 0.150421
 -2.5406
 0.965466
 -0.361214
 0.645392
 0.927853
 2.50458
 2.3396
 1.34372
 0.10221
 1.28412
 0.343395
 -0.419012
 0.484925
 0.00468538
 1.80014
 1.407
 1.13725
 3.57542
 0.568967
 -0.850022
 1.29136
 -1.35948
 -0.00335335
 -0.181571
 -0.0837204
 -0.26861
 -0.331088
 0.469589
 0.348472
 1.81138
 -2.09612
 1.15087
 -2.11501
 0.758733
 -0.00361936
 -0.260007
 0.0802348
 -0.110218
 2.63716
 0.247471
 2.20891
 1.58029
 1.99766
 1.4275
 -0.79536
 0.0328528
 -1.33394
 0.557
 1.06123
 0.196659
 0.905162
 -0.234917
 1.66228
 1.44997
 0.109016
 2.25846
 0.951931
 1.63729
 1.10039
 -2.67765
 -1.29961
 -0.205119
 1.18932
 1.66398
 -1.51241
 0.441963
 -1.87497
 2.5018
 0.618707
 1.88512
 3.72435
 0.66601
 2.24015
 0.66005
 1.31798
 1.69607
 0.792528
 0.64245
 0.171144
 -0.0170978
 1.48128
 -0.677313
 1.9808
 0.784222
 -1.11085
 0.943465
 -2.15857
 -0.285375
 -1.4656
 0.110441
 -0.143377
 0.114265
 0.648098
 1.98545
 1.14567
 1.2269
 -0.564631
 -0.0427592
 -1.4849
 0.501973
 -1.44451
 0.0408559
 -0.464634
 -0.0160693
 -2.22272
 0.179158
 -0.723518
 0.981812
 -0.0809956
 -0.953657
 -0.525224
 -3.32186
 0.379996
 -1.293
 -0.51904
 -1.04513
 -0.268881
 0.951363
 -1.43432
 0.22171
 -0.525501
 -0.182927
 0.339442
 -0.317102
 -1.76549
 0.546998
 -0.711249
 3.71578
 0.289607
 1.72274
 -0.64894
 0.00794642
 -1.91389
 -0.354357
 -2.48553
 -2.11013
 -1.98337
 0.235119
 0.719719
 -0.655605
 2.20489
 0.308867
 0.965379
 -0.760161
 -1.47127
 -0.212816
 -1.21615
 -0.944747
 -0.189982
 -0.67764
 -0.882138
 0.384721
 -0.316402
 1.2124
 0.61903
 -0.433405
 1.11256
 -2.24284
 -0.693321
 0.866283
 -0.683573
 1.24233
 -0.727237
 -0.639092
 1.08895
 -0.650956
 0.447589
 0.566285
 1.04789
 0.616117
 -0.667285
 0.0976827
 -1.54191
 -1.39697
 -1.20224
 -0.347884
 -3.15778
 -1.72764
 -2.93784
 -2.1931
 -0.829961
 -3.23789
 0.15352
 -2.24843
 -2.34659
 -2.17641
 -0.567112
 -1.47667
 0.112721
 -2.72513
 -0.0575863
 -1.24402
 0.105038
 2.43846
 0.417195
 2.74992
 0.991619
 1.92534
 2.16612
 0.799027
 1.35698
 -0.188025
 0.1311
 -2.24522
 1.33017
 -0.819014
 0.147302
 -0.592824
 0.97617
 1.24072
 0.847827
 1.71356
 -0.0438185
 3.17425
 1.11863
 2.38091
 0.574079
 -0.542843
 -2.40574
 -0.595783
 -2.23222
 1.3375
 -1.71923
 0.775722
 -1.6867
 -0.64006
 -1.33015
 1.22474
 0.0173216
 1.92999
 1.79159
 2.10132
 0.297251
 0.694231
 1.88435
 -2.6445
 1.86167
 -1.30536
 -0.281724
 -0.400626
 0.0984167
 -0.901593
 -0.519572
 -0.410053
 -0.169622
 0.086459
 1.17067
 -0.21851
 2.40304
 1.31535
 -1.4912
 1.10316
 0.181435
 1.25692
 -1.74005
 -1.9728
 0.933802
 -1.62123
 1.81407
 -2.3004
 2.7105
 0.106116
 -2.03076
 2.71524
 -1.59346
 1.18817
 -0.0249568
 -1.15071
 -0.356706
 -1.25451
 -0.94491
 -1.36404
 0.966219
 -1.77912
 0.577067
 -1.10507
 1.28817
 -0.560583
 0.134483
 0.925967
 -0.0407471
 -0.707056
 -0.242234
 -0.0985168
 -1.27965
 1.76435
 -1.54717
 1.03063
 -0.503103
 -0.323872
 0.135182
 -0.792692
 0.887735
 -1.70822
 -1.35898
 -1.24084
 -0.866195
 -2.97981
 0.399393
 -1.0973
 -0.134285
 -0.466659
 1.40187
 -0.750358
 0.0589187
 -1.14204
 0.37971
 -2.90561
 -0.60714
 -2.24289
 -0.096492
 -1.32529
 -1.58268
 -1.45768
 -1.25827
 -1.87944
 -0.546556
 -0.627726
 1.48373
 1.64592
 3.16275
 0.561702
 0.760867
 -1.11166
 -0.818626
 1.10396
 -2.43724
 -0.00619612
 -0.824416
 0.556852
 0.415594
 1.97581
 0.929145
 2.06453
 -0.476199
 -1.07042
 2.2648
 0.0330973
 -0.614461
 -0.572082
 -1.5701
 -1.48758
 0.20247
 -3.04304
 -0.752183
 -2.22218
 0.810908
 -3.98174
 1.64147
 -2.88401
 1.62025
 -2.17523
 -0.826839
 0.0655074
 -0.95605
 0.975245
 -2.27415
 -0.163846
 -0.19924
 0.0731377
 1.59517
 2.24284
 2.81268
 0.340336
 -0.27525
 1.44758
 1.96131
 2.71114
 2.00196
 -1.19387
 0.182282
 0.539811
 -1.04853
 0.657571
 -0.845258
 0.796116
 -1.05637
 2.86142
 -0.943052
 1.8218
 0.271467
 1.70012
 -0.0985834
 2.63441
 -0.73627
 -1.22679
 -1.26887
 1.67396
 -0.192716
 -0.456282
 0.556155
 0.718189
 -0.915057
 -1.35759
 1.10993
 -2.30571
 2.71893
 -2.29199
 1.59607
 0.507116
 4.49817
 -0.0841318
 2.24241
 0.323844
 0.645737
 2.23881
 1.15007
 -0.534334
 -0.0409035
 1.73493
 0.975287
 1.99024
 2.11709
 1.30624
 0.418168
 0.701036
 0.0308588
 0.821908
 -0.959519
 -0.527163
 -1.73661
 0.733957
 -0.684428
 0.592994
 1.37152
 -0.22617
 -0.343868
 -0.00945024
 -2.4431
 0.293429
 -2.61065
 -1.45561
 -0.826011
 -1.08604
 0.0651995
 0.270657
 1.73349
 0.137239
 -1.41188
 1.49451
 -0.325706
 0.406096
 -2.22669
 0.412254
 -1.19285
 0.0847888
 -0.45082
 0.927252
 0.779474
 -1.17671
 0.280589
 0.24962
 0.479019
 1.90977
 2.01308
 1.62046
 2.0588
 0.00472609
 -0.468746
 0.0591005
 -0.10862
 -0.0437163
 2.1876
 -1.96801
 1.6397
 0.0513956
 -1.23903
 -0.694857
 -0.201607
 0.402043
 -0.66709
 0.364317
 -0.767134
 0.631242
 -0.499136
 1.36952
 -0.856421
 -0.239646
 0.386835
 0.471542
 -1.01255
 -0.106752
 -0.187562
 -1.96234
 -1.75882
 -1.21444
 -0.481856
 -1.64713
 -1.22964
 -0.611535
 -1.00562
 1.18978
 1.65647
 -0.0540847
 -1.55919
 -0.699022
 -2.769
 0.515063
 -2.86186
 -0.135028
 -1.76655
 -0.448231
 -0.0655651
 -1.67819
 -1.93182
 -1.07972
 -0.46322
 0.648239
 -0.330145
 0.235127
 0.978348
 1.4942
 0.474671
 0.599642
 -1.90103
 1.38823
 -0.197478
 1.40079
 1.98522
 1.65317
 2.21763
 -1.33359
 0.467804
 -0.59893
 0.313997
 -0.70148
 -0.375481
 -0.810973
 -1.15401
 -0.19297
 -1.4022
 -1.52753
 -0.458689
 -2.08241
 -1.22583
 -1.69812
 -0.719844
 -1.38846
 0.142187
 0.8368
 2.44285
 0.416409
 -0.517922
 0.258559
 -2.47438
 0.654416
 -1.57008
 -3.72681
 -2.37046
 -2.37523
 -1.96782
 -0.973926
 -2.01015
 -1.89601
 -1.13708
 -2.51513
 -0.694251
 -1.32337
 -0.519946
 -2.30538
 0.390086
 -1.49
 -1.00071
 -0.135531
 -0.815831
 -1.34124
 -0.468919
 -0.957235
 4.03099
 -1.5973
 2.55494
 0.0841542
 0.971162
 -0.961859
 0.887721
 0.108567
 1.34731
 0.198745
 3.21234
 -0.838863
 0.935897
 -1.92767
 -0.735293
 -1.87489
 -1.0889
 -1.00685
 -1.58234
 -0.106197
 -0.886794
 -3.30519
 -0.670746
 -0.753728
 0.0150526
 1.93239
 0.116675
 0.871208
 1.51076
 1.62401
 0.927142
 1.70182
 -1.40112
 3.26612
 -1.29036
 0.530627
 -0.0821762
 1.70696
 -0.392245
 0.943635
 0.0660774
 0.95007
 -1.24744
 -1.21429
 0.645712
 -1.57054
 0.113796
 -0.156392
 1.50194
 0.181191
 -0.80955
 -1.00918
 -1.07321
 -1.00159
 0.573491
 0.197413
 -0.519566
 0.628952
 -0.639921
 0.881856
 0.224246
 1.27232
 1.88672
 1.51896
 3.2063
 3.40067
 1.09257
 3.57853
 0.600221
 3.35788
 0.91237
 1.3408
 2.37924
 -1.40525
 3.23195
 -1.05766
 1.25624
 -0.707226
 2.26621
 0.938203
 -1.30279
 1.47339
 -2.18538
 1.95338
 -0.567562
 -0.882655
 -0.0184313
 0.901626
 0.813041
 1.12558
 2.79666
 -0.83947
 2.13636
 0.0445005
 1.87794
 2.53645
 1.27047
 0.264245
 1.65944
 0.0635876
 1.63137
 1.63374
 2.17981
 0.328539
 2.74253
 -1.0493
 0.26006
 -0.751238
 0.0303585
 -1.442
 -1.025
 -1.46496
 -2.48006
 -0.219455
 1.90164
 -0.932894
 0.781042
 -0.496884
 2.1874
 -0.620942
 2.00376
 0.807674
 1.3024
 1.04548
 1.01329
 -1.94808
 0.419611
 -3.23079
 -0.943197
 0.110836
 0.761717
 -0.898515
 2.01785
 -3.60959
 1.43114
 -2.29391
 0.441209
 -1.69036
 -0.296899
 -2.44255
 -1.65153
 -2.93919
 -0.111564
 -0.10263
 -1.41439
 -1.41723
 -0.882205
 0.321404
 0.371513
 0.497618
 0.0300177
 -0.334259
 -0.718472
 1.04472
 -0.0642631
 2.54585
 1.04581
 0.405421
 0.069855
 -2.05792
 -0.911645
 -1.29742
 0.0185949
 -0.855676
 -0.436921
 -1.339
 -0.0952438
 0.200262
 -0.0831052
 -0.568344
 -0.225609
 -0.196946
 -0.140329
 0.265599
 -0.81638
 -0.739357
 1.52817
 1.07918
 -0.917114
 0.423041
 -2.95865
 -0.176069
 -1.55228
 1.45323
 -1.47418
 1.13258
 -1.69188
 0.0576315
 -2.98086
 -1.45918
 -1.04705
 -1.97695
 -0.441166
 -0.368463
 0.664024
 0.612022
 1.43908
 0.216724
 1.61501
 -0.342115
 1.29729
 1.02702
 1.33215
 2.37902
 -0.389733
 2.03898
 1.16602
 1.89998
 1.90558
 2.0567
 2.08626
 -0.348121
 0.925224
 0.888069
 0.31589
 0.285024
 2.07548
 -2.14195
 2.42082
 -1.75133
 1.59311
 0.482303
 0.933938
 1.93006
 0.783283
 0.957272
 1.10844
 0.207965
 -2.10543
 0.251452
 -0.924421
 0.216216
 -1.88377
 2.07991
 -2.23932
 0.390089
 -0.60454
 1.0143
 -0.985416
 2.00713
 -1.45333
 -0.361597
 -1.0713
 -0.584921
 -0.981372
 -0.00292409
 -1.76496
 -1.46772
 -2.09737
 -2.07711
 -1.15589
 1.5226
 1.60736
 -0.32565
 1.20132
 -1.32114
 -0.658083
 -0.320739
 -1.27527
 -0.551396
 -1.41443
 -0.335704
 -0.905365
 0.162184
 -0.0998715
 -0.229187
 0.47758
 0.0994869
 0.225673
 -0.222984
 0.00306932
 -1.58209
 0.613449
 0.678338
 1.44705
 0.390642
 2.20941
 0.856936
 2.809
 0.966976
 -0.647787
 1.01115
 0.265478
 -0.772693
 -0.352163
 -0.513967
 -2.01573
 -0.926122
 -1.68699
 0.684157
 -0.881516
 -0.0257911
 -1.15222
 2.02605
 0.143776
 -0.127036
 -0.367295
 0.325777
 0.901972
 -1.81009
 1.22733
 -2.95308
 2.41932
 0.103454
 0.97501
 0.260311
 -0.411806
 0.776614
 0.917827
 -0.365767
 0.913525
 -0.259711
 1.88072
 -1.73835
 1.07112
 1.01649
 2.86028
 -0.0815928
 2.04979
 0.412633
 -2.08413
 0.752734
 -2.45628
 -0.119612
 0.289854
 -0.285842
 -1.66605
 -1.63894
 0.851507
 0.274082
 1.87
 1.32741
 0.799062
 1.93059
 0.974339
 2.82739
 0.546582
 -0.409999
 1.62173
 -0.115087
 0.431124
 -0.882789
 0.57138
 -1.11473
 1.418
 0.468903
 -2.15519
 0.0472533
 -0.635025
 -2.29072
 0.798076
 -0.0491679
 -1.28427
 1.36055
 -0.656129
 0.314059
 0.0456299
 0.995302
 0.299997
 1.11169
 0.774666
 1.33864
 0.168834
 -1.20371
 -0.796323
 -0.0201739
 -0.663856
 1.1723
 0.12171
 0.70726
 0.406241
 0.20475
 0.14491
 -0.839358
 1.51437
 -1.18746
 -1.37547
 -0.640584
 1.40413
 -0.735517
 1.52172
 -0.32582
 -0.721753
 1.07489
 -0.0416182
 0.592816
 -0.426655
 1.4804
 0.659569
 -1.08776
 0.950635
 -1.16296
 2.65532
 -1.50148
 0.743795
 -0.644518
 1.50461
 2.16342
 1.43649
 2.66662
 0.222553
 1.19024
 -1.35226
 0.928439
 -1.07162
 -1.11178
 -0.681106
 -0.303307
 -0.122681
 -1.28816
 -1.22051
 -0.483271
 -2.29526
 0.210524
 -2.27675
 -0.0527944
 -1.3687
 -0.451549
 -2.18291
 -0.958424
 0.42121
 0.0735962
 -0.037725
 0.806108
 -0.81211
 0.881925
 1.83503
 -2.70278
 1.75808
 -0.426009
 -0.751978
 -0.585287
 -0.83782
 -0.666645
 2.13936
 -1.68583
 3.05277
 -0.508117
 1.12498
 -1.70564
 0.745602
 -1.24782
 0.0404196
 1.30448
 1.49787
 -0.316793
 0.828769
 0.914053
 1.39078
 0.294189
 2.32904
 -0.478661
 1.67318
 -0.429468
 0.101164
 0.0215744
 -1.41473
 -0.231661
 -1.94474
 -1.63305
 -1.33458
 0.0572981
 0.64979
 0.363384
 -0.775016
 1.34703
 0.490359
 3.82989
 -0.642699
 -1.21735
 0.414351
 -1.3659
 -1.37408
 -1.2425
 -0.30223
 0.421643
 -0.159704
 0.24278
 1.81216
 0.64915
 0.408155
 -0.270223
 1.01221
 1.57764
 1.62806
 2.04206
 1.12412
 1.15221
 0.641431
 1.34756
 -0.123068
 0.0630973
 0.991598
 0.849244
 2.37809
 1.13461
 2.96189
 0.170336
 -1.53189
 0.984567
 -2.64438
 -0.53401
 -0.285631
 0.595205
 -0.174299
 0.713744
 1.97318
 -1.31665
 -0.346702
 -0.715807
 -0.851614
 0.0947198
 -0.736094
 -1.3428
 0.288126
 2.0374
 -0.492297
 1.23627
 -0.151529
 -0.335459
 -2.1362
 -1.76737
 -1.38212
 -1.76696
 -0.20906
 -1.48569
 1.11516
 -0.686707
 -1.17679
 0.33413
 -0.464984
 1.52462
 -1.93079
 -0.841432
 0.1013
 -0.548482
 0.632033
 0.461401
 -1.1952
 -0.0423408
 0.608588
 -0.638533
 0.256006
 1.89373
 0.699647
 2.01197
 3.32984
 0.899245
 2.55497
 -0.629664
 2.19043
 1.0764
 -0.321765
 1.06155
 -1.34584
 1.07656
 -0.671031
 0.739541
 0.641013
 1.72675
 2.02776
 0.22463
 2.36321
 0.659989
 1.42985
 -1.30717
 4.41114
 0.841877
 2.43665
 1.47997
 3.82305
 1.05305
 2.82332
 0.995644
 2.65372
 0.861136
 0.245975
 0.776342
 1.1225
 0.921711
 1.0017
 1.681
 3.39393
 -1.05729
 2.90747
 -0.565547
 0.542155
 0.267736
 -2.05667
 -0.227136
 -2.01528
 0.0443627
 -1.34368
 -0.0221083
 -0.916664
 -0.457069
 -0.739409
 0.324315
 0.94552
 1.54522
 0.324173
 0.679402
 1.5015
 2.79794
 -0.903362
 0.883057
 -0.557132
 2.1338
 -2.48971
 1.13808
 0.427083
 -0.829886
 0.0899819
 0.958324
 1.7117
 -0.345021
 1.99598
 -0.316128
 -0.316976
 -2.07246
 -1.6387
 -1.83789
 -1.00597
 -1.31563
 -2.01154
 1.74481
 0.0465937
 0.842021
 -0.107956
 1.39751
 2.51025
 -0.33804
 2.42834
 -0.171947
 2.38078
 1.1053
 0.278177
 1.66478
 1.77407
 -0.226983
 -0.334263
 -1.08646
 -0.618783
 -1.63313
 -1.79412
 -3.2178
 -3.14827
 -0.182716
 -1.57559
 0.943791
 -2.55446
 1.53941
 -4.02937
 0.822714
 -3.17491
 -0.270457
 -0.0700829
 -0.826518
 1.17502
 -1.9275
 -0.316741
 -0.747906
 -2.03412
 1.98688
 0.226476
 0.429933
 -0.458853
 0.656684
 1.13023
 1.25192
 2.30306
 3.16593
 0.529158
 2.28237
 0.255124
 0.634061
 2.77847
 -0.742492
 1.65982
 -0.315476
 0.357945
 -1.3151
 -0.909025
 0.868096
 0.473736
 0.0272213
 0.294743
 1.64482
 -0.951943
 0.0276384
 0.717571
 -0.442412
 -0.89208
 -0.348178
 -0.18097
 -1.75627
 0.099279
 0.197572
 0.69585
 -0.313008
 2.09391
 0.0789509
 1.55564
 0.674254
 1.91357
 0.50435
 0.522326
 2.21406
 0.528646
 0.188063
 0.254759
 -0.729194
 -0.946083
 -0.337155
 -2.19429
 -0.462227
 -1.14415
 0.689784
 1.88313
 2.26559
 0.460034
 3.55322
 0.255694
 1.88157
 0.0327185
 1.04069
 1.78117
 -1.12817
 -0.0544754
 1.90266
 -0.566638
 -0.617603
 -0.514393
 -0.0441203
 0.17812
 -0.034239
 0.056971
 0.55471
 1.14182
 0.520643
 0.43868
 -1.81351
 2.02853
 -1.23083
 -1.02824
 0.191875
 1.34197
 0.333616
 -0.119742
 0.342648
 0.642306
 -0.374457
 -0.0548038
 -0.31957
 -1.5523
 -1.86969
 0.115033
 -0.0462681
 -0.844203
 -0.357732
 -1.13335
 0.0405318
 -3.28675
 2.44864
 -2.47546
 0.004506
 -0.987126
 0.986904
 -2.92753
 -1.26651
 0.377304
 -0.204395
 0.254167
 -0.85893
 1.13558
 -0.511535
 0.0183915
 -0.926532
 -1.31933
 1.09619
 0.876653
 -0.149109
 1.08202
 -1.90316
 0.43063
 -2.33658
 1.50556
 -3.0684
 -1.96209
 -0.180447
 0.390047
 0.755093
 0.329711
 0.104339
 0.00497666
 -2.59535
 2.04525
 -0.541953
 0.423648
 -2.70183
 0.0943816
 -1.05172
 -0.0323184
 -0.701012
 0.286612
 -0.817663
 -1.59212
 -2.55899
 -0.982309
 -3.79582
 -2.26947
 -1.83031
 -1.35746
 0.134794
 -0.347339
 1.84639
 -1.74077
 1.56846
 0.172355
 0.206447
 -0.434769
 -1.29873
 -2.39956
 -1.54356
 0.381793
 -4.18604
 1.3237
 -3.82577
 -0.788676
 -1.00233
 -1.71871
 0.927378
 0.839459
 2.05444
 0.00146619
 0.418995
 -0.238962
 0.806816
 -0.563769
 1.2442
 0.353618
 -0.316581
 1.72949
 0.119345
 -0.390148
 1.73921
 0.710002
 0.583308
 2.23651
 0.422033
 1.40409
 0.829774
 0.575747
 -2.12271
 1.30805
 -3.14014
 -0.228368
 -1.27738
 -0.36336
 -0.379429
 1.75254
 -0.979513
 1.15102
 -0.732357
 -0.223596
 -1.07412
 0.0706492
 -0.464711
 -0.747277
 -2.18805
 -2.16691
 -2.16747
 -3.43623
 -1.2972
 -2.05067
 -2.13618
 -0.35296
 -0.32758
 1.49349
 0.378588
 -0.896961
 -0.533116
 -1.73259
 -0.359294
 -0.564536
 1.43583
 1.21331
 -0.883787
 0.28083
 -0.209856
 -1.20518
 0.451132
 -0.338582
 2.2062
 -0.744171
 0.762547
 -0.569023
 1.76004
 -0.411083
 1.31715
 -0.611382
 1.15126
 -0.361476
 -1.88394
 -0.27961
 0.400713
 -2.1073
 -1.59587
 0.965581
 1.7021
 -0.591367
 -1.01555
 -0.730378
 0.767358
 -0.672928
 0.0325395
 -1.10174
 -1.53708
 -2.31948
 -1.27895
 -1.47153
 -0.224161
 -1.97046
 1.73199
 -0.435222
 -1.21896
 1.56122
 0.217049
 0.55656
 0.0311173
 0.201216
 -0.871816
 -0.395976
 -0.790094
 -1.74546
 1.04285
 -3.73151
 0.700114
 -3.40366
 1.50674
 -2.7521
 -0.0639969
 -3.03154
 -1.67047
 -1.30976
 -0.0848519
 -0.848357
 1.1958
 0.281017
 1.76925
 3.35099
 0.363753
 1.2193
 0.51359
 1.12189
 0.103866
 -0.100561
 0.644088
 0.0447882
 -1.92585
 -0.403595
 -1.39982
 -1.66011
 1.87286
 0.341668
 0.829681
 0.454736
 1.02368
 0.416426
 0.0754156
 1.60473
 1.49402
 1.53681
 -1.51037
 -2.11886
 -1.14841
 0.0877026
 0.44786
 -1.17611
 0.27688
 -1.24351
 -0.253314
 0.228576
 0.453784
 1.21559
 -0.50926
 1.11833
 1.49792
 0.41985
 0.982963
 0.936032
 -1.0735
 0.525776
 -0.53893
 0.838258
 -0.656696
 -0.979365
 -0.40362
 -0.549467
 -0.362064
 -0.292421
 0.749242
 -1.95603
 -1.14665
 -1.63192
 -1.8713
 -0.276
 -1.74218
 0.573354
 1.70719
 0.051871
 1.07561
 -2.14743
 -0.75332
 -2.85566
 -1.03786
 -1.22518
 -1.77832
 -0.877311
 -1.42759
 -0.820179
 -1.52354
 1.36833
 -1.51586
 -2.49876
 -3.11257
 -1.29128
 -0.652871
 -2.75947
 -0.657329
 -2.88404
 0.0424264
 -2.59517
 -1.77851
 -0.567069
 -1.82247
 0.894575
 -1.94623
 1.75204
 -0.610318
 0.0682562
 -1.34561
 1.1256
 1.25825
 1.20585
 -0.188781
 0.00395879
 -0.409382
 0.00159855
 -1.71398
 0.290397
 -2.60732
 -0.682236
 -1.41653
 -1.10955
 1.09262
 1.66971
 0.349908
 2.74081
 0.301583
 2.71894
 1.70114
 2.96907
 1.82815
 1.55507
 0.465658
 2.52798
 2.20786
 -0.255221
 -0.500471
 1.13324
 -3.53679
 0.454111
 -1.25132
 -1.27316
 -1.79812
 -0.374349
 -1.68743
 -0.191172
 -0.800351
 0.547388
 -0.321308
 -0.638362
 0.352056
 -1.3638
 -0.31967
 -1.15515
 0.761505
 -2.15804
 -0.624229
 -1.63329
 -3.05571
 -2.26928
 -0.072038
 -0.826228
 -1.40368
 -1.17873
 0.143015
 0.581792
 -1.19523
 1.60767
 -1.46456
 -0.0395637
 -0.728533
 1.91965
 0.143871
 1.17863
 -0.345672
 0.216665
 0.154746
 1.11979
 -1.07831
 1.69451
 -1.86933
 1.56666
 -1.6275
 -0.37808
 -0.201207
 -0.00830924
 0.570105
 -1.44498
 0.729924
 -1.23284
 0.936955
 -1.19907
 0.308522
 -1.18715
 -0.173925
 1.55792
 -0.195838
 -2.97766
 0.918802
 -0.367123
 2.3036
 1.6454
 1.50986
 1.69186
 0.805503
 2.16657
 0.703709
 3.49273
 0.700843
 0.363004
 -0.99367
 0.085244
 0.0519744
 0.224666
 0.174697
 0.0729589
 1.19173
 -2.01191
 0.490128
 -2.38383
 1.77945
 -2.90431
 1.25961
 -0.72352
 1.31277
 -0.813625
 0.261863
 -0.33757
 2.06603
 -0.547444
 1.55245
 -0.373547
 0.517757
 -0.913064
 1.23658
 -1.55783
 -0.591123
 -0.240589
 -0.0146922
 -0.528195
 0.20906
 0.219752
 1.83567
 0.315184
 -1.3141
 0.983356
 -0.581408
 1.93697
 -0.562516
 1.06555
 0.659434
 3.58369
 0.766633
 2.49376
 2.68513
 2.24106
 0.603997
 1.16592
 1.38305
 2.5018
 -0.84167
 2.02925
 0.164022
 1.60428
 0.492173
 -1.22928
 -0.83313
 -2.51275
 0.65275
 1.24276
 -0.148262
 -0.537983
 -0.252467
 -1.49571
 -1.01892
 -1.57976
 -1.6872
 -0.963355
 -0.226152
 -0.974829
 2.34866
 0.399525
 0.501866
 1.3625
 1.10045
 -1.37573
 0.324748
 1.49009
 -1.55778
 -1.22565
 -0.591796
 -1.73507
 0.854448
 -0.872581
 1.55008
 0.96849
 1.43271
 2.69615
 0.044021
 1.69836
 0.570923
 1.03847
 1.06963
 0.425625
 2.96293
 1.23373
 1.74106
 2.07087
 -1.24461
 2.51853
 -1.82618
 0.842759
 0.286087
 1.38554
 1.75926
 -1.35647
 1.28799
 1.10485
 2.34215
 -0.763158
 2.17968
 0.252572
 2.00629
 1.35526
 0.378563
 0.562913
 0.330755
 -0.0942609
 0.639097
 1.58435
 -1.45781
 0.964563
 -0.26813
 1.01583
 -0.099845
 -0.702971
 -0.194334
 -0.436331
 0.548171
 2.59787
 -0.304394
 1.20897
 -0.573705
 -0.0240812
 -1.20613
 1.09651
 1.10152
 0.142563
 -0.623247
 0.98783
 -0.754973
 0.526491
 1.22356
 1.38711
 1.17623
 -0.587547
 1.27985
 -0.0873891
 1.5725
 -0.525341
 0.561866
 0.417706
 2.3317
 -1.44299
 0.654154
 0.29168
 1.10274
 0.259867
 0.587053
 0.49125
 0.235095
 1.31759
 1.75026
 -1.35638
 1.07557
 -2.24205
 1.64624
 -1.01496
 -0.730019
 -2.52872
 -1.78153
 -1.47907
 0.418222
 -3.28864
 1.58138
 -1.17713
 1.18444
 -1.49746
 2.02464
 -0.353312
 2.06097
 0.80358
 1.02833
 -2.35485
 -1.75314
 -2.12728
 -0.105091
 -1.60043
 1.00267
 0.428821
 1.40698
 0.060819
 -0.055006
 -0.657583
 -0.516762
 0.759833
 2.07191
 -0.76831
 -0.224093
 1.14657
 -0.503632
 -0.0420773
 -1.48754
 1.31966
 -1.9112
 2.37443
 -1.81041
 -0.334042
 -2.10187
 1.37606
 -2.78827
 0.904943
 -0.21442
 -2.03513
 -4.33968
 0.204793
 -1.37909
 -0.788067
 -1.35939
 -1.91607
 -2.46104
 -0.192774
 0.435369
 0.689524
 -0.0910402
 -0.955015
 -1.10378
 -0.722163
 -2.01469
 -0.534071
 -0.677832
 -0.380114
 -2.49754
 -2.40384
 -1.83832
 -0.101921
 -2.98675
 -0.728677
 -0.632344
 -1.20104
 0.42471
 -2.17506
 -0.766662
 0.659473
 2.76186
 -1.898
 1.00235
 -1.10944
 -1.30944
 0.581929
 -0.107457
 0.769753
 -1.65616
 1.2769
 -1.38247
 -0.0040483
 1.14695
 0.73068
 0.292863
 0.0792392
 0.803123
 -0.258873
 0.706535
 -1.37931
 1.17376
 -1.26318
 -0.095917
 -2.46146
 0.275229
 -1.764
 2.0134
 0.0644674
 2.99121
 -0.763758
 2.06279
 -1.81027
 1.46946
 -1.04141
 1.48175
 1.11261
 0.768573
 0.317634
 0.0458692
 0.859839
 -0.769497
 1.47299
 -0.511841
 0.176142
 -0.206942
 -0.876347
 -1.52691
 0.466112
 -0.734324
 -0.691967
 -0.373491
 -1.14517
 -2.0318
 -0.482467
 0.298451
 2.059
 -1.84066
 2.08824
 -0.264717
 1.96021
 -2.25644
 2.68708
 -0.484715
 1.29887
 -0.615417
 1.04637
 -1.38607
 2.27474
 -2.46383
 1.14489
 -0.826823
 0.686667
 -0.820622
 -0.366113
 -0.0432844
 -1.61525
 -1.89353
 -1.30187
 -0.366189
 -1.38944
 0.311779
 0.00144491
 1.5267
 -1.19554
 2.34965
 -1.45712
 1.61053
 -0.979911
 0.0444058
 0.0456451
 -0.85997
 0.564679
 0.834916
 -0.851175
 0.193881
 -1.11201
 1.49921
 -1.56256
 1.39658
 -0.902468
 1.05024
 -0.981774
 -1.08912
 0.700771
 0.121766
 1.00725
 0.122145
 -1.72244
 1.04236
 -0.283992
 1.48447
 0.656681
 1.69716
 2.22417
 -1.21254
 -0.630764
 -0.218577
 1.03415
 -1.71765
 1.88549
 -1.63453
 -0.0208358
 0.714818
 -2.75908
 0.863497
 2.12826
 1.57808
 2.80612
 3.16247
 4.65982
 2.89823
 3.03782
 2.93271
 2.56845
 2.87708
 -0.447579
 2.42598
 1.80893
 0.0941513
 -0.378997
 -1.06925
 -0.250606
 -0.433629
 -0.371493
 -1.06601
 0.194586
 -1.90964
 0.992831
 -1.4009
 2.51529
 -1.83185
 1.26934
 0.0669906
 0.455383
 0.101454
 0.769082
 1.31006
 1.14554
 0.354969
 0.850153
 1.47751
 -0.252511
 1.6648
 1.64244
 1.73173
 4.07065
 1.09944
 1.19161
 2.43425
 0.657276
 -1.64594
 2.88889
 -0.965814
 3.62065
 0.269161
 0.213839
 1.25324
 1.37163
 -0.331927
 0.00739652
 1.07713
 -1.05895
 0.0156088
 -0.721912
 0.318648
 -0.742955
 -0.668268
 -0.62011
 -0.316467
 -1.92062
 0.289517
 -1.12294
 0.552708
 -2.11865
 1.85989
 -0.748009
 0.845708
 -0.421189
 -2.07776
 1.95771
 -2.49233
 1.34686
 -0.0119817
 0.041558
 -1.51611
 -0.525524
 1.3205
 0.00778315
 1.01062
 -1.26323
 -0.0556111
 -1.6207
 0.713782
 -2.95496
 0.650986
 -1.10269
 -0.00759403
 0.166324
 -0.993809
 -0.118468
 1.75425
 1.36376
 0.400125
 1.67072
 0.594312
 3.34311
 -1.19965
 0.223337
 -0.756599
 -0.98112
 -0.534511
 -0.516002
 -0.175932
 -0.225195
 -1.24164
 1.03185
 -2.90394
 0.506553
 -2.63044
 2.4653
 -2.42415
 0.963658
 -2.73391
 1.17729
 -0.581341
 2.09719
 -2.09187
 -0.0671127
 -0.689597
 1.4996
 0.0316421
 4.19788
 0.620224
 0.917915
 0.56825
 0.971799
 1.18059
 1.27382
 1.58043
 1.47382
 -0.307987
 2.0944
 0.924952
 0.674678
 -1.21527
 0.00916369
 0.0935125
 0.573783
 0.572027
 -1.32973
 0.951765
 -0.0158013
 -0.35914
 -0.162595
 0.47908
 0.230533
 0.640961
 -0.272846
 0.746899
 0.777929
 1.11997
 -0.0324119
 0.58776
 2.72119
 -3.62649
 1.53809
 -1.67336
 -0.0269222
 -0.460496
 1.87595
 0.481964
 -1.2475
 0.604083
 0.509829
 0.266087
 -0.912115
 0.682092
 0.683023
 -0.845937
 2.62118
 0.76187
 2.47453
 -0.342271
 -0.253148
 0.483472
 0.139449
 -0.235542
 0.801759
 -0.253924
 1.54688
 0.724565
 1.41912
 -0.505408
 -0.426675
 -1.65559
 -0.661862
 0.311273
 -1.01994
 -0.11639
 -1.39794
 -0.598809
 0.729892
 -0.0298627
 -0.0321026
 -0.797383
 0.489126
 0.297443
 1.8643
 -0.175869
 -0.392407
 0.381113
 -0.0492981
 0.505353
 0.254983
 1.04618
 -0.513014
 -1.66751
 0.557989
 -2.05521
 0.117611
 -0.0960224
 2.0768
 1.3303
 2.0207
 1.69181
 1.94886
 1.38207
 -1.3528
 1.56707
 -3.03687
 2.15372
 -2.12808
 0.765356
 -1.16447
 0.414652
 -1.4891
 -0.861063
 -1.39022
 1.53844
 -2.50938
 1.8603
 -2.5503
 2.16722
 -2.04468
 1.82918
 -1.29799
 -0.0668677
 1.74212
 -0.228912
 1.37576
 1.03054
 2.01106
 2.57667
 1.07432
 0.898774
 0.375782
 -1.45837
 -1.32497
 -0.477789
 -1.74781
 -0.912287
 -2.20811
 0.696082
 -0.589567
 -2.05975
 -0.151897
 -1.69162
 -0.7414
 0.183012
 -1.05407
 -0.402993
 -1.43911
 0.729647
 -0.975067
 1.75326
 -1.87633
 0.713952
 -1.25045
 1.4054
 -2.02175
 -0.930675
 -1.87632
 0.37793
 -1.79864
 -1.22819
 -0.136336
 2.02752
 0.346438
 0.127124
 -0.111291
 0.356393
 -1.32949
 -2.15501
 -1.33524
 -1.94496
 -0.369934
 0.792255
 -0.351091
 0.0511266
 -3.18683
 -1.62676
 -2.62545
 -0.442657
 -1.0055
 -0.448175
 -0.676739
 -0.821536
 1.10758
 -1.22516
 -0.709433
 1.16103
 -1.18474
 -1.60785
 -3.36924
 -1.61309
 -1.43428
 -0.875521
 -1.8993
 0.469045
 -0.897298
 1.04832
 -1.95554
 3.04064
 -1.02671
 -0.193336
 -3.33314
 -0.593123
 -0.89846
 0.581568
 -1.75199
 -1.73888
 -2.20334
 -1.25822
 0.0230915
 0.864751
 -0.269116
 0.26289
 -1.94559
 -2.47758
 -1.02873
 -0.377095
 0.639544
 -0.964855
 0.646623
 -1.28691
 1.1606
 -1.33958
 -0.464102
 -0.293368
 -0.0622126
 -0.673467
 0.348323
 -0.555056
 -2.20688
 -1.02485
 -0.54652
 -0.449118
 0.0491712
 -0.553469
 -1.58743
 0.318987
 0.0942437
 4.56749
 2.21385
 3.21641
 1.03558
 -0.666647
 -0.480711
 -0.571109
 -1.88507
 0.510308
 -1.36282
 1.10547
 -0.275469
 -1.50986
 1.27048
 0.987563
 0.576459
 -0.314503
 1.08701
 -0.00695981
 0.108396
 0.684192
 -0.872055
 -2.05565
 0.563284
 -1.76674
 0.568913
 -3.34833
 -0.644516
 0.465495
 0.0932133
 2.11505
 -0.417016
 -0.264295
 -0.00192337
 1.29985
 1.45558
 -0.108568
 1.24534
 1.87074
 1.33049
 1.50067
 0.554796
 1.87611
 0.975886
 0.956875
 1.42089
 1.7136
 2.71342
 2.1081
 -0.657888
 -1.88915
 -0.338441
 0.339536
 -1.47891
 -0.668769
 -2.55693
 0.921634
 -1.62735
 -0.645288
 -0.956135
 -0.979881
 -1.08846
 0.283144
 -1.23137
 -0.752907
 -3.23183
 -0.132414
 -2.54382
 0.383269
 -1.25368
 -0.206005
 1.50581
 0.752712
 1.97432
 -1.01595
 -0.255997
 1.72732
 -0.0583468
 1.83504
 0.254829
 1.04184
 0.131825
 1.57443
 0.365253
 0.904397
 1.09414
 0.183591
 -1.44572
 1.44768
 -0.446473
 3.30787
 -0.692466
 2.89803
 0.828729
 1.30013
 0.463466
 0.292535
 2.88962
 1.8273
 2.18191
 1.53402
 0.996192
 0.420222
 -0.428288
 0.0437811
 -2.58086
 1.3491
 -0.964163
 0.67123
 1.15617
 -0.343089
 0.637361
 1.11519
 2.06698
 -0.969702
 -0.187355
 2.40878
 -0.971869
 1.84323
 0.829598
 -2.44934
 0.651735
 -1.19992
 0.510345
 -0.997439
 -0.875236
 1.32206
 -0.00265575
 2.34612
 -0.222338
 1.03831
 -0.373377
 -1.55585
 0.0837632
 -1.4215
 0.416217
 1.29142
 -0.0649379
 1.21178
 -0.373682
 -1.51437
 -0.66936
 -0.965997
 -0.339302
 -0.518634
 -1.40274
 1.03901
 -1.08397
 0.0837927
 2.19943
 0.237877
 2.1995
 0.618426
 1.70586
 -0.687764
 1.04764
 0.725845
 0.498815
 -0.886181
 3.39933
 -0.294231
 1.57195
 0.657204
 1.35567
 2.266
 0.952923
 1.65567
 0.574034
 2.46017
 1.67596
 2.31684
 0.588668
 -0.897349
 1.21035
 -1.35818
 2.44918
 0.0143073
 2.18765
 2.97652
 1.7624
 0.950838
 2.484
 -0.327213
 2.56447
 -1.24273
 0.220043
 -1.38144
 -0.0396442
 -0.203531
 1.57457
 0.550285
 -0.621795
 -0.235109
 -2.05222
 -0.852728
 -2.88069
 -0.567518
 -2.09392
 -0.315125
 -1.03838
 -1.0522
 -0.750624
 -1.9655
 -0.454477
 -2.83457
 1.59975
 -1.24202
 1.07815
 0.337297
 2.08322
 -0.228028
 0.77214
 -2.23797
 -0.521793
 -1.86297
 0.208968
 -2.371
 -0.350986
 -1.25465
 -0.325934
 -0.938584
 -0.721342
 -0.591398
 1.13055
 -0.444134
 1.58934
 -0.968876
 1.6182
 -0.193905
 3.33713
 -0.994555
 0.581752
 -1.11292
 0.617548
 3.13786
 -1.12158
 1.89906
 0.295653
 0.43525
 0.325949
 2.30324
 0.38317
 1.17488
 0.0757632
 0.860089
 0.13145
 0.352038
 0.453557
 -0.791279
 -0.701381
 -0.293224
 -1.01677
 0.826475
 0.466353
 -0.77451
 2.61386
 -0.913864
 0.800905
 -0.836352
 0.958548
 -0.779764
 0.160886
 0.389474
 -0.720218
 2.57926
 -2.95405
 1.88585
 -0.946855
 1.14467
 0.973527
 1.9387
 0.0335139
 -1.04794
 -0.861692
 -1.84224
 -1.16884
 -0.469186
 -3.38291
 -1.65304
 -2.15486
 -0.792692
 -3.02006
 0.833026
 -2.85042
 -0.43567
 -0.424243
 -1.91607
 1.3258
 -0.746136
 1.25734
 1.32184
 1.41044
 0.959025
 0.153762
 2.10564
 0.765185
 0.387138
 0.419762
 -0.307905
 -0.241588
 1.49941
 0.448095
 3.18555
 -0.615932
 3.1508
 1.44094
 -0.642559
 1.42637
 2.46006
 1.40912
 0.181516
 0.804204
 -0.343575
 -0.34911
 0.199452
 1.08947
 0.364599
 0.532478
 0.794648
 1.95365
 -1.73519
 3.24437
 -0.83126
 1.0073
 -1.09015
 1.39065
 -1.93691
 1.52133
 -2.16215
 0.595892
 -0.991669
 1.58616
 -0.488469
 0.447317
 2.64666
 1.56954
 1.33794
 -0.883696
 0.349661
 -0.312467
 -0.909124
 1.26405
 -0.141719
 0.191203
 -2.69063
 -1.09282
 -1.16403
 0.219723
 -1.11691
 -1.48332
 -1.02519
 -2.68372
 -1.43934
 -2.55827
 0.114364
 2.31648
 -0.77235
 2.197
 -0.0633119
 1.48242
 0.228452
 2.23836
 -0.268993
 0.520023
 -0.64845
 0.52028
 -2.28692
 -0.244819
 -2.99704
 -2.18603
 -2.52348
 0.312935
 -1.18336
 0.712239
 -0.209667
 -1.01982
 0.112818
 -2.4036
 -1.80362
 0.0325128
 -2.90963
 -0.180912
 0.41142
 0.618742
 0.534753
 1.91109
 -0.890569
 2.65455
 -1.22837
 0.494282
 -0.300914
 -2.22851
 -0.209738
 -1.32388
 -0.86955
 -2.83657
 -1.15373
 -1.57876
 -1.97006
 -1.53607
 -2.43595
 0.0668396
 -0.907372
 -1.87989
 -1.13441
 -0.0422231
 -1.22507
 -2.36319
 -0.903481
 -3.63819
 -0.530873
 -2.53517
 -1.18585
 -1.94584
 0.284372
 -3.56347
 -0.00141343
 -2.81845
 -1.39427
 -0.296924
 -0.352853
 -0.652755
 -1.34282
 0.706933
 -0.418722
 0.0937148
 -1.8913
 1.56487
 0.177993
 1.09308
 -1.09286
 1.77097
 0.81838
 0.941635
 0.441031
 0.362978
 0.635389
 -0.461007
 2.34271
 0.99473
 -0.626149
 0.695567
 0.918887
 0.601783
 0.801615
 0.98041
 1.08962
 -0.201798
 0.271009
 1.90506
 -1.48185
 1.46873
 0.975777
 1.7894
 -0.17299
 0.21459
 2.26446
 -0.00614332
 1.50854
 -0.54451
 0.719092
 0.195837
 0.577529
 1.19093
 2.54748
 0.533052
 0.838458
 1.22272
 -0.781749
 0.308692
 -0.967828
 -0.569124
 -0.202963
 0.660798
 0.711852
 0.842225
 1.77872
 0.23892
 -0.683561
 1.59282
 -1.20889
 0.467675
 -1.55412
 1.12842
 0.361717
 -1.46069
 -1.33603
 0.91374
 -2.51556
 1.75495
 -0.474592
 0.758291
 0.0894191
 0.191155
 -0.0884598
 -1.65236
 -3.52768
 0.761019
 -0.220549
 -2.06259
 -1.78369
 -3.62073
 -1.75607
 -0.458628
 -2.21531
 -2.44428
 -0.489068
 -1.83742
 0.486005
 0.759219
 1.93423
 -0.147882
 1.99535
 -1.74094
 0.0620992
 -0.825683
 -1.2231
 1.67875
 1.23544
 2.96511
 -0.380038
 2.84639
 0.304123
 0.898578
 -3.0389
 0.808123
 -3.15403
 -0.972043
 -3.14786
 -0.991336
 -1.01297
 -0.969951
 -0.30602
 -0.628304
 -1.67629
 -0.6808
 -2.04378
 1.28102
 2.04641
 1.3049
 1.15179
 0.757468
 1.21579
 0.111441
 -0.807603
 -0.0562736
 -1.41519
 0.608336
 -1.28584
 -0.49939
 -0.849133
 -0.843531
 1.29299
 0.416142
 -0.589169
 0.295851
 -0.22973
 1.22224
 -0.0870827
 0.884232
 -1.71661
 1.26824
 -0.135482
 -0.674017
 0.196317
 0.368428
 1.8981
 1.07663
 -0.204215
 -1.83878
 -0.371467
 -0.488988
 0.447153
 1.53569
 1.87498
 3.64195
 -1.17676
 1.36606
 -0.96012
 1.1637
 -2.46305
 -0.594295
 -1.05848
 0.707615
 0.034085
 2.04758
 -2.35752
 1.79787
 -1.32309
 1.58646
 0.502053
 0.255043
 1.49683
 -0.0881253
 0.496369
 -0.943211
 1.09606
 -0.044092
 -2.73948
 0.100272
 -1.72799
 -0.875789
 -1.26117
 -0.683058
 1.90608
 -0.225562
 -0.690803
 0.548149
 0.376996
 0.416558
 -1.43302
 -1.15417
 -2.39991
 0.417076
 1.49808
 -1.07429
 1.75131
 0.662574
 0.989766
 -0.509745
 -0.908337
 0.669855
 -1.22559
 1.7938
 -0.527951
 1.37809
 -2.36272
 0.746542
 -0.290721
 -2.72002
 0.523742
 0.438267
 1.07634
 -0.705389
 -2.01836
 -1.52127
 0.109523
 -1.66118
 -3.25811
 -1.47681
 -3.08356
 0.316334
 -1.23814
 -0.50978
 -1.49445
 -1.74909
 -2.60736
 -0.42436
 0.0526896
 -1.3002
 0.382784
 -0.452651
 1.1103
 -0.887969
 1.95819
 1.19796
 2.17028
 -0.632922
 -0.243154
 -1.57888
 -1.50589
 -0.960476
 -0.9285
 0.201657
 -1.6656
 0.161774
 -3.83378
 -0.493433
 -3.67417
 -1.05937
 -2.53926
 -0.593955
 0.650305
 1.40445
 0.0490633
 0.593508
 -0.457679
 1.93466
 1.74245
 0.520281
 1.69655
 -1.37588
 0.447216
 -1.17613
 0.933894
 -0.000608584
 0.151279
 -0.751543
 -0.0248898
 0.257992
 -0.523201
 2.50375
 -1.49475
 0.0726827
 0.483465
 0.272749
 0.711018
 0.0792554
 1.26474
 0.359427
 -0.639189
 -0.0336462
 -1.82613
 1.35993
 0.323513
 1.35073
 2.57241
 0.712684
 0.107782
 1.77139
 -1.73807
 0.695427
 -3.23638
 -2.0885
 -2.15052
 -0.0330235
 -1.3201
 0.84447
 0.362148
 1.07488
 -1.0775
 1.34623
 0.368126
 -0.308956
 0.109691
 -0.773312
 0.858823
 0.283362
 0.783467
 -0.577244
 -0.0380441
 -0.831204
 0.188733
 -0.433922
 0.725046
 -0.964947
 -0.729843
 -1.27991
 -0.82417
 -0.262248
 -2.77752
 -0.666995
 -2.76741
 0.210456
 -2.06492
 1.23699
 -1.17179
 -1.46385
 -1.33927
 -0.293419
 -4.12164
 -2.43501
 -3.18294
 -0.638091
 -4.63
 1.2731
 -3.23405
 0.630184
 -0.939306
 1.23916
 -0.113097
 1.64628
 1.07554
 1.55063
 1.08163
 0.869707
 0.531604
 1.59739
 1.28176
 0.441018
 0.929504
 2.50043
 -1.79498
 2.30263
 -1.43111
 -0.676512
 -1.90437
 -1.67938
 -2.08727
 -1.2377
 0.544886
 1.02927
 1.71593
 0.931362
 0.125581
 0.0308898
 -2.18649
 0.25488
 -1.26585
 0.036992
 0.813721
 -0.800272
 -1.36171
 -0.705487
 -0.275062
 -1.97862
 0.901571
 -1.42449
 1.79296
 -0.86795
 2.99892
 -2.12834
 2.06092
 -1.07834
 1.99689
 -0.271053
 1.54194
 1.86832
 -0.692011
 2.28244
 1.06014
 1.34707
 2.00134
 2.99209
 -1.15508
 -0.386685
 -0.942397
 -4.08963
 -0.573454
 -2.35606
 -2.25048
 -1.68326
 0.4354
 -1.89932
 -1.08728
 -1.59032
 0.361838
 -0.337804
 1.06439
 -0.231418
 1.61165
 0.399653
 1.30438
 -0.149051
 1.7362
 -1.01415
 2.96198
 -0.0960491
 2.02956
 0.100951
 2.00415
 2.67513
 -1.34309
 -0.798799
 0.0489602
 -1.78621
 0.280425
 -0.586876
 -0.441585
 -1.33747
 -2.22184
 -0.0727664
 0.153312
 0.546285
 -0.483701
 0.691854
 -0.133554
 1.25375
 0.00212093
 2.95279
 2.68688
 2.69055
 1.7297
 2.31712
 0.771031
 1.78644
 0.882862
 -0.0784813
 -1.23159
 -0.340915
 -2.27044
 0.825779
 -0.981739
 1.20892
 -0.0751246
 -0.0859502
 -1.27528
 1.00685
 -2.43015
 1.82196
 0.345142
 1.18246
 1.7131
 -0.396451
 0.813378
 1.338
 0.757292
 2.26105
 -1.83847
 1.97381
 -1.67246
 1.00759
 -0.309093
 1.90545
 1.22075
 1.56736
 1.32062
 0.975999
 0.843015
 -0.286065
 0.951843
 -1.32604
 -0.346106
 -1.3928
 0.597107
 -0.728711
 -1.17361
 -0.407473
 0.298097
 -0.681996
 1.39901
 0.649847
 1.14304
 -0.53407
 2.59249
 -0.172104
 1.4889
 1.51331
 2.06049
 -0.609657
 3.20926
 -0.277861
 2.61878
 0.978412
 -1.03311
 1.25443
 0.0294231
 0.114879
 0.0608527
 -1.99129
 0.477958
 -1.12285
 -0.52372
 -1.47378
 -0.198258
 -2.51037
 -0.56732
 -1.10344
 0.195847
 0.425476
 -0.110994
 0.978007
 1.91484
 1.48471
 -0.508475
 2.17701
 -1.73234
 1.05783
 -2.04756
 0.934303
 -2.44143
 -0.341832
 -0.487359
 -1.50749
 -2.38852
 1.69512
 -2.44997
 -0.0611537
 -0.81875
 0.94591
 -1.1465
 -0.951156
 -0.0592792
 -1.59481
 2.53566
 -1.80548
 1.80654
 0.405555
 3.53476
 0.934776
 3.20897
 0.0204796
 2.12356
 -1.34236
 -0.404186
 0.813829
 -0.247596
 1.81692
 -2.8583
 0.531494
 0.162301
 -1.32382
 0.44902
 -0.506594
 1.46054
 0.0922757
 0.859604
 -0.996335
 -1.62832
 0.250645
 -1.44017
 0.012021
 0.0280277
 -0.740162
 -1.2631
 -1.46192
 0.319859
 -2.20698
 -1.39062
 -1.94861
 -1.76833
 -3.04551
 -1.64509
 -2.61603
 -1.69107
 -1.42584
 -3.05678
 -1.05594
 -1.84825
 -3.0133
 -2.78293
 -2.77219
 -1.29705
 -0.714923
 -0.487445
 0.291453
 0.0927411
 1.60418
 -2.27119
 0.543242
 -1.4294
 -0.0501706
 -0.596516
 -0.471747
 -2.28472
 -0.430873
 -2.11063
 -0.725418
 -1.63822
 -1.25049
 -0.488094
 -0.417252
 -0.0146376
 3.4534
 1.3821
 1.18917
 -0.0910361
 2.0979
 -0.922693
 3.02194
 -0.24414
 2.14598
 3.85328
 0.726999
 3.70138
 -0.395622
 1.85857
 2.24187
 3.23561
 0.707722
 0.871699
 0.58282
 1.98812
 0.527147
 1.52208
 -0.124502
 2.08281
 0.0986739
 3.12248
 1.32841
 1.14059
 1.83717
 -0.464859
 1.09423
 1.59538
 0.298717
 2.6496
 -0.476704
 1.70249
 0.79537
 -0.429938
 -0.581172
 -0.337843
 -0.0535322
 -1.82708
 2.93113
 -1.48367
 3.77084
 -0.314608
 2.04053
 -1.55327
 -0.0258453
 0.949302
 -0.181105
 0.698441
 0.0936413
 2.21928
 1.12878
 1.20869
 4.17073
 0.346942
 0.93884
 1.33751
 1.0181
 -0.363995
 -0.105286
 -0.672357
 1.22266
 2.63334
 0.742962
 -1.69942
 0.00161312
 -2.40991
 0.317609
 -0.091623
 -1.53618
 1.2327
 -1.45564
 2.11957
 -2.29864
 -0.425944
 -1.49506
 1.56991
 -1.5316
 1.83446
 1.36555
 1.10152
 0.404831
 -0.274362
 -0.0290474
 1.28403
 -0.264411
 1.74126
 1.97945
 -0.25573
 1.46118
 -3.44826
 1.70445
 -0.257577
 1.17089
 -0.113063
 0.465456
 -0.237244
 1.18963
 -1.26399
 0.785921
 0.109365
 0.535486
 1.78895
 0.559673
 1.32374
 1.11021
 1.53319
 -1.00945
 -0.424021
 0.25851
 0.39801
 -0.917271
 0.337613
 0.353538
 1.16358
 -1.16355
 -0.237673
 -0.0544818
 -1.28804
 0.568555
 -2.06727
 -0.000591366
 -1.20312
 0.643457
 1.08529
 -1.86503
 2.96061
 -0.633191
 -0.879311
 0.264176
 0.0528553
 1.35721
 0.995542
 2.85092
 1.66987
 0.758738
 1.82742
 0.0276519
 0.988947
 0.312609
 0.376253
 -0.202091
 0.391831
 0.00234398
 1.33485
 -1.06666
 -0.759171
 -0.19556
 -1.34421
 0.696333
 -0.351468
 0.917704
 -0.63733
 0.3292
 0.966129
 0.113194
 1.32305
 0.381575
 2.24934
 -0.955383
 1.97948
 1.26333
 2.03989
 3.00576
 1.14445
 1.50704
 -0.0892026
 0.468894
 -1.91776
 -0.501645
 -1.55409
 -1.91538
 0.406578
 -3.55605
 -0.123597
 0.519533
 -1.38937
 2.22088
 -1.02573
 2.03547
 1.30712
 -0.896794
 1.57425
 -0.214885
 0.927253
 -1.35096
 1.73208
 0.0810864
 0.761698
 1.58516
 -0.225528
 1.52736
 0.185439
 -0.00921364
 -1.70738
 1.47275
 1.28142
 0.165945
 2.84289
 2.0344
 0.0146461
 0.246259
 0.421895
 -1.03606
 1.43686
 0.466893
 2.29039
 1.644
 1.44433
 2.08687
 0.671678
 1.15754
 1.85011
 1.71026
 1.5903
 1.83722
 -0.944423
 -1.00712
 0.588604
 0.145718
 1.30065
 0.617063
 0.144808
 0.770869
 0.0952654
 0.91438
 2.12289
 0.460422
 0.267542
 -1.43042
 1.27361
 -1.65876
 -1.96363
 -1.82041
 -2.8973
 1.18455
 -1.2843
 1.25547
 1.11692
 1.6761
 0.761565
 0.88688
 0.370985
 1.79688
 -0.573928
 1.77917
 -1.94995
 0.919766
 -0.168446
 0.984488
 -0.0906541
 0.0335004
 -2.03827
 -0.69971
 -2.61446
 -1.4919
 -2.5673
 -2.12002
 -1.66522
 0.113313
 -0.20583
 0.86753
 0.416024
 1.32451
 -0.344337
 1.23826
 1.25956
 1.62097
 2.52017
 3.4063
 0.909424
 2.40467
 1.70748
 2.57696
 2.11646
 0.307531
 0.546382
 0.0449553
 0.595582
 -0.907648
 0.978678
 -1.12674
 0.230844
 -0.559936
 0.346635
 0.618433
 0.882064
 0.412131
 0.996425
 -0.961644
 0.99598
 -0.374767
 0.625532
 1.75543
 0.466415
 -0.0964097
 0.357583
 1.28522
 1.24898
 1.76852
 1.18527
 1.39432
 2.51603
 0.675058
 0.112555
 1.52639
 -0.43701
 2.16207
 -0.94359
 2.7773
 -0.0503432
 1.30692
 0.971505
 2.10067
 -0.675003
 1.59057
 0.126199
 3.15143
 -0.332386
 1.64372
 1.21631
 0.841641
 -0.002266
 -0.089395
 -1.43486
 -0.428994
 1.60386
 1.99855
 2.22277
 0.42047
 -1.40277
 -0.685739
 -0.909326
 0.268098
 -0.391561
 0.611423
 1.56026
 0.023248
 -0.273379
 0.540745
 -1.35299
 0.267141
 -2.84533
 -1.52996
 -1.67371
 -1.79707
 -1.29455
 -0.145254
 0.772388
 0.258223
 0.135071
 0.199115
 -0.775797
 -0.897429
 -2.33717
 -0.855428
 0.0285886
 -0.884511
 0.533548
 -1.25472
 2.3402
 -0.67603
 0.88702
 -0.574165
 -0.48531
 -1.43728
 -0.499461
 -2.68695
 -0.278155
 -1.05863
 0.505274
 1.36102
 -1.05068
 -0.175978
 -1.48795
 -0.484604
 -0.580254
 0.546232
 0.617393
 -1.58761
 1.87128
 -1.36484
 0.633567
 -0.73286
 0.175569
 0.478141
 1.94601
 -1.47189
 1.87819
 -0.576654
 1.58723
 0.170521
 2.6953
 -0.122961
 0.71892
 2.61925
 -1.59156
 2.89045
 -1.26026
 1.94318
 -0.634803
 2.50808
 -0.285689
 1.94757
 1.8728
 -0.858102
 -2.14835
 -1.62757
 -0.962611
 2.18677
 1.02005
 4.28012
 0.257178
 0.533052
 -0.788052
 0.0628353
 -1.07006
 -1.20769
 0.0166408
 1.9743
 0.819448
 1.33521
 0.380114
 0.0291079
 1.05033
 1.67766
 1.02442
 2.17603
 -0.271174
 0.344424
 0.644854
 -1.09967
 1.40685
 0.256731
 0.491253
 2.20988
 0.114915
 0.608056
 3.15684
 2.90061
 0.651737
 1.46851
 -0.378866
 0.428286
 -0.922489
 -0.676926
 -1.74685
 -0.682663
 -0.751366
 -0.678223
 0.618593
 -1.90064
 -0.511616
 -2.11661
 -0.35684
 -1.68924
 -0.473695
 -0.55299
 1.3291
 0.482831
 1.179
 -0.855615
 0.586228
 -1.7765
 0.709455
 -1.44566
 1.97442
 -0.0597316
 1.39348
 -1.00418
 0.0627236
 -1.6541
 -0.654461
 -1.03334
 -2.25601
 -0.125697
 -2.47841
 1.0739
 0.608368
 0.123497
 2.42564
 -1.60884
 2.79821
 -0.323096
 2.64094
 -1.78054
 1.90711
 -0.106531
 0.768305
 -1.07966
 -0.45844
 -0.438177
 -1.9445
 -0.330443
 -1.83869
 -1.56955
 -0.403654
 -0.549328
 -0.883855
 -0.735854
 0.139648
 -3.43169
 -1.1778
 -0.267196
 -1.88544
 -0.55292
 -0.139268
 0.270717
 1.424
 -1.26666
 1.49892
 1.02068
 2.17191
 0.60934
 1.38257
 1.04055
 -0.000521285
 0.9238
 0.0511396
 0.991158
 -0.337831
 0.202237
 -0.897546
 1.23003
 0.115038
 1.81472
 0.285849
 2.38745
 -0.80624
 0.214892
 -0.362363
 0.475525
 -0.865132
 0.359799
 2.82958
 -2.33821
 1.67412
 -0.949431
 0.306084
 0.136323
 0.800012
 -0.8044
 -0.781274
 3.5189
 0.412899
 2.03741
 -0.516329
 2.53348
 1.63247
 0.634682
 1.37265
 0.677637
 1.2974
 -0.64308
 -0.114182
 -0.73872
 -0.761077
 -1.46784
 1.62984
 -1.98188
 1.04494
 -0.358189
 1.81928
 -0.741562
 0.643727
 0.101136
 0.709157
 -0.169955
 1.44473
 -1.498
 -0.111683
 -1.20111
 0.329056
 1.05452
 -1.95129
 -0.346467
 -1.33588
 -0.847183
 0.480907
 -2.85886
 1.18732
 -0.70377
 1.37875
 1.03866
 -0.104021
 1.26643
 0.213039
 2.02199
 -0.654568
 -0.209158
 -0.794112
 2.68379
 -1.04192
 2.25205
 -0.433662
 0.659634
 -0.298222
 1.40559
 0.0612536
 1.76557
 -1.79291
 2.37994
 0.140866
 -0.40876
 0.647071
 -1.89007
 -0.106862
 -1.94903
 0.0915617
 -0.134659
 -1.29095
 0.436672
 -1.18392
 -2.63097
 0.96333
 -0.173742
 -0.193716
 1.10537
 0.107501
 -1.29716
 -0.219327
 -0.933268
 0.241326
 0.363796
 -0.554793
 -0.0565253
 0.502079
 2.54624
 0.821605
 4.11299
 -0.941175
 2.10987
 0.738658
 1.80766
 0.6033
 0.609414
 1.98369
 2.82959
 0.115867
 0.182367
 0.500852
 2.98696
 0.302721
 0.59794
 0.4499
 -0.114501
 -0.985906
 0.889898
 0.802963
 -0.595845
 -0.597068
 -0.194419
 -1.14891
 3.33679
 -2.16189
 3.27167
 -0.923426
 0.955457
 -1.17692
 1.11912
 -1.08612
 -1.10752
 -0.98289
 -1.01129
 0.280239
 -0.602807
 -1.5751
 0.161837
 -0.682865
 0.318571
 -1.00623
 0.863247
 -1.43673
 1.79526
 -1.5024
 -0.987736
 -1.35472
 -1.07618
 -1.90172
 -0.0347437
 -1.50563
 0.0582201
 -1.87121
 -0.0663556
 1.00904
 -0.811273
 0.877007
 0.66063
 2.28339
 -0.221434
 -0.683596
 0.881022
 0.78844
 2.08362
 -0.632184
 0.746311
 0.719827
 2.01219
 0.585482
 0.401385
 2.23877
 1.67314
 4.01904
 2.8236
 2.93181
 0.736662
 1.23407
 -0.205483
 -0.188448
 -1.18273
 0.699526
 -1.11372
 0.393645
 -1.08481
 0.837496
 -1.32789
 1.04883
 -0.479349
 0.601192
 0.700912
 -0.383827
 -0.132165
 0.506373
 2.18221
 -1.3249
 4.18086
 -0.652721
 0.596341
 -1.82981
 1.10939
 -0.519841
 -0.517362
 -1.54112
 -3.04351
 -0.0355404
 1.30275
 -1.76489
 -0.124846
 0.421306
 -0.0802014
 -0.414277
 0.799762
 0.967039
 0.423306
 1.68578
 -0.380059
 0.195893
 -0.752702
 0.601899
 -0.679659
 0.559579
 -0.306667
 1.84397
 -1.20783
 1.96798
 -1.29908
 4.83058
 -1.07763
 2.32963
 -3.13679
 2.14096
 -0.71605
 -0.0992409
 -1.27546
 0.249973
 -1.09362
 -1.29228
 -1.54845
 -1.04881
 -0.541158
 -1.32594
 1.6268
 -0.0684717
 1.17531
 -0.175511
 -0.421637
 1.67003
 1.28805
 4.02524
 -1.63411
 2.95665
 -0.617778
 2.89921
 0.567506
 0.778354
 0.179921
 0.363993
 0.733042
 -0.252784
 -0.776181
 -0.738132
 0.854537
 0.794997
 0.488461
 2.72066
 -0.17496
 1.25931
 -0.529786
 -0.913619
 -0.689137
 -0.691042
 0.475548
 0.369448
 2.06759
 1.02199
 1.67505
 0.382871
 1.75517
 0.378603
 0.770824
 1.46907
 0.654576
 1.72494
 1.82312
 -0.811914
 0.89191
 1.45664
 0.478171
 0.0228075
 1.5176
 -0.0617149
 -1.49527
 -1.90217
 -1.98401
 -0.443293
 -2.282
 -0.111085
 -2.70038
 -1.89178
 -0.228522
 -2.30507
 0.226369
 -0.0703447
 0.100196
 -0.0527005
 -0.386542
 0.432604
 -0.924589
 -0.480297
 -0.416327
 -1.30322
 -0.169164
 -2.47612
 -1.27139
 1.09172
 -0.491738
 0.277276
 -1.508
 0.594397
 -0.0240459
 0.802826
 -0.577013
 0.528558
 -3.52525
 0.793449
 -0.427514
 2.88894
 -2.079
 -1.29723
 0.520963
 -0.161249
 0.172953
 -0.257458
 0.0820005
 -0.871765
 -0.529861
 -1.4178
 -3.6425
 -0.859549
 -2.55575
 0.499629
 -2.77211
 1.66796
 -0.805541
 0.616244
 -1.34901
 -1.1494
 -2.34938
 1.38415
 0.325853
 -0.171762
 0.685469
 0.934263
 1.96545
 0.679525
 2.10613
 2.81776
 1.48394
 0.969561
 0.256742
 1.47708
 -3.28081
 2.28123
 -2.76076
 3.64224
 -0.802136
 1.35357
 1.15917
 0.69752
 -2.26473
 1.51264
 -1.13463
 1.21079
 -2.19598
 -1.28556
 0.353078
 -2.22606
 0.92246
 -0.560463
 0.115964
 -0.183006
 3.17072
 -0.236242
 -0.0833748
 -0.48577
 -0.352511
 0.286065
 0.156044
 -0.151189
 -2.35994
 0.423698
 1.98148
 0.645253
 2.31905
 0.100274
 0.978166
 0.2675
 -0.951167
 0.959116
 0.0248023
 0.58863
 0.144981
 0.675815
 -1.04787
 0.367282
 -1.09841
 0.99128
 -0.277689
 0.980796
 3.09764
 -1.1727
 2.46226
 -0.266973
 -0.742362
 -0.0106888
 -1.26152
 0.56158
 1.65761
 1.13985
 1.28602
 -0.709038
 0.203907
 0.431626
 -0.624028
 1.36082
 -1.0605
 -0.201758
 -0.734219
 -2.24392
 0.14036
 -1.16679
 0.0719331
 -2.5876
 -1.91866
 -0.794022
 -3.60774
 1.1318
 -2.38811
 -1.10656
 -1.90264
 1.35568
 -0.558758
 0.722614
 0.546718
 1.26785
 1.14983
 0.894117
 0.780286
 -1.48786
 1.38486
 -0.359206
 0.203183
 -1.42338
 0.457274
 -1.13142
 -1.94048
 -0.534949
 -2.6724
 -4.45508
 -0.482886
 -0.451805
 1.41031
 -1.53159
 1.261
 0.830376
 1.80176
 0.0835083
 2.69593
 0.916747
 1.77338
 -1.68474
 1.29493
 -0.936493
 -0.0176046
 -0.100962
 0.663243
 -1.49566
 1.13872
 -0.580578
 1.43477
 -1.68592
 1.74516
 -0.640853
 1.01378
 1.32415
 -0.500883
 1.56736
 0.204967
 0.802014
 0.359096
 -0.0465651
 0.194071
 -0.493352
 0.750323
 -0.359199
 1.37106
 0.175461
 1.5934
 -1.82796
 1.46615
 -2.0623
 1.28877
 0.575667
 1.41279
 -0.81456
 -0.0767719
 0.93747
 -1.59287
 1.09844
 1.02695
 0.0353816
 0.957759
 0.763845
 2.32781
 -1.20094
 2.02831
 -1.44982
 0.460149
 -1.22107
 -0.0128489
 -2.889
 0.520093
 -3.34494
 -0.130334
 -1.76237
 -0.441614
 -0.308959
 -1.85261
 -1.32727
 -0.706658
 0.106585
 -1.27227
 -1.31911
 -2.28981
 -0.0627507
 -3.63985
 0.325489
 -3.1035
 0.274725
 -1.79229
 1.4594
 -0.285944
 -2.97532
 0.0722456
 0.442408
 3.62618
 2.15441
 2.61136
 2.34686
 0.169078
 3.7485
 0.0280227
 0.340503
 -1.89668
 2.24961
 -2.1965
 1.70419
 -1.27598
 0.46856
 -0.881216
 2.52438
 -1.26587
 0.118635
 2.2925
 0.299414
 2.16614
 -0.444437
 -0.284559
 0.949212
 0.272873
 0.261553
 1.34775
 -0.497303
 2.57548
 0.881596
 3.70004
 1.08309
 1.08582
 0.53872
 -1.89462
 0.388304
 -1.77824
 -1.50082
 -0.989344
 0.248673
 1.35714
 0.468616
 1.88113
 -0.877335
 -0.25696
 -0.896109
 1.42542
 -0.450022
 0.457643
 -0.796185
 1.14691
 -0.2554
 2.8827
 -1.11343
 1.17139
 -0.765694
 2.01643
 0.261284
 1.56354
 0.857475
 -1.22357
 2.73735
 0.78996
 0.166516
 0.194416
 -0.508305
 1.192
 -1.10051
 0.512946
 0.842953
 -0.828606
 -0.0082569
 -2.5192
 1.91561
 -0.143216
 -0.468631
 0.363658
 1.62825
 1.21455
 0.949346
 2.25376
 0.609601
 2.4173
 -0.951384
 -0.618287
 -1.96404
 0.20805
 -0.698571
 -1.32558
 -0.728936
 -0.868853
 1.01232
 -0.817178
 -0.532832
 -1.28764
 -0.821634
 -0.852425
 0.528911
 -2.01157
 -2.18432
 -1.13827
 -0.545979
 -3.07314
 -0.845253
 -1.87369
 -1.88593
 -0.981195
 -1.28808
 -1.48705
 -1.0832
 -2.08618
 0.55281
 -0.00961855
 1.16686
 0.110764
 0.342861
 0.107921
 -1.73004
 -0.717199
 1.00709
 -0.0844454
 -0.0650906
 -1.34593
 -0.0996238
 -0.279523
 0.630933
 0.24409
 -0.356662
 -1.12645
 -0.302044
 -1.46205
 0.712204
 -1.09824
 -0.258178
 -0.854377
 0.0889002
 0.505123
 -1.06145
 -0.970117
 -2.4796
 -1.04422
 -1.85541
 -1.6629
 -1.69851
 -2.05332
 -0.201124
 -0.734289
 -0.983334
 -1.64434
 -0.160847
 0.255635
 0.00965804
 -0.0989631
 -0.802385
 0.455902
 -0.372816
 -1.08371
 -2.46169
 -1.33247
 0.64233
 -0.922784
 2.08333
 -0.405397
 1.64991
 0.847673
 0.134226
 -0.439561
 0.0440905
 0.716608
 -0.481514
 -0.187036
 -1.58189
 0.140159
 1.81587
 -2.89675
 0.627385
 -0.253055
 0.203219
 1.1804
 -0.160759
 0.062133
 0.752964
 -0.71736
 1.91852
 1.48703
 0.311758
 -0.912953
 -0.560672
 -1.244
 -0.780779
 -0.729757
 -0.406809
 -0.764169
 -1.64878
 -1.23162
 -0.530464
 -1.59594
 -1.39245
 0.994271
 -1.47524
 0.682091
 1.18091
 1.47848
 1.00226
 1.18121
 1.41373
 0.963147
 0.277501
 -0.599477
 0.765444
 1.07514
 -1.9654
 0.517502
 -1.82797
 1.03587
 -1.42511
 0.666439
 -1.79537
 1.76503
 -1.60654
 -0.0664104
 -1.30296
 0.621011
 -0.778655
 0.918091
 -0.0307589
 1.63469
 -0.0771823
 -0.735568
 0.30306
 0.598668
 -0.541323
 -0.212858
 -0.272744
 0.239993
 0.441443
 1.12119
 0.215617
 0.364385
 1.53963
 1.57887
 0.871486
 4.36236
 0.292975
 3.00012
 0.0193369
 4.06172
 1.16816
 1.82661
 1.27258
 0.0201017
 -1.16982
 -0.61621
 -0.494808
 -0.0473249
 -1.3653
 1.42412
 -1.53306
 -0.338306
 0.902962
 2.18468
 1.38968
 -0.976686
 -0.230688
 -1.00512
 0.591539
 -1.20056
 3.37685
 -1.58044
 3.17011
 0.353818
 3.26289
 2.31658
 1.14129
 1.71027
 -0.118452
 0.624047
 -0.0239406
 1.11978
 -1.2224
 -0.0665394
 -1.8721
 0.631616
 -0.4505
 0.601743
 -2.06328
 -1.66997
 -0.452033
 -0.542923
 1.86529
 -0.714742
 -0.491073
 -1.21637
 -0.356158
 -1.06092
 -0.146408
 0.285255
 0.830137
 -0.540144
 -0.597877
 -2.91901
 -1.0665
 -1.16783
 -1.07375
 0.888372
 1.28934
 2.47655
 -1.27324
 -0.0463094
 -0.537735
 -0.0324536
 -0.505824
 -0.451659
 -0.229242
 0.428964
 -0.144452
 0.888125
 0.189629
 -0.377432
 2.20771
 -0.0065009
 1.6604
 1.35388
 0.847547
 0.193343
 0.514336
 0.0650587
 0.39735
 0.377917
 -1.20393
 -0.311058
 2.44701
 2.47628
 3.06778
 -0.355179
 -0.565931
 -0.245022
 1.87715
 -0.0860231
 0.279991
 -1.25189
 -1.05223
 -0.301263
 -0.73609
 -1.17589
 -0.640326
 -0.930502
 1.40749
 -1.69608
 0.806861
 0.49502
 0.504501
 -0.29774
 -0.70887
 -0.00494226
 -2.38641
 -2.43453
 -1.63336
 -1.57142
 -0.174487
 -1.77268
 -1.37155
 -0.221272
 -1.76417
 0.736253
 0.431312
 -1.11288
 0.814221
 1.18303
 -1.49158
 -0.580374
 -0.290099
 0.335706
 0.425293
 -0.858946
 0.187703
 1.36602
 -1.39821
 -2.1721
 0.165895
 -2.56019
 -1.60088
 -1.387
 -1.65219
 -2.46448
 -2.68622
 -2.41974
 -1.50497
 1.69707
 -1.2443
 -0.0245763
 -2.2012
 -0.491979
 -0.947204
 -0.259008
 0.446944
 3.38599
 -1.06093
 1.97052
 0.194908
 0.593133
 2.42961
 0.140183
 -0.613281
 -2.44097
 -1.97684
 -2.22845
 -1.0789
 -0.674306
 0.360561
 -0.948343
 3.26546
 0.143922
 4.39989
 1.53974
 3.18307
 0.6533
 3.23428
 0.426546
 2.86831
 1.0499
 0.460067
 1.24673
 1.45222
 1.59912
 0.332972
 2.02113
 1.5019
 0.806215
 1.99721
 1.12802
 1.22687
 0.97624
 -0.277307
 -0.570684
 -0.65141
 -1.79237
 -0.975981
 -0.546234
 -0.0669996
 -0.23967
 0.200694
 0.307559
 -0.531731
 0.314633
 0.582452
 1.68996
 0.202535
 1.89817
 0.300742
 -1.12777
