 -0.100879
 -0.101113
 -1.13887
 -0.427509
 0.0886322
 0.281915
 0.79582
 1.45229
 2.12042
 1.82782
 0.790744
 0.832902
 0.513247
 -0.0923669
 0.229097
 0.321122
 0.865748
 1.53705
 1.10897
 2.21027
 2.00141
 0.0924206
 0.608654
 -0.265545
 -0.54741
 0.0369863
 -0.0281433
 -0.336571
 -0.152248
 0.15347
 0.307062
 1.08649
 -0.231235
 -0.242954
 -0.621537
 -0.388173
 0.0102358
 -0.300125
 -0.131881
 0.0421579
 1.19735
 1.11269
 1.30093
 1.73024
 1.69195
 1.73199
 0.334266
 -0.234973
 -0.589432
 -0.170575
 0.612131
 0.341422
 0.580337
 0.283451
 0.685693
 1.47236
 0.661122
 1.29296
 1.54745
 1.26767
 1.23907
 -0.89603
 -1.4818
 -0.766341
 0.448771
 1.36379
 0.0357495
 -0.316116
 -0.763215
 0.375011
 1.29847
 1.44215
 2.80737
 1.94937
 1.65333
 1.16358
 1.04366
 1.45911
 1.13426
 0.986836
 0.459605
 0.19828
 0.91874
 0.234707
 0.943722
 1.22518
 -0.10884
 0.130938
 -0.814877
 -0.982485
 -0.912122
 -0.562123
 -0.0869791
 0.0417757
 0.395718
 0.996244
 1.42674
 1.31524
 0.32324
 -0.146206
 -0.633309
 -0.270875
 -0.520041
 -0.593371
 -0.312003
 -0.226305
 -1.25069
 -0.976114
 -0.378038
 0.351126
 0.305226
 -0.463761
 -0.381911
 -1.77177
 -1.05142
 -0.790406
 -0.758599
 -0.931352
 -0.690133
 0.165236
 -0.451726
 -0.316097
 0.0389355
 -0.33832
 0.222868
 -0.122833
 -1.17349
 -0.345702
 -0.16291
 1.61654
 1.41067
 1.34574
 0.281998
 -0.0965519
 -0.734159
 -0.9902
 -1.49019
 -2.10637
 -1.85519
 -0.785129
 0.15423
 -0.0573656
 1.12571
 1.05991
 0.638987
 -0.120014
 -0.740464
 -0.668707
 -0.834937
 -0.924062
 -0.531974
 -0.34874
 -0.945631
 -0.152483
 -0.0286979
 0.500267
 0.778328
 0.165767
 0.483474
 -0.493929
 -1.15255
 0.120548
 -0.124722
 0.278265
 -0.142747
 -0.595352
 0.291821
 0.153556
 0.0241521
 0.558369
 0.659308
 0.721838
 -0.161471
 -0.253528
 -0.582289
 -1.25697
 -1.08617
 -0.834628
 -1.99879
 -2.08629
 -2.39912
 -2.51053
 -1.38618
 -2.18615
 -1.37307
 -1.5464
 -2.23697
 -2.14134
 -1.22861
 -1.17277
 -0.59697
 -1.60173
 -1.18979
 -0.958831
 -0.519876
 0.963013
 0.964809
 1.88814
 1.67015
 1.64382
 1.96944
 1.29558
 1.20434
 0.525924
 0.220597
 -0.988049
 -0.210957
 -0.0637059
 -0.19088
 -0.394873
 0.055826
 1.03809
 0.933798
 1.16084
 0.788639
 1.8258
 1.97694
 1.80285
 1.45785
 0.0281135
 -1.26654
 -1.12644
 -1.53567
 -0.344455
 -0.55664
 -0.251203
 -0.80969
 -0.991934
 -1.05566
 0.0434177
 0.337432
 1.00117
 1.80176
 1.80536
 1.215
 0.649886
 1.28959
 -0.479466
 0.0320835
 0.0533613
 -0.722191
 -0.289043
 -0.251284
 -0.345656
 -0.676124
 -0.520979
 -0.293184
 -0.172893
 0.563701
 0.403477
 0.936386
 1.54606
 -0.0614896
 0.052095
 0.684925
 0.648088
 -0.347018
 -1.71666
 -0.462743
 -0.565584
 0.2864
 -0.415978
 0.71018
 0.962973
 -0.720438
 0.571595
 0.184164
 0.214587
 0.301025
 -0.481185
 -0.640302
 -0.864221
 -0.755908
 -0.930334
 -0.0305799
 -0.782448
 -0.442836
 -0.583387
 0.145169
 -0.00192122
 -0.213711
 0.529175
 0.331006
 -0.181201
 -0.469431
 -0.427899
 -0.552563
 0.205235
 -0.261185
 0.0563719
 0.0505739
 -0.34063
 -0.0652685
 -0.33707
 0.163924
 -0.424448
 -1.48915
 -1.36505
 -1.15096
 -1.82306
 -1.28408
 -0.698775
 -0.672856
 -0.51143
 0.426716
 0.0644139
 -0.0639528
 -0.536083
 -0.336176
 -1.25244
 -1.58365
 -1.45694
 -1.01741
 -0.934774
 -1.30831
 -1.57149
 -1.29765
 -1.67082
 -1.17664
 -0.788297
 0.542709
 1.48595
 2.33442
 1.71401
 0.840994
 -0.254098
 -0.856616
 0.0897067
 -0.723653
 -0.892902
 -0.413118
 -0.0716128
 0.403083
 1.21385
 1.35895
 1.51886
 0.830281
 -0.658402
 0.665756
 0.922686
 -0.230496
 -0.489986
 -1.08847
 -1.35452
 -0.528163
 -1.54299
 -1.73445
 -1.71031
 -0.496008
 -1.65958
 -0.767117
 -0.96031
 -0.467294
 -0.557838
 -1.30766
 -0.352563
 -0.619713
 0.0680514
 -0.835901
 -1.10576
 -0.409473
 -0.136508
 0.815002
 1.64726
 2.49373
 1.29495
 0.187337
 0.760472
 1.6733
 2.05253
 2.12316
 0.409154
 -0.00583082
 0.348731
 -0.27559
 -0.087368
 -0.0893947
 0.120404
 -0.386391
 1.11988
 0.528888
 0.606475
 0.838323
 0.987961
 0.522657
 1.4621
 0.609103
 -0.828295
 -1.13125
 0.338111
 0.475487
 -0.176616
 0.292598
 0.561941
 -0.0923564
 -0.824702
 0.0076514
 -0.810405
 0.431485
 -0.184392
 0.126021
 0.784774
 2.41778
 1.68693
 1.28291
 1.10896
 0.755755
 1.41748
 1.26677
 0.538418
 -0.0922341
 0.8882
 1.28833
 1.39403
 1.89261
 1.63311
 0.992966
 0.784476
 0.521758
 0.502917
 -0.0263967
 -0.440855
 -0.973273
 -0.0502786
 -0.213576
 0.00172333
 0.94872
 0.463564
 -0.214047
 -0.127239
 -1.26783
 -0.91261
 -1.29527
 -1.87101
 -1.18472
 -0.976213
 -0.755006
 0.0441404
 0.942017
 0.872984
 -0.462211
 0.239118
 0.285819
 0.154794
 -1.05028
 -0.527863
 -0.533023
 -0.37823
 -0.260227
 0.234673
 0.575263
 -0.118716
 -0.184171
 0.352233
 0.424362
 1.06103
 1.87674
 1.59606
 1.73259
 0.904406
 -0.100403
 0.0707521
 0.0421242
 0.0970513
 1.1594
 -0.282879
 0.0357837
 0.44444
 -0.476728
 -0.697335
 -0.538598
 0.0490084
 -0.290998
 -0.163869
 -0.32429
 -0.0203254
 -0.0104613
 0.442553
 0.0883457
 -0.406536
 -0.0191286
 0.481231
 -0.483692
 -0.491895
 -0.134954
 -1.23793
 -1.75234
 -1.46113
 -0.835652
 -1.12329
 -1.53218
 -0.931964
 -0.985734
 0.0538671
 1.22742
 0.54438
 -0.701937
 -1.03545
 -1.69717
 -0.885682
 -1.47843
 -1.18018
 -0.984189
 -1.04338
 -0.291536
 -1.0318
 -1.64719
 -1.4145
 -0.998521
 -0.021753
 -0.115903
 -0.22589
 0.760324
 1.32316
 0.996365
 0.796342
 -0.459409
 -0.0683159
 0.290593
 0.701191
 1.5068
 1.79355
 1.86738
 0.370868
 -0.0320491
 -0.140021
 -0.21779
 -0.21497
 -0.545691
 -0.528335
 -0.798133
 -0.789853
 -0.769675
 -1.29169
 -1.044
 -1.43733
 -1.59825
 -1.73079
 -1.12237
 -0.95992
 -0.65483
 0.351738
 1.51782
 1.17773
 0.0737745
 0.156163
 -1.14472
 -0.546919
 -0.692825
 -2.49308
 -2.64223
 -2.29467
 -2.12141
 -1.54663
 -1.48444
 -2.05705
 -1.3298
 -1.79034
 -1.54693
 -1.27347
 -0.732389
 -1.25949
 -0.88994
 -0.769386
 -1.19331
 -0.662574
 -0.521828
 -0.934291
 -0.945212
 -0.570133
 1.38408
 0.743982
 1.03645
 0.918162
 0.645429
 -0.230239
 0.212006
 0.454684
 0.992222
 0.655917
 1.81964
 0.835149
 0.35752
 -0.629455
 -1.1079
 -1.29473
 -1.35783
 -1.07722
 -1.17117
 -0.936795
 -0.627103
 -2.11983
 -1.73597
 -0.968866
 -0.536846
 0.766268
 0.748901
 0.513861
 1.20389
 1.55122
 1.30982
 1.50484
 0.190532
 1.09904
 0.57653
 0.0866696
 0.342732
 0.877742
 0.346542
 0.446339
 0.415735
 0.623249
 -0.23992
 -0.931052
 -0.182252
 -0.634373
 -0.455451
 0.0255678
 0.621505
 0.747374
 -0.263839
 -0.776443
 -1.12838
 -0.845269
 -0.0916445
 0.25685
 -0.125301
 0.0268707
 0.038234
 0.198369
 0.497353
 0.713593
 1.30513
 1.67159
 2.39608
 3.03185
 2.11564
 2.64811
 1.98254
 2.21423
 1.8759
 1.39592
 1.90779
 0.510773
 1.21298
 0.716877
 0.496576
 0.317582
 0.977954
 1.12352
 -0.143521
 0.449472
 -0.48697
 0.210593
 0.301285
 -0.474956
 -0.368298
 0.563819
 0.886608
 1.13699
 1.89441
 0.654377
 0.927493
 1.08637
 1.04031
 2.06496
 1.98143
 0.679567
 0.909049
 0.620267
 0.878225
 1.85567
 1.78301
 1.3076
 1.61137
 0.63741
 -0.0494549
 -0.172296
 -0.125189
 -0.712535
 -0.921929
 -1.18238
 -1.93999
 -1.17864
 0.67942
 0.291643
 0.182055
 0.0130618
 0.757411
 0.536767
 0.974851
 1.29839
 1.15387
 1.00666
 0.949962
 -0.461424
 -0.415981
 -1.40096
 -1.78714
 -0.386069
 0.193709
 -0.399209
 0.702547
 -0.982237
 -0.591897
 -0.647703
 -0.671199
 -0.764096
 -0.737297
 -1.61161
 -1.66906
 -2.3391
 -1.48624
 -0.430508
 -0.905271
 -1.20447
 -1.21296
 -0.304479
 0.373039
 0.238412
 0.369834
 -0.301864
 -0.382855
 0.115149
 0.30855
 1.32508
 1.33745
 0.856329
 0.287633
 -0.811613
 -1.20579
 -1.15152
 -0.449975
 -0.67392
 -0.507329
 -0.994605
 -0.548143
 -0.174462
 0.147182
 -0.406749
 -0.323143
 -0.27026
 -0.212165
 0.16223
 -0.102054
 -0.597177
 0.364246
 1.00998
 -0.0414796
 -0.0543254
 -1.3954
 -1.05438
 -0.912925
 0.118968
 -0.334713
 -0.124547
 -0.528372
 -0.637346
 -1.63839
 -1.90217
 -1.23364
 -1.61676
 -1.09924
 -0.683816
 0.0177936
 0.654512
 1.01018
 0.868042
 1.03553
 0.2749
 0.539711
 1.24159
 1.12941
 1.78469
 0.659624
 0.890423
 1.42815
 1.50064
 1.85294
 1.83606
 2.02722
 0.977282
 0.604405
 1.00781
 0.57779
 0.546501
 1.12452
 -0.201789
 0.645427
 0.080626
 0.242932
 0.941746
 0.700292
 1.33832
 1.24343
 0.987456
 1.0926
 0.519577
 -0.820448
 -0.625922
 -0.491574
 -0.339115
 -0.936629
 0.26465
 -0.244285
 -0.454384
 -0.29104
 0.218833
 -0.0475922
 0.715918
 -0.20764
 -0.588688
 -0.581392
 -0.664954
 -0.770944
 -0.396711
 -0.94039
 -1.3799
 -1.79491
 -1.88657
 -1.46337
 0.0580588
 1.37477
 0.458881
 0.588779
 -0.166069
 -0.763171
 -0.41538
 -0.767848
 -0.915099
 -1.0003
 -0.980636
 -0.616219
 -0.235095
 -0.202769
 -0.371691
 0.240371
 0.140272
 -0.000639364
 -0.0384083
 -0.0527425
 -1.06436
 -0.352982
 0.497737
 0.810875
 0.750857
 1.52189
 1.30658
 1.86058
 1.63551
 0.371595
 0.490229
 0.392886
 -0.201484
 -0.387519
 -0.416734
 -1.41371
 -1.29142
 -1.67036
 -0.413218
 -0.426996
 -0.387037
 -0.721656
 0.587962
 0.961726
 0.0531543
 -0.229443
 -0.0852855
 0.525093
 -0.59245
 0.0169742
 -1.1471
 0.100507
 0.730563
 0.501771
 0.745409
 -0.0061188
 0.324001
 0.725921
 0.223455
 0.400514
 0.276535
 0.774164
 -0.255456
 0.040944
 0.886789
 1.83807
 1.21013
 1.23177
 0.931186
 -0.662897
 -0.239711
 -1.0502
 -0.857185
 -0.0780368
 -0.23065
 -1.03538
 -1.2495
 -0.405164
 0.316912
 1.18393
 1.40756
 0.864599
 1.35059
 1.35359
 1.90571
 1.55397
 0.325374
 0.8749
 0.699717
 0.239044
 -0.262821
 -0.0472804
 -0.212956
 0.282524
 0.810366
 -0.945065
 -0.928877
 -0.532711
 -1.3853
 -0.384943
 0.00854892
 -0.620646
 0.141164
 0.0406168
 -0.102061
 0.044514
 0.544978
 0.501718
 0.74932
 0.924112
 1.04068
 0.773489
 -0.458305
 -0.692823
 -0.356843
 -0.219272
 0.208239
 0.626155
 0.492149
 0.438169
 0.248408
 0.160582
 -0.336997
 0.412669
 -0.0683686
 -1.05426
 -0.731603
 0.36263
 0.160498
 0.628684
 0.280162
 -0.474082
 0.370897
 0.361305
 0.316215
 0.117373
 0.556557
 0.801924
 -0.165297
 0.153487
 -0.332242
 0.919317
 0.317217
 0.138657
 0.0078325
 0.502113
 1.50663
 1.66988
 2.0662
 1.28884
 0.73102
 0.00808197
 0.209059
 -0.165868
 -0.869171
 -0.739596
 -0.63129
 -0.170677
 -0.78354
 -1.12823
 -0.891415
 -1.52564
 -0.989949
 -1.23146
 -1.0909
 -0.792506
 -0.952065
 -1.51772
 -1.29081
 -0.345367
 -0.0716775
 -0.0178575
 0.337119
 -0.105907
 0.149107
 1.25537
 -0.578453
 -0.148289
 0.208742
 -0.546244
 -0.540724
 -0.801573
 -0.782972
 0.785198
 -0.12023
 0.931721
 0.904175
 0.48893
 -0.47375
 -0.216515
 -0.376423
 -0.308156
 0.670487
 1.30147
 0.508074
 0.257075
 0.909705
 1.24807
 0.854262
 1.46251
 0.467198
 0.710856
 0.497463
 0.0179052
 0.0190399
 -0.710284
 -0.79539
 -1.14213
 -1.56524
 -1.17022
 -0.718964
 0.250113
 0.285226
 -0.277995
 0.353145
 0.616006
 2.04756
 1.17299
 -0.611914
 -0.00610795
 -0.584119
 -1.31623
 -1.29159
 -0.650796
 0.0929049
 -0.0933399
 0.109748
 1.04223
 0.926422
 0.448547
 0.172162
 0.507842
 1.16642
 1.57828
 1.8989
 1.47227
 1.12697
 1.05585
 1.03102
 0.540972
 0.0777443
 0.506937
 0.714113
 1.40673
 1.50168
 2.1461
 1.21927
 -0.375213
 -0.130774
 -0.871412
 -1.31974
 -0.554851
 0.0862946
 0.257969
 0.35557
 1.19375
 0.0538808
 -0.541482
 -0.572394
 -0.674373
 -0.319097
 -0.378331
 -0.957805
 -0.460151
 1.09187
 0.536139
 0.527201
 0.615894
 -0.163083
 -1.24143
 -1.65908
 -1.41083
 -1.51469
 -1.09711
 -0.916759
 -0.106963
 -0.0287851
 -0.93754
 -0.389364
 -0.332714
 0.520511
 -0.335167
 -1.14557
 -0.311729
 -0.326563
 0.00224317
 0.380421
 -0.20922
 -0.664743
 0.23972
 -0.254613
 0.0336994
 1.09073
 1.14577
 1.34162
 2.51633
 1.88474
 1.7998
 1.10246
 1.23323
 1.54821
 0.305719
 0.72819
 -0.24785
 0.181841
 0.115189
 0.201409
 0.433619
 0.982086
 1.78489
 1.10089
 1.45905
 1.27207
 1.10043
 0.0233141
 1.75249
 1.93683
 1.74641
 1.99935
 2.87942
 2.30236
 2.19184
 1.94428
 2.03224
 1.60511
 0.740845
 0.751514
 1.03437
 1.03975
 0.994292
 1.28256
 2.51016
 0.907982
 1.14817
 0.870887
 0.163234
 0.445293
 -0.875703
 -0.82237
 -1.21149
 -0.800953
 -0.749466
 -0.842942
 -0.58991
 -0.616177
 -0.789205
 -0.20574
 0.564723
 1.18593
 0.80422
 0.644533
 1.11103
 2.13123
 0.749901
 0.435916
 0.249503
 0.826124
 -0.401481
 -0.28783
 0.308813
 -0.286357
 -0.177919
 0.542073
 1.22644
 0.577786
 0.992487
 0.538904
 -0.0584772
 -1.252
 -1.74205
 -1.8653
 -1.31025
 -1.28911
 -1.46782
 0.00971128
 0.626672
 0.603231
 0.303265
 0.669643
 1.79622
 0.840709
 1.33264
 0.786685
 1.09729
 1.50865
 0.741246
 1.24624
 1.64221
 0.641396
 -0.0541839
 -0.655671
 -0.82699
 -1.19431
 -1.61504
 -2.44832
 -2.95143
 -1.64878
 -1.30961
 -0.399358
 -0.959482
 -0.246395
 -1.59586
 -1.08363
 -1.5562
 -1.60361
 -0.349144
 -0.530754
 0.27259
 -0.852711
 -0.936301
 -0.425656
 -1.6454
 0.10032
 0.692683
 0.243209
 -0.077472
 0.144988
 0.825252
 1.04334
 1.78895
 2.52398
 1.54201
 1.56941
 1.27384
 0.813801
 1.66018
 0.781488
 0.984494
 0.550045
 0.0737426
 -0.309105
 -0.99484
 -0.0469527
 0.537259
 0.292169
 0.190869
 1.06347
 0.36445
 -0.196719
 0.374016
 0.00281193
 -0.367696
 -0.482714
 -0.161508
 -0.99394
 -0.50419
 0.0508064
 0.434301
 0.0430527
 0.948703
 0.854746
 0.987959
 1.01731
 1.24812
 1.04531
 0.706996
 1.40326
 1.1912
 0.472368
 0.170835
 -0.193084
 -0.868251
 -0.467198
 -1.27563
 -1.21542
 -0.9658
 0.0741393
 1.04431
 1.92325
 1.07307
 1.97646
 1.73526
 1.34153
 0.901129
 0.624982
 1.39434
 0.156109
 -0.144628
 0.879427
 0.237997
 -0.322911
 -0.404292
 -0.0660265
 0.159626
 -0.0429407
 0.0602209
 0.222099
 0.854617
 0.861605
 0.567581
 -0.588592
 0.374443
 0.111422
 -0.85167
 -0.262995
 0.67656
 0.518905
 0.207013
 0.0719636
 0.324408
 -0.0175702
 -0.164497
 -0.161016
 -0.905009
 -1.43351
 -0.653794
 -0.165651
 -0.567861
 -0.655266
 -0.961562
 -0.434624
 -1.63075
 -0.189373
 -0.643836
 -0.896273
 -0.56332
 -0.00830236
 -1.0005
 -1.75904
 -0.385647
 -0.0549655
 0.0121752
 -0.24355
 0.215348
 0.0432562
 -0.192144
 -0.466886
 -1.02691
 -0.0770111
 0.796877
 0.273464
 0.487899
 -0.381482
 -0.482418
 -0.96688
 -0.100602
 -1.17571
 -2.1311
 -0.989121
 0.0228896
 0.475234
 0.310923
 0.124195
 -0.0755803
 -1.42005
 0.0977433
 0.506605
 -0.0313421
 -1.24418
 -1.1517
 -0.554522
 -0.440661
 -0.376481
 -0.0825325
 -0.56798
 -1.14903
 -2.1454
 -1.55406
 -2.51354
 -2.88108
 -2.07156
 -1.53724
 -0.627102
 -0.294075
 0.815284
 -0.0933265
 0.142492
 0.565567
 0.213333
 -0.184768
 -0.639289
 -1.79382
 -1.76262
 -0.4617
 -2.17608
 -0.940222
 -1.58064
 -1.83136
 -1.14604
 -1.41859
 -0.31321
 0.59163
 1.32473
 0.945228
 0.308543
 0.0660521
 0.191031
 0.113299
 0.605563
 0.498105
 0.141526
 0.926028
 0.804585
 0.0251115
 0.824583
 1.13973
 0.83551
 1.26361
 1.26615
 1.16326
 1.13058
 0.897076
 -0.821695
 -0.184244
 -1.23875
 -1.31087
 -0.917057
 -0.589189
 -0.303317
 0.605835
 0.270289
 0.230082
 -0.0121978
 -0.424556
 -0.616603
 -0.452323
 -0.183942
 -0.610992
 -1.40811
 -2.10889
 -2.1237
 -2.92048
 -2.20815
 -1.71513
 -1.98602
 -1.16776
 -0.462367
 0.677587
 0.54674
 -0.364698
 -0.552842
 -1.09248
 -0.937011
 -0.536399
 0.493727
 1.04877
 0.0741399
 0.0434293
 0.16706
 -0.602182
 -0.287598
 -0.0126415
 0.73046
 0.509701
 0.408691
 0.046427
 0.642722
 0.555044
 0.633979
 0.115915
 0.573787
 0.128319
 -0.981975
 -0.8428
 0.00192059
 -0.916873
 -1.64124
 -0.165126
 1.05965
 0.380902
 -0.621441
 -0.803036
 0.0210457
 0.05593
 -0.263884
 -0.415306
 -1.22998
 -1.62266
 -1.7397
 -1.53467
 -0.886953
 -1.38076
 0.0892461
 0.392047
 -0.83461
 0.438459
 0.556462
 0.487891
 0.375128
 0.323588
 -0.399781
 -0.554879
 -0.626964
 -1.33136
 -0.12266
 -1.35536
 -1.03334
 -1.6124
 -0.578628
 -1.01098
 -1.31868
 -1.76324
 -2.22007
 -1.4243
 -0.707862
 -0.85071
 0.257801
 0.596872
 1.01189
 2.4673
 1.53197
 1.0795
 0.956614
 0.954376
 0.683036
 0.103561
 0.522247
 0.24338
 -0.958858
 -0.832742
 -1.08788
 -1.36747
 0.155243
 0.807482
 0.703458
 0.521802
 0.755436
 0.50925
 0.28086
 0.872822
 1.3065
 1.40269
 -0.212515
 -1.5039
 -1.35375
 -0.466409
 0.153471
 -0.666605
 -0.205797
 -0.732294
 -0.554073
 -0.00275004
 0.347865
 0.719831
 0.326415
 0.434164
 1.25038
 0.964338
 0.639514
 0.759945
 -0.163504
 0.130119
 0.0392723
 0.349186
 0.0729459
 -0.582127
 -0.711763
 -0.562501
 -0.261792
 -0.449148
 0.240891
 -0.687583
 -1.40538
 -1.59704
 -1.69863
 -0.844119
 -1.09742
 -0.618646
 0.994172
 0.814232
 0.615071
 -0.681598
 -1.36379
 -1.82527
 -1.64575
 -1.1806
 -1.34637
 -1.31468
 -1.20685
 -1.03969
 -1.12815
 -0.219516
 -0.398916
 -1.72799
 -2.52569
 -1.96341
 -1.02814
 -1.81842
 -1.60641
 -1.8909
 -1.16575
 -1.65652
 -2.08508
 -1.12933
 -1.3649
 -0.418252
 -0.640029
 0.236163
 0.0636425
 -0.142836
 -0.584642
 0.0897116
 0.931677
 1.02235
 0.539087
 0.0676344
 -0.190517
 -0.0253665
 -0.954357
 -0.463015
 -1.28559
 -1.40496
 -0.887206
 -1.34672
 0.15802
 1.2214
 0.729661
 1.51787
 1.36918
 1.63043
 2.08386
 2.43102
 2.27913
 1.51064
 1.17656
 1.78793
 2.15904
 0.88745
 -0.157663
 0.369818
 -1.32818
 -1.03421
 -0.592208
 -1.08383
 -1.38634
 -0.823983
 -1.13117
 -0.837105
 -0.771767
 -0.0768213
 -0.0670349
 -0.602566
 -0.0920554
 -0.621975
 -0.742902
 -0.8471
 -0.151089
 -0.974515
 -1.13579
 -1.07261
 -2.29281
 -2.50056
 -1.36034
 -0.894706
 -0.99944
 -1.30123
 -0.349871
 0.216466
 -0.442096
 0.20312
 -0.293795
 -0.713582
 -0.28755
 0.592815
 0.56741
 0.607613
 0.428053
 0.127563
 0.233971
 0.484572
 -0.00716082
 0.462213
 -0.289578
 0.0941423
 -0.455595
 -0.792435
 -0.208772
 -0.100793
 0.0650018
 -0.609392
 -0.0804155
 -0.337978
 -0.0311113
 -0.296797
 -0.471694
 -0.562743
 -0.554709
 0.80657
 0.527917
 -1.55294
 -0.684798
 0.0578116
 1.03054
 1.53867
 1.58417
 1.76069
 1.33257
 1.60985
 1.4003
 2.36575
 1.83214
 0.686271
 -0.226981
 -0.384681
 0.276911
 0.24465
 0.165144
 0.153111
 0.881199
 -0.372588
 -0.421845
 -1.22111
 0.0284341
 -1.08498
 -0.496473
 -0.0851619
 0.285969
 0.129615
 -0.0182381
 -0.0827132
 0.865546
 0.39916
 0.531029
 0.362947
 0.153607
 -0.170205
 0.286076
 -0.143998
 -0.811702
 -0.3592
 -0.0983511
 -0.416098
 -0.0135196
 0.0709681
 0.839705
 0.778224
 -0.405322
 0.0732059
 0.10334
 0.71518
 0.561845
 0.341861
 0.592607
 2.1122
 1.9251
 1.73675
 2.37984
 2.48534
 1.38047
 1.1062
 1.37046
 1.99548
 0.550947
 0.742896
 1.01997
 0.92018
 0.91596
 -0.152158
 -0.874491
 -1.59721
 -0.424431
 0.630892
 0.268333
 -0.0880655
 -0.453342
 -0.895744
 -1.15233
 -1.23391
 -1.48606
 -1.17723
 -0.663953
 -0.611477
 0.690238
 1.05284
 0.665199
 1.08279
 1.11479
 -0.363872
 -0.0696286
 0.888036
 -0.138847
 -1.28975
 -0.685562
 -1.09263
 -0.400592
 -0.239987
 0.406696
 1.05923
 1.12265
 1.96919
 1.05396
 1.03679
 1.16499
 0.951667
 1.19201
 0.779146
 1.70366
 1.79416
 1.49857
 1.7867
 0.521955
 0.923919
 0.034053
 -0.131698
 0.478092
 0.797184
 1.43593
 0.15719
 0.156792
 0.971942
 1.61554
 0.40634
 0.877476
 0.907147
 1.15827
 1.66924
 0.922061
 0.367074
 0.499325
 0.148725
 0.367128
 1.01461
 -0.149039
 -0.136852
 0.280912
 0.304782
 0.300728
 -0.489985
 -0.429531
 -0.289278
 0.0575162
 1.55456
 0.805597
 0.595254
 0.255957
 -0.283596
 -0.620814
 0.208725
 0.955361
 0.36458
 -0.218868
 0.261187
 -0.00702458
 0.0592445
 0.59545
 1.03556
 1.17514
 0.210148
 0.34567
 0.41541
 0.800639
 0.445366
 0.27624
 0.484485
 1.43675
 0.186673
 -0.0796846
 0.393327
 0.869299
 0.593805
 0.344868
 0.464733
 0.266866
 0.969704
 1.4806
 0.0410417
 0.251422
 -0.766808
 -0.052702
 0.0271513
 -0.76537
 -1.48009
 -1.96676
 -1.38938
 -0.663264
 -1.63384
 -0.583171
 -0.16806
 0.123285
 -0.393168
 0.422609
 0.693816
 1.22261
 1.22324
 0.722018
 -0.628758
 -1.76818
 -1.81056
 -1.08348
 -0.842164
 -0.0906555
 0.474757
 0.927015
 0.669976
 -0.0616343
 -0.337886
 -0.466923
 0.238626
 1.29841
 0.442004
 -0.280765
 0.490685
 0.318862
 -0.0643931
 -0.702116
 -0.0144037
 -0.541945
 0.543428
 -0.0324804
 -0.758938
 -1.21196
 -0.00614524
 -1.10544
 -0.68
 0.245906
 -1.17225
 -2.99917
 -1.71052
 -1.05457
 -1.16256
 -1.18913
 -1.65814
 -2.17732
 -1.26458
 -0.194527
 0.481602
 -0.0461518
 -0.50865
 -0.896124
 -0.945566
 -1.36651
 -1.11136
 -0.605421
 -0.586207
 -1.58265
 -2.01868
 -1.87574
 -0.716944
 -1.61208
 -1.85499
 -0.996473
 -1.12471
 -0.463655
 -1.0606
 -1.26092
 -0.1463
 1.38918
 0.0510976
 -0.0702401
 -0.015775
 -0.870496
 -0.346591
 0.105308
 0.382224
 -0.481164
 0.172712
 -0.30091
 -0.376121
 0.625991
 0.917777
 0.411631
 0.12517
 0.361896
 0.213059
 0.448632
 -0.442133
 0.134447
 -0.162343
 -0.503196
 -1.26279
 -0.896981
 -0.981852
 0.192919
 0.596673
 1.51697
 0.914615
 0.794922
 -0.0236674
 0.23995
 -0.120188
 0.268021
 1.04065
 0.979249
 0.606431
 0.321822
 0.616349
 -0.0102721
 0.604345
 0.288396
 -0.0816398
 -0.0783146
 -0.465184
 -0.912319
 -0.353264
 -0.279812
 -0.55335
 -0.51865
 -0.912549
 -1.45765
 -1.07301
 -0.0527611
 1.12318
 0.0327824
 0.405223
 0.719926
 0.974122
 -0.364693
 0.655009
 0.711838
 0.838152
 0.33437
 0.17853
 -0.158236
 0.821129
 -0.506413
 -0.375492
 0.0131177
 -0.094495
 -0.279398
 -0.413461
 -0.277495
 -0.947224
 -1.58332
 -1.48655
 -0.990607
 -1.05357
 -0.396307
 0.00190578
 0.592057
 -0.0743638
 0.744581
 0.111849
 0.447166
 0.228336
 -0.360527
 0.00391257
 -0.309835
 0.12297
 0.603596
 -0.0495724
 -0.125204
 -0.360006
 0.313469
 -0.242977
 0.159597
 -0.138886
 0.277367
 -0.187842
 -0.922283
 0.0282311
 0.251212
 0.620274
 0.572383
 -0.641638
 0.00711981
 0.383775
 0.743134
 0.888841
 1.22349
 1.8553
 0.385322
 -0.679002
 -0.531857
 0.434337
 -0.510185
 0.273021
 -0.144925
 -0.400119
 0.210415
 -1.07171
 -0.744593
 1.30878
 1.57749
 2.15217
 2.82516
 3.91769
 3.55807
 3.12497
 3.20479
 2.85638
 2.74775
 1.13043
 1.35325
 2.04191
 1.03795
 -0.159831
 -0.613881
 -0.448204
 -0.391855
 -0.521739
 -0.662397
 -0.380825
 -0.970996
 -0.480496
 -0.479884
 0.779614
 -0.128521
 0.0763298
 0.400069
 0.434641
 0.425731
 0.341862
 0.900089
 0.999873
 0.780429
 0.726191
 1.23971
 0.569774
 0.911029
 1.51822
 1.47929
 2.74225
 2.27903
 1.415
 1.97056
 1.43103
 -0.259266
 0.85805
 0.537776
 1.54874
 1.50653
 0.375162
 0.782774
 1.28131
 0.425102
 0.113865
 0.628973
 -0.113575
 -0.488794
 -0.375672
 -0.103279
 -0.411694
 -0.461806
 -0.652587
 -0.402178
 -1.1663
 -0.616991
 -0.676032
 -0.23365
 -0.838894
 0.186038
 0.318753
 0.0976727
 0.249487
 -1.25787
 0.24606
 -0.72716
 -0.36599
 0.348075
 0.0928926
 -0.886409
 -0.815311
 0.228026
 0.399951
 0.543078
 -0.180214
 -0.414342
 -0.847242
 -0.398401
 -1.26369
 -0.939702
 -0.456947
 -0.43342
 -0.0924953
 -0.481806
 -0.505598
 0.864191
 1.38155
 0.77899
 0.940199
 1.19296
 2.05959
 0.761742
 -0.0737207
 -0.185526
 -0.730514
 -0.743041
 -0.708405
 -0.580687
 -0.307157
 -0.873749
 0.0677868
 -1.1456
 -0.989442
 -1.31881
 0.0570263
 -0.487931
 -0.523268
 -0.884074
 -0.440885
 0.115823
 0.675588
 -0.189897
 -0.793537
 -0.5777
 0.319126
 0.438584
 2.01278
 2.21775
 0.887951
 0.891488
 0.975401
 0.764928
 1.31838
 1.41295
 1.40236
 0.61717
 0.918103
 1.26242
 0.684847
 -0.245464
 -0.433306
 0.047476
 0.160118
 0.383985
 -0.529645
 -0.10847
 0.279134
 -0.144898
 0.0267864
 0.133367
 0.238612
 0.363474
 0.18297
 0.361167
 0.552093
 0.799204
 0.480574
 0.431245
 1.68565
 -0.619769
 -0.566245
 -0.294329
 -0.58395
 -0.367458
 0.703317
 0.898339
 -0.090384
 -0.109356
 0.461169
 0.406431
 -0.470428
 0.0217999
 0.464594
 -0.143233
 0.91897
 1.32946
 1.71539
 0.893195
 -0.0283693
 0.221497
 0.215912
 0.00810636
 0.378229
 0.178732
 0.756881
 0.912025
 1.08604
 0.484333
 -0.345736
 -0.928249
 -1.02031
 -0.298776
 -0.561074
 -0.643276
 -0.699307
 -0.720142
 0.141241
 0.0636291
 -0.0589597
 -0.323056
 -0.0629144
 0.32688
 0.907235
 0.664668
 -0.254626
 0.127915
 0.206702
 0.177484
 0.330261
 0.690302
 0.130944
 -1.16129
 -0.389304
 -0.828671
 -0.623994
 -0.126057
 1.02974
 1.53845
 1.67347
 1.80958
 1.91156
 1.58429
 -0.0311022
 0.336213
 -0.773922
 -0.224801
 -0.376025
 -0.22915
 -0.327914
 -0.117942
 -0.771904
 -0.99965
 -1.21338
 0.311337
 -0.711432
 0.020884
 -0.559069
 0.276286
 -0.14552
 0.156531
 -0.0129531
 -0.287753
 0.705519
 0.556775
 0.670189
 0.92465
 1.36804
 2.10213
 1.79059
 1.07929
 0.78852
 -0.246043
 -1.17424
 -0.850928
 -1.13694
 -1.09492
 -1.74834
 -0.484832
 -0.248243
 -1.46099
 -0.84039
 -1.11817
 -1.09968
 -0.285301
 -0.361668
 -0.558314
 -0.91486
 -0.111789
 -0.318172
 0.428676
 -0.264639
 -0.306602
 -0.550108
 0.225501
 -0.589441
 -1.15734
 -1.34112
 -0.651936
 -0.889355
 -1.25017
 -0.58206
 0.991863
 0.721848
 0.201942
 0.0200751
 0.168386
 -0.513085
 -1.47634
 -1.63673
 -1.6331
 -1.00642
 0.221569
 0.07901
 -0.160904
 -1.55637
 -2.0963
 -2.15945
 -1.43231
 -0.953056
 -0.780475
 -0.594954
 -0.815445
 0.0531811
 -0.27456
 -0.735878
 0.277561
 -0.25981
 -1.2492
 -2.34777
 -2.1895
 -1.57012
 -1.30405
 -1.42821
 -0.652189
 -0.265265
 0.0644506
 -0.737135
 0.746577
 0.592586
 -0.384365
 -1.63284
 -1.54369
 -0.95841
 -0.273056
 -0.788945
 -1.53168
 -1.96379
 -1.62525
 -0.706317
 0.192828
 0.0369682
 0.00094884
 -0.888269
 -1.97274
 -1.85357
 -0.695359
 0.100684
 -0.336085
 0.0674804
 -0.45374
 0.172292
 -0.307878
 -0.800923
 -0.577736
 -0.208691
 -0.625385
 -0.0696007
 -0.0310616
 -1.31801
 -1.50662
 -0.779077
 -0.456454
 -0.197797
 -0.230175
 -0.999125
 -0.560508
 0.0840512
 2.28057
 3.06904
 2.75755
 1.96884
 0.367408
 -0.488644
 -0.298432
 -1.20668
 -0.445453
 -0.530433
 -0.0780153
 0.121353
 -0.704513
 0.121185
 0.596042
 0.59265
 0.239157
 0.524963
 0.446456
 0.360581
 0.50267
 -0.159669
 -1.23435
 -0.579449
 -0.595262
 -0.402857
 -1.66507
 -1.69994
 -0.280656
 0.1988
 1.15522
 0.618392
 -0.219514
 -0.113239
 0.696432
 1.30158
 0.54968
 0.709777
 1.30447
 1.4282
 1.40761
 0.923599
 1.35053
 1.199
 0.894987
 1.18065
 1.60145
 2.26743
 2.18476
 0.496093
 -0.951012
 -0.990088
 -0.120118
 -0.599387
 -0.946623
 -1.64763
 -0.739438
 -0.52663
 -0.92131
 -0.786001
 -1.11275
 -0.818945
 -0.419418
 -0.589397
 -0.865806
 -2.02012
 -1.52344
 -1.68148
 -0.81007
 -0.734202
 -0.762316
 0.598586
 0.770661
 1.16252
 0.292739
 -0.216638
 0.872836
 0.554645
 1.11503
 0.934301
 0.714765
 0.585345
 0.896653
 0.826967
 0.61654
 0.771289
 0.654385
 -0.538477
 0.163211
 0.257372
 1.72757
 1.19525
 1.56522
 1.46533
 1.13032
 0.943388
 0.494293
 1.62393
 2.10656
 1.93596
 1.94024
 1.42704
 0.861181
 0.236529
 -0.0914192
 -1.26076
 -0.234309
 -0.126719
 -0.0123588
 0.757605
 0.352985
 0.321491
 0.804436
 1.4754
 0.390714
 -0.308764
 1.08544
 0.695924
 0.792931
 1.03894
 -0.836409
 -0.633297
 -0.609451
 -0.136834
 -0.275392
 -0.880258
 0.0990242
 0.39696
 1.06032
 0.923242
 0.644585
 0.2731
 -0.789644
 -0.47625
 -0.884541
 -0.310893
 0.636588
 0.461285
 0.397069
 0.442271
 -0.869585
 -0.88365
 -0.790658
 -0.544927
 -0.474131
 -0.987778
 -0.0885658
 -0.178858
 -0.405052
 1.221
 1.01745
 1.29775
 1.37646
 1.23774
 0.424374
 0.616841
 0.845389
 0.521017
 -0.0879335
 1.36637
 1.1203
 0.565426
 1.03264
 0.90947
 1.77532
 1.40537
 1.38638
 1.22387
 1.66155
 1.92207
 1.93219
 1.29361
 0.129817
 0.39255
 -0.256468
 0.981113
 1.03522
 1.31191
 2.35105
 2.30284
 1.44392
 1.66495
 1.05894
 1.1952
 0.381958
 -0.13033
 -0.814168
 -0.462189
 -0.463987
 0.779226
 0.924891
 0.0673367
 -0.328188
 -1.13946
 -1.2402
 -1.85614
 -1.76179
 -1.49852
 -1.33637
 -0.848043
 -1.11133
 -0.901401
 -1.56633
 -1.02308
 -1.72949
 -0.290432
 -0.186556
 0.0902074
 0.604631
 1.34085
 0.788066
 0.365186
 -0.711214
 -1.13071
 -1.3173
 -0.603711
 -1.22782
 -0.886956
 -0.976959
 -0.615471
 -0.758267
 -0.974922
 -0.73329
 0.359944
 0.129114
 0.603874
 -0.0221198
 0.47405
 0.649369
 1.78565
 0.694038
 0.200855
 0.0483698
 0.101223
 1.63651
 0.792683
 0.785161
 0.921083
 0.378235
 0.472105
 1.30355
 1.17013
 0.895325
 0.69081
 0.55383
 0.373828
 0.0994984
 0.537412
 -0.264729
 -0.501753
 -0.323068
 -0.579521
 -0.206975
 0.472643
 -0.195226
 1.15136
 0.685707
 0.116856
 0.0641879
 0.33538
 -0.127241
 -0.00492263
 0.15461
 -0.27168
 0.97378
 -0.456396
 -0.0777902
 0.167986
 0.26637
 0.821075
 1.49329
 0.51551
 -0.431274
 -0.780639
 -1.38939
 -1.34035
 -0.826584
 -2.05072
 -2.07349
 -1.84332
 -1.2619
 -2.10603
 -0.890964
 -1.32745
 -1.36462
 -0.529908
 -1.25201
 -0.0424268
 -0.00686479
 0.357456
 1.10544
 1.18723
 1.18346
 0.607696
 1.37755
 1.16898
 0.64204
 0.492119
 -0.0260769
 -0.0785401
 0.691628
 0.741542
 1.92153
 1.07845
 1.63271
 1.99657
 0.406042
 0.53844
 1.76033
 2.03338
 0.886173
 0.664747
 0.160767
 -0.359246
 -0.059938
 0.774903
 0.496248
 0.5657
 0.371886
 1.27576
 0.0088264
 1.04131
 0.837581
 0.450945
 -0.152699
 0.401594
 -0.534646
 -0.147131
 -0.71232
 -0.542785
 -0.465131
 0.313413
 0.333792
 0.206294
 1.46679
 1.81675
 1.36868
 0.227591
 0.291463
 0.0275994
 -0.652214
 0.271519
 0.403137
 0.150422
 -1.11874
 -1.39978
 -1.09577
 -0.333866
 -0.751838
 -1.17735
 -1.13936
 -1.91934
 -1.78916
 -2.15524
 -1.09287
 1.15867
 0.461683
 0.838499
 1.05836
 1.01904
 0.683566
 1.2657
 0.819755
 0.254632
 0.042687
 0.109894
 -0.920307
 -0.898055
 -1.71935
 -2.27034
 -2.25025
 -1.06028
 -0.746809
 -0.163276
 0.0753468
 -0.700984
 -0.388309
 -1.21223
 -1.93864
 -0.863877
 -1.73662
 -1.279
 0.0264788
 0.257538
 0.425918
 0.973697
 0.232123
 1.20542
 0.465709
 -0.14347
 -0.073181
 -1.18194
 -1.08787
 -0.927403
 -1.11121
 -1.98033
 -1.67721
 -1.53443
 -1.76221
 -1.53952
 -1.8989
 -1.08334
 -0.805114
 -1.50554
 -1.26432
 -0.809821
 -0.879338
 -1.68697
 -1.59564
 -2.53714
 -1.96197
 -1.7913
 -1.74418
 -1.5682
 -0.705382
 -1.63441
 -1.36697
 -1.51745
 -1.83196
 -0.826656
 -0.405747
 -0.662117
 -0.847706
 -0.131832
 0.0681986
 -0.190788
 -1.01096
 -0.0294898
 0.47252
 0.620305
 0.0472353
 0.453595
 1.1766
 0.924916
 0.736582
 0.632644
 0.410522
 0.133269
 1.09269
 1.54098
 0.316922
 0.361464
 0.617769
 0.576287
 0.654113
 1.02584
 1.13693
 0.287488
 0.048964
 1.18777
 -0.109638
 0.17128
 0.908639
 1.22666
 0.565089
 0.158824
 1.17676
 1.09476
 1.00418
 0.293327
 0.270511
 0.428701
 0.424473
 0.933443
 1.80589
 1.3293
 0.701721
 1.05333
 0.234496
 -0.0753386
 -0.542526
 -0.692085
 -0.303605
 0.2792
 0.533703
 0.662479
 1.10197
 0.862771
 -0.156289
 0.57931
 0.0620774
 -0.0279301
 -0.571837
 0.048136
 0.53471
 -0.533506
 -1.21714
 -0.272083
 -0.966964
 -0.0209765
 0.149378
 0.269538
 0.253093
 0.106341
 0.0957601
 -0.832189
 -2.52548
 -0.848646
 0.144833
 -1.10035
 -1.6955
 -2.71993
 -2.53393
 -1.20332
 -1.44633
 -2.25616
 -1.49488
 -1.20458
 -0.782646
 0.406101
 1.1678
 0.73206
 1.07458
 0.0658434
 -0.522969
 -0.387132
 -0.909496
 0.302777
 1.25518
 1.95577
 1.13158
 1.46817
 1.31191
 0.704453
 -1.05271
 -0.75494
 -1.54776
 -1.80964
 -2.08056
 -1.90531
 -0.971152
 -1.15903
 -0.91251
 -0.571004
 -1.35398
 -0.900447
 -1.29794
 -0.120032
 1.36957
 1.31532
 1.16986
 0.910972
 1.03879
 0.671102
 -0.185451
 -0.336274
 -0.801457
 -0.335278
 -0.521472
 -0.621243
 -0.668772
 -0.825369
 0.336512
 0.550306
 -0.402777
 0.0264355
 -0.249919
 0.437325
 0.402464
 0.493614
 -0.626885
 0.0748752
 0.490988
 -0.339893
 -0.224244
 0.274915
 1.11789
 1.39092
 0.186333
 -0.93793
 -0.618224
 -0.476468
 -0.0652827
 0.764217
 1.39944
 2.79609
 1.09289
 0.683925
 0.141279
 0.255906
 -0.851851
 -1.22551
 -0.822749
 -0.061509
 0.181639
 1.11025
 -0.490603
 0.00692456
 -0.0548664
 0.35383
 0.634907
 0.391269
 0.903359
 0.68875
 0.160707
 -0.222426
 0.211312
 0.341365
 -1.31482
 -0.86473
 -0.917338
 -1.27866
 -1.0355
 -0.916242
 0.360465
 0.596797
 -0.41949
 0.0627847
 0.269338
 0.329698
 -0.564512
 -1.1554
 -1.71908
 -0.78383
 0.688658
 -0.0530334
 0.584214
 0.928824
 0.713378
 0.229819
 -0.267151
 0.154579
 -0.339424
 0.38507
 0.353265
 0.413507
 -0.666513
 -0.420627
 0.0247139
 -1.45132
 -0.939998
 0.400189
 0.662073
 0.156865
 -1.27241
 -1.62424
 -0.811027
 -0.996612
 -2.21632
 -2.00664
 -2.29242
 -1.0189
 -0.756701
 -0.933253
 -0.996199
 -1.5285
 -1.91718
 -1.5674
 -0.402102
 -0.706301
 -0.395117
 -0.25051
 0.2554
 -0.129623
 0.555405
 1.31493
 1.62422
 0.570216
 -0.227286
 -0.961063
 -1.39671
 -1.22266
 -0.935164
 -0.334742
 -0.91439
 -0.674725
 -2.00044
 -1.95529
 -2.25597
 -2.21712
 -1.92688
 -1.43501
 -0.188614
 0.742122
 0.558008
 0.393172
 0.0580113
 0.808044
 1.67762
 1.12067
 1.36608
 0.253349
 -0.218196
 -0.37605
 -0.131555
 0.480048
 0.117383
 -0.197019
 -0.1605
 -0.069844
 -0.223562
 1.00496
 0.113137
 -0.426619
 0.135543
 0.311606
 0.506919
 0.412024
 0.565699
 0.73461
 -0.203107
 -0.201626
 -0.986461
 -0.064353
 0.471089
 0.729409
 1.81128
 1.42183
 0.457392
 0.852888
 -0.0450594
 -0.232591
 -1.51048
 -2.37937
 -2.08702
 -1.29048
 -0.993311
 -0.131872
 0.495348
 0.600678
 -0.0359754
 0.508456
 0.655621
 0.0588428
 0.214871
 -0.272004
 0.221507
 0.263156
 0.478351
 0.188035
 -0.0121556
 -0.5348
 -0.150935
 -0.0409082
 0.0319154
 -0.29091
 -0.827538
 -0.909465
 -0.884543
 -0.645414
 -1.34849
 -1.49354
 -1.87555
 -0.963353
 -1.43917
 -0.29692
 -0.139393
 -1.16019
 -1.3159
 -0.696195
 -2.38398
 -2.95774
 -2.75016
 -1.85618
 -2.96965
 -1.30258
 -1.42484
 -1.15999
 -0.549246
 0.076422
 0.392185
 0.827596
 1.25554
 1.13541
 1.21198
 1.05321
 0.790045
 1.14101
 1.33766
 0.813143
 0.715079
 1.72409
 0.181035
 0.748791
 -0.00655663
 -0.707576
 -1.2583
 -1.63094
 -1.80564
 -1.75257
 -0.25792
 0.584968
 1.25423
 1.27198
 0.605283
 0.13909
 -1.03854
 -0.843175
 -0.540541
 -0.424466
 0.359973
 -0.226178
 -1.03926
 -0.755693
 -0.500277
 -1.28934
 -0.563067
 -0.684236
 0.333985
 0.272054
 1.16855
 0.211329
 0.310779
 0.286398
 0.720631
 0.594458
 0.8518
 1.51096
 0.395939
 1.15838
 1.52258
 1.10238
 1.60215
 2.23083
 0.626731
 -0.238589
 -0.523941
 -2.28271
 -1.94578
 -1.64632
 -2.18813
 -2.071
 -0.751546
 -0.967347
 -1.38806
 -1.48639
 -0.670027
 -0.219437
 0.318919
 0.430604
 0.780172
 0.823622
 0.641451
 0.527139
 0.995482
 0.129746
 1.24431
 1.11688
 1.30512
 0.967666
 1.17996
 2.15238
 0.415353
 -0.700528
 -0.335418
 -0.992801
 -0.667295
 -0.334631
 -0.365007
 -0.88059
 -1.50919
 -0.989599
 -0.111478
 0.0115028
 -0.327793
 0.227782
 0.0318667
 0.552764
 0.622597
 1.32425
 2.44437
 2.58906
 2.05781
 2.17423
 1.51765
 1.21568
 1.32642
 0.464337
 -0.610549
 -0.76548
 -1.20573
 -0.395098
 -0.336926
 0.261911
 0.307014
 -0.0372213
 -0.794975
 0.0829594
 -1.06894
 -0.152491
 0.699315
 0.744628
 1.29377
 0.497585
 0.234982
 1.03439
 1.00678
 1.6471
 -0.033221
 0.282156
 -0.113704
 0.0914712
 0.283844
 1.01421
 1.24231
 1.3328
 1.44404
 1.05085
 0.89156
 0.453455
 0.439286
 -0.223523
 -0.798668
 -0.835978
 -0.217982
 -0.115318
 -0.91004
 -0.748093
 -0.143512
 -0.234697
 0.469763
 0.656758
 0.92046
 0.306975
 1.11374
 0.952236
 0.903889
 1.48715
 1.53914
 0.801236
 1.61908
 1.15727
 1.39483
 1.56367
 0.142782
 0.310715
 0.586843
 0.256067
 0.16262
 -0.770623
 -0.359463
 -0.425417
 -0.967518
 -1.06453
 -0.812258
 -1.38523
 -1.16269
 -0.956931
 -0.374252
 -0.076586
 0.0660293
 0.341683
 1.32525
 1.50539
 0.425308
 0.913991
 0.124692
 0.163595
 -0.567
 -0.435353
 -0.956098
 -1.01511
 -0.694616
 -1.11138
 -1.77036
 -0.183188
 -0.817989
 -0.766316
 -0.667402
 0.150677
 -0.32221
 -0.941283
 -0.544125
 -0.863966
 0.628156
 0.110048
 0.192281
 1.02421
 2.11675
 1.80955
 2.13165
 1.50639
 1.46746
 0.178231
 -0.480797
 0.123517
 0.114012
 0.90356
 -0.589188
 -0.736432
 0.230192
 -0.67442
 -0.119078
 -0.173363
 0.509423
 0.542555
 0.535135
 -0.159726
 -1.33382
 -0.568818
 -0.720859
 -0.691939
 -0.0402822
 -0.3998
 -0.881162
 -1.2272
 -0.718181
 -0.940425
 -1.74005
 -1.64532
 -1.70605
 -2.52421
 -2.25942
 -2.36923
 -2.03675
 -1.60909
 -2.11538
 -1.83409
 -1.64632
 -2.4422
 -2.70593
 -2.71337
 -1.96257
 -1.2765
 -0.820124
 -0.208404
 0.101423
 0.916675
 -0.589553
 -0.460407
 -0.566159
 -0.453411
 -0.348907
 -0.448955
 -1.4343
 -1.26889
 -1.5118
 -1.25464
 -1.40371
 -1.40334
 -1.00049
 -0.47967
 -0.241124
 1.68767
 1.97683
 1.23241
 0.567052
 1.19838
 0.441372
 1.39976
 0.97335
 0.963834
 2.87819
 2.01401
 2.46938
 1.22363
 1.09643
 2.01633
 2.59089
 1.73329
 1.05899
 0.758506
 1.32516
 1.20696
 0.962238
 0.638801
 1.13044
 0.883003
 1.79197
 2.04893
 1.26706
 1.49538
 0.744285
 0.463797
 1.34188
 0.714223
 1.61219
 0.761967
 0.798465
 1.14636
 0.23233
 -0.443567
 -0.356351
 -0.316582
 -1.0406
 0.564132
 0.333271
 1.44435
 1.20859
 1.13748
 -0.013688
 -0.384384
 0.486215
 0.299118
 0.39186
 0.594966
 1.2583
 1.49009
 1.23288
 2.61507
 1.97435
 0.804939
 1.17457
 1.12222
 0.338199
 -0.239801
 -0.447943
 0.322691
 1.7421
 1.34279
 -0.397601
 -0.47199
 -1.30267
 -0.825416
 -0.218817
 -0.888146
 -0.0916177
 -0.231318
 0.453363
 -0.259968
 -0.995136
 -0.879368
 0.277771
 -0.23953
 0.518441
 1.24997
 1.14417
 0.57495
 0.136839
 -0.200411
 0.637369
 0.305171
 0.768155
 1.67935
 0.774201
 0.852536
 -1.31887
 -0.376816
 0.325087
 0.518194
 0.359624
 0.330307
 -0.0552614
 0.46384
 -0.26403
 -0.153132
 0.319047
 0.666712
 1.19634
 0.953819
 0.874263
 1.34868
 1.38124
 0.254167
 -0.32487
 0.00630662
 0.354201
 -0.155965
 -0.148121
 0.30652
 0.686531
 -0.080615
 -0.397537
 -0.165064
 -0.813291
 -0.360234
 -0.6288
 -0.757117
 -0.742936
 -0.271166
 0.639613
 -0.487309
 0.922887
 0.6113
 -0.619997
 -0.151426
 0.171745
 0.765895
 1.077
 2.07754
 1.90339
 1.2123
 1.39232
 1.0758
 0.521781
 0.639271
 0.450042
 0.110648
 0.154567
 0.234847
 0.619055
 0.156326
 -0.77132
 -0.378574
 -0.904627
 -0.0400036
 0.0288867
 0.452488
 -0.222678
 -0.0893324
 0.679664
 0.440526
 0.694301
 0.686113
 1.43352
 0.42593
 0.726609
 1.34543
 1.7794
 2.60437
 2.02459
 1.55981
 0.584762
 0.366125
 -0.704585
 -0.908818
 -1.03317
 -1.55188
 -0.603732
 -1.72715
 -1.41711
 -0.00792507
 -0.505437
 0.546772
 0.308922
 0.768189
 1.32246
 0.122647
 0.478205
 0.465678
 0.413189
 -0.230951
 0.435829
 0.629139
 0.501644
 1.00607
 0.56505
 0.744339
 0.855139
 0.293813
 -0.754313
 0.171126
 1.02671
 0.570835
 1.54124
 2.08788
 0.944105
 0.258846
 0.365358
 -0.342625
 0.320118
 0.650588
 1.22654
 1.59336
 1.50227
 1.8228
 1.26427
 0.952173
 1.54193
 1.72963
 1.35994
 1.67967
 0.350723
 -0.770947
 -0.0362889
 0.103646
 0.593777
 1.01184
 0.470064
 0.60847
 0.509587
 0.662897
 1.36711
 1.17546
 0.391868
 -0.594405
 0.162173
 -0.230319
 -1.7291
 -1.67977
 -2.1226
 -0.549886
 -0.25071
 -0.0240675
 0.993105
 1.20742
 1.09243
 0.852652
 0.749238
 1.14219
 0.525909
 0.818454
 -0.113149
 -0.371371
 0.198848
 0.315841
 0.538811
 0.0764974
 -1.02807
 -1.20765
 -1.645
 -1.73042
 -1.80537
 -2.15129
 -1.75279
 -0.847052
 -0.0951185
 0.384889
 0.60172
 0.964254
 0.420344
 0.635199
 1.00604
 1.53649
 2.0749
 2.90652
 2.04527
 1.90961
 1.93954
 2.27816
 2.32237
 1.04986
 0.800488
 0.298338
 0.533062
 -0.214714
 0.0345453
 -0.160723
 -0.41035
 -0.308216
 -0.00933355
 0.376092
 0.795176
 0.612581
 0.752163
 0.0147817
 0.271598
 -0.0483171
 0.398324
 1.11907
 0.967371
 0.228561
 0.12249
 0.737132
 1.20787
 1.5134
 1.33792
 1.35511
 1.76369
 1.43253
 0.633665
 0.879474
 0.445388
 1.15713
 0.344195
 1.22848
 1.03651
 0.958155
 1.0693
 1.36619
 0.523452
 0.621392
 0.70977
 1.78921
 1.07439
 0.941289
 1.3578
 0.914734
 0.347131
 -0.0196883
 -0.642368
 -0.675366
 0.71363
 1.69275
 1.82265
 1.1539
 -0.444964
 -1.01482
 -0.801613
 -0.155638
 -0.110274
 0.0855498
 0.844276
 0.53683
 -0.14758
 0.0653656
 -0.323561
 -0.387873
 -1.42043
 -1.92918
 -1.6809
 -1.81173
 -1.59344
 -0.776708
 0.297827
 0.170094
 0.232819
 0.111952
 -0.386941
 -0.862289
 -1.60295
 -1.33437
 -0.539325
 -0.735153
 -0.289351
 -0.562742
 0.610372
 0.514397
 0.288924
 0.0589861
 -0.378845
 -0.82918
 -0.920248
 -1.68194
 -1.50064
 -0.88106
 -0.282554
 0.799933
 -0.0256568
 -0.396904
 -0.803189
 -1.03564
 -0.60574
 0.0111999
 0.499047
 -0.5493
 0.351696
 -0.0216931
 -0.0445119
 -0.225861
 -0.180266
 0.311654
 1.31403
 0.0982363
 0.480941
 0.593609
 0.565831
 0.710748
 1.45483
 1.04474
 0.571355
 1.64419
 0.292185
 0.981688
 0.591092
 0.755666
 0.579842
 1.31135
 0.82468
 0.877846
 1.67933
 0.553881
 -1.1316
 -1.47257
 -1.06924
 0.641262
 1.3373
 2.54193
 1.9112
 0.673106
 0.133162
 -0.0250685
 -0.64144
 -1.05573
 -0.378304
 1.03294
 1.17397
 1.07084
 0.626947
 0.289753
 0.649643
 1.19692
 1.28967
 1.59497
 0.740551
 0.418423
 0.527065
 -0.570836
 0.250803
 0.620554
 0.374226
 1.28052
 1.05669
 0.526209
 1.79254
 2.8866
 1.58078
 1.05892
 0.59245
 0.185713
 -0.283841
 -0.451683
 -1.05547
 -0.905113
 -0.847135
 -0.727179
 -0.119471
 -0.722967
 -0.976382
 -1.14989
 -1.00169
 -1.29227
 -0.993946
 -0.619727
 0.228608
 0.781352
 0.75105
 -0.00571466
 -0.0504169
 -0.744156
 -0.315224
 -0.574067
 0.191676
 0.61019
 0.956138
 0.135248
 -0.0962575
 -1.04187
 -0.869947
 -0.848681
 -1.57398
 -0.939206
 -1.51052
 -0.371313
 0.72307
 0.159865
 1.47193
 0.209622
 0.855611
 0.78656
 1.21533
 0.033419
 0.533099
 0.461492
 0.371345
 -0.310031
 -0.483707
 -0.354742
 -1.33286
 -0.9764
 -1.07757
 -1.44656
 -0.88952
 -0.680723
 -0.587622
 -0.662078
 -0.357443
 -1.85268
 -1.90619
 -0.698824
 -1.20915
 -1.09694
 -0.014938
 -0.226962
 0.812586
 -0.121895
 0.222596
 1.07306
 1.54089
 1.16604
 1.17774
 1.08414
 0.498457
 0.572324
 0.464848
 0.650775
 0.225961
 -0.0125614
 -0.294065
 0.296503
 0.458606
 0.924814
 0.874441
 1.43943
 0.68567
 0.0222798
 -0.0958256
 -0.0308238
 -0.12783
 0.00477055
 1.61117
 0.0794957
 0.107928
 0.114876
 -0.157376
 0.172735
 0.356674
 -0.0908026
 -0.651623
 1.36499
 1.74053
 1.34112
 0.767194
 1.4371
 1.74386
 1.22734
 1.16911
 1.023
 0.974721
 0.177432
 -0.205904
 -0.416714
 -0.653998
 -1.10452
 0.181679
 -0.594894
 -0.0405272
 0.0118368
 0.914373
 0.466555
 0.218673
 0.373439
 0.335594
 0.392029
 0.846831
 -0.262363
 -0.560317
 -0.750686
 -0.443721
 0.573386
 -0.620695
 -0.811538
 -0.934066
 -0.90291
 -0.137085
 -1.32392
 -0.656265
 -0.0961067
 0.37526
 1.13685
 0.456559
 0.697619
 0.653709
 1.25517
 0.400807
 -0.177488
 -0.512844
 1.08886
 0.499066
 0.940462
 0.70697
 0.415211
 0.27682
 0.470859
 0.433408
 0.909746
 -0.170409
 0.657023
 0.868059
 0.0198576
 0.143653
 -0.708221
 -0.707671
 -0.910858
 -0.859047
 -0.117123
 -0.823751
 -0.479708
 -0.499999
 -1.86867
 -0.666329
 0.346919
 -0.131813
 0.339818
 0.484569
 -0.575245
 -0.481443
 -0.550708
 -0.347175
 0.150094
 -0.158178
 -0.320498
 0.200867
 1.2948
 1.41607
 2.60135
 1.33593
 0.946201
 1.35631
 1.28628
 1.19479
 0.790682
 1.36633
 2.28004
 1.30957
 0.323128
 0.43528
 1.82514
 1.49425
 0.616682
 0.596975
 0.2169
 -0.377658
 0.255418
 0.689118
 -0.149228
 -0.345973
 -0.474194
 -0.687842
 1.29507
 0.0388051
 0.900638
 0.745359
 0.344395
 -0.235613
 0.209932
 -0.0771915
 -1.11038
 -0.951158
 -0.936138
 -0.457284
 -0.359634
 -1.12492
 -0.517888
 -0.3849
 -0.112016
 -0.473178
 -0.0830382
 -0.398609
 0.419479
 -0.0595851
 -1.04837
 -1.17023
 -1.07556
 -1.40336
 -0.766736
 -1.07683
 -0.734943
 -1.26607
 -0.663429
 0.225055
 -0.016285
 0.163971
 0.685388
 1.41201
 0.958587
 -0.331913
 0.276648
 0.754813
 1.43933
 0.465109
 0.167722
 0.516984
 1.40997
 1.10412
 0.745874
 1.49579
 1.63719
 2.90067
 3.0526
 2.87707
 1.73735
 1.12811
 0.532091
 -0.0188588
 -0.611004
 -0.182898
 -0.347337
 -0.237611
 -0.29658
 -0.0897922
 -0.38585
 0.120733
 0.148564
 0.179954
 0.363297
 0.115825
 -0.0780894
 0.34382
 1.31757
 0.146682
 1.83771
 1.28583
 0.341415
 -0.585089
 -0.278252
 0.0930584
 -0.570232
 -0.967386
 -2.08675
 -1.22194
 0.35316
 -0.335506
 -0.704145
 0.16513
 0.117897
 -0.183728
 0.130584
 0.725975
 0.712277
 1.09965
 0.365618
 -0.0725774
 -0.329191
 0.0667058
 -0.181105
 0.0203766
 0.004821
 0.685468
 0.207322
 0.710119
 0.280909
 2.02322
 1.25345
 1.05732
 -0.696695
 0.0927241
 0.44661
 -0.243106
 -0.640319
 -0.486839
 -0.455306
 -1.02775
 -1.2254
 -1.34821
 -0.688229
 -0.75532
 0.239094
 0.349098
 0.637821
 0.339545
 -0.274188
 0.76172
 1.27269
 2.55743
 0.79586
 1.02494
 0.776281
 1.48451
 1.36266
 0.920767
 0.712007
 0.317847
 0.531316
 -0.0681738
 -0.210691
 -0.75517
 0.0497864
 0.698844
 0.376506
 1.59779
 0.930538
 0.631211
 0.553219
 -0.422986
 -0.728833
 -0.577216
 0.0639134
 0.294679
 1.14341
 1.2894
 1.36922
 0.960197
 1.16281
 1.004
 0.745635
 1.23299
 1.11162
 1.07326
 1.71087
 0.582342
 0.46067
 1.0684
 0.78952
 0.429758
 0.92891
 0.364407
 -0.643158
 -1.59399
 -1.99336
 -1.05191
 -1.41005
 -0.968275
 -1.73294
 -1.96647
 -1.06026
 -1.52915
 -1.03
 -0.198851
 -0.226206
 -0.131296
 -0.277986
 0.131248
 -0.364291
 -0.633244
 -0.309971
 -0.893436
 -0.743304
 -1.57905
 -1.57569
 -0.0578951
 0.221783
 -0.0130383
 -0.665185
 -0.352662
 0.00983553
 0.301048
 0.11767
 0.0688569
 -1.47744
 -0.898943
 -0.132632
 1.28721
 -0.0821777
 -1.25388
 -0.186676
 0.179603
 -0.15781
 -0.0364928
 -0.188716
 -0.620119
 -0.789901
 -1.07476
 -2.42463
 -2.01736
 -1.7754
 -0.932078
 -1.30205
 -0.256056
 -0.0608146
 0.0342389
 -0.551289
 -1.1725
 -1.87227
 -0.400612
 0.454587
 0.00954005
 0.312916
 0.673314
 1.36028
 1.13616
 1.32765
 2.459
 1.93689
 1.24044
 0.882015
 1.07143
 -1.04996
 -0.155316
 -0.685136
 0.916778
 0.748204
 0.397487
 1.13522
 0.769658
 -0.828837
 0.116112
 -0.0305597
 0.126597
 -0.710125
 -1.2342
 -0.523783
 -1.02346
 -0.440509
 -0.113349
 -0.152147
 0.0700946
 1.36185
 1.10998
 0.0522487
 -0.233801
 -0.310946
 0.108302
 0.104193
 -0.111346
 -1.09135
 -0.637973
 0.928536
 0.891348
 1.61718
 0.832003
 0.601355
 0.442283
 -0.243955
 0.0914025
 0.308884
 0.29115
 0.355775
 0.350832
 -0.251534
 -0.167082
 -0.332278
 0.214599
 0.192943
 0.517048
 1.80686
 0.73085
 1.03102
 0.713202
 -0.348026
 -0.308541
 -0.685852
 -0.219244
 0.940708
 1.30448
 1.04309
 0.109258
 -0.0804506
 0.21515
 -0.0188437
 0.450856
 0.0712472
 -0.417747
 -0.439732
 -1.55258
 -0.837573
 -0.722755
 -0.355545
 -1.45524
 -1.98446
 -1.32412
 -2.48852
 -0.969301
 -1.05858
 -1.7258
 -1.57055
 -0.347009
 -0.0973304
 0.0823785
 0.443018
 0.763076
 1.07587
 1.06039
 0.900943
 -0.10774
 0.267576
 0.323396
 0.0775077
 -0.719599
 -0.46063
 -0.579476
 -1.54178
 -1.05961
 -1.8256
 -3.25849
 -2.18189
 -0.506174
 0.318782
 -0.464213
 0.0985588
 0.731192
 1.12421
 0.641768
 1.50731
 1.4987
 1.38979
 0.079145
 0.0453147
 0.0390806
 -0.298036
 -0.0638284
 0.30928
 -0.436427
 -0.0265785
 -0.0607149
 0.545195
 -0.285337
 0.35835
 0.323441
 0.451232
 0.971761
 0.394573
 0.544638
 0.834669
 0.583485
 0.460827
 0.11622
 0.115737
 -0.136039
 0.248592
 0.162209
 0.617654
 0.720001
 0.744131
 -0.21014
 0.0627508
 -0.63463
 -0.10937
 0.643069
 1.01912
 0.0668403
 -0.144336
 0.400729
 -0.450451
 -0.153852
 0.984611
 0.304393
 0.484754
 0.930033
 1.56353
 0.547815
 0.488817
 0.268206
 -0.157777
 -0.562545
 -0.452983
 -1.32824
 -1.01725
 -1.69732
 -1.24184
 -1.36925
 -1.1361
 -0.570848
 -0.985637
 -1.32918
 -0.934171
 -0.504553
 -0.589404
 -1.15484
 -1.90922
 -1.12683
 -1.83326
 -1.23348
 -1.60494
 -1.17837
 -0.773003
 -0.111956
 0.296097
 -1.63126
 -0.995606
 0.0825981
 1.87991
 2.45697
 2.16245
 2.22587
 1.16411
 2.32961
 1.60821
 0.312804
 -0.828969
 0.407146
 -0.340674
 0.0667867
 0.0237523
 -0.16961
 -0.204956
 0.876003
 0.222628
 -0.336121
 1.28043
 1.07388
 1.18251
 0.67052
 -0.00639507
 0.299791
 0.420824
 0.190881
 0.7652
 0.294172
 1.18984
 1.19934
 2.46213
 2.1084
 1.27804
 0.758045
 -0.479602
 -0.450321
 -0.810947
 -1.56658
 -1.27133
 -0.277076
 0.677341
 0.643512
 1.11145
 0.270539
 -0.216853
 -0.467869
 0.338381
 0.266618
 0.211766
 -0.185548
 0.477903
 0.202072
 1.5126
 0.574358
 0.21962
 -0.0199071
 0.680713
 0.97689
 0.856633
 1.01941
 -0.0583607
 0.992919
 1.36667
 0.598303
 0.202485
 -0.165041
 0.619947
 0.0186066
 0.0246279
 0.509276
 -0.00380163
 -0.381136
 -1.1518
 0.0314319
 0.30061
 -0.170702
 -0.0536736
 1.12438
 1.27963
 1.23282
 1.75521
 1.29231
 1.65153
 0.658481
 -0.487005
 -1.19726
 -0.573725
 -0.503974
 -0.866509
 -0.952867
 -0.906712
 0.0313725
 -0.176318
 -0.596252
 -0.783094
 -0.922277
 -0.76817
 0.0283603
 -1.01212
 -1.76961
 -1.54593
 -1.07736
 -2.10996
 -1.64761
 -1.43911
 -1.85516
 -1.53587
 -1.292
 -1.31944
 -1.30728
 -1.48517
 -0.682569
 -0.10295
 0.597511
 0.480929
 0.437959
 0.0934683
 -0.838391
 -1.0113
 0.183934
 0.291906
 -0.188112
 -0.601525
 -0.712242
 -0.469083
 -0.00520081
 0.334395
 -0.189404
 -0.751613
 -0.643355
 -0.940819
 -0.288282
 -0.270651
 -0.471491
 -0.679699
 -0.253134
 0.321821
 -0.350657
 -0.756698
 -1.64879
 -1.73554
 -1.64302
 -1.72176
 -1.5563
 -1.9018
 -1.02534
 -0.667035
 -1.10249
 -1.18068
 -0.829489
 -0.060684
 -0.0161207
 0.240697
 -0.457191
 -0.226945
 -0.374789
 -0.615299
 -1.70777
 -1.69241
 -0.225105
 -0.314646
 0.583742
 0.403178
 0.760518
 1.03789
 0.508439
 -0.0614756
 0.0849746
 0.342477
 0.151313
 -0.420921
 -0.95952
 -0.344306
 0.902447
 -0.770679
 -0.540442
 -0.192581
 -0.0257663
 0.641836
 0.482607
 0.096137
 0.517845
 0.0305953
 0.647875
 1.47309
 0.737194
 -0.268858
 -0.475498
 -0.663727
 -0.840654
 -0.762515
 -0.564147
 -0.625594
 -1.36964
 -1.34711
 -0.789501
 -1.04084
 -1.40553
 -0.122081
 -0.459663
 -0.312949
 0.718746
 1.15764
 1.18594
 0.997603
 1.40519
 1.09609
 0.706673
 -0.263803
 0.0774075
 0.717373
 -0.514893
 -0.486217
 -0.538072
 -0.183082
 -0.410673
 -0.131085
 -0.770064
 0.136813
 -0.177911
 -0.579607
 -0.745613
 -0.168949
 -0.143759
 0.0832934
 0.229474
 0.85544
 0.485941
 -0.43937
 -0.171027
 0.318356
 -0.239157
 -0.232832
 -0.184969
 0.16571
 0.18121
 0.764632
 0.722317
 0.277794
 0.938687
 1.46206
 1.16981
 2.51083
 2.0116
 1.91081
 1.3418
 2.18944
 2.15319
 1.62117
 1.68683
 0.687502
 -0.507074
 -0.865715
 -0.524631
 -0.396821
 -0.870469
 -0.0810392
 -0.294616
 -0.539846
 0.224505
 1.44782
 1.46742
 0.109179
 -0.281774
 -0.545752
 -0.0977657
 -0.475852
 1.17876
 0.449255
 1.19355
 1.36868
 2.04283
 2.66044
 1.70601
 1.67797
 0.768664
 0.536165
 0.267399
 0.565659
 -0.145107
 -0.515328
 -0.965491
 -0.544308
 -0.212201
 0.0124704
 -0.788099
 -1.66688
 -1.11195
 -0.443975
 0.738017
 0.255853
 -0.478212
 -0.840031
 -0.834103
 -0.570345
 -0.488701
 0.151734
 0.487156
 -0.0413076
 -0.521739
 -1.88609
 -1.82096
 -1.29544
 -0.908192
 -0.145579
 0.716675
 1.68449
 0.317545
 -0.310242
 -0.237985
 -0.254528
 -0.271822
 -0.440811
 -0.370686
 0.0731059
 -0.00241125
 0.452329
 0.452786
 -0.081128
 1.07099
 0.848184
 0.976605
 1.27448
 1.08447
 0.701143
 0.535584
 0.325131
 0.344392
 0.390529
 -0.391158
 -0.474058
 1.07923
 2.13667
 2.30822
 1.15854
 -0.112734
 -0.239366
 0.921826
 0.664247
 0.216913
 -0.401306
 -0.985697
 -0.69778
 -0.491826
 -0.96014
 -0.87251
 -0.837283
 0.243978
 -0.490437
 -0.0759202
 0.535123
 0.430866
 0.0963228
 -0.449134
 -0.145701
 -1.13407
 -2.06504
 -1.91902
 -1.62391
 -0.932144
 -1.36349
 -1.36157
 -0.855244
 -1.04554
 -0.413326
 0.468521
 -0.383195
 0.0747593
 0.936216
 -0.244894
 -0.635549
 -0.277517
 -0.122525
 0.151416
 -0.289513
 -0.259593
 0.618755
 -0.396222
 -1.70452
 -0.630801
 -1.51652
 -1.83965
 -1.62486
 -1.60263
 -1.99691
 -2.63493
 -2.51338
 -1.99772
 0.103464
 -0.353466
 -0.458384
 -1.22591
 -1.11097
 -0.898168
 -0.628294
 -0.0868406
 1.80166
 0.765458
 0.620033
 0.864273
 0.614447
 1.68935
 0.950989
 -0.210086
 -1.28618
 -1.96251
 -1.8405
 -1.42625
 -0.953647
 -0.0745633
 -0.214714
 1.11101
 1.36295
 2.48126
 2.61028
 2.49551
 1.74975
 2.11323
 1.74001
 1.91966
 1.96113
 0.885192
 0.938949
 1.18022
 1.56455
 0.923864
 1.25234
 1.6613
 1.11356
 1.64633
 1.61951
 1.14559
 1.19067
 0.427188
 -0.172014
 -0.461889
 -1.10899
 -1.04678
 -0.796885
 -0.419345
 -0.320063
 -0.077071
 0.0164424
 -0.253824
 -0.0550713
 0.400088
 0.978867
 0.66718
 1.03589
 0.926185
 -0.352772
