 0.0452638
 0.136218
 -0.111193
 -0.0572151
 -0.0260037
 -0.10518
 -0.0952758
 0.211738
 0.107158
 -0.0764623
 -0.0211971
 0.0315072
 0.248881
 0.119832
 -0.0707936
 -0.115991
 0.0911849
 -0.101571
 0.118931
 0.185057
 -0.205697
 -0.0675049
 -0.126891
 0.1003
 0.0999289
 -0.159728
 -0.0994996
 0.150003
 -0.13408
 -0.0608108
 0.0269532
 -0.0120564
 -0.118739
 0.123968
 -0.0716321
 -0.0114614
 0.190294
 0.157998
 0.0683744
 -0.0826996
 0.108831
 0.0290164
 0.0577671
 0.0138691
 0.0957275
 -0.0701971
 -0.00986997
 0.105398
 -0.0412974
 -0.0388361
 0.0913464
 0.170668
 0.0138215
 -0.0162468
 0.14001
 -0.0642566
 0.0511565
 0.0281641
 -0.118053
 0.0883269
 0.0817791
 0.09334
 -0.0947394
 0.0855943
 -0.0201588
 -0.11079
 -0.136764
 0.0557316
 -0.0540847
 0.190107
 -0.102117
 -0.154114
 -0.0946769
 -0.0326974
 0.00818807
 0.204211
 0.0821313
 0.0519938
 0.0615958
 -0.198205
 -0.00666399
 -0.0500667
 -0.111735
 0.0182164
 -0.102295
 -0.0455306
 -0.051598
 0.0147216
 0.0634811
 0.0422634
 -0.0381052
 -0.00777079
 -0.0472682
 -0.0849151
 -0.0494222
 0.263747
 -0.0415134
 -0.127293
 -0.0218318
 0.025335
 -0.113419
 -0.0337357
 -0.0946903
 0.0456309
 0.0119392
 0.00123542
 0.0626817
 0.18471
 -0.0471081
 -0.180755
 -0.0292427
 -0.0384316
 -0.25204
 -0.181149
 -0.0907639
 0.0814678
 -0.0860394
 0.0900193
 0.0687573
 0.126249
 0.0251985
 -0.10777
 -0.286011
 0.0203106
 -0.156593
 0.0640599
 0.148548
 -0.0724724
 -0.0865105
 -0.00730157
 0.13169
 -0.184874
 0.150188
 -0.0149444
 -0.209161
 0.0846185
 -0.00982158
 -0.00109945
 -0.136761
 -0.0484749
 0.112733
 -0.0845956
 -0.254977
 -0.0830946
 0.0694684
 0.166852
 -0.228484
 -0.00911862
 0.0549888
 -0.0794758
 -0.0171125
 -0.163032
 0.175661
 -0.0539518
 -0.0600688
 -0.0194707
 -0.0161578
 -0.0992397
 -0.0251102
 -0.219097
 -0.0129426
 -0.0290285
 0.0327895
 0.09922
 0.21934
 0.0327235
 0.00553916
 -0.104392
 -0.011267
 -0.109652
 0.112662
 0.0365265
 0.129316
 0.111839
 -0.170973
 -0.0522973
 -0.14759
 0.0815523
 0.12929
 -0.0988743
 0.0252218
 0.0607645
 -0.131585
 -0.0282173
 0.0386429
 0.209649
 0.0482982
 -0.0551581
 -0.110152
 -0.0168067
 -0.0525654
 0.10557
 0.038563
 0.127694
 0.00322358
 0.220959
 0.145967
 -0.216775
 -0.0249197
 -0.0973016
 0.0253016
 0.120167
 -0.00575667
 0.0406074
 -0.0889589
 -0.0534217
 0.0590719
 0.0635554
 -0.0314514
 0.116225
 0.206604
 -0.0577161
 0.0142312
 0.125583
 -0.0644453
 -0.0868555
 -0.111146
 0.0435144
 -0.0880315
 0.112997
 -0.0499804
 -0.0752469
 0.0562197
 0.0830667
 0.0391905
 -0.0266489
 0.153585
 0.00337365
 0.0366683
 -0.00773292
 0.0403094
 0.00444331
 -0.129497
 0.0671914
 -0.107025
 -0.0016052
 0.0494153
 -0.0593473
 0.0366394
 -0.0657567
 0.133864
 -0.0607187
 0.114636
 -0.11478
 0.0471038
 0.0570537
 -0.0052004
 0.104469
 0.0380472
 -0.0734642
 0.26475
 0.0755443
 -0.0637709
 0.0671428
 -0.174149
 0.117804
 -0.0234505
 0.111604
 0.12931
 -0.0277143
 0.000935113
 -0.15007
 -0.164579
 0.0490129
 -0.188957
 0.0845575
 -0.0264451
 -0.124008
 0.115366
 -0.0740368
 0.0323867
 0.0348075
 -0.256886
 -0.219995
 -0.092798
 0.130343
 0.0410575
 0.1461
 0.0692434
 0.148774
 0.0982187
 -0.0142012
 0.00780685
 -0.149843
 0.0927656
 0.258455
 -0.166645
 0.186193
 0.0780528
 -0.0748604
 0.038789
 0.00573557
 -0.00334161
 -0.0396623
 -0.0203722
 -0.149894
 0.153939
 0.127306
 0.119587
 -0.156788
 0.232041
 0.0888675
 0.0979393
 0.124075
 0.056515
 0.043081
 -0.151135
 -0.0420101
 0.0836094
 -0.150654
 0.135255
 -0.0812911
 -0.00852723
 0.050491
 -0.105504
 0.0990985
 -0.0485344
 0.0774549
 0.0331948
 0.09193
 -0.134137
 -0.153134
 -0.0425127
 -0.100664
 -0.0230609
 0.112407
 0.111249
 0.155442
 -0.14167
 -0.0206375
 -0.118455
 -0.0158679
 -0.0426703
 -0.0455836
 -0.0986205
 0.00916895
 -0.172616
 0.0803866
 0.134404
 -0.0553531
 0.0292859
 0.0106638
 0.0565185
 -0.0484187
 -0.0399196
 -0.0621402
 0.117987
 0.0993101
 -0.077503
 -0.244709
 0.0183857
 -0.107891
 0.150862
 -0.0906134
 0.042195
 -0.0437463
 0.058197
 0.0165275
 -0.0232883
 0.154257
 0.1355
 0.0343397
 -0.00994556
 0.104231
 -0.109652
 0.119614
 0.0209225
 0.00119251
 -0.057389
 0.195876
 0.102654
 -0.0338568
 -0.15615
 0.0418681
 -0.0220928
 0.0609456
 -0.12097
 -0.022306
 0.119111
 -0.0386357
 0.054653
 0.0863509
 0.0212438
 0.0885744
 0.149226
 -0.0314155
 0.0883554
 0.0743135
 0.0479907
 -0.0121827
 -0.0101787
 -0.0895575
 -0.172753
 0.00453788
 -0.0790429
 -0.180013
 0.0120512
 -0.0222742
 0.0851981
 -0.0460156
 -0.11249
 0.0194247
 0.129187
 0.0609035
 0.0862001
 0.0478735
 -0.124618
 0.0845546
 0.275309
 -0.210923
 0.000327883
 0.0266575
 -0.0973167
 0.10177
 0.0624848
 0.00720213
 -0.089983
 -0.105557
 -0.134355
 0.0160008
 -0.102804
 -0.137576
 -0.138349
 -0.281511
 0.0414947
 0.0215176
 -0.0580207
 -0.039146
 0.0239692
 0.0146124
 0.00661349
 0.113346
 -0.0550364
 0.0649376
 0.0407448
 -0.0527635
 0.249696
 0.0059762
 -0.0018159
 -0.143839
 -0.127331
 0.0276735
 0.0786486
 -0.0209071
 0.0752194
 -0.0984685
 -0.0191265
 -0.0698375
 -0.013167
 0.0328716
 0.144392
 -0.155345
 -0.0748776
 -0.148543
 -0.0842752
 0.115501
 -0.0741509
 0.127002
 0.109225
 0.0570962
 0.0467611
 -0.129431
 -0.0523322
 -0.14728
 -0.0528624
 0.12014
 0.152493
 0.172787
 -0.0779676
 -0.10624
 0.119585
 0.0206538
 0.0653225
 0.0928168
 0.0386187
 0.0484351
 -0.0388621
 0.0792917
 -0.0155307
 0.0117145
 0.111218
 -0.108329
 0.157383
 0.0736883
 -0.0394345
 0.135074
 0.0683735
 0.046459
 -0.0263962
 -0.0418309
 0.171923
 0.0126426
 0.106118
 0.0720667
 -0.0149975
 0.0811238
 -0.0290427
 0.114691
 -0.0517733
 0.0121444
 0.0378662
 -0.058468
 -0.14922
 0.0344001
 -0.0525675
 0.0546806
 -0.0428029
 0.00254222
 0.189818
 0.0435819
 0.108838
 0.20686
 -0.190032
 -0.177067
 -0.123898
 -0.204164
 -0.208659
 0.111005
 0.0836403
 -0.0202916
 0.0637261
 -0.100552
 0.0491329
 -0.0421816
 -0.0560085
 0.0410621
 0.183821
 -0.0348461
 0.0912736
 -0.0636254
 -0.142295
 0.185355
 -0.111819
 -0.0887298
 0.11885
 0.0652809
 0.0760701
 0.236071
 -0.0414675
 -0.185448
 0.0759395
 0.00529691
 0.00286543
 -0.00314196
 -0.0470497
 -0.137738
 -0.00694405
 -0.0549036
 0.0266921
 -0.0507821
 -0.10951
 -0.0768838
 -0.0458597
 0.0453215
 -0.143209
 0.1466
 -0.169594
 -0.126994
 0.0650337
 0.122736
 -0.183866
 -0.259705
 0.102377
 -0.00740713
 0.0404517
 0.0985977
 -0.0531047
 -0.128616
 0.114096
 -0.205885
 0.236618
 -0.0869884
 -0.184131
 0.114897
 0.0145406
 0.182317
 -0.045882
 -0.0618469
 -0.217671
 -0.00551712
 -0.0138237
 0.030524
 -0.0144892
 0.0552399
 0.0569098
 -0.0128301
 0.00491269
 0.00989902
 -0.150193
 0.158169
 -0.00446114
 0.00794384
 0.0293904
 0.114058
 0.114277
 0.123255
 0.0070292
 0.0496435
 -0.0497987
 -0.0678481
 -0.0958358
 -0.135908
 -0.134026
 0.17681
 0.0286312
 -0.148649
 -0.161596
 0.00147371
 0.127592
 -0.0210901
 0.0106938
 -0.0491929
 0.00240907
 -0.110015
 0.012081
 0.00235984
 -0.100627
 -0.144124
 0.0526427
 -0.0979766
 -0.0177875
 -0.0140271
 0.166255
 -0.145792
 -0.0875918
 -0.0266656
 -0.0822249
 0.0954981
 -0.148355
 0.0248518
 -0.0634855
 0.0590309
 0.183537
 -0.0828819
 -0.0282206
 0.0992405
 -0.00255479
 -0.0997579
 -0.0874809
 0.0219125
 0.0646391
 -0.0989175
 0.00615548
 -0.154213
 0.0978838
 0.0212309
 -0.0845594
 -0.158102
 -0.00860673
 0.240773
 -0.0436671
 -0.0926455
 -0.0756069
 0.0123245
 0.0881042
 -0.13699
 0.0183096
 -0.152544
 -0.143114
 -0.210402
 0.0343733
 0.0852999
 0.02757
 -0.185641
 0.0732109
 0.0325254
 -0.21718
 0.141739
 0.205447
 0.149459
 0.1141
 -0.316786
 0.0851288
 -0.152903
 0.103551
 -0.0053013
 -0.0312497
 -0.0690301
 -0.115669
 -0.0358929
 -0.171431
 -0.0436612
 0.0096624
 -0.0147563
 0.0252093
 -0.136874
 -0.0986517
 0.00978825
 0.198803
 -0.019042
 -0.0829057
 -0.0865092
 -0.0608318
 0.131264
 0.089395
 -0.0346061
 -0.0174055
 -0.138718
 0.0497517
 -0.0871663
 0.109815
 0.174255
 -0.00710138
 -0.127826
 0.00850913
 -0.116058
 0.0098583
 -0.0472748
 -0.105526
 0.140564
 -0.191328
 0.0345295
 0.127526
 0.104507
 0.0194454
 -0.136077
 0.10677
 0.0032959
 -0.164698
 0.123686
 -0.16128
 0.16745
 -0.100943
 0.132295
 0.0220819
 -0.0121372
 0.198489
 -0.107592
 0.0260784
 -0.135731
 -0.0153481
 0.0505259
 -0.130718
 0.132875
 -0.102163
 0.0683323
 -0.0769587
 0.143737
 -0.165263
 0.0666895
 -0.0252464
 0.0468067
 0.0349255
 -0.104869
 -0.232998
 -0.0946085
 0.0933785
 0.0785294
 0.0382951
 -0.00506905
 0.0351825
 -0.164671
 -0.0923347
 -0.0547847
 0.02359
 0.148445
 0.0322274
 0.034807
 0.058161
 -0.0355199
 -0.0369884
 0.0390985
 -0.025322
 0.157623
 0.0744344
 -0.154704
 -0.0370254
 -0.169131
 -0.0353739
 0.230575
 0.102303
 -0.174773
 0.0362293
 0.045911
 0.177253
 0.182065
 0.0292968
 0.0635971
 -0.0112293
 0.117581
 0.0165763
 -0.154565
 -0.0627985
 -0.110398
 0.0170009
 -0.18859
 0.110966
 -0.04743
 -0.106586
 -0.0852318
 -0.00443231
 -0.115549
 0.0270312
 0.0686039
 -0.0187549
 -0.0576637
 -0.0457947
 0.118886
 -0.0713741
 0.00301018
 0.0403446
 0.0671302
 -0.00474559
 0.0532288
 -0.202723
 -0.160478
 0.0452248
 0.0432858
 -0.10712
 -0.0383954
 0.20542
 -0.0757401
 -0.139658
 -0.0843163
 -0.0303773
 -0.050478
 -0.0482524
 -0.0982085
 0.0403288
 -0.120988
 -0.105498
 0.0839511
 -0.114323
 -0.00270267
 -0.0173724
 -0.021543
 -0.0133384
 -0.0346176
 -0.0590335
 0.0975017
 -0.0236811
 0.189857
 -0.0850825
 -0.103108
 0.133291
 0.183109
 -0.105521
 0.0736187
 0.16802
 0.023114
 -0.0148771
 0.251538
 0.0531802
 0.00710946
 0.18482
 0.0400676
 -0.149242
 0.0531279
 0.0560152
 0.0645236
 -0.12892
 -0.0737096
 0.176863
 -0.0197734
 -0.0430593
 0.00225363
 0.155738
 -0.00337392
 0.324817
 0.00253577
 0.100764
 -0.00285064
 0.058598
 -0.0279498
 -0.177321
 0.00281926
 0.0318336
 0.123544
 0.0518834
 0.0243847
 -0.0381329
 0.042162
 0.0246794
 0.125057
 0.0933916
 -0.201238
 -0.0383626
 -0.0392509
 0.0479434
 -0.0148354
 -0.0070586
 -0.0408129
 0.143365
 0.106635
 -0.0632448
 0.0126194
 0.0585019
 -0.0739428
 -0.032537
 0.160604
 -0.0992028
 -0.0877673
 0.0238308
 -0.147275
 0.0602715
 0.130322
 0.0518546
 -0.260393
 0.110318
 0.0224651
 -0.141171
 0.000624983
 0.155785
 0.0645111
 -0.0074756
 0.0688192
 -0.0549502
 -0.119039
 -0.072077
 -0.0859127
 0.0417677
 0.0235393
 0.0431536
 -0.159474
 0.0304442
 -0.0678795
 0.0696671
 0.16559
 0.140037
 -0.0758362
 -0.145973
 0.133291
 -0.0876962
 0.0409478
 0.0762286
 0.040764
 0.0833325
 -0.00960202
 0.0438482
 -0.00952265
 -0.0540503
 0.0233595
 -0.0901468
 0.0132698
 -0.120128
 0.00782036
 -0.184365
 0.106926
 -0.157373
 -0.04686
 0.068165
 0.0618347
 0.0375753
 -0.00465708
 0.0622595
 0.0156536
 -0.0499546
 -0.159509
 0.0246896
 -0.068161
 -0.099573
 0.122183
 0.0446138
 -0.0824545
 0.00586624
 0.0120939
 -0.0882943
 0.0763591
 0.108031
 -0.0628878
 -0.017155
 0.0843889
 0.0298572
 -0.0978672
 -0.224508
 -0.0688362
 0.0479879
 0.167473
 -0.0276932
 0.00122236
 0.00323482
 0.172981
 -0.125264
 -0.13925
 -0.0334654
 -0.0740805
 -0.0738001
 0.138807
 -0.0807942
 0.0245228
 -0.0286067
 0.0894077
 0.0588491
 0.132584
 -0.00870129
 0.11496
 -0.0784676
 0.113025
 0.115393
 -0.123586
 0.0408406
 0.149568
 -0.0131676
 0.0452761
 -0.00821894
 0.0242068
 0.00423258
 -0.0632791
 0.111848
 0.171985
 0.0434996
 -0.0484741
 0.108159
 0.0682497
 -0.0130034
 0.0178385
 0.0552991
 -0.0295218
 0.0217793
 0.0747073
 0.0146159
 -0.0225355
 -0.140985
 -0.0422167
 -0.0538597
 -0.0369188
 0.147599
 -0.0845703
 -0.120979
 -0.0882167
 -0.0455488
 0.259236
 0.114306
 -0.0171359
 -0.0216441
 0.0648853
 0.0150976
 0.140325
 -0.0106328
 -0.0705606
 -0.267997
 0.0878697
 -0.0339287
 0.086256
 0.0209704
 0.0554562
 0.127374
 0.15973
 0.0332979
 -0.0416213
 -0.175889
 0.0212263
 0.0916549
 0.0573384
 -0.0876683
 -0.107745
 0.102583
 -0.0619141
 -0.0343005
 0.113416
 0.106504
 -0.0725692
 -0.0328205
 0.0515932
 -0.0722757
 -0.11089
 0.0330946
 0.0718199
 -0.137243
 0.0385993
 0.0157031
 0.02396
 0.078316
 0.135071
 0.206896
 0.0774048
 -0.0291184
 0.152741
 -0.125893
 0.159798
 -0.121785
 0.0615009
 0.0876351
 0.0242824
 -0.17311
 -0.0551601
 0.08691
 0.0679457
 -0.0304941
 0.0622677
 -0.0616987
 -0.00964122
 -0.0292247
 -0.0447027
 0.0358476
 -0.0292409
 -0.0312523
 0.00308033
 -0.195836
 0.00428476
 0.0442209
 -0.0780917
 -0.0926736
 -0.0715798
 0.162772
 -0.0868609
 0.0120583
 -0.0119245
 0.0640318
 0.0678602
 0.145748
 0.0590513
 -0.0986597
 0.0256915
 -0.0303317
 0.00796358
 0.0761304
 0.0567837
 -0.21502
 0.208094
 0.00953946
 0.137684
 -0.131735
 -0.043642
 -0.0516483
 0.057993
 0.0548876
 0.010905
 0.0997015
 -0.269147
 -0.141513
 -0.072899
 0.0946617
 -0.179865
 0.0171404
 -0.073575
 -0.0713522
 -0.0423283
 0.167688
 0.182334
 -0.0280248
 -0.0883694
 -0.00161228
 0.0729578
 0.0537298
 -0.023465
 0.133459
 0.203592
 0.0525326
 -0.141754
 -0.144649
 -0.105232
 -0.0543945
 -0.145307
 -0.0453064
 0.0356002
 -0.0611554
 -0.104513
 -0.0685902
 -0.0480372
 -0.024471
 0.063901
 -0.0192917
 -9.70509e-05
 0.172385
 0.0320751
 0.0760065
 -0.0363179
 -0.016978
 -0.0485586
 0.00708206
 -0.0103601
 -0.0510355
 0.248742
 0.0121164
 -0.0241978
 0.161057
 0.0263959
 -0.0211545
 -0.0441007
 0.000324609
 -0.0724567
 -0.0122636
 -0.0472725
 -0.0190269
 -0.136538
 -0.140405
 0.123223
 -0.0409815
 0.0182686
 0.281014
 0.0488443
 -0.0646755
 -0.0413558
 0.0145537
 -0.0468274
 0.00635313
 0.109606
 -0.106929
 0.110154
 0.104266
 0.185519
 -0.0521023
 0.0643049
 -0.204759
 -0.0268265
 -0.0945863
 -0.148966
 -0.0277061
 0.0501484
 0.0497581
 0.0382247
 -0.0514532
 0.132657
 0.213224
 0.0503463
 -0.0148105
 -0.150974
 -0.00621988
 0.0546755
 -0.0528562
 0.0336268
 0.103958
 0.0695975
 0.00694582
 -0.00751398
 -0.0563379
 0.0986934
 0.153152
 0.124585
 -0.138599
 0.0166407
 -0.0178551
 -0.0501986
 0.0456828
 0.175432
 0.017993
 -0.0291665
 -0.0483683
 0.248781
 0.0509025
 -0.166295
 0.253503
 0.0628414
 0.0567762
 0.0973697
 0.0364401
 0.0495387
 0.00342771
 0.0672946
 -0.0500894
 0.0919545
 0.123045
 0.0499117
 -0.109676
 -0.199717
 0.118383
 0.00076887
 -0.237195
 -0.0141875
 0.0988302
 -0.186914
 0.0569258
 0.0921277
 -0.0277653
 -0.0855491
 -0.0006331
 -0.0900833
 -0.192347
 -0.0633175
 0.00380659
 0.0493967
 -0.224401
 -0.0455975
 -0.113464
 -0.0181076
 -0.155409
 -0.0149287
 -0.0478062
 0.0526853
 0.0323241
 -0.00427275
 -0.0542539
 -0.0119138
 0.10172
 0.0427847
 -0.102777
 0.0306038
 0.0125214
 -0.0215649
 0.134229
 -0.0218234
 0.143513
 -0.0878242
 -0.0359948
 0.0829666
 0.0662171
 -0.254136
 0.0856249
 -0.0481304
 0.128115
 0.182423
 -0.124422
 -0.046152
 -0.0264312
 0.0810766
 0.00394291
 0.0492059
 -0.183542
 0.0865136
 0.211775
 -0.115538
 -0.0786508
 -0.177165
 -0.122052
 0.0738488
 -0.0455327
 0.0820851
 -0.0523648
 -0.123083
 -0.0684605
 -0.108817
 0.016452
 -0.0215383
 -0.0824492
 -0.0644107
 0.0202489
 0.149165
 -0.0826671
 0.102476
 0.154283
 0.100108
 0.0366217
 -0.0204049
 -0.0158327
 -0.143627
 -0.0989005
 0.0482339
 0.0536958
 0.110611
 0.181913
 -0.0318936
 -0.120515
 0.1325
 0.137503
 -0.0297328
 -0.0510526
 0.0770854
 -0.195681
 -0.013809
 -0.0544751
 -0.0391721
 -0.00970972
 -0.133102
 0.02963
 0.0887917
 0.0379862
 -0.00971993
 -0.0121467
 0.0791528
 -0.0136364
 -0.000183536
 0.0586065
 -0.157969
 0.0290276
 -0.129215
 -0.043503
 0.0619973
 -0.0499206
 -0.0122021
 -0.0664076
 -0.0327769
 0.122622
 0.0812767
 0.147371
 0.110716
 -0.044732
 -0.118313
 0.0789588
 0.0155709
 0.170739
 -0.0762642
 -0.0427756
 -0.0784613
 -0.0852918
 0.202671
 0.00162098
 0.16756
 -0.0464487
 0.00406014
 0.105153
 -0.00951839
 -0.114755
 -0.045909
 -0.00860775
 -0.0846115
 -0.142126
 0.0515327
 0.0747008
 0.0108216
 0.0763031
 -0.167533
 0.0517191
 -0.0289118
 -0.0973656
 0.0208391
 -0.0623378
 -0.109874
 -0.109637
 0.105561
 -0.00165686
 -0.00335529
 0.0481938
 0.0261456
 -0.11967
 0.0252904
 0.0330739
 0.180975
 -0.0763731
 -0.138466
 0.16068
 -0.10615
 -0.113557
 -0.0649683
 -0.0872266
 -0.0319972
 -0.0953538
 -0.169945
 0.191017
 -0.1125
 -0.131092
 -0.065177
 -0.161208
 0.0578395
 0.112263
 0.0677975
 0.00917219
 0.0305577
 -0.175285
 -0.138361
 0.0742899
 -0.148344
 0.0418631
 0.0637685
 0.0748871
 -0.033585
 0.0545552
 -0.0902734
 0.0195943
 -0.0411877
 0.0929221
 0.0330703
 0.138774
 0.0114774
 -0.113251
 -0.107011
 -0.046518
 -0.0533592
 -0.162016
 0.147988
 0.0880149
 -0.0307343
 -0.0293847
 0.0408376
 -0.000378768
 -0.0484288
 0.0652313
 -0.0166817
 -0.160253
 -0.169774
 -0.0849368
 0.0473243
 -0.0494767
 0.260889
 -0.0577913
 -0.20503
 -0.0298759
 0.08437
 -0.0899973
 -0.0317928
 0.103262
 -0.142503
 0.140466
 -0.061927
 -0.0179448
 0.0061277
 -0.0671926
 -0.00296667
 -0.0695824
 0.0509118
 -0.0437859
 -0.0519546
 0.0431945
 0.0420733
 -0.164278
 0.0283076
 -0.166905
 0.00144389
 -0.225049
 0.07567
 0.112183
 0.050749
 0.133355
 -0.0511564
 -0.0870045
 0.0570717
 -0.124224
 0.091205
 -0.0735919
 -0.110073
 -0.163439
 0.0547123
 0.0361197
 0.0352281
 0.0934067
 -0.0774226
 -0.271687
 -0.0598903
 -0.0538324
 -0.0284799
 -0.0191656
 0.194149
 0.0317884
 0.109177
 -0.0881105
 -0.0246158
 0.225722
 -0.0562101
 -0.0736955
 0.0227389
 -0.0396523
 0.0547775
 -0.0926787
 -0.0919332
 -0.0538282
 -0.105827
 -0.0134521
 -0.174946
 0.0521207
 0.0326921
 -0.0963556
 0.128141
 -0.0896081
 0.0592135
 -0.0417842
 -0.118334
 0.0639001
 0.00329707
 0.152878
 -0.00299136
 0.0393481
 0.115463
 0.0627386
 0.158475
 -0.0277709
 -0.0628238
 -0.0443224
 -0.00331399
 0.184747
 -0.111516
 0.140574
 -0.074438
 -0.0495614
 -0.0750755
 0.066762
 -0.0997566
 0.0119044
 -0.039601
 -0.107186
 0.133857
 0.175619
 0.0628901
 -0.185572
 -0.120776
 -0.106001
 -0.101033
 -0.140261
 0.10909
 0.0665949
 -0.186152
 0.106354
 -0.0146073
 -0.0622361
 0.0786281
 0.226285
 0.00363263
 -0.156854
 -0.0648964
 0.142474
 -0.0322443
 -0.16477
 0.0237471
 0.0334352
 0.217767
 -0.00368545
 -0.0677675
 -0.031933
 -0.184049
 0.0416252
 -0.022367
 -0.057249
 -0.104911
 0.222214
 0.0204285
 -0.137337
 -0.114018
 -0.0693569
 -0.0470076
 -0.035118
 0.0739981
 -0.0456252
 -0.0650133
 0.128575
 0.0625455
 -0.0346528
 0.0284429
 0.05086
 -0.163573
 -0.122806
 0.188405
 -0.0269288
 -0.0940027
 -0.0380871
 0.0796157
 0.10566
 -0.0937774
 -0.0402801
 0.0217894
 -0.112446
 0.0652826
 -0.0576687
 -0.0284561
 0.0144864
 -0.250828
 0.120521
 -0.153638
 -0.0608333
 0.0927308
 0.105823
 -0.0932153
 0.0492124
 -0.0581485
 -0.0615091
 -0.0108235
 0.235901
 -0.12212
 -0.125773
 0.0692597
 0.0236686
 0.0071287
 0.106936
 -0.0268994
 -0.036579
 -0.0191793
 -0.103896
 -0.11758
 -0.173629
 -0.0247675
 -0.00668303
 0.155843
 -0.0280607
 0.0361631
 0.13928
 0.00319591
 0.0156983
 0.0465461
 0.0597747
 0.0421571
 0.0785686
 -0.0243671
 -0.118103
 0.00549525
 0.0260657
 0.225756
 0.219011
 -0.156316
 0.0529876
 -0.154659
 0.0170696
 0.00177887
 0.161119
 0.1068
 0.177606
 -0.149646
 0.0831147
 0.200411
 0.124881
 -0.105051
 -0.0689681
 -0.047426
 0.172247
 -0.0926594
 0.0551518
 -0.0337723
 0.059881
 0.171018
 0.0185646
 -0.0980342
 -0.0291599
 0.190088
 0.0718951
 -0.0851514
 -0.0744922
 0.039185
 -0.0147371
 0.182764
 0.0215499
 -0.00496103
 -0.140398
 -0.0660045
 0.00824693
 0.0210524
 -0.0312987
 -0.0155953
 0.167322
 -0.0707129
 -0.17375
 -0.120155
 -0.0290353
 -0.080083
 -0.13224
 0.00149052
 0.0088001
 0.0122645
 0.13874
 -0.219844
 -0.106284
 0.0156602
 -0.034529
 -0.226192
 -0.185767
 -0.0404523
 0.119703
 -0.0494518
 0.159654
 0.0441243
 0.068815
 0.103902
 -0.0761728
 -0.115351
 -0.00640674
 0.0676388
 0.106021
 0.15021
 0.0681028
 0.0562658
 -0.0717207
 0.0332368
 -0.202355
 -0.0459349
 -0.0476026
 -0.0595508
 0.0987804
 -0.105114
 0.0854214
 0.178767
 0.101999
 -0.0498158
 -0.0139774
 -0.0548299
 0.0853999
 -0.11273
 0.0781482
 0.175848
 0.0438311
 -0.0782061
 0.0532656
 0.109569
 -0.096009
 0.0336508
 -0.0427132
 -0.0629538
 -0.044174
 0.12334
 0.16645
 -0.0945414
 0.0963562
 0.03168
 -0.169441
 0.054755
 -0.0346149
 -0.267133
 0.10586
 0.0936227
 -0.204143
 0.128412
 0.0101195
 0.0269148
 -0.0585391
 -0.0868115
 -0.0984913
 0.025198
 -0.0996154
 0.0631419
 -0.0236644
 -0.176945
 -0.131281
 0.0322048
 0.181238
 -0.193102
 -0.0157745
 -0.0748887
 0.136754
 -0.132273
 -0.108301
 0.0953914
 0.000297503
 0.031629
 -0.0151934
 0.0393029
 0.0437763
 0.123744
 0.0429526
 -0.115852
 -0.0627031
 -0.144477
 -0.0454098
 0.0854209
 0.0608237
 0.0595912
 0.106201
 -0.191271
 0.0733532
 0.0365758
 -0.000781571
 -0.0257285
 0.0564543
 0.0338832
 -0.0854115
 0.1099
 0.091073
 0.0776839
 0.198037
 0.107207
 0.109862
 0.100304
 -0.117908
 -0.0615931
 0.207544
 -0.0227307
 0.00406448
 -0.0226897
 0.0674178
 0.0588329
 0.168429
 -0.0674707
 0.14967
 0.0469239
 0.144841
 0.0793738
 -0.0344523
 0.032305
 -0.0430596
 0.0563962
 0.0440219
 -0.0283735
 0.136767
 0.00781153
 -0.107687
 -0.0235136
 0.162031
 0.0236244
 0.0456112
 -0.00796729
 -0.0371481
 0.22017
 0.168744
 0.0370693
 0.0504404
 0.195557
 0.0623611
 0.0500357
 -0.0706492
 -0.0946956
 -0.0306191
 -0.0396896
 0.0179544
 -0.0055127
 0.00596913
 -0.159497
 -0.00272356
 0.128005
 0.0634468
 0.0982154
 -0.15094
 -0.0344535
 0.0274928
 -0.0939873
 0.0309561
 0.0809706
 0.00329649
 0.0374929
 -0.131138
 0.0202891
 -0.214173
 0.136887
 -0.049306
 0.0613115
 -0.0184502
 0.0101399
 0.0157817
 0.0610356
 -0.15329
 -0.23153
 0.00531185
 0.230077
 -0.0829145
 0.0572249
 -0.0288029
 0.0817363
 -0.188798
 -0.105542
 0.00761634
 -0.0515396
 -0.0778505
 0.136118
 0.0219869
 -0.0344222
 -0.0733244
 0.0203864
 -0.0135562
 -0.0172233
 0.0288616
 -0.134886
 -0.0953464
 -0.0740397
 0.113961
 -0.00238637
 -0.0375
 -0.0579894
 -0.0348891
 -0.047571
 -0.145866
 0.0808541
 0.069092
 -0.143586
 0.0221289
 -0.0376462
 0.0190935
 0.149538
 0.0956933
 0.0525511
 0.0417029
 0.0502246
 0.0535393
 0.139178
 -0.0709751
 0.232924
 0.00166638
 -0.0356577
 0.101212
 -0.0256151
 -0.0195274
 -0.0893684
 0.0313942
 0.0715919
 -0.242814
 -0.155655
 -0.248162
 -0.15243
 0.221839
 0.187458
 0.12561
 0.114848
 -0.00162391
 -0.00945448
 0.0600009
 0.180233
 0.0281965
 -0.0203106
 -0.195335
 -0.195544
 0.0989935
 -0.0204853
 -0.0424427
 -0.0819019
 -0.126833
 0.0194009
 -0.130797
 -0.0939598
 -0.126018
 0.0661476
 0.088207
 0.125134
 -0.00828636
 -0.132812
 0.0224324
 -0.0244156
 -0.0790632
 -0.00037405
 -0.0830978
 0.0560147
 0.0451113
 0.100435
 0.0996222
 0.0854555
 -0.121911
 0.131017
 -0.0618092
 -0.0617899
 0.127037
 0.148372
 0.081531
 -0.090119
 -0.0573788
 -0.0920947
 -0.0999811
 -0.0199288
 -0.088059
 0.0106111
 0.0435334
 0.0494918
 -0.0509896
 -0.214141
 -0.0458216
 -0.0166506
 -0.112768
 0.00837266
 0.120176
 -0.0772557
 -0.0445064
 -0.125471
 -0.048209
 -0.211835
 0.0400271
 -0.0957069
 0.0096554
 -0.00554601
 -0.0386602
 0.0231683
 -0.252689
 -0.117486
 0.199905
 -0.138019
 -0.13429
 0.0830887
 0.102216
 -0.0709887
 0.145391
 0.0924157
 -0.0736971
 0.0811294
 0.0674216
 -0.0333188
 -0.00663072
 0.156428
 0.0622136
 -0.0693443
 0.00574834
 0.150262
 0.0324888
 0.0641178
 0.024577
 -0.0804342
 -0.127695
 0.0745959
 0.0225874
 -0.118293
 -0.166797
 -0.000204776
 -0.0565182
 -0.0595546
 -0.155394
 0.0240378
 -0.0337769
 -0.00130042
 0.162047
 -0.0454489
 0.0672477
 0.0243747
 -0.120187
 0.0130433
 -0.0559202
 -0.112862
 -0.140029
 -0.10684
 -0.196041
 -0.0744239
 0.0176459
 -0.0262025
 0.0126048
 -0.0242993
 0.0586883
 0.20039
 -0.00814312
 0.00937356
 0.0701758
 -0.0285479
 -0.181547
 0.0965053
 -0.0929926
 0.140829
 -0.0111283
 0.0362192
 -0.00383504
 0.0130565
 -0.0956574
 -0.00207993
 -0.0757881
 -0.192506
 -0.0831081
 0.0315472
 0.0395414
 0.00537914
 -0.0526533
 -0.104923
 0.185468
 0.0151741
 -0.0656918
 0.0326769
 0.130621
 -0.0665087
 0.0294857
 -0.00589884
 0.22284
 0.0361708
 -0.0374281
 0.0906352
 -0.0445872
 0.0788203
 -0.134532
 -0.173498
 0.126795
 0.0924352
 0.145638
 -0.062846
 -0.0487945
 -0.0825964
 -0.048553
 -0.0412434
 0.0134713
 0.151828
 0.152941
 0.018549
 -0.0934423
 -0.062476
 0.00887821
 -0.126994
 0.120328
 0.0706342
 0.0720918
 0.0550881
 0.0324732
 0.0532636
 -0.0260953
 0.0328699
 -0.120919
 -0.0316517
 0.0094219
 0.151662
 -0.00951322
 -0.0228381
 0.112744
 -0.173432
 0.0356223
 -0.054307
 0.000354797
 -0.0241684
 0.0924186
 0.0365442
 -0.112941
 -0.0651844
 -0.0947453
 0.0837393
 -0.15679
 0.0624241
 -0.0521113
 0.100169
 0.136084
 0.0641795
 -0.0597709
 0.132643
 -0.0359018
 0.171576
 0.0522704
 0.0133453
 -0.0579253
 -0.0435825
 -0.0393655
 0.116494
 -0.0670597
 0.118389
 -0.0109153
 -0.0422167
 0.0967779
 -0.0027936
 0.0483753
 -0.066507
 -0.0362654
 0.0266946
 0.176747
 -0.167804
 0.0062751
 0.00948177
 -0.0619303
 -0.0693225
 -0.0312606
 0.0676178
 0.176366
 0.233249
 0.068719
 0.11343
 -0.0494411
 -0.0213761
 0.137119
 0.0257283
 0.143139
 0.0446907
 0.125029
 -0.243723
 -0.0158142
 -0.0966168
 0.164757
 -0.10438
 0.0374479
 0.136575
 0.148479
 0.106849
 0.202238
 -0.246032
 0.0492474
 -0.0998261
 -0.13803
 0.305347
 -0.114202
 -0.00223628
 0.0838297
 -0.0648541
 0.18079
 0.0801796
 0.154051
 -0.00216584
 0.05822
 -0.0119473
 0.162849
 0.132732
 0.099014
 0.124944
 0.0361468
 -0.0199135
 -0.237425
 0.0370629
 0.050939
 0.0716809
 -0.0542243
 -0.0412874
 0.143809
 0.118252
 -0.00287762
 -0.0555091
 -0.0205573
 -0.134575
 0.112694
 -0.0698321
 -0.05156
 0.0494892
 0.043172
 0.034054
 -0.288402
 -0.00287007
 0.00193886
 -0.0579928
 0.138841
 0.00446713
 0.118815
 -0.00689026
 0.141449
 0.0563569
 -0.0286623
 -0.00977521
 -0.0587637
 -0.00135522
 0.0653201
 -0.0391765
 -0.0334601
 0.00231717
 -0.0211334
 0.0666774
 0.0047416
 -0.115657
 0.0418801
 -0.0563409
 0.0324777
 0.114592
 0.0814884
 0.165455
 -0.125803
 -0.166219
 -0.0886137
 0.128812
 0.0303466
 -0.100103
 0.00216269
 -0.0264466
 0.168055
 -0.0152202
 0.0882495
 -0.0419682
 -0.0828588
 0.0825861
 0.00388081
 -0.0255994
 0.0390704
 0.174151
 0.0365563
 -0.0898296
 -0.124397
 0.0121642
 -0.0510874
 -0.0807373
 -0.0310565
 -0.046085
 -0.0976444
 0.0449575
 0.0543848
 0.10381
 -0.164273
 0.237542
 0.0081977
 -0.149648
 -0.0537076
 -0.12251
 0.109076
 -0.0280139
 0.0867599
 -0.14485
 -0.0914246
 -0.0176552
 -0.144019
 -0.117204
 -0.174233
 0.0432672
 -0.020222
 -0.195165
 0.123399
 -0.0216063
 0.0235752
 0.163947
 0.145874
 0.0925335
 -0.0921169
 0.00304187
 -0.0904877
 -0.232152
 0.0105889
 0.0589775
 -0.0284137
 -0.116497
 0.140714
 -0.121118
 0.050236
 0.128753
 -0.0894527
 0.0605947
 -0.00948682
 -0.0306009
 -0.206723
 -0.0970066
 -0.0528273
 -0.128987
 -0.000587413
 0.0787243
 -0.074352
 0.00619385
 0.12082
 0.0143658
 0.0358881
 -0.06304
 -0.0640456
 0.0302155
 -0.0257924
 -0.127275
 -0.0802914
 -0.125404
 0.174522
 0.0667262
 0.024285
 0.00376807
 -0.0199518
 -0.120722
 0.0610242
 -0.0189277
 -0.0733526
 -0.125361
 -0.0540849
 0.0401519
 -0.0813302
 0.0178517
 0.016503
 0.0222355
 0.050031
 0.0305767
 -0.0419383
 0.0510618
 0.121694
 -0.00343079
 -0.0861481
 -0.0109085
 0.0394038
 -0.00711261
 -0.0495731
 -0.0482715
 -0.0137386
 0.105831
 -0.0544914
 0.0275202
 -0.17389
 0.0687421
 0.0668206
 0.0710214
 -0.0315836
 -0.00410313
 -0.149132
 -0.0610297
 0.094493
 0.106359
 0.0120062
 -0.0615713
 0.0598619
 -0.012132
 0.0497273
 0.105429
 0.0842852
 0.0354383
 -0.0182798
 -0.0439264
 0.2711
 -0.0696445
 -0.0574628
 0.000758538
 -0.121635
 -0.0103894
 -0.0705322
 0.00820503
 0.0712686
 0.193288
 0.0124959
 0.215742
 -0.0360359
 -0.16433
 -0.0340753
 0.0949502
 -0.0256435
 -0.101251
 -0.0365434
 -0.100104
 -0.0597235
 0.0656338
 -0.0141397
 0.0634049
 -0.176074
 -0.0248581
 0.0336745
 -0.0324649
 0.173947
 -0.11945
 0.0249181
 -0.0492856
 -0.07911
 0.0883494
 0.0825933
 -0.162136
 -0.0616218
 0.322915
 0.110182
 -0.114733
 -0.0290625
 -0.0144737
 -0.245475
 -0.0790336
 -0.00148033
 -0.112712
 0.0499177
 -0.207454
 -0.0191218
 0.0644571
 0.0484579
 0.0882572
 -0.0938995
 -0.0725194
 -0.026784
 0.0223989
 0.0387029
 -0.0295388
 -0.0508922
 0.0249128
 -0.00638999
 0.185476
 0.0662613
 0.0160064
 0.0791757
 -0.0290189
 0.128928
 0.11921
 0.0409791
 -0.0624156
 -0.0849602
 0.0982618
 0.196267
 -0.0595878
 0.15756
 0.10393
 -0.0741462
 0.0243055
 -0.000864036
 0.148115
 -0.116753
 -0.0766657
 -0.0550752
 0.156629
 -0.209011
 0.048086
 -0.0348313
 -0.0344649
 -0.00990875
 0.124312
 0.122525
 -0.0876054
 0.0567683
 0.0986502
 -0.00582272
 0.138739
 0.187899
 0.0127391
 -0.177716
 -0.0723963
 0.0788782
 -0.112073
 -0.0530703
 0.0309445
 -0.0446878
 0.0492749
 0.020975
 0.0938244
 0.211358
 -0.0548094
 -0.0356287
 0.0762126
 0.0301791
 -0.153191
 -0.265355
 -0.178319
 0.132368
 0.0292437
 -0.0739772
 -0.0348315
 0.0597116
 0.00953167
 0.0671892
 -0.127264
 -0.120699
 -0.0813637
 -0.153693
 0.0389693
 -0.0219469
 -0.0600211
 0.0314267
 -0.010612
 0.0498478
 -0.0695943
 -0.0634068
 0.0292037
 0.0564928
 -0.0104997
 -0.0202145
 0.0995349
 -0.259035
 -0.101447
 0.113114
 0.00140852
 0.109995
 0.168471
 -0.0726135
 -0.102175
 0.0387577
 0.186135
 0.0429386
 0.173222
 -0.112349
 -0.0715828
 -0.0100504
 -0.0742739
 -0.0634152
 0.119377
 -0.0567036
 0.0999078
 -0.0164945
 0.253422
 -0.140403
 0.0214831
 -0.0288401
 -0.0320582
 -0.0713603
 -0.00624654
 0.00875552
 0.0220876
 -0.0732218
 0.0310985
 -0.113944
 -0.0654028
 0.0226728
 -0.144617
 0.0193426
 -0.0132623
 -0.208376
 -0.0330754
 0.086233
 -0.101333
 0.0946168
 0.0320486
 0.291806
 -0.0186796
 0.15398
 0.00224191
 0.0753325
 0.00375576
 -0.153605
 -0.0264342
 -0.00446328
 0.0825162
 0.0797043
 -0.157675
 0.0122568
 0.0495613
 -0.179953
 -0.11166
 -0.0768754
 0.0778172
 -0.107225
 -0.0532708
 0.176736
 -0.116116
 0.192926
 0.0580382
 -0.0668454
 0.213858
 -0.0710036
 0.285511
 -0.0820206
 -0.0584132
 -0.106113
 0.0279146
 -0.00495698
 -0.00486581
 -0.0618463
 0.255906
 0.00957414
 0.236826
 0.02409
 0.068645
 0.00569579
 0.162643
 -0.062249
 -0.0451422
 -0.0832942
 -0.0217356
 -0.0333187
 -0.0840398
 -0.122286
 -0.0707138
 0.061422
 -0.0892393
 0.0588235
 0.0778069
 -0.0785843
 -0.035204
 -0.265481
 0.0505985
 -0.12921
 0.0413954
 0.170088
 0.0672852
 -0.087526
 0.0122734
 0.0618123
 0.13015
 0.0552664
 -0.133221
 -0.0732434
 0.117651
 -0.104711
 -0.352384
 -0.165784
 0.180643
 -0.136028
 -0.0791386
 -0.00683087
 0.0691106
 -0.0664936
 0.060879
 -0.0359267
 -0.00506688
 -0.107542
 0.0206788
 0.0828204
 0.203516
 -0.125943
 0.0737971
 -0.122102
 -0.118
 -0.100527
 0.199367
 0.0166327
 -0.0144195
 -0.0840794
 -0.166992
 0.0592783
 -0.169176
 -0.120639
 0.0801623
 -0.175576
 0.087566
 0.0514921
 0.0886069
 -0.0858934
 0.0171257
 -0.0137532
 0.00366845
 0.0988484
 -0.0752314
 0.325707
 0.041428
 0.00155784
 0.0920374
 -0.0260841
 0.013071
 0.0148617
 -0.16878
 -0.115597
 -0.170178
 0.0456422
 0.0052318
 -0.0356971
 -0.0335021
 -0.0359489
 -0.00682319
 -0.0977295
 0.00227434
 -0.00256863
 0.0215885
 0.0930471
 -0.0556565
 -0.0409826
 -0.131454
 0.10068
 -0.00963285
 -0.0193716
 0.104212
 -0.106745
 -0.00296853
 0.0638455
 -0.0410192
 -0.1003
 -0.0645156
 0.0279368
 0.0148117
 0.112961
 0.106004
 -0.259007
 -0.0731047
 -0.0236456
 0.0631103
 0.131996
 0.0519683
 -0.144062
 0.120519
 -0.0923336
 0.289982
 0.0850868
 -0.0756866
 0.0818371
 -0.0283818
 -0.103118
 0.0186571
 -0.0426182
 0.0592793
 0.23652
 0.124975
 0.0533556
 0.0994564
 0.101801
 -0.0266945
 -0.11442
 0.0649923
 0.0372017
 0.0715593
 -0.00975253
 -0.310623
 -0.0250873
 0.0962241
 0.0241769
 -0.0320451
 -0.0663096
 -0.173654
 -0.187159
 -0.0529458
 -0.124118
 0.145477
 -0.0644625
 -0.0420265
 0.0301725
 -0.0988784
 0.094534
 -0.00844836
 -0.140283
 -0.0610567
 0.0556586
 -0.245016
 -0.174871
 0.0591985
 0.071379
 -0.0282244
 0.0521985
 -0.115099
 -0.0387729
 -0.0558645
 -0.0900322
 -0.0164768
 -0.0767321
 -0.0752371
 0.0398236
 0.0319085
 -0.0289396
 -0.0161969
 0.0781437
 0.0309699
 -0.0383135
 0.0569863
 0.0470987
 0.0984929
 -0.0191819
 -0.0719244
 0.116903
 0.057823
 0.22982
 0.0871019
 -0.074812
 -0.0546706
 0.0614437
 0.118482
 -0.0484421
 0.115849
 0.0538848
 0.0848724
 0.0878998
 -0.108324
 0.0866313
 -0.0139727
 -0.168793
 -0.124038
 0.00642482
 0.15871
 0.0897003
 -0.1421
 0.205171
 0.105577
 -0.0664651
 0.120912
 0.153709
 0.150047
 0.0362727
 0.00195177
 -0.0935427
 -0.0652068
 -0.262532
 -0.0903797
 -0.146807
 -0.0847033
 -0.0635006
 -0.0597009
 0.0908522
 -0.161685
 -0.0930705
 -0.110476
 0.0616127
 0.0486888
 0.0893411
 0.124621
 0.0382227
 -0.160495
 0.0981784
 -0.0923188
 -0.0459716
 -0.0645335
 -0.187378
 0.122452
 -0.0717915
 -0.0119658
 -0.117211
 -0.130911
 -0.136248
 0.146914
 0.13566
 0.0603866
 -0.146779
 -0.124733
 0.117756
 0.110233
 -0.0667815
 0.121331
 0.120744
 0.142502
 0.134363
 0.121802
 0.0158986
 0.124769
 -0.180803
 -0.0984587
 0.0790676
 -0.00286203
 -0.0221933
 -0.0022678
 -0.0638738
 0.00887244
 0.0151822
 0.105863
 0.0112076
 -0.0627201
 0.0420002
 0.181903
 0.0487799
 -0.0582848
 -0.0664526
 0.0534512
 0.0618238
 0.180955
 0.0140192
 0.0209323
 0.0459839
 -0.0626053
 -0.119027
 -0.0642769
 -0.058312
 0.0161307
 -0.0541801
 -0.0052208
 0.163262
 -0.0664153
 -0.0564894
 0.158717
 -0.0400271
 0.0749084
 0.0589004
 -0.0462244
 -0.0293673
 0.0815362
 -0.209352
 -0.182266
 -0.11394
 -0.0653649
 0.0439037
 0.0756602
 0.0267822
 -0.0868496
 0.0111185
 0.117949
 -0.140511
 0.18829
 0.0127671
 0.0635901
 -0.0471193
 -0.00505779
 -0.140959
 0.00333058
 -0.0388257
 -0.0479148
 0.0371322
 -0.0564073
 0.0860099
 -0.0934242
 0.0364063
 0.02411
 0.0569234
 -0.0506588
 0.0904405
 0.138961
 0.0773681
 -0.076014
 0.0448202
 -0.158126
 0.105962
 0.246771
 0.0145912
 0.177505
 -0.166896
 -0.133238
 -0.1093
 0.0257268
 0.136635
 0.0250948
 0.0393019
 -0.00564056
 -0.0462889
 -0.0756684
 0.0549671
 0.0432553
 0.0905535
 0.022033
 -0.140307
 -0.0289525
 0.00400427
 -0.0732566
 0.085058
 0.287873
 -0.0690089
 0.233946
 0.109002
 0.0192495
 -0.0156393
 0.114016
 -0.0326539
 -0.127329
 -0.0231943
 0.074347
 -0.0387167
 -0.00617647
 -0.0866826
 0.230661
 0.0226002
 -0.241922
 0.0100461
 0.0503958
 0.144509
 0.15391
 -0.125555
 -0.151667
 -0.188326
 -0.0382461
 0.0709352
 0.042224
 0.0262937
 -0.0451453
 -0.0633614
 0.0177056
 -0.0573251
 0.0717998
 0.103373
 0.00472958
 0.00381789
 0.198834
 -0.00478156
 0.019101
 -0.112857
 0.156019
 -0.0251844
 0.0321998
 0.0365405
 -0.0637288
 -0.126174
 -0.0590681
 0.100308
 -0.0680245
 -0.0259148
 0.236812
 -0.0660428
 0.0282459
 -0.0356443
 0.108329
 0.0437648
 0.017056
 0.0421918
 -0.0145746
 -0.0187582
 0.07645
 0.0214986
 -0.0571832
 0.0579484
 0.12387
 -0.0375853
 -0.311057
 -0.146374
 -0.0671196
 0.0749225
 0.0166875
 0.152218
 -0.00594346
 -0.0399139
 0.0319817
 -0.0601906
 0.137623
 -0.118664
 0.013197
 -0.102494
 0.0179791
 0.0530567
 0.170886
 0.0567274
 -0.158038
 -0.127548
 -0.0834473
 -0.19997
 -0.00490204
 0.0833361
 -0.0848303
 -0.0320662
 -0.21579
 0.191575
 0.0586738
 -0.064543
 0.027894
 0.0710526
 0.110096
 0.0674281
 0.142323
 0.0322241
 0.0392343
 0.0501958
 0.0191871
 0.106013
 0.0246179
 0.0724692
 -0.0265758
 -0.0270633
 0.038664
 0.0724719
 -0.00714992
 0.172394
 -0.0357576
 0.116627
 -0.0387176
 -0.0338726
 0.0731332
 0.0906735
 -0.0252785
 -0.0169958
 -0.0337955
 0.0512241
 -0.0351341
 -0.0809096
 -0.157277
 -0.206431
 0.0477204
 -0.0567682
 0.175781
 -0.167425
 -0.0172202
 -0.118375
 -0.130197
 0.161086
 0.0382792
 0.0808242
 0.0665323
 -0.000659795
 0.122192
 0.0101517
 -0.0148238
 -0.0710943
 0.161997
 -0.0318741
 0.0928404
 -0.00604647
 0.0332082
 0.0503896
 0.127561
 0.11042
 0.0587093
 0.0227877
 0.0455496
 0.219137
 -0.0932997
 0.038542
 0.0937309
 0.075905
 0.0216319
 0.25763
 0.103338
 -0.048497
 -0.100122
 0.0748108
 -0.089669
 -0.176074
 0.0301482
 -0.0187617
 -0.231789
 -0.0744223
 -0.0714391
 0.180519
 0.0595321
 -0.152893
 -0.177626
 0.0912677
 -0.077638
 -0.152193
 0.159422
 0.0489433
 0.101934
 -0.0673514
 -0.0899684
 0.0987232
 -0.265682
 0.0175856
 0.0283745
 -0.119885
 0.262266
 0.0418268
 -0.131301
 -0.0565853
 -0.00362609
 -0.0802375
 0.035271
 0.0359804
 -0.0725792
 0.0485173
 0.0632592
 -0.0137913
 -0.0622363
 0.133191
 0.0996354
 0.120837
 -0.0545794
 -0.00671616
 -0.0613907
 0.162352
 0.0410778
 -0.0606974
 -0.0618735
 -0.0124716
 0.0173887
 0.0300864
 0.0576266
 0.00335394
 -0.0428293
 -0.0921498
 0.159906
 -0.0799344
 0.00399951
 -0.0104265
 -0.0332111
 0.164949
 -0.120116
 0.00244557
 -0.0235181
 -0.101209
 -0.0788813
 0.0231397
 -0.0155444
 0.1556
 -0.106064
 -0.0823966
 -0.010105
 0.092166
 0.0525108
 -0.163573
 0.00191263
 0.0903557
 0.205728
 0.176483
 0.0157217
 -0.103248
 0.0833144
 -0.159242
 0.0637861
 -0.0771769
 -0.0283639
 0.0289435
 -0.0706854
 0.0787675
 0.0684696
 -0.113842
 -0.0582081
 0.133045
 0.0668899
 0.207854
 0.106355
 -0.172882
 -0.0504993
 -0.170045
 0.0237151
 -0.0129163
 -0.0225817
 0.144381
 0.112772
 -0.0280489
 0.0213219
 0.116649
 0.117695
 0.0450912
 0.043653
 -0.180025
 -0.0110733
 0.0104117
 0.266265
 -0.0358029
 -0.0656757
 0.0641619
 -0.00989024
 -0.0152471
 -0.149984
 -0.0583449
 0.0252642
 0.0705468
 0.0714594
 -0.0247236
 0.0853207
 0.0724855
 0.109624
 0.0472394
 -0.122259
 -0.0228657
 -0.194197
 0.000531518
 0.00398231
 0.245421
 0.257924
 -0.0495482
 0.148739
 0.0639576
 -0.12957
 0.257369
 0.111368
 -0.00152506
 0.0914197
 -0.0694916
 -0.013453
 0.222084
 -0.0307814
 0.00339492
 0.0761928
 0.173146
 -0.123236
 -0.0949577
 0.0216855
 -0.0465301
 0.0612311
 -0.00559403
 0.119055
 -0.0595784
 0.148977
 0.163976
 0.0702013
 0.0310601
 0.0783129
 0.0406518
 0.154088
 0.00973351
 -0.0372497
 -0.0949546
 0.0547144
 0.176055
 0.00716043
 -0.12989
 -0.0900465
 -0.124903
 0.122559
 0.0408649
 -0.0490617
 0.0960906
 0.0532646
 -0.15683
 0.0389839
 -0.0515624
 0.17347
 -0.0465156
 -0.0502335
 -0.114839
 0.0120694
 0.0404779
 0.0570747
 -0.0608462
 -0.0322185
 0.17639
 -0.0326751
 -0.0800196
 0.0955817
 -0.0193216
 -0.0674746
 -0.0729373
 0.210068
 -0.185551
 -0.0403145
 -0.00213998
 0.0299756
 0.0337828
 -0.120277
 0.0682959
 -0.0698471
 -0.114316
 -0.0496791
 -0.202537
 -0.151935
 -0.0584338
 0.241324
 0.0376306
 0.0787578
 -0.0839822
 -0.163783
 0.0126568
 -0.0610124
 0.260749
 -0.00308108
 0.115884
 0.0296798
 0.0446886
 0.00971168
 0.140759
 -0.12735
 -0.16124
 -0.0951781
 0.163412
 -0.0163066
 -0.100368
 0.191498
 0.0717364
 -0.102345
 0.018535
 0.0434502
 -0.216284
 0.0988165
 -0.0485396
 0.0265847
 0.0199341
 0.0923517
 -0.0514278
 0.0137619
 -0.154121
 0.112399
 -0.168529
 -0.0815425
 0.0930693
 0.082063
 -0.101853
 -0.132733
 0.0763786
 -0.0791613
 0.152934
 0.0618415
 -0.0328273
 -0.167467
 -0.0043009
 -0.0385606
 0.0365841
 -0.166458
 0.0191538
 0.0317566
 0.0394462
 -0.000222459
 0.0157982
 0.173113
 0.0459795
 -0.0132024
 0.106283
 -0.0304968
 -0.0132035
 -0.0741902
 -0.0599441
 0.227625
 -0.185466
 0.12868
 -0.0262404
 -0.0931728
 0.109688
 0.0620751
 0.149041
 -0.0483086
 -0.0120942
 -0.207824
 -0.0659537
 0.047402
 0.00611805
 -0.070042
 -0.0300851
 -0.039705
 0.135312
 0.0913916
 0.0318692
 -0.0341408
 -0.0899224
 0.0353813
 -0.0655959
 -0.0335823
 -0.137438
 -0.0544458
 -0.0657139
 0.028795
 0.112982
 0.121915
 -0.0275262
 0.129407
 0.0138244
 0.125831
 -0.0567089
 -0.0194571
 0.0108047
 0.0362897
 0.071073
 -0.00378751
 -0.0230223
 -0.0386411
 -0.0699422
 0.0948181
 0.206265
 -0.000648876
 -0.00405694
 -0.0223276
 0.178524
 -0.0238398
 -0.0299376
 0.0897038
 0.0735581
 -0.0787412
 0.0435684
 0.0471354
 -0.0730844
 0.169886
 -0.0123596
 0.0167399
 0.032228
 -0.0182066
 -0.0853253
 0.0270725
 0.0533383
 -0.130542
 0.080325
 -0.041607
 0.14179
 -0.0145423
 0.0972172
 0.0624854
 -0.016449
 -0.0271592
 0.0778928
 -0.0144493
 0.142581
 0.0579672
 0.215677
 -0.0582512
 0.0128301
 0.0656461
 -0.0348404
 0.081157
 -0.0909079
 -0.0181455
 -0.0297304
 -0.0586006
 -0.262776
 -0.0417819
 -0.0252494
 -0.0501388
 0.112151
 -0.0586749
 0.0830014
 0.028811
 0.0426694
 -0.000270897
 0.161325
 0.102186
 0.0583007
 0.0554311
 0.107456
 -0.0281651
 -0.0693186
 0.0395782
 0.0403839
 0.165855
 0.0164099
 0.0995016
 -0.129676
 0.0857412
 -0.162912
 -0.0395984
 -0.131618
 -0.113346
 -0.0438002
 -0.14494
 0.096892
 0.0107428
 0.159191
 -0.0149972
 0.152511
 0.0326109
 0.0668189
 0.0923543
 0.0322589
 -0.0390623
 -0.052466
 0.178843
 0.0194314
 0.0811914
 0.00769496
 0.035798
 -0.0762962
 0.137842
 0.0897869
 0.0826507
 0.129423
 0.00916653
 -0.326122
 -0.0540346
 0.0623859
 0.130084
 -0.183612
 -0.0562578
 -0.0670966
 -0.150871
 -0.0227715
 -0.0637345
 -0.153981
 -0.011003
 -0.0292236
 0.0468864
 -0.0473225
 -0.107465
 0.019958
 0.107072
 0.137523
 -0.283783
 -0.0520258
 0.0171445
 0.0805079
 0.0782003
 -0.059926
 -0.0782104
 0.141597
 0.0387683
 -0.0284464
 -0.0740853
 -0.0519335
 -0.0390156
 -0.160171
 0.143152
 0.0111335
 0.0170937
 -0.225774
 0.152494
 -0.0160483
 -0.045999
 -0.0076431
 0.0175195
 -0.0672804
 0.0934985
 -0.172285
 0.0430713
 -0.0327782
 0.0926008
 -0.157263
 -0.0240481
 -0.125207
 0.230164
 0.0469607
 -0.0710081
 0.00147562
 0.0817779
 0.0549647
 -0.0487601
 0.0169704
 0.0627357
 0.0934918
 -0.131401
 -0.152153
 -0.109218
 -0.109297
 0.128662
 0.00367421
 -0.0197065
 -0.0292547
 -0.0241947
 -0.0911242
 -0.0381237
 -0.0899582
 -0.0794937
 0.0187366
 -0.115814
 0.0249078
 -0.0589356
 -0.0517448
 0.119877
 0.0188045
 0.0951277
 0.0456383
 0.0645074
 -0.0706127
 -0.0082786
 0.0467661
 -0.0103146
 0.140812
 -0.00832854
 0.0608505
 -0.124815
 -0.127627
 -0.0659188
 -0.0486388
 0.12921
 0.0495567
 0.0652347
 0.107821
 0.0212897
 0.0609203
 0.0410903
 0.0346368
 0.06645
 0.118883
 0.18838
 0.190807
 0.0183792
 -0.0380867
 0.0396026
 0.0828359
 -0.0199298
 -0.0145311
 0.272741
 0.0426979
 0.0395607
 0.0628056
 -0.0128931
 0.16783
 0.143842
 -0.176827
 -0.0834816
 -0.0891717
 -0.120685
 -0.0973529
 0.110642
 -0.0528424
 0.0632352
 0.0576132
 -0.00336382
 -0.169145
 0.122523
 -0.0772659
 -0.199509
 -0.123257
 -0.174463
 0.11732
 -0.0252145
 0.102916
 0.0133187
 0.0150689
 -0.117775
 0.016764
 -0.058129
 -0.0046024
 -0.164373
 0.193879
 0.0257295
 0.147591
 -0.200333
 -0.0428588
 0.0169891
 0.0711105
 -0.0641167
 -0.132049
 -0.263983
 -0.0938495
 -0.134435
 0.0464948
 -0.157544
 -0.10955
 -0.107446
 -0.107459
 -0.0543173
 -0.0518999
 0.143252
 -0.142559
 -0.053155
 -0.0502039
 -0.0645642
 -0.0542602
 0.0490608
 -0.0824784
 -0.0454759
 0.155148
 -0.180328
 0.0624603
 -0.119531
 0.0277145
 0.169544
 -0.0567725
 0.132123
 0.0734819
 -0.0367597
 0.043609
 -0.101465
 -0.02717
 -0.0206378
 -0.0704385
 -0.0574112
 0.231493
 -0.177644
 0.0271828
 -0.0143
 0.00850178
 0.100023
 0.0939182
 -0.0344162
 -0.0398312
 0.0599461
 -0.0387509
 0.198045
 0.0250377
 -0.118671
 0.0789443
 -0.00616331
 -0.104524
 0.0443734
 -0.0431255
 0.0297036
 -0.158888
 0.00718994
 0.189725
 0.0448871
 0.0892849
 0.0155334
 -0.0215009
 0.034353
 -0.0385832
 -0.0195028
 0.110351
 0.100591
 0.0769632
 -0.0762243
 -0.0793587
 -0.119434
 -0.0989692
 0.146765
 0.0520097
 0.0656083
 0.229296
 0.0533215
 -0.102171
 -0.0541311
 0.0560664
 0.162909
 0.0958598
 0.103495
 0.150708
 -0.152185
 0.0321264
 0.0120803
 0.0289321
 0.0789556
 0.088573
 0.0717747
 0.0287402
 -0.109508
 0.178596
 -0.0658679
 0.0543987
 0.0790616
 0.117866
 0.0254852
 -0.0711992
 0.0734524
 0.17479
 0.162663
 0.0525219
 0.0936701
 -0.0225121
 -0.0116807
 -0.00170435
 -0.0436487
 -0.100628
 0.0801208
 0.0241242
 0.248093
 0.0599357
 0.0320427
 -0.00944896
 -0.0116814
 -0.0446103
 -0.0533431
 0.188855
 0.0341474
 -0.023644
 -0.0339642
 -0.0294983
 0.021918
 -0.0187469
 -0.0976354
 0.0573924
 -0.000736984
 -0.0290465
 -0.137176
 -0.0777761
 0.0208916
 -0.181394
 0.109811
 0.0052547
 0.080601
 -0.0109212
 -0.0876141
 0.0527961
 -0.0191679
 0.0534898
 -0.112859
 -0.0990105
 -0.141795
 -0.167488
 0.020597
 0.147144
 0.0899407
 -0.142339
 -0.144924
 -0.159364
 -0.146436
 -0.0210345
 -0.0794633
 0.10279
 -0.0414681
 -0.0436615
 -0.189448
 -0.150512
 0.125918
 0.0292789
 -0.131677
 -0.10046
 -0.0308895
 0.0103795
 0.166476
 -0.01933
 -0.0263781
 0.10867
 -0.0417703
 0.0391867
 0.0763149
 -0.180342
 0.00665808
 0.309068
 0.103237
 0.0300431
 0.0353445
 0.0852439
 -0.0952887
 -0.0348618
 0.135348
 -0.108068
 0.0714371
 0.190664
 -0.0625778
 0.0390032
 0.0335283
 -0.202918
 -0.124437
 -0.1672
 0.0860988
 -0.00201539
 0.0906582
 -0.0879211
 -0.0292801
 -0.233496
 -0.077437
 0.142517
 0.00562276
 0.0215853
 0.149161
 -0.0913734
 0.0716852
 0.0638684
 0.0991612
 0.0568506
 0.0184604
 0.0316179
 0.258451
 0.0501293
 -0.201764
 -0.081684
 -0.17594
 0.209444
 -0.107847
 -0.0192684
 -0.0588158
 -0.0897156
 0.0314416
 -0.124633
 -0.163506
 0.10937
 -0.164259
 -0.0803097
 0.0858519
 0.115787
 0.147339
 0.127494
 -0.0861454
 0.212337
 0.0726747
 0.0944028
 -0.110783
 -0.0728405
 0.130021
 0.0131491
 -0.11205
 -0.147055
 -0.0570528
 0.0973941
 -0.171596
 -0.132223
 0.0618649
 0.0686773
 -0.0599694
 -0.0846787
 -0.0159967
 -0.00827568
 -0.411799
 0.21328
 -0.0337304
 0.00981043
 0.120093
 -0.000389026
 0.0286279
 0.0700422
 -0.0815762
 0.0917172
 0.0278483
 0.0155933
 -0.0234062
 -0.0472619
 0.0252494
 0.0557193
 -0.0697604
 0.00569018
 0.0412853
 0.0948183
 0.00355461
 0.00170144
 -0.106286
 -0.0698107
 0.0298016
 0.163383
 -0.135311
 -0.133368
 -0.0533929
 -0.179999
 -0.0113191
 0.000766491
 0.00803842
 -0.00147147
 0.1133
 -0.00128689
 -0.0150839
 0.118847
 -0.213454
 0.0178249
 -0.144326
 -0.185748
 0.125214
 -0.115743
 -0.0597538
 -0.0315829
 0.078779
 0.0927507
 0.0124133
 0.0181893
 -0.0161244
 0.0225946
 0.0295413
 0.108018
 -0.160269
 0.124775
 -0.109627
 -0.154557
 -0.090189
 -0.0667661
 0.102557
 -0.181555
 -0.124488
 0.0691716
 0.00318942
 0.0558926
 0.123493
 0.0223324
 0.00913417
 -0.0787968
 0.0376257
 -0.105421
 -0.0404193
 -0.0465892
 0.13605
 0.0399681
 0.0414868
 -0.114255
 -0.0596626
 -0.0120079
 -0.020637
 -0.0550116
 0.0983541
 -0.05542
 0.0553899
 -0.0155181
 -0.0310114
 -0.0722879
 -0.0507459
 -0.127997
 -0.137557
 0.186067
 0.153529
 0.0960279
 -0.0233021
 -0.021256
 0.090841
 -0.0721369
 0.088259
 -0.0017095
 -0.0426348
 -0.207334
 0.106526
 -0.037261
 0.0537634
 0.168572
 -0.0206777
 0.0413195
 0.0709665
 -0.230817
 -0.0701296
 0.125522
 -0.0240452
 -0.00378705
 -0.106093
 -0.0647974
 0.072141
 0.0641662
 -0.00601421
 0.0845754
 0.0106277
 0.190657
 0.0101611
 -0.0356135
 -0.113753
 0.0348055
 -0.0755472
 0.076062
 -0.0728103
 -0.0967228
 -0.00846862
 0.0229745
 -0.0113381
 0.0297709
 0.00535817
 -0.0334445
 -0.123005
 -0.0121716
 -0.0288856
 -0.0181266
 -0.107952
 -0.15481
 0.0307892
 0.181601
 -0.137102
 0.139901
 -0.00854622
 -0.0549799
 0.0747125
 0.0727851
 0.00636041
 -0.0678932
 0.0277991
 -0.0310541
 -0.0751242
 0.163633
 -0.0161154
 -0.0365498
 0.122651
 0.0646707
 0.0505109
 -0.0566758
 -0.00593099
 -0.0327672
 0.0242823
 0.123694
 -0.0606064
 -0.0404477
 -0.0802517
 0.0179184
 0.0457109
 -0.0749472
 -0.0944302
 -0.0954359
 0.141213
 0.104457
 0.214339
 -0.150262
 0.144637
 -0.073045
 -0.00971304
 -0.0383296
 0.0436393
 -0.139324
 0.0351645
 -0.0312007
 -0.0143621
 -0.0232348
 0.079237
 0.106063
 0.177422
 -0.0432537
 0.0404275
 -0.178916
 -0.0953535
 0.157282
 -0.0432883
 0.111863
 0.00389642
 0.0614204
 0.0812086
 0.0236543
 -0.00346943
 -0.00200211
 0.106945
 -0.000758655
 0.0192271
 -0.157903
 0.0933975
 -0.0282125
 -0.083948
 -0.048375
 -0.0345316
 0.216319
 -0.0169415
 -0.0909021
 -0.131046
 -0.00676384
 0.0430824
 -0.0848825
 -0.00609903
 -0.0796712
 -0.0507653
 0.203867
 0.0105527
 0.129769
 -0.0366368
 -0.104156
 -0.0704369
 0.0996128
 -0.167198
 -0.029181
 -0.0795473
 -0.0431012
 -0.0621372
 0.113751
 0.0563083
 -0.0916523
 -0.00770003
 0.146017
 0.137749
 0.0558624
 -0.0214766
 0.0418505
 0.0216664
 0.0296051
 0.157065
 -0.119681
 -0.0794088
 -0.200741
 0.0420454
 0.0461264
 -0.0455048
 0.0538129
 -0.0611066
 -0.0682578
 -0.0189294
 -0.0553275
 0.114095
 -0.0765752
 -0.0801293
 -0.135626
 0.111656
 -0.123555
 -0.251438
 -0.0047119
 0.136135
 -0.0342692
 0.0362006
 0.0546174
 -0.0452721
 0.0254891
 0.0858586
 0.031476
 0.114552
 0.098364
 -0.0645706
 0.107059
 -0.127203
 -0.202069
 0.0359985
 0.0435262
 0.270032
 -0.224485
 0.0934092
 0.0718067
 -0.012627
 0.199092
 0.0355299
 0.0833894
 0.109254
 -0.264437
 -0.15086
 0.0444742
 -0.078999
 -0.14018
 0.0179237
 0.0536015
 0.0515554
 -0.00156391
 -0.0065489
 0.0246097
 -0.0406843
 -0.070195
 -0.0949679
 -0.124531
 0.180502
 -0.0164528
 -0.159195
 -0.159116
 0.0625645
 0.0846196
 -0.126722
 -0.0645728
 0.231927
 -0.0507576
 0.0842461
 0.185501
 -0.0673902
 -0.0940876
 -0.0766713
 0.137657
 -0.139646
 0.0282951
 0.0718359
 0.147751
 0.0812209
 0.177151
 0.102953
 0.0443353
 -0.0693902
 0.0331375
 0.0381652
 -0.131759
 0.0183755
 0.107647
 0.155722
 -0.0885778
 -0.0268101
 -0.191152
 -0.0501927
 -0.0330201
 0.0708794
 0.130721
 0.0927196
 -0.107935
 0.0164828
 -0.135797
 -0.0388624
 0.0530663
 -0.0151167
 0.0922196
 -0.0925017
 -0.0920014
 -0.14765
 0.166775
 -0.0452909
 0.131351
 0.191978
 0.178015
 0.0969886
 -0.0423661
 0.0681471
 -0.10133
 0.0376768
 -0.13545
 -0.0424768
 0.113962
 -0.036011
 0.0547217
 0.069625
 0.158304
 0.109748
 0.0848715
 0.0167683
 -0.0174032
 0.0680515
 0.0427907
 0.0379721
 0.147353
 -0.097463
 0.0731044
 0.0531898
 -0.188715
 -0.0723796
 0.024044
 0.170463
 0.0456953
 -0.0572999
 0.143056
 0.115827
 0.00823997
 0.118127
 0.0369412
 -0.133255
 -0.0373448
 0.0950598
 0.0160146
 -0.23346
 0.116641
 -0.0913929
 0.0135997
 0.0520517
 -0.0245657
 -0.156881
 0.180163
 -0.0179965
 -0.033759
 0.016804
 -0.0301185
 -0.108859
 0.0635235
 0.0972034
 -0.16811
 -0.062415
 0.130719
 0.168474
 -0.0969326
 0.191413
 0.0932572
 0.156168
 -0.0494906
 0.0906745
 0.0568095
 0.0595543
 -0.0324062
 0.0922053
 0.00358893
 -0.00271398
 -0.117768
 -0.127923
 -0.00478275
 -0.0982821
 0.159461
 -0.0830895
 -0.0415692
 0.135433
 0.00425466
 0.0719974
 0.0254846
 0.0130949
 0.0604759
 -0.0822768
 0.13982
 0.124166
 0.0246794
 0.106528
 -0.112891
 0.0375019
 -0.103098
 -0.0355024
 -0.038117
 0.0954815
 -0.0082785
 0.0410105
 -0.121584
 0.0661193
 -0.0437638
 0.0214293
 0.157466
 0.0245543
 0.0263
 0.166958
 0.012012
 0.171731
 0.173268
 0.0588561
 0.0827226
 0.11828
 0.0425447
 -0.0732721
 -0.0544952
 -0.257638
 -0.0469211
 -0.00268656
 -0.0582617
 0.0773411
 0.158206
 0.111727
 0.0989255
 -0.0287823
 0.118462
 -0.153741
 0.0261663
 -0.229171
 0.0466209
 0.111146
 -0.0311626
 0.112939
 0.150308
 0.155837
 0.0271237
 0.0803452
 0.0436087
 -0.124981
 0.121048
 -0.0251833
 -0.0122073
 -0.0113587
 -0.0174735
 -0.0832209
 0.0595975
 0.142908
 -0.00743664
 -0.0390581
 -0.0520765
 -0.0287505
 -0.117812
 0.0986964
 -0.0875871
 0.157429
 -0.101239
 -0.00289459
 0.0894961
 0.0673937
 0.0180952
 -0.0179235
 -0.0332836
 -0.06973
 -0.0228013
 -0.101336
 0.209136
 -0.0667305
 0.082867
 0.103771
 0.0244967
 0.0738997
 -0.0450428
 0.105422
 -0.117939
 0.0553866
 -0.00438576
 0.146623
 -0.0895417
 0.138806
 0.0856809
 -0.132525
 -0.00788417
 -0.189814
 0.239673
 -0.20952
 -0.0573588
 0.0966287
 -0.0125947
 -0.213024
 0.136192
 0.0231021
 -0.175327
 0.218479
 0.121707
 0.09949
 -0.177427
 -0.131811
 -0.0677028
 0.155519
 -0.122447
 -0.0596975
 0.136716
 0.0968008
 -0.228888
 -0.0991697
 -0.0893397
 0.0184154
 -0.245919
 0.0764765
 -0.0125416
 0.00087143
 -0.13192
 0.0157835
 0.0765554
 0.0384522
 0.188104
 0.187169
 0.0632722
 -0.107285
 -0.0151493
 0.125581
 0.11616
 0.0925592
 0.030646
 0.0420683
 -0.0857807
 -0.032381
 -0.103877
 0.081481
 0.0642032
 0.0130601
 -0.0696039
 -0.0311699
 0.160891
 0.0145672
 -0.165281
 0.127421
 0.0979563
 0.102595
 0.0679525
 0.00674402
 0.0232637
 0.268336
 -0.0837609
 -0.00457468
 -0.0567214
 0.116317
 -0.139535
 0.014253
 0.00306751
 0.104151
 0.0903607
 -0.100886
 0.00385352
 0.0798434
 0.0821606
 0.0560561
 -0.135916
 -0.0762137
 0.0397833
 0.00690895
 -0.103336
 -0.0441018
 -0.174502
 0.0830461
 -0.0893695
 -0.0190345
 0.100159
 0.100136
 0.125388
 -0.0657577
 0.146457
 0.089583
 -0.125889
 0.0355062
 0.0868326
 -0.0742658
 0.0680277
 0.0413024
 -0.165033
 -0.126406
 -0.130428
 0.0948865
 -0.0818717
 0.104736
 -0.160796
 -0.0346551
 0.236139
 -0.0941715
 0.0667487
 -0.168074
 -0.0170763
 -0.188394
 -0.1265
 -0.00554649
 -0.0110706
 -0.0962817
 -0.0197015
 -0.00824945
 -0.0914982
 0.121482
 -0.125935
 0.00891293
 0.0832494
 0.0663748
 0.0632609
 0.0144094
 -0.121107
 -0.0438343
 -0.0755365
 -0.173216
 0.0994909
 -0.146432
 0.0055076
 0.19044
 0.181801
 -0.0749293
 -0.0541209
 0.0165727
 0.134147
 0.0717626
 -0.0818182
 0.0404209
 -0.14738
 0.0311393
 0.143368
 -0.0592871
 -0.000570638
 -0.174409
 0.122776
 0.0244021
 -0.00587534
 -0.0225678
 -0.0197825
 0.135595
 -0.111406
 0.137445
 0.217883
 0.180745
 0.00131872
 0.116086
 0.0555707
 0.0437145
 0.0128117
 0.0409451
 -0.113558
 -0.0990009
 0.07961
 -0.0764509
 -0.0936455
 -0.026052
 -0.14068
 -0.0468454
 0.165788
 0.124523
 0.0157805
 -0.120335
 0.0256595
 -0.0421546
 0.024193
 0.209253
 -0.133099
 0.0151346
 -0.00118142
 0.0466932
 -0.311477
 -0.00404318
 0.139029
 0.314276
 -0.0848544
 0.0064798
 -0.009387
 -0.1189
 -0.0556323
 0.0865226
 0.129407
 0.000560342
 0.0518026
 -0.0196762
 -0.0232595
 -0.181602
 0.0453891
 -0.116616
 0.176636
 0.0705222
 -0.209063
 -0.00314694
 -0.0470334
 -0.186538
 0.196166
 0.00879449
 0.017881
 -0.109428
 -0.0676962
 -0.0863325
 -0.0928343
 0.103005
 0.0192615
 0.0893706
 0.0420493
 -0.0898065
 -0.199773
 -0.0744463
 0.00633484
 -0.00655711
 -0.000570818
 0.169005
 0.00826557
 -0.0775666
 -0.104457
 -0.0146323
 -0.032389
 -0.0444058
 0.0748957
 0.0684163
 0.0514368
 -0.0424674
 0.0997747
 -0.119998
 0.0568449
 -0.0638689
 0.17635
 0.15305
 0.135408
 -0.0351189
 0.0649164
 -0.260851
 0.000983912
 -0.0137189
 -0.0745334
 0.0379176
 0.0713679
 -0.0533958
 -0.0334369
 -0.00789916
 -0.0507583
 -0.0974775
 0.0758895
 0.0662101
 -0.00471619
 0.11868
 0.120405
 0.0815136
 0.0889172
 0.200354
 -0.0524111
 -0.0479767
 -0.164426
 0.116326
 -0.017334
 -0.154192
 0.0609662
 0.0371901
 -0.0146185
 -0.0123915
 0.193365
 -0.0617288
 0.0167917
 -0.0164533
 0.12936
 0.135318
 0.0317839
 -0.13531
 0.00410051
 0.0734872
 0.176584
 0.0128945
 0.139959
 0.106486
 0.257041
 -0.0213646
 -0.196543
 0.0453717
 -0.0256637
 0.113677
 0.0501583
 -0.0838544
 -0.0429993
 0.00790495
 0.0366875
 0.0912298
 -0.00995803
 -0.0387825
 0.0321737
 -0.0763759
 -0.111829
 -0.0094823
 -0.134456
 0.00337428
 -0.0904128
 0.0420138
 0.0708452
 -0.0131948
 0.0814524
 -0.0452909
 0.126765
 0.12317
 0.102115
 -0.0692924
 0.0250134
 0.135408
 -0.143028
 -0.0814905
 0.0282602
 0.00773996
 0.0188805
 0.151596
 -0.187618
 -0.0535631
 -0.143962
 0.000813592
 0.07637
 0.0430118
 0.148665
 0.107972
 0.117891
 -0.231796
 0.0574324
 0.17065
 0.071203
 0.0477129
 -0.0523129
 -0.0429191
 0.0335209
 -0.0253824
 -0.00112062
 0.0452989
 0.018746
 0.063337
 -0.0467546
 -0.0155769
 0.00395512
 -0.0540622
 0.000563508
 -0.0175389
 0.118092
 -0.0135577
 -0.149107
 -0.0917315
 -0.0300397
 -0.0581484
 -0.0107898
 -0.0436631
 -0.114883
 0.0126652
 0.0446779
 0.33033
 0.0266487
 -0.0705102
 -0.00131775
 -0.0306796
 0.0185197
 -0.0118635
 -0.0891237
 -0.00341483
 0.0898533
 -0.0785562
 0.018479
 0.0243942
 0.0203262
 0.0389047
 0.0798902
 -0.139491
 -0.0404069
 0.0246792
 -0.0258987
 0.00956705
 -0.126997
 -0.125283
 -0.125455
 0.00830577
 -0.0031626
 0.0567341
 0.218708
 -0.121746
 0.0738767
 -0.0825944
 0.0270674
 -0.0914167
 -0.0477468
 -0.080392
 -0.0662817
 -0.0463863
 -0.172684
 -0.138044
 0.131902
 0.156924
 0.0109462
 0.0430283
 0.121032
 0.201419
 0.114316
 -0.164067
 0.138776
 -0.0297728
 0.135248
 0.0576992
 -0.0576371
 0.143261
 0.0269646
 0.0497318
 -0.0583019
 0.175939
 -0.0490739
 0.0182036
 -0.0304206
 0.0922008
 0.0386378
 0.12279
 0.0484156
 -0.00427282
 0.147351
 0.0296907
 -0.119724
 -0.14612
 0.126347
 0.104945
 -0.118683
 0.0138747
 -0.186608
 -0.150016
 -0.00290597
 -0.152865
 -0.241533
 0.15946
 -0.0898331
 -0.0367792
 -0.0418515
 -0.00662343
 0.0269234
 0.0638873
 -0.10193
 -0.036586
 -0.165962
 -0.0244281
 0.0408827
 0.152129
 -0.066228
 -0.00199903
 0.0598982
 -0.0174972
 0.0295658
 -0.159733
 -0.151122
 0.0799174
 -0.0777678
 -0.0604567
 -0.113363
 -0.0500334
 -0.0699166
 -0.185079
 0.02931
 0.0692145
 0.091471
 0.0438436
 0.185292
 0.0936332
 0.0225598
 -0.000282086
 0.11906
 0.123982
 0.117833
 0.0249202
 0.0177875
 0.117016
 0.000621059
