 -0.055615
 0.143555
 -1.40049
 2.05588
 -0.902837
 0.537949
 0.0551524
 0.736176
 -0.277008
 -0.588244
 -0.574169
 0.762199
 -0.521994
 -0.31593
 0.577315
 -0.279794
 0.952248
 -0.364666
 -0.179101
 1.25808
 -1.7797
 -0.544051
 1.33178
 -1.4566
 0.912001
 -0.119388
 0.0539284
 -0.102848
 -0.0177175
 0.423747
 -0.135574
 0.725957
 -2.16135
 1.97714
 -1.84404
 1.71537
 -0.558203
 -0.138508
 0.1965
 -0.120776
 1.4164
 -1.49545
 1.11123
 -0.46481
 0.20739
 -0.335869
 -1.1031
 0.665785
 -0.663582
 1.12453
 0.146477
 -0.549136
 0.397499
 -0.637958
 1.06062
 -0.254179
 -0.737695
 1.21211
 -0.829067
 0.40407
 -0.316433
 -1.90308
 1.10112
 0.618859
 0.633732
 0.0636762
 -1.765
 1.25202
 -1.25926
 2.44008
 -1.30545
 0.66933
 0.827573
 -1.80768
 0.995505
 -0.872356
 0.465737
 0.193126
 -0.500214
 -0.00389677
 -0.189509
 -0.0229302
 0.824103
 -1.22836
 1.51874
 -0.801156
 -0.94466
 1.25651
 -1.69486
 1.21835
 -0.664852
 0.895705
 -0.244689
 0.100237
 0.232031
 0.611894
 -0.600225
 0.0422719
 -0.925491
 0.443761
 -0.703968
 1.18029
 -1.1167
 0.896771
 -0.34092
 0.239564
 -1.17194
 1.43132
 -0.604304
 0.893888
 -0.705828
 -0.421197
 0.319705
 -1.42769
 2.17968
 -1.08893
 0.448361
 -0.322293
 0.423755
 0.560367
 -1.37789
 1.01045
 -0.468785
 0.207491
 0.249202
 -0.398215
 -0.707837
 1.34731
 -0.796418
 2.32049
 -2.17343
 0.871258
 -1.29055
 0.537443
 -0.951266
 1.00831
 -1.14566
 0.378067
 0.118179
 1.14977
 0.0318435
 -0.86168
 1.52634
 -1.22807
 0.399589
 -0.91854
 -0.208786
 0.793441
 -0.567132
 0.212614
 0.395661
 -0.32179
 -0.0923289
 0.675703
 -0.473488
 0.797199
 -0.450226
 -0.552503
 0.891768
 -1.82558
 1.07735
 0.784841
 -0.958215
 1.06106
 -1.16574
 0.164608
 0.936452
 -1.03979
 0.663841
 0.00112786
 0.205685
 -0.289527
 -0.648272
 0.525596
 -0.850945
 0.232644
 0.163203
 0.449165
 -1.52161
 0.972613
 -0.646261
 0.488081
 0.675336
 -1.3844
 1.90347
 -1.49027
 0.0597574
 0.150088
 0.837651
 -0.622468
 0.827135
 -1.60888
 1.57391
 -0.773551
 0.727367
 1.07893
 -1.32768
 1.25417
 -1.10468
 0.554896
 0.0694069
 -0.750368
 0.399561
 -0.790445
 0.319662
 -1.17257
 2.09333
 -1.33032
 0.596682
 -0.425949
 0.855254
 0.00420237
 -0.29269
 0.438596
 -0.989364
 1.78276
 -1.30845
 0.727729
 -1.01109
 -0.432968
 -0.773678
 1.20405
 -0.883665
 1.97083
 -1.85495
 1.44138
 -1.43183
 0.698137
 -0.378933
 1.36584
 -0.847001
 0.988287
 -0.257723
 0.0809678
 -0.993345
 0.35103
 0.644775
 -2.42317
 2.71323
 -1.87406
 0.717038
 -0.0680376
 0.263978
 -0.558853
 0.272573
 0.0556461
 0.111668
 0.101199
 0.515289
 -0.840658
 1.41965
 -0.781428
 -1.44061
 1.61044
 -0.592379
 0.584457
 -1.62739
 0.134988
 1.63937
 -1.5271
 1.90857
 -2.38012
 2.84601
 -1.69851
 -1.01551
 2.68691
 -2.55752
 1.68404
 -0.771783
 -0.530265
 0.542793
 -0.472707
 0.241716
 -0.205419
 1.24066
 -1.61832
 1.37734
 -1.01435
 1.31948
 -1.14132
 0.445091
 0.380491
 -0.587153
 -0.290297
 0.330391
 0.0727893
 -0.620692
 1.67107
 -1.94748
 1.52868
 -0.941264
 0.168209
 0.255261
 -0.511914
 0.936244
 -1.46208
 0.373011
 0.121236
 0.209476
 -1.11365
 1.92777
 -1.0093
 0.522379
 -0.25307
 0.949889
 -1.29437
 0.535271
 -0.637011
 0.88947
 -1.78281
 1.45721
 -0.93109
 1.21696
 -0.787791
 -0.0885258
 0.110286
 0.111492
 -0.335093
 0.736
 -0.149811
 1.0363
 -0.150911
 0.645987
 -1.5494
 0.256231
 -0.902558
 0.366297
 1.06377
 -1.96928
 1.5237
 -0.525376
 0.736935
 -0.196439
 0.752675
 -0.715479
 0.598883
 -1.40686
 -0.101816
 1.87058
 -1.39747
 -0.234308
 0.135139
 -0.459872
 0.16717
 0.919497
 -1.8076
 1.42658
 -0.858817
 1.64867
 -2.71519
 3.233
 -2.70967
 2.56758
 -2.2687
 0.909769
 0.43053
 -0.627024
 1.04063
 -1.83443
 1.32264
 -0.110126
 0.0970719
 0.731919
 0.156323
 0.141236
 -1.39811
 -0.132076
 1.03691
 0.16834
 0.287097
 -0.48532
 -1.62666
 1.03189
 0.208318
 -0.837493
 1.02211
 -0.867935
 0.943357
 -1.0634
 2.13762
 -2.27787
 1.63588
 -0.96223
 0.805069
 -1.02823
 1.52927
 -1.93695
 -0.0177118
 0.143536
 1.59479
 -1.20865
 -0.0734574
 0.576128
 0.0103236
 -0.889589
 -0.0896574
 1.37729
 -1.94261
 2.82239
 -2.94934
 2.30552
 -0.791871
 2.03985
 -2.75034
 1.45325
 -1.08558
 0.307293
 0.8563
 -0.696731
 -0.822577
 0.442428
 0.955761
 -0.543915
 0.520511
 -0.0351423
 -0.476776
 -0.40326
 0.260751
 -0.313633
 0.488059
 -0.951109
 0.381088
 -0.584459
 1.40482
 -0.906038
 0.707669
 0.297705
 -0.947101
 0.0360925
 0.231242
 -1.25177
 1.64384
 -1.64374
 0.804576
 0.311631
 -0.202965
 0.580727
 -0.0150829
 0.669544
 -1.00434
 -0.726782
 1.67867
 -1.13004
 0.459592
 -1.38116
 1.60036
 -0.964404
 0.744785
 -0.358183
 0.718364
 -0.207597
 -1.05354
 0.917665
 -0.0768985
 0.0904667
 0.697511
 -0.10719
 -0.290011
 0.221355
 -1.0973
 -0.0583676
 0.410067
 -0.0693085
 0.0583907
 1.15026
 -2.35034
 2.15628
 -1.02247
 -0.606092
 0.435451
 0.275845
 0.27127
 -0.627718
 0.596038
 -0.649989
 0.795243
 -0.680566
 1.02098
 -1.29671
 0.461599
 0.331736
 -0.0139333
 -0.797851
 0.594345
 -0.0676365
 -0.91529
 0.278382
 0.344154
 0.352393
 -0.683261
 0.286873
 0.310315
 -0.26808
 1.13156
 0.0226436
 -1.03096
 -0.676895
 0.638433
 -1.04992
 1.89546
 -1.95562
 1.62321
 -0.998381
 0.757575
 0.104127
 -0.911551
 -0.0118104
 0.519869
 0.271013
 0.485049
 -0.655303
 0.311114
 0.335165
 0.167746
 -0.621735
 0.117507
 -1.26771
 1.94372
 -1.014
 0.878377
 0.169738
 -0.292221
 0.263337
 -1.88895
 1.24554
 -0.566763
 0.564962
 -0.563814
 0.247062
 -0.21648
 -0.129455
 0.54951
 -0.688525
 0.0217833
 0.60238
 -0.913357
 0.560229
 -0.268889
 0.534279
 -0.425524
 0.809573
 0.214848
 0.683882
 -1.26826
 -0.389684
 0.536347
 -1.41022
 1.87255
 -1.32055
 -0.973782
 0.975064
 -0.00109607
 0.20796
 0.466512
 -0.653722
 0.0996969
 0.396621
 -0.780256
 1.03323
 -0.456488
 0.407115
 -0.999248
 1.51781
 -1.16688
 0.337134
 0.436732
 -0.439402
 -0.247075
 0.510124
 -0.3071
 2.57793
 -3.37399
 2.44962
 -1.52188
 0.575815
 -1.01909
 1.12798
 -0.494884
 0.665984
 -0.696915
 1.60707
 -2.34667
 1.18189
 -1.51011
 0.876684
 -0.572271
 0.521973
 0.0215802
 -0.314516
 0.803717
 -0.525368
 -1.22509
 1.59861
 -0.184061
 0.331159
 0.874471
 -1.17646
 0.446829
 0.28288
 -0.0273852
 -0.41003
 0.441787
 -1.64531
 2.67696
 -2.66096
 1.22838
 -0.34949
 0.961392
 -1.23283
 0.817494
 -0.517206
 0.507979
 -1.18758
 0.206372
 1.04412
 -1.27772
 1.01446
 -0.232352
 0.83054
 -0.852544
 -0.462817
 0.0190807
 0.0470546
 0.0821472
 0.822353
 -0.343306
 -0.404939
 0.641935
 -0.739073
 0.863142
 -0.447988
 0.548378
 0.216347
 -0.298011
 0.848905
 -0.0752101
 -1.28758
 1.45578
 -1.68348
 1.63592
 -1.41734
 0.384636
 0.573142
 -2.02268
 2.71611
 -2.49384
 1.46968
 -1.09676
 1.67657
 -0.901914
 -1.12539
 1.65961
 -2.03597
 2.4083
 -1.56399
 -0.0443833
 0.532666
 0.429706
 -0.158132
 0.113552
 0.803199
 -2.05698
 1.79453
 -1.23563
 1.06902
 0.219545
 -0.772208
 -0.449159
 0.850251
 -0.88971
 0.928737
 -0.0924881
 0.234403
 -1.02511
 1.38638
 -2.11042
 0.968591
 -0.501385
 0.51038
 -0.778786
 0.348643
 -0.201037
 -0.465373
 1.28667
 0.924084
 -1.74687
 1.0163
 -0.758191
 1.4531
 -1.66967
 1.51289
 -0.791886
 0.285362
 -0.16448
 -0.00612078
 -1.50932
 1.51469
 -1.95929
 1.4934
 0.469962
 0.192689
 -0.986671
 1.59396
 -3.12792
 3.0262
 -2.1949
 1.63257
 -1.25258
 0.847542
 -1.17415
 0.582166
 -0.653035
 1.58048
 -0.214436
 -0.783196
 0.0738387
 0.311043
 0.581023
 -0.113064
 -0.00941477
 -0.289064
 -0.164431
 -0.149538
 0.965916
 -0.714093
 1.3772
 -1.00991
 -0.297071
 -0.0917094
 -1.0172
 0.836785
 -0.18935
 0.716725
 -0.55964
 0.246183
 -0.489353
 0.713896
 0.0645181
 -0.218342
 -0.256954
 0.219955
 0.0021559
 0.0197071
 0.19769
 -0.600652
 0.124595
 1.19698
 -0.439654
 -1.08237
 0.85772
 -1.78326
 1.7396
 -0.829191
 1.61647
 -1.76435
 1.49808
 -1.62872
 1.08934
 -1.63786
 1.04317
 0.188559
 -0.530613
 0.852382
 -0.0850267
 0.460691
 -0.164216
 0.361131
 -0.740173
 0.783429
 -1.10954
 0.984128
 -0.230467
 0.138619
 0.498452
 -1.54214
 1.46222
 -0.581531
 0.398219
 -0.0582678
 0.0480638
 -0.0129075
 -1.26354
 0.889727
 -0.0278115
 -0.293278
 0.0420202
 0.950462
 -2.3247
 2.68079
 -2.42543
 1.98983
 -0.766912
 0.24502
 0.472989
 -0.70538
 0.146509
 0.0895342
 -0.469975
 -1.09979
 1.48252
 -0.702681
 0.652437
 -1.15759
 2.20165
 -2.52692
 1.62446
 -0.635905
 0.866659
 -1.16901
 1.66294
 -2.00935
 0.788901
 -0.359453
 0.32203
 -0.2164
 0.534183
 -0.985718
 0.286853
 -0.286864
 0.0898048
 0.508238
 1.2979
 -0.26216
 -1.15118
 0.897056
 -1.38893
 0.544629
 0.208085
 -0.506143
 0.457673
 -0.47258
 0.623648
 -0.365597
 0.567162
 -0.231661
 -0.0887098
 0.364037
 -0.263689
 0.0678937
 -0.240968
 0.155365
 -0.815896
 1.28229
 -0.108602
 0.317358
 -0.656126
 0.98201
 -0.849702
 1.05966
 -1.10897
 -0.7243
 1.06431
 -0.441405
 -0.486735
 0.342114
 -0.0623175
 -0.744005
 0.720939
 -0.419416
 1.2763
 -1.01039
 0.491628
 -0.637267
 1.71223
 -1.24164
 -0.0878029
 -0.0705735
 0.405554
 0.2512
 -1.47004
 1.78893
 -2.33227
 3.07826
 -1.5637
 0.491708
 -0.430839
 -0.304793
 0.696556
 -0.00274987
 -0.709208
 0.759222
 -0.677803
 1.17724
 -2.02954
 1.71605
 -0.17171
 0.880081
 -1.72409
 1.28083
 -0.957997
 -1.17473
 1.75665
 -1.7791
 1.45182
 0.101847
 -0.390182
 -0.697684
 0.156162
 1.34409
 -0.512129
 0.768679
 -0.461817
 -0.307022
 0.616037
 -0.584481
 1.00019
 -1.32837
 -0.340247
 1.21282
 -1.00793
 0.395899
 -0.670406
 0.878662
 -0.94381
 1.42769
 -0.675518
 -1.3443
 1.3919
 -0.439928
 -0.826108
 1.75981
 -0.656237
 -0.659175
 1.46639
 -1.2437
 0.594831
 -0.186212
 0.489746
 -0.449736
 0.4398
 -0.241626
 0.289374
 -0.655293
 -0.613869
 0.390754
 0.4473
 -0.383463
 0.97902
 -0.703519
 0.323579
 -0.200926
 -0.095998
 -0.00659309
 -0.486563
 1.31429
 -1.56708
 0.0832409
 0.48436
 1.0279
 -1.31179
 1.26463
 -1.11937
 -0.103648
 1.0102
 -0.707724
 0.369927
 -0.563738
 1.05957
 -0.57045
 -0.887754
 1.22409
 -1.19849
 2.11213
 -2.43597
 1.41563
 -0.804799
 1.19462
 0.1695
 -0.521232
 0.630937
 -1.37454
 0.681447
 -1.30743
 1.42207
 -1.12777
 0.12837
 0.298383
 0.188623
 0.0518357
 -0.636336
 0.131327
 0.418498
 -0.98352
 1.43789
 -1.45069
 1.3008
 -0.818179
 0.529657
 -0.950777
 0.768518
 0.653898
 -0.34332
 -0.104621
 0.42012
 -0.920233
 0.985424
 0.377681
 -2.47676
 2.66634
 -1.37736
 -0.0767362
 0.162779
 -0.108127
 0.123098
 1.43884
 -2.24175
 2.67285
 -2.17811
 1.01883
 -1.52402
 1.50374
 -1.14456
 0.798677
 0.587851
 -0.0568742
 -1.02671
 0.721467
 -0.00363423
 0.213038
 -0.624737
 1.12277
 -1.6026
 1.30382
 -1.19285
 0.425729
 -0.017239
 -0.71676
 0.759664
 -0.921105
 0.30894
 0.19483
 0.703491
 0.158887
 -0.278308
 -0.620408
 1.18362
 -0.603646
 1.71693
 -2.62361
 -0.0108365
 1.03535
 -0.977243
 0.141322
 0.139829
 0.504038
 0.28739
 -0.4124
 0.207538
 0.765153
 -0.772322
 -0.0940992
 -0.308563
 0.745245
 0.205797
 -0.0716347
 0.159952
 -0.536697
 0.0746641
 -0.2336
 0.428184
 -0.790889
 0.224772
 0.522156
 -0.142414
 0.764379
 -0.799003
 0.982368
 -1.58989
 -0.671442
 1.56092
 -1.97776
 1.38614
 0.0667935
 0.396208
 -0.510346
 0.474708
 0.566919
 -1.85135
 0.74467
 -0.163425
 -0.0202646
 0.522875
 -0.502276
 -0.266413
 0.918494
 0.774503
 -1.53251
 1.02258
 -0.816212
 -0.00726976
 -0.861749
 0.399035
 0.263872
 -0.204147
 0.832623
 -0.79456
 1.39078
 -1.15587
 -0.186802
 0.855289
 -0.521096
 1.04455
 -1.95845
 0.81091
 0.499372
 -0.419899
 0.626855
 -0.194828
 -0.885642
 0.738547
 0.2916
 -0.725517
 0.540497
 0.791084
 -0.799614
 0.699963
 0.559253
 -1.4342
 1.00025
 -1.72166
 1.72138
 -0.715119
 -0.676019
 0.870091
 -1.29226
 1.4541
 -1.03272
 0.830111
 -0.138234
 0.523407
 0.0301195
 -1.01524
 1.23281
 -1.01817
 0.494166
 -1.43
 3.19313
 -2.27072
 0.957067
 -0.579055
 1.2548
 -1.62593
 1.0844
 -1.02435
 0.991293
 -1.01301
 -0.181446
 0.401026
 0.18944
 -0.130791
 0.04811
 0.344756
 0.809869
 -2.48604
 2.37785
 -2.00451
 0.804787
 -0.133181
 -1.16042
 1.18574
 -0.977273
 1.20396
 -0.844864
 0.749479
 -0.555685
 0.276289
 -0.171079
 0.560065
 0.219254
 0.196305
 -0.740674
 0.247903
 0.419368
 0.582462
 -2.06706
 1.20274
 -0.77396
 1.50648
 -2.57626
 2.22015
 -0.548256
 -0.664596
 0.587291
 0.410736
 0.282668
 -1.18075
 1.34386
 -1.34747
 0.150722
 -0.82487
 0.43468
 -0.0410792
 0.475536
 -0.218835
 -0.356956
 1.99442
 -1.21272
 0.407672
 -0.566462
 0.827747
 0.448466
 -1.63132
 1.61923
 -1.509
 1.48246
 -0.821785
 -0.378863
 0.817088
 -0.0287901
 -1.078
 0.119943
 -0.287781
 0.363427
 -0.505928
 0.0250371
 -0.661721
 0.210025
 1.59818
 -0.973747
 1.30082
 -2.04187
 2.32471
 -3.15313
 2.89554
 -2.33323
 1.74674
 -0.0606941
 -0.489837
 1.05074
 -1.77895
 1.0421
 -0.27521
 -0.643992
 2.19729
 -1.23742
 0.114103
 -0.470965
 0.65338
 0.171995
 -0.019597
 0.486938
 0.312875
 -1.50088
 1.09016
 -1.1182
 0.35896
 1.1445
 -1.99622
 1.48979
 -1.12397
 0.488049
 -0.853964
 0.377181
 0.9542
 -0.358602
 -0.267116
 0.163015
 0.678641
 -1.47272
 0.691906
 0.350184
 -0.665362
 -0.149686
 0.363768
 0.0732069
 -0.831077
 1.09667
 -0.0634013
 0.188923
 -0.600112
 1.29403
 -1.24344
 0.854754
 -0.550251
 0.675584
 -0.825479
 0.0998686
 0.911538
 -1.01033
 -0.0778426
 0.117001
 -0.469667
 0.00445603
 0.391061
 -0.974471
 1.06184
 -0.437356
 0.964153
 0.44015
 -0.008011
 -1.06441
 1.69885
 -1.94238
 1.03968
 -1.00687
 0.67334
 0.357597
 -1.57585
 0.8
 1.02042
 -1.45289
 0.128189
 0.13466
 0.271202
 0.0816942
 -0.147212
 0.0489272
 0.247213
 0.247542
 -0.403294
 -0.0215229
 -1.13609
 2.20441
 -1.93865
 0.296709
 0.700835
 0.504933
 -0.673904
 -0.20927
 0.294181
 0.136044
 -0.559767
 0.246582
 -0.126617
 -0.601272
 -0.0248311
 1.117
 -0.23245
 -0.467897
 0.299548
 -0.421917
 0.666835
 -1.7918
 3.22988
 -2.95498
 1.54946
 -0.618878
 1.05591
 -2.18308
 1.15468
 0.826387
 -0.471441
 0.206861
 -0.630819
 1.10391
 -1.00354
 0.357377
 -0.494998
 -0.112527
 1.32148
 -0.312946
 -0.603373
 0.695614
 -1.62147
 1.44977
 -1.52672
 2.19248
 -2.61927
 0.887379
 0.960768
 0.136929
 0.0524103
 -0.321547
 -0.124239
 -0.0325481
 -1.31431
 2.64837
 -1.65696
 0.58957
 -1.65226
 1.72087
 -0.725168
 0.568278
 -0.422624
 0.533187
 -0.651921
 -0.329742
 -0.385722
 0.958478
 -1.52717
 1.01989
 0.18839
 0.178316
 0.684448
 -0.437477
 1.07801
 -2.08185
 1.9348
 -0.928192
 0.0517996
 -0.314912
 -0.372053
 -0.443375
 0.608021
 0.984497
 -2.53703
 3.18347
 -3.01421
 1.88477
 -0.251802
 -0.417918
 1.40215
 -0.287554
 0.511417
 -1.22888
 0.332368
 -0.319869
 0.610969
 -0.76989
 1.03087
 -0.585415
 -0.318242
 1.12905
 -0.989872
 -0.18146
 1.18273
 -0.694831
 -0.0444373
 0.871314
 -1.08286
 0.610135
 -0.338685
 -0.0939055
 -1.3396
 2.05073
 -2.479
 1.83844
 -0.658131
 0.512911
 -0.0783176
 1.05955
 -1.63059
 1.25146
 -1.09945
 0.382688
 -0.426592
 0.676348
 -0.344864
 -0.126687
 -0.702021
 0.172077
 0.0762763
 -0.614244
 1.23956
 -0.531172
 -0.0423626
 0.921904
 -0.162766
 0.843151
 -0.798765
 -0.655272
 0.313385
 -0.588751
 0.836414
 -0.177484
 1.00983
 -0.321833
 -1.15585
 0.766963
 -0.283545
 -0.477263
 0.964911
 -0.51325
 1.32993
 -1.75429
 0.947832
 -0.745996
 1.29611
 -1.295
 1.01327
 -1.09798
 1.04267
 -0.882478
 -0.682426
 1.02319
 0.287658
 -1.38478
 0.463096
 1.36116
 0.144983
 -1.36499
 -0.0820293
 0.255709
 0.793497
 -0.875706
 0.437352
 -0.61475
 -0.126797
 -0.310633
 0.655456
 -0.143534
 0.635331
 -1.02325
 2.00855
 -1.42694
 -0.342316
 1.53319
 -0.913549
 0.19725
 -0.291505
 0.129032
 -0.546284
 0.353057
 -0.19576
 -0.44786
 1.54538
 -2.6699
 2.63828
 -2.36634
 2.79655
 -2.53689
 1.62756
 -1.66745
 0.920642
 0.158057
 0.577283
 -0.540136
 1.04995
 -0.672619
 0.753615
 0.658398
 -1.76424
 0.623067
 -0.354616
 0.386958
 -0.544677
 -0.013757
 0.447861
 -0.348587
 -0.970954
 0.996758
 -0.556146
 -0.057262
 1.87456
 -1.10717
 0.243457
 -0.243979
 0.303997
 -0.361551
 -0.138557
 0.836755
 -0.182764
 -0.0285908
 -1.59085
 -0.0213095
 0.702291
 0.637676
 0.062454
 -0.929717
 0.8588
 -0.8686
 0.614995
 0.201003
 0.0442138
 0.332809
 -0.988936
 0.955329
 0.0924462
 -0.640769
 0.353522
 -0.0474002
 -1.03665
 1.01805
 -0.60728
 0.782115
 -0.866345
 -0.0656925
 0.376692
 -0.0922862
 0.101522
 0.0192694
 0.518705
 -1.49906
 0.629283
 -0.224099
 -0.0630768
 0.870329
 -0.886319
 1.26601
 0.388574
 -1.05773
 0.586947
 -1.72377
 1.0014
 -1.07564
 1.14214
 -0.17467
 -0.30524
 0.505261
 -0.351911
 0.330656
 -0.412881
 1.52623
 -1.74682
 -0.349468
 -0.14095
 1.07981
 0.216137
 -1.20066
 1.22705
 -1.2792
 1.65327
 -1.57037
 0.572637
 0.614524
 -0.769392
 1.45507
 -1.69818
 2.05958
 -1.5
 0.440553
 -0.746901
 1.39724
 -0.114308
 -0.130246
 -0.760542
 0.216135
 -0.172686
 0.271569
 -0.890673
 1.1933
 -1.60445
 1.21684
 -0.455797
 0.190332
 1.11393
 0.0679484
 -0.847315
 1.27378
 -1.46484
 1.37806
 -0.69323
 0.668369
 -0.700772
 -0.0816046
 -0.50063
 1.1965
 -0.299681
 -1.29674
 0.104687
 0.977226
 -2.48832
 2.46599
 -1.0655
 0.0635891
 -0.230759
 0.800513
 -0.781586
 0.84364
 -0.424752
 0.695469
 -0.578259
 -0.141978
 0.549502
 -0.958333
 0.667443
 -0.467655
 1.04622
 -1.65745
 0.997878
 -0.566488
 -0.654024
 0.581211
 1.1347
 -0.603657
 -0.329528
 0.155429
 0.674196
 0.0905201
 -1.02211
 1.55947
 -1.79466
 0.92858
 -0.397632
 1.40446
 -1.15182
 0.588622
 -0.855628
 0.404267
 -0.0301201
 0.502073
 -1.21961
 1.59567
 -2.01786
 2.02335
 -1.85123
 0.853632
 0.0712733
 0.0712543
 0.263399
 -1.1076
 1.27942
 -1.14239
 1.24091
 -1.24849
 0.910143
 -0.849714
 0.627482
 0.840097
 -1.096
 -1.34885
 2.31391
 -0.892289
 1.38207
 -0.597614
 -0.131939
 0.0770887
 -0.479446
 0.775311
 -0.846347
 1.5298
 -1.6591
 -0.0057716
 -0.57772
 0.747729
 -0.0281769
 0.0863912
 -0.0438613
 -0.0561143
 0.582048
 -1.75009
 1.54961
 -1.59154
 2.36281
 -2.70477
 2.45196
 -1.27595
 1.11339
 -1.25933
 0.680036
 -0.350983
 1.27075
 -1.56085
 1.22868
 -1.1214
 0.58342
 -0.759683
 1.23238
 -1.58294
 0.700197
 0.184321
 0.0826874
 -0.302625
 0.409561
 -0.0526709
 0.79872
 -0.955445
 -0.770321
 1.37333
 -0.934846
 1.38199
 -1.48786
 0.982525
 -0.297099
 1.4966
 -1.73679
 1.02338
 -0.00434459
 -0.295798
 -0.826939
 0.45949
 0.141593
 0.568251
 -1.82751
 1.75102
 -1.10382
 0.852515
 -0.656635
 -0.813773
 0.409541
 -0.798697
 1.82118
 0.0840023
 -0.880805
 -0.143947
 0.213054
 -0.633157
 0.370296
 -0.27353
 0.00688227
 0.411487
 0.3246
 -0.48494
 1.72821
 -1.31948
 0.0887289
 0.449639
 -0.215505
 -1.28308
 1.113
 0.547514
 -1.70382
 0.40478
 0.407817
 -0.609131
 1.42987
 -1.09414
 1.31091
 -0.506045
 0.193468
 0.580254
 -1.51844
 1.03572
 -0.649217
 0.318041
 0.00906364
 -0.335893
 1.36346
 -1.10794
 0.324437
 0.151846
 -1.74019
 2.24189
 -2.4479
 1.6937
 -0.390395
 0.567551
 0.0842762
 -1.68748
 1.62316
 -0.224975
 0.588371
 -1.73777
 1.74784
 -1.16267
 1.006
 -0.454958
 -0.494793
 0.196055
 -0.0863184
 -0.177965
 0.438699
 0.442936
 -1.67456
 1.48939
 -0.751122
 0.722582
 -0.668183
 -0.245299
 0.352814
 -0.129396
 0.526152
 0.963334
 -1.73588
 0.94367
 -0.981388
 0.426876
 -0.588921
 1.30717
 -0.164663
 -0.574909
 -0.337806
 0.930046
 -1.00282
 0.777069
 0.289129
 -0.0192484
 -0.174901
 -0.915639
 1.12877
 -0.802079
 0.938064
 -1.19778
 0.706886
 -0.108
 0.979355
 -2.12707
 1.3578
 -0.254858
 0.418123
 -0.511656
 0.213005
 -0.0588737
 -0.126168
 0.583669
 0.128561
 -1.68172
 1.51382
 -1.81142
 2.27032
 -1.6158
 0.287087
 -0.881212
 0.58225
 0.177979
 0.952695
 -2.10137
 2.76678
 -1.76789
 1.31055
 -1.56182
 1.98111
 -1.48411
 1.34439
 -0.832417
 0.148515
 -1.74
 0.643898
 -0.0862232
 1.12553
 -0.92587
 1.40423
 -0.520293
 0.446654
 -0.81485
 0.0136648
 -0.260893
 0.156237
 0.682064
 0.558964
 -1.64346
 0.470321
 0.74364
 -0.962597
 0.343893
 -0.734079
 1.5871
 -1.86399
 2.41712
 -2.4649
 1.01659
 -0.92549
 1.94986
 -2.40065
 2.17736
 -0.802623
 -0.935706
 -1.00169
 2.64825
 -1.10983
 0.312224
 -0.348509
 -0.257048
 -0.211025
 1.25
 0.137426
 -0.0247428
 -0.502751
 -0.415943
 0.023233
 0.259424
 -0.669961
 0.883804
 -0.160719
 0.123019
 -1.13094
 0.236046
 0.372446
 0.873214
 -1.66259
 1.3536
 -0.0803379
 -0.366753
 0.852233
 -1.48694
 0.904683
 0.680363
 0.909938
 -2.68256
 1.80745
 -1.21346
 0.0433956
 1.06184
 -0.497106
 0.447239
 -1.33282
 1.70203
 -1.55841
 0.875556
 0.53608
 -0.35519
 -0.252901
 -0.0794868
 0.407791
 -0.59835
 0.574694
 -1.12624
 1.48934
 -1.41517
 0.759613
 -1.24997
 1.6205
 -1.21197
 2.05735
 -1.3171
 1.53796
 -2.19851
 1.6897
 -2.14827
 1.98843
 -1.46261
 1.45781
 -0.359574
 -0.223483
 -0.219521
 -0.0879073
 0.470499
 -0.89004
 1.28578
 -1.17398
 0.473735
 -0.204964
 -0.309232
 -0.250114
 1.12782
 -0.762574
 0.0682049
 0.18169
 -0.418882
 -0.389739
 0.914277
 0.304235
 0.776524
 -2.23805
 2.28591
 -1.46402
 1.24849
 -2.33045
 2.87279
 -1.95207
 1.07018
 -1.08198
 0.993852
 -1.34263
 2.07291
 -2.69807
 2.19055
 -1.20276
 0.877719
 -0.873649
 0.333465
 0.169748
 -0.836518
 -0.00138174
 0.40035
 0.467689
 -0.625164
 0.923791
 -0.304125
 0.740874
 -1.56857
 2.00424
 -2.21322
 1.82385
 -1.50989
 0.69398
 -0.0179058
 -0.473773
 0.816143
 0.0387122
 -0.941007
 0.666417
 -0.709282
 1.44952
 -1.77597
 1.72085
 -1.37342
 1.13439
 -1.17084
 0.0838655
 0.997168
 -0.436516
 0.442588
 -0.547731
 -0.903812
 1.62272
 -0.854624
 0.952701
 -0.577981
 0.540605
 0.170741
 -1.86315
 0.592228
 0.299297
 0.644771
 -1.53496
 2.06085
 -2.05896
 1.05286
 0.327756
 -1.87952
 2.15532
 0.434154
 -0.514548
 0.57025
 0.0320955
 0.659563
 -1.10383
 0.150951
 -0.0255328
 -0.159441
 0.210846
 -1.70711
 1.80621
 -0.436721
 -0.875895
 -0.0685138
 -0.21971
 0.555357
 -0.108572
 0.0425114
 -0.357413
 0.714667
 -1.17148
 1.65199
 -1.43654
 2.14308
 -2.55318
 1.8636
 -0.790452
 0.233119
 -0.203151
 0.367203
 0.223442
 -0.164551
 -0.427959
 0.322427
 0.306965
 -0.956286
 1.1223
 -0.133105
 -0.0113147
 1.16346
 -1.77307
 0.222112
 0.716474
 -0.994348
 -1.04354
 2.62432
 -2.28048
 2.58664
 -2.05903
 0.138474
 0.622198
 0.00197824
 -0.913663
 0.324873
 0.589925
 -1.18129
 0.721823
 -0.400794
 0.595795
 -0.617598
 0.107718
 0.0513032
 0.163625
 -0.849479
 1.27946
 -0.87313
 0.925836
 -1.50454
 2.23951
 -1.63589
 0.929421
 -0.753011
 -0.774256
 2.2717
 -2.5847
 2.26243
 -0.934603
 0.0451034
 -0.795324
 0.664899
 0.925126
 -0.868278
 0.54864
 -1.24876
 0.805303
 -0.830997
 1.33879
 -2.04453
 2.13365
 -1.11885
 0.627049
 0.0118767
 -0.650923
 0.536587
 0.916152
 -0.408965
 -0.558077
 0.71682
 -0.645569
 1.47155
 -2.57189
 1.064
 -0.478186
 -0.00517584
 0.305697
 0.00247184
 0.168565
 -0.0625061
 -0.535124
 1.25998
 -2.19883
 2.05162
 -1.79963
 2.8306
 -2.90854
 2.02591
 -2.09146
 2.27721
 -1.15808
 1.42169
 -2.39147
 1.33578
 -0.374013
 1.1572
 -0.954166
 2.18338
 -2.22616
 0.316974
 -0.126253
 0.269122
 0.0984762
 0.0235856
 0.136894
 -0.0942402
 -0.921507
 1.40688
 -0.751803
 -0.0860537
 -0.922309
 0.840184
 0.0263651
 0.229455
 -0.0570656
 -1.00266
 1.34621
 -0.636484
 -0.14901
 0.148502
 0.333025
 -0.189529
 0.204621
 -0.512215
 0.592726
 -0.0509968
 0.139527
 -0.642274
 0.408147
 1.07733
 -3.47553
 3.17294
 -1.90225
 1.03785
 -0.291046
 1.20698
 -0.943561
 -0.86075
 1.13527
 -0.140975
 -0.16139
 -0.597674
 0.938382
 -0.0986828
 -0.833147
 1.90636
 -1.23536
 0.92486
 -1.59111
 0.255138
 0.473289
 -0.20224
 -0.170519
 0.58031
 -0.62071
 0.989672
 -0.568176
 0.366218
 -1.05044
 0.201553
 -0.557915
 0.667757
 0.477678
 -0.790858
 0.542116
 -0.70872
 0.511579
 0.651437
 -0.537452
 0.0012496
 -0.391056
 0.736631
 -0.188692
 0.777847
 -1.21485
 0.0094921
 0.478354
 -0.25727
 0.309368
 -0.171211
 0.409719
 -0.876166
 -0.474124
 1.31476
 -1.47649
 1.30682
 -0.231504
 1.07468
 -0.619094
 0.312107
 -0.257199
 0.122109
 -0.319609
 -1.35879
 1.79283
 -2.50527
 3.04962
 -2.52155
 1.74928
 -1.14698
 0.924021
 -1.07748
 0.461436
 -0.265557
 1.55671
 -2.34129
 2.51261
 -2.56339
 2.70938
 -2.48697
 2.24448
 -1.86236
 0.815071
 0.895786
 -1.20695
 0.922676
 -0.287166
 0.48337
 0.183601
 -0.878204
 0.00801546
 -0.200742
 -0.853977
 0.294722
 0.533015
 -0.687564
 0.536395
 -0.695335
 1.60216
 -0.894089
 -0.742675
 1.12991
 -0.905683
 0.58246
 0.425499
 -0.751402
 0.398746
 -0.564694
 1.19834
 -1.04841
 1.48247
 -2.09225
 1.57593
 -1.14324
 1.49032
 -1.95895
 0.801368
 -0.47449
 1.2546
 -1.29308
 0.421198
 0.565837
 1.00279
 -1.13115
 -0.0777699
 -0.0827644
 0.283445
 -0.88943
 -0.267564
 0.57931
 -0.316779
 0.865183
 0.466141
 -0.76733
 0.230339
 -1.68882
 1.10838
 -0.516189
 1.21537
 -0.460368
 0.255599
 -0.188718
 -0.0876442
 0.996411
 -1.38557
 0.403135
 0.976086
 -1.38143
 -0.0715654
 -0.789487
 1.13146
 0.0292354
 0.236063
 -0.607178
 1.27463
 -0.908199
 1.03049
 -1.71864
 2.77313
 -2.47964
 0.638243
 -1.58863
 1.72842
 -0.270794
 0.731762
 -1.35851
 0.158737
 -0.165048
 0.56595
 0.601626
 0.275166
 -0.743498
 0.305503
 -1.16944
 -0.0710768
 0.895111
 0.263727
 0.420317
 -0.97487
 0.9107
 -1.11075
 1.38867
 -1.46027
 0.609931
 0.0796537
 0.0971732
 -0.347431
 0.567831
 -0.543714
 -0.797032
 0.795207
 0.220129
 -0.0111859
 0.214777
 -0.379449
 -0.505379
 1.09256
 -0.249075
 2.24973
 -1.67452
 0.518841
 -1.21389
 -0.700634
 0.351951
 0.0628295
 -0.610658
 1.39033
 -1.11985
 1.37316
 -0.901525
 -0.59118
 1.56942
 -0.351523
 -0.284732
 -0.452035
 0.810403
 -0.655027
 0.122066
 0.315241
 -0.845342
 -0.475011
 1.52612
 -1.366
 1.34476
 -2.16953
 1.69685
 0.452117
 -0.360594
 0.98949
 -1.52344
 0.219901
 0.189759
 0.668817
 -0.0491634
 -0.880991
 0.811955
 0.244602
 -0.376276
 0.0931298
 -0.497896
 0.76672
 -0.548186
 0.0383113
 0.264752
 0.118144
 0.468868
 -0.430398
 -1.41574
 -0.352711
 1.05662
 0.322253
 -1.01307
 0.556588
 -0.979722
 1.96561
 -1.56502
 0.629372
 -0.195789
 1.46854e-05
 -0.0480762
 0.717132
 -0.907373
 0.331101
 -1.27712
 1.83271
 -1.42654
 1.64614
 -1.0607
 0.590014
 0.798768
 -0.596407
 0.597707
 -1.66884
 0.6216
 1.05644
 -1.0938
 1.06131
 -0.953809
 0.490881
 -0.501178
 0.814104
 -0.726492
 0.345111
 0.0782504
 -0.494564
 -0.757697
 1.68515
 -1.16013
 2.02085
 -2.37798
 2.07936
 -1.30033
 0.330836
 -0.430722
 -0.0040044
 1.3911
 -0.773531
 0.175849
 -0.368937
 -0.227681
 -0.216374
 -0.337387
 0.375838
 -1.32649
 2.28653
 -1.44439
 0.941192
 0.136223
 -0.872778
 0.601173
 0.19628
 0.416701
 -1.68677
 0.640724
 1.37233
 -1.97189
 1.66335
 -0.691174
 -1.6646
 1.92604
 -1.09271
 0.990471
 -0.887912
 0.155939
 1.1604
 -0.882165
 1.2362
 -1.53522
 0.79534
 -0.775265
 -0.49054
 1.01618
 -0.848928
 1.0539
 0.320278
 -0.84663
 0.715429
 -0.909915
 -0.47442
 0.601882
 -0.153356
 0.349709
 -0.141076
 -0.460388
 1.33627
 -1.29109
 0.710014
 1.02326
 -1.24739
 1.08254
 -0.967662
 0.638651
 -1.29475
 1.09623
 -0.235326
 -0.118595
 -0.688081
 2.34716
 -2.24699
 1.15146
 -0.55799
 0.406245
 0.421891
 -0.785298
 0.437215
 -0.585409
 1.06109
 -0.542564
 0.338746
 -0.94353
 -0.616526
 1.30216
 -1.41726
 2.15933
 -1.52561
 1.22072
 0.241217
 -0.780903
 -0.371756
 0.890848
 -1.54118
 1.71533
 -2.12448
 1.04555
 -0.820353
 0.84825
 -0.138832
 0.900736
 -0.708088
 -0.589062
 0.321521
 -0.909305
 0.807151
 -1.06525
 1.37481
 -0.921428
 0.994385
 -0.508828
 -0.00430537
 0.156497
 -0.653067
 0.880179
 -1.32015
 2.46085
 -1.80805
 1.29891
 -0.557562
 0.881271
 -1.36587
 0.654636
 -1.57259
 1.16609
 -0.7177
 1.18068
 -1.47199
 1.21856
 -0.575375
 0.509965
 -0.390938
 0.13375
 0.0553368
 0.863816
 -0.989165
 1.10982
 -1.48131
 1.49819
 -1.10205
 1.90631
 -2.52544
 1.0907
 -0.885766
 1.04836
 1.19961
 -2.48121
 1.82761
 -0.984805
 0.151692
 -0.0296383
 1.03848
 -1.16904
 0.507088
 -0.591616
 0.498746
 -0.403441
 0.171565
 0.0594314
 -0.644488
 0.167424
 0.260313
 -0.386825
 1.00917
 -0.337199
 -0.675999
 1.84179
 -2.09515
 1.09
 -0.905893
 1.05109
 -1.00563
 0.599266
 0.0812902
 -0.609661
 1.7826
 -3.12154
 2.89338
 -1.73162
 1.21689
 -0.224745
 0.444536
 -1.09748
 -0.42336
 0.268863
 -0.435657
 0.475813
 0.355331
 -1.56668
 1.14064
 -0.305874
 0.722786
 -1.2677
 2.13432
 -2.19618
 1.45229
 -0.130186
 -0.834589
 1.77591
 -1.33039
 1.10102
 -0.130316
 -0.0415636
 -0.282638
 -0.392312
 1.09233
 -0.835973
 -0.132777
 0.0856088
 -0.341627
 0.12262
 0.930247
 -0.694026
 1.43242
 -2.2074
 2.18413
 -1.12629
 -1.02009
 1.29396
 0.439959
 -0.68568
 -0.596052
 0.459586
 -0.580327
 0.116325
 0.341141
 0.431388
 -0.4727
 0.108767
 0.12939
 0.566197
 -2.02051
 2.85834
 -2.43517
 1.17909
 -1.14135
 1.44913
 -1.86602
 2.0263
 -2.10867
 1.67272
 -0.961566
 1.40688
 -1.27906
 0.580342
 1.08446
 -0.792702
 -0.129303
 -1.12011
 0.864535
 -0.347148
 -0.243522
 1.20482
 -0.892962
 0.225832
 -1.4836
 1.1037
 -0.0558897
 0.706048
 -0.826084
 -0.124906
 0.301926
 -0.863978
 0.795675
 -0.621371
 1.45696
 0.904026
 -1.91585
 1.66651
 -1.38366
 0.907484
 -0.739653
 1.10863
 -1.44683
 0.575824
 -0.592435
 0.719572
 -1.49645
 1.29884
 -1.49101
 0.649973
 -0.139461
 1.50302
 -1.02784
 0.991146
 -0.653089
 -0.413173
 0.66248
 -1.36336
 0.521943
 0.986845
 -1.67064
 1.61146
 0.135466
 -0.0369793
 -0.135001
 0.668764
 -1.59186
 2.02117
 -2.24351
 1.14634
 -0.448981
 -0.929468
 1.25649
 -0.663781
 0.297544
 -1.02288
 1.05104
 -0.294065
 -0.197418
 0.261744
 -0.486866
 1.35904
 -0.713244
 -0.508472
 0.473469
 0.529764
 -0.731538
 -0.528367
 0.888466
 -1.47995
 1.82627
 -1.22416
 0.792934
 -0.475893
 1.17525
 -2.18132
 2.10612
 -1.66284
 0.901789
 0.504114
 -0.168524
 -0.218412
 -0.356637
 1.11792
 -0.74921
 0.289547
 -1.05598
 1.95115
 -0.967724
 0.480534
 -1.20634
 1.64463
 -0.686692
 0.0605646
 -0.269586
 0.00423511
 0.169996
 -0.573911
 1.54173
 -0.918941
 -0.808719
 0.851364
 0.0691157
 -0.206941
 0.112716
 0.0774451
 0.0317892
 -0.684371
 0.360995
 0.849975
 -1.89337
 1.77387
 -0.417589
 0.385249
 -1.10251
 0.347712
 1.08694
 -1.35051
 0.911866
 -1.13615
 0.812159
 -0.312584
 0.226368
 0.29204
 0.623833
 -1.20299
 0.274532
 0.226075
 -1.05095
 0.74841
 -0.669316
 0.324523
 0.207234
 0.41571
 -0.0736432
 0.0124508
 0.440703
 -0.901932
 -0.374277
 1.30885
 -1.59335
 1.06193
 -1.10379
 1.54395
 -0.577581
 -0.949403
 0.238325
 1.22721
 -1.94712
 2.43809
 -1.44686
 0.704103
 -0.430289
 0.0758222
 -0.141619
 -0.773096
 -0.791581
 2.46968
 -0.798452
 -0.993745
 0.301725
 -0.892343
 1.16246
 0.579536
 -1.07455
 -0.029725
 1.06735
 -0.856025
 1.24306
 -0.0671373
 0.472172
 -1.24929
 1.21741
 -2.07047
 1.2213
 -0.488057
 -0.131728
 1.56301
 -0.479985
 0.806334
 -1.92695
 1.88462
 -1.51036
 0.457254
 -2.00195
 2.37441
 -2.21692
 1.42175
 -1.18453
 1.28737
 -0.137942
 -0.0400914
 0.304213
 -0.250393
 -0.548167
 0.60895
 -0.750381
 1.81445
 0.114278
 -0.594453
 -0.109944
 -0.201518
 0.275686
 -0.590978
 -0.37256
 0.526296
 -0.701928
 1.17047
 -1.10778
 0.524286
 -0.198334
 0.0277685
 1.10679
 -0.65763
 -0.531047
 0.546596
 -0.311824
 0.776057
 -0.800522
 0.565057
 -1.3971
 1.75883
 -0.904581
 -0.227605
 0.52412
 0.0398815
 0.74329
 -0.593855
 -0.659632
 -0.711114
 0.978634
 -0.0949544
 0.474101
 0.461573
 0.0176613
 0.795549
 -2.70073
 1.67236
 -1.26303
 1.28696
 -1.97332
 1.26383
 -0.2736
 0.933607
 -0.50827
 1.01884
 -2.46639
 2.46782
 -1.848
 1.68074
 -0.752714
 -0.115566
 0.667417
 -0.920942
 0.404851
 -0.743979
 1.18672
 -0.718152
 -1.33445
 1.74857
 -1.07668
 0.549636
 -0.227738
 0.319013
 1.28033
 -1.37532
 -0.165682
 0.717944
 -0.170482
 -0.00353384
 -0.964013
 0.319812
 -0.579482
 1.59732
 0.348032
 -1.52961
 1.60132
 -0.764541
 0.174674
 -0.797532
 -0.0684629
 0.916541
 -1.0764
 1.68558
 -1.42385
 1.09368
 -2.05054
 1.90218
 -0.689846
 -1.22079
 1.91765
 -0.242217
 0.237003
 -1.02197
 -0.549046
 0.44718
 0.881133
 -1.04941
 -0.713175
 1.12393
 -0.899066
 1.86469
 -1.07794
 0.388228
 -0.571249
 -0.0661171
 -0.383881
 1.23153
 0.0809314
 -0.823533
 0.93298
 -0.562242
 0.818147
 -1.17249
 1.5857
 -0.611038
 0.465495
 -1.54987
 0.424823
 -0.611896
 0.20678
 0.355699
 -0.00126382
 0.566695
 -1.07738
 1.06334
 -2.16936
 2.05088
 -1.79829
 1.57368
 -0.906225
 1.07038
 0.478475
 0.182491
 -0.871718
 0.327113
 -0.569292
 1.31695
 -0.292176
 -0.70269
 0.688517
 -1.64963
 1.2054
 -0.880034
 1.22036
 -0.621272
 0.100771
 -0.466672
 0.460846
 0.116132
 -0.443274
 1.60898
 -2.32408
 1.06747
 0.185053
 -0.161707
 0.219346
 -0.370088
 0.648441
 -0.562008
 -0.469693
 0.431516
 -0.919606
 1.81216
 -0.761277
 0.516317
 0.519259
 -1.12779
 -0.209742
 0.964243
 -1.90975
 1.54402
 -2.11218
 0.932908
 0.0231181
 1.11767
 -0.85695
 1.13973
 -0.449245
 0.31334
 -1.20052
 1.40988
 -0.660458
 -0.328045
 0.292038
 -0.456117
 0.923381
 -0.415147
 0.25452
 -0.748325
 0.387462
 -0.405488
 0.602632
 -0.381833
 0.625259
 -0.967014
 0.239344
 -0.246973
 0.305401
 0.277479
 -1.35192
 1.30156
 -1.18018
 1.68418
 -1.38736
 1.80982
 -1.50768
 -0.0449806
 0.144319
 0.562839
 -2.05529
 1.19988
 -0.387737
 1.37528
 -2.2683
 3.31363
 -2.76018
 2.20725
 -1.07979
 1.13656
 -0.901554
 0.933976
 -0.452136
 0.222216
 -0.297574
 -0.0891196
 -0.141535
 0.596931
 -0.242344
 -0.438531
 0.331688
 0.797942
 -2.36223
 2.45162
 -2.14928
 0.643602
 -0.577785
 0.263004
 -0.159473
 0.499653
 0.859663
 0.0425283
 0.201443
 -0.545152
 -0.404961
 0.0366493
 -1.08497
 1.49891
 -0.901486
 0.758993
 0.312876
 -0.947733
 -0.186476
 0.442445
 0.207123
 -0.923921
 1.62129
 -1.40932
 1.7742
 -1.62416
 2.11982
 -2.94683
 2.5029
 -1.8517
 1.7706
 -1.37349
 1.05217
 0.0477864
 -1.40391
 1.73655
 -0.818068
 0.175286
 0.321964
 0.437341
 -2.25901
 0.74361
 -0.187755
 -1.51036
 2.16757
 -1.08578
 0.145347
 0.323866
 1.04449
 -1.4308
 0.532585
 -0.282461
 1.03799
 -0.536184
 0.700376
 -0.813809
 1.00052
 -0.77762
 0.508063
 -0.813044
 1.07886
 -1.54229
 2.24857
 -1.86034
 1.25119
 -1.12024
 1.10427
 0.218785
 -2.18832
 0.617842
 0.548701
 -0.969276
 1.22854
 -0.567816
 0.0996096
 -0.461871
 -0.365918
 1.23277
 -0.0347291
 0.103612
 -0.616154
 0.661934
 -0.511248
 0.750276
 -0.760721
 1.5795
 -0.397051
 -0.0993426
 -0.541325
 0.375042
 -0.812923
 0.666738
 -0.490805
 -0.41513
 -0.455875
 0.639253
 -0.988053
 1.78039
 -1.14102
 1.19712
 -0.840678
 0.0323093
 -0.58997
 1.29866
 -1.92681
 2.44164
 -1.05245
 0.430547
 0.189617
 -1.17487
 0.785521
 0.230747
 -0.368468
 0.79485
 -2.23955
 2.29668
 -2.08035
 1.63404
 -0.81379
 1.1984
 -0.540574
 0.152909
 -0.172379
 -0.173681
 -0.0311741
 -0.546389
 0.764335
 -1.22693
 0.700842
 -0.536387
 1.12459
 -0.827263
 -0.16926
 0.465993
 0.321036
 -0.59364
 1.11954
 -0.565861
 0.237938
 -0.916083
 1.74339
 -1.65958
 1.00852
 -0.0746923
 0.235892
 -1.4448
 2.18843
 -2.05413
 1.70267
 -1.02133
 -0.955907
 1.41212
 -0.737438
 0.112328
 -0.00193793
 -1.03401
 1.47989
 -0.961809
 0.396653
 -0.503175
 0.74028
 -1.27096
 1.18389
 -0.376954
 0.668178
 -0.0116837
 -0.362528
 0.568561
 0.376925
 -0.364759
 -1.04969
 1.56322
 -2.17967
 1.73469
 -1.72001
 1.77562
 -1.90671
 1.32596
 -0.161286
 -0.552283
 -0.365222
 2.22387
 -2.46966
 1.46737
 -0.507432
 0.920888
 -1.24154
 0.225149
 0.499383
 -0.856115
 2.23672
 -2.57973
 2.11016
 -0.950864
 1.62965
 -1.63213
 1.27893
 -1.80443
 1.31425
 -1.86895
 0.782405
 0.680637
 -0.637976
 1.11833
 -2.57357
 2.11757
 -0.339862
 -0.800137
 1.03828
 -0.603229
 1.04777
 -0.878542
 0.442637
 -1.00353
 -0.164377
 1.10548
 -0.984707
 0.85451
 -0.0828
 -0.441031
 -0.21519
 -0.0240437
 0.971359
 -1.44575
 0.59561
 -0.280939
 0.149385
 -0.646187
 0.848168
 -0.575103
 0.530978
 0.0698802
 -0.897367
 1.15673
 -0.542978
 -0.587829
 0.237333
 0.0394753
 0.769915
 0.155857
 -0.0138094
 0.31091
 -0.224171
 0.734012
 -2.15835
 1.74518
 -1.14298
 0.838551
 -0.353183
 0.0818466
 -0.933757
 1.12881
 -0.959016
 0.828465
 -0.548888
 0.248702
 0.375826
 -0.0482846
 0.156671
 1.71311
 -1.44028
 -0.0786158
 -0.62591
 1.26639
 -1.69517
 2.25251
 -1.95377
 1.41424
 0.731556
 -1.84333
 1.72006
 -2.29923
 1.46821
 0.127827
 0.43873
 -1.42876
 0.272526
 -0.0696246
 0.789472
 -0.854245
 0.604978
 -0.895636
 1.27168
 -1.16758
 1.67509
 -1.15888
 -0.0342835
 0.408132
 -1.22343
 1.00898
 0.20604
 -0.739369
 1.29893
 -1.79041
 1.33765
 -0.572578
 -0.5902
 0.064264
 0.210371
 0.163843
 -0.929105
 2.60689
 -2.65611
 2.94085
 -2.49661
 1.41724
 -1.97306
 1.07798
 0.493915
 -0.679914
 0.514365
 -0.366252
 1.12288
 -0.754437
 0.0539591
 1.51853
 -2.25506
 0.540999
 0.264537
 -0.172615
 -0.680176
 0.285519
 -0.240471
 1.05335
 0.574878
 -1.1831
 -1.16873
 1.15811
 -1.26471
 1.62488
 -0.370571
 -0.780113
 1.54406
 -1.5937
 1.99474
 -2.54245
 1.26391
 -0.585042
 1.65948
 -1.85324
 1.90511
 -0.487602
 -0.210629
 -0.367378
 -0.282989
 0.226462
 0.699027
 -0.912041
 1.12492
 -0.0296471
 -1.24431
 1.0558
 -2.60121
 3.09087
 -1.29817
 0.783466
 -0.775472
 0.367074
 -0.382876
 0.790871
 -1.37101
 1.24028
 -0.457707
 0.231225
 0.606816
 -0.77275
 0.444673
 -0.15867
 0.214771
 -1.34612
 0.533705
 0.407556
 0.0319574
 -0.707956
 0.758148
 -0.0603169
 0.379879
 -1.29152
 0.658542
 0.0925668
 -0.651738
 1.06533
 -1.48114
 1.25813
 -0.7252
 1.01246
 0.0743562
 -1.63252
 2.70971
 -2.20771
 0.0519624
 0.699439
 -0.166516
 0.661106
 -0.319219
 0.92183
 -0.804376
 -0.446439
 0.650677
 -0.977396
 0.646623
 -0.365724
 0.0914338
 -0.273248
 0.374178
 -0.224265
 0.710209
 -1.35081
 0.338411
 0.347819
 -0.616466
 1.14695
 -0.691494
 0.678749
 -0.910218
 0.594959
 0.279456
 -0.524128
 0.662884
 -0.581977
 1.00318
 -1.80644
 1.74473
 -0.540558
 0.384673
 0.412326
 -1.09038
 0.306063
 -0.793619
 0.459002
 -1.19319
 0.979687
 -0.555722
 -0.0889105
 1.27352
 -2.22368
 2.05945
 0.134409
 -1.14078
 1.96105
 -1.97089
 1.74218
 -0.593129
 -1.16567
 1.47013
 -1.06293
 0.692582
 -1.22882
 1.77851
 -1.05618
 0.410243
 0.385183
 -1.02844
 1.03072
 -0.797036
 -0.0192527
 -0.811018
 1.82986
 -0.316837
 -0.661027
 1.44053
 -0.647186
 -1.06901
 0.305121
 0.160189
 -0.729884
 1.42263
 -0.667384
 0.948023
 -0.50622
 -0.123347
 0.340388
 -0.783005
 0.363331
 0.364456
 -0.135006
 -0.0775837
 0.132061
 -1.44693
 0.236282
 0.957942
 -0.317128
 0.591902
 -0.465632
 -0.230481
 0.37449
 -0.381967
 0.470278
 0.563368
 -1.00028
 -0.00531861
 -0.804334
 1.58923
 -1.67308
 0.0521787
 0.206589
 -0.5017
 2.22416
 -1.60973
 1.37756
 -0.287582
 0.193417
 -0.57036
 0.106156
 -0.255416
 0.787972
 -1.3291
 1.38778
 -2.0567
 1.77245
 -0.695188
 0.631879
 -0.646011
 0.124293
 -1.04458
 0.90173
 -1.00941
 0.751999
 -0.577454
 0.322162
 0.232787
 0.86466
 -0.365976
 0.481169
 -0.373257
 0.440771
 -0.958482
 0.927636
 -0.0889684
 0.134377
 0.400779
 0.336142
 -1.42559
 0.945925
 -0.416067
 0.488199
 -0.300066
 -0.911451
 0.312629
 -0.185583
 0.368576
 -0.782582
 1.11174
 -1.19617
 0.84851
 -0.465578
 0.513843
 0.0730663
 0.0752777
 -0.296653
 0.319394
 -1.05208
 1.17583
 -0.812804
 0.595447
 0.520719
 -0.802363
 -0.229352
 0.318922
 0.473468
 -0.111775
 0.224593
 -0.370649
 0.131097
 0.567419
 -1.05846
 -0.160064
 0.845864
 -1.08716
 1.48961
 -1.77351
 2.12894
 -1.71108
 0.84961
 -0.230431
 0.584414
 -1.53233
 1.38568
 -0.865263
 1.64151
 -2.04269
 1.23509
 -0.305424
 -0.19123
 -0.393919
 0.0595409
 -0.629197
 0.680138
 1.02319
 -0.010081
 -0.0291333
 -1.01686
 -0.799826
 0.617248
 -0.0625527
 0.651516
 -0.432503
 0.533177
 0.395762
 -0.927574
 -0.0673334
 0.489453
 -1.01649
 0.997242
 -1.67549
 0.945081
 -0.0719903
 -0.0494433
 0.275399
 0.546586
 0.333573
 -0.423698
 -0.0912724
 0.0312798
 -0.506994
 0.0313737
 -0.680032
 0.931598
 0.389555
 -0.588952
 0.757823
 -1.04377
 1.95876
 -1.84831
 0.953273
 -0.829738
 0.151671
 -0.444498
 0.597151
 -1.15836
 1.4344
 -0.54297
 0.808114
 0.28521
 -1.39836
 0.609165
 -0.680555
 0.641164
 -0.0869885
 0.56781
 -0.0811488
 -1.19619
 1.96122
 -1.91172
 1.22269
 -0.802036
 0.551857
 0.107038
 0.698711
 -1.92555
 1.97372
 -1.46597
 1.2523
 -0.871224
 1.36491
 -1.66147
 0.606702
 0.978062
 -2.34624
 2.62673
 -2.41222
 1.91692
 -1.50514
 1.77866
 -1.6628
 1.31068
 -0.178301
 -1.46125
 -0.41842
 0.516415
 0.411901
 1.58284
 -0.928936
 1.62467
 -2.41039
 0.372266
 -0.589338
 0.612472
 -0.578357
 0.0436143
 0.697706
 0.915843
 -0.831222
 0.261771
 -0.541788
 -0.109691
 0.594157
 0.255255
 -0.429761
 0.609744
 -1.35917
 0.509255
 0.189299
 -0.906622
 1.45371
 -0.756252
 0.152839
 0.874508
 -1.24848
 0.376432
 1.31983
 -0.378309
 -1.24839
 0.597849
 -0.938635
 0.603582
 -0.678598
 0.267888
 -0.502977
 0.674536
 -0.0783734
 0.0221719
 0.64941
 -1.42948
 0.894979
 -0.871773
 1.03748
 -0.79291
 0.70092
 -0.124446
 0.930759
 -0.639125
 0.339904
 -1.12084
 0.904359
 -1.27353
 1.47973
 -1.2519
 1.89579
 -1.3141
 0.814106
 -1.33991
 0.731987
 -0.895146
 0.676311
 -0.213488
 -0.59946
 1.22709
 -1.35338
 1.98246
 -0.51434
 -0.339133
 1.18418
 -2.29633
 2.5503
 -1.89587
 1.68577
 -2.48003
 2.22749
 -1.23328
 0.550551
 -0.983934
 0.485165
 0.0308576
 -0.764667
 0.981247
 -0.859176
 0.245074
 0.622979
 -0.179676
 -0.20989
 0.0895542
 0.440275
 -1.92366
 1.46554
 0.394297
 -0.957947
 0.780228
 0.126183
 0.125587
 0.508139
 -1.53608
 1.60935
 -0.426253
 0.548838
 -0.935824
 0.486828
 -0.206709
 -0.514241
 0.588439
 -0.482357
 0.552373
 -0.739947
 0.380989
 -0.566062
 1.19974
 -0.730143
 0.904595
 -0.93672
 1.15528
 -1.80806
 0.758709
 -0.280916
 0.494923
 -0.738666
 0.736534
 1.19798
 -2.93009
 2.43482
 -1.55847
 0.800094
 -0.134821
 0.333651
 -0.892101
 0.137693
 2.26511
 -1.99182
 0.946049
 -1.41455
 1.76768
 -0.664412
 -0.520868
 0.474677
 -0.381225
 0.375863
 -1.02722
 0.449589
 -0.284343
 0.0685973
 -0.320845
 1.67906
 -2.11672
 1.78108
 -0.908327
 1.16294
 -1.50729
 0.870046
 -0.337054
 0.337016
 -0.498684
 0.892298
 -1.63792
 0.94087
 -0.58311
 0.880882
 0.266662
 -1.66608
 1.06095
 -0.549973
 0.327551
 0.669678
 -1.85142
 2.33864
 -1.24346
 1.12052
 -0.356152
 -0.641764
 0.789632
 -0.633353
 0.987124
 -1.52283
 0.42166
 -0.248296
 1.86745
 -2.21574
 1.91009
 -1.59582
 0.720876
 -0.520371
 0.955148
 -0.818649
 0.94452
 -1.95928
 2.42867
 -1.42104
 -0.193145
 0.640671
 -1.357
 1.13976
 -1.01133
 1.19651
 -0.245946
 -0.635329
 0.979819
 -0.957348
 -0.643436
 2.03561
 -0.847228
 -0.0282
 0.659056
 -0.644851
 -0.686533
 0.70962
 -0.396178
 0.658234
 -0.0270662
 -0.527988
 0.31887
 0.26802
 0.983382
 -1.12001
 1.74413
 -2.89082
 1.92218
 -0.829104
 0.623688
 -0.685683
 0.0906592
 0.74845
 0.319321
 -1.53136
 0.237032
 0.25827
 1.29084
 -1.61572
 0.30179
 -0.029851
 -0.251126
 -0.371109
 1.08651
 -0.169991
 -0.77059
 0.11277
 0.262775
 -0.501969
 2.389
 -3.22327
 3.13532
 -2.51995
 1.19993
 -1.16327
 1.3558
 -1.27143
 0.139374
 0.140251
 0.0102027
 0.676659
 -0.575202
 -0.471597
 1.00054
 -0.552667
 0.538082
 -0.767467
 1.04689
 -1.32246
 1.81576
 -1.9351
 0.471949
 -0.136784
 0.204218
 -0.421617
 1.03955
 -0.900869
 0.875147
 -1.10995
 1.05752
 0.436047
 -1.09837
 0.965531
 -0.229948
 0.795022
 -1.46413
 -0.0753148
 0.929043
 -0.14057
 0.627654
 -1.53927
 0.905969
 -0.0519049
 0.646891
 -0.867637
 -0.0185242
 0.999046
 -0.444293
 1.18424
 -0.854572
 0.0573702
 -1.13304
 0.472653
 -0.678329
 0.183155
 -0.424558
 1.10678
 -1.04762
 0.89534
 -0.848128
 1.08841
 -1.25156
 1.36468
 -0.948639
 0.624771
 -0.0215764
 -0.602029
 0.214836
 0.344939
 0.804437
 -1.99245
 3.07772
 -2.90113
 0.914465
 -1.2322
 1.75542
 -1.00578
 0.0793783
 -0.486661
 -0.64979
 1.75113
 0.488313
 -1.80545
 1.03156
 0.210429
 -0.34651
 -0.165663
 0.658612
 -0.0174787
 -0.346414
 0.668647
 -1.17414
 0.445231
 -0.469221
 0.797931
 -0.741153
 0.721702
 -0.525153
 1.1492
 -1.75633
 1.83854
 -1.88781
 3.36434
 -3.531
 2.08945
 -2.97252
 3.1684
 -1.76261
 0.454014
 -0.596406
 0.902717
 -0.781854
 -0.0142627
 -0.0687546
 0.311889
 0.237029
 -0.465601
 1.56033
 -1.14156
 0.672023
 -0.799567
 -0.04406
 1.13809
 -0.371855
 1.35524
 -3.19791
 2.77361
 -2.08201
 2.03772
 -1.42949
 0.226057
 -0.268416
 0.173925
 0.210849
 -0.531184
 -0.182393
 0.11442
 0.859725
 -0.16832
 -0.219399
 1.14486
 -1.70673
 0.915426
 -0.970529
 -0.0440602
 0.229261
 0.0329226
 0.614776
 -0.162945
 0.827563
 -0.72663
 0.345665
 -0.721398
 0.80455
 -0.791849
 0.296837
 0.367199
 -0.481975
 0.599189
 -0.0305241
 -1.39998
 1.11347
 0.239053
 -0.582501
 -0.175135
 0.84153
 -0.921268
 -0.6322
 -0.0144722
 0.0943118
 0.864707
 -1.06084
 1.23706
 -1.4842
 0.594259
 0.859808
 -1.2288
 1.42282
 -0.343999
 0.0212892
 -0.128539
 -0.18095
 0.448401
 -0.763757
 0.329511
 0.0385673
 -0.458734
 0.667561
 -1.25416
 0.811856
 1.18669
 -1.06109
 0.428507
 -0.975481
 1.22622
 -0.45384
 0.417813
 -0.793092
 0.662353
 -2.1418
 2.58745
 -0.873015
 1.69961
 -2.8789
 0.732626
 1.01855
 -0.48901
 0.170213
 -0.254737
 0.200093
 -0.510141
 0.259879
 -0.447908
 -1.0492
 1.69329
 -1.01719
 1.66135
 -1.93713
 2.47357
 -1.61481
 0.803769
 -1.11281
 0.246135
 -0.564567
 2.05851
 -0.844695
 -0.299545
 0.467275
 0.055897
 0.468806
 -0.791319
 0.795476
 0.255412
 -0.807763
 -0.190313
 -0.276262
 0.742311
 -2.503
 3.29595
 -2.92067
 3.62024
 -2.75098
 1.31545
 -0.210114
 -0.271389
 -1.48942
 2.24759
 -1.58054
 1.35628
 -1.9049
 0.72832
 0.878421
 -1.46793
 1.79915
 -0.983758
 0.383751
 -0.202751
 1.72502
 -2.07874
 0.254731
 -0.133622
 0.144706
 0.351954
 -0.118348
 -0.170187
 -1.10827
 1.65955
 0.635557
 -0.921658
 0.874993
 -1.29563
 0.594338
 -0.379715
 -0.560945
 1.13324
 -0.593423
 0.325903
 -0.265261
 0.298056
 -0.92376
 0.878074
 -0.817328
 1.18508
 -0.80312
 0.696454
 0.985522
 -2.44988
 2.16215
 -1.61363
 -0.0767979
 0.505819
 -0.649678
 1.05537
 0.439604
 -0.435406
 0.0430618
 -1.0526
 0.653266
 0.117772
 -0.563361
 1.11239
 -1.39267
 0.607247
 -0.276091
 -0.722875
 1.39807
 -0.822105
 0.689661
 -1.46106
 0.559371
 0.615975
 -1.53703
 2.663
 -2.16408
 0.829268
 -0.45198
 1.72736
 -1.27974
 0.699993
 -0.196874
 0.334639
 -0.149439
 -0.162709
 -0.0476692
 -1.14566
 1.70852
 -1.06415
 0.378452
 -0.84544
 1.12096
 -0.925022
 -0.311427
 0.852086
 -1.17219
 -0.739836
 2.29936
 -0.252459
 0.817207
 -1.76338
 1.59898
 -0.416873
 0.444141
 -1.00416
 1.45093
 -1.11688
 0.516649
 -1.81921
 1.85111
 -1.28104
 0.62625
 -0.0575825
 0.392769
 -1.18289
 1.52868
 -1.05652
 1.11834
 -1.75917
 1.99219
 -1.45047
 0.974274
 0.0566756
 -1.01716
 1.20295
 -0.83393
 0.375624
 -0.251691
 -0.175483
 0.180398
 -0.348034
 0.708661
 -0.657844
 0.954052
 -0.752398
 0.777807
 -1.87027
 1.97358
 -1.99701
 1.97743
 -0.571798
 0.39841
 -1.24053
 0.552286
 0.532887
 -1.39231
 1.58565
 -0.203368
 -0.583747
 0.535054
 -0.160251
 0.791797
 -1.96981
 1.92944
 -1.96962
 1.23468
 -0.926065
 0.755494
 -1.52842
 2.00794
 -2.19431
 1.92778
 -1.02044
 0.74798
 -0.0297435
 -0.854105
 0.391613
 0.325396
 0.357624
 -0.818437
 0.0577253
 -0.45339
 1.25978
 -1.9994
 2.3072
 -2.01977
 1.94355
 -1.29365
 1.75681
 -1.17584
 -1.34445
 1.8478
 0.026136
 1.51406
 -1.13075
 0.196145
 -0.198324
 -1.11948
 2.05324
 -2.15544
 0.410362
 -1.05331
 2.39639
 -2.55963
 2.30536
 -1.76621
 1.07399
 -0.777393
 1.8387
 -2.23755
 0.942814
 1.09219
 -1.24979
 1.04398
 -1.48105
 0.272761
 0.711771
 -0.430432
 0.0206026
 0.5716
 -1.04683
 1.71041
 -1.10781
 1.49677
 -1.59622
 0.138223
 -0.211454
 -1.15786
 1.45855
 -1.19618
 0.31581
 0.319852
 0.611382
 0.432522
 -0.633789
 0.724998
 -1.55453
 0.524565
 -0.287122
 1.27427
 -1.15189
 0.558452
 -0.687293
 1.09959
 -0.861796
 1.67863
 -2.32737
 1.43321
 -1.09116
 1.57179
 -1.10529
 0.741806
 -0.45455
 -1.04173
 2.252
 -1.28384
 -0.265923
 0.103997
 -0.318155
 0.963218
 -1.2998
 0.994711
 0.0912172
 -0.928626
 0.552206
 -1.30434
 2.51598
 -1.37886
 -0.121658
 0.481706
 0.592648
 -0.3657
 -0.170122
 0.679365
 -0.966999
 1.03085
 -1.8551
 0.444678
 -0.587224
 1.29882
 -0.590542
 -0.293873
 0.381629
 -0.0945267
 0.966601
 -1.12538
 0.235335
 -0.37137
 0.321528
 -0.0220725
 0.707569
 -1.44154
 0.0955211
 0.643901
 0.251346
 -1.38218
 1.3506
 -0.647974
 0.0351055
 0.484205
 -0.239043
 -0.11318
 0.220191
 -0.549343
 1.43475
 -0.512393
 0.547842
 -0.686499
 0.152785
 -0.126618
 -0.92191
 0.712864
 0.878564
 -0.734963
 0.0319279
 -0.64784
 0.771128
 -0.151576
 0.455067
 -0.295219
 -0.317408
 -0.33938
 0.526806
 -0.625964
 1.21471
 -1.09641
 0.527745
 -0.341912
 0.524793
 0.139275
 -0.881832
 0.164077
 -0.725517
 0.909842
 -0.474283
 0.149433
 -0.0137294
 -0.177631
 0.985829
 -0.441718
 -0.158947
 -0.330444
 0.82998
 0.0989814
 -0.225062
 -0.0804384
 -0.362271
 0.71447
 -0.516415
 -0.327338
 -0.617579
 0.75989
 0.988465
 -1.01261
 1.59305
 -1.55075
 1.16648
 -0.560216
 -0.35891
 -0.218961
 0.342933
 0.343775
 -0.681911
 0.23723
 -0.701961
 1.02853
 0.759142
 -2.63359
 2.16977
 -0.6238
 0.236083
 0.456499
 -0.807216
 0.1892
 0.369379
 -0.815203
 1.46824
 -0.426169
 -0.660469
 -0.538567
 0.347649
 -0.302828
 0.328902
 0.0245984
 0.159053
 -0.219355
 -0.43647
 0.309936
 0.364556
 -0.61483
 0.175772
 1.23798
 -1.49834
 1.23718
 0.105072
 0.0281673
 -0.335015
 0.0951139
 0.103984
 -0.260795
 -0.320343
 -0.364955
 0.829934
 0.0873361
 -1.62515
 1.5441
 -1.31642
 1.64587
 -1.46026
 1.21949
 -1.39859
 2.00355
 -1.99634
 0.993492
 -0.687102
 1.08326
 -0.862247
 0.937838
 -0.622407
 0.881483
 -1.03007
 -0.241783
 0.646054
 0.104213
 -0.63747
 0.25608
 -0.0200874
 0.274027
 0.0575438
 0.305856
 -0.55306
 0.123143
 0.611492
 -0.0921894
 -0.421456
 1.8327
 -2.41249
 1.63463
 -1.67477
 2.29946
 -1.77321
 0.484793
 -0.275093
 -0.580973
 -0.453688
 0.480691
 0.104473
 0.237946
 -0.716659
 1.5413
 -1.74011
 0.796667
 0.608182
 0.519191
 -0.603586
 -1.23034
 0.611058
 -0.358064
 0.915261
 -1.0307
 2.47055
 -2.93755
 2.73521
 -1.76925
 1.61264
 -0.714287
 -0.620056
 0.402226
 -0.938231
 0.564205
 -0.314635
 0.660445
 -1.27808
 0.788523
 -0.944242
 1.45455
 -0.720646
 0.565085
 -1.45913
 0.421413
 0.693429
 -0.13497
 1.19945
 -1.58118
 0.244269
 -0.330078
 0.533865
 -0.401805
 0.518654
 0.15418
 0.202715
 -0.795075
 0.0614169
 -1.13955
 1.20603
 -0.111054
 0.0278439
 0.985602
 -0.0010465
 0.466347
 -2.11129
 0.910685
 -0.234594
 0.316728
 -0.26475
 0.0638931
 0.126272
 0.321094
 -0.368038
 0.550026
 -0.450917
 -0.266801
 1.39436
 -1.35896
 0.965567
 -0.267825
 -0.282969
 -0.295511
 0.250509
 -0.219245
 0.221185
 -0.0176111
 -0.812737
 0.614991
 1.40295
 -0.265659
 0.162264
 -1.8826
 0.171935
 0.325247
 1.13617
 -1.19438
 0.291073
 -0.770421
 0.262777
 0.444305
 -0.269119
 -0.205571
 0.327779
 -0.17663
 1.21338
 -1.81803
 1.48067
 -0.312145
 -0.039475
 -0.434077
 -0.141826
 0.436172
 -1.25441
 0.195915
 0.523816
 0.00628174
 0.696009
 -0.970292
 0.289362
 0.590185
 -0.906862
 1.37791
 -0.359149
 -0.862253
 1.10725
 0.0557131
 -1.47431
 0.683351
 0.164813
 0.299476
 -0.0273655
 -0.70386
 0.642382
 0.552084
 -1.56083
 -0.191996
 1.37723
 -1.54364
 0.690767
 0.11127
 -0.157933
 -0.402353
 -0.0271886
 0.199802
 0.471749
 1.55013
 -1.8746
 0.736841
 -1.18313
 1.05982
 -0.313988
 0.357548
 0.294958
 1.40313
 -2.62481
 1.82831
 -1.07656
 0.299816
 0.950095
 -1.35227
 -0.245324
 -0.79158
 0.492335
 -0.0502712
 0.652183
 0.122352
 0.446877
 -0.816808
 2.21881
 -1.99234
 2.30056
 -1.83146
 0.949141
 -1.4064
 1.52382
 -1.5962
 1.45653
 -1.07314
 -0.189135
 0.519765
 0.0856253
 0.0461003
 -0.677258
 0.979269
 -0.377323
 -0.358775
 0.680384
 -0.528824
 0.0974965
 -0.113963
 -0.609508
 -0.00806991
 0.0587622
 -0.527495
 0.56051
 0.208406
 0.196103
 -0.161592
 0.206443
 0.00103988
 -0.46775
 0.49922
 0.0851727
 0.515476
 -0.898796
 0.951189
 -0.947064
 -0.635726
