 -0.0452638
 -0.244668
 0.261614
 -2.48339
 0.991469
 -0.256034
 0.740668
 0.716115
 2.39743
 2.41606
 1.36491
 0.0707032
 1.03524
 0.223563
 -0.348218
 0.600916
 -0.0864995
 1.90171
 1.28807
 0.952195
 3.78112
 0.636472
 -0.72313
 1.19106
 -1.45941
 0.156375
 -0.0820717
 -0.233723
 -0.13453
 -0.270277
 0.442636
 0.360529
 1.93012
 -2.22009
 1.2225
 -2.10354
 0.568439
 -0.161618
 -0.328381
 0.162934
 -0.219049
 2.60814
 0.189704
 2.19505
 1.48456
 2.06786
 1.43737
 -0.900758
 0.0741502
 -1.29511
 0.465654
 0.890558
 0.182838
 0.921409
 -0.374927
 1.72654
 1.39882
 0.0808517
 2.37651
 0.863605
 1.55551
 1.00705
 -2.58292
 -1.3852
 -0.18496
 1.30011
 1.80075
 -1.56814
 0.496048
 -2.06507
 2.60391
 0.772821
 1.97979
 3.75705
 0.657822
 2.03594
 0.577918
 1.26599
 1.63447
 0.990733
 0.649114
 0.22121
 0.0946371
 1.46307
 -0.575017
 2.02633
 0.83582
 -1.12557
 0.879984
 -2.20084
 -0.24727
 -1.45783
 0.15771
 -0.0584616
 0.163687
 0.38435
 2.02696
 1.27297
 1.24873
 -0.589966
 0.0706595
 -1.45116
 0.596663
 -1.49014
 0.0289166
 -0.465869
 -0.078751
 -2.40743
 0.226266
 -0.542763
 1.01105
 -0.0425641
 -0.701617
 -0.344075
 -3.2311
 0.298528
 -1.20696
 -0.609059
 -1.11389
 -0.395131
 0.926165
 -1.32655
 0.50772
 -0.545811
 -0.0263336
 0.275382
 -0.46565
 -1.69302
 0.633508
 -0.703947
 3.58409
 0.474481
 1.57255
 -0.633995
 0.217107
 -1.99851
 -0.344535
 -2.48443
 -1.97337
 -1.9349
 0.122386
 0.804314
 -0.400628
 2.28799
 0.239398
 0.798526
 -0.531677
 -1.46215
 -0.267805
 -1.13668
 -0.927634
 -0.0269495
 -0.853302
 -0.828186
 0.44479
 -0.296932
 1.22855
 0.718269
 -0.408294
 1.33165
 -2.2299
 -0.664293
 0.833493
 -0.782793
 1.02299
 -0.75996
 -0.644631
 1.19334
 -0.639689
 0.557241
 0.453623
 1.01137
 0.486801
 -0.779125
 0.268656
 -1.48962
 -1.24937
 -1.28379
 -0.477174
 -3.05891
 -1.75286
 -2.99861
 -2.06151
 -0.801744
 -3.27653
 -0.0561295
 -2.29673
 -2.29143
 -2.06626
 -0.550305
 -1.4241
 0.0071516
 -2.7637
 -0.18528
 -1.24724
 -0.115922
 2.29249
 0.633971
 2.77484
 1.08892
 1.90003
 2.04595
 0.804784
 1.31637
 -0.0990656
 0.184522
 -2.30429
 1.26661
 -0.787562
 0.0310765
 -0.799428
 1.03389
 1.22649
 0.722244
 1.778
 0.0430371
 3.2854
 1.07512
 2.46895
 0.461082
 -0.492862
 -2.33049
 -0.652002
 -2.31529
 1.29831
 -1.69258
 0.622137
 -1.69007
 -0.676728
 -1.32242
 1.18443
 0.0128783
 2.05948
 1.72439
 2.20834
 0.298856
 0.644815
 1.9437
 -2.68114
 1.92742
 -1.43923
 -0.221005
 -0.515262
 0.213197
 -0.948697
 -0.576626
 -0.404853
 -0.274092
 0.0484119
 1.24413
 -0.483261
 2.32749
 1.37913
 -1.55835
 1.2773
 0.0636304
 1.28037
 -1.85165
 -2.10211
 0.961516
 -1.62217
 1.96414
 -2.13583
 2.66148
 0.295073
 -2.11532
 2.74168
 -1.46945
 1.07281
 0.04908
 -1.1831
 -0.391514
 -0.997625
 -0.724915
 -1.27124
 0.835876
 -1.82018
 0.430967
 -1.17431
 1.1394
 -0.658802
 0.148684
 0.91816
 0.109096
 -0.799822
 -0.500689
 0.0681285
 -1.46584
 1.6863
 -1.47231
 0.991838
 -0.508839
 -0.32053
 0.174845
 -0.77232
 1.03763
 -1.86216
 -1.48629
 -1.36043
 -0.709407
 -3.21185
 0.310526
 -1.19523
 -0.25836
 -0.523174
 1.35879
 -0.599224
 0.100929
 -1.22565
 0.530363
 -3.04087
 -0.525849
 -2.23437
 -0.146983
 -1.21978
 -1.68177
 -1.40915
 -1.33573
 -1.91264
 -0.638486
 -0.49359
 1.63686
 1.68843
 3.26341
 0.584763
 0.64846
 -1.22291
 -0.974067
 1.24563
 -2.4166
 0.112259
 -0.808548
 0.599522
 0.461178
 2.07443
 0.919976
 2.23714
 -0.556586
 -1.20482
 2.32015
 0.00381136
 -0.625125
 -0.628601
 -1.52169
 -1.44766
 0.26461
 -3.16103
 -0.851493
 -2.14468
 1.05562
 -4.00012
 1.74936
 -3.03487
 1.71087
 -2.21743
 -0.783093
 0.00731041
 -0.972577
 0.998534
 -2.4284
 -0.299346
 -0.23358
 0.0830833
 1.49093
 2.35249
 2.69306
 0.319413
 -0.276442
 1.50496
 1.76543
 2.60848
 2.03581
 -1.03772
 0.140414
 0.561903
 -1.10948
 0.77854
 -0.822952
 0.677005
 -1.01773
 2.80676
 -1.0294
 1.80055
 0.182892
 1.55089
 -0.0671679
 2.54605
 -0.810584
 -1.27478
 -1.25668
 1.68414
 -0.103159
 -0.28353
 0.551617
 0.797232
 -0.735044
 -1.36964
 1.13221
 -2.3909
 2.76495
 -2.1795
 1.57664
 0.377929
 4.43727
 -0.170332
 2.19454
 0.448462
 0.561182
 1.9635
 1.36099
 -0.534662
 -0.067561
 1.83225
 0.873517
 1.92775
 2.10989
 1.39623
 0.523725
 0.835391
 0.014858
 0.924712
 -0.821943
 -0.388814
 -1.4551
 0.692462
 -0.705946
 0.651014
 1.41066
 -0.250139
 -0.358481
 -0.0160637
 -2.55645
 0.348465
 -2.67559
 -1.49635
 -0.773248
 -1.33573
 0.0592233
 0.272473
 1.87733
 0.264571
 -1.43956
 1.41586
 -0.304798
 0.330877
 -2.12822
 0.431381
 -1.12302
 0.0979559
 -0.483691
 0.78286
 0.934819
 -1.10184
 0.429132
 0.333895
 0.363518
 1.98393
 1.88608
 1.51123
 2.0017
 -0.042035
 -0.339315
 0.111433
 0.0386606
 0.00914614
 2.06746
 -2.1205
 1.46691
 0.129363
 -1.13279
 -0.814442
 -0.222261
 0.336721
 -0.759907
 0.325699
 -0.815569
 0.670105
 -0.578427
 1.38505
 -0.868135
 -0.350864
 0.495164
 0.314159
 -1.08624
 -0.0673175
 -0.322636
 -2.03072
 -1.80528
 -1.18804
 -0.440025
 -1.81905
 -1.24228
 -0.717653
 -1.07769
 1.20478
 1.57534
 -0.025042
 -1.67388
 -0.647249
 -2.78114
 0.477197
 -2.80339
 0.0141923
 -1.80095
 -0.395664
 -0.120246
 -1.63538
 -1.93437
 -1.26953
 -0.506802
 0.5394
 -0.537005
 0.425159
 1.15542
 1.6181
 0.678834
 0.808301
 -2.01204
 1.30459
 -0.177186
 1.33706
 2.08577
 1.60404
 2.25981
 -1.27759
 0.426742
 -0.782752
 0.348843
 -0.792754
 -0.311856
 -0.668678
 -1.33936
 -0.0811502
 -1.31347
 -1.64638
 -0.52397
 -2.15848
 -1.4619
 -1.65665
 -0.534395
 -1.4644
 0.13689
 0.833935
 2.44599
 0.463459
 -0.380184
 0.265503
 -2.41947
 0.627723
 -1.5193
 -3.6173
 -2.29358
 -2.32937
 -2.01314
 -0.830717
 -2.15675
 -1.72642
 -1.01008
 -2.58016
 -0.816986
 -1.1395
 -0.260241
 -2.40775
 0.397493
 -1.53045
 -1.09931
 -0.0824268
 -0.687215
 -1.45534
 -0.263033
 -1.19385
 4.11798
 -1.41317
 2.44004
 0.0696136
 0.788846
 -0.915976
 0.949568
 0.326238
 1.35283
 0.212569
 3.18182
 -0.824374
 0.880657
 -1.98458
 -0.722463
 -1.8798
 -1.0988
 -0.856657
 -1.74051
 -0.101736
 -0.894738
 -3.33458
 -0.784804
 -0.868005
 -0.108203
 1.92536
 0.0670315
 0.921007
 1.57861
 1.71985
 1.06305
 1.83584
 -1.57793
 3.23749
 -1.14171
 0.692222
 -0.0836499
 1.57937
 -0.371155
 0.932941
 0.11527
 0.947661
 -1.13742
 -1.22637
 0.643352
 -1.46991
 0.25792
 -0.209035
 1.59992
 0.198978
 -0.795523
 -1.17544
 -0.927416
 -0.913998
 0.600157
 0.279638
 -0.615064
 0.777307
 -0.664773
 0.945341
 0.165215
 1.08879
 1.9696
 1.54718
 3.10706
 3.40322
 1.19233
 3.66601
 0.578308
 3.29324
 1.01129
 1.33465
 2.53345
 -1.50313
 3.21072
 -0.973105
 1.41434
 -0.69862
 2.02543
 0.98187
 -1.21014
 1.549
 -2.1977
 1.86528
 -0.430572
 -0.900964
 0.134112
 1.04474
 1.02344
 1.09121
 2.71136
 -0.86704
 2.322
 -0.0287104
 1.84541
 2.75363
 1.12873
 0.058798
 1.50998
 -0.0505127
 1.94815
 1.54861
 2.33271
 0.224989
 2.74783
 -1.01805
 0.32909
 -0.635569
 0.0662514
 -1.27057
 -0.981339
 -1.47462
 -2.4653
 -0.244665
 2.03851
 -0.834243
 0.771253
 -0.695687
 2.20644
 -0.538036
 2.09027
 0.868505
 1.17114
 0.956083
 1.04789
 -1.93067
 0.558329
 -3.28054
 -0.85603
 0.00102008
 0.587462
 -0.891413
 2.14568
 -3.6181
 1.5472
 -2.30377
 0.488484
 -1.58484
 -0.437462
 -2.25122
 -1.68606
 -3.06671
 -0.216072
 -0.122075
 -1.27831
 -1.524
 -0.885501
 0.486103
 0.247827
 0.658898
 -0.137433
 -0.233316
 -0.850767
 1.02264
 -0.0521259
 2.34736
 1.1534
 0.379342
 0.205586
 -2.04257
 -0.962171
 -1.1667
 -0.114281
 -0.753513
 -0.505253
 -1.26204
 -0.238981
 0.365525
 -0.149795
 -0.543098
 -0.272416
 -0.231872
 -0.0354605
 0.498597
 -0.721772
 -0.832736
 1.44964
 1.04089
 -0.912045
 0.387858
 -2.79398
 -0.0837339
 -1.4975
 1.42964
 -1.62263
 1.10035
 -1.72669
 -0.000529502
 -2.94534
 -1.42219
 -1.08615
 -1.95162
 -0.598789
 -0.442897
 0.818728
 0.649048
 1.60821
 0.252098
 1.38444
 -0.444417
 1.47206
 0.99079
 1.28624
 2.20177
 -0.571798
 2.00968
 1.10242
 1.91121
 1.788
 2.04012
 2.24082
 -0.285322
 1.03562
 0.871068
 0.50448
 0.174058
 2.12291
 -2.03536
 2.50605
 -1.7469
 1.70866
 0.455272
 0.865335
 1.94881
 0.840947
 1.00307
 0.989552
 0.279339
 -2.10844
 0.211107
 -0.991552
 0.220961
 -1.937
 2.28263
 -2.07885
 0.344864
 -0.647826
 1.12142
 -0.947021
 1.80171
 -1.37759
 -0.221939
 -0.986984
 -0.554544
 -0.930894
 0.0453283
 -1.66675
 -1.50805
 -1.97638
 -1.97161
 -1.23984
 1.63693
 1.61006
 -0.308278
 1.22286
 -1.3078
 -0.623466
 -0.261705
 -1.37277
 -0.527715
 -1.60428
 -0.250621
 -0.802257
 0.0288926
 -0.282981
 -0.123666
 0.403961
 -0.0685331
 0.202559
 -0.208107
 -0.248469
 -1.63527
 0.606339
 0.493518
 1.40698
 0.539884
 2.15628
 0.800921
 2.74448
 1.0959
 -0.574078
 0.834291
 0.285251
 -0.729633
 -0.354417
 -0.669705
 -2.01235
 -1.25094
 -1.68952
 0.583393
 -0.878665
 -0.084389
 -1.12427
 2.20337
 0.140957
 -0.15887
 -0.490839
 0.273894
 0.877587
 -1.77196
 1.18517
 -2.97776
 2.29427
 0.0100627
 1.17625
 0.298674
 -0.372555
 0.728671
 0.932663
 -0.358709
 0.954338
 -0.403077
 1.77408
 -1.67511
 1.0585
 0.95799
 2.93422
 -0.0490557
 1.88918
 0.511836
 -1.99636
 0.728903
 -2.309
 -0.179883
 0.159532
 -0.337697
 -1.40566
 -1.74926
 0.829041
 0.415253
 1.86938
 1.17162
 0.734551
 1.93807
 0.90552
 2.88234
 0.665621
 -0.337922
 1.70765
 -0.156855
 0.407585
 -0.925943
 0.730854
 -1.14517
 1.48588
 0.399236
 -2.32078
 -0.0927834
 -0.559189
 -2.14475
 0.664786
 0.0385283
 -1.32522
 1.28432
 -0.696893
 0.230726
 0.0552319
 0.951454
 0.30952
 1.16574
 0.751307
 1.42878
 0.155565
 -1.08358
 -0.804143
 0.164191
 -0.770781
 1.32967
 0.16857
 0.639095
 0.344406
 0.167175
 0.149567
 -0.901617
 1.49871
 -1.1375
 -1.21596
 -0.665273
 1.47229
 -0.635944
 1.39954
 -0.370433
 -0.639299
 1.06903
 -0.0537121
 0.68111
 -0.503014
 1.37237
 0.722457
 -1.07061
 0.866246
 -1.19282
 2.75318
 -1.27697
 0.812631
 -0.692506
 1.33713
 2.19111
 1.43527
 2.66338
 0.0495721
 1.31551
 -1.21302
 0.961905
 -0.997542
 -1.03798
 -0.819913
 -0.222513
 -0.147204
 -1.25955
 -1.30991
 -0.54212
 -2.42784
 0.219225
 -2.39171
 0.0256732
 -1.48172
 -0.566942
 -2.05933
 -0.999265
 0.271642
 0.0867638
 -0.0830011
 0.814327
 -0.836317
 0.877693
 1.89831
 -2.81463
 1.5861
 -0.469508
 -0.703504
 -0.693446
 -0.906069
 -0.653641
 2.12152
 -1.74113
 3.08229
 -0.529896
 1.05027
 -1.72025
 0.768137
 -1.10683
 0.0826363
 1.35834
 1.53479
 -0.464392
 0.91334
 1.03503
 1.479
 0.339738
 2.0698
 -0.592967
 1.69031
 -0.407824
 0.036279
 0.00647677
 -1.55505
 -0.221028
 -1.87418
 -1.36505
 -1.42245
 0.0912268
 0.563534
 0.342414
 -0.830472
 1.21965
 0.330629
 3.79659
 -0.601078
 -1.04146
 0.393124
 -1.45755
 -1.43142
 -1.15483
 -0.194486
 0.31906
 -0.09779
 0.27708
 1.69874
 0.542646
 0.480725
 -0.237402
 0.960619
 1.64991
 1.73895
 2.00897
 1.0523
 1.28945
 0.602832
 1.33186
 -0.147028
 -0.0152187
 0.856527
 0.642348
 2.30068
 1.16373
 2.80915
 0.29623
 -1.69169
 1.10635
 -2.70588
 -0.621645
 -0.309913
 0.768315
 -0.119139
 0.626834
 1.90523
 -1.28615
 -0.408969
 -0.654109
 -0.841972
 0.123944
 -0.691392
 -1.37865
 0.317367
 2.06865
 -0.495377
 1.43211
 -0.155813
 -0.37968
 -2.05811
 -1.6747
 -1.31054
 -1.92974
 -0.122199
 -1.49775
 1.12709
 -0.750739
 -1.24465
 0.188382
 -0.524036
 1.62328
 -1.95648
 -0.8111
 0.0933361
 -0.624612
 0.575249
 0.676422
 -1.40329
 -0.0518803
 0.470904
 -0.506797
 0.299647
 1.94538
 0.641654
 1.95708
 3.31894
 0.799544
 2.82412
 -0.48815
 2.26333
 0.981738
 -0.141901
 1.04441
 -1.27226
 1.14791
 -0.628702
 0.571853
 0.45868
 1.75477
 2.11613
 0.226242
 2.29025
 0.606259
 1.45331
 -1.44063
 4.20755
 0.789345
 2.5784
 1.62462
 3.92828
 1.10745
 2.96863
 1.04095
 2.61812
 0.922292
 0.350488
 0.844933
 1.17054
 0.946182
 0.937803
 1.70029
 3.39403
 -1.22967
 2.87539
 -0.641554
 0.578473
 0.284714
 -2.00811
 -0.234218
 -2.00492
 0.0953981
 -1.59242
 -0.0342247
 -0.892466
 -0.618127
 -0.765805
 0.34547
 0.989621
 1.54489
 0.396629
 0.691666
 1.54877
 2.81696
 -0.766824
 1.02346
 -0.680355
 2.17478
 -2.50798
 0.857069
 0.378239
 -0.76521
 0.131338
 0.94377
 1.75853
 -0.351374
 1.88637
 -0.209199
 -0.42713
 -2.17673
 -1.82422
 -1.78579
 -1.07027
 -1.11087
 -1.98471
 1.83939
 0.195559
 0.869727
 -0.158104
 1.34775
 2.47203
 -0.286587
 2.29569
 -0.385172
 2.33043
 1.12011
 0.42915
 1.671
 1.7194
 -0.174127
 -0.36789
 -1.19042
 -0.68838
 -1.64008
 -1.7866
 -3.16146
 -3.24696
 -0.335867
 -1.70017
 1.08239
 -2.5711
 1.55727
 -3.97917
 0.777032
 -3.35034
 -0.28845
 -0.0409164
 -0.77815
 0.926239
 -1.9784
 -0.150445
 -1.00141
 -2.09697
 1.93011
 0.129106
 0.393493
 -0.508392
 0.653257
 1.06294
 1.30201
 2.21111
 3.04289
 0.479247
 2.39205
 0.454841
 0.515677
 2.7777
 -0.505298
 1.67401
 -0.414307
 0.544859
 -1.37202
 -1.00115
 0.895861
 0.559285
 0.0278544
 0.384827
 1.83717
 -0.888625
 0.0238318
 0.668174
 -0.21801
 -0.846482
 -0.234715
 -0.162862
 -1.60086
 0.114208
 0.245378
 0.643165
 -0.345332
 2.09818
 0.133205
 1.56756
 0.572535
 1.87078
 0.607127
 0.491723
 2.20153
 0.550211
 0.0538342
 0.276582
 -0.872707
 -0.858259
 -0.30116
 -2.27726
 -0.528444
 -0.890014
 0.604159
 1.93126
 2.13747
 0.27761
 3.67764
 0.301846
 1.908
 -0.048358
 1.03674
 1.73196
 -0.944628
 -0.140989
 1.69088
 -0.4511
 -0.538952
 -0.337228
 0.077932
 0.104271
 0.0112937
 -0.025114
 0.607075
 1.2649
 0.589103
 0.547497
 -1.82997
 2.05007
 -1.14838
 -0.96383
 0.171626
 1.19281
 0.416284
 -0.222217
 0.188364
 0.542197
 -0.411079
 -0.0343989
 -0.303737
 -1.40868
 -1.77079
 0.066799
 -0.0999639
 -0.954814
 -0.539644
 -1.10146
 0.161046
 -3.41925
 2.31114
 -2.44573
 0.0555586
 -1.06421
 1.18259
 -2.91372
 -1.21203
 0.416476
 -0.194686
 0.387269
 -0.88856
 1.04679
 -0.549521
 0.0281115
 -0.914385
 -1.39849
 1.10982
 0.876836
 -0.207716
 1.23999
 -1.93219
 0.559845
 -2.29308
 1.44356
 -3.01848
 -1.94989
 -0.114039
 0.422824
 0.632471
 0.248434
 -0.0430322
 -0.10574
 -2.55062
 2.16357
 -0.620912
 0.408077
 -2.87256
 0.170646
 -1.00894
 0.0461429
 -0.61572
 0.0839409
 -0.819284
 -1.75968
 -2.51254
 -0.986369
 -3.90097
 -2.25995
 -1.71556
 -1.31155
 0.143402
 -0.262727
 1.98852
 -1.79231
 1.49376
 0.161534
 0.130144
 -0.267236
 -1.35044
 -2.37064
 -1.4462
 0.360954
 -4.1237
 1.43357
 -3.71613
 -0.894237
 -1.00067
 -1.71536
 0.879184
 0.813314
 2.17411
 -0.0238243
 0.385921
 -0.419937
 0.883189
 -0.425303
 1.08352
 0.459769
 -0.203024
 1.79446
 0.206572
 -0.358151
 1.83456
 0.879947
 0.392291
 2.34901
 0.553125
 1.46926
 0.990982
 0.517907
 -2.23497
 1.24026
 -3.14931
 -0.258926
 -1.1021
 -0.224999
 -0.453719
 1.90088
 -1.02138
 1.08725
 -0.807245
 -0.190011
 -1.12867
 0.160923
 -0.484305
 -0.70609
 -2.28097
 -2.19998
 -2.30624
 -3.4477
 -1.18395
 -1.94366
 -2.08966
 -0.299601
 -0.165564
 1.3455
 0.290573
 -0.866226
 -0.503731
 -1.77343
 -0.358916
 -0.516107
 1.3706
 1.22999
 -0.723534
 0.450604
 -0.124919
 -1.25251
 0.500608
 -0.599471
 2.26399
 -0.539141
 0.792423
 -0.653392
 1.85004
 -0.37929
 1.21389
 -0.468879
 1.0108
 -0.299549
 -1.86599
 -0.285738
 0.467906
 -2.10434
 -1.52629
 0.914669
 1.74589
 -0.539412
 -1.05874
 -0.772451
 0.931636
 -0.701236
 0.199444
 -1.10318
 -1.31203
 -2.39515
 -1.39113
 -1.52228
 -0.357516
 -1.9193
 1.81899
 -0.492294
 -1.09474
 1.47001
 0.290641
 0.666633
 0.194556
 0.146503
 -0.907936
 -0.431204
 -0.883501
 -1.66804
 1.31454
 -3.67162
 0.753946
 -3.37518
 1.52591
 -2.94625
 -0.0957854
 -3.14071
 -1.58236
 -1.28514
 -0.310574
 -0.792147
 1.26949
 0.258278
 1.8089
 3.29621
 0.456432
 1.31123
 0.567418
 1.22771
 0.117318
 0.0743853
 0.591967
 0.0120961
 -1.8295
 -0.531736
 -1.31021
 -1.71932
 1.91465
 0.460001
 0.765781
 0.451439
 0.870802
 0.419417
 0.0360675
 1.48926
 1.43128
 1.37834
 -1.48259
 -2.05604
 -1.10409
 0.0910165
 0.263113
 -1.0646
 0.136306
 -1.16907
 -0.203753
 0.303651
 0.387022
 1.31535
 -0.521165
 1.15794
 1.60511
 0.285993
 0.807345
 0.873142
 -0.887931
 0.646552
 -0.432929
 0.939291
 -0.516435
 -1.08845
 -0.470215
 -0.363314
 -0.468418
 -0.277814
 0.811478
 -2.03466
 -1.37294
 -1.63555
 -1.71445
 -0.211104
 -1.88465
 0.605598
 1.87196
 0.0281239
 1.04217
 -2.3652
 -0.749635
 -2.78789
 -1.00593
 -1.04113
 -1.81994
 -0.854944
 -1.37034
 -0.715268
 -1.74575
 1.34791
 -1.37852
 -2.38474
 -3.04321
 -1.24427
 -0.617753
 -2.83346
 -0.611704
 -2.81902
 -0.0861489
 -2.65772
 -1.74386
 -0.595512
 -1.87333
 1.05815
 -1.82342
 1.56364
 -0.583389
 0.162259
 -1.30752
 1.04598
 1.15259
 1.29963
 -0.148501
 -0.0178307
 -0.296936
 -0.0636841
 -1.65631
 0.318853
 -2.6218
 -0.431409
 -1.53706
 -0.955909
 1.15345
 1.57698
 0.244085
 2.83402
 0.252371
 2.77709
 1.76265
 2.9799
 1.59224
 1.67719
 0.59143
 2.45872
 2.18419
 -0.26235
 -0.607407
 1.16014
 -3.50021
 0.47329
 -1.14742
 -1.15558
 -1.6245
 -0.349581
 -1.68074
 -0.347015
 -0.77229
 0.511225
 -0.460588
 -0.641558
 0.336358
 -1.41035
 -0.379445
 -1.1973
 0.682936
 -2.13367
 -0.506126
 -1.63878
 -3.08178
 -2.49503
 -0.291049
 -0.669912
 -1.45666
 -1.02407
 0.125946
 0.580013
 -1.35635
 1.50087
 -1.64216
 0.110082
 -0.811648
 1.71923
 0.0189909
 1.28368
 -0.276703
 0.264091
 -0.0175008
 1.21245
 -1.13346
 1.72828
 -1.92921
 1.39564
 -1.64607
 -0.280046
 -0.172047
 -0.198397
 0.49821
 -1.35983
 0.804416
 -1.27203
 0.951692
 -1.38184
 0.286972
 -1.18219
 -0.0335264
 1.62392
 -0.204085
 -2.99871
 0.9501
 -0.351528
 2.13628
 1.71611
 1.68361
 1.81202
 0.834538
 2.24665
 0.835948
 3.49124
 0.692043
 0.35074
 -1.13241
 0.305088
 0.158259
 0.209006
 0.209226
 0.299151
 1.3775
 -1.97146
 0.370426
 -2.33438
 1.61979
 -2.94843
 1.19079
 -0.827422
 1.38894
 -0.698274
 0.26827
 -0.405208
 1.96001
 -0.697654
 1.48434
 -0.429813
 0.589478
 -0.946301
 1.43894
 -1.5119
 -0.543521
 -0.181039
 -0.113473
 -0.423081
 0.123639
 0.0409853
 1.73367
 0.365
 -1.30012
 1.03819
 -0.666808
 2.0497
 -0.640664
 0.889707
 0.615603
 3.66189
 0.713367
 2.38419
 2.78113
 2.20741
 0.646711
 1.22887
 1.42723
 2.37846
 -1.00812
 2.12379
 0.0676656
 1.5726
 0.661614
 -1.28403
 -0.798515
 -2.24562
 0.54689
 1.14914
 0.0558814
 -0.666395
 -0.262587
 -1.52262
 -0.960385
 -1.49295
 -1.58871
 -0.988553
 -0.126537
 -1.03797
 2.37232
 0.57647
 0.633147
 1.3303
 0.91921
 -1.18263
 0.340522
 1.56498
 -1.69453
 -1.09338
 -0.483495
 -1.83046
 0.85415
 -0.90421
 1.56527
 0.929187
 1.38893
 2.5724
 0.0010684
 1.81421
 0.633626
 1.18295
 1.11504
 0.340204
 2.90211
 1.17414
 1.63485
 2.26214
 -1.31797
 2.48196
 -1.8254
 0.868487
 0.229633
 1.35166
 1.84467
 -1.46637
 1.19692
 1.02717
 2.14411
 -0.870364
 2.06982
 0.152268
 2.1242
 1.41685
 0.171019
 0.585643
 0.32669
 -0.0715712
 0.571679
 1.52552
 -1.62624
 1.03203
 -0.4178
 0.968911
 -0.244686
 -0.782345
 -0.159881
 -0.468636
 0.59123
 2.54148
 -0.348416
 1.23735
 -0.710472
 -0.0318927
 -1.09845
 1.12002
 0.939489
 0.118939
 -0.668859
 0.995797
 -0.717825
 0.30632
 1.05481
 1.35004
 1.12579
 -0.783104
 1.21749
 -0.137425
 1.64315
 -0.430646
 0.592485
 0.457396
 2.31374
 -1.43748
 0.648185
 0.451177
 1.10546
 0.131863
 0.523607
 0.393034
 0.386035
 1.35204
 1.72277
 -1.26239
 1.04461
 -2.32302
 1.64295
 -1.05246
 -0.598882
 -2.54901
 -1.56736
 -1.61596
 0.467528
 -3.34996
 1.59983
 -1.18727
 1.16865
 -1.5585
 2.17793
 -0.121782
 2.05566
 0.573503
 1.11124
 -2.41208
 -1.72434
 -2.20901
 0.0837067
 -1.49489
 0.99505
 0.480361
 1.48483
 -0.0752991
 -0.076993
 -0.62316
 -0.443438
 0.739447
 2.08547
 -0.751086
 -0.252954
 1.28146
 -0.408286
 0.0319623
 -1.6015
 1.32205
 -1.8737
 2.43242
 -1.77552
 -0.286471
 -1.95601
 1.29521
 -2.85736
 1.04853
 -0.236549
 -1.99748
 -4.35877
 0.0552553
 -1.47479
 -0.840618
 -1.40109
 -1.9663
 -2.51458
 -0.331952
 0.506344
 0.456599
 -0.0927065
 -0.919357
 -1.20499
 -0.696548
 -1.99516
 -0.444703
 -0.709227
 -0.451706
 -2.25473
 -2.24818
 -1.59016
 0.0505092
 -3.20859
 -0.916135
 -0.757954
 -1.31589
 0.426334
 -2.1656
 -0.826663
 0.479241
 2.73366
 -1.87769
 1.19768
 -0.913891
 -1.40843
 0.602414
 -0.0650145
 0.851655
 -1.52932
 1.2575
 -1.25168
 0.0899115
 1.27297
 0.664532
 0.204656
 -0.045895
 0.811409
 -0.126062
 0.684103
 -1.3549
 1.25283
 -1.26281
 -0.0128193
 -2.51748
 0.230117
 -1.86444
 1.91378
 -0.0209881
 3.11313
 -0.894776
 2.1246
 -1.74848
 1.34242
 -1.18979
 1.40022
 1.20273
 0.825951
 0.409729
 0.14585
 0.879768
 -0.681438
 1.46238
 -0.555374
 0.12665
 -0.155953
 -0.662206
 -1.48109
 0.482762
 -0.621555
 -0.70034
 -0.493667
 -1.06791
 -1.98729
 -0.356996
 0.34666
 2.27083
 -1.88069
 2.18394
 -0.274372
 1.96576
 -2.21778
 2.66391
 -0.232026
 1.41635
 -0.815322
 1.18439
 -1.25178
 2.19165
 -2.56604
 1.21588
 -0.972214
 0.594251
 -0.746925
 -0.447243
 -0.110706
 -1.58194
 -1.8869
 -1.4583
 -0.428403
 -1.3201
 0.306031
 -0.148817
 1.49421
 -1.25966
 2.32507
 -1.37668
 1.73823
 -1.05451
 0.0218184
 0.163938
 -0.693173
 0.564884
 0.891435
 -0.791621
 0.349275
 -1.13605
 1.53299
 -1.56126
 1.23454
 -0.857019
 0.982993
 -1.00615
 -0.968937
 0.687727
 0.177687
 1.12011
 0.262174
 -1.6156
 1.2384
 -0.209568
 1.46682
 0.682883
 1.68455
 2.24847
 -1.27123
 -0.831154
 -0.210434
 1.02478
 -1.78783
 1.91404
 -1.45298
 -0.117341
 0.807811
 -2.89991
 0.874625
 2.09204
 1.58192
 2.79306
 3.25813
 4.6619
 2.97402
 3.23033
 3.01582
 2.5369
 2.83753
 -0.452958
 2.47864
 1.91385
 -0.0913168
 -0.394171
 -1.00356
 -0.283283
 -0.56425
 -0.304984
 -1.09549
 0.200485
 -2.13248
 0.95666
 -1.36347
 2.42466
 -1.78727
 1.19052
 0.201522
 0.628881
 -0.0253417
 0.676647
 1.16442
 1.20839
 0.403764
 0.93275
 1.52606
 -0.211267
 1.65133
 1.49061
 1.57879
 4.0521
 1.19289
 1.25409
 2.42537
 0.78427
 -1.76627
 2.81826
 -1.03791
 3.56556
 0.236687
 0.160576
 1.27934
 1.33876
 -0.211008
 0.0390482
 1.06771
 -1.21062
 0.025122
 -0.699073
 0.205904
 -0.569523
 -0.70389
 -0.565803
 -0.316822
 -1.89645
 0.197098
 -1.15949
 0.66565
 -2.05347
 1.95464
 -0.831748
 1.0025
 -0.483613
 -2.02564
 1.85754
 -2.62842
 1.28268
 0.0477892
 -0.0910848
 -1.48021
 -0.6971
 1.26823
 -0.0055622
 1.06854
 -1.21964
 -0.0162456
 -1.73719
 0.780842
 -3.07335
 0.661902
 -1.06047
 -0.104372
 0.169118
 -1.04218
 -0.0519611
 1.79051
 1.33707
 0.223378
 1.83852
 0.588037
 3.33363
 -1.13772
 0.29266
 -0.725338
 -1.04874
 -0.710877
 -0.749252
 -0.244651
 -0.338625
 -1.19219
 1.05323
 -3.04106
 0.480825
 -2.77358
 2.42061
 -2.54918
 1.20738
 -2.7181
 1.27391
 -0.746099
 2.20157
 -2.12931
 -0.203687
 -0.838076
 1.39275
 -0.170596
 4.44391
 0.570977
 1.01774
 0.70628
 0.666451
 1.29479
 1.27605
 1.4966
 1.53868
 -0.488777
 2.01422
 0.770901
 0.676844
 -1.27349
 0.021111
 -0.0693367
 0.441051
 0.473013
 -1.45468
 0.915619
 0.00411225
 -0.121715
 -0.199658
 0.428141
 0.158852
 0.695185
 -0.231559
 0.60309
 0.659677
 1.12285
 0.0230972
 0.608318
 2.85577
 -3.73919
 1.60792
 -1.6218
 -0.0764114
 -0.503668
 1.8419
 0.770366
 -1.24463
 0.602144
 0.567821
 0.127246
 -0.916583
 0.563277
 0.689913
 -0.987386
 2.56483
 0.790532
 2.48431
 -0.283508
 -0.251792
 0.418152
 0.178626
 -0.202081
 0.799442
 -0.232791
 1.4802
 0.719823
 1.53478
 -0.547288
 -0.370334
 -1.68806
 -0.776454
 0.229784
 -1.18539
 0.0094127
 -1.23172
 -0.510195
 0.601081
 -0.0602093
 0.0680002
 -0.799546
 0.515572
 0.129388
 1.87952
 -0.264118
 -0.350439
 0.463972
 -0.131884
 0.501472
 0.280582
 1.00711
 -0.687166
 -1.70406
 0.647819
 -1.93082
 0.105447
 -0.044935
 2.15754
 1.36136
 2.06678
 1.78945
 1.9039
 1.32768
 -1.45661
 1.73135
 -3.27442
 2.14553
 -1.97843
 0.819064
 -1.04196
 0.305575
 -1.46109
 -0.947823
 -1.24537
 1.62986
 -2.49173
 2.00432
 -2.4331
 2.34146
 -2.08795
 1.8494
 -1.10282
 -0.190267
 1.76373
 -0.252487
 1.21182
 0.88467
 1.91852
 2.66879
 1.07127
 0.989262
 0.607934
 -1.46896
 -1.38394
 -0.449376
 -1.63132
 -1.053
 -2.08699
 0.645846
 -0.718319
 -1.9703
 -0.212492
 -1.68214
 -0.7108
 0.389735
 -0.95706
 -0.350165
 -1.31013
 0.730235
 -1.05379
 1.82761
 -1.88253
 0.593132
 -1.26482
 1.36951
 -1.95871
 -0.86663
 -1.90654
 0.403723
 -1.67137
 -1.1479
 -0.0109315
 1.853
 0.279712
 0.102839
 -0.115059
 0.376345
 -1.20877
 -2.21604
 -1.31632
 -1.87161
 -0.244572
 0.84634
 -0.391243
 0.132457
 -3.20468
 -1.64326
 -2.64768
 -0.492688
 -1.03607
 -0.406236
 -0.727801
 -0.94323
 1.11101
 -1.13901
 -0.698524
 1.12162
 -1.17763
 -1.55828
 -3.32097
 -1.59935
 -1.54011
 -0.821029
 -1.92682
 0.642934
 -0.96604
 0.981501
 -2.02656
 3.07223
 -1.02261
 -0.0442042
 -3.27211
 -0.687616
 -1.00482
 0.569562
 -1.69042
 -1.79874
 -2.1912
 -1.30794
 -0.082338
 0.780466
 -0.304554
 0.28117
 -1.90167
 -2.74868
 -0.959086
 -0.319632
 0.638785
 -0.84322
 0.657012
 -1.21638
 1.15239
 -1.41085
 -0.657389
 -0.305864
 -0.277954
 -0.637431
 0.512652
 -0.520981
 -2.30183
 -0.999206
 -0.445268
 -0.412575
 0.149275
 -0.493746
 -1.65307
 0.333126
 0.0308388
 4.74356
 2.23871
 3.18273
 1.06804
 -0.840594
 -0.361261
 -0.596027
 -1.83578
 0.589418
 -1.45117
 1.02288
 -0.113333
 -1.44823
 0.947565
 0.877382
 0.691192
 -0.285441
 1.10148
 0.238515
 0.18743
 0.685673
 -0.759342
 -2.10557
 0.770738
 -1.74762
 0.504456
 -3.39679
 -0.732773
 0.559394
 0.165733
 2.14183
 -0.439415
 -0.302998
 0.0276154
 1.35074
 1.43067
 -0.102178
 1.05987
 1.80448
 1.31448
 1.42149
 0.583815
 1.74718
 0.856676
 0.915896
 1.48331
 1.79856
 2.61516
 1.91183
 -0.598301
 -2.04671
 -0.442371
 0.413682
 -1.50321
 -0.667905
 -2.70504
 1.03839
 -1.55068
 -0.590213
 -1.11276
 -0.770869
 -1.13655
 0.317975
 -1.19691
 -0.742998
 -3.35614
 -0.25494
 -2.45621
 0.326501
 -1.35233
 -0.200182
 1.36707
 0.564813
 1.96158
 -0.838238
 -0.183601
 1.64845
 0.0537262
 1.88811
 0.223884
 1.08652
 0.08255
 1.55346
 0.271429
 0.693039
 1.14895
 0.219219
 -1.52194
 1.4175
 -0.293282
 3.57323
 -0.514147
 2.76566
 0.799485
 1.37411
 0.498298
 0.232824
 2.88009
 1.76011
 2.30917
 1.65472
 1.07756
 0.573915
 -0.467257
 0.065728
 -2.52084
 1.31767
 -0.953551
 0.621382
 1.22576
 -0.279682
 0.608157
 1.05869
 2.07748
 -0.949488
 -0.28689
 2.66782
 -0.870422
 1.73011
 0.82819
 -2.55934
 0.483264
 -1.1273
 0.61252
 -1.0362
 -1.06137
 1.27913
 -0.175877
 2.45847
 -0.150755
 1.04837
 -0.299103
 -1.49243
 -0.0356137
 -1.3648
 0.316309
 1.30792
 -0.31836
 1.35219
 -0.395166
 -1.48553
 -0.637302
 -0.894637
 -0.333056
 -0.52739
 -1.42483
 1.11223
 -1.11507
 0.197737
 2.26483
 0.215204
 2.34412
 0.599084
 1.71912
 -0.479388
 1.08071
 0.639612
 0.600148
 -0.980797
 3.36729
 -0.586038
 1.59063
 0.503225
 1.35343
 2.19067
 0.949167
 1.80928
 0.600468
 2.46463
 1.59345
 2.23714
 0.746343
 -0.909606
 1.16079
 -1.17822
 2.56084
 0.0911827
 2.10983
 3.08374
 1.81567
 0.774102
 2.60012
 -0.520138
 2.50644
 -1.17588
 0.00618485
 -1.31044
 -0.325155
 -0.12151
 1.63298
 0.656398
 -0.649709
 -0.230152
 -2.04735
 -0.790882
 -3.1366
 -0.577092
 -2.33075
 -0.339215
 -1.10702
 -1.0579
 -0.913267
 -1.90325
 -0.409335
 -2.75128
 1.62149
 -1.2087
 1.16219
 0.459583
 2.15393
 -0.28945
 0.861379
 -2.2968
 -0.5996
 -1.78439
 0.244172
 -2.10552
 -0.401584
 -1.12544
 -0.36733
 -1.10867
 -0.788627
 -0.503872
 1.11828
 -0.505946
 1.45919
 -1.02414
 1.75142
 -0.120661
 3.21948
 -0.889844
 0.934135
 -0.947137
 0.436905
 3.27389
 -1.04245
 1.90589
 0.226543
 0.501743
 0.26507
 2.33917
 0.388237
 1.28243
 0.0550844
 0.777269
 -0.0720665
 0.477981
 0.37976
 -0.669177
 -0.583381
 -0.192697
 -1.21614
 0.809842
 0.480773
 -0.690431
 2.78085
 -0.973142
 0.970081
 -0.715713
 0.878385
 -0.604189
 0.0733201
 0.337982
 -0.808825
 2.66515
 -2.97117
 1.8996
 -0.950523
 1.04582
 1.04876
 1.61299
 -0.00791417
 -1.0495
 -0.953729
 -1.81616
 -1.18192
 -0.484048
 -3.21413
 -1.53745
 -1.98469
 -0.838334
 -3.02529
 0.868723
 -2.81692
 -0.399721
 -0.417419
 -1.81834
 1.32352
 -0.743567
 1.23576
 1.2288
 1.4661
 1.00001
 0.285216
 2.00496
 0.774818
 0.40651
 0.31555
 -0.20116
 -0.238619
 1.43557
 0.489114
 3.28585
 -0.551417
 3.12286
 1.42613
 -0.75552
 1.32037
 2.71906
 1.48222
 0.205162
 0.741094
 -0.475571
 -0.401079
 0.343515
 0.968948
 0.456933
 0.242496
 0.709561
 2.02934
 -1.81703
 3.27275
 -0.728142
 0.988646
 -1.04753
 1.33137
 -2.17343
 1.39635
 -2.2155
 0.496436
 -1.09347
 1.61285
 -0.374049
 0.382325
 2.60945
 1.49798
 1.3477
 -0.573072
 0.374748
 -0.408691
 -0.933301
 1.2961
 -0.0754098
 0.364857
 -2.50348
 -1.03988
 -1.03991
 0.0742464
 -1.05245
 -1.44129
 -1.05537
 -2.58484
 -1.53387
 -2.54983
 0.254648
 2.37754
 -0.828008
 2.44202
 0.111559
 1.42322
 0.157073
 2.26659
 -0.321191
 0.635122
 -0.609678
 0.576145
 -2.19689
 -0.228342
 -2.92031
 -2.11079
 -2.5633
 0.281026
 -1.15442
 0.728436
 -0.287811
 -1.05079
 0.151131
 -2.46058
 -1.85072
 -0.0659801
 -2.89045
 -0.108987
 0.294517
 0.560919
 0.304933
 1.82399
 -0.815757
 2.70922
 -1.28982
 0.3758
 -0.252472
 -2.34435
 -0.263622
 -1.40875
 -0.95745
 -2.72825
 -1.24037
 -1.56479
 -1.80127
 -1.41203
 -2.44238
 -0.0918702
 -0.997072
 -1.73779
 -1.33958
 -0.1478
 -1.1586
 -2.48411
 -1.05719
 -3.78824
 -0.567146
 -2.53712
 -1.0923
 -1.88063
 0.546904
 -3.47309
 0.145393
 -2.73375
 -1.33077
 -0.237223
 -0.443705
 -0.491069
 -1.24975
 0.817409
 -0.480335
 0.045026
 -1.98064
 1.44024
 0.13977
 1.25357
 -1.19104
 1.86329
 0.864352
 1.00617
 0.628409
 0.240526
 0.70718
 -0.449041
 2.45992
 1.12564
 -0.489901
 0.548653
 0.783228
 0.541397
 0.948393
 1.10514
 0.971859
 -0.312031
 0.33779
 1.78373
 -1.60259
 1.32623
 0.841414
 1.6676
 -0.188888
 0.0898209
 2.44527
 0.0923153
 1.42948
 -0.541648
 0.741285
 0.198105
 0.641403
 1.18206
 2.5323
 0.427189
 0.827251
 1.28544
 -0.823749
 0.126789
 -1.01661
 -0.510839
 -0.13651
 0.607346
 0.650028
 0.66127
 1.7647
 0.217988
 -0.729544
 1.65543
 -1.08986
 0.531952
 -1.49581
 1.11229
 0.415897
 -1.45547
 -1.49929
 0.980155
 -2.45907
 1.59624
 -0.434565
 0.683383
 0.0305187
 0.237379
 -0.0590925
 -1.7339
 -3.31833
 0.943285
 -0.10661
 -1.99723
 -1.82759
 -3.69639
 -1.78285
 -0.371778
 -2.22643
 -2.56223
 -0.348557
 -2.02571
 0.473238
 0.695629
 1.98135
 -0.142824
 2.13631
 -1.74427
 0.100925
 -0.777768
 -1.26023
 1.73516
 1.14943
 3.05853
 -0.416444
 2.82228
 0.247199
 0.949237
 -3.12935
 0.669162
 -3.23139
 -0.896029
 -3.19268
 -0.83321
 -1.11893
 -1.21672
 -0.320611
 -0.805809
 -1.5094
 -0.547562
 -1.93448
 1.25529
 1.90977
 1.27981
 1.11249
 0.763108
 1.26208
 0.187109
 -0.86257
 -0.0995289
 -1.50575
 0.586303
 -1.14553
 -0.470438
 -0.853137
 -0.770274
 1.20794
 0.128269
 -0.52016
 0.0619055
 -0.338732
 1.20299
 -0.0714434
 0.770215
 -1.68395
 1.39557
 -0.112288
 -0.748364
 0.235034
 0.374604
 1.98478
 0.845965
 -0.226816
 -1.59686
 -0.381513
 -0.539384
 0.302644
 1.38178
 2.00054
 3.79362
 -0.988435
 1.40431
 -1.03106
 1.12147
 -2.48934
 -0.54915
 -0.995116
 0.689909
 0.0914101
 1.97578
 -2.4609
 1.79314
 -1.32691
 1.38762
 0.506834
 0.235942
 1.60969
 -0.244144
 0.521553
 -0.97541
 1.05952
 0.0196368
 -2.6133
 0.15934
 -1.8283
 -0.807764
 -1.23526
 -0.919869
 1.97212
 -0.253808
 -0.655159
 0.43982
 0.333232
 0.399502
 -1.47521
 -1.13959
 -2.38115
 0.340626
 1.47658
 -1.01711
 1.69337
 0.538704
 1.02735
 -0.198688
 -0.761963
 0.736974
 -1.30051
 1.77711
 -0.680169
 1.38403
 -2.3228
 0.71456
 -0.230531
 -2.85765
 0.642405
 0.42507
 1.17883
 -0.723368
 -2.07142
 -1.69216
 0.0527954
 -1.50314
 -3.13056
 -1.39336
 -2.88359
 0.321236
 -1.32148
 -0.42495
 -1.46239
 -1.5333
 -2.79893
 -0.483034
 0.117233
 -1.3281
 0.311731
 -0.562747
 1.04287
 -1.03029
 1.92597
 1.15873
 2.12009
 -0.652109
 -0.349167
 -1.60349
 -1.57836
 -0.933901
 -0.901436
 0.162993
 -1.73807
 0.168924
 -4.00618
 -0.457675
 -3.7908
 -1.02066
 -2.50539
 -0.667088
 0.559631
 1.42973
 0.0660591
 0.627303
 -0.508903
 1.96979
 1.82336
 0.677558
 1.90298
 -1.4236
 0.503984
 -1.35191
 1.10132
 0.0166116
 0.269653
 -0.621346
 -0.185976
 0.219713
 -0.604026
 2.43722
 -1.49409
 -0.0495097
 0.473313
 0.287573
 0.782112
 -0.0827417
 1.29662
 0.266586
 -0.633142
 -0.0668544
 -1.87652
 1.23237
 0.213093
 1.29202
 2.54962
 0.667134
 -0.111355
 1.86469
 -1.77661
 0.601696
 -3.31228
 -2.11014
 -2.40815
 -0.136362
 -1.2716
 0.944592
 0.287337
 1.16455
 -0.901427
 1.31608
 0.386888
 -0.0771665
 0.184113
 -0.701873
 0.678303
 0.22383
 0.93636
 -0.399618
 -0.129312
 -0.753566
 0.340925
 -0.593344
 0.676103
 -1.06688
 -0.662492
 -1.18994
 -0.922893
 0.00343353
 -2.7951
 -0.695369
 -2.64753
 -0.0518102
 -2.10674
 1.36829
 -1.11521
 -1.46022
 -1.25903
 -0.32869
 -4.15762
 -2.36243
 -3.23146
 -0.70135
 -4.61621
 1.33533
 -3.36724
 0.530548
 -1.06014
 1.29374
 -0.106381
 1.70767
 0.913193
 1.50955
 1.14233
 0.93158
 0.544076
 1.58
 1.25167
 0.383392
 0.92615
 2.54326
 -1.70283
 2.14272
 -1.35118
 -0.680512
 -1.89394
 -1.64616
 -2.25222
 -1.11758
 0.54244
 1.05279
 1.81714
 1.01024
 0.102441
 0.0464342
 -2.34209
 0.360944
 -1.18346
 0.047097
 0.721555
 -0.852782
 -1.19814
 -0.707399
 -0.365417
 -2.18435
 0.725089
 -1.44021
 1.89621
 -0.951265
 3.15816
 -2.19212
 2.1381
 -1.04997
 1.96795
 -0.200367
 1.46318
 1.79985
 -0.57817
 2.34065
 0.927095
 1.28018
 1.79349
 2.88574
 -0.982199
 -0.336185
 -0.772352
 -4.11335
 -0.560537
 -2.33348
 -2.39486
 -1.79604
 0.463449
 -1.92065
 -1.20393
 -1.70802
 0.316747
 -0.381457
 1.24441
 -0.220344
 1.60124
 0.133388
 1.34018
 -0.0833751
 1.67203
 -1.00426
 2.97722
 0.0539352
 2.08791
 0.0756867
 1.9336
 2.60367
 -1.31837
 -0.884119
 -0.0235253
 -1.89583
 0.233185
 -0.464617
 -0.418719
 -1.14327
 -2.22237
 -0.0767487
 -0.0921089
 0.288362
 -0.434153
 0.543115
 -0.197512
 1.38332
 -0.255248
 2.84142
 2.6884
 2.59913
 1.79919
 2.33057
 0.548947
 1.81722
 0.879467
 -0.154674
 -1.40473
 -0.217679
 -2.17549
 0.804094
 -0.935209
 1.14769
 -0.0695306
 -0.205005
 -1.2157
 0.857869
 -2.59413
 1.75176
 0.314081
 1.10415
 1.67245
 -0.550539
 0.803644
 1.37525
 0.852247
 2.20633
 -2.01453
 1.96665
 -1.54257
 1.09763
 -0.18419
 1.78289
 1.17989
 1.61642
 1.22453
 0.922734
 0.999845
 -0.325049
 1.00341
 -1.49951
 -0.299591
 -1.34257
 0.711945
 -0.740781
 -1.21409
 -0.464548
 0.358944
 -0.649777
 1.22262
 0.682522
 1.22306
 -0.629651
 2.61181
 -0.104629
 1.56184
 1.30325
 2.24604
 -0.569343
 3.2114
 -0.307836
 2.585
 1.09869
 -1.1014
 1.32428
 0.143739
 0.164558
 0.263389
 -1.83935
 0.536392
 -1.36417
 -0.561351
 -1.55254
 -0.114276
 -2.34658
 -0.579977
 -1.04243
 -0.0649024
 0.428557
 -0.226878
 0.948327
 1.87015
 1.475
 -0.649234
 2.30436
 -1.5711
 1.15301
 -2.21098
 0.95061
 -2.34107
 -0.53333
 -0.559095
 -1.40514
 -2.40706
 1.65167
 -2.23368
 -0.15997
 -0.770211
 0.919326
 -1.16643
 -1.04351
 -0.00785142
 -1.60857
 2.68978
 -1.91788
 1.97507
 0.487098
 3.44169
 0.852713
 3.31082
 0.153213
 2.04718
 -1.2632
 -0.55712
 0.751988
 -0.214768
 1.98438
 -2.854
 0.570054
 0.125717
 -1.15736
 0.429866
 -0.53835
 1.4211
 0.0924981
 0.843805
 -1.16945
 -1.6743
 0.263848
 -1.54645
 0.0425178
 0.0412311
 -0.665972
 -1.20316
 -1.68954
 0.505325
 -2.33566
 -1.36438
 -1.85544
 -1.87802
 -3.10759
 -1.79413
 -2.56772
 -1.67897
 -1.21802
 -2.99082
 -1.10334
 -1.85437
 -2.94326
 -2.75285
 -2.73249
 -1.43236
 -0.806315
 -0.519314
 0.325594
 0.182663
 1.5688
 -2.20559
 0.576824
 -1.29196
 0.00427521
 -0.530802
 -0.500542
 -2.3977
 -0.552788
 -2.0831
 -0.854825
 -1.65204
 -1.37632
 -0.431385
 -0.397795
 -0.0254422
 3.41711
 1.31103
 1.19296
 -0.0680138
 2.13654
 -0.85275
 2.92712
 -0.450404
 2.14663
 3.85734
 0.749326
 3.52286
 -0.371782
 1.8885
 2.15216
 3.16205
 0.786463
 0.828131
 0.535685
 2.0612
 0.357261
 1.53444
 -0.141242
 2.05059
 0.11688
 3.20781
 1.30134
 1.08725
 1.96772
 -0.545184
 1.13584
 1.45359
 0.313259
 2.55238
 -0.539189
 1.71894
 0.822529
 -0.507831
 -0.566723
 -0.480424
 -0.111499
 -2.04275
 2.98938
 -1.4965
 3.7052
 -0.279767
 1.95937
 -1.46236
 -0.00769988
 0.979032
 -0.122505
 0.961218
 0.135423
 2.24453
 1.17892
 1.09653
 4.2294
 0.26394
 0.910029
 1.29484
 1.01838
 -0.52532
 -0.207472
 -0.730658
 1.16722
 2.52588
 0.771127
 -1.6301
 -0.0379651
 -2.45029
 0.151754
 -0.108033
 -1.63568
 1.36238
 -1.54138
 2.28249
 -2.25904
 -0.294326
 -1.38171
 1.61371
 -1.38666
 1.73757
 1.3548
 0.942328
 0.419828
 -0.426873
 -0.0616583
 1.21721
 -0.356765
 1.709
 2.01851
 -0.203264
 1.28233
 -3.46769
 1.62326
 -0.265272
 1.1351
 -0.0367672
 0.327615
 -0.327031
 1.10698
 -1.39341
 0.776754
 0.435487
 0.58952
 1.72657
 0.42959
 1.50735
 1.16647
 1.60029
 -0.858576
 -0.401249
 0.322244
 0.551991
 -0.906268
 0.366837
 0.306651
 1.2109
 -1.05608
 -0.257631
 -0.161553
 -1.42556
 0.852339
 -2.01525
 -0.0177359
 -1.28363
 0.565256
 1.14521
 -1.78682
 2.81901
 -0.671959
 -0.850865
 0.338261
 0.104789
 1.39622
 1.15571
 2.70777
 1.65874
 0.741644
 2.0532
 -0.124842
 1.00499
 0.358608
 0.383896
 -0.219611
 0.459112
 -0.0911545
 1.50713
 -1.10973
 -0.726392
 -0.288161
 -1.18695
 0.720381
 -0.226261
 0.68754
 -0.684291
 0.400208
 0.964654
 0.0314165
 1.26809
 0.430335
 2.23237
 -1.01812
 1.88599
 1.39473
 2.19204
 3.11497
 1.25374
 1.37838
 -0.0928768
 0.4886
 -1.8885
 -0.47745
 -1.46297
 -1.87725
 0.496536
 -3.47656
 -0.142334
 0.635346
 -1.41428
 2.27981
 -0.973987
 1.91559
 1.28831
 -0.991922
 1.52861
 -0.279393
 0.997865
 -1.34268
 1.68532
 0.091401
 0.620886
 1.59349
 -0.286378
 1.65218
 0.313066
 0.0567052
 -1.65874
 1.34354
 1.23186
 0.10071
 2.73507
 2.01311
 -0.0462741
 0.205169
 0.387259
 -1.10251
 1.31797
 0.278513
 2.09958
 1.62562
 1.48241
 2.04727
 0.588842
 1.17747
 1.86464
 1.43752
 1.54761
 1.79766
 -1.00723
 -0.994231
 0.420774
 0.00187521
 1.47748
 0.700545
 0.23398
 0.891554
 0.192618
 0.803738
 2.17573
 0.397187
 0.209929
 -1.42706
 1.44276
 -1.78128
 -1.88636
 -1.6209
 -2.77405
 1.35902
 -1.40162
 1.28069
 1.014
 1.66279
 0.746496
 1.00465
 0.354221
 1.85501
 -0.569326
 1.94355
 -2.14382
 0.894037
 -0.316038
 1.18482
 -0.0477953
 0.0165113
 -2.10938
 -0.635593
 -2.48241
 -1.22792
 -2.47345
 -1.98558
 -1.71171
 0.270857
 -0.0962799
 0.974976
 0.523483
 1.37883
 -0.292437
 1.095
 1.40212
 1.67412
 2.57038
 3.47086
 0.963685
 2.35561
 1.78996
 2.62244
 1.96131
 0.487859
 0.483921
 0.164486
 0.567868
 -1.07719
 1.03545
 -1.25886
 0.157362
 -0.523177
 0.303026
 0.719898
 0.909234
 0.432769
 1.06686
 -0.904233
 0.764487
 -0.197123
 0.598349
 1.76973
 0.457913
 -0.196433
 0.263664
 1.31964
 1.28881
 1.70857
 1.22402
 1.19627
 2.49099
 0.793729
 0.0336103
 1.53255
 -0.332486
 2.1177
 -0.900465
 2.7476
 0.108545
 1.29973
 0.781781
 2.05578
 -0.764288
 1.57503
 0.1477
 3.11708
 -0.293802
 1.66322
 1.10596
 0.74105
 -0.0792292
 -0.0131707
 -1.3555
 -0.30956
 1.70283
 1.85179
 2.17076
 0.354862
 -1.63207
 -0.73906
 -0.807155
 0.322229
 -0.447627
 0.448514
 1.4644
 -0.0802469
 -0.424087
 0.69293
 -1.38511
 0.255061
 -2.87426
 -1.60891
 -1.76228
 -1.86884
 -1.32329
 -0.0357461
 0.593792
 0.324091
 0.0806721
 0.120054
 -0.893663
 -0.922915
 -2.26597
 -0.92888
 -0.146202
 -1.04717
 0.481026
 -1.34839
 2.36271
 -0.66435
 0.888724
 -0.530517
 -0.384682
 -1.5174
 -0.523585
 -2.93504
 -0.338091
 -1.09067
 0.514723
 1.3727
 -1.00607
 -0.122635
 -1.6768
 -0.518751
 -0.55661
 0.580196
 0.646891
 -1.60953
 1.89002
 -1.26721
 0.576174
 -0.732123
 0.204616
 0.615317
 2.02378
 -1.49278
 2.05958
 -0.686465
 1.58197
 0.08992
 2.70622
 -0.035347
 0.666124
 2.63842
 -1.64505
 3.00331
 -1.16125
 2.08498
 -0.467315
 2.48748
 -0.432833
 1.85763
 2.01513
 -0.713178
 -1.98898
 -1.48114
 -0.941577
 2.26623
 0.91726
 4.32159
 0.30084
 0.7225
 -0.637541
 -0.0630825
 -1.09934
 -1.07601
 0.117101
 2.00519
 0.809069
 1.16873
 0.399444
 0.055486
 0.941663
 1.71943
 0.98523
 2.09972
 -0.0908322
 0.337766
 0.335786
 -1.2029
 1.37681
 0.221386
 0.406009
 2.30517
 0.149777
 0.472709
 3.26491
 2.82917
 0.461073
 1.53108
 -0.417869
 0.394757
 -0.719571
 -0.55249
 -1.57965
 -0.768762
 -0.749351
 -0.768881
 0.706514
 -1.87136
 -0.27812
 -2.03917
 -0.499357
 -1.69487
 -0.49528
 -0.702151
 1.42048
 0.411146
 1.11513
 -0.954776
 0.529378
 -1.79496
 0.677837
 -1.70411
 1.92429
 0.142032
 1.47516
 -0.828245
 -0.14672
 -1.54626
 -0.635193
 -0.97452
 -2.16629
 -0.157138
 -2.35377
 1.23741
 0.498998
 0.287755
 2.50595
 -1.69469
 2.68243
 -0.470434
 2.51345
 -1.6944
 1.69478
 -0.179206
 0.673903
 -0.968873
 -0.385599
 -0.568197
 -1.95765
 -0.218393
 -1.69164
 -1.5125
 -0.501048
 -0.377732
 -0.751632
 -0.797719
 0.0709702
 -3.37173
 -1.09312
 -0.251199
 -1.87717
 -0.141121
 -0.352549
 0.304447
 1.41418
 -1.38676
 1.49931
 0.992051
 2.10187
 0.690916
 1.29085
 1.0127
 -0.0161146
 0.947206
 0.0984015
 0.965909
 -0.393551
 0.271998
 -0.903236
 1.18875
 0.0202194
 1.81116
 0.284147
 2.49373
 -0.736429
 0.185091
 -0.525746
 0.610836
 -0.731764
 0.413192
 3.00958
 -2.32689
 1.67335
 -0.957469
 0.307555
 0.0230226
 0.801298
 -0.789316
 -0.900121
 3.73236
 0.395074
 2.18174
 -0.33058
 2.40827
 1.74821
 0.694436
 1.40423
 0.598858
 1.20465
 -0.655493
 -0.132371
 -0.722596
 -0.783672
 -1.49738
 1.52182
 -1.82161
 0.920164
 -0.248563
 1.97384
 -0.651373
 0.710493
 -0.00142156
 0.890712
 -0.0454668
 1.37556
 -1.50119
 -0.167576
 -1.3246
 0.306724
 1.04538
 -1.87249
 -0.384093
 -1.23046
 -0.806764
 0.527496
 -2.99491
 1.14736
 -0.745257
 1.49301
 1.09832
 -0.0920128
 1.28706
 0.268051
 1.92363
 -0.599148
 -0.264548
 -0.778594
 2.7148
 -0.969628
 2.30279
 -0.305665
 0.797191
 -0.484289
 1.25206
 -0.0347743
 1.78887
 -1.77165
 2.2891
 0.213002
 -0.497019
 0.64878
 -1.84743
 0.100471
 -2.05556
 0.128823
 -0.188422
 -1.45953
 0.45735
 -1.22524
 -2.70194
 1.19415
 -0.103613
 -0.319238
 1.12942
 0.111288
 -1.19106
 -0.15453
 -1.00541
 0.17716
 0.36981
 -0.639368
 -0.067153
 0.311422
 2.53607
 0.857218
 4.22675
 -0.975981
 2.18541
 0.662596
 1.88047
 0.700023
 0.617882
 1.96072
 2.84093
 0.0860962
 0.177009
 0.534296
 3.10996
 0.314893
 0.626826
 0.468026
 -0.00654951
 -0.831096
 0.859109
 0.621362
 -0.458743
 -0.736969
 -0.185873
 -1.09393
 3.26208
 -2.23468
 3.26531
 -0.855533
 0.927658
 -1.14587
 1.19424
 -1.24976
 -1.09141
 -0.94634
 -1.13394
 0.215568
 -0.653318
 -1.51842
 0.167768
 -0.650098
 0.294289
 -1.12993
 0.923853
 -1.39628
 1.87551
 -1.52032
 -1.03345
 -1.27978
 -0.981748
 -1.80628
 -0.175956
 -1.61009
 -0.156119
 -1.72095
 -0.210993
 1.08209
 -0.80156
 0.915336
 0.616991
 2.42271
 -0.256598
 -0.652395
 0.895384
 0.811675
 2.00438
 -0.738247
 0.568889
 0.763081
 1.97176
 0.764398
 0.496739
 2.08149
 1.71643
 3.90717
 2.8197
 2.87039
 0.655454
 1.21042
 -0.202014
 -0.186446
 -1.28967
 0.700284
 -1.13295
 0.551548
 -1.17821
 0.865708
 -1.24395
 1.0972
 -0.444817
 0.384873
 0.717854
 -0.292925
 -0.00111866
 0.513137
 2.13913
 -1.24002
 4.18696
 -0.57305
 0.647106
 -2.03368
 1.09884
 -0.64961
 -0.480725
 -1.43696
 -2.97307
 -0.135153
 1.46994
 -1.73571
 -0.0452992
 0.464407
 -0.0180641
 -0.528028
 0.743454
 1.05869
 0.431006
 1.53976
 -0.517808
 0.140031
 -0.731225
 0.560049
 -0.701325
 0.529974
 -0.463732
 1.96365
 -1.12843
 2.16872
 -1.34113
 4.78446
 -1.03213
 2.27582
 -3.07568
 2.20922
 -0.69712
 -0.0439134
 -1.38956
 0.326548
 -1.01349
 -1.15665
 -1.6601
 -0.925258
 -0.289719
 -1.32123
 1.49066
 -0.0342025
 1.13911
 -0.230129
 -0.376365
 1.64454
 1.20219
 3.99377
 -1.74866
 2.85829
 -0.553208
 2.79215
 0.69471
 0.980423
 0.143922
 0.320467
 0.46301
 -0.0282983
 -0.86959
 -0.809939
 0.867164
 0.595905
 0.452931
 2.63727
 -0.284214
 1.52375
 -0.378926
 -0.958094
 -0.610138
 -0.550862
 0.457624
 0.315847
 2.01603
 1.02355
 1.68159
 0.358262
 1.79585
 0.448798
 0.865792
 1.5936
 0.474073
 1.7414
 1.98232
 -0.652798
 0.829346
 1.37202
 0.604893
 0.0873803
 1.28567
 -0.0109574
 -1.57952
 -2.08767
 -1.91662
 -0.349206
 -2.20533
 -0.248742
 -2.56073
 -1.92007
 -0.300358
 -2.45282
 0.145148
 -0.247496
 -0.0027574
 -0.0970358
 -0.317152
 0.399466
 -0.962755
 -0.348538
 -0.434702
 -1.41086
 -0.324886
 -2.38754
 -1.24458
 1.28287
 -0.441545
 0.310296
 -1.57888
 0.463676
 -0.116765
 0.910762
 -0.593496
 0.664355
 -3.48639
 0.740383
 -0.412398
 2.79672
 -1.9865
 -1.20523
 0.668613
 -0.328023
 0.218244
 -0.388809
 -0.109978
 -1.04978
 -0.626849
 -1.37543
 -3.71065
 -0.758219
 -2.59343
 0.635079
 -2.72963
 1.554
 -0.76953
 0.561522
 -1.41863
 -1.30771
 -2.45912
 1.29928
 0.309085
 -0.154359
 0.617417
 0.891472
 1.92748
 0.532172
 2.20359
 2.74465
 1.43075
 1.15828
 0.329121
 1.45303
 -3.45127
 2.23554
 -2.70346
 3.49918
 -0.917962
 1.34533
 1.04105
 0.660579
 -2.13148
 1.54998
 -1.22969
 1.19478
 -1.96252
 -1.4022
 0.444471
 -2.23966
 0.870409
 -0.535897
 0.272845
 -0.363169
 3.18872
 -0.202483
 -0.100179
 -0.455652
 -0.243652
 0.222542
 0.0588406
 0.0169212
 -2.29752
 0.292979
 1.81301
 0.742185
 2.12764
 0.00701637
 0.821998
 0.316991
 -1.04184
 0.902307
 -0.0347521
 0.621036
 0.052776
 0.672226
 -1.04516
 0.485051
 -0.970485
 0.996063
 -0.179407
 0.821335
 3.18073
 -1.13114
 2.32683
 -0.271228
 -0.81436
 -0.0361734
 -1.27461
 0.501104
 1.73989
 1.00003
 1.16185
 -0.733717
 0.0973782
 0.544518
 -0.661529
 1.46391
 -1.02499
 -0.163641
 -0.829701
 -2.23564
 0.0993499
 -1.04521
 0.00581378
 -2.54383
 -1.94009
 -0.951488
 -3.6323
 1.1055
 -2.55507
 -1.11857
 -2.07437
 1.18241
 -0.617614
 0.639892
 0.428437
 1.22531
 1.2231
 0.948612
 1.03792
 -1.44094
 1.38755
 -0.300944
 0.125841
 -1.58159
 0.345546
 -1.23035
 -1.9117
 -0.653411
 -2.51866
 -4.48125
 -0.253715
 -0.498426
 1.29917
 -1.50042
 1.14806
 0.680068
 1.64593
 0.0563846
 2.61558
 0.873138
 1.89836
 -1.80579
 1.32012
 -0.924285
 -0.00624589
 -0.0834889
 0.746464
 -1.55525
 0.995809
 -0.573142
 1.47383
 -1.63384
 1.77391
 -0.523042
 0.915086
 1.41173
 -0.658312
 1.6686
 0.207862
 0.712518
 0.291703
 -0.0646603
 0.211994
 -0.460069
 0.820053
 -0.336398
 1.4724
 -0.0336758
 1.66013
 -1.91083
 1.36238
 -2.0868
 1.21487
 0.62071
 1.30737
 -0.696622
 -0.132158
 0.941855
 -1.7395
 1.18798
 0.88814
 -0.0502993
 1.09028
 0.771729
 2.51763
 -1.44062
 2.23783
 -1.39246
 0.36352
 -1.20848
 0.200175
 -3.02519
 0.496991
 -3.16962
 -0.348813
 -1.88408
 -0.541104
 -0.131532
 -1.72079
 -1.25957
 -0.862177
 0.229033
 -1.21257
 -1.45583
 -2.38661
 0.166137
 -3.54068
 0.414829
 -3.12192
 0.520644
 -1.86876
 1.47194
 -0.286815
 -2.8434
 0.0564622
 0.365853
 3.58773
 1.9663
 2.42419
 2.28358
 0.276363
 3.76365
 -0.0975581
 0.224343
 -1.98924
 2.21896
 -2.23857
 1.78997
 -1.2436
 0.572437
 -0.962697
 2.46017
 -1.27893
 0.188239
 2.32367
 0.138523
 2.15157
 -0.279156
 -0.41198
 0.851256
 0.170278
 0.1936
 1.34101
 -0.520567
 2.30714
 0.965357
 3.70462
 1.13981
 0.969499
 0.678255
 -1.90887
 0.385237
 -1.88239
 -1.59118
 -0.888458
 0.244819
 1.2773
 0.386456
 1.82507
 -0.741419
 -0.180746
 -0.935892
 1.41851
 -0.346686
 0.501744
 -0.621684
 1.06387
 -0.16603
 2.90173
 -1.21359
 1.07125
 -0.891082
 2.08218
 0.114827
 1.47395
 0.983364
 -1.25908
 2.65052
 0.864226
 0.0984882
 0.153114
 -0.343271
 1.31841
 -0.970084
 0.418059
 0.924824
 -0.933343
 0.152539
 -2.48455
 1.67947
 -0.0490445
 -0.53538
 0.531732
 1.64533
 1.40294
 1.07585
 2.2593
 0.620671
 2.51358
 -0.931683
 -0.610037
 -1.87254
 0.0865678
 -0.572636
 -1.3345
 -0.812186
 -0.935228
 0.949059
 -0.831587
 -0.411724
 -1.2438
 -0.746098
 -0.679209
 0.42942
 -1.86514
 -2.18983
 -1.32871
 -0.72778
 -2.99821
 -0.791132
 -1.89026
 -2.02008
 -1.05296
 -1.20626
 -1.52747
 -0.935825
 -2.11732
 0.409443
 0.0496685
 1.16743
 0.285173
 0.220086
 0.0835187
 -1.72417
 -0.694631
 1.02687
 -0.22004
 0.0463152
 -1.48337
 -0.317507
 -0.460268
 0.629614
 0.128004
 -0.412233
 -1.17016
 -0.314855
 -1.50299
 0.825763
 -0.999236
 -0.337788
 -0.777926
 0.182546
 0.531175
 -0.920775
 -0.923271
 -2.64538
 -1.16874
 -1.87119
 -1.54257
 -1.72417
 -2.01117
 -0.225317
 -0.943542
 -0.850235
 -1.65947
 -0.159665
 0.208942
 0.321135
 -0.09492
 -0.941415
 0.141626
 -0.287962
 -1.09019
 -2.4523
 -1.21357
 0.697962
 -1.00931
 1.95393
 -0.405957
 1.59811
 0.867349
 0.157485
 -0.257959
 -0.00129868
 0.833224
 -0.65815
 -0.257559
 -1.37283
 0.143306
 1.86291
 -2.71021
 0.431219
 -0.261849
 0.185338
 1.28982
 -0.0930631
 0.148466
 0.845798
 -0.820365
 1.89926
 1.39766
 0.269709
 -0.823147
 -0.360899
 -1.16956
 -0.787114
 -0.723199
 -0.406239
 -0.933174
 -1.65705
 -1.15406
 -0.426006
 -1.5813
 -1.36006
 1.03868
 -1.55013
 0.613674
 1.12947
 1.52095
 0.902489
 1.30121
 1.35688
 1.02702
 0.101152
 -0.752527
 0.630037
 1.11025
 -2.03032
 0.778352
 -1.82896
 1.04959
 -1.35057
 0.628521
 -1.86674
 1.81842
 -1.5731
 -0.0585113
 -1.2522
 0.718488
 -0.854545
 0.851881
 -0.0260427
 1.51601
 -0.197587
 -0.817081
 0.214143
 0.398313
 -0.488912
 -0.164881
 -0.108317
 0.123666
 0.458777
 1.27538
 0.154651
 0.327194
 1.55425
 1.59127
 0.678122
 4.42409
 0.276183
 3.01657
 -0.110024
 3.9264
 1.13637
 1.96192
 1.26847
 -0.0533855
 -1.34641
 -0.629104
 -0.634767
 -0.153811
 -1.62234
 1.44549
 -1.33651
 -0.383677
 0.928626
 2.07101
 1.33952
 -0.892831
 -0.187689
 -1.01303
 0.554851
 -1.29179
 3.38681
 -1.54166
 3.13794
 0.430194
 3.37472
 2.32606
 1.27575
 1.7069
 -0.0280396
 0.582034
 -0.0947858
 1.13297
 -1.30385
 -0.0212485
 -1.99886
 0.508446
 -0.552614
 0.671035
 -2.08829
 -1.80537
 -0.309005
 -0.461433
 1.83703
 -0.722482
 -0.509953
 -1.36797
 -0.16854
 -1.00736
 -0.0024463
 0.284441
 0.753767
 -0.583156
 -0.746542
 -3.02699
 -1.18439
 -0.936036
 -1.13118
 0.717722
 1.21814
 2.42883
 -1.22093
 -0.00339029
 -0.571256
 -0.00707121
 -0.504704
 -0.496958
 -0.247988
 0.365627
 -0.0976971
 0.903702
 0.185673
 -0.32337
 2.20714
 0.011038
 1.5423
 1.36744
 0.996654
 0.285075
 0.544376
 0.123207
 0.40814
 0.42158
 -1.08905
 -0.323723
 2.40233
 2.14595
 3.04114
 -0.284669
 -0.564614
 -0.214343
 1.85863
 -0.0741596
 0.369115
 -1.24847
 -1.14208
 -0.222707
 -0.754569
 -1.20029
 -0.660653
 -0.969407
 1.3276
 -1.55659
 0.847268
 0.470341
 0.530399
 -0.307307
 -0.581874
 0.120341
 -2.26095
 -2.44283
 -1.63019
 -1.62815
 -0.393195
 -1.65093
 -1.44543
 -0.138677
 -1.79124
 0.827669
 0.479058
 -1.03249
 0.880503
 1.22941
 -1.3189
 -0.44233
 -0.422001
 0.178782
 0.414346
 -0.901974
 0.0666709
 1.16461
 -1.51252
 -2.00803
 0.0271187
 -2.53042
 -1.73613
 -1.4447
 -1.59455
 -2.60774
 -2.71318
 -2.46947
 -1.44667
 1.52113
 -1.19523
 -0.0427799
 -2.17078
 -0.58418
 -0.985842
 -0.381798
 0.398529
 3.39027
 -1.20828
 1.94083
 0.314631
 0.739253
 2.30326
 0.0352387
 -0.494597
 -2.45484
 -1.79023
 -2.07843
 -1.076
 -0.521441
 0.602094
 -1.1078
 3.35529
 0.180701
 4.44175
 1.54637
 3.15615
 0.589413
 3.33621
 0.463132
 3.03427
 1.07433
 0.419184
 1.0946
 1.51845
 1.60112
 0.273074
 2.03863
 1.47234
 0.965947
 2.14833
 1.0481
 1.30463
 1.0367
 -0.163945
 -0.520651
 -0.581493
 -1.60729
 -1.00529
 -0.615448
 -0.158471
 -0.283514
 0.0154026
 0.213925
 -0.554291
 0.314915
 0.463392
 1.56598
 0.0847019
 1.87325
 0.282954
 -1.24479
