 0
 0
 0
 0
 0
 0
 0
 0
 0
 0
 0
 0.31
 0.7479
 1.06561
 1.15479
 1.13667
 1.14444
 1.18478
 1.18489
 1.11458
 1.02273
 0.971306
 0.969558
 0.981656
 0.978897
 0.966911
 0.966216
 0.982086
 1.00067
 1.00819
 1.00521
 1.00155
 1.00293
 1.00631
 1.00639
 1.00262
 0.998845
 0.998005
 0.999294
 1.00016
 0.999594
 0.998697
 0.998757
 0.999679
 1.00044
 1.00044
 1.00004
 0.999868
 1.00007
 1.00029
 1.00025
 1.00002
 0.99987
 0.999911
 1.00002
 1.00005
 0.999984
 0.999932
 0.999952
 1.00001
 1.00003
 1.00002
 0.999989
 0.999987
 1.00001
 1.00002
 1.00001
 0.999995
 0.999991
 0.999998
 1
 1
 0.999998
 0.999996
 0.999998
 1
 1
 1
 0.999999
 0.999999
 1
 1
 1
 0.999999
 1
 1
 1
 1
 1
 1
 1
 1
 1
 1
 1
 1
 1
 1
 1
 1
 1
 1
 1
 1
 1
 1
 1
 1
 1
 1
 1
 1
 1
 1
 1
 1
 1
 1
 1
 1
 1
 1
 1
 1
 1
 1
 1
 1
 1
 1
 1
 1
 1
 1
 1
 1
 1
 1
 1
 1
 1
 1
 1
 1
 1
 1
 1
 1
 1
 1
 1
 1
 1
 1
 1
 1
 1
 1
 1
 1
 1
 1
 1
 1
 1
 1
 1
 1
 1
 1
 1
 1
 1
 1
 1
 1
 1
 1
 1
 1
 1
 1
 1
 1
 1
 1
 1
 1
 1
 1
 1
 1
 1
 1
 1
 1
 1
 1
 1
 1
 1
 1
 1
 1
 1
 1
 1
 1
 1
 1
 1
 1
 1
 1
 1
 1
 1
 1
 1
 1
 1
 1
 1
 1
 1
 1
 1
 1
 1
 1
 1
 1
 1
 1
 1
 1
 1
 1
 1
 1
 1
 1
 1
 1
 1
 1
 1
 1
 1
 1
 1
 1
 1
 1
 1
 1
 1
 1
 1
 1
 1
 1
 1
 1
 1
 1
 1
 1
 1
 1
 1
 1
 1
 1
 1
 1
 1
 1
 1
 1
 1
 1
 1
 1
 1
 1
 1
 1
 1
 1
 1
 1
 1
 1
 1
 1
 1
 1
 1
 1
 1
 1
 1
 1
 1
 1
 1
 1
 1
 1
 1
