 -0.127554
 0.501576
 -1.63348
 0.333581
 0.413061
 0.41891
 -0.941786
 1.98087
 -0.49212
 0.258272
 0.3011
 0.706572
 -1.37709
 0.611055
 -1.54102
 -0.165917
 1.50051
 -1.47411
 0.463381
 0.145224
 -0.498928
 -0.0773597
 0.726155
 0.202892
 0.340165
 0.741048
 -1.39791
 -0.59038
 1.39964
 -0.939897
 -0.048446
 -0.543689
 -0.544071
 0.610709
 -0.0191719
 -0.0974151
 0.858755
 -0.813732
 -0.319199
 0.298314
 -0.815982
 0.583277
 -0.292146
 0.552649
 -0.2046
 1.22872
 0.794504
 -1.0442
 -0.0302811
 -1.08236
 2.39724
 -1.28644
 1.62956
 -1.79555
 0.416986
 0.189439
 -0.114028
 -0.113128
 -0.183235
 0.795104
 -0.0711082
 0.50859
 -1.6363
 0.667013
 -1.0173
 0.119126
 -0.403201
 0.3793
 0.634271
 -1.03117
 1.26077
 0.274415
 -0.565123
 0.831326
 0.376145
 0.548118
 -1.15611
 1.14812
 -0.741488
 -0.679283
 0.877537
 0.2121
 -0.133543
 -0.46573
 1.29956
 -0.960693
 0.407786
 -0.311671
 0.578216
 -0.891275
 0.297344
 -0.986318
 0.295624
 -0.171344
 0.517331
 -1.06236
 -0.514215
 1.45957
 -1.11056
 1.11532
 -1.67029
 1.54337
 -0.786021
 1.06599
 -0.819651
 1.2845
 -0.952895
 -1.12951
 0.724608
 -0.397097
 -0.0373534
 0.583309
 -0.0986398
 0.468045
 -0.767155
 0.032005
 0.0314896
 -0.419915
 0.345196
 0.751881
 -0.397917
 0.705312
 -0.30114
 0.107213
 0.608133
 -1.18489
 -0.411575
 1.36159
 0.564636
 -0.0985208
 -0.265806
 -0.264639
 -0.35411
 -0.0377138
 -0.0286735
 -1.04589
 -0.167257
 0.382599
 0.505629
 -0.169917
 -0.0526512
 0.182905
 -0.934705
 -0.150739
 -0.490258
 1.32694
 0.250292
 0.82314
 -1.46684
 0.841884
 -0.592379
 0.412996
 -1.47224
 0.683343
 0.782429
 0.778901
 -0.0409285
 -0.595202
 0.0947065
 -1.17419
 1.19121
 -0.543478
 0.892224
 -0.562364
 0.685327
 -0.798206
 0.344714
 -0.541622
 -0.0407982
 0.57746
 -0.0602114
 1.27239
 -0.618559
 -0.209354
 -1.15394
 0.171469
 0.305222
 -0.217472
 0.276261
 -0.195073
 -0.331294
 0.390477
 -0.700424
 1.32303
 -1.58765
 2.15575
 -0.523817
 0.417539
 -0.451917
 -0.179672
 -0.332557
 0.0427141
 0.168983
 0.166557
 -1.4959
 -0.00669214
 0.616806
 0.864731
 -0.29978
 -0.219704
 -0.637379
 0.173239
 0.903736
 -0.833292
 0.103538
 -0.0473846
 -0.508214
 0.557801
 -0.551409
 0.685089
 -0.840733
 0.297814
 0.491534
 0.235757
 0.746435
 -2.1908
 1.34162
 -1.06035
 1.54917
 -0.558623
 0.370071
 -0.80533
 1.43498
 -0.838754
 0.543937
 -0.332933
 0.917506
 -1.20154
 1.4017
 -1.03715
 0.489611
 -1.18263
 0.426236
 -0.950245
 0.514804
 -0.330734
 1.40239
 -0.89728
 0.782711
 -1.05975
 0.548368
 0.214263
 0.463504
 0.752268
 -0.286716
 -0.0445202
 -0.971575
 0.280154
 -0.440024
 0.959768
 -0.512925
 -0.183872
 1.05553
 -0.811018
 -0.0480674
 -0.280885
 -0.305958
 0.427288
 -0.964836
 0.446442
 -0.416114
 -1.37425
 0.814489
 1.0153
 1.04196
 -0.972879
 -0.585639
 1.34457
 -1.26016
 0.717394
 -0.584496
 1.98456
 -1.56627
 0.106602
 -0.524364
 -0.464716
 0.0956367
 -0.053766
 1.39344
 0.250716
 0.26413
 -0.348893
 -0.810112
 1.60271
 -2.00009
 0.379421
 0.723936
 -0.729544
 0.468448
 -0.0430818
 -0.569534
 -0.280671
 0.727381
 -0.179405
 0.546182
 0.854746
 -0.677704
 -0.507669
 -0.540575
 0.811422
 -0.528648
 -0.503476
 0.0870595
 0.34934
 0.310969
 0.438043
 -0.377073
 0.991136
 0.92094
 -1.18834
 -0.147815
 0.235969
 -0.450003
 -0.589902
 -0.352146
 -0.00319432
 0.0336732
 1.01409
 -0.755187
 -1.24251
 1.29463
 -0.275763
 -0.0842243
 -0.143352
 -0.315273
 1.14898
 -0.493486
 -0.382213
 -0.472317
 0.135693
 0.730659
 -0.4866
 -1.05937
 1.48879
 -0.919686
 1.93949
 -1.06864
 0.0821025
 0.916743
 -0.90421
 1.5892
 -0.464829
 -0.303227
 0.160747
 -0.800498
 0.580961
 -0.616977
 0.700813
 -0.27661
 -0.510164
 -0.499549
 0.157168
 -0.324286
 -0.710245
 1.36538
 -1.17367
 0.858495
 -1.61276
 1.54918
 -0.407066
 0.293472
 0.157335
 0.272137
 -0.0713317
 -0.0972059
 0.42536
 -0.536402
 -0.562633
 -0.23908
 0.3942
 0.974059
 -0.0628347
 -0.547354
 0.672225
 -1.77306
 0.548867
 -0.361408
 -0.277385
 0.736227
 0.0643108
 0.61714
 0.125743
 0.0559632
 0.12149
 0.127018
 -0.364442
 0.167382
 -0.237717
 0.126367
 0.872761
 -0.0801251
 0.526889
 -1.54287
 0.80719
 -0.207169
 -0.2733
 0.256062
 -0.340748
 1.04691
 -1.62565
 1.00332
 0.0937509
 -0.293831
 0.405543
 -1.05375
 1.02815
 -0.234494
 0.202704
 -0.962438
 0.76648
 -0.423305
 -0.485486
 1.75956
 -1.16018
 0.24475
 0.43038
 -0.337357
 0.30873
 0.138553
 0.313067
 -0.756567
 0.394694
 0.0656871
 -0.130365
 -0.364914
 0.528144
 0.0376746
 0.456918
 -1.12565
 0.652737
 -0.880854
 1.44662
 -0.700384
 0.325597
 0.19916
 0.541004
 -1.72818
 -0.107123
 -0.262736
 1.04825
 -0.536344
 0.728032
 0.227866
 -0.229258
 0.556916
 -0.779408
 -0.770442
 1.39066
 -1.3941
 1.08604
 -1.66815
 0.443321
 -0.756786
 0.113928
 0.705617
 -0.818248
 1.88535
 -1.24719
 0.65228
 -1.29194
 0.991658
 -0.479708
 -0.710518
 0.728371
 -0.0990168
 0.72401
 -1.38088
 0.281927
 0.00391378
 1.4411
 -0.00405855
 -0.624918
 0.092638
 -1.21474
 0.90009
 0.0993193
 0.141553
 -0.701411
 1.41892
 0.883163
 -1.32104
 0.583812
 0.41119
 0.332011
 -0.0350869
 -0.405544
 -0.0372995
 -0.946886
 0.364027
 -0.442414
 0.359625
 -1.60773
 0.599702
 0.757689
 0.54793
 -0.69845
 0.176404
 -0.516257
 0.187472
 0.0171311
 0.640771
 0.402042
 -0.977036
 0.785446
 0.480401
 -2.19755
 -0.106696
 0.984427
 -0.0787063
 -0.262601
 0.648684
 -0.403518
 0.29914
 -0.319918
 -0.453718
 -0.0175379
 0.114001
 0.550088
 0.163325
 -0.00591357
 -0.287694
 0.239353
 0.512024
 -0.153783
 0.263318
 0.78036
 -1.00412
 0.166496
 -0.243939
 -1.01404
 -0.116802
 1.20053
 -0.123423
 -0.671805
 -0.462265
 0.0997465
 0.0940387
 -0.153148
 0.527196
 -0.246659
 -0.0108348
 -0.291191
 0.364565
 0.94877
 -0.436145
 -0.840966
 0.148922
 0.924235
 0.262442
 -0.589501
 -0.516125
 0.148256
 -0.0154238
 0.307177
 -0.280205
 -0.363855
 0.490785
 -0.997709
 0.403627
 0.473878
 -0.432052
 0.849291
 0.704451
 -0.157593
 -0.915385
 0.332142
 0.0223221
 0.689345
 0.408754
 -0.660283
 -0.421811
 -0.63045
 1.09409
 0.310036
 0.266257
 -1.97193
 1.27312
 -0.701263
 0.716907
 -0.276048
 -1.09044
 -0.411995
 1.36432
 -1.46818
 1.9372
 -0.779235
 0.416125
 0.232772
 -0.198741
 -0.514235
 -0.826341
 1.10153
 -1.27791
 1.71103
 -0.130157
 0.113732
 0.182408
 0.532252
 0.345062
 0.0516344
 0.15298
 -0.532655
 0.100414
 -1.37742
 0.078129
 0.828028
 -0.372147
 0.435037
 -0.579593
 -0.520262
 0.937544
 -0.0596551
 0.921131
 -0.69032
 -1.10093
 0.341332
 0.876959
 0.0675902
 -0.296683
 -0.0742978
 -0.302281
 -0.601876
 1.23947
 -1.08176
 0.86153
 1.21582
 -1.45541
 0.992453
 -0.870531
 0.43428
 -0.874067
 1.72611
 -1.52367
 0.363195
 -0.18623
 0.0692097
 0.167457
 -0.443944
 -0.738481
 1.39826
 -0.377982
 -0.00481992
 -1.24497
 0.318849
 -0.0974787
 0.502983
 -0.212218
 -0.518149
 0.841209
 1.40635
 -1.15
 -0.398771
 -0.264073
 1.16854
 -0.673046
 0.911305
 0.21883
 -0.926311
 0.821159
 -0.16605
 -0.635641
 0.460094
 -0.782807
 1.2872
 -0.339426
 -0.428746
 0.919231
 0.299679
 0.658068
 -1.97922
 1.42929
 -0.729701
 -0.218441
 -0.658811
 0.478178
 0.388555
 -1.4564
 0.865791
 -1.827
 1.09057
 -0.727561
 1.10831
 -0.875038
 0.394584
 -1.1191
 0.303462
 0.832884
 0.0512525
 -0.0235017
 -0.0350467
 -0.647797
 0.778742
 -0.337664
 0.710769
 -0.258916
 1.07818
 -0.843857
 0.166157
 -0.782162
 0.225153
 -0.374628
 0.456228
 0.390952
 -0.371169
 0.44711
 -0.565784
 1.19116
 -1.07547
 1.23073
 -1.6923
 0.577812
 -0.970564
 1.33958
 0.258289
 0.0370493
 2.04764
 -1.49648
 1.00152
 -1.08805
 -0.3079
 -0.805092
 -0.505046
 -0.641171
 1.04575
 -0.595565
 1.57673
 -1.69648
 -0.788685
 1.19783
 -0.456512
 0.734566
 -1.5593
 -1.07112
 0.76899
 0.657658
 1.53698
 -0.605192
 0.0629485
 -0.557452
 1.01255
 -0.577162
 0.436437
 0.104959
 0.653826
 -0.726386
 0.259572
 -1.94653
 0.913083
 0.31258
 -0.928261
 1.23601
 -0.619276
 2.00136
 -1.26699
 1.23023
 0.264658
 -0.425866
 0.320898
 0.211087
 0.236176
 -1.05926
 -0.839941
 -0.199983
 -0.556392
 0.871231
 0.376495
 0.791875
 0.190389
 -0.39296
 -1.69447
 0.429103
 -0.194199
 0.372045
 -1.41146
 0.630138
 0.812351
 -0.549604
 0.671978
 -1.49321
 0.152923
 -0.236323
 0.445054
 1.46776
 -0.776123
 0.364062
 0.625292
 -1.75402
 0.736995
 -0.192764
 0.437169
 0.172599
 0.0436285
 -0.295001
 -0.390714
 0.736522
 -0.448028
 -0.490036
 -0.315655
 0.744536
 0.136345
 -0.263447
 -0.714608
 0.0317587
 0.780674
 0.437983
 0.371048
 -0.999575
 0.226666
 -0.181459
 0.398773
 -0.177027
 0.446198
 -0.972107
 0.0431601
 1.49204
 -0.81358
 -0.385105
 0.311125
 -0.153057
 0.768936
 0.158996
 -0.0414177
 -1.40517
 0.228453
 0.253615
 0.502009
 -0.307088
 -1.15458
 0.306112
 -0.959104
 1.81979
 -0.372702
 -0.342232
 0.270265
 0.209137
 0.490393
 -0.629465
 -0.986861
 0.316491
 0.858278
 0.547613
 -0.782495
 1.08011
 -0.503942
 0.292969
 -0.00394394
 -0.544155
 0.208582
 -0.168626
 -0.461776
 0.154572
 -0.922012
 0.848494
 -1.36032
 0.972225
 0.126285
 1.81152
 -0.367264
 -0.544518
 0.381449
 -0.845637
 1.38733
 -1.0189
 0.480126
 0.994155
 -0.197451
 -0.281681
 -0.257945
 -0.140985
 0.00502083
 0.850332
 -0.513539
 0.496826
 -0.610908
 -1.46178
 0.647688
 -1.12228
 0.730995
 -1.56021
 2.13407
 -0.984938
 1.59156
 -0.489077
 -0.149611
 0.0125039
 -0.633933
 0.182218
 -0.0491475
 0.555015
 0.0692402
 -0.0028685
 0.217404
 -0.188813
 -0.426967
 1.93766
 -1.59996
 1.31304
 -1.3924
 1.05236
 -1.13647
 0.778117
 -0.924858
 1.15321
 -0.903353
 1.25166
 -0.593245
 -0.363403
 -0.572842
 -0.47213
 1.83506
 -1.17513
 1.42471
 -2.26216
 0.762407
 -1.28547
 0.914354
 -0.236475
 -0.47977
 1.42091
 0.193256
 1.03502
 -0.870751
 -1.09584
 0.380266
 0.416642
 0.905171
 -0.901044
 -1.59827
 1.43739
 -1.05659
 1.71123
 -0.722025
 0.399611
 0.162174
 0.120298
 -0.399886
 -0.178983
 -0.149735
 -0.53028
 0.224046
 -0.398914
 0.735739
 -0.454614
 1.10061
 -0.722828
 -0.539447
 0.817551
 -0.428432
 0.869283
 -1.18588
 0.112558
 0.91537
 -0.86621
 0.0129043
 -0.315007
 0.527352
 -0.494111
 -0.842346
 0.542685
 -0.0475141
 0.990414
 -0.39436
 0.901891
 -0.528273
 -0.0382273
 0.368259
 -1.51747
 -0.293519
 1.24146
 0.657215
 -0.0336694
 0.151408
 0.31718
 -0.28393
 0.282588
 0.762743
 -0.197722
 -0.276217
 -0.759026
 -1.23401
 0.198263
 0.688211
 -0.583563
 0.0530182
 -0.161122
 1.2802
 -0.00730135
 0.094022
 0.27804
 0.209923
 -0.0345176
 -0.952351
 -0.217213
 0.331609
 0.105644
 -0.231758
 0.665681
 -0.326977
 -0.636054
 0.0165361
 -0.452265
