 0.0194347
 0.0953206
 -0.0467074
 0.0297014
 0.082841
 0.0227943
 0.0048279
 -0.000235351
 -0.158914
 0.093187
 0.113123
 -0.130055
 -0.00191929
 -0.0693824
 -0.0402123
 -0.0921077
 -0.12051
 -0.055595
 -0.0567682
 -0.075238
 -0.0489318
 -0.0895162
 -0.0412463
 -0.0368479
 0.0779466
 -0.00347806
 -0.107458
 0.0283692
 0.277613
 -0.0316368
 0.0356398
 -0.0348282
 0.0928063
 -0.0672188
 -0.00194099
 -0.00112879
 0.091672
 0.0935761
 0.102743
 -0.0114744
 0.146197
 -0.136963
 0.0252939
 0.0222149
 -0.0439163
 -0.0487127
 -0.239693
 0.0789321
 -0.118379
 -0.076463
 -0.0420337
 -0.0437708
 0.103891
 -0.128698
 0.0567638
 -0.0458448
 0.0949592
 0.106384
 -0.0819867
 -0.0100751
 0.0766458
 0.0246205
 0.0197592
 0.200455
 0.146031
 -0.138769
 0.0373743
 -0.0936275
 0.0862049
 -0.173869
 0.0345054
 -0.013864
 -0.0215019
 -0.116208
 0.163247
 -0.0550411
 -0.105085
 0.0673626
 -0.0572089
 0.147502
 0.0229028
 0.035984
 0.235147
 0.133569
 0.100118
 0.0368146
 0.140148
 -0.00310211
 -0.0335246
 0.0776386
 -0.152956
 0.0279739
 0.0690327
 0.0656084
 -0.16952
 0.150839
 -0.0667713
 -0.0259075
 -0.11049
 0.175667
 0.00100419
 -0.0623898
 -0.0495211
 0.134643
 -0.288737
 0.0182336
 0.0757645
 -0.152429
 0.199134
 -0.0412244
 -0.0704471
 0.0521079
 -0.125923
 -0.0800616
 -0.0275427
 -0.0940922
 0.0685231
 -0.137619
 -0.0940463
 -0.0293599
 -0.0927354
 -0.0694265
 -0.144727
 0.0801016
 -0.11634
 -0.05135
 0.151018
 0.0690352
 0.117376
 0.0590149
 -0.00140793
 0.0524793
 -0.194529
 -0.0307721
 -0.0897959
 0.077176
 0.00332623
 -0.122952
 0.0237612
 0.0607728
 0.0556099
 0.130407
 0.0815929
 -0.0212776
 0.11435
 -0.185642
 0.0293798
 -0.161328
 -0.0208814
 0.15122
 -0.0262488
 -0.0213881
 -0.00504947
 -0.0849664
 0.101586
 -0.0193394
 0.0789803
 -0.0573121
 -0.0909819
 0.0948218
 0.0746596
 -0.0780124
 0.0375347
 0.175127
 0.211951
 -0.0300879
 0.000273361
 0.0253988
 0.0820394
 -0.00282765
 -0.0720753
 -0.0638257
 0.0327658
 0.00944314
 -0.0552198
 -0.14014
 0.0169753
 -0.0476973
 -0.181939
 0.0375673
 -0.087651
 -0.131036
 0.0725217
 -0.28075
 -0.130576
 -0.0969699
 -0.135126
 0.146015
 0.0419873
 -0.0186267
 0.0370128
 0.0626698
 0.0115835
 0.108426
 0.0043884
 -0.0218114
 0.0732975
 -0.147908
 -0.142202
 0.00784612
 0.0767414
 0.0465508
 -0.0552039
 0.0894635
 0.0481797
 0.0219805
 -0.0824572
 -0.0472379
 0.0229636
 -0.0390092
 0.146881
 -0.0173583
 -0.0854299
 0.00838207
 -0.0371125
 0.0768164
 0.0284105
 0.0824966
 0.0416248
 0.169393
 -0.023056
 0.0467702
 -0.0322591
 0.0105996
 -0.0744517
 0.114504
 0.297194
 -0.0419366
 -0.189844
 -0.0401524
 0.0811245
 0.0105947
 0.140239
 -0.193197
 0.0248874
 0.00474617
 0.0821775
 0.0638999
 -0.0960283
 0.0318208
 0.105989
 -0.166651
 -0.0392196
 0.0769657
 -0.191242
 0.112952
 -0.118756
 0.112182
 -0.163235
 -0.0241603
 0.110427
 -0.0185411
 -0.197434
 -0.0827386
 -0.0541755
 0.122671
 -0.0274228
 -0.0222025
 0.140667
 0.00731084
 0.0573476
 0.0990345
 0.164699
 -0.0339916
 0.127661
 0.102326
 0.0257039
 0.0817462
 -0.0339526
 -0.0572772
 0.033788
 -0.123858
 0.133385
 -0.0120622
 0.0180993
 0.0606737
 0.10377
 -0.163198
 0.0568898
 -0.17758
 -0.0108318
 -0.0235507
 0.121463
 0.167613
 -0.174269
 0.08442
 -0.120295
 -0.0210836
 0.0905866
 0.0569895
 -0.209423
 -0.0273435
 0.0135519
 -0.105657
 0.0396809
 -0.00654818
 -0.0105475
 -0.0111355
 0.06551
 0.0450214
 -0.0815521
 -0.00522846
 0.0569728
 -0.0680758
 -0.0060336
 -0.0155665
 0.0826334
 0.00215619
 -0.0840555
 0.0521503
 0.19235
 0.0847942
 -0.142864
 -0.0526908
 -0.136159
 0.114686
 0.113562
 0.0257544
 -0.000592718
 0.0442298
 -0.0681546
 -0.0750428
 -0.0786785
 0.0700064
 0.125952
 -0.0751849
 -0.0672208
 -0.0090156
 0.0599382
 -0.112827
 -0.0687958
 0.0675099
 -0.0862835
 0.110077
 0.142485
 -0.045701
 0.098969
 0.0818675
 -0.162033
 0.114898
 -0.189621
 0.0799866
 -0.143918
 0.123183
 -0.0518778
 -0.040355
 -0.0752258
 0.165358
 -0.0339904
 -0.0802287
 -0.113555
 -0.0906973
 0.0481615
 -0.00937139
 0.18749
 0.0964397
 -0.0693651
 -0.0030289
 -0.00829527
 -0.0649005
 -0.0194227
 -0.0746236
 -0.156215
 -0.156998
 -0.0461604
 -0.0859372
 -0.0306998
 -0.0733087
 0.0643773
 -0.0998555
 -0.066668
 -0.0150674
 0.00719536
 0.00853277
 -0.0174944
 -0.103773
 0.0582632
 0.0519806
 -0.027782
 0.041955
 0.0457976
 0.0874791
 0.0879946
 0.174743
 -0.196934
 0.0109401
 0.0381337
 -0.113593
 -0.0707232
 -0.00333864
 0.038838
 -0.044426
 0.0558564
 0.1589
 -0.207006
 0.11801
 -0.107813
 -0.0843249
 -0.0199115
 -0.056088
 -0.0198481
 0.00949448
 -0.000978316
 -0.0152971
 0.265346
 0.0828597
 -0.146898
 -0.116006
 -0.00858985
 0.215614
 -0.0457937
 -0.0102638
 0.0600302
 0.0492503
 -0.113076
 -0.175958
 -0.148483
 -0.004651
 -0.0295244
 0.0625334
 -0.201168
 0.0843773
 -0.0750124
 -0.119148
 0.0539037
 0.105803
 0.142964
 0.0977876
 -0.0804737
 0.088375
 -0.0917595
 0.0453219
 -0.0318229
 -0.0717133
 0.080332
 -0.136009
 0.0367309
 0.117675
 -0.0471724
 -0.0118304
 -0.103281
 0.0160234
 -0.0349975
 -0.268711
 0.111077
 -0.0584209
 0.169086
 0.0732669
 -0.0928405
 0.0339323
 0.160506
 0.0264233
 -0.0846596
 0.231095
 -0.240243
 -0.0989313
 0.147799
 -0.0298111
 -0.0777227
 -0.0915779
 -0.0309871
 -0.0320608
 0.101649
 -0.221455
 -0.129487
 0.0142922
 0.0242294
 0.0404372
 -0.013002
 0.206145
 0.0268768
 -0.0171437
 -0.0593526
 -0.0987712
 0.185938
 -0.0851647
 -0.122445
 -0.0420974
 -0.157109
 0.0872283
 0.0051439
 0.00344345
 0.0133468
 -0.0346092
 0.012902
 -0.224423
 0.0220542
 0.137782
 0.159633
 -0.100891
 0.00751732
 0.221211
 -0.0404518
 -0.0919393
 -0.0744864
 -0.0785275
 0.027821
 -0.0513512
 -0.214821
 -0.0896128
 -0.0593363
 0.0102275
 -0.04016
 0.0388701
 -0.124731
 -0.0779394
 -0.00063278
 0.024285
 0.03011
 0.00859907
 0.0214807
 0.0123281
 -0.10156
 -0.00419753
 0.10149
 0.0311348
 0.13511
 0.0972453
 0.13496
 -0.0378402
 0.0207396
 0.018106
 0.103536
 0.0737232
 -0.190854
 0.0301945
 0.0739843
 -0.0669442
 0.0987473
 -0.159485
 -0.00904638
 0.072113
 -0.131656
 -0.236781
 0.11301
 0.0136015
 -0.0306047
 0.00585891
 -0.0552247
 -0.0800928
 0.0673853
 -0.257139
 -0.136108
 -0.16409
 0.0092454
 0.209106
 0.0270931
 0.127733
 0.0547417
 0.0204611
 -0.0634394
 -0.0364689
 0.0858204
 -0.063623
 0.13351
 -0.106366
 0.0775474
 -0.272387
 0.0226726
 0.00115222
 0.066363
 0.0520833
 0.111245
 -0.253879
 -0.00022762
 -0.0071135
 0.0706156
 0.0850138
 -0.163817
 -0.0651899
 -0.0821297
 -0.0323513
 -0.0376975
 -0.0642127
 -0.0052693
 -0.0427977
 0.114358
 0.109072
 0.00173511
 0.043683
 -0.106996
 0.0689225
 0.0554034
 0.0609746
 -0.162753
 0.0907096
 -0.0234677
 -0.141721
 -0.0523481
 -0.226367
 0.0845603
 0.0415779
 -0.278804
 0.0117776
 0.0059047
 0.0115459
 -0.120023
 -0.0137226
 -0.0261096
 0.00781695
 0.051315
 -0.0342874
 -0.204571
 -0.0927996
 0.084009
 -0.055172
 -0.0944793
 0.0432462
 -0.0210252
 0.137815
 0.118195
 -0.0636254
 -0.0631506
 0.154312
 -0.116756
 0.00624974
 -0.0343976
 -0.137819
 -0.169397
 0.0411366
 -0.00479336
 0.130483
 0.00769499
 0.0188039
 0.137223
 -0.207426
 -0.220924
 -0.0223008
 -0.140105
 -0.127092
 0.0536544
 -0.0924355
 -0.0374896
 -0.0447882
 -0.0946818
 -0.119005
 -0.128865
 0.0446292
 0.0429021
 -0.0854737
 0.0109059
 0.0385221
 -0.051428
 -0.0158072
 0.0257554
 0.0400553
 -0.0740175
 0.0196925
 -0.108665
 0.0732928
 0.00723681
 0.0452302
 -8.35703e-05
 -0.0635034
 -0.00703828
 -0.0184239
 -0.0720258
 -0.0682763
 0.0919721
 -0.177476
 0.22985
 0.245514
 0.153721
 0.0627458
 0.0632419
 0.0894707
 -0.0445558
 0.0709683
 -0.174573
 -0.2243
 -0.094661
 0.134147
 0.131542
 -0.0828184
 0.135354
 0.0208664
 0.0527311
 0.0193885
 -0.0269489
 0.116154
 0.0195976
 -0.0155102
 -0.0654887
 0.042171
 -0.243726
 0.0181212
 -0.251551
 0.0164587
 0.259489
 0.110467
 -0.215863
 -0.0534135
 0.107306
 -0.187356
 0.008023
 -0.0351353
 0.0287862
 0.0930381
 -0.13532
 0.177878
 0.00509479
 0.0694021
 -0.0768902
 -0.0716301
 -0.0963574
 0.254678
 0.0519934
 0.0174769
 0.0516368
 -0.000913547
 -0.0634405
 0.144413
 0.0148291
 0.0637425
 0.0431197
 0.087616
 -0.164608
 -0.0216698
 -0.157635
 0.095893
 -0.107251
 0.0544322
 0.0205746
 0.0423189
 0.168119
 -0.04782
 0.139392
 0.0622772
 -0.0659358
 0.186831
 0.204745
 -0.191729
 -0.0582972
 -0.0160086
 0.0966476
 0.141586
 -0.242221
 0.0980829
 0.0801808
 -0.1485
 -0.0384052
 -0.0287389
 -0.0399664
 0.152357
 -0.0837512
 0.104164
 -0.0621312
 -0.0404934
 -0.147593
 -0.0272552
 0.102524
 0.0228104
 -0.212826
 -0.102402
 0.0530003
 -0.0592783
 0.058635
 0.104988
 -0.0473298
 0.0222199
 -0.00672765
 0.0529224
 0.0805576
 -0.0053231
 0.106552
 0.0230932
 -0.0465212
 0.00499396
 0.00813035
 -0.0649224
 -0.0150113
 -0.112448
 0.0115726
 0.0393399
 0.0747351
 0.127727
 -0.0662718
 -0.0480035
 -0.172494
 -0.0912888
 -0.162179
 0.266662
 -0.0827457
 -0.0778712
 -0.0478215
 -0.116466
 0.0614475
 0.0228955
 0.0603666
 -0.183848
 0.103305
 -0.190754
 -0.0964606
 0.0620115
 0.112326
 0.141024
 -0.277788
 0.0474506
 -0.186551
 -0.0746261
 0.0562526
 0.125311
 0.194137
 0.0187187
 -0.0945504
 -0.0154471
 0.0850018
 -0.0413999
 -0.0133035
 0.00416658
 0.121145
 -0.243695
 -0.103833
 -0.0561296
 -0.0906611
 0.0255049
 0.0179544
 0.00496046
 -0.0531771
 -0.0048722
 0.0743435
 -0.099854
 -0.0506339
 0.153436
 -0.0754958
 -0.131872
 0.00797446
 -0.0796368
 0.0957664
 0.0825502
 0.0182601
 0.0701226
 0.0409602
 -0.0257241
 0.00586905
 -0.0661797
 -0.153607
 0.087632
 0.0670891
 -0.160605
 -0.0876023
 -0.0902507
 0.106411
 0.0486168
 -0.151423
 0.0934242
 -0.103958
 -0.0346918
 0.145794
 0.0803517
 0.213935
 -0.100419
 -0.00497397
 0.0687851
 0.0281285
 -0.0101006
 0.0494238
 0.148433
 -0.156571
 -0.0118694
 0.0541085
 0.00551813
 -0.0764434
 -0.000305668
 -0.175343
 0.0259905
 0.138356
 -0.0807932
 0.0151102
 0.0832938
 -0.219306
 0.0241916
 0.075948
 0.132363
 -0.0740174
 -0.185488
 -0.101756
 0.0677995
 -0.0225312
 0.0289466
 -0.0184633
 0.00350284
 -0.13019
 -0.0577641
 0.0884245
 -0.164804
 0.0402621
 0.0383337
 -0.0535772
 0.0134884
 -0.0665494
 0.0707896
 -0.0347031
 0.15932
 -0.0344566
 -0.076416
 -0.0296458
 0.122448
 0.0171284
 0.0748044
 -0.0546704
 0.0444396
 0.0297535
 -0.0126586
 -0.0913679
 0.184549
 0.0186617
 -0.133902
 0.0108831
 0.0270264
 -0.0469031
 -0.131516
 0.068989
 0.19025
 -0.0375254
 0.0536538
 -0.0769355
 0.0330438
 0.00337381
 -0.00411955
 0.0671078
 0.114804
 0.152301
 -0.0874384
 -0.0479454
 -0.0105818
 0.00248182
 -0.134543
 -0.108771
 0.0281571
 -0.00229792
 -0.00803297
 -0.0870478
 0.0673016
 -0.0494205
 0.0382738
 -0.0459825
 -0.0250702
 -0.0927519
 0.15957
 -0.0222225
 -0.0930585
 0.0883825
 0.00461414
 0.0100042
 -0.0444524
 0.000597787
 0.0886282
 -0.0653588
 -0.0570376
 0.08363
 -0.132932
 0.00134695
 0.121109
 -0.054165
 -0.0850975
 -0.160188
 0.151531
 0.0167476
 -0.072152
 0.00243313
 -0.0441749
 -0.0706508
 0.123096
 -0.103869
 0.0136068
 0.00515802
 0.070825
 -0.0151808
 -0.10821
 0.256876
 0.0966912
 0.0979101
 -0.00450643
 0.244645
 -0.1596
 0.00716195
 -0.0399711
 0.0197731
 -0.0044975
 0.142151
 0.0285754
 -0.00645316
 0.0375605
 0.0993407
 -0.0962361
 0.0800056
 -0.0169807
 -0.000955305
 0.185611
 -0.0370692
 0.11758
 0.0585065
 0.0944231
 0.0734096
 0.0980582
 -0.050159
 -0.125764
 -0.108843
 -0.144227
 0.14928
 -0.0837025
 0.0839313
