 -0.0035533
 -0.251823
 0.518191
 -1.75414
 -1.17183
 -0.78774
 -0.145499
 -1.59831
 1.17593
 0.53805
 1.04341
 1.60771
 2.41155
 0.509645
 1.50781
 -0.52443
 -0.812115
 1.12712
 -0.896506
 -0.272763
 -0.253736
 -0.880511
 -1.11401
 -0.100542
 0.00823285
 0.806721
 1.67281
 0.048387
 -0.833937
 1.11192
 -0.209961
 -0.402023
 -1.15765
 -1.83111
 -1.17391
 -1.2425
 -1.37621
 -0.226565
 -1.24631
 -1.5973
 -1.1292
 -2.42788
 -1.72884
 -2.18823
 -1.38794
 -1.74115
 -0.0395957
 1.25104
 -0.158867
 0.0625471
 -1.59942
 1.68279
 -0.228993
 2.30901
 -0.328236
 0.424426
 0.595158
 0.459123
 0.334233
 -0.0930601
 1.15357
 1.20769
 1.99122
 -0.328897
 0.743813
 -1.0993
 -0.808731
 -1.49811
 -1.01994
 -0.124586
 -1.78896
 0.225574
 0.555352
 -0.0917857
 1.10573
 1.62878
 2.42634
 0.702912
 2.39538
 1.40593
 0.609203
 1.72576
 2.10061
 2.00072
 1.19973
 3.06345
 1.85344
 2.45192
 1.84617
 2.4975
 1.3501
 1.91184
 0.53695
 0.873961
 0.395488
 1.36327
 -0.194225
 -0.917611
 1.12148
 -0.705089
 0.988199
 -1.36305
 0.873532
 -0.390998
 1.36545
 0.00921205
 1.78065
 0.424521
 -0.963391
 0.072938
 -0.609753
 -0.696251
 0.180204
 0.0199588
 0.614535
 -0.513645
 -0.302139
 -0.320949
 -0.868792
 -0.400758
 0.526175
 0.0214082
 1.19832
 0.81449
 0.777639
 1.79758
 0.00701616
 -0.487791
 1.5111
 2.01026
 2.01568
 1.7041
 1.45661
 1.01606
 0.815297
 0.804445
 -0.803344
 -1.00098
 -0.805346
 0.0478662
 -0.0772617
 -0.288755
 0.0552139
 -1.15413
 -1.40495
 -2.20429
 -0.460983
 -0.107027
 1.21337
 -0.998198
 0.395571
 -0.458776
 0.228849
 -1.98135
 -0.99096
 -0.0900022
 1.07489
 1.16795
 0.421662
 0.559342
 -1.09706
 0.708832
 -0.378659
 0.84133
 0.0485087
 1.17124
 -0.216672
 0.591421
 -0.00976628
 -0.157251
 0.483478
 0.520584
 2.37478
 1.37301
 1.18424
 -0.208954
 -0.252612
 0.0446878
 -0.0453021
 0.178182
 -0.0621287
 -0.390137
 0.0170249
 -1.10459
 0.858713
 -1.56396
 1.66342
 0.879458
 1.75895
 0.969179
 0.806931
 0.480523
 0.365377
 0.633518
 0.731468
 -1.36389
 -1.32242
 -0.600214
 0.433952
 0.0832223
 -0.0225238
 -0.784449
 -0.781973
 0.432161
 -0.825049
 -0.45668
 -0.543733
 -1.24218
 -0.436926
 -1.35954
 -0.283874
 -1.69705
 -0.853978
 -0.464872
 -0.256174
 0.73169
 -2.14041
 -0.254502
 -1.84071
 0.478955
 -0.460395
 0.307044
 -0.952748
 1.12146
 -0.0787002
 0.894842
 0.310225
 1.7209
 -0.162929
 2.03614
 0.422789
 1.27172
 -0.538012
 0.109277
 -1.3633
 -0.581743
 -1.27635
 0.754822
 -0.503654
 0.66239
 -0.809829
 0.0320561
 0.402872
 0.963222
 2.02332
 1.56339
 1.60884
 0.485497
 0.772607
 0.220814
 1.44668
 0.839583
 0.353324
 1.91774
 0.906622
 0.914454
 0.398325
 -0.230288
 0.446217
 -0.957072
 -0.339413
 -0.976718
 -2.76272
 -1.77807
 -0.673777
 0.852934
 -0.169997
 -1.03503
 0.923861
 -0.900672
 0.185681
 -0.814392
 1.99932
 -0.205136
 0.29852
 -0.510592
 -1.31812
 -1.26207
 -1.39342
 0.595281
 0.647914
 1.31473
 1.07256
 -0.164972
 2.22055
 -0.692348
 -0.0239214
 0.788415
 -0.339446
 0.315495
 0.381212
 -0.432722
 -0.825907
 0.103483
 -0.21622
 0.392978
 2.0138
 0.849962
 0.292287
 -0.197696
 0.670169
 -0.0289494
 -0.76204
 -0.731943
 -0.309722
 0.317791
 0.735391
 0.220282
 1.60993
 3.06358
 1.49229
 1.3243
 1.74142
 0.923534
 -0.00378765
 -0.378007
 -0.564596
 -0.472599
 0.894023
 -0.0668678
 -1.8458
 -0.304672
 -0.49497
 -0.623686
 -0.691814
 -1.31656
 0.245385
 -0.302323
 -0.829012
 -1.41658
 -1.30923
 -0.312918
 -1.1566
 -2.4231
 -0.452637
 -1.8582
 0.996743
 -0.77099
 -0.467059
 0.855333
 -0.374398
 2.08133
 1.22966
 0.907814
 1.44771
 0.264412
 0.853185
 -0.0856609
 0.970615
 0.574704
 -0.139834
 -0.90231
 -0.864363
 -0.991425
 -2.38669
 -0.153717
 -2.09475
 -0.836815
 -3.2283
 -0.84962
 -1.66325
 -0.82081
 -1.10715
 -0.423422
 -0.447706
 -0.795967
 -0.0345334
 -0.75061
 -1.521
 -1.77983
 -1.33114
 -0.126666
 -0.299764
 -0.923766
 0.262298
 -2.31586
 -1.54569
 -2.27504
 -2.76619
 -1.82261
 -1.63803
 -0.835757
 -0.436012
 -0.226676
 -0.102557
 0.0531712
 -0.352105
 -0.0274063
 -0.433745
 -0.435003
 0.915645
 0.86099
 1.72017
 -0.517382
 0.510499
 0.441653
 -0.0717603
 0.26129
 -0.446585
 1.45458
 -1.11131
 0.480604
 0.359726
 0.0840675
 0.664899
 -0.898628
 0.647765
 0.344155
 0.677622
 -0.899782
 0.238574
 -0.442117
 -1.04625
 1.51487
 -0.284345
 0.237197
 0.988871
 0.338758
 1.02769
 0.98371
 1.47445
 0.468459
 1.05632
 0.975978
 1.02971
 0.433199
 1.09511
 0.895014
 1.77753
 0.190712
 1.24597
 -0.190086
 1.96752
 0.952564
 1.44156
 1.66959
 2.50978
 0.186738
 0.132871
 -0.502015
 0.810034
 0.0213098
 1.13475
 1.47242
 1.09332
 2.01425
 1.07306
 -0.187402
 1.83868
 -0.29157
 1.48196
 -1.22855
 -0.303183
 -1.46154
 -1.4214
 -0.371371
 -1.60034
 1.08397
 -0.755088
 0.510251
 -1.52
 -0.156386
 -0.959041
 -1.83817
 -1.00534
 -1.14425
 0.0173076
 -1.97132
 -1.45686
 -1.59776
 0.394015
 0.328875
 -0.350591
 0.0101104
 -1.94453
 -0.641868
 -0.467032
 -0.464897
 -1.19774
 0.565052
 1.85196
 0.0293893
 1.24621
 1.58081
 2.17469
 2.23182
 1.66652
 1.54681
 0.175906
 0.774766
 -0.11451
 0.492105
 -1.69355
 -0.987912
 0.0254624
 0.924632
 -0.366857
 0.0975082
 -0.761143
 -0.496687
 -0.495833
 0.456429
 1.10632
 -0.337685
 0.921295
 1.57368
 -1.56583
 -1.72709
 -0.281975
 -0.51638
 -0.819795
 -0.00493418
 -0.712028
 0.0370754
 -0.592518
 -1.3194
 -1.24307
 -1.19665
 -0.434004
 -0.145147
 -0.239479
 -0.533883
 -0.260614
 0.51853
 0.522826
 0.702564
 1.70231
 0.610051
 0.678904
 0.609264
 -1.06134
 -1.27975
 0.333565
 0.0654418
 -0.664389
 -1.30259
 -1.18148
 -1.08136
 -1.40656
 -0.731297
 -1.10059
 -1.08077
 -1.38196
 -1.06431
 0.391246
 -0.176584
 -1.27423
 -0.899032
 0.313561
 0.381592
 -0.388622
 -0.983001
 -0.720345
 -0.842993
 -0.349628
 -0.791672
 -1.38509
 -0.663394
 -2.14041
 -1.31074
 -1.07441
 -1.42462
 -0.285976
 0.775074
 0.504072
 -0.634757
 -0.0623573
 0.0787934
 0.844141
 1.49334
 0.614622
 0.0976181
 -0.829961
 0.597267
 0.924567
 1.44039
 -1.39015
 0.578848
 -0.708759
 0.40648
 -0.0208285
 -1.53061
 -2.10003
 -0.197778
 -2.53003
 0.334692
 -0.84249
 -0.299112
 0.146338
 -0.00982334
 -0.553573
 -1.735
 -0.408474
 -2.32768
 0.267378
 -0.165136
 0.0334927
 0.520413
 1.31931
 1.68099
 1.98526
 2.01723
 1.64831
 1.71633
 -0.197117
 -0.243641
 0.927364
 0.122594
 0.768166
 0.0231888
 -0.599191
 0.64765
 0.617212
 1.81419
 1.07018
 -0.409989
 0.00280989
 1.10785
 1.2502
 0.758228
 0.672956
 0.281747
 -0.76729
 1.099
 -0.447641
 0.6681
 2.36629
 0.541821
 1.99025
 0.853336
 1.3125
 0.229833
 2.66178
 0.351744
 0.954215
 0.668145
 0.807506
 0.887369
 0.48944
 -0.524783
 1.27707
 0.539222
 0.525777
 -0.983275
 -0.651248
 -1.04141
 -0.313355
 -0.591649
 -1.14339
 -0.0960631
 1.87981
 0.22217
 0.218413
 -0.293111
 1.28206
 0.145469
 1.57076
 1.6648
 0.509914
 1.81781
 1.54811
 0.478114
 1.2103
 0.212327
 2.00327
 1.69443
 0.696758
 2.12682
 2.5987
 3.56761
 0.918633
 3.05743
 1.86081
 1.49605
 0.667595
 1.19544
 1.88168
 -0.303176
 0.988039
 -1.83169
 -0.293215
 -1.47893
 0.116201
 -1.17387
 -0.501199
 -2.17972
 -1.58818
 -0.533659
 -0.500642
 -0.219726
 -0.560496
 -1.34367
 -0.345579
 -0.733817
 0.190795
 -0.239267
 1.46507
 0.248815
 0.533608
 -0.419046
 -0.224917
 -0.874861
 -0.235907
 0.384359
 -0.161606
 0.658337
 -0.424186
 1.41078
 -0.128601
 1.64953
 -0.68107
 0.238491
 -1.26513
 0.614007
 0.825845
 0.816927
 3.96659
 1.7935
 3.42665
 1.83229
 1.56258
 0.416795
 -0.474757
 -1.49558
 -0.0870074
 -1.01534
 1.26843
 -1.0049
 -2.17536
 -0.626001
 -1.28014
 -0.235905
 -2.5313
 -3.86891
 -2.84728
 -2.15501
 0.0914222
 -0.760582
 -0.5332
 -1.1745
 0.19888
 -0.687549
 0.115626
 -0.123253
 0.970807
 0.0364963
 0.630496
 -2.18237
 -0.973578
 -0.649457
 -2.00515
 -0.0757787
 -1.16723
 1.56955
 0.0312059
 1.88941
 2.21462
 1.72326
 2.10445
 2.42576
 2.91891
 1.38361
 0.22876
 0.00563109
 -1.05176
 0.093294
 0.413575
 1.7442
 2.11065
 1.5256
 -0.660626
 -0.159389
 -0.550382
 -0.0696047
 -2.06005
 -1.21967
 -0.0410251
 -0.957641
 -0.119599
 -1.969
 -1.80513
 -2.13474
 -1.7113
 0.182502
 -0.663612
 -0.116255
 0.911727
 -1.545
 -0.307414
 -0.962872
 -0.177555
 -0.19742
 0.0375397
 -0.179318
 -0.916998
 0.127003
 -0.720973
 -1.06684
 -1.63528
 -0.742941
 -0.540738
 -0.860553
 -1.64534
 -1.66421
 -0.78165
 -0.110029
 0.350872
 -0.947313
 -0.508542
 -0.987028
 -0.18917
 -0.582348
 0.169688
 -1.28499
 -1.30056
 0.977734
 -0.142946
 -0.69325
 -0.298171
 -0.698023
 0.51861
 0.780088
 0.934378
 -1.18637
 -0.901235
 -0.74283
 0.0601559
 -0.277048
 -2.11424
 -1.4078
 -3.03028
 -0.598663
 -0.920179
 -1.3074
 -1.13357
 -0.784779
 -0.208266
 -0.935775
 -2.19386
 -1.8331
 -0.737578
 0.136028
 -0.866242
 0.594916
 -0.292425
 0.203642
 0.307118
 -0.247023
 -0.0260307
 -0.162771
 -0.952323
 -0.874628
 -2.2193
 -0.874609
 -2.72403
 -1.43059
 -1.45647
 1.0346
 0.465547
 -0.0134967
 0.653219
 -0.538887
 1.55385
 -0.0752681
 0.661354
 1.8901
 1.75667
 1.32919
 1.14971
 1.10925
 0.939516
 2.18637
 1.45331
 2.07094
 1.33499
 -0.87659
 0.0739134
 -1.70474
 -0.504095
 -3.049
 -0.097032
 -1.30037
 0.883259
 0.166177
 0.0353842
 0.125773
 -0.891256
 -0.604158
 -0.536898
 0.250982
 0.299267
 0.514463
 0.477967
 0.254772
 -0.207097
 2.67737
 0.254975
 2.26361
 0.0797095
 1.85151
 -0.0282577
 1.32072
 -0.112097
 1.60964
 0.0378642
 1.9558
 1.30291
 0.651281
 -0.213236
 -0.706608
 1.65249
 -0.245197
 1.99173
 -1.17556
 0.0744523
 -1.8725
 -0.668119
 -1.10317
 -1.9008
 0.325208
 0.35688
 2.07188
 0.744681
 -0.454093
 -0.0238793
 0.319132
 1.68439
 0.666818
 -1.69824
 0.305628
 -1.42104
 1.10204
 -0.0681452
 0.662548
 0.90672
 1.20417
 0.694601
 0.327939
 0.0788198
 -0.513558
 -0.3119
 -0.942562
 0.0668819
 -0.580441
 1.02751
 -0.0578205
 -0.811431
 0.532311
 -0.268576
 1.04366
 -0.639579
 -0.530601
 0.84242
 -0.358359
 -0.379958
 -0.896446
 -0.399675
 -0.980361
 -1.94822
 -1.35238
 -1.54807
 -0.10636
 -0.576705
 0.621202
 -0.0805508
 0.0317876
 0.689493
 -1.53308
 -2.09086
 -0.425298
 0.380538
 0.552427
 0.807834
 1.35041
 1.09215
 1.45565
 2.35949
 2.1662
 1.94616
 0.657672
 -0.939075
 -0.686104
 0.0423247
 -0.643615
 -0.68487
 -0.869165
 0.881236
 0.801512
 1.09409
 1.54661
 1.79422
 1.85177
 0.489459
 0.384392
 0.604034
 0.799024
 0.343373
 1.45366
 0.902998
 -0.0833416
 0.0969168
 -0.579418
