 -3.20184
 1.82124
 -1.33879
 -0.58276
 0.128135
 -0.159514
 -0.880718
 1.12726
 -0.571906
 0.387527
 -0.17583
 0.0243131
 -0.234491
 0.00192061
 0.759059
 -0.0623276
 0.639099
 0.561428
 2.30499
 -0.424678
 1.18532
 0.0557707
 -0.126393
 -0.0530257
 0.951016
 1.52597
 0.68234
 0.882261
 -0.048673
 0.578651
 0.2027
 -0.406708
 0.664102
 0.17405
 -0.993883
 0.576825
 0.272267
 2.221
 2.30797
 -0.327818
 1.38183
 0.61548
 0.215833
 0.11408
 1.57054
 0.163057
 -2.05986
 1.10517
 -0.992623
 0.23127
 -0.437204
 1.76954
 1.24296
 -1.6414
 1.96111
 -0.148245
 2.76521
 0.713767
 0.382283
 0.412704
 0.491506
 0.837755
 0.229447
 -1.3955
 -1.53986
 -1.47459
 0.210594
 -0.370641
 0.231103
 -1.58621
 2.23593
 -0.602633
 1.87596
 0.489085
 -0.631965
 0.0531983
 0.115086
 -0.879412
 0.341092
 0.832473
 -0.767939
 -1.28891
 -0.40085
 1.26722
 0.257388
 -0.596225
 -0.361354
 -0.976292
 0.11596
 0.425057
 0.897424
 -0.366872
 0.647598
 1.11271
 0.0629968
 1.253
 1.16793
 1.62898
 1.07329
 0.560134
 2.16032
 1.52155
 0.506408
 0.352134
 1.14079
 0.389634
 0.0193047
 -0.0502905
 0.177194
 -0.688332
 -0.457616
 1.25484
 -0.75827
 1.58281
 -1.20324
 1.23191
 0.583707
 1.069
 -0.599363
 -0.687148
 0.406615
 -1.41801
 -0.131391
 -0.94155
 -0.908794
 -0.259235
 -0.209202
 -0.114951
 0.361817
 -0.158804
 -0.990912
 -0.286819
 -0.766035
 -0.403735
 -1.67699
 0.739692
 0.0740588
 -1.78292
 0.422107
 -0.621646
 -0.660177
 -1.61587
 -0.39321
 1.16736
 -1.74018
 1.09936
 -0.29282
 -0.26723
 -0.276851
 -0.252568
 2.06443
 0.0712498
 0.847004
 1.046
 1.01274
 0.830012
 -0.525435
 0.438781
 -1.18586
 -0.0174499
 0.255716
 -0.55627
 0.452351
 0.0466278
 0.984393
 -0.856341
 -1.05421
 -0.181758
 0.832997
 -0.754109
 2.12414
 -0.948446
 1.10356
 -0.739979
 0.023711
 -0.296526
 0.602098
 -1.51258
 0.128025
 0.694124
 -0.721841
 -0.794566
 0.496259
 -0.392316
 -0.858579
 -0.373887
 0.0110061
 0.345512
 0.347687
 -0.985051
 0.787262
 -0.281558
 -0.738772
 -1.23517
 -0.812804
 -0.403793
 -0.679056
 -0.470696
 -1.87389
 0.290329
 -0.185999
 -1.36122
 0.226016
 0.0491825
 -0.369781
 -0.859862
 -0.392893
 0.136735
 -0.0456302
 -1.25797
 0.4879
 -1.63972
 0.957929
 0.321393
 1.65112
 0.661939
 0.533824
 -0.168912
 0.780622
 1.02253
 -0.804645
 0.548543
 0.243073
 0.535874
 0.938532
 0.0699122
 -0.0459654
 -0.853299
 0.946307
 0.235334
 1.85906
 1.12076
 1.63428
 0.161848
 1.84533
 -0.447502
 1.28783
 -0.171734
 1.20222
 0.861359
 -0.260124
 -0.533331
 1.49539
 0.477689
 0.0720624
 1.26203
 -0.30853
 -0.233124
 -0.422395
 -0.4468
 0.0984448
 -1.73485
 -0.508602
 -1.92911
 -0.238634
 -0.70896
 -0.334549
 1.06056
 -0.809394
 -0.637945
 0.413182
 0.512686
 -0.850203
 0.0874945
 -1.03684
 -0.237347
 -2.03493
 -0.404838
 -1.36439
 -0.516164
 1.11996
 0.367346
 -0.526629
 0.383736
 -0.227927
 1.14869
 -0.444015
 -1.01132
 -0.398707
 -1.14956
 0.43747
 0.325557
 0.730725
 0.32484
 0.231051
 0.246247
 -0.464042
 1.81953
 -0.0521158
 0.650045
 -0.44517
 -0.243146
 0.192576
 -1.40335
 -0.788462
 -0.450181
 0.451328
 1.04072
 -0.110807
 -0.0966372
 0.936418
 0.310632
 -0.74021
 0.461201
 -0.041036
 1.34529
 -1.84247
 1.13755
 -1.49149
 -1.10232
 -2.25483
 -0.812477
 -0.245194
 0.536519
 0.914083
 0.722207
 -0.408401
 0.146563
 -0.160837
 -0.682557
 -0.213005
 0.312609
 -0.820598
 1.08943
 -1.73354
 -0.824374
 -1.37765
 -0.600389
 -0.126447
 0.985098
 -0.558654
 1.09278
 -0.0488147
 1.79324
 0.692573
 -0.0960756
 0.503209
 0.592643
 -1.89874
 0.757374
 0.301238
 -0.261067
 0.442015
 0.495643
 -0.275329
 -1.67272
 -0.60499
 -0.929836
 -0.428764
 -1.13094
 -1.30305
 0.0850637
 -0.686404
 -0.117226
 -0.28942
 0.692717
 -0.353082
 -0.387377
 -1.11039
 -0.154059
 -1.01477
 -0.180094
 -0.654281
 0.190888
 0.132056
 0.308682
 -0.317102
 -0.099273
 -0.525242
 -0.246261
 -1.04901
 -0.225516
 -0.750863
 -0.251987
 0.58868
 0.59672
 0.884233
 0.953707
 0.597982
 -0.410393
 0.238002
 -1.03546
 -0.64247
 -1.36656
 0.0537415
 1.5277
 -1.85034
 0.493414
 -0.506836
 0.0600813
 -0.303622
 -1.64137
 0.554839
 -0.156116
 -1.17147
 -0.816795
 -1.28336
 -0.573735
 1.20576
 -1.39012
 0.820333
 0.525147
 -1.16335
 0.127418
 0.00143662
 -0.888396
 -0.807223
 0.219321
 -0.179547
 0.620867
 0.49996
 0.378251
 -1.08012
 0.897276
 -1.41748
 -0.427477
 0.26024
 0.17425
 -1.10683
 1.00393
 -0.74531
 -0.0832435
 0.0771415
 -0.179417
 1.25207
 0.368181
 1.68186
 1.34302
 -0.393553
 -0.397883
 -0.491572
 -0.641651
 -1.72953
 -0.886504
 -0.616257
 -1.39174
 -2.12313
 0.860419
 -0.09391
 -0.653462
 0.460604
 0.211848
 -0.418924
 0.279105
 -0.231121
 0.433509
 -0.193145
 0.429307
 0.00196213
 1.14633
 0.806694
 0.364357
 2.02106
 -1.29459
 -0.17606
 -1.5548
 0.865996
 -2.08975
 -1.60067
 0.00301905
 -1.24259
 -0.679793
 -0.655244
 0.620859
 -0.78676
 -1.22191
 0.578256
 -0.186442
 0.300602
 0.139204
 -1.5518
 0.543023
 -0.479387
 0.620684
 -0.0540734
 -0.741857
 -0.780688
 -0.751646
 -1.29585
 0.717819
 -0.606364
 -0.0743048
 -1.38023
 -0.45611
 -0.822085
 -1.3405
 -1.12363
 -1.67243
 0.244322
 -1.13594
 -0.8049
 0.100617
 -1.37567
 1.17337
 0.775944
 0.530589
 -0.537088
 1.26871
 0.860557
 0.760508
 1.2568
 -0.208258
 0.685993
 1.05492
 -2.36219
 0.283712
 0.735529
 0.0207223
 0.75802
 0.772306
 -1.25333
 0.0534059
 -0.579288
 -0.37692
 0.579395
 0.187096
 0.0546974
 0.315884
 -0.607958
 -0.231105
 0.631368
 0.535049
 0.575943
 0.366203
 -0.904635
 2.29157
 -0.246393
 2.69685
 -0.18656
 2.04209
 0.326734
 0.202234
 0.728479
 0.21314
 2.37286
 -0.125468
 2.44221
 -1.35448
 1.95625
 -0.0688405
 -0.755557
 0.194402
 -0.0632609
 0.515355
 0.190474
 -0.00659747
 0.00809589
 -1.04822
 1.55138
 -0.956436
 1.42278
 -0.133431
 0.102315
 -0.410543
 0.110973
 -0.632059
 -0.647745
 -0.576698
 0.744337
 -1.34511
 1.13603
 -0.715707
 1.78845
 -0.501113
 1.40112
 -0.272974
 1.33115
 0.694709
 0.470523
 -0.727423
 0.487986
 0.310149
 -0.564798
 1.14023
 -0.475484
 0.287822
 -0.466741
 -0.897262
 0.102581
 0.260899
 -2.17718
 0.050675
 -0.921685
 0.513355
 -1.51406
 0.43136
 -0.811264
 -0.0850867
 0.362096
 -0.984191
 0.259704
 -0.149839
 -0.471206
 -0.0645819
 0.0431384
 -1.86247
 0.319475
 0.0642897
 -1.62791
 -0.972581
 -1.18671
 0.129122
 -0.89874
 1.12621
 -1.44093
 1.32085
 -1.59295
 1.43139
 0.456267
 0.444554
 -0.171863
 -0.182091
 0.533865
 -0.792381
 1.16224
 -0.593488
 2.14943
 1.07265
 -0.692797
 -0.316149
 0.936138
 0.354073
 1.29318
 0.444725
 -0.574654
 0.387934
 -0.588673
 0.17196
 -0.411194
 -1.02088
 -0.24745
 -0.969174
 0.469107
 -1.06263
 -0.163375
 1.07056
 -0.820461
 0.242998
 0.337047
 0.253745
 0.427934
 -0.0425037
 -1.26914
 0.421477
 0.526076
 -0.457727
 1.90194
 -0.772916
 0.799749
 -0.382367
 -0.419351
 -0.917404
 -1.88692
 -0.571607
 -0.559098
 -1.6145
 -0.105721
 -2.04963
 -0.119342
 -1.38009
 -1.4433
 0.16816
 -0.197741
 0.527304
 0.0213538
 -0.570855
 0.277188
 0.697186
 -0.564814
 0.317889
 0.897203
 0.00995616
 1.07222
 -0.948993
 1.25745
 0.548023
 0.898167
 0.11788
 1.74594
 -0.234088
 -0.340942
 0.694066
 -0.909278
 1.0353
 -0.142707
 1.01405
 0.14364
 1.27
 0.464427
 0.0767217
 -0.281506
 1.38078
 0.26107
 0.983389
 0.0583264
 0.124348
 1.19866
 0.426006
 -1.95126
 0.543276
 -1.58339
 1.0258
 -1.46972
 0.874645
 -1.57313
 0.871599
 -1.42238
 1.30822
 -1.03148
 0.379891
 -0.626038
 -0.635791
 0.504254
 -0.706609
 -0.829351
 0.799373
 -1.07304
 -0.250796
 -0.745779
 -0.409426
 -1.25261
 1.28735
 -2.07896
 -1.11142
 -0.523571
 -0.49066
 0.223199
 -1.08853
 -1.22948
 -0.174598
 -0.264718
 -1.97213
 -1.39914
 0.183265
 -2.00447
 1.19541
 -2.34929
 0.981964
 -1.69565
 0.295817
 0.479493
 1.52227
 0.246783
 2.01672
 -0.278482
 0.615022
 1.21004
 -0.168901
 1.84622
 -0.477148
 1.20717
 1.03932
 0.406711
 0.611865
 1.18222
 -0.0222716
 1.45022
 0.850514
 -0.96173
 -0.480925
 0.678057
 -1.41854
 0.909611
 -1.42702
 1.24297
 -2.80295
 -0.00888145
 -0.697964
 -0.449566
 -0.0361385
 0.406714
 -0.197877
 -0.362252
 -0.022687
 0.381712
 -1.0053
 1.47136
 -1.65789
 0.172066
 -1.27359
 1.29666
 2.38141
 -0.812568
 0.361498
 -2.2766
 -1.37695
 -0.191239
 0.134435
 1.04267
 -0.0142851
 0.30097
 -0.221556
 -0.778619
 -1.32264
 1.48095
 -0.548775
 -0.978508
 0.660541
 -1.57424
 0.702829
 -0.52452
 -0.171486
 -1.44549
 0.738546
 -0.810472
 0.572549
 -1.04177
 0.421722
 -0.777194
 -0.951922
 0.113599
 -0.673324
 -0.549239
 1.57753
 0.409326
 0.415895
 1.79318
 -1.47828
 0.788647
 -0.163787
 0.438437
 -1.25598
 1.26711
 -1.19886
 -1.99191
 -0.781453
 -0.0885475
 -0.512641
 -0.782441
 -0.84137
 -0.162109
 0.119816
 -1.03126
 0.220822
 -1.19986
 0.206124
 -1.38167
 1.90858
 -1.17617
 0.207129
 -0.655809
 -0.775623
 0.433057
 0.579529
 -0.371406
 -0.00757772
 -0.126161
 -0.656752
 0.671034
 -0.0230087
 0.0740417
 -0.448752
 1.90282
 0.317866
 1.49852
 0.594743
 1.37642
 -0.0293998
 -0.828537
 2.14388
 -0.0761695
 0.0739771
 0.122835
 0.855571
 -0.756199
 2.01065
 -1.16418
 -0.0295598
 0.546789
 0.0657461
 -0.23149
 0.951868
 2.08584
 0.594229
 -1.66675
 0.986133
 -1.36657
 -0.102305
 -2.07385
 -0.517252
 -1.01355
 -0.00564309
 -1.37236
 0.513661
 -1.74015
 0.79381
 -1.90755
 -0.482037
 -0.544621
 0.343402
 -1.08542
 0.884188
 0.665963
 0.979496
 -0.518556
 -0.260577
 0.09513
 0.575152
 -1.27197
 0.164458
 0.48725
 0.384904
 0.412338
 -0.643494
 0.562221
 1.09843
 0.377289
 1.51226
 1.03982
 0.944156
 0.693395
 -1.57141
 -0.0819592
 0.302356
 -0.269214
 0.778653
 -1.74485
 0.916002
 -1.82303
 0.359196
 -1.21379
 1.26604
 -0.442217
 0.067243
 -0.142319
 -1.32106
 0.862462
 0.10754
 0.915493
 1.65294
 -0.26784
 1.23618
 0.133798
 1.55802
 -1.6895
 0.396065
 -0.786201
 -1.22257
 -1.20131
 0.61422
 -0.663007
 2.23525
 0.109285
 0.222058
 -0.00483707
 -0.446035
 0.468599
 -0.316709
 0.585446
 0.11295
 0.540518
 0.595285
 0.0894575
 1.45756
 0.900897
 0.486019
 -0.86062
 1.44778
 -0.0916227
 -0.162226
 0.605513
 -0.760113
 1.63468
 -0.379905
 -0.112156
 0.90012
 0.27567
 -0.117134
 1.88522
 0.343018
 2.15439
 -0.676781
 0.0792587
 0.62025
 -0.226831
 0.898947
 -0.671288
 -0.239002
 1.37012
 -0.388813
 -1.04115
 -0.381682
 -0.265466
 0.296672
 -1.41823
 1.2514
 -0.726267
 0.00226438
 -1.19139
 -1.05568
 -1.60468
 1.18902
 -1.04996
 -0.408807
 0.624209
 -0.277217
 1.65456
 0.396404
 0.504387
 -2.15347
 -0.191437
