 -0.178576
 0.52363
 -1.776
 -1.2652
 -0.828376
 -0.279274
 -1.57515
 1.25127
 0.49472
 1.0206
 1.47508
 2.50657
 0.629907
 1.58167
 -0.66533
 -0.881292
 1.07348
 -1.07984
 -0.325836
 -0.217299
 -0.916848
 -1.01115
 -0.0374307
 0.217435
 0.75169
 1.83846
 -0.059955
 -0.783048
 1.08837
 -0.330557
 -0.309955
 -1.1209
 -1.91233
 -1.12657
 -1.24244
 -1.36226
 -0.15364
 -1.29943
 -1.66371
 -1.28614
 -2.48048
 -1.66004
 -2.14871
 -1.35651
 -1.66292
 0.102571
 1.21706
 -0.120854
 -0.0218159
 -1.57083
 1.76543
 -0.15376
 2.30826
 -0.243838
 0.483736
 0.641292
 0.469523
 0.324022
 0.06253
 1.16188
 1.03711
 1.81603
 -0.448443
 0.549403
 -1.00643
 -0.838763
 -1.50453
 -1.01224
 -0.183941
 -1.6195
 0.213052
 0.527851
 -0.171934
 1.06506
 1.57171
 2.41224
 0.867875
 2.56715
 1.45941
 0.5884
 1.78279
 1.99473
 1.85302
 1.24483
 3.07278
 1.68552
 2.36523
 1.88723
 2.71668
 1.4477
 1.9112
 0.464844
 0.875695
 0.53567
 1.23942
 -0.275271
 -0.957133
 0.999054
 -0.650766
 1.00912
 -1.39112
 0.850213
 -0.376938
 1.20643
 0.0258032
 1.91414
 0.543146
 -0.928185
 0.0459654
 -0.643072
 -0.689456
 0.0904226
 -0.0697858
 0.632753
 -0.427491
 -0.328993
 -0.334778
 -0.944393
 -0.468837
 0.537945
 -0.00754541
 1.06088
 0.639981
 0.860961
 1.71767
 0.0722134
 -0.436486
 1.385
 2.09197
 2.04844
 1.77997
 1.45145
 0.950108
 0.868049
 0.777865
 -0.715175
 -0.966598
 -0.54418
 0.0903644
 -0.145928
 -0.168281
 0.096474
 -1.21303
 -1.40624
 -2.17716
 -0.376787
 -0.104079
 1.14216
 -0.839459
 0.457468
 -0.459401
 0.159213
 -1.94095
 -0.962484
 -0.00341438
 1.08722
 1.10824
 0.392013
 0.579036
 -1.09713
 0.56388
 -0.317749
 0.990106
 0.177819
 1.21401
 0.0786532
 0.620851
 -0.187441
 -0.235098
 0.523914
 0.410822
 2.23551
 1.38518
 1.22715
 -0.382692
 -0.160732
 0.142136
 -0.207399
 0.187351
 -0.103505
 -0.548569
 -0.012034
 -1.03082
 0.841372
 -1.44141
 1.67891
 0.837935
 1.58425
 0.980064
 0.784526
 0.301756
 0.334993
 0.525032
 0.739215
 -1.34765
 -1.33666
 -0.612545
 0.527702
 0.134503
 -0.0733629
 -0.945811
 -0.715305
 0.480173
 -0.703989
 -0.477438
 -0.586307
 -1.30872
 -0.537991
 -1.36588
 -0.378936
 -1.59719
 -1.13236
 -0.504339
 -0.174561
 0.919461
 -2.09957
 -0.122613
 -1.77685
 0.441291
 -0.42217
 0.210153
 -0.91606
 1.13054
 -0.105431
 0.76872
 0.275059
 1.60018
 -0.0949598
 1.95268
 0.423146
 1.21001
 -0.498686
 0.120499
 -1.31688
 -0.607048
 -1.17055
 0.794043
 -0.494601
 0.725208
 -0.786166
 0.0459602
 0.272158
 0.939016
 2.02259
 1.68274
 1.72642
 0.390541
 0.79047
 0.0811362
 1.40618
 0.634761
 0.446657
 1.90777
 0.745637
 0.770543
 0.342303
 -0.108345
 0.450615
 -0.950372
 -0.307733
 -0.977966
 -2.90111
 -1.80204
 -0.53864
 0.922533
 -0.336751
 -1.00108
 0.861818
 -0.970716
 0.133935
 -0.760225
 2.05196
 -0.182357
 0.144568
 -0.657327
 -1.33116
 -1.26132
 -1.41509
 0.506038
 0.836821
 1.33584
 0.937077
 -0.125822
 2.11871
 -0.762057
 -0.110917
 0.76256
 -0.290876
 0.421307
 0.316216
 -0.456675
 -0.841694
 0.123646
 -0.182084
 0.628027
 1.82946
 0.937686
 0.34093
 -0.426654
 0.653179
 -0.169064
 -0.833857
 -0.744801
 -0.322487
 0.0881954
 0.724052
 0.238545
 1.69114
 2.97525
 1.40808
 1.34149
 1.62319
 0.954071
 0.132249
 -0.403735
 -0.488687
 -0.516999
 0.864679
 -0.208239
 -1.85418
 -0.0704234
 -0.595107
 -0.652866
 -0.851058
 -1.29961
 0.291044
 -0.440325
 -0.880768
 -1.54403
 -1.39329
 -0.43722
 -1.13831
 -2.5583
 -0.49109
 -1.89313
 0.913785
 -0.628467
 -0.34265
 0.919363
 -0.349034
 1.96627
 1.2703
 0.982096
 1.22882
 0.0886336
 0.90831
 -0.0323418
 0.968451
 0.529326
 -0.140757
 -0.845713
 -0.679488
 -1.21035
 -2.22741
 -0.359661
 -2.09572
 -0.803749
 -3.13393
 -0.915403
 -1.62173
 -1.12417
 -0.901254
 -0.489593
 -0.558389
 -0.65173
 -0.0419849
 -0.795548
 -1.542
 -1.90973
 -1.43063
 -0.127239
 -0.205935
 -0.870189
 0.115664
 -2.39899
 -1.57954
 -2.2373
 -2.64664
 -1.66257
 -1.6236
 -0.711508
 -0.50499
 -0.349689
 -0.128553
 0.0803933
 -0.402115
 -0.141223
 -0.497193
 -0.315123
 0.885547
 0.775412
 1.60135
 -0.522532
 0.67829
 0.269344
 -0.0920106
 0.256392
 -0.253028
 1.22206
 -1.08321
 0.411445
 0.425135
 0.0553238
 0.653235
 -0.83633
 0.636477
 0.21951
 0.561772
 -0.779851
 0.316385
 -0.360903
 -1.00627
 1.43194
 -0.253439
 0.2346
 0.793809
 0.324323
 0.800989
 0.98345
 1.44686
 0.41408
 1.01117
 1.04973
 0.879986
 0.382059
 1.1149
 1.12787
 1.80049
 0.244809
 1.21445
 -0.103409
 1.9448
 0.887653
 1.44984
 1.71181
 2.49334
 0.105867
 0.0259853
 -0.479617
 0.908328
 0.0913739
 1.18241
 1.48368
 1.22665
 2.06109
 0.974365
 -0.0463364
 1.85161
 -0.201662
 1.40709
 -1.02358
 -0.341958
 -1.53779
 -1.40212
 -0.50185
 -1.6798
 1.01405
 -0.786667
 0.287738
 -1.5651
 -0.133602
 -0.912802
 -1.86217
 -0.867737
 -1.09006
 -0.0454545
 -1.9731
 -1.5032
 -1.59821
 0.397271
 0.380955
 -0.355138
 -0.156455
 -1.88509
 -0.629697
 -0.614492
 -0.38823
 -1.34623
 0.666402
 1.84576
 0.10966
 1.07199
 1.58805
 2.08144
 2.08773
 1.58087
 1.5556
 0.202875
 0.695241
 -0.0274622
 0.460754
 -1.84194
 -0.99233
 -0.0873258
 0.661866
 -0.24915
 0.0860154
 -0.66249
 -0.395261
 -0.42052
 0.470686
 1.03232
 -0.272063
 0.899498
 1.51032
 -1.51857
 -1.59607
 -0.401686
 -0.614453
 -0.93494
 -0.011076
 -0.594408
 -0.119948
 -0.580352
 -1.1919
 -1.23662
 -1.13247
 -0.391831
 -0.166516
 -0.121456
 -0.481226
 -0.125223
 0.573296
 0.372778
 0.800014
 1.90644
 0.533953
 0.861729
 0.467142
 -0.962401
 -1.15526
 0.409416
 0.166908
 -0.688424
 -1.30534
 -1.21775
 -1.15835
 -1.39891
 -0.664503
 -1.02698
 -0.998001
 -1.40826
 -0.900252
 0.397716
 -0.191585
 -1.26341
 -1.04577
 0.168638
 0.511187
 -0.234125
 -0.89046
 -0.708732
 -0.794853
 -0.382243
 -0.784792
 -1.2686
 -0.596731
 -2.03752
 -1.44537
 -0.868169
 -1.4758
 -0.240777
 0.725255
 0.579454
 -0.594225
 -0.0910555
 -0.132258
 0.829813
 1.40279
 0.547695
 0.0326844
 -0.878211
 0.597199
 0.940047
 1.37661
 -1.32117
 0.51928
 -0.630641
 0.416264
 -0.0187108
 -1.4979
 -2.07858
 -0.279515
 -2.43165
 0.368517
 -0.825187
 -0.10028
 0.218844
 -0.0211589
 -0.698694
 -1.85425
 -0.362872
 -2.25996
 0.191627
 -0.090311
 0.190158
 0.493135
 1.27346
 1.79238
 1.93581
 2.22006
 1.51454
 1.69052
 -0.273429
 -0.17179
 0.845837
 0.261838
 0.922196
 0.0992042
 -0.591439
 0.682025
 0.526933
 1.87448
 0.931053
 -0.506623
 -0.0459794
 1.06306
 1.13247
 0.792198
 0.732484
 0.301773
 -0.552042
 1.1474
 -0.445163
 0.845878
 2.4823
 0.498012
 2.03567
 0.745501
 1.41703
 0.138044
 2.57039
 0.357739
 0.999066
 0.652405
 0.742648
 0.955139
 0.329564
 -0.689589
 1.23095
 0.609405
 0.696301
 -1.03763
 -0.587213
 -0.846166
 -0.171345
 -0.492877
 -1.1802
 -0.00468685
 1.9113
 0.358974
 -0.0298355
 -0.429803
 1.15114
 0.154962
 1.52069
 1.80469
 0.58781
 1.79929
 1.50512
 0.666488
 1.31965
 0.164667
 1.98323
 1.43799
 0.931452
 2.23128
 2.61441
 3.60942
 0.905334
 3.00556
 1.83567
 1.59863
 0.637707
 1.26602
 1.72355
 -0.310819
 0.942441
 -1.74042
 -0.189573
 -1.37883
 0.196513
 -1.08944
 -0.456638
 -2.0707
 -1.63005
 -0.568019
 -0.517924
 -0.478368
 -0.486078
 -1.37467
 -0.27877
 -0.813449
 0.228527
 -0.144273
 1.4311
 0.256764
 0.600736
 -0.523001
 -0.205526
 -0.80709
 -0.184398
 0.317459
 -0.179294
 0.497198
 -0.306748
 1.39966
 -0.143182
 1.68036
 -0.746144
 0.157223
 -1.32358
 0.548606
 0.811541
 0.948033
 3.88288
 1.82558
 3.45136
 1.89027
 1.54045
 0.345134
 -0.426813
 -1.4374
 -0.0803325
 -1.03173
 1.22147
 -1.19027
 -2.15509
 -0.578111
 -1.34609
 -0.262338
 -2.46333
 -3.89843
 -2.94554
 -2.19377
 -0.0495868
 -0.834881
 -0.562067
 -1.31068
 0.129103
 -0.723566
 -0.0336202
 0.095074
 1.04495
 0.0557644
 0.498425
 -2.25973
 -0.971956
 -0.724271
 -2.02749
 -0.26764
 -1.21274
 1.67371
 -0.119725
 1.79291
 2.13189
 1.64292
 2.17227
 2.46525
 2.82672
 1.38028
 0.246237
 -0.118727
 -1.02416
 0.112317
 0.54215
 1.68927
 2.01271
 1.5702
 -0.729198
 -0.131323
 -0.574081
 -0.0957481
 -2.11248
 -1.21343
 -0.208852
 -0.981642
 0.0386911
 -2.06699
 -1.79329
 -2.24366
 -1.66505
 0.343951
 -0.721049
 -0.0537996
 0.822778
 -1.59586
 -0.48304
 -0.887799
 -0.269508
 -0.0440185
 0.0527037
 -0.325217
 -0.850313
 0.162269
 -0.513316
 -1.14989
 -1.61187
 -0.628552
 -0.498752
 -0.823666
 -1.78853
 -1.75261
 -0.735405
 -0.15692
 0.423268
 -0.901977
 -0.510461
 -0.827369
 -0.277853
 -0.548219
 0.10507
 -1.25928
 -1.15593
 0.857177
 -0.315394
 -0.722117
 -0.301688
 -0.562051
 0.52253
 0.733854
 0.747128
 -1.16858
 -0.82712
 -0.601765
 0.0590404
 -0.366525
 -1.93056
 -1.50652
 -2.96698
 -0.447519
 -1.07934
 -1.4315
 -1.02692
 -0.755242
 -0.052224
 -0.904327
 -2.22232
 -1.81037
 -0.723038
 0.0181403
 -1.00426
 0.599191
 -0.138924
 0.362944
 0.352885
 -0.381905
 -0.0767713
 -0.360704
 -1.01026
 -0.812256
 -2.15845
 -0.982789
 -2.98556
 -1.58875
 -1.53014
 1.04412
 0.561646
 -0.00367998
 0.592122
 -0.615335
 1.35329
 -0.144555
 0.630663
 1.97211
 1.71851
 1.43498
 1.10953
 0.901818
 0.877886
 2.03877
 1.30553
 2.07898
 1.2113
 -0.791721
 0.0756908
 -1.66136
 -0.656123
 -2.96173
 0.0384097
 -1.4903
 0.876392
 0.162444
 0.097525
 0.138391
 -0.752396
 -0.497681
 -0.630076
 0.133372
 0.218608
 0.264243
 0.600358
 0.351608
 -0.216612
 2.492
 0.207294
 2.21694
 0.193275
 1.76073
 0.0775136
 1.22603
 -0.152838
 1.49743
 0.158139
 1.98848
 1.10661
 0.697352
 -0.114199
 -0.816307
 1.67493
 -0.0563859
 2.07864
 -1.13567
 0.0505226
 -1.91594
 -0.643006
 -1.1062
 -1.7525
 0.225801
 0.442901
 2.0073
 0.865251
 -0.526918
 -0.0106177
 0.455061
 1.70152
 0.471329
 -1.66009
 0.315223
 -1.34234
 1.10795
 0.0187367
 0.710128
 0.930937
 1.1362
 0.610997
 0.38977
 0.154827
 -0.61812
 -0.334706
 -0.96134
 0.0570224
 -0.625165
 0.966403
 -0.0656624
 -0.72088
 0.401412
 -0.263477
 1.00273
 -0.675738
 -0.440346
 0.761489
 -0.47979
 -0.38448
 -0.873489
 -0.157905
 -0.892516
 -2.04049
 -1.31449
 -1.48212
 -0.0918318
 -0.646831
 0.713409
 -0.0168123
 0.024539
 0.534708
 -1.59627
 -1.97363
 -0.370557
 0.452711
 0.481302
 0.79686
 1.28934
 0.93119
 1.37821
 2.44335
 2.19345
 1.89648
 0.858935
 -0.883756
 -0.689628
 0.108747
 -0.770975
 -0.659296
 -0.924495
 0.853271
 0.81968
 1.06765
 1.51434
 1.84635
 1.84489
 0.556027
 0.27069
 0.649088
 0.732341
 0.408717
 1.35165
 0.876201
 0.0434501
 0.0627659
 -0.635928
