 18.6031
 375.317
 396
 406.829
 409.001
 458.482
 464.707
 633.436
 4.13041
 3.21509
 2.31457
 3.73958
 9.55744
 50.0311
 51.6165
 50.7293
 101.776
 106.765
 106.57
 113.221
 125.473
 133.975
 136.663
 185.653
 211.859
 218.531
 229.722
 250.648
 270.593
 269.805
 269.745
 281.311
 282.154
 293.524
 304.677
 310.249
 313.93
 335.771
 342.62
 342.734
 348.61
 358.03
 361.657
 396.085
 409.075
 435.184
 474.676
 476.875
 481.371
 505.327
 0.0894728
 3.16048
 47.8977
 47.3267
 62.624
 112.422
 144.305
 149.441
 153.696
 155.449
 154.698
 173.074
 173.294
 181.122
 180.369
 179.538
 181.762
 182.083
 216.429
 215.87
 230.357
 259.241
 262.42
 261.588
 260.801
 259.894
 262.151
 262.635
 261.833
 261.883
 263.649
 289.901
 291.424
 291.292
 293.185
 303.591
 324.083
 428.182
 488.493
 487.901
 488.338
 510.651
 11.0069
 29.8074
 76.2688
 104.882
 104.072
 122.911
 122.44
 121.546
 121.653
 123.525
 170.277
 172.332
 184.232
 289.449
 289.383
 292.125
 291.26
 293.72
 296.402
 306.711
 305.8
 322.791
 371.718
 435.264
 435.986
 475.138
 531.308
 21.9418
 52.6811
 85.9434
 112.904
 112.538
 124.193
 138.256
 140.041
 139.299
 164.32
 173.326
 195.839
 195.326
 200.718
 200.404
 202.312
 201.488
 221.363
 220.653
 226.225
 226.484
 226.977
 227.975
 256.356
 264.712
 270.722
 269.875
 292.306
 291.39
 296.6
 317.93
 333.565
 333.12
 332.433
 334.969
 343.385
 349.665
 348.924
 361.72
 362.505
 391.385
 405.465
 407.83
 443.699
 443.551
 459.058
 472.603
 472.994
 474.179
 473.479
 472.92
 472.117
 481.64
 485.862
 494.049
 494.941
 494.778
 497.597
 506.876
 2.90819
 14.2937
 21.7196
 21.8639
 22.8338
 22.3323
 31.1676
 49.3354
 54.994
 74.1418
 80.9852
 80.1442
 85.4547
 89.9756
 89.0962
 172.408
 188.095
 202.837
 266.516
 331.53
 331.423
 330.536
 368.257
 368.709
 369.809
 372.455
 377.2
 378.61
 381.738
 383.323
 391.67
 444.482
 443.595
 443.379
 447.426
 454.208
 514.863
 26.2854
 25.502
 24.8727
 46.3283
 47.111
 52.8695
 53.577
 92.0002
 117.944
 117.104
 116.254
 116.087
 116.833
 117.508
 137.282
 138.802
 154.544
 162.415
 164.701
 187.121
 189.013
 200.662
 199.954
 208.218
 209.394
 210.466
 212.029
 211.264
 222.611
 227.941
 235.21
 235.16
 236.291
 238.859
 241.831
 243.262
 266.883
 271.365
 285.186
 319.767
 320.885
 325.752
 329.273
 335.853
 335.754
 335.498
 353.079
 358.444
 357.843
 407.77
 452.997
 463.791
 480.293
 491.109
 493.2
 503.436
 13.5984
 16.1391
 15.407
 14.4924
 34.0427
 33.1769
 41.8782
 59.9967
 62.8006
 90.8456
 94.6208
 101.811
 128.3
 131.346
 155.052
 165.873
 171.634
 170.736
 182.165
 189.904
 226.756
 226.168
 225.591
 230.721
 237.338
 240.67
 246.679
 247.431
 247.913
 255.804
 256.539
 255.869
 255.003
 258.952
 276.019
 395.26
 403.125
 406.04
 418.799
 419.412
 418.98
 418.188
 465.037
 488.338
 513.327
 0.361486
 28.9257
 34.6761
 33.997
 52.0433
 51.5235
 63.8199
 75.9809
 75.9392
 75.0399
 112.579
 119.191
 126.192
 125.307
 124.472
 137.974
 137.097
 143.934
 213.388
 298.581
 298.181
 297.444
 341.256
 391.197
 392.83
 394.751
 394.615
 396.167
 414.378
 416.81
 441.661
 440.856
 483.979
 529.507
 95.9884
 98.7768
 114.036
 114.173
 143.896
 163.135
 164.134
 180.963
 180.837
 188.116
 210.76
 221.145
 222.499
 268.049
 299.169
 300.396
 305.873
 309.197
 308.579
 316.16
 319.327
 329.025
 342.801
 353.376
 380.922
 400.381
 399.663
 415.754
 432.689
 453.841
 473.171
 619.35
 30.4854
 42.9369
 42.0628
 44.4292
 81.3527
 84.0514
 88.7107
 89.1311
 208.872
 215.256
 215.491
 214.735
 232.203
 239.273
 265.919
 265.796
 267.959
 270.286
 285.49
 341.552
 341.109
 459.85
 458.937
 471.98
 473.089
 484.095
 489.595
 561.963
 20.1313
 26.3805
 25.6067
 27.4153
 31.8616
 31.1941
 30.3463
 53.8454
 57.4816
 71.7947
 88.9365
 89.1874
 134.634
 141.528
 166.629
 170.885
 181.73
 189.654
 207.463
 283.466
 289.312
 322.052
 321.264
 330.235
 332.763
 335.767
 344.179
 363.244
 370.218
 382.247
 407.953
 414.601
 419.023
 418.504
 445.135
 445.988
 476.895
 498.083
 508.45
 22.9864
 28.3433
 83.8404
 96.0239
 96.594
 95.7285
 97.0975
 97.9886
 142.623
 192.705
 231.774
 231.737
 248.409
 288.525
 340.255
 396.973
 396.418
 403.78
 447.059
 448.57
 461.17
 473.156
 493.325
 511.721
 14.1887
 28.5151
 29.9377
 32.1282
 42.4961
 65.8943
 85.7318
 84.82
 105.75
 160.75
 159.964
 199.047
 202.47
 207.996
 207.328
 249.425
 249.544
 250.017
 252.968
 252.06
 256.18
 259.581
 337.133
 343.209
 350.511
 379.264
 383.757
 395.111
 1274.75
 4.98344
 50.3863
 782.305
 947.643
 2441.62
 853.302
 273.41
 282.105
 970.467
 113.054
 227.971
 357.225
 424.305
 428.482
 551.758
 0
 269.237
 451.207
 454.036
 477.4
 479.243
 1533.67
 131.617
 165.004
 2250.57
 395.013
 1167.84
 75.0309
 268.981
 373.657
 1434.58
 1321.47
 1083.05
 578.138
 240.619
 377.377
 811.897
 1383.55
 211.84
 4178.29
 105.182
 2341.03
 2027.85
 2014.13
 4604.54
 4235.12
 1201.7
 4277.76
 1727.62
 2317.72
 518.281
 750.651
 126.129
 170.799
 473.803
 487.835
 504.398
 294.673
 443.213
 1125.72
 784.707
 1646.7
 269.148
 387.38
 1213.42
 287.039
 1525.96
 6269.27
 228.31
 461.1
 808.028
 41.7708
 54.5601
 55.2564
 2071.79
 27.3893
 88.6903
 90.2085
 266.165
 289.926
 337.794
 338.187
 359.342
 410.37
 1211.63
 208.643
 1929.4
 6.00225
 32.3436
 765.34
 3075.8
 600.964
 455.084
 473.44
 1081.07
 665.484
 737.402
 1229.59
 358.448
 1970.67
 1579.93
 1456.32
 3332.71
 1111.46
 5133.55
 1203.96
 665.125
 0
 1368.46
 213.519
 2032.94
 358.491
 590.104
 1.70822
 8.14395
 1336.76
 70.759
 358.872
 635.246
 242.371
 552.056
 1331.17
 0
 235.316
 241.457
 539.018
 172.959
 2683.95
 39.0569
 793.432
 87.7249
 175.331
 194.064
 231.399
 246.519
 1660.4
 102.511
 285.685
 775.043
 459.411
 2547.45
 240.49
 1089.6
 77.7003
 1117.67
 622.252
 493.427
 641.195
 15.1393
 563.501
 70.1437
 280.693
 446.751
 445.867
 615.425
 805.216
 1113.33
 529.407
 1130.51
 47.876
 521.899
 316.431
 856.82
 249.18
 261.638
 703.412
 17.9702
 441.441
 757.095
 533.802
 668.941
 1687.17
 894.449
 2569.13
 13.5113
 609.931
 0
 782.871
 345.78
 649.041
 1452.63
 422.374
 693.695
 204.332
 1816.92
 598.39
 1325.49
 147.825
 542.612
 522.689
 1948.2
 4.55744
 65.3773
 3339.86
 456.235
 677.328
 2.85768
 161.629
 188.376
 196.441
 539.338
 588.718
 84.4513
 2089.56
 1252.24
 104.672
 1448.66
 27.6984
 540.22
 0
 777.047
 7.48837
 6.64043
 6.64944
 127.435
 322.724
 1079.94
 130.815
 419.725
 3046.41
 549.221
 3.24927
 22.9172
 23.8263
 39.4493
 1224.87
 3.55734
 6.18322
 96.2043
 1856.16
 917.757
 111.837
 953.452
 2594.77
 395.617
 2550.2
 81.3323
 532.221
 37.0711
 1347.1
 998.112
 108.499
 500.534
 1520.06
 464.609
 1106.91
 33.9286
 225.537
 430.061
 825.359
 29.6686
 468.018
 557.239
 0.377007
 62.5221
 348.932
 416.13
 426.057
 636.545
 38.3954
 129.1
 292.311
 704.891
 3.15069
 171.919
 267.825
 3002.54
 689.163
 1668.31
 5.93524
 430.72
 1373.2
 90.8096
 471.63
 633.615
 457.269
 458.418
 526.607
 252.564
 291.741
 579.177
 116.185
 594.365
 2140.34
 599.95
 6.29669
 143.73
 147.241
 1052.29
 24.8908
 464.804
 533.275
 537.421
 1045.57
 9.15226
 129.857
 402.139
 550.426
 954.697
 191.21
 767.318
 0.118369
 1207.08
 1287.68
 634.287
 1052.72
 274.387
 523.379
 0
 27.4981
 191.19
 438.255
 547.273
 542.586
 65.9707
 2700.97
 72.3626
 2081.51
 464.121
 1430.52
 12.5619
 18.0642
 917.226
 1080.88
 4.20787
 445.614
 446.277
 1204.31
 2820.17
 161.169
 811.521
 26.4904
 768.11
 915.88
 1893.2
 199.739
 1833.18
 153.91
 618.89
 1038.6
 235.906
 237.834
 1063.97
 19.6519
 594.233
 1.63738
 83.4809
 84.4417
 170.804
 205.537
 1324.57
 0
 329.902
 607.632
 2117.29
 1021.63
 307.265
 370.079
 620.191
 1166.18
 1344.68
 398.259
 793.6
 159.749
 275.15
 359.324
 733.587
 4.2554
 27.2157
 157.651
 162.375
 163.661
 739.015
 143.106
 810.323
 1493.75
 44.0781
 239.953
 239.131
 264.398
 566.516
 43.5451
 366.665
 377.391
 1684.13
 0
 636.649
 42.442
 311.311
 346.253
 554.306
 142.249
 855.534
 505.411
 947.935
 218.878
 326.385
 705.929
 198.988
 271.487
 353.65
 617.042
 77.4814
 1831.58
 5.75308
 108.466
 672.324
 412.765
 747.231
 8.13336
 32.3866
 504.776
 395.479
 401.126
 1340.66
 224.33
 1784.6
 49.6099
 176.572
 892.045
 5.6596
 1316.69
 486.203
 1536.13
 244.306
 1786.83
 1013.68
 14.1811
 128.013
 482.567
 507.846
 1159.66
 831.452
 2308.9
 808.995
 168.37
 172.28
 228.213
 602.376
 8.59454
 101.298
 139.804
 301.809
 364.465
 364.516
 590.752
 875.274
 536.487
 567.56
 725.168
 0
 341.642
 342.368
 479.995
 930.856
 1531.02
 160.035
 164.01
 204.142
 315.408
 356.387
 1527.25
 1297.33
 588.848
 620.127
 144.124
 975.329
 1126.31
 9.32671
 186.583
 1217.75
 38.3452
 161.525
 1317.9
 1148.81
 345.373
 1316.96
 316.144
 349.391
 2352.13
 658.982
 323.679
 683.421
 0
 313.887
 1711.23
 12.3019
 26.4636
 236.32
 236.04
 389.672
 867.115
 1034.02
 174.096
 372.479
 373.665
 958.493
 24.4432
