 0.632724
 -0.41502
 1.06685
 -1.00153
 0.559884
 0.673236
 -0.811396
 -0.888618
 -0.517133
 0.377676
 0.53748
 0.13496
 0.612508
 0.181684
 0.437011
 -0.00426806
 -0.939975
 -0.00123916
 0.701773
 -0.635461
 0.724967
 0.0689574
 -0.551016
 -0.0265882
 0.0616451
 0.309835
 0.176875
 -0.358318
 -0.0241863
 -1.92742
 0.231715
 0.949092
 0.216916
 0.464739
 -0.48857
 0.511451
 -0.773305
 -0.787525
 -0.584898
 0.254325
 -0.547958
 -0.327087
 1.22309
 0.316568
 -0.324045
 0.294424
 0.320306
 0.0629577
 0.199367
 -1.08678
 1.0198
 0.121589
 -0.830333
 0.417332
 -0.0455275
 -0.186987
 -1.25243
 1.46574
 1.62238
 -0.440979
 -0.123482
 -0.654837
 -0.300644
 -0.324304
 0.767445
 -1.03197
 0.824763
 0.213609
 -0.353658
 -0.747751
 0.986373
 0.501144
 -1.12079
 -0.765582
 -0.864051
 0.849236
 0.49524
 -0.149209
 0.343373
 0.873388
 -1.59934
 0.157378
 -0.765663
 1.28118
 0.254284
 0.0423295
 -0.0932109
 0.101797
 0.522267
 -0.728752
 -0.213033
 0.100904
 -0.365613
 0.587219
 0.550009
 0.15088
 -0.407545
 0.425641
 -0.0377516
 -0.0941015
 0.562144
 -0.0785345
 -0.865916
 0.513584
 0.359771
 -0.249916
 -0.857048
 -0.292875
 -0.0426802
 -0.285147
 0.829151
 -0.343196
 -0.0375093
 -0.352895
 0.0763948
 0.955865
 -0.56439
 0.117939
 0.118895
 0.0256157
 1.16637
 -0.068492
 -0.13447
 -0.936495
 0.420725
 -1.11134
 1.01294
 0.072961
 -0.293941
 0.155908
 0.498785
 -0.684385
 0.671484
 -1.03373
 0.238451
 -0.247522
 -0.25654
 -0.396238
 -0.16543
 -0.153912
 -0.490098
 0.0557828
 0.84681
 1.54079
 -0.372581
 0.00198547
 0.369335
 0.305692
 -0.726912
 0.798164
 -1.15013
 0.981814
 -0.661326
 -0.0960828
 0.638166
 -0.214204
 0.345268
 1.09784
 0.619736
 -1.46616
 -0.530791
 0.0820226
 0.631168
 0.237562
 -0.763707
 -0.00272988
 -0.669727
 -0.479197
 -0.374384
 -0.0420508
 0.429805
 0.150577
 -0.968912
 0.0910528
 -0.20566
 -0.0707265
 1.05773
 0.630751
 -0.627759
 0.0746846
 -0.974414
 -0.035999
 0.330746
 0.944866
 0.382837
 1.17751
 -1.64713
 0.584088
 -1.01427
 0.757591
 1.35328
 -0.107858
 -0.721872
 0.207776
 -0.166812
 1.06782
 -0.679597
 -0.333773
 0.406764
 0.195939
 -0.838355
 0.0738569
 -0.448572
 0.176603
 -1.31143
 0.215991
 1.06748
 0.765648
 0.0315962
 -0.766052
 0.279654
 0.198361
 -0.261986
 -0.766952
 -0.0951698
 -0.650695
 -0.666168
 0.486565
 0.572655
 0.224678
 1.00859
 0.759166
 -0.0928843
 -1.03831
 -1.44659
 -0.766825
 -0.312418
 0.717285
 -0.855595
 -0.384508
 0.790118
 1.34085
 -0.570637
 -0.486806
 0.322439
 -0.286887
 -0.00632378
 -0.0341372
 1.13771
 -0.198332
 -0.332844
 -0.434585
 -0.232733
 -0.695003
 1.1516
 0.37779
 0.103376
 0.645515
 0.559334
 0.154484
 -0.897238
 -0.528816
 0.595835
 -0.749745
 0.045856
 -0.0367288
 -0.417702
 1.07891
 -0.391977
 -0.368617
 1.08204
 0.00619233
 -0.33317
 -0.296299
 -0.0379856
 0.438464
 0.465966
 -0.464231
 -0.137065
 0.300552
 -0.25508
 1.46271
 0.208398
 -0.89156
 0.0393983
 1.18197
 -0.0226268
 -0.78082
 -1.30918
 -0.355873
 0.891848
 -0.269231
 0.357264
 -0.910481
 -0.35994
 0.570276
 -0.0732436
 -0.282492
 -0.260927
 0.222271
 0.4558
 -0.269697
 0.325051
 0.101269
 -0.607147
 -0.39253
 0.426578
 0.112612
 0.672017
 1.01707
 0.8601
 0.245327
 -0.198726
 -0.821578
 0.503478
 0.637225
 -1.47964
 -0.104617
 -0.946273
 0.555453
 -1.14944
 -0.316986
 0.554497
 1.56499
 -0.482994
 0.0550225
 -1.28568
 -0.154996
 0.38674
 -0.334066
 -0.133491
 -0.268021
 -0.109234
 -0.527111
 1.39455
 0.337452
 0.0897864
 0.092283
 0.081243
 0.403629
 -0.522323
 -0.129351
 -0.0942883
 0.930515
 1.23854
 -0.0766158
 -0.452231
 -0.254729
 1.21853
 -0.537419
 -0.629438
 0.147916
 -0.880523
 0.185417
 -0.0299515
 0.168566
 -0.0775432
 0.0251325
 0.401911
 -0.531489
 -1.13062
 -1.14514
 0.96711
 0.780537
 -0.73622
 -0.0814153
 -0.486301
 1.07193
 -0.511962
 0.573887
 -1.40604
 -0.0585913
 0.965788
 0.435583
 0.00112653
 0.231482
 -0.444292
 0.723017
 0.701514
 -0.815413
 -0.0753108
 0.445838
 -0.751523
 0.297559
 -0.379602
 -1.12587
 0.253528
 0.185116
 -1.51796
 0.198883
 -0.465539
 0.0883811
 0.281148
 0.376674
 0.699439
 1.35161
 -0.0990095
 -0.356552
 -0.596042
 -0.305365
 -0.466346
 0.692852
 -0.496475
 0.747639
 -0.822381
 0.0572262
 0.574466
 -0.197428
 -0.270198
 0.288688
 1.69779
 0.132241
 -0.0632525
 0.459037
 -1.06194
 -0.399147
 0.255561
 0.11285
 -0.150488
 -1.22291
 1.18766
 1.01557
 -1.04859
 0.154509
 0.150328
 0.489478
 -0.98185
 -1.26755
 2.11366
 -0.147935
 1.48345
 -0.345072
 -0.250971
 -0.727881
 -0.562934
 -0.0121524
 0.606602
 0.490125
 -1.05962
 0.60008
 -0.148782
 -1.02864
 0.36429
 -0.917539
 0.0273829
 -0.238799
 -0.330261
 0.910752
 0.117836
 -0.153241
 -0.64665
 0.355363
 0.463845
 0.137144
 -0.635326
 -0.175457
 0.362287
 0.688451
 -0.881181
 1.71308
 -0.186603
 1.05751
 -1.20096
 -0.358737
 -0.217153
 -0.994245
 1.62463
 -0.209005
 0.82937
 -0.112724
 0.895405
 -1.3971
 -0.170521
 -0.634731
 0.671182
 -1.0116
 -0.492734
 0.260148
 -0.637728
 0.641573
 0.889094
 0.0277542
 0.123208
 -0.210938
 0.473475
 1.28532
 -0.42857
 -1.30913
 0.251099
 0.0736269
 -0.265752
 0.538455
 0.355877
 -1.48624
 0.825636
 -0.296597
 1.01457
 -0.206051
 0.524
 0.371831
 0.238398
 -0.250496
 -0.812314
 0.954549
 0.348527
 -0.672093
 -0.491277
 -1.46105
 -0.0444703
 -0.518568
 0.895294
 0.287304
 -0.391768
 1.35005
 -1.80025
 2.22927
 -2.10007
 0.959944
 -0.299588
 0.997055
 -1.21694
 -0.258623
 0.0692531
 0.132069
 0.563378
 -0.538509
 0.313253
 0.572426
 -0.681379
 0.108803
 0.274058
 -0.300449
 0.987882
 -1.08022
 0.144918
 1.49461
 -1.84979
 1.08703
 -0.410359
 -0.864526
 0.746167
 -1.25278
 1.88392
 -1.72671
 1.55767
 -1.03704
 0.834136
 0.0491723
 -1.63013
 1.59928
 -2.47842
 2.15373
 -1.38194
 2.67852
 -2.46885
 2.85653
 -3.51725
 2.30486
 -2.57559
 3.04264
 -2.15267
 1.63566
 -1.38545
 0.481281
 0.606629
 0.328177
 -0.480993
 0.0493711
 -0.583054
 0.729877
 -1.29597
 1.83037
 -2.08448
 1.51075
 -0.397035
 -0.825977
 1.46835
 -1.487
 3.43658
 -2.6002
 0.341647
 -0.850717
 0.617698
 -0.250975
 0.161119
 -1.30081
 1.25308
 0.374879
 -0.0408356
 -0.39591
 0.460696
 -0.586784
 0.524271
 -0.258101
 0.489508
 0.564178
 -1.17874
 1.34437
 -1.06435
 -0.235359
 0.771138
 -2.32265
 2.21048
 -1.09535
 0.690345
 -0.732518
 1.3585
 -1.43622
 1.95397
 -1.81254
 1.8091
 -2.47792
 2.1002
 -2.54136
 2.46203
 -2.81214
 2.88394
 -1.3942
 0.597374
 -1.27201
 0.561391
 -0.50436
 1.72712
 0.176827
 -0.439321
 -0.492713
 -1.15135
 1.04699
 -0.334191
 1.21978
 -0.798121
 -0.548638
 -0.28884
 1.02627
 -0.44404
 0.738047
 -0.74762
 0.863359
 1.22235
 -1.34062
 0.372064
 -0.331441
 -0.122545
 -0.380465
 0.00840315
 -0.136676
 -1.01842
 0.82579
 0.0301956
 -0.304485
 0.175564
 -0.769311
 1.82407
 -0.976785
 0.21509
 -0.618585
 1.66459
 -1.1905
 -0.0831847
 0.607307
 0.661034
 -0.667408
 -0.360908
 0.628469
 -0.223254
 -0.550471
 1.2999
 -1.95889
 0.34319
 -0.485083
 1.48877
 -0.793332
 1.12577
 -0.766917
 0.806683
 -0.873406
 0.93109
 -0.426172
 0.415373
 -1.24376
 1.14454
 -1.39135
 2.08456
 -1.95732
 2.14046
 -1.20276
 0.525734
 -0.800474
 -1.23275
 1.62475
 -0.930281
 2.09535
 -1.95396
 0.708281
 -0.694041
 1.61649
 -1.92095
 1.82276
 -1.38139
 0.776339
 -1.27252
 1.99451
 -0.880536
 -0.508564
 1.84116
 -2.30173
 1.02309
 -0.638926
 -0.254178
 0.537893
 -0.047286
 -0.230783
 0.916833
 -0.978232
 1.73193
 -2.35262
 0.838899
 -1.0936
 1.2427
 -0.737736
 0.593708
 -0.663908
 0.90317
 0.0354517
 0.0446056
 -0.605204
 0.815228
 -1.26771
 0.917629
 -0.627606
 2.2366
 -2.20797
 0.343828
 0.451599
 -0.245623
 -0.165395
 -1.18186
 0.938541
 0.334287
 -0.019739
 1.46182
 -1.97586
 -0.0692821
 -0.543161
 -0.326764
 0.844868
 -0.610532
 1.59068
 -0.754755
 0.823529
 -1.48617
 2.12926
 -1.05225
 0.617218
 -1.92584
 2.01662
 -1.41588
 0.297842
 0.0878918
 -0.258879
 0.22543
 0.00296461
 -0.098327
 -0.10323
 0.641937
 -0.240247
 -0.255338
 0.865109
 -0.462519
 0.555485
 -0.0453996
 -0.854774
 -0.254344
 1.35863
 -0.830248
 0.666451
 -0.805282
 1.9055
 -2.24065
 1.48236
 -0.735287
 0.333031
 -1.48512
 1.07468
 0.662493
 -1.12475
 0.872412
 -0.38081
 -0.495506
 1.00613
 -0.382553
 0.435028
 -1.11849
 1.05992
 -2.28971
 2.08449
 -0.369148
 0.225918
 0.0510276
 -1.28959
 1.01974
 0.74183
 -0.379122
 0.185386
 -1.57429
 0.423223
 0.92544
 -0.769749
 0.695671
 -1.16786
 0.0741578
 -0.123068
 0.84198
 -0.888561
 2.29631
 -1.7183
 1.21929
 -1.07948
 -0.312477
 0.429744
 -0.126362
 -0.182351
 1.00131
 -0.511219
 0.578726
 -0.327856
 1.25242
 -1.6407
 1.31912
 -2.03287
 1.40924
 -0.285559
 -0.383941
 1.06955
 -2.07499
 0.814634
 -0.458288
 0.378793
 -0.366289
 -0.891195
 1.9021
 -0.967401
 0.758195
 0.858976
 -1.61833
 1.77641
 -0.989248
 0.870062
 -1.20922
 0.799951
 -1.55864
 1.14092
 -0.257376
 -0.893611
 0.573786
 1.27644
 -0.496833
 -0.0634707
 -0.473631
 -0.0811834
 -0.251946
 -0.807396
 1.28441
 -0.570508
 1.14938
 -1.94428
 2.23349
 -1.17967
 0.690796
 -0.976744
 1.53698
 -1.91501
 0.0830184
 0.208417
 0.0294054
 1.30995
 -0.867104
 1.16382
 -0.693551
 -0.268522
 0.320635
 -0.212795
 -0.178644
 0.673611
 -0.0168436
 0.195701
 0.491011
 -1.02829
 -0.0817874
 -0.229658
 0.156776
 -0.678497
 0.201512
 -0.21415
 0.201556
 -0.68409
 1.04233
 -0.538808
 0.739885
 -0.546777
 0.635722
 -0.581285
 0.79892
 0.565919
 -1.80453
 1.68721
 -0.276043
 -0.293988
 0.0885999
 -0.892694
 0.612352
 -0.308213
 0.561565
 0.0167555
 1.00434
 -1.31507
 -0.831612
 -0.119799
 -0.108372
 1.59201
 -0.543409
 0.0989936
 0.591175
 -1.20427
 0.437572
 -1.07602
 1.50462
 -1.5394
 0.636347
 0.929707
 -1.19121
 0.716598
 -1.06462
 1.60526
 -1.53622
 1.41787
 -1.57605
 2.19182
 -0.892167
 0.488755
 -1.21355
 0.370716
 -0.955673
 1.83241
 -1.80569
 1.67841
 -0.632898
 0.224574
 -0.360024
 -0.33802
 0.268965
 0.116444
 -0.0373235
 -0.225198
 0.807214
 -0.291657
 0.509574
 0.543345
 -1.66784
 1.18302
 -1.59022
 0.931684
 0.573456
 -0.344404
 0.469849
 -1.40545
 1.67771
 -1.10478
 0.0525482
 0.194459
 0.581213
 -0.99774
 1.25648
 -1.98366
 1.7366
 -1.28186
 -0.030719
 -0.489756
 -0.0884902
 1.31809
 -0.476894
 -0.667683
 1.33041
 -0.539968
 1.28639
 -1.83158
 1.48291
 0.401887
 -1.66248
 0.561697
 -1.41645
 1.92152
 -0.764095
 0.653974
 -0.215137
 -0.832451
 1.82796
 -0.829958
 -0.430891
 0.496388
 -0.407717
 -0.435018
 0.915731
 -1.29482
 0.843058
 0.721505
 -0.540414
 0.730502
 -1.26042
 0.415831
