 0.136345
 0.0174781
 0.151039
 0.106824
 0.0916802
 0.23822
 0.128083
 -0.408591
 -0.153411
 -0.0396106
 0.00276793
 0.0283352
 -0.084703
 0.0948438
 0.0431175
 -0.022331
 0.15692
 -0.0244697
 -0.007026
 -0.155064
 -0.00889688
 0.0678206
 -0.0881728
 0.124348
 -0.133993
 -0.0357814
 -0.167668
 0.0147517
 0.103725
 -0.00727069
 0.058728
 -0.0330808
 -0.00586707
 0.0659879
 0.0665425
 0.0792727
 0.0356689
 -0.175525
 0.0025644
 0.0145385
 -0.0415924
 0.109149
 0.0241261
 -0.120798
 0.0619992
 -0.0821465
 0.173585
 0.0318164
 0.0751348
 -0.168713
 -0.0587909
 -0.116943
 0.0858974
 0.0975329
 -0.0778549
 0.168089
 -0.105557
 0.0876738
 0.00600535
 0.0215846
 -0.0550688
 0.051046
 0.0244072
 -0.0965434
 -0.0413737
 -0.0784163
 0.0597593
 0.0439804
 0.148932
 0.0630816
 0.204972
 0.252992
 0.108595
 0.0377908
 0.0133814
 0.0202397
 0.0229042
 0.0123234
 0.051588
 0.0998314
 -0.0689914
 -0.144463
 -0.00924762
 0.0268177
 -0.00434289
 -0.0936531
 0.0907971
 -0.256287
 0.108461
 0.0204072
 -0.0176834
 0.167696
 -0.00269342
 0.195068
 -0.0863214
 0.0871471
 -0.020332
 0.11583
 -0.0053981
 -0.0615084
 -0.0294802
 -0.129568
 0.0636605
 0.0909933
 -0.097369
 0.192538
 0.0622172
 0.0903892
 0.077727
 0.00685932
 0.0105583
 -0.112783
 -0.0405389
 -0.139884
 0.186926
 -0.0899829
 -0.0513922
 -0.207092
 0.125949
 -0.0842119
 0.142492
 0.190033
 0.183552
 -0.00274012
 0.104713
 -0.120196
 0.0409239
 -0.0215306
 0.0920586
 -0.0623436
 0.0933902
 -0.0454002
 0.0464603
 -0.0698475
 -0.077806
 -0.0428164
 0.120661
 0.0690319
 -0.000563129
 0.0793004
 0.109123
 0.0231981
 -0.10665
 -0.0604469
 0.00236761
 -0.0237423
 0.114428
 0.0106877
 -0.000886382
 0.131444
 -0.131097
 -0.0826314
 -0.114542
 -0.159275
 0.00532758
 0.0213813
 -0.0492766
 -0.163767
 0.0346409
 0.010856
 0.0875845
 -0.00385589
 0.151307
 0.0611834
 0.101943
 -0.111481
 -0.0763556
 -0.118119
 -0.0459246
 -0.0110158
 0.0336723
 -0.0613142
 0.0180807
 -0.0360035
 0.0650913
 0.0558668
 0.0457464
 -0.0382134
 -0.00475642
 -0.0954658
 0.0206307
 0.0851685
 0.140561
 0.168626
 0.190648
 -0.0399726
 0.00235734
 0.141358
 0.114273
 0.106292
 -0.0230538
 0.03541
 -0.0421925
 0.228949
 -0.0509759
 0.0633483
 -0.198875
 0.08756
 0.0688055
 -0.0024179
 0.141379
 -0.00187237
 -0.00822587
 -0.0963803
 -0.191086
 -0.108988
 0.0505757
 -0.0475369
 0.00685049
 0.151628
 0.0455533
 -0.0467221
 -0.0268197
 -0.168721
 0.142378
 -0.0969784
 -0.0451007
 0.0064899
 -0.0766274
 0.0321628
 -0.0298283
 -0.0933577
 0.104436
 0.14532
 0.027814
 0.00657301
 0.013354
 0.0452509
 0.00251278
 0.0546832
 -0.168337
 0.0925375
 -0.0149152
 0.0881174
 -0.0671611
 -0.0393573
 -0.0860963
 0.0130408
 -0.0169201
 -0.0268567
 -0.0243943
 -0.025806
 0.0357561
 0.127464
 -0.0693383
 -0.0554567
 -0.00234905
 0.0165877
 0.0761338
 0.056814
 -0.00095761
 -0.16293
 -0.112554
 0.0374641
 -0.116936
 -0.0637087
 -0.0717888
 -0.0239617
 0.0731447
 0.0966874
 0.0962237
 -0.0962434
 -0.00352929
 -0.0191613
 -0.205408
 0.136965
 -0.0219341
 -0.190848
 -0.00711443
 -0.042674
 -0.150178
 0.0677536
 0.0451734
 -0.0415786
 -0.0608559
 -0.175611
 -0.0738735
 -0.153536
 -0.2628
 -0.189189
 0.109835
 -0.0452615
 -0.116732
 0.0452857
 -0.0179686
 -0.107862
 0.0640787
 0.134467
 0.110042
 0.0053448
 0.151866
 -0.0930065
 -0.0221468
 -0.015185
 -0.0947466
 -0.105229
 -0.0599611
 0.0959761
 0.0691631
 0.0876554
 -0.081693
 -0.062678
 0.0204405
 0.0542503
 -0.04115
 0.163949
 -0.183435
 -0.0477168
 0.0174676
 -0.0914218
 -0.142168
 -0.0262708
 0.0483035
 -0.1221
 0.0242469
 0.119821
 0.0346041
 -0.120632
 0.0643643
 0.0399473
 0.200009
 0.16397
 0.0180316
 0.15013
 0.130133
 0.119456
 -0.107942
 0.0258343
 -0.0820455
 -0.0623589
 -0.0850772
 0.0548516
 0.0220935
 -0.0497584
 0.210351
 -0.185039
 -0.121391
 -0.0542642
 -0.21066
 -0.149538
 -0.0123846
 0.0628599
 -0.0281642
 -0.0992795
 0.0455545
 -0.0836212
 0.0524731
 -0.0376708
 0.139137
 -0.208646
 0.117141
 0.109865
 -0.0456439
 0.0619993
 -0.164924
 0.0860941
 0.0273324
 -0.0381088
 -0.0551118
 -0.0603568
 0.084876
 -0.0330033
 0.0848113
 -0.113504
 0.122352
 0.123357
 0.119832
 0.162708
 0.0828496
 0.0478856
 0.0535348
 -0.081879
 0.00268946
 0.108573
 -0.13582
 0.0387002
 0.0696164
 -0.0384565
 0.109442
 0.0728404
 -0.191132
 0.110641
 0.0482512
 -0.191439
 -0.0791248
 -0.00925885
 0.185536
 0.0343893
 0.096194
 0.121139
 -0.247852
 -0.15206
 -0.00594692
 0.048714
 -0.0811735
 0.0846005
 -0.0704479
 0.041896
 0.0140396
 0.00509568
 0.217283
 -0.146001
 -0.11435
 0.238289
 0.0411807
 0.111067
 0.0367817
 -0.0901703
 0.0103926
 -0.287496
 0.0636157
 0.140985
 0.0109019
 0.0669257
 -0.0343626
 -0.0446674
 -0.104158
 -0.227669
 -0.0115636
 -0.168682
 0.0505844
 -0.0238245
 0.12915
 -0.0671821
 0.0738941
 0.11016
 -0.0390962
 0.0311222
 -0.205121
 0.164188
 0.130248
 -0.174443
 -0.0656688
 0.0515319
 0.0166998
 -0.0127083
 0.122126
 -0.0402891
 0.122857
 0.000523108
 -0.12718
 -0.0987971
 -0.054718
 0.0426171
 -0.116734
 0.0272
 -0.107452
 -0.126063
 0.0369727
 -0.0450333
 -0.146002
 0.145728
 0.112562
 0.0624436
 0.029691
 0.0530355
 0.136462
 -0.164132
 0.141451
 0.209813
 0.100339
 -0.13446
 0.0875771
 -0.189248
 0.1717
 0.0360624
 0.137645
 -0.0991903
 0.03019
 -0.0659888
 -0.0657728
 -0.154732
 0.0685136
 -0.0850629
 0.100224
 0.0131473
 0.00271386
 0.0100925
 0.17723
 -0.0485779
 -0.0543835
 -0.15709
 0.117182
 -0.00961967
 -0.14402
 -0.157852
 -0.130697
 -0.113782
 0.0997363
 0.0373738
 0.00847584
 -0.083219
 -0.0867537
 0.0198814
 -0.0466649
 0.246769
 0.159206
 -0.0665417
 -0.178174
 -0.00352636
 0.175653
 0.0378529
 0.210543
 0.0419006
 0.0926271
 0.104408
 -0.0317458
 -0.0290959
 -0.0775543
 -0.065049
 -0.0274603
 -0.130423
 -0.105342
 -0.0436659
 -0.0464041
 0.0500324
 -0.0371087
 0.00730713
 -0.107474
 0.0958483
 0.014379
 0.0478561
 -0.00922067
 -0.177465
 -0.042175
 -0.050709
 -0.0384888
 0.0602975
 0.114211
 -0.027333
 0.0144118
 0.0267221
 0.0868772
 -0.17334
 -0.0523173
 -0.0151184
 -0.0300222
 0.111706
 -0.286615
 -0.0398145
 0.14742
 -0.000537145
 0.0949667
 0.128371
 0.0278388
 0.137318
 -0.171302
 0.0776175
 -0.0971596
 -0.0261686
 -0.0435868
 0.16951
 0.0432006
 -0.0591448
 0.132738
 0.0697935
 -0.125964
 0.012824
 0.0265681
 0.185575
 0.0679361
 -0.0687544
 -0.00760682
 -0.0384768
 -0.0544034
 0.0229926
 0.039305
 0.0398554
 0.0914717
 0.0323043
 -0.170763
 -0.0660645
 0.0182011
 -0.0415415
 -0.16311
 -0.143558
 0.0125911
 0.219467
 -0.0591226
 0.0174461
 0.154798
 0.139312
 -0.083424
 0.119249
 0.0759613
 0.190027
 -0.0139212
 0.14811
 -0.0108252
 -0.031413
 0.18344
 -0.113495
 0.0797432
 0.0800533
 -0.00281093
 0.0211663
 0.151576
 -0.0398005
 0.0268268
 0.147293
 -0.0744414
 0.0144183
 -0.041489
 -0.127427
 0.0509692
 -0.0219106
 0.0553573
 0.0169255
 -0.0206676
 0.0748335
 -0.0315613
 -0.0703945
 0.10924
 0.0129532
 -0.104325
 -0.0601368
 -0.185783
 -0.144153
 0.108995
 -0.053936
 -0.04072
 0.0328921
 -0.134257
 0.166287
 0.140637
 -0.0135613
 0.110857
 0.0360568
 0.00511067
 -0.217016
 0.0428795
 -0.0624756
 -0.0534102
 -0.0573641
 0.0175179
 0.155482
 -0.0358835
 -0.017974
 0.0158529
 -0.0861863
 -0.142048
 -0.0160937
 -0.0307845
 -0.0643628
 0.0704545
 -0.0177331
 0.0598542
 -0.0800842
 -0.0540429
 -0.10368
 0.147148
 -0.138461
 0.033939
 0.229575
 0.0624693
 0.0269322
 0.0434839
 -0.0454307
 -0.145743
 0.13382
 -0.0336623
 0.0482367
 -0.00321993
 -0.0664879
 0.313375
 0.2111
 -0.13077
 -0.0664972
 0.177315
 0.0529691
 0.024197
 -0.0286291
 -0.00539234
 0.0295523
 0.108507
 0.034095
 -0.158527
 0.0169135
 -0.0805159
 -0.180607
 -0.100965
 -0.107449
 0.21079
 0.0541184
 -0.0352954
 0.0436758
 -0.06239
 -0.104328
 0.0510734
 -0.0472668
 -0.0431314
 -0.0284999
 -0.100966
 -0.09749
 0.149146
 -0.0197998
 -0.151228
 0.169937
 -0.113389
 0.00388325
 -0.0376711
 -0.179979
 0.258723
 -0.019196
 -0.111344
 -0.0586648
 0.00359693
 -0.114567
 0.025928
 0.0603085
 0.0044736
 -0.0184311
 0.0964454
 0.141493
 0.101417
 0.174447
 0.0528922
 0.0122799
 0.0307939
 -0.119705
 -0.0561901
 -0.0398275
 -0.115602
 -0.0298213
 0.111071
 0.0727536
 0.0434224
 -0.0649088
 -0.0965168
 -0.0886362
 0.131149
 -0.0565139
 0.10088
 -0.0297815
 -0.137977
 0.122803
 0.0441809
 -0.0178231
 -0.0378317
 -0.0614732
 0.0267067
 -0.035045
 0.0171406
 0.00617374
 -0.0905422
 -0.112313
 0.123557
 -0.0057272
 -0.0868679
 0.0664216
 -0.0896314
 0.238765
 -0.0964022
 0.120195
 -0.190079
 -0.0347669
 -0.073563
 0.0695649
 0.1516
 0.0092487
 0.00284494
 0.0958692
 -0.0301232
 -0.0398492
 0.0733712
 -0.156687
 0.0643554
 0.0742479
 0.0687317
 0.0931222
 -0.0492707
 0.0819741
 -0.0264705
 0.0926669
 0.121608
 0.0635713
 -0.00177572
 -0.0761085
 -0.0823546
 -0.05604
 0.132665
 -0.0191454
 0.0921777
 -0.0315359
 0.0236857
 -0.10876
 -0.0939536
 -0.0975375
 -0.192387
 0.031037
 0.0702871
 0.140719
 0.0491205
 -0.0267379
 -0.20714
 0.008285
 -0.127394
 -0.0377455
 0.0398946
 -0.0414285
 0.0776542
 -0.13027
 -0.113777
 -0.087443
 0.0295947
 0.117441
 0.160181
 -0.0776536
 0.0634566
 0.139158
 0.0417084
 -0.0593123
 0.0100707
 0.0317908
 0.235738
 -0.0293457
 -0.0736
 -0.107029
 -0.0151432
 0.084754
 -0.0617299
 -0.0488225
 0.0696318
 0.0014526
 0.0937646
 0.0356976
 0.0421158
 0.0791804
 -0.200987
 0.0699568
 0.144447
 0.0834238
 -0.0278362
 -0.0550288
 -0.187075
 0.0662421
 -0.153572
 0.245676
 -0.113475
 0.0415872
 0.0846573
 0.179548
 0.0483956
 -0.0731978
 0.0117607
 -0.0379189
 -0.0135472
 0.0349445
 -0.00807134
 -0.106106
 0.103682
 -0.15355
 -0.148665
 0.0461122
 -0.052594
 -0.0689929
 -0.0290448
 -0.0547538
 -0.0406732
 0.0985951
 -0.0626519
 -0.183929
 -0.047034
 -0.0557634
 0.02616
 -0.194508
 0.0935719
 -0.0770569
 0.188117
 0.0248106
 -0.117527
 -0.104386
 0.065083
 0.0556094
 -0.144008
 -0.0224614
 -0.0986588
 -0.0320329
 -0.0313261
 -0.0690855
 0.0139043
 0.0324534
 0.0791319
 0.0383533
 0.0769543
 -0.188591
 0.00583412
 0.0274561
 0.117497
 -0.0273828
 0.0043083
 0.00962534
 0.0403577
 0.0822644
 -0.0344107
 -0.147318
 0.020011
 -0.0801451
 -0.0586091
 -0.204581
 -0.0505629
 0.0146403
 0.139493
 -0.0230116
 0.0270218
 0.0180722
 0.00337289
 -0.149438
 0.107894
 -0.0400301
 0.048152
 -0.0363598
 -0.027657
 -0.067575
 0.0858481
 0.111588
 0.0779329
 0.115485
 0.138968
 0.0282885
 0.0131933
 0.0216074
 -0.0104059
 0.0718999
 -0.0868902
 -0.141155
 -0.0959034
 -0.0402543
 0.0406499
 -0.0394933
 0.188685
 0.0782071
 0.146131
 0.100005
 -0.126348
 0.19564
 -0.135316
 0.0314107
 0.0485675
 -0.0120507
 0.113458
 -0.0510924
 0.0812301
 -0.0081967
 -0.0205643
 0.0575137
 -0.0171248
 0.00877904
 -0.0204049
 0.107665
 0.116773
 -0.0135766
 0.196324
 -0.0355821
 0.00823068
 0.229808
 0.091426
 -0.118746
 -0.00928584
 0.108056
 -0.00726981
 0.233624
 -0.0310451
 -0.127925
 0.00365238
 0.13356
 0.149833
 0.00426382
 -0.0907024
 -0.0812163
 0.174496
 -0.0793494
 -0.0658132
 0.0708168
 -0.0245638
 -0.217801
 0.00949175
 0.240732
 -0.0425327
 -0.106412
 -0.0390278
 0.110053
 -0.0629825
 0.0984329
 -0.170534
 -0.0802147
 -0.0761571
 -0.0477233
 0.110476
 0.164292
 0.0755138
 0.0108754
 0.086235
 -0.127049
 0.126303
 -0.133267
 0.0755044
 0.12391
 0.173435
 -0.143096
 0.0031977
 -0.102562
