 0.108104
 -0.915765
 0.0749586
 0.210032
 -0.835427
 0.950468
 -1.5252
 0.901965
 -0.511139
 0.095676
 -0.810219
 0.329458
 0.332141
 0.352096
 0.254476
 -0.06965
 0.343917
 0.0231127
 -0.507236
 0.417346
 -0.0597208
 -0.152069
 0.0512574
 -1.00254
 0.355277
 -0.180748
 -1.40966
 0.614065
 -0.858425
 -0.268944
 0.430798
 -0.317119
 1.00562
 -1.12224
 1.01605
 -0.742617
 0.479618
 -0.362103
 -0.643973
 1.14828
 -0.450139
 1.94382
 -0.317877
 1.45954
 -1.39002
 1.38531
 -2.09431
 2.00856
 -1.07021
 2.01864
 -1.28305
 1.48601
 -0.703188
 0.846037
 0.347844
 -0.208364
 -0.538003
 0.119319
 -0.129023
 0.530579
 -0.377279
 0.806774
 -0.864993
 1.25266
 -0.507152
 0.336861
 0.887453
 -0.523682
 1.08665
 -2.44369
 0.467237
 -0.471781
 0.57557
 -0.201629
 0.114249
 0.0391891
 1.38614
 0.164188
 -0.243423
 0.0481512
 0.410427
 -0.153306
 0.215549
 -0.0353088
 0.144982
 -0.222421
 -0.874056
 0.446744
 -1.2805
 0.0811732
 0.16112
 -0.836041
 1.71179
 -0.757112
 0.659004
 -0.135478
 0.761295
 -0.79666
 0.838546
 -1.08255
 0.585023
 -1.23949
 1.22701
 -1.17807
 1.78182
 -1.02927
 2.21133
 -1.07122
 0.796445
 0.0137083
 1.142
 0.451911
 1.31668
 -0.585058
 -0.470592
 -0.0499953
 0.0836775
 1.12527
 0.26127
 0.524658
 -0.513893
 0.481355
 0.543885
 1.12634
 0.0213008
 0.474323
 -0.0819868
 0.533164
 -0.406934
 -1.5467
 0.195115
 -0.84813
 -0.290551
 -0.290358
 0.136795
 0.190867
 0.123582
 1.16079
 0.313851
 0.418717
 0.683321
 0.662123
 1.41049
 -0.47949
 0.899748
 0.273629
 0.995653
 -0.770386
 0.686151
 0.376302
 0.123657
 -0.723271
 0.260146
 0.448772
 -0.398777
 0.00549875
 0.402935
 -0.87621
 1.03014
 0.710683
 1.03805
 -0.215566
 0.67255
 -0.549759
 0.718004
 -0.488044
 0.112863
 -0.649315
 0.134116
 -0.63575
 0.549086
 -0.713622
 0.798724
 -1.26795
 0.923433
 -1.5645
 -0.11722
 -0.754249
 -0.00110795
 0.863982
 -0.574619
 0.538231
 -1.17658
 0.634928
 -0.509189
 0.442125
 -1.23963
 0.755492
 -1.12394
 0.376376
 -0.613889
 0.706167
 -1.36246
 -0.0722016
 0.24248
 -1.76619
 0.659835
 -0.459823
 0.0599521
 0.389979
 -0.162314
 -0.0924856
 0.572225
 -0.749371
 0.285136
 -1.38221
 1.09246
 -0.317112
 1.13175
 -0.165082
 0.699277
 0.027346
 0.860766
 -0.0894676
 0.008068
 0.0296856
 0.34045
 -0.432276
 0.849725
 -0.354201
 0.52538
 -1.58192
 0.723837
 -0.0629857
 -0.140014
 0.0416951
 0.125506
 1.06294
 0.0652732
 0.0580818
 0.294291
 -1.295
 0.935375
 0.327695
 0.895774
 1.57229
 0.614533
 1.43278
 -0.279878
 0.655965
 -0.190206
 1.11737
 -0.975426
 0.322808
 -0.611751
 1.20356
 -0.665851
 0.782681
 0.182169
 0.428202
 0.442331
 0.614286
 0.170671
 0.646799
 0.292993
 0.0350958
 0.245068
 0.52311
 -0.254699
 0.101618
 -0.448707
 -0.193494
 0.295395
 0.395362
 -0.62754
 0.0622359
 -0.402
 0.303665
 -1.61411
 0.81069
 -1.26085
 0.0807791
 -0.636733
 0.947878
 -0.295564
 -0.602958
 0.393884
 -0.660581
 -0.0443459
 0.256544
 -0.491335
 -0.195405
 -0.524044
 0.333954
 -0.675486
 1.42804
 -0.756474
 0.0828825
 -0.362989
 -0.0649359
 0.928886
 -0.156774
 -0.647949
 -0.257066
 -0.716032
 0.998325
 0.0979239
 -0.340338
 0.510087
 -0.376959
 0.953996
 0.427758
 0.741314
 0.0313909
 1.07255
 -1.1078
 0.777789
 -1.00173
 0.512049
 0.487861
 -0.0210759
 0.164503
 0.395941
 -0.485976
 0.323573
 -0.719459
 -0.252392
 -1.58442
 0.264177
 -1.3836
 0.665502
 -0.95982
 -0.113298
 -0.0781854
 -0.925861
 1.01503
 -0.0698581
 0.649045
 -0.0387804
 0.850182
 1.63913
 -0.392896
 0.787563
 -0.16156
 -0.840938
 0.934419
 -1.3431
 0.43715
 -1.24761
 0.383997
 -0.666116
 0.994993
 -0.474916
 0.052042
 0.887509
 0.13996
 -0.740333
 -0.049316
 -0.280747
 0.0422815
 0.288309
 0.184262
 1.03277
 -0.0160401
 0.561307
 -0.515148
 1.42033
 -0.986841
 0.541762
 -0.246364
 0.488952
 -1.05429
 1.13204
 0.616577
 0.614319
 0.391171
 -0.332833
 0.284673
 -0.597757
 -0.0701813
 -0.150797
 -0.353691
 0.0732892
 0.0458013
 -0.74083
 -0.370356
 -0.797695
 -1.1931
 -0.207007
 -0.432921
 -0.00943809
 -0.157915
 0.537219
 0.205777
 0.555523
 0.105302
 1.11597
 0.00411839
 0.779234
 -0.203208
 0.506891
 -0.184799
 0.446115
 -0.369253
 -0.824738
 0.694418
 -0.950615
 -0.457523
 -0.321342
 -0.60195
 0.436331
 -0.264423
 0.281289
 -0.501719
 -0.273248
 -1.29284
 0.0796981
 0.314157
 0.733403
 0.62768
 -0.565165
 0.092837
 -0.154826
 -0.671392
 0.614426
 -0.0790569
 0.946398
 -0.463163
 1.21936
 0.219363
 -0.348983
 0.826
 -0.0791375
 1.1178
 -0.681119
 1.0004
 -0.483265
 1.21241
 -0.982995
 0.11991
 -0.330581
 0.581844
 0.15795
 1.05134
 -0.890355
 1.48318
 -0.878262
 0.401528
 -0.0677978
 0.232685
 0.597677
 0.0951732
 0.2986
 0.193766
 0.393907
 -0.24606
 0.0303409
 -0.465119
 -0.913492
 0.715411
 -0.735803
 0.83157
 -0.0244821
 -0.571179
 -0.039549
 -0.363244
 0.655945
 -1.20789
 0.391518
 0.0682537
 -0.197722
 -0.326863
 0.199751
 -1.0564
 1.11195
 -0.749453
 0.769071
 0.371664
 0.890222
 1.03612
 0.0987686
 0.411933
 0.991433
 -0.19337
 0.343784
 -1.04985
 1.04641
 -0.574282
 -0.962388
 0.549511
 -0.180378
 1.38139
 -0.792764
 0.556002
 -0.586075
 0.00245549
 0.547551
 -1.15398
 0.112199
 0.119833
 -0.448035
 0.0246317
 0.383651
 -0.674967
 0.9928
 -0.408262
 -0.435671
 0.0447449
 -0.746895
 0.155409
