 0.136345
 -0.583609
 0.143426
 0.105766
 0.0542299
 0.219084
 0.0824691
 -0.401954
 0.0693281
 0.000964302
 -0.00387477
 0.0472209
 -0.0800842
 0.198542
 0.0488107
 -0.00526669
 0.22246
 -0.0749935
 0.0262104
 -0.0848951
 0.111988
 0.0947097
 -0.0585879
 0.218013
 -0.160719
 0.0850114
 -0.107381
 0.144229
 0.140955
 0.0110525
 0.0285645
 -0.109029
 0.0409323
 0.108176
 0.10721
 0.0786087
 0.0661738
 -0.147217
 0.0859973
 -0.0313361
 -0.0804246
 0.0992201
 -0.0657802
 -0.18347
 0.115083
 -0.160431
 0.196173
 -0.054475
 0.0717921
 -0.153911
 -0.0309495
 -0.0616233
 0.208517
 0.0181365
 -0.124264
 0.219771
 -0.176741
 0.0759221
 -0.0701773
 0.0504207
 0.012564
 0.135546
 0.032908
 -0.0912567
 -0.0124644
 0.0090147
 0.0546876
 0.034333
 0.183257
 0.0184451
 0.121118
 0.168467
 0.0624549
 -0.00892734
 -0.0110946
 -0.00296935
 -0.0549789
 -0.0365148
 -0.0104466
 0.0303365
 -0.0505402
 -0.160855
 0.0481972
 -0.0273343
 -0.0517308
 -0.103842
 0.142787
 -0.316252
 0.241477
 0.0175883
 -0.0359012
 0.148738
 -0.106562
 0.137032
 -0.212419
 0.1677
 -0.0100706
 0.137165
 -0.0206066
 -0.00457523
 0.0312098
 -0.0515319
 0.21307
 0.0531982
 -0.11048
 0.31793
 0.0284485
 0.0590327
 0.0069846
 -0.0567045
 -0.0585364
 -0.103395
 0.00232764
 -0.130594
 0.217876
 -0.247774
 0.0395039
 -0.195347
 0.23317
 -0.147545
 0.173632
 0.180419
 0.16294
 -0.022887
 0.109419
 -0.119441
 0.0507182
 -0.0129126
 0.157169
 -0.0972071
 0.14938
 -0.01959
 0.0775126
 -0.0239405
 -0.0518599
 0.00939604
 0.140718
 -0.0140243
 -0.0786057
 0.0334555
 0.0366309
 -0.0426989
 -0.167041
 -0.0939705
 0.0812176
 0.00815325
 0.149115
 -0.000384128
 0.0763851
 0.145556
 -0.125551
 -0.0211932
 -0.0147691
 -0.0573427
 0.0942783
 0.0827854
 -0.0129144
 -0.114276
 0.0402603
 -0.168455
 0.119509
 -0.0558962
 0.187174
 0.0270483
 0.125063
 -0.11736
 0.0352795
 -0.0447379
 0.0143307
 -0.0184542
 -0.0104141
 -0.0997065
 0.0699538
 -0.093114
 0.0415005
 -0.026777
 -0.0596467
 -0.0985392
 0.060352
 -0.108241
 0.089134
 0.031783
 0.0423835
 0.0198736
 0.0963704
 -0.134816
 0.0791318
 0.138234
 0.0859662
 0.00846659
 -0.0770084
 0.0719602
 0.00592425
 0.283227
 -0.125745
 0.122119
 -0.248032
 0.25058
 0.0277648
 -0.00527309
 0.191826
 -0.0360947
 0.0438241
 -0.0582438
 -0.0734321
 -0.0470685
 0.0620622
 -0.0488077
 0.0939273
 0.226207
 -0.00523123
 -0.0258416
 0.0687483
 -0.0856256
 0.242155
 -0.160955
 -0.0112485
 -0.0165336
 -0.145968
 0.0402247
 -0.0797308
 -0.0393246
 0.193562
 0.15994
 0.00852336
 -0.00797022
 0.0267128
 0.0397811
 -0.0389293
 0.140375
 -0.0481698
 0.12596
 -0.0914788
 0.0552255
 -0.149082
 -0.0517162
 -0.109391
 0.014082
 -0.0935039
 -0.0446451
 -0.0435108
 -0.0485977
 0.0119993
 0.10807
 -0.0771317
 -0.0882892
 -0.0287215
 -0.0441636
 0.0576013
 0.0608527
 0.0472824
 -0.15287
 -0.0716977
 0.118474
 -0.183866
 -0.0440148
 -0.0742156
 -0.065009
 0.0844958
 0.027893
 -0.0250691
 -0.13273
 0.0773443
 -0.0173231
 -0.220051
 0.209633
 -0.105603
 -0.128797
 0.105705
 -0.0535228
 -0.103058
 0.117573
 0.0573789
 0.0132476
 0.0012565
 -0.139614
 -0.00693483
 -0.0957059
 -0.134642
 -0.0595235
 0.166079
 -0.0668434
 -0.087865
 0.161555
 -0.0614321
 -0.153135
 0.105725
 0.0797468
 0.0041212
 -0.108431
 0.0907917
 -0.189659
 -0.0176714
 -0.0179707
 -0.075889
 -0.0847005
 -0.0636066
 0.0812128
 -0.0398599
 0.0364942
 -0.091586
 -0.039655
 -0.0153217
 0.00691763
 -0.0680743
 0.130867
 -0.338284
 0.0914521
 0.0604038
 -0.114123
 -0.0381668
 0.0214606
 0.0109104
 -0.213284
 0.15187
 0.157071
 0.0348845
 -0.167561
 0.0796821
 -0.0150297
 0.134386
 0.019433
 -0.112176
 0.1116
 0.0288605
 0.00402064
 -0.191375
 0.0846735
 -0.0868349
 -0.00541336
 0.00880045
 0.117185
 -0.00611709
 -0.0859314
 0.258881
 -0.286371
 -0.0221717
 0.0130858
 -0.206394
 -0.220081
 0.0492713
 0.0519782
 -0.0272631
 -0.0484851
 0.134967
 -0.0564689
 0.156655
 -0.0102867
 0.204798
 -0.210316
 0.303793
 0.0593998
 -0.124119
 0.0316687
 -0.170822
 0.138549
 -0.0427099
 -0.13
 -0.0274373
 -0.0883489
 0.149793
 -0.103743
 0.0465064
 -0.210365
 0.174673
 0.0451788
 0.0780317
 0.0635512
 0.0168556
 0.0899561
 0.0623655
 -0.100538
 0.118292
 0.104612
 -0.164643
 0.139304
 0.0137383
 -0.127269
 0.130389
 0.144974
 -0.138858
 0.374287
 0.172934
 -0.112833
 0.00633618
 -0.0559142
 0.189836
 -0.0586759
 0.0728706
 0.0356799
 -0.338986
 -0.0833836
 0.0331086
 -0.01235
 -0.132323
 0.0872087
 -0.16202
 0.0274797
 -0.0541581
 -0.0555712
 0.123907
 -0.232949
 0.0212304
 0.337577
 -0.00177085
 0.115305
 -0.0439173
 -0.106558
 0.0781718
 -0.264186
 0.141581
 0.0826094
 0.0116502
 0.0509423
 -0.0714648
 -0.0153948
 -0.00807479
 -0.152488
 0.0658462
 -0.120433
 0.131142
 -0.0333409
 0.210132
 -0.0862431
 0.157413
 0.0701809
 -0.105836
 0.0917555
 -0.133544
 0.270659
 0.0802511
 -0.179036
 -0.0110556
 0.0970376
 -0.0572732
 -0.061103
 0.0942587
 -0.137946
 0.0866909
 -0.111034
 -0.159231
 -0.0848791
 -0.0713032
 0.0194346
 -0.161976
 0.0410477
 -0.17409
 -0.145093
 0.103662
 -0.150879
 -0.077295
 0.231791
 0.111696
 0.0376247
 -0.00695813
 0.0466526
 0.0414885
 -0.208283
 0.220384
 0.195145
 0.0289368
 -0.129426
 0.197682
 -0.223919
 0.234286
 -0.0185485
 0.0887909
 -0.205161
 0.0480827
 -0.113458
 -0.110847
 -0.14171
 0.13562
 -0.11994
 0.120486
 -0.0471969
 0.0543947
 0.103667
 0.152173
 -0.14059
 -0.00208905
 -0.144243
 0.230768
 0.0111539
 -0.195177
 -0.0642862
 -0.078332
 0.0153658
 0.202397
 0.0314065
 0.0363757
 -0.0606894
 0.0027777
 0.0692566
 -0.0641202
 0.273371
 0.0816062
 -0.0884729
 -0.168096
 0.0717728
 0.108104
 -0.915765
 0.0749586
 0.210032
 -0.835427
 0.950468
 -1.5252
 0.901965
 -0.511139
 0.095676
 -0.810219
 0.329458
 0.332141
 0.352096
 0.254476
 -0.06965
 0.343917
 0.0231127
 -0.507236
 0.417346
 -0.0597208
 -0.152069
 0.0512574
 -1.00254
 0.355277
 -0.180748
 -1.40966
 0.614065
 -0.858425
 -0.268944
 0.430798
 -0.317119
 1.00562
 -1.12224
 1.01605
 -0.742617
 0.479618
 -0.362103
 -0.643973
 1.14828
 -0.450139
 1.94382
 -0.317877
 1.45954
 -1.39002
 1.38531
 -2.09431
 2.00856
 -1.07021
 2.01864
 -1.28305
 1.48601
 -0.703188
 0.846037
 0.347844
 -0.208364
 -0.538003
 0.119319
 -0.129023
 0.530579
 -0.377279
 0.806774
 -0.864993
 1.25266
 -0.507152
 0.336861
 0.887453
 -0.523682
 1.08665
 -2.44369
 0.467237
 -0.471781
 0.57557
 -0.201629
 0.114249
 0.0391891
 1.38614
 0.164188
 -0.243423
 0.0481512
 0.410427
 -0.153306
 0.215549
 -0.0353088
 0.144982
 -0.222421
 -0.874056
 0.446744
 -1.2805
 0.0811732
 0.16112
 -0.836041
 1.71179
 -0.757112
 0.659004
 -0.135478
 0.761295
 -0.79666
 0.838546
 -1.08255
 0.585023
 -1.23949
 1.22701
 -1.17807
 1.78182
 -1.02927
 2.21133
 -1.07122
 0.796445
 0.0137083
 1.142
 0.451911
 1.31668
 -0.585058
 -0.470592
 -0.0499953
 0.0836775
 1.12527
 0.26127
 0.524658
 -0.513893
 0.481355
 0.543885
 1.12634
 0.0213008
 0.474323
 -0.0819868
 0.533164
 -0.406934
 -1.5467
 0.195115
 -0.84813
 -0.290551
 -0.290358
 0.136795
 0.190867
 0.123582
 1.16079
 0.313851
 0.418717
 0.683321
 0.662123
 1.41049
 -0.47949
 0.899748
 0.273629
 0.995653
 -0.770386
 0.686151
 0.376302
 0.123657
 -0.723271
 0.260146
 0.448772
 -0.398777
 0.00549875
 0.402935
 -0.87621
 1.03014
 0.710683
 1.03805
 -0.215566
 0.67255
 -0.549759
 0.718004
 -0.488044
 0.112863
 -0.649315
 0.134116
 -0.63575
 0.549086
 -0.713622
 0.798724
 -1.26795
 0.923433
 -1.5645
 -0.11722
 -0.754249
 -0.00110795
 0.863982
 -0.574619
 0.538231
 -1.17658
 0.634928
 -0.509189
 0.442125
 -1.23963
 0.755492
 -1.12394
 0.376376
 -0.613889
 0.706167
 -1.36246
 -0.0722016
 0.24248
 -1.76619
 0.659835
 -0.459823
 0.0599521
 0.389979
 -0.162314
 -0.0924856
 0.572225
 -0.749371
 0.285136
 -1.38221
 1.09246
 -0.317112
 1.13175
 -0.165082
 0.699277
 0.027346
 0.860766
 -0.0894676
 0.008068
 0.0296856
 0.34045
 -0.432276
 0.849725
 -0.354201
 0.52538
 -1.58192
 0.723837
 -0.0629857
 -0.140014
 0.0416951
 0.125506
 1.06294
 0.0652732
 0.0580818
 0.294291
 -1.295
 0.935375
 0.327695
 0.895774
 1.57229
 0.614533
 1.43278
 -0.279878
 0.655965
 -0.190206
 1.11737
 -0.975426
 0.322808
 -0.611751
 1.20356
 -0.665851
 0.782681
 0.182169
 0.428202
 0.442331
 0.614286
 0.170671
 0.646799
 0.292993
 0.0350958
 0.245068
 0.52311
 -0.254699
 0.101618
 -0.448707
 -0.193494
 0.295395
 0.395362
 -0.62754
 0.0622359
 -0.402
 0.303665
 -1.61411
 0.81069
 -1.26085
 0.0807791
 -0.636733
 0.947878
 -0.295564
 -0.602958
 0.393884
 -0.660581
 -0.0443459
 0.256544
 -0.491335
 -0.195405
 -0.524044
 0.333954
 -0.675486
 1.42804
 -0.756474
 0.0828825
 -0.362989
 -0.0649359
 0.928886
 -0.156774
 -0.647949
 -0.257066
 -0.716032
 0.998325
 0.0979239
 -0.340338
 0.510087
 -0.376959
 0.953996
 0.427758
 0.741314
 0.0313909
 1.07255
 -1.1078
 0.777789
 -1.00173
 0.512049
 0.487861
 -0.0210759
 0.164503
 0.395941
 -0.485976
 0.323573
 -0.719459
 -0.252392
 -1.58442
 0.264177
 -1.3836
 0.665502
 -0.95982
 -0.113298
 -0.0781854
 -0.925861
 1.01503
 -0.0698581
 0.649045
 -0.0387804
 0.850182
 1.63913
 -0.392896
 0.787563
 -0.16156
 -0.840938
 0.934419
 -1.3431
 0.43715
 -1.24761
 0.383997
 -0.666116
 0.994993
 -0.474916
 0.052042
 0.887509
 0.13996
 -0.740333
 -0.049316
 -0.280747
 0.0422815
 0.288309
 0.184262
 1.03277
 -0.0160401
 0.561307
 -0.515148
 1.42033
 -0.986841
 0.541762
 -0.246364
 0.488952
 -1.05429
 1.13204
 0.616577
 0.614319
 0.391171
 -0.332833
 0.284673
 -0.597757
 -0.0701813
 -0.150797
 -0.353691
 0.0732892
 0.0458013
 -0.74083
 -0.370356
 -0.797695
 -1.1931
 -0.207007
 -0.432921
 -0.00943809
 -0.157915
 0.537219
 0.205777
 0.555523
 0.105302
 1.11597
 0.00411839
 0.779234
 -0.203208
 0.506891
 -0.184799
 0.446115
 -0.369253
 -0.824738
 0.694418
 -0.950615
 -0.457523
 -0.321342
 -0.60195
 0.436331
 -0.264423
 0.281289
 -0.501719
 -0.273248
 -1.29284
 0.0796981
 0.314157
 0.733403
 0.62768
 -0.565165
 0.092837
 -0.154826
 -0.671392
 0.614426
 -0.0790569
 0.946398
 -0.463163
 1.21936
 0.219363
 -0.348983
 0.826
 -0.0791375
 1.1178
 -0.681119
 1.0004
 -0.483265
 1.21241
 -0.982995
 0.11991
 -0.330581
 0.581844
 0.15795
 1.05134
 -0.890355
 1.48318
 -0.878262
 0.401528
 -0.0677978
 0.232685
 0.597677
 0.0951732
 0.2986
 0.193766
 0.393907
 -0.24606
 0.0303409
 -0.465119
 -0.913492
 0.715411
 -0.735803
 0.83157
 -0.0244821
 -0.571179
 -0.039549
 -0.363244
 0.655945
 -1.20789
 0.391518
 0.0682537
 -0.197722
 -0.326863
 0.199751
 -1.0564
 1.11195
 -0.749453
 0.769071
 0.371664
 0.890222
 1.03612
 0.0987686
 0.411933
 0.991433
 -0.19337
 0.343784
 -1.04985
 1.04641
 -0.574282
 -0.962388
 0.549511
 -0.180378
 1.38139
 -0.792764
 0.556002
 -0.586075
 0.00245549
 0.547551
 -1.15398
 0.112199
 0.119833
 -0.448035
 0.0246317
 0.383651
 -0.674967
 0.9928
 -0.408262
 -0.435671
 0.0447449
 -0.746895
 0.155409
