 0
 0
 0.183387
 1.23755
 0.219337
 0.832737
 1.41336
 0.689706
 0.11303
 -0.55306
 -0.269313
 0.217609
 0.312395
 1.00728
 1.08027
 1.53208
 1.5873
 0.605617
 0.725165
 1.4003
 0.815476
 1.44525
 1.48108
 1.04004
 0.920778
 1.11317
 1.33729
 1.56499
 1.13865
 1.11772
 -0.768641
 -0.550737
 0.393264
 0.542389
 0.998236
 0.499922
 1.056
 0.301465
 -0.355504
 -1.04141
 -0.817991
 -1.35787
 -1.74627
 -0.575165
 -0.214635
 -0.628588
 -0.211455
 -0.021327
 0.125503
 0.349524
 -0.66348
 0.373147
 0.496292
 -0.476422
 -0.0110721
 0.00976648
 -0.285733
 -1.41121
 -0.0587815
 1.50044
 1.1095
 1.09581
 0.422121
 0.155696
 -0.142795
 0.630862
 -0.484386
 0.33755
 0.533726
 0.129326
 -0.595465
 0.354324
 0.813452
 -0.242757
 -0.890182
 -1.71785
 -0.986465
 -0.561735
 -0.723995
 -0.380416
 0.533621
 -1.02707
 -0.723316
 -1.60599
 -0.376938
 -0.1659
 -0.0396725
 -0.216603
 0.0893185
 0.450548
 -0.264676
 -0.427221
 -0.427097
 -0.747182
 -0.252493
 0.446151
 0.519548
 0.167359
 0.56486
 0.584962
 0.51346
 1.07238
 1.05415
 0.0669008
 0.608498
 1.04715
 0.646441
 -0.143171
 -0.440773
 -0.499663
 -0.802421
 0.0555805
 -0.276051
 -0.314761
 -0.629322
 -0.739027
 0.401408
 -0.242153
 0.0131482
 -0.0517313
 0.0663637
 1.1386
 1.03713
 0.957181
 0.115965
 0.540193
 -0.549639
 0.438753
 0.497303
 0.133281
 0.390842
 0.82521
 0.170963
 0.861115
 -0.173206
 0.12285
 -0.18047
 -0.527194
 -0.904518
 -1.03536
 -1.22683
 -1.69956
 -1.64337
 -0.839088
 0.705131
 0.292091
 0.377056
 0.703631
 1.08398
 0.341877
 1.13084
 0.0574431
 1.07883
 0.395842
 0.328762
 0.895399
 0.640068
 1.00507
 1.99674
 2.38667
 1.23751
 0.733158
 0.880883
 1.37285
 1.62529
 0.881136
 1.03221
 0.337678
 -0.124098
 -0.565669
 -0.665972
 -0.281485
 -0.0757789
 -1.10131
 -0.947575
 -1.23587
 -1.33305
 -0.295272
 0.393329
 -0.261831
 -0.0528231
 -1.10527
 -1.1586
 -0.929957
 -0.00542219
 0.336841
 1.65433
 0.0129894
 0.644406
 -0.434772
 0.360321
 1.68254
 1.56874
 0.948035
 1.05848
 1.01332
 1.92426
 1.45801
 0.990835
 1.4168
 1.63006
 0.751301
 0.939668
 0.471812
 0.720109
 -0.607826
 -0.424622
 0.519981
 1.29143
 1.32105
 0.511484
 0.891323
 1.13041
 0.866053
 0.1691
 -0.0715062
 -0.621027
 -1.31385
 -0.91535
 -0.34811
 -0.209711
 0.866857
 1.61641
 1.48175
 0.515759
 -0.80528
 -1.49738
 -1.86192
 -1.27146
 -2.01819
 -2.32226
 -1.6782
 -0.563261
 -1.08015
 -1.51956
 -1.12401
 -1.43005
 -1.3997
 -1.51794
 -0.381873
 -0.603543
 -0.877539
 -1.27001
 -1.48185
 -2.14397
 -1.07599
 -0.774662
 -0.694717
 -0.0148955
 0.540255
 0.750115
 -0.106887
 -0.531534
 0.0664872
 -0.839134
 -0.683124
 -0.765859
 -1.21095
 -0.129807
 -0.628297
 -0.990221
 0.132525
 0.215284
 -0.146557
 -0.41903
 -0.364311
 -0.116225
 0.453242
 0.063806
 -0.154762
 0.186602
 -0.0684564
 1.2972
 1.49532
 0.702308
 0.769674
 1.90595
 1.839
 1.20904
 0.00595952
 -0.392286
 0.32721
 0.0568325
 0.502431
 -0.535255
 -0.84488
 -0.235661
 -0.443594
 -0.753809
 -1.00147
 -0.741174
 -0.364126
 -0.529685
 -0.203853
 -0.0954669
 -0.661597
 -1.03394
 -0.647982
 -0.66964
 0.0279621
 1.02494
 1.87788
 2.08296
 1.93488
 1.21816
 1.7226
 2.16867
 1.04751
 0.915986
 -0.0879301
 0.565219
 -0.644838
 -1.0055
 -0.569265
 1.08819
 0.503533
 0.591437
 -0.666388
 -0.711106
 -0.454267
 -0.819827
 -1.01665
 -1.26585
 -1.28237
 -1.85875
 -0.546823
 -0.254823
 0.00374571
 0.0579138
 0.214076
 0.645662
 0.117485
 -0.0629161
 -0.166821
 0.794576
 1.7897
 1.91722
 1.51944
 1.2537
 2.33992
 1.92008
 1.3032
 1.47117
 0.657236
 0.887743
 0.756238
 0.98303
 0.821667
 0.888737
 1.20117
 0.874768
 -0.407959
 -1.50792
 -0.56096
 0.113579
 -0.544337
 -0.695176
 -1.18929
 -0.0484366
 -0.640105
 0.0395731
 -1.45098
 -1.41994
 -0.602705
 -0.0876453
 -0.203637
 0.0811184
 -0.389812
 0.357151
 1.10483
 0.302149
 0.261176
 0.809126
 -0.0442239
 0.244755
 -0.0158751
 -1.23228
 -1.01037
 -0.780388
 -2.19103
 -1.98463
 -2.27773
 -2.34226
 -2.15149
 -1.80453
 -1.2764
 0.0578153
 -0.132811
 -0.331339
 -0.920523
 -1.19963
 -1.49668
 -0.878616
 -1.49629
 -0.752014
 -1.51098
 -1.50859
 -0.907133
 -1.17069
 -1.3973
 -1.1476
 0.455079
 0.766902
 0.733937
 1.06768
 0.111344
 -0.300626
 -0.0105716
 0.145936
 -0.048974
 -1.15042
 -0.132605
 0.813415
 -0.204434
 -0.00425339
 0.185899
 0.712163
 -0.248992
 -1.40566
 0.578394
 0.356561
 1.72835
 1.47283
 1.20807
 0.645038
 0.00533665
 -0.0459976
 0.623291
 1.0669
 0.096759
 0.562165
 0.424142
 -0.48118
 -0.119594
 -1.15897
 -1.09034
 -1.33471
 -1.72993
 -0.812749
 -0.82024
 -0.865743
 -1.41408
 -1.08848
 -0.686391
 -0.587973
 -1.11758
 -1.33458
 -0.955097
 -0.239327
 -1.26007
 0.592815
 0.371467
 1.34878
 0.177945
 -0.0947689
 -0.28192
 -1.33311
 0.266074
 0.102758
 0.839591
 0.665851
 1.63225
 0.40172
 0.170469
 -0.363102
 0.150751
 -0.856319
 -1.34859
 -0.99937
 -1.71261
 -1.09279
 -0.234008
 -0.165687
 -0.112926
 -0.241022
 0.148185
 1.46889
 1.089
 -0.205651
 0.0110664
 0.176148
 -0.129634
 0.486027
 0.706244
 -0.772111
 0.214665
 -0.174405
 0.881865
 0.627258
 1.05612
 1.43967
 1.67591
 1.52513
 0.741559
 1.60347
 1.92511
 1.19468
 0.82399
 -0.533147
 -0.498782
 -1.20052
 -0.430291
 0.352797
 -0.310082
 0.902701
 -0.516596
 1.07936
 -0.140724
 0.0903032
 0.0624151
 0.97338
 0.174932
 -0.450965
 -0.646625
 -0.693449
 -0.135096
 -0.522487
 -0.319346
 0.383442
 0.051832
 -0.135428
 0.228354
 -0.00254957
 0.972812
 0.427637
 0.117104
 1.61466
 0.461955
 0.84581
 0.862326
 -0.103371
 0.241024
 -0.936057
 0.395378
 -0.637957
 0.305438
 -0.24066
 0.30529
 0.647909
 -0.711331
 0.143413
 -1.93768
 -0.800558
 -1.63779
 0.492825
 -0.933108
 1.19575
 -1.02659
 -0.00184046
 -1.78407
 0.15868
 -1.01671
 -0.126852
 -0.891646
 -0.809726
 -0.229824
 0.452546
 0.361055
 0.279568
 -0.298692
 0.130649
 -0.945433
 0.490535
 -1.06321
 -0.260738
 -0.185236
 -1.15598
 -0.0450573
 -1.09675
 1.76813
 0.791697
 0.47767
 -0.266492
 -0.120515
 -0.258286
 -0.13668
 -1.45228
 -0.937823
 -0.377432
 -0.00699678
 -0.347178
 -0.0238492
 -0.437332
 0.0345542
 -0.167416
 0.293823
 1.06265
 0.318157
 1.20702
 0.824791
 0.206346
 0.76173
 -1.21247
 -0.112155
 -0.63841
 -0.246484
 -0.824515
 0.250531
 -0.632322
 0.894728
 -0.259355
 1.14213
 -0.713468
 0.551992
 -1.33387
 0.0900078
 -1.89242
 -0.200743
 -0.65456
 -0.366548
 -1.4691
 -1.35803
 -1.78614
 -0.528847
 0.405238
 0.43446
 -0.0284013
 -1.27275
 -0.869548
 -1.17608
 0.015641
 -0.261916
 -0.993984
 -1.46526
 -0.888005
 -1.01996
 -0.26915
 -0.780054
 -0.067997
 1.53355
 1.09572
 0.983777
 0.974589
 0.724158
 0.26474
 -0.00315716
 -0.314013
 -1.39665
 -1.17502
 -1.0667
 -1.34138
 -1.26406
 -2.01157
 -0.672776
 -0.948608
 -0.982852
 -1.47392
 -0.0920454
 -0.544376
 -0.923655
 -0.392457
 0.410832
 0.308698
 -0.289732
 0.10409
 0.207145
 -0.407495
 0.703367
 -0.756055
 -1.04039
 -1.786
 -0.641763
 -1.01098
 -0.00499117
 -0.26382
 0.241889
 -0.231544
 0.673804
 0.597524
 0.829365
 -0.164012
 0.541148
 -0.541698
 1.02278
 -0.241118
 1.21458
 0.941494
 1.20563
 0.642923
 -0.870363
 0.116199
 -0.526668
 1.28066
 0.0361937
 0.241873
 -0.225873
 1.09658
 -0.17337
 1.02273
 0.243547
 0.62337
 -0.441519
 1.04282
 0.971175
 0.202036
 1.69499
 0.32002
 0.556209
 0.0659998
 -0.368266
 -0.119637
 -0.0290972
 -0.225619
 0.40297
 -0.0983429
 1.40264
 -0.229978
 -0.233189
 -1.17508
 -0.542856
 -1.00201
 -0.626536
 -1.11975
 -0.523953
 -0.174791
 0.0614971
 -0.49574
 0.238055
 -0.75672
 -0.298203
 -0.660626
 1.35968
 0.14749
 -0.155819
 0.31818
 0.13865
 -0.0513649
 -1.32251
 -0.961862
 -0.469819
 -0.376352
 1.10657
 -0.0191901
 -0.744922
 -1.40306
 -2.00603
 -1.72056
 -2.06264
 -0.893611
 -1.01672
 -0.230358
 -1.37926
 0.327117
 0.0551227
 0.548329
 -1.06439
 0.234604
 -0.703964
 -0.801361
 -0.685671
 -1.04941
 -0.883603
 -1.01217
 -0.933958
 -1.20193
 -0.459167
 -0.509947
 -0.76542
 -0.0235143
 -0.17305
 0.433738
 0.713427
 -0.112566
 -0.644503
 0.520501
 0.0895854
 0.691151
 0.00820359
 1.6232
 0.249451
 0.926068
 0.857015
 0.868623
 -0.459716
 -0.127453
 0.781986
 -0.0367205
 0.515105
 0.501529
 -0.142546
 0.646885
 0.520304
 0.988037
 0.00672118
 0.74379
 -1.28124
 -0.107031
 0.0825371
 0.280995
 0.574381
 -0.79658
 -0.348351
 0.635878
 0.711096
 0.964003
 -0.379492
 -0.736956
 0.197897
 -0.351024
 0.102127
 -0.796374
 -1.21362
 -1.41058
 -0.762411
 -1.41175
 0.554393
 -0.288654
 0.554123
 0.153782
 -0.579513
 -0.413342
 -0.423461
 -0.646239
 0.252953
 0.129671
 0.552433
 0.651477
 1.82961
 0.917499
 1.57393
 0.106731
 0.746894
 0.914748
 0.322886
 1.28382
 -0.437
 -0.402401
 -0.825311
 -0.746833
 -0.909092
 -2.02993
 -0.817092
 -1.12596
 -0.570124
 0.694102
 -0.373745
 0.835037
 0.684763
 1.10727
 0.540996
 0.83397
 -0.511795
 -0.082549
 0.0178026
 -0.941822
 -0.878717
 0.511381
 0.5972
 0.522973
 0.137856
 -0.077195
 -0.54479
 -1.42593
 -0.654286
 -1.01668
 0.0791189
 -1.41681
 0.130543
 -0.274056
 0.170699
 -0.636808
 0.714466
 -0.568007
 -1.18064
 -1.21747
 -1.33105
 0.0594309
 -0.425142
 0.74571
 0.491237
 0.190951
 0.529884
 0.424073
 0.0571691
 0.663157
 1.02371
 1.20674
 1.85416
 1.19097
 0.77081
 0.491507
 0.409978
 -0.350606
 -0.550548
 -0.852145
 -0.848483
 -1.42315
 -0.845589
 -1.09726
 -0.541726
 -0.720791
 -0.189391
 -0.524165
 0.126895
 1.06212
 -0.328639
 0.809847
 1.07654
 0.848791
 0.9092
 0.115876
 0.240632
 -0.00223734
 0.349071
 0.647226
 1.66802
 0.975971
 -0.256818
 -0.75646
 -1.34662
 0.0509111
 0.0330918
 0.135191
 0.879365
 -0.00305759
 -0.037876
 -1.10212
 -0.0570297
 -1.19053
 -1.13571
 -0.0519037
 -0.868759
 -0.484568
 -1.3483
 -0.187018
 -1.12079
 -0.127693
 -1.28825
 0.35733
 0.241159
 0.693019
 -0.376428
 -0.366104
 -1.38294
 0.00659825
 -1.12722
 -0.209557
 -0.0942727
 -0.0517724
 -0.292292
 -0.7337
 -0.735226
 -0.510146
 -0.578231
 -0.781507
 -0.0354276
 -0.0433848
 0.524524
 1.36144
 0.0802581
 0.642448
 -0.615306
 -0.271364
 0.399628
 0.442841
 0.880807
 -0.447993
 0.797964
 0.400304
 0.0107677
 0.102311
 0.816914
 -0.0900302
 1.00511
 -0.505237
 0.429322
 -0.390816
 -0.871174
 -1.44562
 -1.82223
 -0.830525
 -0.967214
 -1.55373
 -0.534139
 -0.686
 0.681667
 -0.47211
 0.337786
 1.19374
 0.0297652
 0.0845588
 -1.32551
 -0.179048
 -0.303336
 0.104204
 0.359726
 -0.57024
 0.954154
 0.852061
 0.152888
 0.507736
 0.31466
 -0.282126
 0.390362
 -0.552142
 -0.355272
 0.74372
 0.446365
 1.09516
 0.177627
