 -0.136345
 0.583609
 0.0399614
 1.13179
 0.165107
 0.613653
 1.33089
 1.09166
 0.0437024
 -0.554024
 -0.265438
 0.170388
 0.392479
 0.808735
 1.03146
 1.53735
 1.36484
 0.680611
 0.698954
 1.48519
 0.703487
 1.35054
 1.53967
 0.822023
 1.0815
 1.02816
 1.44467
 1.42076
 0.997697
 1.10667
 -0.797206
 -0.441708
 0.352332
 0.434214
 0.891026
 0.421313
 0.989827
 0.448682
 -0.441501
 -1.01008
 -0.737567
 -1.45709
 -1.68049
 -0.391695
 -0.329718
 -0.468157
 -0.407628
 0.033148
 0.0537111
 0.503435
 -0.63253
 0.43477
 0.287775
 -0.494559
 0.113192
 -0.210005
 -0.108993
 -1.48713
 0.0113958
 1.45002
 1.09694
 0.96026
 0.389213
 0.246953
 -0.130331
 0.621848
 -0.539073
 0.303217
 0.350469
 0.110881
 -0.716583
 0.185857
 0.750997
 -0.23383
 -0.879088
 -1.71488
 -0.931486
 -0.52522
 -0.713548
 -0.410753
 0.584161
 -0.866219
 -0.771513
 -1.57865
 -0.325208
 -0.0620584
 -0.182459
 0.0996486
 -0.152158
 0.43296
 -0.228775
 -0.575959
 -0.320535
 -0.884214
 -0.040075
 0.278451
 0.529619
 0.0301938
 0.585466
 0.589537
 0.48225
 1.12391
 0.841081
 0.0137027
 0.718978
 0.729223
 0.617992
 -0.202204
 -0.447757
 -0.442958
 -0.743885
 0.158976
 -0.278378
 -0.184166
 -0.847198
 -0.491253
 0.361904
 -0.0468059
 -0.220021
 0.0958141
 -0.107269
 0.958185
 0.874194
 0.980068
 0.00654606
 0.659634
 -0.600357
 0.451666
 0.340134
 0.230488
 0.241462
 0.8448
 0.0934504
 0.885055
 -0.121346
 0.113454
 -0.321187
 -0.51317
 -0.825912
 -1.06881
 -1.26346
 -1.65686
 -1.47633
 -0.745117
 0.623914
 0.283938
 0.227941
 0.704015
 1.00759
 0.196321
 1.25639
 0.0786363
 1.0936
 0.453185
 0.234484
 0.812614
 0.652983
 1.11934
 1.95648
 2.55512
 1.118
 0.789055
 0.693709
 1.3458
 1.50022
 0.998497
 0.996933
 0.382416
 -0.138428
 -0.547215
 -0.655558
 -0.181778
 -0.145733
 -1.00819
 -0.989076
 -1.20909
 -1.2734
 -0.196733
 0.332977
 -0.15359
 -0.141957
 -1.13705
 -1.20098
 -0.94983
 -0.101793
 0.471657
 1.5752
 -0.125245
 0.558439
 -0.443239
 0.43733
 1.61058
 1.56282
 0.664808
 1.18423
 0.891199
 2.17229
 1.20743
 0.963071
 1.42207
 1.43823
 0.787396
 0.895844
 0.530055
 0.793541
 -0.560758
 -0.486684
 0.568789
 1.19751
 1.09485
 0.516715
 0.917164
 1.06166
 0.951679
 -0.0730554
 0.0894484
 -0.609778
 -1.29731
 -0.769383
 -0.388335
 -0.12998
 0.906181
 1.42285
 1.32181
 0.507236
 -0.79731
 -1.52409
 -1.9017
 -1.23253
 -2.15856
 -2.2741
 -1.80416
 -0.471783
 -1.13538
 -1.37048
 -1.07229
 -1.32066
 -1.41379
 -1.42444
 -0.337228
 -0.560032
 -0.828941
 -1.28201
 -1.58992
 -2.06684
 -0.987697
 -0.745941
 -0.650554
 -0.0724969
 0.479403
 0.702833
 0.0459829
 -0.459836
 -0.0519869
 -0.655268
 -0.639109
 -0.691644
 -1.14594
 -0.214303
 -0.65619
 -0.965152
 0.265255
 0.13794
 -0.129234
 -0.198979
 -0.573944
 -0.0106223
 0.58204
 -0.0418989
 -0.10124
 0.28966
 -0.18603
 1.23982
 1.48207
 0.701052
 0.909288
 1.91288
 1.9347
 1.34368
 0.065483
 -0.558365
 0.394053
 0.144698
 0.340875
 -0.473823
 -0.691746
 -0.341386
 -0.523341
 -0.75793
 -0.893038
 -0.831966
 -0.174468
 -0.512014
 -0.185882
 -0.0195779
 -0.576896
 -0.970331
 -0.729195
 -0.62978
 -0.00853206
 1.11653
 1.91753
 2.09828
 1.92796
 1.28624
 1.59173
 2.50696
 0.956059
 0.855582
 0.0261925
 0.603386
 -0.666299
 -1.01641
 -0.355981
 0.936322
 0.346462
 0.556553
 -0.498827
 -0.790788
 -0.439237
 -0.954213
 -1.03608
 -1.15367
 -1.39397
 -1.88761
 -0.550843
 -0.0634484
 -0.0809278
 0.144749
 0.219489
 0.636861
 0.000299883
 -0.056799
 -0.0808899
 0.535695
 2.07607
 1.93939
 1.50636
 1.46009
 2.56
 1.87081
 1.25122
 1.49844
 0.705721
 0.752776
 0.812707
 0.826375
 0.831954
 0.683939
 1.41149
 0.570975
 -0.467358
 -1.3838
 -0.592629
 0.284401
 -0.682886
 -0.652466
 -1.05929
 -0.0209993
 -0.551757
 -0.11022
 -1.34724
 -1.46645
 -0.39234
 -0.262318
 -0.248816
 0.00308674
 -0.453363
 0.340295
 1.01487
 0.239784
 0.361714
 0.690834
 -0.148836
 0.409398
 -0.155179
 -1.24602
 -0.883102
 -0.910777
 -2.33601
 -1.84577
 -2.65202
 -2.51519
 -2.03866
 -1.81087
 -1.22049
 -0.132021
 -0.0741348
 -0.404209
 -0.956203
 -0.86064
 -1.41329
 -0.911725
 -1.48394
 -0.619691
 -1.59819
 -1.34657
 -0.934613
 -1.11654
 -1.34173
 -1.27151
 0.688028
 0.745672
 0.39636
 1.06945
 -0.00396081
 -0.256709
 0.0959861
 0.0677641
 0.215212
 -1.292
 -0.215214
 0.801765
 -0.255376
 0.0672114
 0.201293
 0.720238
 -0.0965035
 -1.4715
 0.698827
 0.225419
 1.76169
 1.2627
 1.29432
 0.487624
 -0.0648443
 0.0598387
 0.531535
 1.20045
 -0.1739
 0.481914
 0.603178
 -0.470124
 -0.216631
 -1.10169
 -1.02923
 -1.42897
 -1.59198
 -0.89944
 -0.709206
 -0.706512
 -1.3292
 -1.01718
 -0.705826
 -0.425997
 -1.15863
 -1.16049
 -0.810005
 -0.342989
 -1.10919
 0.67011
 0.139676
 1.23708
 0.14032
 -0.0878107
 -0.328572
 -1.3746
 0.474357
 -0.117626
 0.644446
 0.636915
 1.76168
 0.204038
 0.394387
 -0.597387
 0.169299
 -0.94511
 -1.14342
 -1.04745
 -1.59915
 -0.981938
 -0.0922989
 -0.301307
 0.00701393
 -0.361508
 0.195382
 1.4145
 0.985328
 -0.357824
 0.151656
 0.178237
 0.014609
 0.25526
 0.69509
 -0.576935
 0.278952
 -0.0960733
 0.866499
 0.424861
 1.02472
 1.4033
 1.7366
 1.52236
 0.672302
 1.66759
 1.65174
 1.11307
 0.912463
 -0.365051
 -0.570555
 -1.30862
 0.485474
 0.277838
 -0.520114
 1.73813
 -1.46706
 2.60456
 -1.04269
 0.601442
 -0.0332609
 1.7836
 -0.154527
 -0.783106
 -0.998721
 -0.947925
 -0.0654464
 -0.866403
 -0.342459
 0.890678
 -0.365514
 -0.0757071
 0.380422
 -0.053807
 1.97535
 0.0723592
 0.297852
 3.02432
 -0.15211
 1.70423
 1.13127
 -0.534169
 0.558143
 -1.94168
 1.51762
 -1.654
 1.04806
 -0.720278
 0.667394
 1.29188
 -1.85961
 0.593552
 -3.8815
 -0.482681
 -3.09732
 1.88285
 -2.31842
 3.29006
 -3.03515
 1.06837
 -3.80272
 1.44173
 -2.50271
 0.576336
 -1.73768
 -1.15757
 -0.02146
 0.990549
 0.241737
 0.408591
 -0.82927
 0.507928
 -1.75221
 1.35553
 -2.31587
 0.246415
 -0.522097
 -2.04344
 0.478625
 -2.1834
 4.21182
 0.32446
 0.949451
 -0.842062
 0.0811148
 -0.372535
 -0.175869
 -2.83842
 -1.10201
 -0.134009
 -0.0551479
 -0.757605
 0.129457
 -0.652881
 0.069863
 -0.312398
 0.516244
 1.93671
 -0.128588
 2.48752
 0.743618
 0.0452264
 1.59777
 -2.92425
 0.644958
 -1.29741
 -0.111006
 -1.58581
 1.04719
 -1.47087
 1.97727
 -0.844378
 2.38161
 -1.94048
 1.73006
 -3.11569
 1.11928
 -4.10375
 0.870473
 -1.45101
 -0.380257
 -2.6111
 -1.80994
 -3.10283
 0.0562103
 0.87583
 0.484455
 -0.112079
 -2.39802
 -1.13082
 -1.70073
 0.529534
 -0.743271
 -1.53787
 -2.59161
 -0.909306
 -1.49428
 -0.187163
 -1.31322
 0.338937
 3.08026
 0.900606
 1.83191
 1.26514
 1.01452
 0.127946
 -0.194024
 -0.437595
 -2.55744
 -1.48887
 -1.48541
 -2.0247
 -1.92618
 -3.42206
 -0.193286
 -1.84836
 -1.25648
 -2.46957
 0.67834
 -1.23053
 -1.29996
 -0.516114
 1.1341
 0.048552
 -0.738504
 0.502867
 0.201646
 -0.81043
 1.57958
 -1.7862
 -1.75107
 -2.82405
 -0.426196
 -1.68353
 0.544768
 -0.981824
 0.729933
 -0.344406
 1.32312
 0.463408
 1.46512
 -0.713099
 1.25477
 -1.34042
 2.29073
 -1.16455
 2.77908
 1.05871
 1.95988
 0.644031
 -1.73434
 0.690817
 -1.0649
 2.45724
 -0.598735
 0.751061
 -0.667998
 2.3362
 -0.928862
 2.14667
 -0.132828
 1.23726
 -1.14769
 2.40528
 1.04338
 -0.0404434
 3.46118
 -0.339815
 1.01603
 0.0060477
 -0.758246
 0.0426769
 0.0633884
 -0.797844
 1.15234
 -0.383479
 2.78485
 -1.32244
 0.0839231
 -2.30683
 -0.377774
 -1.70129
 -0.653882
 -1.98051
 -0.434485
 -0.182859
 0.0318115
 -0.83619
 0.670331
 -1.60645
 0.0559987
 -1.18601
 2.9416
 -0.576347
 -0.0928331
 0.458194
 0.0969551
 -0.176871
 -2.38545
 -1.02714
 -0.527901
 -0.670642
 2.40157
 -0.954566
 -1.07262
 -2.29883
 -3.57831
 -2.33509
 -3.49542
 -0.613732
 -1.67268
 -0.0401515
 -2.49663
 1.30254
 -0.267686
 1.16008
 -2.26795
 0.900455
 -1.48664
 -0.98353
 -1.11387
 -1.49174
 -1.49789
 -1.18284
 -1.58076
 -1.49492
 -0.494262
 -0.755016
 -1.28853
 0.231184
 -0.274668
 0.882445
 0.90692
 -0.40796
 -1.03987
 1.14804
 0.0273494
 1.09315
 -0.295461
 3.23732
 -0.561239
 2.18692
 0.776236
 1.50536
 -1.40759
 0.168111
 1.38494
 -0.430604
 1.17569
 0.545875
 -0.39909
 1.13822
 0.71571
 1.51208
 -0.327232
 1.41928
 -2.70928
 0.649444
 -0.000345373
 0.643984
 0.639316
 -1.72547
 -0.191577
 1.28383
 0.968162
 1.68004
 -1.37782
 -0.83488
 0.538235
 -0.861111
 0.479086
 -1.75037
 -1.64138
 -2.1519
 -0.793802
 -2.48429
 1.6622
 -1.06644
 1.55585
 -0.358267
 -1.06737
 -0.392266
 -0.587964
 -1.04218
 0.73893
 -0.193902
 1.27189
 0.903869
 3.41403
 0.653322
 2.95753
 -0.55877
 1.70671
 1.02805
 0.401071
 2.20968
 -1.45203
 -0.332543
 -1.47436
 -0.708052
 -1.75927
 -3.66906
 -0.424196
 -1.91353
 -0.408564
 1.53504
 -1.30816
 2.17814
 0.247613
 2.35488
 0.156999
 1.50009
 -1.50679
 0.392367
 -0.0342394
 -1.82933
 -1.01868
 1.25171
 0.646516
 0.80372
 0.0955746
 -0.365504
 -0.729052
 -2.45871
 -0.638246
 -1.57799
 0.594266
 -2.83715
 1.11738
 -0.815818
 0.417064
 -1.12576
 1.76875
 -1.70005
 -1.79722
 -1.83179
 -1.72223
 0.392264
 -0.709815
 1.34347
 0.561418
 0.341748
 0.883574
 0.350784
 0.0113678
 1.40399
 1.39406
 2.00444
 3.04727
 1.39798
 1.20373
 0.500945
 0.567892
 -0.887825
 -0.756325
 -1.40767
 -0.953784
 -2.53911
 -0.849707
 -1.8765
 -0.338518
 -1.22768
 -0.00459147
 -0.97028
 0.496148
 1.88686
 -1.02306
 1.76046
 1.53407
 1.17013
 1.51115
 -0.320455
 0.505055
 -0.283526
 0.85079
 0.920474
 2.96087
 0.896273
 -0.570976
 -1.48986
 -1.9743
 0.616076
 -0.0597453
 0.290016
 1.55076
 -0.617484
 0.041181
 -2.04851
 0.406133
 -2.40989
 -1.35507
 0.297079
 -1.69476
 -0.40543
 -2.4661
 0.494102
 -2.12119
 0.355572
 -2.50066
 1.34033
 0.121249
 1.0236
 -0.958272
 -0.524054
 -2.43428
 0.896953
 -2.61041
 0.668705
 -0.495801
 0.0160253
 -0.524977
 -1.33138
 -0.830399
 -0.808745
 -0.771998
 -1.17541
 0.210632
 -0.0737257
 0.989643
 2.27493
 -0.635153
 1.37825
 -1.44688
 -0.246882
 0.970808
 0.48239
 1.24405
 -1.10394
 2.00585
 0.00878558
 -0.057486
 0.300034
 1.14378
 -0.289781
 2.06151
 -1.61718
 1.17878
 -1.15989
 -1.24284
 -2.33584
 -2.85835
 -0.929293
 -1.37915
 -2.54517
 -0.340769
 -1.02978
 1.73152
 -1.51852
 0.912067
 2.15613
 -0.519746
 0.264937
 -2.7069
 0.613716
 -0.859338
 0.690279
 0.357271
 -1.11779
 2.10814
 0.739861
 0.0330543
 0.955771
 0.290028
 -0.665777
 1.06533
 -1.54494
 0.0529904
 1.17939
 0.40162
 1.84206
 0.0222182
