 0.496379
 0.16859
 1.10681
 0.130257
 0.724991
 1.28689
 0.519492
 0.203042
 -0.473431
 -0.176348
 0.272042
 0.305348
 1.00499
 0.990419
 1.46847
 1.53308
 0.424866
 0.679372
 1.40073
 0.849731
 1.42845
 1.4195
 0.988654
 0.795434
 1.14314
 1.33799
 1.62155
 1.06245
 0.97351
 -0.820745
 -0.565491
 0.507384
 0.569248
 0.898952
 0.402455
 0.932764
 0.216522
 -0.338843
 -1.0264
 -0.755753
 -1.28552
 -1.78417
 -0.457397
 -0.0751271
 -0.653763
 -0.173733
 -0.0873216
 0.0961057
 0.253078
 -0.58335
 0.387269
 0.556359
 -0.542558
 -0.0772263
 0.067664
 -0.396992
 -1.36143
 -0.0213975
 1.63378
 1.00904
 0.973459
 0.305423
 0.0885686
 -0.077351
 0.637114
 -0.410126
 0.28569
 0.516826
 -0.00318826
 -0.63687
 0.26979
 0.687002
 -0.369791
 -0.999412
 -1.74314
 -0.865641
 -0.436246
 -0.674429
 -0.370175
 0.462635
 -1.01518
 -0.708841
 -1.53718
 -0.297472
 -0.0709232
 -0.0197289
 -0.27567
 0.201445
 0.370108
 -0.295792
 -0.441808
 -0.475055
 -0.686148
 -0.296996
 0.509934
 0.429331
 0.122074
 0.455835
 0.547715
 0.495435
 1.04439
 1.04537
 -0.0248351
 0.527286
 1.07875
 0.479307
 -0.239055
 -0.495079
 -0.490437
 -0.728105
 0.0852662
 -0.184221
 -0.315888
 -0.537061
 -0.770803
 0.464612
 -0.202486
 0.071133
 -0.101126
 0.12143
 1.0591
 0.889693
 0.739724
 0.0435734
 0.427271
 -0.451706
 0.412588
 0.524627
 0.0461936
 0.386397
 0.740246
 0.160415
 0.764934
 -0.148679
 0.117104
 -0.134069
 -0.577728
 -0.909407
 -0.991342
 -1.22272
 -1.75356
 -1.60108
 -0.62952
 0.795676
 0.251332
 0.285923
 0.597276
 1.00971
 0.280683
 0.994485
 0.10626
 1.06045
 0.432273
 0.357102
 0.87265
 0.59841
 0.998251
 2.21719
 2.57621
 1.08896
 0.587206
 0.871077
 1.32488
 1.58336
 0.736517
 0.995767
 0.327206
 -0.0967807
 -0.512812
 -0.589265
 -0.225753
 -0.0312007
 -1.11464
 -0.917141
 -1.19474
 -1.27982
 -0.215672
 0.434019
 -0.294782
 -0.0789052
 -1.11637
 -1.17305
 -0.870238
 -0.00496459
 0.281044
 1.64917
 -0.0719235
 0.458843
 -0.455833
 0.314352
 1.79061
 1.50272
 0.840946
 0.872584
 1.01742
 1.95902
 1.4927
 0.873654
 1.36983
 1.61801
 0.599878
 0.861253
 0.447271
 0.706659
 -0.517891
 -0.344767
 0.580799
 1.33444
 1.2291
 0.328794
 0.796369
 1.11553
 0.799676
 0.184727
 -0.168225
 -0.561246
 -1.27595
 -0.810748
 -0.196728
 -0.163657
 0.878605
 1.66535
 1.32997
 0.283495
 -0.939354
 -1.56414
 -1.83651
 -1.18441
 -2.08812
 -2.54307
 -1.48398
 -0.463314
 -1.04242
 -1.62218
 -1.04804
 -1.35918
 -1.32698
 -1.44792
 -0.286727
 -0.535561
 -0.892876
 -1.26353
 -1.51475
 -2.28493
 -0.915242
 -0.609907
 -0.642565
 -0.00503838
 0.486837
 0.633886
 -0.194405
 -0.482833
 0.135999
 -0.801731
 -0.609412
 -0.675838
 -1.10935
 -0.0670321
 -0.606279
 -1.02481
 0.116893
 0.271447
 -0.195231
 -0.425533
 -0.236965
 -0.135481
 0.455344
 0.117809
 -0.178964
 0.199313
 0.0345791
 1.27668
 1.44822
 0.59051
 0.74045
 2.09126
 1.89026
 1.15388
 0.0345015
 -0.29039
 0.333483
 0.124822
 0.501962
 -0.569606
 -0.833763
 -0.12147
 -0.41463
 -0.805833
 -1.01886
 -0.670767
 -0.376166
 -0.444165
 -0.186963
 -0.0846126
 -0.626725
 -0.969427
 -0.543753
 -0.616583
 0.0422368
 1.00854
 1.97663
 2.16286
 1.89956
 1.10638
 1.78971
 2.22896
 1.02731
 0.851442
 -0.0906905
 0.581646
 -0.546056
 -0.983285
 -0.461913
 1.209
 0.453328
 0.401484
 -0.729123
 -0.653823
 -0.404049
 -0.773303
 -1.0877
 -1.3041
 -1.2629
 -1.92108
 -0.493067
 -0.213392
 0.026338
 0.0113552
 0.225992
 0.623118
 0.114538
 -0.129051
 -0.151087
 0.849625
 1.77423
 1.99945
 1.48716
 1.25163
 2.67862
 2.02258
 1.24137
 1.39913
 0.617913
 0.891138
 0.722824
 0.981273
 0.748832
 0.857086
 1.08585
 0.880002
 -0.55964
 -1.6125
 -0.416692
 0.187908
 -0.451819
 -0.764301
 -1.13877
 0.0126446
 -0.532961
 0.0221307
 -1.51626
 -1.40583
 -0.500662
 0.0432436
 -0.261192
 -0.0173338
 -0.441205
 0.269654
 1.04181
 0.199461
 0.164473
 0.807552
 -0.0606884
 0.148723
 0.0297964
 -1.28105
 -0.99249
 -0.697986
 -2.42874
 -2.13712
 -2.31131
 -2.56364
 -2.23404
 -1.66198
 -1.11143
 0.131119
 -0.231031
 -0.430687
 -1.00025
 -1.26157
 -1.32699
 -0.720442
 -1.4082
 -0.7363
 -1.44207
 -1.54096
 -0.772101
 -1.13204
 -1.38673
 -1.05304
 0.426282
 0.820269
 0.682419
 0.855397
 0.0075163
 -0.403108
 -0.00114786
 0.208836
 -0.0827238
 -1.0077
 -0.104344
 0.800356
 -0.246827
 -0.100868
 0.217539
 0.690772
 -0.261612
 -1.36405
 0.642159
 0.550892
 1.70887
 1.41662
 1.01173
 0.566434
 -0.0753097
 -0.0769967
 0.666441
 1.02166
 0.140827
 0.42618
 0.333132
 -0.425463
 -0.105834
 -1.13417
 -1.07431
 -1.26803
 -1.75923
 -0.681232
 -0.781604
 -0.862447
 -1.35316
 -0.973842
 -0.553336
 -0.568681
 -1.06132
 -1.33409
 -0.798207
 -0.121553
 -1.22417
 0.603887
 0.483507
 1.19719
 0.0361202
 -0.218416
 -0.304964
 -1.32282
 0.250031
 0.265352
 0.711744
 0.531722
 1.53232
 0.364578
 0.0335174
 -0.240344
 0.0737949
 -0.842305
 -1.43784
 -0.883277
 -1.68518
 -0.957577
 -0.0928447
 -0.0645448
 -0.178099
 -0.203924
 0.111967
 1.48071
 0.985926
 -0.323799
 -0.106725
 0.225283
 -0.0875143
 0.553064
 0.611136
 -0.791145
 0.248702
 -0.0176451
 0.918498
 0.660448
 0.948861
 1.39655
 1.6417
 1.4861
 0.710042
 1.62685
 2.01612
 0.979649
 0.621795
 -0.548591
 -0.409521
 -1.08912
 -0.413326
 0.772777
 -0.113929
 0.829932
 -0.0621174
 0.762204
 0.504489
 -0.0827451
 0.301854
 0.963794
 0.566658
 -0.41315
 -0.713853
 -0.866653
 -0.384547
 -0.603956
 -0.55315
 0.229967
 0.2093
 -0.256711
 0.198351
 0.0799736
 0.934075
 0.895133
 0.217277
 1.79246
 1.17453
 0.934919
 1.29388
 0.266744
 0.211998
 -0.694637
 -0.0577587
 -0.209096
 -0.0963343
 0.0110149
 0.113858
 0.716566
 -0.338249
 -0.26033
 -1.88487
 -1.72777
 -1.86463
 -0.418805
 -0.586007
 0.538111
 -0.22719
 -0.730286
 -1.50722
 -0.760076
 -0.710937
 -0.867055
 -0.809115
 -1.2564
 -0.550941
 0.306717
 0.509556
 0.291108
 -0.174463
 -0.0993931
 -0.788037
 0.0781653
 -0.728954
 -0.805119
 -0.150621
 -1.34807
 -0.57509
 -1.00837
 1.25318
 1.61162
 0.666107
 0.0987337
 -0.224364
 -0.169861
 -0.211417
 -1.47668
 -1.58534
 -0.727132
 -0.174845
 -0.451058
 -0.296909
 -0.457327
 -0.12861
 -0.188238
 0.17711
 1.08042
 0.757973
 1.21578
 1.42317
 0.508258
 0.816364
 -0.72488
 -0.713776
 -0.450389
 -0.607069
 -0.843524
 -0.227312
 -0.389029
 0.483101
 0.164736
 0.964721
 -0.0963055
 0.159717
 -0.811303
 -0.65366
 -1.69286
 -1.21981
 -0.523723
 -0.853632
 -1.65227
 -2.04971
 -2.3143
 -1.37571
 0.233037
 0.436508
 -0.00825728
 -1.26343
 -1.35102
 -1.46501
 -0.480952
 -0.268587
 -1.29191
 -1.82671
 -1.56534
 -1.35335
 -0.756233
 -0.934784
 -0.449859
 1.56129
 1.73964
 1.27267
 1.50047
 1.1426
 0.634051
 0.136349
 -0.3307
 -1.45601
 -1.73165
 -1.45868
 -1.7899
 -1.84913
 -2.69549
 -1.59799
 -1.17007
 -1.63327
 -1.87507
 -0.804976
 -0.512162
 -1.31371
 -0.69265
 0.14492
 0.466696
 -0.312356
 -0.110035
 0.279613
 -0.348825
 0.489472
 -0.379318
 -1.44301
 -2.23616
 -1.33527
 -1.21953
 -0.557754
 -0.222148
 -0.175141
 -0.143473
 0.586683
 0.896947
 0.878781
 0.221353
 0.431445
 -0.13658
 0.744139
 0.333416
 0.97591
 1.57632
 1.58445
 1.15941
 -0.588714
 -0.109591
 -0.239464
 1.03045
 0.503274
 0.109547
 0.0570202
 0.948491
 0.415254
 0.893896
 0.765282
 0.643511
 -0.0352621
 0.846821
 1.52474
 0.534813
 1.80071
 1.15945
 0.683271
 0.377106
 -0.24813
 -0.220352
 -0.0046091
 -0.167394
 0.118989
 0.174108
 1.34845
 0.432229
 -0.483544
 -1.00968
 -1.06413
 -1.11551
 -1.10758
 -1.31779
 -1.07734
 -0.399033
 -0.138254
 -0.573392
 -0.0209619
 -0.59738
 -0.688816
 -0.571608
 1.05059
 0.733632
 -0.23252
 0.358766
 0.212571
 -0.06844
 -1.35873
 -1.44691
 -0.692848
 -0.54764
 0.791176
 0.42571
 -1.02385
 -1.61578
 -2.62559
 -2.73345
 -2.94562
 -1.90474
 -1.36849
 -0.849155
 -1.52632
 -0.367369
 0.250296
 0.349533
 -0.765759
 -0.251332
 -0.515426
 -1.1888
 -0.895639
 -1.37275
 -1.26631
 -1.49492
 -1.28116
 -1.68399
 -0.852983
 -0.734509
 -1.01035
 -0.423421
 -0.231335
 0.280817
 0.837045
 0.052146
 -0.662305
 0.318767
 0.317793
 0.693801
 0.28787
 1.61003
 0.996672
 0.921121
 1.45163
 1.10927
 0.020237
 -0.332913
 0.830604
 0.260192
 0.441808
 0.794875
 0.0503689
 0.607039
 0.755667
 1.15074
 0.393591
 0.732692
 -0.870429
 -0.624788
 0.280295
 0.225572
 0.695012
 -0.650276
 -0.70573
 0.550253
 0.904705
 1.15355
 0.105741
 -0.954594
 0.0905598
 -0.231514
 -0.16544
 -0.688777
 -1.67621
 -1.76445
 -1.30992
 -1.68236
 -0.18798
 -0.0561007
 0.152852
 0.476375
 -0.670744
 -0.63763
 -0.518628
 -0.770315
 -0.0408651
 0.227711
 0.384824
 0.944036
 2.15629
 1.77333
 1.97245
 0.924654
 0.850468
 1.42115
 0.644105
 1.47062
 0.134693
 -0.637395
 -0.790832
 -1.09556
 -1.07434
 -2.65047
 -1.76696
 -1.3916
 -1.15533
 0.450412
 -0.0832874
 0.468248
 1.18889
 1.11768
 1.14566
 0.95695
 -0.0585563
 -0.365865
 0.134991
 -0.92785
 -1.25554
 0.257759
 0.754881
 0.583045
 0.330089
 0.0143912
 -0.61745
 -1.53645
 -1.1743
 -1.20875
 -0.428609
 -1.35001
 -0.603658
 -0.0622899
 -0.125022
 -0.55968
 0.411219
 -0.146258
 -1.61703
 -1.5888
 -1.80239
 -0.412276
 -0.47484
 0.454002
 0.649916
 0.292896
 0.662382
 0.670779
 0.17214
 0.684979
 1.38714
 1.58977
 2.49545
 2.01897
 1.31619
 0.974074
 0.657721
 -0.110605
 -0.686313
 -0.970475
 -1.20611
 -1.63787
 -1.49679
 -1.38851
 -1.13661
 -0.885294
 -0.591959
 -0.585876
 -0.17136
 1.06207
 0.0823209
 0.664151
 1.48442
 1.24008
 1.25873
 0.618456
 0.291897
 0.196841
 0.278038
 0.867545
 1.92481
 1.64579
 0.0646611
 -0.690775
 -1.59823
 -0.38229
 0.072667
 0.0392483
 0.881191
 0.346484
 -0.179912
 -1.03484
 -0.543899
 -1.13327
 -1.77355
 -0.425365
 -0.894127
 -0.978161
 -1.47005
 -0.860842
 -1.04212
 -0.703321
 -1.22048
 -0.308841
 0.448158
 0.610004
 -0.189952
 -0.587557
 -1.47973
 -0.601868
 -0.908735
 -0.931993
 0.035807
 -0.271228
 -0.343998
 -0.862997
 -1.06241
 -0.713955
 -0.846069
 -0.997196
 -0.3682
 -0.0810253
 0.435849
 1.53299
 0.60709
 0.547871
 -0.211973
 -0.515191
 0.326573
 0.626404
 0.952239
 -0.161396
 0.573769
 0.901069
 0.0613338
 0.136973
 0.881247
 0.146037
 0.966699
 0.0778526
 0.119418
 -0.103082
 -1.19061
 -1.73259
 -2.42433
 -1.54026
 -1.40619
 -2.04683
 -1.21476
 -0.880737
 0.256601
 -0.100065
 -0.0356105
 1.31395
 0.493647
 0.0419512
 -1.15151
 -0.78538
 -0.150379
 -0.205364
 0.475142
 -0.47518
 0.71017
 1.27818
 0.30897
 0.529442
 0.548055
 -0.14499
 0.249954
 -0.229493
 -0.701884
 0.774495
 0.638977
 1.13212
 0.581637
 0.43805
