 0.601088
 -0.109543
 1.14311
 -0.362518
 0.723479
 1.03303
 -0.0464156
 -0.451243
 -0.53878
 0.0341474
 0.330058
 0.208414
 0.749691
 0.622785
 0.977728
 0.764252
 -0.104739
 0.363858
 0.984163
 0.0295268
 1.07106
 0.742318
 0.220622
 0.474319
 0.518625
 0.780817
 0.797012
 0.383664
 0.54869
 -1.28818
 -0.10555
 0.583859
 0.326969
 0.707467
 0.0218019
 0.775203
 -0.239591
 -0.575515
 -0.776071
 -0.281389
 -0.958357
 -0.982395
 0.315688
 -0.0114724
 -0.416444
 0.0411091
 0.181986
 0.0963637
 0.270299
 -0.858682
 0.663488
 0.214759
 -0.583862
 0.23385
 -0.0595844
 -0.193592
 -1.29219
 0.717131
 1.4629
 0.30607
 0.49037
 -0.0920331
 -0.0564006
 -0.246909
 0.629283
 -0.751029
 0.586855
 0.325803
 -0.0757383
 -0.598592
 0.694655
 0.640167
 -0.625835
 -0.767687
 -1.26178
 -0.0612633
 -0.0586056
 -0.405512
 0.0200588
 0.67063
 -1.26827
 -0.275419
 -1.16146
 0.446367
 0.00906376
 -0.0138063
 -0.110807
 0.0346216
 0.475216
 -0.473142
 -0.285034
 -0.119097
 -0.527533
 0.218177
 0.428796
 0.326488
 -0.10862
 0.507056
 0.237994
 0.188756
 0.767956
 0.407571
 -0.347675
 0.569261
 0.610956
 0.219329
 -0.451919
 -0.314123
 -0.251084
 -0.515277
 0.412856
 -0.342013
 -0.164592
 -0.498247
 -0.2511
 0.60113
 -0.409154
 0.0328766
 0.0586382
 0.0294225
 1.13061
 0.483637
 0.448455
 -0.377405
 0.483808
 -0.829152
 0.709852
 0.217125
 -0.0479515
 0.25078
 0.631974
 -0.259789
 0.745252
 -0.606756
 0.170213
 -0.235845
 -0.343875
 -0.604406
 -0.576273
 -0.659586
 -1.05649
 -0.766147
 -0.0140742
 1.02906
 -0.052945
 0.212271
 0.543518
 0.649357
 -0.175589
 0.961408
 -0.56664
 0.981054
 -0.195618
 0.0928565
 0.71409
 0.186709
 0.653723
 1.51333
 1.57042
 -0.0774084
 0.182408
 0.452417
 0.984475
 0.898676
 0.0859315
 0.47707
 -0.195992
 -0.316501
 -0.466054
 -0.34277
 0.0678505
 -0.00610596
 -0.980371
 -0.401886
 -0.691235
 -0.651043
 0.378882
 0.445694
 -0.413166
 0.00320135
 -0.991222
 -0.53448
 -0.250993
 0.479457
 0.387257
 1.36172
 -0.772666
 0.664656
 -0.673303
 0.582749
 1.43885
 0.697629
 0.133444
 0.686374
 0.387921
 1.49615
 0.308277
 0.384383
 0.903715
 0.869786
 -0.00428235
 0.494856
 -0.010134
 0.385618
 -0.970973
 -0.101236
 0.739306
 0.94373
 0.644296
 -0.0609691
 0.589308
 0.599621
 0.265537
 -0.322157
 -0.0421912
 -0.651114
 -0.963384
 -0.200598
 0.0668328
 0.0182775
 0.892728
 1.12088
 0.703483
 -0.198514
 -1.05826
 -1.11537
 -1.10108
 -0.301793
 -1.48887
 -1.39049
 -0.490406
 0.369113
 -0.803909
 -0.914014
 -0.392826
 -0.850928
 -0.69737
 -0.740983
 0.356593
 -0.402384
 -0.562534
 -0.818884
 -0.83933
 -1.40495
 0.0249342
 -0.226713
 -0.259821
 0.32062
 0.534398
 0.433767
 -0.467885
 -0.513917
 0.271672
 -0.764943
 -0.316716
 -0.412023
 -0.788183
 0.443792
 -0.488924
 -0.589177
 0.603475
 0.049905
 -0.215601
 -0.33019
 -0.234785
 0.185933
 0.40747
 -0.244609
 -0.119407
 0.211439
 -0.188017
 1.34413
 0.797996
 -0.0800496
 0.413579
 1.47217
 0.861662
 0.190295
 -0.664145
 -0.386677
 0.573057
 -0.146431
 0.372178
 -0.684872
 -0.553712
 0.122496
 -0.25022
 -0.453452
 -0.563749
 -0.236253
 0.0725753
 -0.400423
 0.0660134
 -0.013791
 -0.624963
 -0.68923
 -0.118073
 -0.244007
 0.359432
 0.995275
 1.33743
 1.1913
 0.92285
 0.25398
 1.13314
 1.44568
 -0.253418
 0.418879
 -0.501754
 0.493832
 -0.923178
 -0.621822
 0.00597186
 1.19961
 -0.014002
 0.358016
 -0.915037
 -0.416695
 -0.0360778
 -0.55456
 -0.495006
 -0.699584
 -0.676021
 -1.13556
 0.447353
 0.0443031
 0.0306017
 0.09025
 0.125779
 0.473219
 -0.220741
 -0.0622813
 -0.113296
 0.81137
 1.51801
 0.87248
 0.543096
 0.523388
 1.78574
 0.653194
 0.384864
 0.813233
 -0.128694
 0.49511
 0.329921
 0.514305
 0.354859
 0.425934
 0.791307
 0.0866936
 -0.701551
 -1.2507
 0.184093
 0.384792
 -0.65653
 -0.326738
 -0.784828
 0.472586
 -0.574058
 0.280713
 -1.36757
 -0.691517
 0.184976
 0.112956
 -0.0554761
 0.185648
 -0.352114
 0.568472
 0.851187
 -0.238061
 0.133176
 0.553606
 -0.387025
 0.293709
 -0.253268
 -1.11816
 -0.333358
 -0.340555
 -1.8625
 -0.905324
 -1.52293
 -1.19625
 -0.996627
 -0.774941
 -0.284754
 0.668389
 -0.0665028
 -0.288142
 -0.681056
 -0.69096
 -1.01111
 -0.134994
 -0.976389
 0.0167478
 -1.16316
 -0.66022
 -0.184209
 -0.656138
 -0.785388
 -0.385907
 1.06914
 0.360308
 0.318987
 0.793311
 -0.448212
 -0.27348
 0.115779
 0.0752489
 -0.111362
 -1.19224
 0.539963
 0.849781
 -0.594784
 0.127074
 0.140202
 0.537767
 -0.632213
 -1.32098
 1.27168
 0.0109313
 1.59986
 0.52292
 0.531207
 -0.0520481
 -0.235444
 -0.00191537
 0.552286
 0.713996
 -0.507375
 0.617018
 0.122654
 -0.75016
 0.102797
 -1.00244
 -0.499445
 -0.785872
 -0.978852
 0.0395533
 -0.320391
 -0.47935
 -1.01116
 -0.357898
 -0.127259
 -0.211126
 -0.860066
 -0.70223
 -0.302095
 0.162017
 -1.00122
 1.10122
 0.0233503
 1.20694
 -0.472057
 -0.159502
 -0.246477
 -1.10037
 0.929295
 -0.131288
 0.842347
 0.310124
 1.25859
 -0.521993
 0.0593319
 -0.528257
 0.418205
 -0.910146
 -0.838883
 -0.395955
 -1.15651
 -0.215142
 0.276824
 -0.109277
 0.0383475
 -0.222259
 0.339171
 1.31295
 0.286816
 -0.678304
 0.193375
 0.0723148
 -0.204408
 0.443682
 0.49925
 -1.06369
 0.481577
 -0.28732
 0.866103
 0.148238
 0.799793
 0.880729
 0.947492
 0.608913
 -0.0256173
 1.27484
 1.08805
 0.323022
 0.209782
 -0.966185
 -0.302469
 -0.845926
 0.261663
 0.0610265
 -0.41004
 1.08275
 -1.32209
 1.76334
 -1.43638
 0.637069
 -0.232516
 0.912478
 -0.757123
 -0.344492
 -0.210237
 -0.132329
 0.340308
 -0.446361
 0.148653
 0.508905
 -0.408954
 0.0637189
 0.235604
 -0.181411
 0.921004
 -0.614169
 0.113007
 1.40641
 -1.09095
 0.941357
 -0.0844877
 -0.646257
 0.474348
 -1.1321
 1.32132
 -1.32366
 1.11368
 -0.736678
 0.652155
 0.229949
 -1.30156
 1.03528
 -2.20036
 1.16486
 -1.34878
 1.99448
 -1.75929
 2.32277
 -2.57033
 1.52074
 -2.25437
 2.03918
 -1.65595
 1.12639
 -1.11525
 0.116474
 0.382858
 0.415376
 -0.175325
 0.128483
 -0.474153
 0.513226
 -1.11203
 1.3113
 -1.64895
 0.920027
 -0.316756
 -0.827379
 0.960686
 -1.22743
 2.85424
 -1.40859
 0.387899
 -0.721116
 0.308138
 -0.281673
 0.0277623
 -1.30112
 0.547769
 0.212325
 0.0487451
 -0.288208
 0.345367
 -0.462221
 0.352263
 -0.184408
 0.435889
 0.714199
 -0.663215
 1.23152
 -0.510741
 -0.134938
 0.662105
 -1.94175
 1.35808
 -0.903866
 0.410159
 -0.685673
 1.00568
 -1.07461
 1.5677
 -1.20301
 1.5196
 -1.8296
 1.49501
 -2.09328
 1.62134
 -2.40828
 1.86064
 -1.04643
 0.362374
 -1.21443
 -0.0152374
 -0.838675
 1.08234
 0.361545
 -0.0578674
 -0.297442
 -1.16683
 0.378847
 -0.519697
 0.858542
 -0.526274
 -0.587431
 -0.627415
 0.464527
 -0.484886
 0.489591
 -0.611873
 0.61903
 1.3112
 -0.530391
 0.554496
 -0.0134357
 0.0544701
 -0.262271
 -0.070183
 -0.22325
 -1.12199
 0.164886
 -0.270244
 -0.533313
 -0.212775
 -1.04663
 1.07967
 -0.798773
 -0.014842
 -0.758882
 1.14253
 -0.851674
 -0.252219
 0.30679
 0.626959
 -0.307229
 -0.283336
 0.460793
 -0.0835786
 -0.463475
 1.0355
 -1.50292
 -0.132448
 -0.862816
 0.811218
 -0.711087
 0.829501
 -0.501622
 0.704473
 -0.56695
 0.794623
 -0.119456
 0.534789
 -0.87578
 0.854186
 -1.10206
 1.63118
 -1.34012
 1.7762
 -0.534518
 0.673333
 -0.410121
 -1.15471
 0.965159
 -0.792622
 1.74434
 -1.20612
 0.548499
 -0.562679
 1.35542
 -1.31243
 1.46049
 -0.859259
 0.660097
 -1.00604
 1.56382
 -0.333567
 -0.276709
 1.68265
 -1.45001
 0.764849
 -0.46876
 -0.339612
 0.26653
 -0.0600475
 -0.228754
 0.755265
 -0.644012
 1.53628
 -1.61359
 0.446274
 -1.12973
 0.639583
 -0.737296
 0.25773
 -0.706724
 0.512928
 0.061826
 0.131634
 -0.46384
 0.61546
 -1.02674
 0.519625
 -0.598801
 1.88565
 -1.36159
 0.180855
 0.327562
 -0.114389
 -0.126122
 -1.17847
 0.295801
 0.0850098
 -0.0539587
 1.36135
 -1.24761
 -0.252409
 -0.832564
 -0.874873
 0.0639747
 -0.954802
 0.903852
 -0.639031
 0.600233
 -1.26113
 1.54593
 -0.592645
 0.626298
 -1.56447
 1.3451
 -1.10459
 -0.0128691
 -0.149087
 -0.424076
 -0.076083
 -0.198926
 -0.282547
 -0.331304
 0.325235
 -0.229129
 -0.31948
 0.61803
 -0.266684
 0.535542
 0.191543
 -0.570018
 -0.386528
 0.988606
 -0.492163
 0.624022
 -0.515734
 1.73045
 -1.39118
 1.23266
 -0.319071
 0.439069
 -1.17507
 0.605084
 0.622856
 -0.72317
 0.701121
 -0.153092
 -0.389797
 0.794738
 -0.0965275
 0.558332
 -0.740875
 0.84705
 -1.91406
 1.26406
 -0.243363
 0.260058
 0.177118
 -1.06221
 0.553884
 0.684274
 0.00418034
 0.406949
 -1.20028
 -0.00180114
 0.587041
 -0.585779
 0.506255
 -0.989538
 -0.300373
 -0.51276
 0.352363
 -0.918913
 1.74896
 -1.076
 1.05629
 -0.664774
 -0.360924
 0.149597
 -0.200943
 -0.289508
 0.746598
 -0.248834
 0.606631
 -0.0197565
 1.36291
 -0.838361
 1.29778
 -1.37505
 1.04612
 -0.0314229
 -0.182925
 1.01084
 -1.51437
 0.350502
 -0.595938
 0.0337915
 -0.526494
 -1.17105
 1.06323
 -0.85141
 0.44768
 0.83624
 -1.09275
 1.44696
 -0.461953
 0.948051
 -0.685198
 0.722866
 -1.21828
 0.684915
 -0.207986
 -0.871182
 0.107852
 0.988892
 -0.0926281
 0.159313
 -0.283743
 -0.127225
 -0.349664
 -0.994776
 0.616514
 -0.608043
 0.83334
 -1.61694
 1.53448
 -0.800166
 0.557601
 -0.774687
 1.20836
 -1.42823
 -0.315009
 -0.254273
 -0.326395
 0.913775
 -0.563479
 1.0412
 -0.24294
 -0.0930698
 0.311117
 -0.0647823
 -0.112065
 0.606548
 0.244809
 0.472827
 0.840595
 -0.372005
 0.0889945
 -0.139701
 0.119976
 -0.614468
 -0.0759434
 -0.414067
 -0.105438
 -0.866809
 0.475523
 -0.591712
 0.432699
 -0.483621
 0.430698
 -0.466723
 0.614679
 0.723778
 -1.23354
 1.29987
 0.103796
 0.0468894
 0.264251
 -0.642808
 0.389703
 -0.25391
 0.464301
 0.184026
 1.15785
 -0.592806
 -0.675083
 -0.43884
 -0.523474
 1.03713
 -0.280532
 0.164816
 0.649765
 -0.784932
 0.262457
 -1.03876
 0.950512
 -1.31803
 0.131432
 0.61951
 -0.945171
 0.377685
 -1.05156
 1.04158
 -1.2737
 0.921656
 -1.36134
 1.57981
 -0.442463
 0.577528
 -0.864333
 0.119062
 -1.03486
 1.2023
 -1.47709
 1.11186
 -0.418881
 0.194833
 -0.291121
 -0.421
 -0.0144741
 -0.0552355
 -0.135467
 -0.324921
 0.552665
 -0.139276
 0.531009
 0.777817
 -1.05283
 0.932133
 -1.25348
 0.485879
 0.485308
 -0.0820189
 0.565213
 -1.02211
 1.29793
 -0.660737
 0.02546
 0.128683
 0.586233
 -0.642504
 1.07908
 -1.48352
 1.2209
 -0.964344
 -0.265768
 -0.77977
 -0.620494
 0.651449
 -0.465069
 -0.795016
 0.778867
 -0.432691
 1.12588
 -1.28431
 1.10456
 0.653319
 -1.05284
 0.33211
 -1.37749
 1.18426
 -0.573209
 0.526189
 -0.0433827
 -0.693944
 1.44809
 -0.295975
 -0.198945
 0.446571
 -0.210498
 -0.395087
 0.67198
 -1.03772
 0.456385
 0.655545
 -0.176448
 0.823811
 -0.765862
 0.295914
