 0.601088
 0.191001
 1.23861
 0.256787
 0.851872
 1.45897
 0.68307
 -0.109709
 -0.593635
 -0.26267
 0.198723
 0.307776
 0.903579
 1.07457
 1.51502
 1.52176
 0.656141
 0.691928
 1.33013
 0.69459
 1.41836
 1.4515
 0.946371
 0.947504
 0.992377
 1.27701
 1.43552
 1.10142
 1.0994
 -0.738478
 -0.474789
 0.346464
 0.500202
 0.957568
 0.500586
 1.0255
 0.273157
 -0.438937
 -0.995539
 -0.779159
 -1.34794
 -1.65636
 -0.512493
 -0.267719
 -0.550304
 -0.234043
 0.0649644
 0.128846
 0.334722
 -0.691321
 0.317828
 0.373672
 -0.397026
 0.0353367
 -0.0419161
 -0.21455
 -1.39946
 0.0174011
 1.4716
 1.04187
 1.01131
 0.41362
 0.150409
 -0.171704
 0.543431
 -0.479314
 0.347198
 0.499402
 0.173963
 -0.511611
 0.438849
 0.859592
 -0.196039
 -0.865706
 -1.69464
 -0.908582
 -0.512896
 -0.66196
 -0.310921
 0.515169
 -1.01068
 -0.78076
 -1.55184
 -0.329551
 -0.155712
 -0.0916621
 -0.156638
 -0.0436976
 0.453367
 -0.246459
 -0.408263
 -0.323228
 -0.689147
 -0.126396
 0.365598
 0.509287
 0.146024
 0.580068
 0.528029
 0.45277
 0.994341
 0.904742
 0.104696
 0.621609
 0.921761
 0.680209
 -0.111815
 -0.37003
 -0.436099
 -0.733326
 0.0461926
 -0.318917
 -0.32405
 -0.660272
 -0.581236
 0.310512
 -0.253898
 -0.0940722
 0.0116021
 0.0352235
 1.14822
 1.05775
 0.977328
 0.111259
 0.539438
 -0.559433
 0.430135
 0.432193
 0.168145
 0.334852
 0.7994
 0.139911
 0.815208
 -0.199152
 0.0706371
 -0.200527
 -0.444138
 -0.826475
 -0.98951
 -1.15434
 -1.63366
 -1.58298
 -0.805564
 0.626281
 0.260196
 0.342369
 0.714703
 1.00671
 0.327766
 1.12529
 -0.0039951
 0.979057
 0.29391
 0.239811
 0.833995
 0.603706
 0.955577
 1.99112
 2.56598
 1.20558
 0.785199
 0.845016
 1.40698
 1.60217
 0.887015
 0.920578
 0.264297
 -0.184353
 -0.558231
 -0.621885
 -0.243092
 -0.127652
 -1.0442
 -0.923984
 -1.15323
 -1.22766
 -0.234946
 0.328221
 -0.249056
 -0.121326
 -1.05189
 -1.06042
 -0.781204
 0.088855
 0.431684
 1.57756
 0.0161138
 0.672713
 -0.336947
 0.414276
 1.64599
 1.52063
 0.893757
 1.13325
 0.954547
 1.97342
 1.29499
 1.03188
 1.41965
 1.57961
 0.785524
 0.887618
 0.433675
 0.602456
 -0.669745
 -0.436108
 0.521252
 1.20436
 1.24647
 0.562268
 0.870442
 1.03484
 0.782958
 0.0693223
 -0.00753006
 -0.654879
 -1.29082
 -0.84601
 -0.356172
 -0.159809
 0.812824
 1.52729
 1.46713
 0.53505
 -0.790737
 -1.51074
 -1.85645
 -1.23002
 -2.10388
 -2.44243
 -1.71162
 -0.486698
 -1.04726
 -1.43764
 -1.11165
 -1.40675
 -1.40075
 -1.44136
 -0.364085
 -0.584427
 -0.854747
 -1.24626
 -1.46246
 -2.13618
 -1.04315
 -0.74829
 -0.633966
 0.00363697
 0.536217
 0.701875
 -0.116947
 -0.57239
 -0.0145227
 -0.772204
 -0.702818
 -0.763432
 -1.1699
 -0.141158
 -0.559503
 -0.868928
 0.169011
 0.134411
 -0.148396
 -0.404388
 -0.436979
 -0.0325564
 0.391192
 -0.0490133
 -0.143914
 0.139482
 -0.118276
 1.28499
 1.44049
 0.640196
 0.733677
 1.83901
 1.78117
 1.08088
 -0.123706
 -0.44853
 0.348792
 0.0279653
 0.386161
 -0.491792
 -0.799608
 -0.277308
 -0.388874
 -0.647889
 -0.887693
 -0.680099
 -0.267474
 -0.53416
 -0.201067
 -0.114324
 -0.682125
 -1.03029
 -0.633219
 -0.560617
 0.0791233
 1.03484
 1.85485
 2.11872
 1.98221
 1.24509
 1.75568
 2.32352
 0.908342
 0.87305
 -0.0652292
 0.461217
 -0.69257
 -0.968106
 -0.478081
 0.960569
 0.466283
 0.591157
 -0.619459
 -0.726424
 -0.39929
 -0.754205
 -0.872109
 -1.13564
 -1.24384
 -1.75748
 -0.431387
 -0.17139
 -0.0550935
 0.0627032
 0.15713
 0.551784
 0.0551515
 -0.0347055
 -0.130648
 0.746046
 1.89103
 1.818
 1.45209
 1.24943
 2.41046
 1.85842
 1.31408
 1.47027
 0.606442
 0.79833
 0.729086
 0.878848
 0.794283
 0.823076
 1.20284
 0.688116
 -0.357493
 -1.42945
 -0.53063
 0.119477
 -0.596792
 -0.625134
 -1.09739
 -0.0761111
 -0.612113
 -0.0253441
 -1.38024
 -1.38164
 -0.505844
 -0.139966
 -0.125459
 0.122918
 -0.290655
 0.423145
 1.06276
 0.293318
 0.279835
 0.693524
 -0.0402628
 0.273578
 -0.116479
 -1.1764
 -0.921559
 -0.801334
 -2.26317
 -2.03691
 -2.54138
 -2.46694
 -2.2301
 -1.88999
 -1.22975
 0.0535145
 -0.0397455
 -0.308015
 -0.835064
 -1.10849
 -1.56535
 -0.917671
 -1.43522
 -0.700865
 -1.51359
 -1.41701
 -0.892717
 -1.1025
 -1.33664
 -1.05423
 0.542028
 0.631322
 0.634649
 1.11064
 0.107106
 -0.219927
 0.00581577
 0.0781568
 -0.0722832
 -1.22838
 -0.0742293
 0.812666
 -0.188451
 0.0328487
 0.156626
 0.61608
 -0.324172
 -1.48307
 0.530145
 0.276004
 1.73786
 1.39185
 1.22713
 0.561519
 0.0453157
 0.0207425
 0.562657
 0.995325
 -0.00971195
 0.612162
 0.428734
 -0.535793
 -0.165099
 -1.08499
 -1.04194
 -1.30684
 -1.63227
 -0.776583
 -0.708683
 -0.833692
 -1.428
 -1.0719
 -0.663208
 -0.542731
 -1.13143
 -1.26795
 -0.936068
 -0.306017
 -1.15422
 0.524109
 0.285405
 1.34964
 0.202764
 -0.0581197
 -0.275537
 -1.23814
 0.310226
 0.0238244
 0.854259
 0.737254
 1.62722
 0.291615
 0.20514
 -0.425687
 0.205362
 -0.807465
 -1.24262
 -1.01726
 -1.66514
 -1.04771
 -0.247031
 -0.232793
 -0.078049
 -0.261284
 0.208529
 1.41721
 0.995421
 -0.180594
 0.103078
 0.123854
 -0.142481
 0.372441
 0.68547
 -0.720955
 0.121099
 -0.226771
 0.752717
 0.524597
 1.06209
 1.41177
 1.65338
 1.4356
 0.692184
 1.62093
 1.89851
 1.27228
 0.845921
 -0.543225
 -0.574081
 -1.13297
 0.523326
 0.488382
 -0.478213
 1.83076
 -1.36266
 2.57282
 -1.07178
 0.523888
 -0.0983099
 1.75614
 -0.284949
 -0.888448
 -1.04239
 -0.99433
 -0.015414
 -0.903512
 -0.335152
 0.783205
 -0.269666
 -0.061328
 0.428279
 -0.0630277
 1.79789
 0.0301842
 0.247143
 2.98583
 -0.0918121
 1.81845
 1.10394
 -0.519757
 0.584865
 -1.8548
 1.34428
 -1.70632
 1.03294
 -0.7503
 0.7791
 1.00527
 -1.89942
 0.740973
 -3.88204
 -0.387715
 -2.96895
 1.91068
 -2.1811
 3.11876
 -2.95753
 0.97121
 -3.82889
 1.39814
 -2.3332
 0.619537
 -1.79683
 -1.02483
 0.0483336
 0.864586
 0.254561
 0.435159
 -0.643695
 0.575865
 -1.82096
 1.34792
 -2.35435
 0.192011
 -0.499104
 -2.00413
 0.51848
 -2.09193
 4.24412
 0.153697
 0.883387
 -0.823861
 0.0395734
 -0.535645
 -0.319427
 -2.82583
 -0.882544
 -0.193132
 -0.0377018
 -0.602807
 0.268768
 -0.736305
 0.189112
 -0.236437
 0.706272
 1.92279
 0.0195225
 2.4767
 0.712205
 0.228667
 1.48428
 -2.84451
 0.725011
 -1.30022
 -0.0898395
 -1.43423
 1.00739
 -1.44404
 2.12457
 -0.918819
 2.39603
 -1.98197
 1.60263
 -3.06472
 1.09737
 -4.04839
 0.887399
 -1.47167
 -0.305423
 -2.64266
 -1.88034
 -2.99359
 0.0691636
 0.771505
 0.424319
 -0.297862
 -2.54217
 -1.02182
 -1.75467
 0.488814
 -0.710379
 -1.67213
 -2.42532
 -0.768669
 -1.50784
 -0.0763062
 -1.27716
 0.344048
 2.86324
 0.943486
 1.76943
 1.21173
 0.957152
 0.145464
 -0.0385416
 -0.473479
 -2.57541
 -1.47302
 -1.5716
 -2.16675
 -1.94227
 -3.45284
 -0.257649
 -1.7779
 -1.27421
 -2.40971
 0.598256
 -1.28457
 -1.40364
 -0.368966
 0.995643
 0.0824911
 -0.508929
 0.565336
 0.228578
 -0.766946
 1.53415
 -1.93194
 -1.61725
 -2.85771
 -0.37796
 -1.68675
 0.47828
 -0.668448
 0.941032
 -0.475177
 1.25662
 0.640723
 1.51808
 -0.688902
 1.22614
 -1.34581
 2.32029
 -1.05604
 2.81318
 0.900187
 1.9768
 0.563515
 -1.91495
 0.589852
 -1.17235
 2.66803
 -0.544616
 0.715766
 -0.624322
 2.27381
 -1.03319
 2.19775
 -0.180095
 1.19413
 -1.17619
 2.30431
 0.945887
 0.108702
 3.44138
 -0.491043
 1.18597
 -0.107341
 -0.754363
 0.00500571
 -0.116591
 -0.539121
 1.13314
 -0.494822
 2.72619
 -1.31885
 -0.030644
 -2.2809
 -0.317466
 -1.69682
 -0.672313
 -1.88407
 -0.292992
 -0.0814421
 0.206259
 -0.783298
 0.68261
 -1.57565
 -0.0637062
 -1.2422
 2.90177
 -0.691949
 -0.122654
 0.569265
 0.169709
 -0.133448
 -2.45036
 -1.12365
 -0.616537
 -0.539493
 2.34506
 -0.853686
 -1.1024
 -2.43681
 -3.45551
 -2.29091
 -3.51324
 -0.651564
 -1.73416
 -0.0134447
 -2.53167
 1.31968
 -0.261512
 1.06954
 -2.38026
 1.02401
 -1.49237
 -1.0704
 -1.04745
 -1.58137
 -1.25912
 -1.27924
 -1.46056
 -1.685
 -0.529029
 -0.828579
 -1.21896
 0.382784
 -0.265419
 0.88529
 1.00279
 -0.438084
 -1.07971
 1.22141
 -0.129338
 1.15751
 -0.221213
 3.30605
 -0.468117
 2.13765
 0.85821
 1.47889
 -1.31493
 0.289719
 1.44851
 -0.43238
 1.09958
 0.463521
 -0.45513
 1.27088
 0.696564
 1.60426
 -0.358768
 1.44296
 -2.81804
 0.55549
 -0.0978829
 0.451597
 0.670353
 -1.65518
 -0.0508581
 1.33295
 0.941424
 1.4729
 -1.36953
 -0.962275
 0.500489
 -0.821216
 0.437658
 -1.67272
 -1.77165
 -2.26567
 -0.881245
 -2.4547
 1.77964
 -0.906262
 1.4782
 -0.29481
 -0.928216
 -0.350557
 -0.647276
 -1.03211
 0.77072
 0.0418354
 1.24255
 0.830269
 3.307
 0.638179
 3.04228
 -0.6205
 1.65789
 1.09768
 0.402524
 2.30345
 -1.41633
 -0.290427
 -1.39518
 -0.90904
 -1.68932
 -3.52461
 -0.340772
 -1.94136
 -0.463592
 1.34797
 -1.24192
 2.02457
 0.493289
 2.2414
 0.198586
 1.58474
 -1.32724
 0.440763
 -0.107437
 -1.81757
 -1.0566
 1.23817
 0.68146
 0.795648
 -0.0105316
 -0.261822
 -0.882603
 -2.60737
 -0.592134
 -1.63058
 0.525274
 -2.86619
 1.06263
 -0.856491
 0.515659
 -1.18841
 1.58482
 -1.74709
 -1.85298
 -1.80563
 -1.91673
 0.485836
 -0.786872
 1.53158
 0.586229
 0.224221
 0.779188
 0.415867
 0.0669773
 1.25998
 1.3716
 1.90578
 3.01523
 1.36665
 1.13465
 0.514849
 0.600346
 -0.808693
 -0.717972
 -1.33071
 -1.14238
 -2.53328
 -0.822251
 -1.759
 -0.3659
 -1.22337
 0.00503387
 -0.929923
 0.578413
 1.85244
 -1.17037
 1.78047
 1.45392
 1.11152
 1.30657
 -0.371017
 0.519695
 -0.144033
 0.827778
 0.947496
 2.97894
 0.899646
 -0.720413
 -1.38197
 -2.01433
 0.664228
 -0.0961051
 0.262359
 1.48318
 -0.531636
 0.152769
 -1.97058
 0.521618
 -2.27093
 -1.32678
 0.310272
 -1.67315
 -0.415836
 -2.3942
 0.407212
 -2.26235
 0.259669
 -2.54092
 1.38098
 0.0817556
 1.21229
 -0.880065
 -0.377923
 -2.33427
 0.770605
 -2.41477
 0.533389
 -0.46439
 0.0645928
 -0.537028
 -1.21792
 -0.881492
 -0.727515
 -0.780194
 -1.19598
 0.268146
 -0.0908505
 0.998422
 2.25453
 -0.527488
 1.49502
 -1.46045
 -0.0505585
 0.935226
 0.49062
 1.47386
 -1.01251
 1.8871
 -0.000500258
 0.0505698
 0.292764
 1.3774
 -0.320826
 1.93359
 -1.61353
 1.31234
 -1.01005
 -1.23857
 -2.42654
 -2.93957
 -0.754797
 -1.4585
 -2.61098
 -0.269952
 -1.05435
 1.51372
 -1.50903
 1.1528
 2.1136
 -0.626158
 0.225909
 -2.59685
 0.550733
 -0.760905
 0.519745
 0.277056
 -1.19395
 2.06041
 0.850337
 0.197346
 1.03129
 0.300904
 -0.579542
 0.938281
 -1.41864
 -0.0802768
 1.2549
 0.52553
 2.01549
 -0.120878
 0.507214
