 -0.955243
 -0.7751
 -0.24544
 -1.72467
 -2.46388
 -1.5781
 -1.84604
 -1.20845
 -1.91622
 -1.88714
 -1.42935
 -1.70082
 -1.87126
 -1.0589
 -1.24196
 -2.3536
 -2.00726
 -1.86477
 -2.21672
 -1.02941
 -1.64988
 -0.847225
 -0.440098
 -1.75272
 -0.586724
 -0.0782889
 0.0896131
 1.12261
 1.05318
 1.17173
 -0.0118762
 0.288666
 -0.944067
 0.126172
 -0.407049
 0.353461
 1.01782
 1.61613
 2.11695
 2.29657
 1.16097
 1.46648
 2.0064
 1.0839
 0.135675
 0.854257
 -0.382087
 -0.564653
 -0.516536
 -1.44347
 -0.928411
 -0.728621
 0.894689
 -1.46358
 -0.459643
 -2.26924
 -2.11512
 -1.77658
 -1.34127
 0.67528
 -2.1498
 -1.40011
 -1.98403
 -1.91879
 0.454193
 -1.6234
 -0.264321
 -0.685361
 -0.520361
 -1.65286
 -0.0162388
 0.743262
 0.38632
 1.48168
 1.79435
 0.6087
 1.96035
 0.0348311
 2.11977
 1.62685
 1.37741
 1.49517
 -0.870568
 -0.392002
 -0.823761
 0.156315
 -1.02495
 -2.71482
 -1.16794
 -2.53215
 -0.396288
 -2.13905
 -0.575913
 -0.504912
 -2.44159
 -0.0570232
 -1.07174
 -0.740907
 -0.217524
 -0.7511
 -1.18512
 -0.409384
 -1.74784
 1.7812
 -0.484585
 1.71431
 1.30176
 1.95777
 0.659174
 1.00556
 0.908205
 1.2882
 1.04359
 2.10473
 2.44229
 0.992878
 0.840777
 1.82431
 1.59191
 -1.1393
 0.196833
 -0.594376
 -1.80717
 -1.75631
 -2.8844
 -1.37473
 -2.30853
 -2.19169
 -1.49692
 -1.42418
 0.563843
 1.77053
 2.30612
 1.0446
 1.00517
 -0.362159
 -0.894447
 0.308412
 -0.529409
 -0.276218
 0.227096
 1.09329
 0.84715
 2.02587
 0.615676
 1.33442
 1.41226
 0.150372
 0.874014
 0.426715
 0.479842
 0.742902
 -0.887206
 -0.490532
 -1.54554
 -1.25275
 0.696876
 -0.545355
 -0.559175
 1.06241
 1.21521
 1.09806
 2.06645
 1.53783
 1.87531
 1.99065
 1.52405
 2.07011
 2.42689
 1.16832
 1.83185
 -0.294014
 -0.7562
 -1.20276
 -1.96904
 -1.14676
 -0.811369
 -1.91707
 -0.953904
 0.030642
 0.483473
 0.791555
 1.57343
 -1.05447
 1.27959
 -0.00354006
 0.908702
 1.48678
 1.23627
 0.951006
 0.405748
 0.893151
 -0.0227716
 1.25256
 1.97159
 -0.15399
 0.919915
 0.548399
 0.141366
 1.38978
 0.214858
 1.13943
 1.71722
 0.0794613
 0.823758
 -1.90425
 0.704677
 0.0610044
 0.232947
 0.216657
 0.923405
 1.42254
 0.812465
 -0.469171
 0.1395
 -0.326711
 -0.524072
 0.601936
 -0.173522
 0.0141741
 0.952878
 1.02985
 -0.871938
 -0.728972
 -0.205301
 -1.57749
 -0.211285
 -2.18363
 -2.14119
 -1.14122
 -1.26256
 -0.501606
 -0.468599
 -0.703716
 -0.414499
 -0.78952
 -0.226767
 -0.596394
 -0.511266
 -1.10482
 -0.892836
 -0.425018
 -0.879043
 -0.0716861
 -0.471777
 1.52524
 1.50737
 -0.123704
 1.53441
 0.982114
 0.715556
 1.90932
 0.497259
 0.833734
 -0.0283044
 0.296208
 0.820568
 1.03306
 1.83912
 0.162063
 1.62563
 0.36588
 0.682121
 0.724709
 0.742805
 1.73671
 1.23936
 1.43163
 0.898441
 1.39496
 1.04438
 1.38145
 0.369887
 1.24657
 1.41222
 1.22537
 2.4924
 2.03877
 1.94157
 2.33856
 1.29326
 -0.00165849
 0.165095
 -1.76661
 -0.243133
 -0.446982
 -1.77086
 0.198682
 0.0374466
 1.70732
 0.905046
 1.49678
 0.248187
 1.1661
 -0.881387
 0.97086
 -0.966444
 0.0465934
 -2.26025
 -1.10353
 -1.47507
 -1.22993
 -0.392972
 -1.70261
 -1.34759
 -0.960337
 -0.779677
 -0.638334
 -1.10268
 -0.862164
 -0.355887
 -0.0591146
 -1.56508
 -0.608409
 0.413526
 -0.978688
 -0.0136381
 -0.140351
 -0.407408
 -0.407038
 1.13196
 0.577781
 -0.519662
 0.513363
 -1.07636
 -0.373241
 -1.01014
 -0.555789
 0.587057
 -0.273868
 -0.519809
 -0.344672
 1.22205
 2.04428
 -0.7091
 -0.468489
 -0.986202
 -1.29713
 -1.55613
 0.226984
 -0.129452
 1.41592
 0.975627
 0.783102
 1.40496
 1.11449
 0.473894
 -0.403617
 -1.22357
 -0.512296
 -2.03417
 -2.12916
 -2.02159
 -1.21627
 -1.15617
 -1.03183
 -0.961315
 -0.606546
 -1.00727
 -2.01844
 -1.14788
 -0.616519
 -1.38475
 -0.540941
 0.185168
 -0.10651
 0.52244
 0.253695
 -1.073
 -0.674227
 0.371924
 -0.224392
 1.01351
 0.333619
 2.26553
 0.896722
 0.869649
 0.21462
 1.09971
 0.197977
 0.466319
 1.20581
 0.37409
 0.760499
 -0.6256
 0.654461
 -0.128086
 0.91143
 0.378769
 -0.94114
 -0.0185515
 -0.296888
 0.855658
 -0.580268
 0.301819
 0.705689
 -0.814421
 -0.0973089
