 -1.79191
 -2.16833
 0.211086
 -1.68531
 1.48324
 -0.650628
 1.20062
 0.39851
 1.35075
 0.57454
 1.96351
 1.71558
 1.22963
 1.73319
 0.870433
 0.662727
 1.44231
 -0.560572
 0.246944
 -0.0370147
 -0.307384
 0.839872
 1.34256
 1.14437
 1.43107
 0.242715
 -0.742297
 -1.11927
 -1.70085
 -2.15665
 -2.12968
 -0.898777
 -1.00311
 0.380731
 -0.793787
 0.570769
 1.149
 0.398443
 0.528445
 1.55824
 -1.10337
 0.728439
 -1.47204
 -0.602603
 -0.266957
 0.315061
 -0.259347
 -1.27779
 0.49046
 0.507165
 -0.192068
 1.03234
 -0.159176
 -0.964858
 0.252104
 -1.80244
 -0.241141
 -1.3015
 -1.04815
 -0.492084
 0.488932
 -0.686074
 -0.159148
 0.292271
 -0.0303013
 0.827717
 -0.266769
 -1.10699
 0.659297
 -0.806737
 -1.02693
 0.904806
 0.713459
 0.213275
 -1.25411
 1.33862
 -0.163823
 1.9198
 0.709404
 1.19823
 -0.82071
 0.945821
 -0.752156
 0.753615
 -0.551287
 1.27489
 0.0487301
 0.190778
 -0.740079
 0.876605
 0.533859
 -0.347334
 -0.463535
 -2.23431
 -1.98317
 -0.52922
 -1.25465
 -1.69996
