 -0.00107143 0.285715 0.081634 -0.00104376 0.584615 0.341776 0.0561397 0.316326
 0.00596405 0.585578 0.342937 -0.0473924 1.1026 1.21798 0.235838 1.12728
 -0.0333739 1.41474 2.0026 0.0112993 0.946646 0.896266 1.37719 0.829527
 0.0219024 1.1422 1.3051 -0.00495068 0.198011 0.039233 0.897516 0.0363115
 -0.00282508 0.219861 0.0483469 -0.0057044 0.15215 0.0231823 0.0332482 0.021456
 -0.00196616 0.15704 0.0246654 -0.00582471 0.144661 0.0209607 0.0169624 0.0193998
 -0.00183284 0.148366 0.0220158 -0.00643287 0.142459 0.0203361 0.0151403 0.0188218
 -0.00172327 0.145755 0.0212476 -0.00680247 0.141097 0.0199546 0.014612 0.0184687
 -0.001639 0.144458 0.0208708 -0.00726119 0.140341 0.0197483 0.0143528 0.0182778
 -0.00162006 0.143495 0.0205934 -0.00760746 0.139652 0.0195605 0.014162 0.0181039
 -0.00156333 0.142682 0.0203605 -0.00795278 0.139107 0.019414 0.0140019 0.0179684
 -0.00152985 0.141963 0.0201557 -0.00824922 0.138585 0.0192739 0.0138611 0.0178387
 -0.00148385 0.141313 0.0199715 -0.00852871 0.138106 0.0191461 0.0137344 0.0177204
 -0.00144554 0.140717 0.0198034 -0.00878136 0.137641 0.0190223 0.0136188 0.0176058
 -0.00140479 0.140167 0.0196486 -0.00901702 0.137196 0.0189041 0.0135124 0.0174964
 -0.00136735 0.139654 0.019505 -0.00923457 0.136764 0.0187897 0.0134136 0.0173906
 -0.00133045 0.139174 0.0193711 -0.00943771 0.136348 0.0186797 0.0133215 0.0172888
 -0.00129567 0.138723 0.0192456 -0.00962711 0.135945 0.0185738 0.0132352 0.0171907
 -0.00126223 0.138297 0.0191278 -0.00980458 0.135558 0.0184722 0.0131542 0.0170967
 -0.00123053 0.137896 0.0190167 -0.00997098 0.135186 0.0183748 0.0130778 0.0170065
 -0.0012003 0.137515 0.0189118 -0.0101274 0.13483 0.0182817 0.0130057 0.0169204
 -0.0011716 0.137154 0.0188126 -0.0102746 0.134489 0.0181928 0.0129374 0.0168381
 -0.00114431 0.136811 0.0187185 -0.0104134 0.134163 0.0181081 0.0128727 0.0167597
 -0.00111839 0.136484 0.0186291 -0.0105443 0.133851 0.0180274 0.0128112 0.016685
 -0.00109376 0.136172 0.0185441 -0.0106679 0.133554 0.0179506 0.0127528 0.0166139
 -0.00107036 0.135875 0.0184631 -0.0107848 0.133271 0.0178775 0.0126971 0.0165463
 -0.0010481 0.13559 0.0183859 -0.0108954 0.133001 0.0178081 0.0126439 0.016482
 -0.00102693 0.135318 0.0183121 -0.011 0.132744 0.017742 0.0125932 0.0164209
 -0.00100677 0.135057 0.0182415 -0.0110992 0.132499 0.0176792 0.0125447 0.0163627
 -0.000987564 0.134807 0.0181739 -0.0111931 0.132265 0.0176194 0.0124982 0.0163074
 -0.000969254 0.134566 0.0181091 -0.0112822 0.132043 0.0175626 0.0124536 0.0162548
 -0.000951783 0.134335 0.0180469 -0.0113667 0.131831 0.0175085 0.0124108 0.0162048
 -0.000935096 0.134113 0.0179871 -0.0114469 0.131628 0.0174571 0.0123697 0.0161571
 -0.000919142 0.133898 0.0179296 -0.011523 0.131435 0.017408 0.0123302 0.0161117
 -0.000903876 0.133691 0.0178742 -0.0115953 0.131251 0.0173613 0.0122921 0.0160685
 -0.000889252 0.133492 0.0178208 -0.0116639 0.131075 0.0173167 0.0122554 0.0160273
 -0.000875229 0.133299 0.0177693 -0.0117292 0.130907 0.0172743 0.01222 0.0159879
 -0.000861769 0.133112 0.0177196 -0.0117912 0.130747 0.0172337 0.0121858 0.0159504
 -0.000848835 0.132932 0.0176715 -0.0118502 0.130593 0.017195 0.0121527 0.0159145
 -0.000836394 0.132757 0.017625 -0.0119063 0.130446 0.0171579 0.0121207 0.0158803
 -0.000824415 0.132587 0.01758 -0.0119597 0.130305 0.0171225 0.0120898 0.0158475
 -0.000812868 0.132423 0.0175364 -0.0120105 0.130171 0.0170887 0.0120598 0.0158162
 -0.000801727 0.132263 0.0174941 -0.0120588 0.130042 0.0170562 0.0120307 0.0157862
 -0.000790965 0.132108 0.0174531 -0.0121049 0.129918 0.0170252 0.0120025 0.0157574
 -0.000780561 0.131957 0.0174133 -0.0121487 0.129799 0.0169954 0.0119751 0.0157298
 -0.000770491 0.13181 0.0173746 -0.0121905 0.129685 0.0169668 0.0119485 0.0157034
 -0.000760735 0.131668 0.0173369 -0.0122304 0.129576 0.0169394 0.0119226 0.015678
 -0.000751275 0.131528 0.0173003 -0.0122683 0.12947 0.0169131 0.0118974 0.0156536
 -0.000742094 0.131393 0.0172647 -0.0123046 0.129369 0.0168878 0.0118729 0.0156302
 -0.000733174 0.131261 0.0172299 -0.0123391 0.129272 0.0168634 0.011849 0.0156077
 -0.0007245 0.131132 0.0171961 -0.0123721 0.129178 0.01684 0.0118257 0.015586
 -0.000716059 0.131006 0.0171631 -0.0124035 0.129088 0.0168174 0.011803 0.0155652
 -0.000707838 0.130883 0.0171309 -0.0124336 0.129001 0.0167957 0.0117809 0.015545
 -0.000699823 0.130763 0.0170995 -0.0124623 0.128917 0.0167748 0.0117593 0.0155257
 -0.000692005 0.130646 0.0170688 -0.0124897 0.128836 0.0167546 0.0117382 0.015507
 -0.000684371 0.130531 0.0170388 -0.0125159 0.128757 0.0167351 0.0117175 0.0154889
 -0.000676913 0.130418 0.0170094 -0.012541 0.128682 0.0167163 0.0116974 0.0154715
 -0.000669622 0.130308 0.0169807 -0.012565 0.128609 0.0166981 0.0116776 0.0154547
 -0.000662488 0.130201 0.0169527 -0.0125879 0.128538 0.0166805 0.0116583 0.0154384
 -0.000655504 0.130095 0.0169252 -0.0126098 0.12847 0.0166635 0.0116394 0.0154226
 -0.000648663 0.129992 0.0168983 -0.0126308 0.128404 0.016647 0.0116209 0.0154074
 -0.000641957 0.12989 0.0168719 -0.0126509 0.128339 0.016631 0.0116028 0.0153926
 -0.00063538 0.129791 0.0168461 -0.0126702 0.128277 0.0166156 0.011585 0.0153783
 -0.000628926 0.129693 0.0168207 -0.0126886 0.128217 0.0166006 0.0115676 0.0153644
 -0.00062259 0.129597 0.0167958 -0.0127063 0.128158 0.016586 0.0115505 0.015351
 -0.000616366 0.129503 0.0167714 -0.0127232 0.128102 0.0165719 0.0115337 0.0153379
 -0.00061025 0.129411 0.0167475 -0.0127394 0.128046 0.0165582 0.0115172 0.0153252
 -0.000604237 0.12932 0.0167239 -0.012755 0.127993 0.0165448 0.011501 0.0153128
 -0.000598322 0.12923 0.0167008 -0.0127699 0.12794 0.0165318 0.0114852 0.0153008
 -0.000592501 0.129142 0.0166781 -0.0127843 0.12789 0.0165192 0.0114695 0.0152891
 -0.000586772 0.129056 0.0166558 -0.012798 0.12784 0.0165069 0.0114542 0.0152777
 -0.00058113 0.128971 0.0166338 -0.0128112 0.127792 0.0164949 0.0114391 0.0152666
 -0.000575572 0.128887 0.0166122 -0.0128238 0.127745 0.0164832 0.0114242 0.0152558
 -0.000570095 0.128805 0.016591 -0.012836 0.127699 0.0164718 0.0114096 0.0152453
 -0.000564696 0.128723 0.01657 -0.0128476 0.127654 0.0164607 0.0113952 0.015235
 -0.000559373 0.128643 0.0165494 -0.0128588 0.127611 0.0164499 0.011381 0.0152249
 -0.000554122 0.128564 0.0165291 -0.0128696 0.127568 0.0164393 0.0113671 0.0152151
 -0.000548941 0.128487 0.0165091 -0.0128799 0.127526 0.0164289 0.0113533 0.0152055
 -0.000543829 0.12841 0.0164894 -0.0128897 0.127486 0.0164187 0.0113398 0.0151961
 -0.000538783 0.128334 0.01647 -0.0128992 0.127446 0.0164088 0.0113264 0.015187
 -0.000533801 0.12826 0.0164509 -0.0129083 0.127407 0.0163991 0.0113132 0.015178
 -0.00052888 0.128186 0.016432 -0.0129171 0.127368 0.0163896 0.0113003 0.0151691
 -0.00052402 0.128113 0.0164133 -0.0129254 0.127331 0.0163802 0.0112874 0.0151605
 -0.000519219 0.128042 0.0163949 -0.0129334 0.127294 0.0163711 0.0112748 0.015152
 -0.000514474 0.127971 0.0163768 -0.0129411 0.127258 0.0163621 0.0112623 0.0151437
 -0.000509785 0.127901 0.0163589 -0.0129485 0.127223 0.0163533 0.01125 0.0151356
 -0.00050515 0.127832 0.0163412 -0.0129555 0.127188 0.0163446 0.0112378 0.0151276
 -0.000500567 0.127763 0.0163237 -0.0129623 0.127154 0.0163361 0.0112258 0.0151197
 -0.000496036 0.127696 0.0163064 -0.0129687 0.12712 0.0163278 0.0112139 0.0151119
 -0.000491554 0.127629 0.0162894 -0.0129749 0.127087 0.0163196 0.0112022 0.0151043
 -0.000487122 0.127563 0.0162725 -0.0129808 0.127055 0.0163115 0.0111906 0.0150968
 -0.000482737 0.127498 0.0162558 -0.0129864 0.127023 0.0163035 0.0111791 0.0150895
 -0.000478398 0.127433 0.0162394 -0.0129917 0.126992 0.0162957 0.0111678 0.0150822
 -0.000474106 0.127369 0.0162231 -0.0129968 0.126961 0.0162879 0.0111566 0.0150751
 -0.000469857 0.127306 0.0162069 -0.0130016 0.12693 0.0162803 0.0111455 0.015068
 -0.000465653 0.127243 0.016191 -0.0130062 0.1269 0.0162728 0.0111345 0.0150611
 -0.000461491 0.127181 0.0161752 -0.0130105 0.12687 0.0162654 0.0111237 0.0150542
 -0.000457371 0.12712 0.0161596 -0.0130146 0.126841 0.0162581 0.0111129 0.0150474
 -0.000453291 0.127059 0.0161441 -0.0130185 0.126812 0.0162509 0.0111023 0.0150408
 -0.000449252 0.126999 0.0161288 -0.0130222 0.126784 0.0162437 0.0110918 0.0150342
 -0.000445253 0.126939 0.0161137 -0.0130256 0.126756 0.0162367 0.0110814 0.0150276
 -0.000441292 0.12688 0.0160987 -0.0130288 0.126728 0.0162297 0.011071 0.0150212
 -0.000437369 0.126821 0.0160838 -0.0130318 0.1267 0.0162228 0.0110608 0.0150148
 -0.000433484 0.126763 0.0160691 -0.0130345 0.126673 0.016216 0.0110507 0.0150085
 -0.000429635 0.126706 0.0160545 -0.0130371 0.126647 0.0162093 0.0110407 0.0150023
 -0.000425822 0.126648 0.01604 -0.0130395 0.12662 0.0162026 0.0110307 0.0149961
 -0.000422044 0.126592 0.0160257 -0.0130416 0.126594 0.016196 0.0110209 0.01499
 -0.000418301 0.126536 0.0160115 -0.0130436 0.126568 0.0161895 0.0110111 0.014984
 -0.000414593 0.12648 0.0159974 -0.0130454 0.126542 0.016183 0.0110014 0.014978
 -0.000410917 0.126425 0.0159834 -0.013047 0.126516 0.0161766 0.0109918 0.0149721
 -0.000407275 0.12637 0.0159696 -0.0130484 0.126491 0.0161703 0.0109823 0.0149662
 -0.000403666 0.126316 0.0159559 -0.0130496 0.126466 0.016164 0.0109728 0.0149603
 -0.000400089 0.126262 0.0159422 -0.0130506 0.126441 0.0161577 0.0109635 0.0149546
 -0.000396543 0.126208 0.0159287 -0.0130514 0.126417 0.0161515 0.0109542 0.0149488
 -0.000393028 0.126155 0.0159153 -0.0130521 0.126392 0.0161454 0.010945 0.0149431
 -0.000389544 0.126103 0.015902 -0.0130525 0.126368 0.0161393 0.0109358 0.0149375
 -0.000386089 0.12605 0.0158888 -0.0130528 0.126344 0.0161332 0.0109267 0.0149319
 -0.000382665 0.125998 0.0158757 -0.013053 0.12632 0.0161272 0.0109177 0.0149263
 -0.00037927 0.125947 0.0158627 -0.0130529 0.126297 0.0161212 0.0109088 0.0149208
 -0.000375904 0.125895 0.0158498 -0.0130527 0.126273 0.0161153 0.0108999 0.0149153
 -0.000372566 0.125845 0.015837 -0.0130523 0.12625 0.0161094 0.0108911 0.0149099
 -0.000369256 0.125794 0.0158243 -0.0130518 0.126227 0.0161036 0.0108823 0.0149044
 -0.000365974 0.125744 0.0158116 -0.013051 0.126204 0.0160978 0.0108737 0.0148991
 -0.000362719 0.125694 0.0157991 -0.0130501 0.126181 0.016092 0.010865 0.0148937
 -0.000359491 0.125644 0.0157866 -0.0130491 0.126158 0.0160862 0.0108565 0.0148884
 -0.00035629 0.125595 0.0157743 -0.0130479 0.126136 0.0160805 0.010848 0.0148831
 -0.000353114 0.125546 0.015762 -0.0130465 0.126114 0.0160748 0.0108395 0.0148778
 -0.000349965 0.125498 0.0157498 -0.013045 0.126091 0.0160692 0.0108311 0.0148726
 -0.000346841 0.125449 0.0157376 -0.0130433 0.126069 0.0160636 0.0108228 0.0148674
 -0.000343743 0.125401 0.0157256 -0.0130415 0.126047 0.016058 0.0108145 0.0148622
 -0.000340669 0.125354 0.0157136 -0.0130395 0.126025 0.0160524 0.0108063 0.0148571
 -0.00033762 0.125306 0.0157017 -0.0130374 0.126004 0.0160469 0.0107981 0.0148519
 -0.000334595 0.125259 0.0156899 -0.0130351 0.125982 0.0160413 0.0107899 0.0148468
 -0.000331595 0.125212 0.0156782 -0.0130327 0.12596 0.0160359 0.0107819 0.0148418
 -0.000328618 0.125165 0.0156665 -0.0130301 0.125939 0.0160304 0.0107738 0.0148367
 -0.000325664 0.125119 0.0156549 -0.0130274 0.125918 0.016025 0.0107658 0.0148317
 -0.000322734 0.125073 0.0156433 -0.0130245 0.125896 0.0160195 0.0107579 0.0148267
 -0.000319826 0.125027 0.0156318 -0.0130215 0.125875 0.0160141 0.01075 0.0148217
 -0.000316941 0.124981 0.0156204 -0.0130184 0.125854 0.0160088 0.0107422 0.0148167
 -0.000314078 0.124936 0.0156091 -0.0130151 0.125833 0.0160034 0.0107344 0.0148117
 -0.000311238 0.124891 0.0155978 -0.0130117 0.125813 0.0159981 0.0107266 0.0148068
 -0.000308419 0.124846 0.0155866 -0.0130081 0.125792 0.0159928 0.0107189 0.0148019
 -0.000305622 0.124801 0.0155755 -0.0130044 0.125771 0.0159875 0.0107112 0.014797
 -0.000302846 0.124757 0.0155644 -0.0130006 0.125751 0.0159822 0.0107036 0.0147921
 -0.000300092 0.124713 0.0155533 -0.0129966 0.12573 0.015977 0.010696 0.0147873
 -0.000297358 0.124669 0.0155424 -0.0129926 0.12571 0.0159717 0.0106885 0.0147824
 -0.000294645 0.124625 0.0155315 -0.0129883 0.125689 0.0159665 0.010681 0.0147776
 -0.000291953 0.124581 0.0155206 -0.012984 0.125669 0.0159613 0.0106735 0.0147728
 -0.000289281 0.124538 0.0155098 -0.0129795 0.125649 0.0159561 0.0106661 0.014768
 -0.000286629 0.124495 0.0154991 -0.0129749 0.125629 0.015951 0.0106587 0.0147632
 -0.000283996 0.124452 0.0154884 -0.0129702 0.125609 0.0159458 0.0106514 0.0147584
 -0.000281384 0.124409 0.0154778 -0.0129654 0.125589 0.0159407 0.010644 0.0147537
 -0.00027879 0.124367 0.0154672 -0.0129604 0.125569 0.0159355 0.0106368 0.0147489
 -0.000276216 0.124324 0.0154567 -0.0129553 0.125549 0.0159304 0.0106295 0.0147442
 -0.000273662 0.124282 0.0154462 -0.0129502 0.125529 0.0159254 0.0106223 0.0147395
 -0.000271126 0.12424 0.0154358 -0.0129448 0.12551 0.0159203 0.0106152 0.0147348
 -0.000268608 0.124199 0.0154254 -0.0129394 0.12549 0.0159152 0.010608 0.0147301
 -0.000266109 0.124157 0.0154151 -0.0129339 0.125471 0.0159102 0.0106009 0.0147254
 -0.000263629 0.124116 0.0154048 -0.0129282 0.125451 0.0159051 0.0105939 0.0147208
 -0.000261167 0.124075 0.0153946 -0.0129225 0.125432 0.0159001 0.0105868 0.0147161
 -0.000258722 0.124034 0.0153844 -0.0129166 0.125412 0.0158951 0.0105798 0.0147115
 -0.000256296 0.123993 0.0153743 -0.0129106 0.125393 0.0158901 0.0105729 0.0147069
 -0.000253887 0.123952 0.0153642 -0.0129046 0.125374 0.0158851 0.0105659 0.0147023
 -0.000251496 0.123912 0.0153542 -0.0128984 0.125355 0.0158802 0.010559 0.0146977
 -0.000249122 0.123871 0.0153442 -0.0128921 0.125336 0.0158752 0.0105522 0.0146931
 -0.000246765 0.123831 0.0153342 -0.0128857 0.125317 0.0158703 0.0105453 0.0146885
 -0.000244426 0.123791 0.0153243 -0.0128792 0.125298 0.0158653 0.0105385 0.0146839
 -0.000242103 0.123751 0.0153145 -0.0128726 0.125279 0.0158604 0.0105318 0.0146794
 -0.000239797 0.123712 0.0153047 -0.0128659 0.12526 0.0158555 0.010525 0.0146748
 -0.000237507 0.123672 0.0152949 -0.0128592 0.125241 0.0158506 0.0105183 0.0146703
 -0.000235234 0.123633 0.0152852 -0.0128523 0.125222 0.0158457 0.0105116 0.0146658
 -0.000232978 0.123594 0.0152755 -0.0128453 0.125203 0.0158409 0.0105049 0.0146613
 -0.000230737 0.123555 0.0152658 -0.0128383 0.125185 0.015836 0.0104983 0.0146568
 -0.000228513 0.123516 0.0152562 -0.0128311 0.125166 0.0158312 0.0104917 0.0146523
 -0.000226304 0.123477 0.0152467 -0.0128239 0.125147 0.0158263 0.0104851 0.0146478
 -0.000224112 0.123439 0.0152371 -0.0128166 0.125129 0.0158215 0.0104786 0.0146434
 -0.000221934 0.1234 0.0152277 -0.0128091 0.12511 0.0158167 0.0104721 0.0146389
 -0.000219773 0.123362 0.0152182 -0.0128016 0.125092 0.0158119 0.0104656 0.0146345
 -0.000217627 0.123324 0.0152088 -0.0127941 0.125074 0.0158071 0.0104591 0.01463
 -0.000215496 0.123286 0.0151995 -0.0127864 0.125055 0.0158023 0.0104527 0.0146256
 -0.00021338 0.123248 0.0151901 -0.0127787 0.125037 0.0157975 0.0104462 0.0146212
 -0.00021128 0.12321 0.0151808 -0.0127708 0.125019 0.0157928 0.0104399 0.0146168
 -0.000209194 0.123173 0.0151716 -0.012763 0.125001 0.015788 0.0104335 0.0146124
 -0.000207123 0.123135 0.0151624 -0.012755 0.124982 0.0157833 0.0104272 0.014608
 -0.000205067 0.123098 0.0151532 -0.0127469 0.124964 0.0157786 0.0104208 0.0146036
 -0.000203025 0.123061 0.015144 -0.0127388 0.124946 0.0157738 0.0104146 0.0145993
 -0.000200998 0.123024 0.0151349 -0.0127306 0.124928 0.0157691 0.0104083 0.0145949
 -0.000198985 0.122987 0.0151259 -0.0127223 0.12491 0.0157644 0.010402 0.0145906
 -0.000196986 0.12295 0.0151168 -0.012714 0.124892 0.0157597 0.0103958 0.0145862
 -0.000195002 0.122914 0.0151078 -0.0127056 0.124875 0.0157551 0.0103896 0.0145819
 -0.000193032 0.122877 0.0150989 -0.0126971 0.124857 0.0157504 0.0103835 0.0145776
 -0.000191075 0.122841 0.0150899 -0.0126886 0.124839 0.0157458 0.0103773 0.0145733
 -0.000189133 0.122805 0.015081 -0.01268 0.124821 0.0157411 0.0103712 0.014569
 -0.000187204 0.122769 0.0150722 -0.0126713 0.124803 0.0157365 0.0103651 0.0145647
 -0.000185289 0.122733 0.0150633 -0.0126626 0.124786 0.0157318 0.010359 0.0145604
 -0.000183387 0.122697 0.0150545 -0.0126538 0.124768 0.0157272 0.010353 0.0145561
 -0.000181499 0.122661 0.0150458 -0.0126449 0.124751 0.0157226 0.010347 0.0145519
 -0.000179624 0.122625 0.015037 -0.012636 0.124733 0.015718 0.0103409 0.0145476
 -0.000177762 0.12259 0.0150283 -0.012627 0.124716 0.0157134 0.010335 0.0145434
 -0.000175914 0.122555 0.0150196 -0.012618 0.124698 0.0157089 0.010329 0.0145391
 -0.000174078 0.122519 0.015011 -0.0126089 0.124681 0.0157043 0.0103231 0.0145349
 -0.000172256 0.122484 0.0150024 -0.0125998 0.124664 0.0156998 0.0103171 0.0145307
 -0.000170446 0.122449 0.0149938 -0.0125906 0.124646 0.0156952 0.0103112 0.0145265
 -0.00016865 0.122414 0.0149853 -0.0125814 0.124629 0.0156907 0.0103054 0.0145223
 -0.000166865 0.122379 0.0149767 -0.0125721 0.124612 0.0156862 0.0102995 0.0145181
 -0.000165094 0.122345 0.0149682 -0.0125627 0.124595 0.0156816 0.0102937 0.0145139
 -0.000163335 0.12231 0.0149598 -0.0125533 0.124578 0.0156771 0.0102878 0.0145098
 -0.000161589 0.122276 0.0149514 -0.0125439 0.12456 0.0156726 0.010282 0.0145056
 -0.000159855 0.122241 0.014943 -0.0125344 0.124543 0.0156682 0.0102763 0.0145015
 -0.000158133 0.122207 0.0149346 -0.0125249 0.124526 0.0156637 0.0102705 0.0144973
 -0.000156423 0.122173 0.0149262 -0.0125153 0.124509 0.0156592 0.0102648 0.0144932
 -0.000154726 0.122139 0.0149179 -0.0125057 0.124493 0.0156548 0.0102591 0.0144891
 -0.00015304 0.122105 0.0149097 -0.012496 0.124476 0.0156503 0.0102534 0.0144849
 -0.000151367 0.122071 0.0149014 -0.0124863 0.124459 0.0156459 0.0102477 0.0144808
 -0.000149705 0.122037 0.0148932 -0.0124766 0.124442 0.0156415 0.010242 0.0144768
 -0.000148055 0.122004 0.014885 -0.0124668 0.124425 0.0156371 0.0102364 0.0144727
 -0.000146417 0.12197 0.0148768 -0.012457 0.124409 0.0156327 0.0102308 0.0144686
 -0.00014479 0.121937 0.0148686 -0.0124471 0.124392 0.0156283 0.0102252 0.0144645
 -0.000143175 0.121904 0.0148605 -0.0124372 0.124375 0.0156239 0.0102196 0.0144605
 -0.000141572 0.12187 0.0148524 -0.0124273 0.124359 0.0156195 0.010214 0.0144564
 -0.00013998 0.121837 0.0148444 -0.0124173 0.124342 0.0156152 0.0102085 0.0144524
 -0.000138399 0.121804 0.0148363 -0.0124073 0.124326 0.0156108 0.0102029 0.0144484
 -0.00013683 0.121772 0.0148283 -0.0123973 0.124309 0.0156065 0.0101974 0.0144443
 -0.000135271 0.121739 0.0148203 -0.0123873 0.124293 0.0156021 0.0101919 0.0144403
 -0.000133724 0.121706 0.0148124 -0.0123772 0.124276 0.0155978 0.0101865 0.0144363
 -0.000132188 0.121673 0.0148044 -0.0123671 0.12426 0.0155935 0.010181 0.0144323
 -0.000130663 0.121641 0.0147965 -0.0123569 0.124244 0.0155892 0.0101756 0.0144284
 -0.000129149 0.121609 0.0147886 -0.0123467 0.124227 0.0155849 0.0101701 0.0144244
 -0.000127645 0.121576 0.0147808 -0.0123365 0.124211 0.0155806 0.0101647 0.0144204
 -0.000126153 0.121544 0.014773 -0.0123263 0.124195 0.0155764 0.0101594 0.0144165
 -0.000124671 0.121512 0.0147651 -0.012316 0.124179 0.0155721 0.010154 0.0144125
 -0.000123199 0.12148 0.0147574 -0.0123058 0.124163 0.0155679 0.0101486 0.0144086
 -0.000121739 0.121448 0.0147496 -0.0122955 0.124147 0.0155636 0.0101433 0.0144047
 -0.000120288 0.121416 0.0147419 -0.0122851 0.124131 0.0155594 0.010138 0.0144008
 -0.000118848 0.121384 0.0147342 -0.0122748 0.124115 0.0155552 0.0101327 0.0143969
 -0.000117419 0.121353 0.0147265 -0.0122644 0.124099 0.015551 0.0101274 0.014393
 -0.000116 0.121321 0.0147188 -0.012254 0.124083 0.0155468 0.0101221 0.0143891
 -0.000114591 0.12129 0.0147112 -0.0122436 0.124067 0.0155426 0.0101169 0.0143852
 -0.000113192 0.121258 0.0147036 -0.0122332 0.124051 0.0155384 0.0101116 0.0143813
 -0.000111803 0.121227 0.014696 -0.0122228 0.124036 0.0155342 0.0101064 0.0143775
 -0.000110424 0.121196 0.0146884 -0.0122123 0.12402 0.0155301 0.0101012 0.0143736
 -0.000109055 0.121165 0.0146809 -0.0122018 0.124004 0.0155259 0.010096 0.0143698
 -0.000107696 0.121134 0.0146733 -0.0121913 0.123989 0.0155218 0.0100908 0.014366
 -0.000106347 0.121103 0.0146658 -0.0121808 0.123973 0.0155177 0.0100857 0.0143622
 -0.000105008 0.121072 0.0146584 -0.0121703 0.123957 0.0155136 0.0100805 0.0143584
 -0.000103679 0.121041 0.0146509 -0.0121598 0.123942 0.0155094 0.0100754 0.0143546
 -0.000102359 0.12101 0.0146435 -0.0121492 0.123926 0.0155054 0.0100703 0.0143508
 -0.000101048 0.12098 0.0146361 -0.0121387 0.123911 0.0155013 0.0100652 0.014347
 -9.97476e-05 0.120949 0.0146287 -0.0121281 0.123896 0.0154972 0.0100601 0.0143432
 -9.84562e-05 0.120919 0.0146213 -0.0121175 0.12388 0.0154931 0.0100551 0.0143395
 -9.71743e-05 0.120888 0.014614 -0.0121069 0.123865 0.0154891 0.01005 0.0143357
 -9.59018e-05 0.120858 0.0146067 -0.0120963 0.12385 0.015485 0.010045 0.014332
 -9.46385e-05 0.120828 0.0145994 -0.0120857 0.123834 0.015481 0.01004 0.0143282
 -9.33845e-05 0.120798 0.0145921 -0.0120751 0.123819 0.015477 0.010035 0.0143245
 -9.21396e-05 0.120768 0.0145848 -0.0120645 0.123804 0.015473 0.01003 0.0143208
 -9.09039e-05 0.120738 0.0145776 -0.0120538 0.123789 0.015469 0.010025 0.0143171
 -8.96772e-05 0.120708 0.0145704 -0.0120432 0.123774 0.015465 0.01002 0.0143134
 -8.84596e-05 0.120678 0.0145632 -0.0120325 0.123759 0.015461 0.0100151 0.0143097
 -8.72508e-05 0.120648 0.014556 -0.0120219 0.123744 0.015457 0.0100102 0.0143061
 -8.6051e-05 0.120619 0.0145489 -0.0120112 0.123729 0.0154531 0.0100052 0.0143024
 -8.486e-05 0.120589 0.0145417 -0.0120006 0.123714 0.0154491 0.0100003 0.0142987
 -8.36778e-05 0.12056 0.0145346 -0.0119899 0.123699 0.0154452 0.00999545 0.0142951
 -8.25043e-05 0.12053 0.0145275 -0.0119792 0.123684 0.0154413 0.00999058 0.0142915
 -8.13395e-05 0.120501 0.0145205 -0.0119686 0.123669 0.0154374 0.00998572 0.0142878
 -8.01832e-05 0.120472 0.0145134 -0.0119579 0.123655 0.0154335 0.00998087 0.0142842
 -7.90356e-05 0.120442 0.0145064 -0.0119472 0.12364 0.0154296 0.00997604 0.0142806
 -7.78965e-05 0.120413 0.0144994 -0.0119366 0.123625 0.0154257 0.00997122 0.014277
 -7.67658e-05 0.120384 0.0144924 -0.0119259 0.123611 0.0154218 0.00996641 0.0142734
 -7.56435e-05 0.120355 0.0144854 -0.0119152 0.123596 0.015418 0.00996162 0.0142699
 -7.45295e-05 0.120327 0.0144785 -0.0119045 0.123581 0.0154141 0.00995684 0.0142663
 -7.34239e-05 0.120298 0.0144715 -0.0118939 0.123567 0.0154103 0.00995208 0.0142627
 -7.23265e-05 0.120269 0.0144646 -0.0118832 0.123552 0.0154064 0.00994732 0.0142592
 -7.12373e-05 0.12024 0.0144577 -0.0118725 0.123538 0.0154026 0.00994258 0.0142557
 -7.01563e-05 0.120212 0.0144509 -0.0118619 0.123524 0.0153988 0.00993786 0.0142521
 -6.90833e-05 0.120183 0.014444 -0.0118512 0.123509 0.015395 0.00993315 0.0142486
 -6.80184e-05 0.120155 0.0144372 -0.0118405 0.123495 0.0153912 0.00992845 0.0142451
 -6.69614e-05 0.120126 0.0144304 -0.0118299 0.123481 0.0153874 0.00992376 0.0142416
 -6.59124e-05 0.120098 0.0144236 -0.0118192 0.123466 0.0153837 0.00991909 0.0142381
 -6.48713e-05 0.12007 0.0144168 -0.0118086 0.123452 0.0153799 0.00991443 0.0142347
 -6.38381e-05 0.120042 0.01441 -0.0117979 0.123438 0.0153762 0.00990978 0.0142312
 -6.28126e-05 0.120014 0.0144033 -0.0117873 0.123424 0.0153724 0.00990515 0.0142277
 -6.17949e-05 0.119986 0.0143966 -0.0117767 0.12341 0.0153687 0.00990053 0.0142243
 -6.07848e-05 0.119958 0.0143899 -0.0117661 0.123396 0.015365 0.00989592 0.0142209
 -5.97824e-05 0.11993 0.0143832 -0.0117555 0.123382 0.0153613 0.00989132 0.0142174
 -5.87877e-05 0.119902 0.0143765 -0.0117448 0.123368 0.0153576 0.00988674 0.014214
 -5.78004e-05 0.119874 0.0143699 -0.0117342 0.123354 0.0153539 0.00988217 0.0142106
 -5.68207e-05 0.119847 0.0143633 -0.0117237 0.12334 0.0153502 0.00987761 0.0142072
 -5.58485e-05 0.119819 0.0143566 -0.0117131 0.123326 0.0153466 0.00987306 0.0142038
 -5.48836e-05 0.119792 0.0143501 -0.0117025 0.123313 0.0153429 0.00986853 0.0142004
 -5.39261e-05 0.119764 0.0143435 -0.0116919 0.123299 0.0153393 0.009864 0.0141971
 -5.2976e-05 0.119737 0.0143369 -0.0116814 0.123285 0.0153357 0.00985949 0.0141937
 -5.20331e-05 0.11971 0.0143304 -0.0116708 0.123271 0.0153321 0.00985499 0.0141904
 -5.10975e-05 0.119682 0.0143239 -0.0116603 0.123258 0.0153284 0.00985051 0.014187
 -5.0169e-05 0.119655 0.0143174 -0.0116498 0.123244 0.0153248 0.00984603 0.0141837
 -4.92477e-05 0.119628 0.0143109 -0.0116393 0.123231 0.0153213 0.00984157 0.0141804
 -4.83335e-05 0.119601 0.0143044 -0.0116288 0.123217 0.0153177 0.00983712 0.0141771
 -4.74263e-05 0.119574 0.0142979 -0.0116183 0.123204 0.0153141 0.00983268 0.0141738
 -4.65262e-05 0.119547 0.0142915 -0.0116078 0.12319 0.0153106 0.00982826 0.0141705
 -4.5633e-05 0.11952 0.0142851 -0.0115974 0.123177 0.015307 0.00982384 0.0141672
 -4.47467e-05 0.119493 0.0142787 -0.0115869 0.123163 0.0153035 0.00981944 0.0141639
 -4.38674e-05 0.119467 0.0142723 -0.0115765 0.12315 0.0153 0.00981505 0.0141607
 -4.29948e-05 0.11944 0.0142659 -0.011566 0.123137 0.0152965 0.00981067 0.0141574
 -4.21291e-05 0.119413 0.0142596 -0.0115556 0.123124 0.015293 0.0098063 0.0141542
 -4.12701e-05 0.119387 0.0142532 -0.0115452 0.12311 0.0152895 0.00980194 0.0141509
 -4.04179e-05 0.11936 0.0142469 -0.0115349 0.123097 0.015286 0.00979759 0.0141477
 -3.95723e-05 0.119334 0.0142406 -0.0115245 0.123084 0.0152825 0.00979326 0.0141445
 -3.87334e-05 0.119308 0.0142343 -0.0115141 0.123071 0.015279 0.00978894 0.0141413
 -3.7901e-05 0.119281 0.0142281 -0.0115038 0.123058 0.0152756 0.00978462 0.0141381
 -3.70752e-05 0.119255 0.0142218 -0.0114935 0.123045 0.0152722 0.00978032 0.0141349
 -3.62559e-05 0.119229 0.0142156 -0.0114832 0.123032 0.0152687 0.00977603 0.0141318
 -3.54431e-05 0.119203 0.0142093 -0.0114729 0.123019 0.0152653 0.00977175 0.0141286
 -3.46367e-05 0.119177 0.0142031 -0.0114626 0.123006 0.0152619 0.00976749 0.0141254
 -3.38368e-05 0.119151 0.0141969 -0.0114524 0.122993 0.0152585 0.00976323 0.0141223
 -3.30431e-05 0.119125 0.0141908 -0.0114421 0.12298 0.0152551 0.00975898 0.0141192
 -3.22558e-05 0.119099 0.0141846 -0.0114319 0.122968 0.0152517 0.00975475 0.014116
 -3.14748e-05 0.119073 0.0141785 -0.0114217 0.122955 0.0152484 0.00975052 0.0141129
 -3.07e-05 0.119048 0.0141723 -0.0114115 0.122942 0.015245 0.00974631 0.0141098
 -2.99315e-05 0.119022 0.0141662 -0.0114013 0.12293 0.0152417 0.00974211 0.0141067
 -2.91691e-05 0.118996 0.0141601 -0.0113912 0.122917 0.0152383 0.00973791 0.0141036
 -2.84128e-05 0.118971 0.0141541 -0.011381 0.122904 0.015235 0.00973373 0.0141006
 -2.76626e-05 0.118945 0.014148 -0.0113709 0.122892 0.0152317 0.00972956 0.0140975
 -2.69185e-05 0.11892 0.0141419 -0.0113608 0.122879 0.0152284 0.0097254 0.0140944
 -2.61804e-05 0.118894 0.0141359 -0.0113508 0.122867 0.0152251 0.00972125 0.0140914
 -2.54483e-05 0.118869 0.0141299 -0.0113407 0.122854 0.0152218 0.00971711 0.0140883
 -2.47222e-05 0.118844 0.0141239 -0.0113307 0.122842 0.0152185 0.00971298 0.0140853
 -2.40019e-05 0.118819 0.0141179 -0.0113206 0.12283 0.0152153 0.00970886 0.0140823
 -2.32876e-05 0.118794 0.0141119 -0.0113106 0.122817 0.015212 0.00970476 0.0140793
 -2.2579e-05 0.118768 0.014106 -0.0113007 0.122805 0.0152088 0.00970066 0.0140763
 -2.18763e-05 0.118743 0.0141 -0.0112907 0.122793 0.0152055 0.00969657 0.0140733
 -2.11794e-05 0.118718 0.0140941 -0.0112808 0.122781 0.0152023 0.00969249 0.0140703
 -2.04882e-05 0.118694 0.0140882 -0.0112708 0.122768 0.0151991 0.00968842 0.0140673
 -1.98028e-05 0.118669 0.0140823 -0.0112609 0.122756 0.0151959 0.00968437 0.0140644
 -1.9123e-05 0.118644 0.0140764 -0.0112511 0.122744 0.0151927 0.00968032 0.0140614
 -1.84488e-05 0.118619 0.0140705 -0.0112412 0.122732 0.0151895 0.00967628 0.0140585
 -1.77803e-05 0.118594 0.0140647 -0.0112314 0.12272 0.0151864 0.00967225 0.0140555
 -1.71173e-05 0.11857 0.0140588 -0.0112216 0.122708 0.0151832 0.00966824 0.0140526
 -1.64599e-05 0.118545 0.014053 -0.0112118 0.122696 0.0151801 0.00966423 0.0140497
 -1.5808e-05 0.118521 0.0140472 -0.011202 0.122684 0.0151769 0.00966023 0.0140468
 -1.51616e-05 0.118496 0.0140414 -0.0111923 0.122672 0.0151738 0.00965624 0.0140439
 -1.45206e-05 0.118472 0.0140356 -0.0111825 0.122661 0.0151707 0.00965226 0.014041
 -1.38851e-05 0.118448 0.0140298 -0.0111728 0.122649 0.0151675 0.00964829 0.0140381
 -1.32549e-05 0.118423 0.0140241 -0.0111632 0.122637 0.0151644 0.00964433 0.0140352
 -1.26301e-05 0.118399 0.0140183 -0.0111535 0.122625 0.0151613 0.00964039 0.0140324
 -1.20106e-05 0.118375 0.0140126 -0.0111439 0.122614 0.0151583 0.00963645 0.0140295
 -1.13965e-05 0.118351 0.0140069 -0.0111342 0.122602 0.0151552 0.00963252 0.0140267
 -1.07876e-05 0.118327 0.0140012 -0.0111247 0.12259 0.0151521 0.00962859 0.0140238
 -1.01839e-05 0.118302 0.0139955 -0.0111151 0.122579 0.0151491 0.00962468 0.014021
 -9.58542e-06 0.118279 0.0139898 -0.0111055 0.122567 0.015146 0.00962078 0.0140182
 -8.99213e-06 0.118255 0.0139841 -0.011096 0.122556 0.015143 0.00961689 0.0140154
 -8.40399e-06 0.118231 0.0139785 -0.0110865 0.122544 0.01514 0.00961301 0.0140126
 -7.82097e-06 0.118207 0.0139729 -0.0110771 0.122533 0.015137 0.00960913 0.0140098
 -7.24304e-06 0.118183 0.0139672 -0.0110676 0.122521 0.015134 0.00960527 0.014007
 -6.67017e-06 0.118159 0.0139616 -0.0110582 0.12251 0.015131 0.00960141 0.0140043
 -6.10234e-06 0.118136 0.013956 -0.0110488 0.122499 0.015128 0.00959757 0.0140015
 -5.53952e-06 0.118112 0.0139505 -0.0110394 0.122487 0.015125 0.00959373 0.0139987
 -4.98168e-06 0.118089 0.0139449 -0.0110301 0.122476 0.0151221 0.0095899 0.013996
 -4.42879e-06 0.118065 0.0139394 -0.0110207 0.122465 0.0151191 0.00958608 0.0139933
 -3.88082e-06 0.118042 0.0139338 -0.0110114 0.122454 0.0151162 0.00958227 0.0139905
 -3.33776e-06 0.118018 0.0139283 -0.0110022 0.122443 0.0151132 0.00957847 0.0139878
 -2.79956e-06 0.117995 0.0139228 -0.0109929 0.122431 0.0151103 0.00957468 0.0139851
 -2.26621e-06 0.117971 0.0139173 -0.0109837 0.12242 0.0151074 0.0095709 0.0139824
 -1.73768e-06 0.117948 0.0139118 -0.0109745 0.122409 0.0151045 0.00956713 0.0139797
 -1.21395e-06 0.117925 0.0139063 -0.0109653 0.122398 0.0151016 0.00956336 0.0139771
 -6.94977e-07 0.117902 0.0139008 -0.0109562 0.122387 0.0150987 0.00955961 0.0139744
 -1.80749e-07 0.117879 0.0138954 -0.010947 0.122376 0.0150958 0.00955586 0.0139717
 3.28762e-07 0.117856 0.01389 -0.0109379 0.122365 0.0150929 0.00955212 0.0139691
 8.33582e-07 0.117833 0.0138845 -0.0109289 0.122355 0.0150901 0.00954839 0.0139664
 1.33374e-06 0.11781 0.0138791 -0.0109198 0.122344 0.0150872 0.00954467 0.0139638
 1.82925e-06 0.117787 0.0138737 -0.0109108 0.122333 0.0150844 0.00954096 0.0139611
 2.32014e-06 0.117764 0.0138683 -0.0109018 0.122322 0.0150816 0.00953726 0.0139585
 2.80644e-06 0.117741 0.013863 -0.0108928 0.122311 0.0150787 0.00953356 0.0139559
 3.28818e-06 0.117718 0.0138576 -0.0108839 0.122301 0.0150759 0.00952987 0.0139533
 3.76536e-06 0.117696 0.0138523 -0.010875 0.12229 0.0150731 0.0095262 0.0139507
 4.23803e-06 0.117673 0.0138469 -0.0108661 0.122279 0.0150703 0.00952253 0.0139481
 4.7062e-06 0.11765 0.0138416 -0.0108572 0.122269 0.0150676 0.00951887 0.0139456
 5.16989e-06 0.117628 0.0138363 -0.0108484 0.122258 0.0150648 0.00951522 0.013943
 5.62914e-06 0.117605 0.013831 -0.0108395 0.122248 0.015062 0.00951157 0.0139404
 6.08395e-06 0.117583 0.0138257 -0.0108308 0.122237 0.0150593 0.00950794 0.0139379
 6.53436e-06 0.11756 0.0138204 -0.010822 0.122227 0.0150565 0.00950431 0.0139353
 6.98038e-06 0.117538 0.0138152 -0.0108133 0.122216 0.0150538 0.00950069 0.0139328
 7.42204e-06 0.117516 0.0138099 -0.0108046 0.122206 0.015051 0.00949708 0.0139303
 7.85937e-06 0.117493 0.0138047 -0.0107959 0.122196 0.0150483 0.00949348 0.0139278
 8.29237e-06 0.117471 0.0137995 -0.0107872 0.122185 0.0150456 0.00948989 0.0139253
 8.72108e-06 0.117449 0.0137943 -0.0107786 0.122175 0.0150429 0.0094863 0.0139228
 9.14552e-06 0.117427 0.0137891 -0.01077 0.122165 0.0150402 0.00948273 0.0139203
 9.5657e-06 0.117405 0.0137839 -0.0107614 0.122155 0.0150375 0.00947916 0.0139178
 9.98165e-06 0.117383 0.0137787 -0.0107529 0.122144 0.0150349 0.0094756 0.0139153
 1.03934e-05 0.117361 0.0137735 -0.0107444 0.122134 0.0150322 0.00947204 0.0139128
 1.08009e-05 0.117339 0.0137684 -0.0107359 0.122124 0.0150295 0.0094685 0.0139104
 1.12043e-05 0.117317 0.0137632 -0.0107274 0.122114 0.0150269 0.00946496 0.0139079
 1.16036e-05 0.117295 0.0137581 -0.010719 0.122104 0.0150243 0.00946143 0.0139055
 1.19987e-05 0.117273 0.013753 -0.0107106 0.122094 0.0150216 0.00945791 0.0139031
 1.23896e-05 0.117251 0.0137479 -0.0107022 0.122084 0.015019 0.0094544 0.0139006
 1.27766e-05 0.11723 0.0137428 -0.0106939 0.122074 0.0150164 0.0094509 0.0138982
 1.31594e-05 0.117208 0.0137377 -0.0106855 0.122064 0.0150138 0.0094474 0.0138958
 1.35382e-05 0.117186 0.0137326 -0.0106772 0.122054 0.0150112 0.00944391 0.0138934
 1.39129e-05 0.117165 0.0137276 -0.010669 0.122044 0.0150086 0.00944043 0.013891
 1.42837e-05 0.117143 0.0137225 -0.0106607 0.122034 0.015006 0.00943696 0.0138886
 1.46504e-05 0.117122 0.0137175 -0.0106525 0.122025 0.0150035 0.00943349 0.0138863
 1.50132e-05 0.1171 0.0137124 -0.0106443 0.122015 0.0150009 0.00943003 0.0138839
 1.5372e-05 0.117079 0.0137074 -0.0106362 0.122005 0.0149984 0.00942658 0.0138815
 1.57269e-05 0.117057 0.0137024 -0.010628 0.121995 0.0149958 0.00942314 0.0138792
 1.60779e-05 0.117036 0.0136974 -0.0106199 0.121986 0.0149933 0.00941971 0.0138768
 1.6425e-05 0.117015 0.0136924 -0.0106119 0.121976 0.0149908 0.00941628 0.0138745
 1.67682e-05 0.116993 0.0136875 -0.0106038 0.121966 0.0149883 0.00941286 0.0138722
 1.71075e-05 0.116972 0.0136825 -0.0105958 0.121957 0.0149858 0.00940945 0.0138699
 1.7443e-05 0.116951 0.0136776 -0.0105878 0.121947 0.0149833 0.00940605 0.0138675
 1.77746e-05 0.11693 0.0136726 -0.0105799 0.121938 0.0149808 0.00940265 0.0138652
 1.81025e-05 0.116909 0.0136677 -0.0105719 0.121928 0.0149783 0.00939926 0.0138629
 1.84265e-05 0.116888 0.0136628 -0.010564 0.121919 0.0149758 0.00939588 0.0138607
 1.87468e-05 0.116867 0.0136579 -0.0105562 0.121909 0.0149734 0.00939251 0.0138584
 1.90633e-05 0.116846 0.013653 -0.0105483 0.1219 0.0149709 0.00938914 0.0138561
 1.93761e-05 0.116825 0.0136481 -0.0105405 0.121891 0.0149685 0.00938578 0.0138538
 1.96852e-05 0.116804 0.0136432 -0.0105327 0.121881 0.014966 0.00938243 0.0138516
 1.99905e-05 0.116783 0.0136384 -0.010525 0.121872 0.0149636 0.00937909 0.0138493
 2.02922e-05 0.116763 0.0136335 -0.0105172 0.121863 0.0149612 0.00937575 0.0138471
 2.05902e-05 0.116742 0.0136287 -0.0105095 0.121854 0.0149587 0.00937242 0.0138449
 2.08845e-05 0.116721 0.0136238 -0.0105018 0.121844 0.0149563 0.0093691 0.0138426
 2.11752e-05 0.1167 0.013619 -0.0104942 0.121835 0.0149539 0.00936578 0.0138404
 2.14622e-05 0.11668 0.0136142 -0.0104866 0.121826 0.0149516 0.00936248 0.0138382
 2.17457e-05 0.116659 0.0136094 -0.010479 0.121817 0.0149492 0.00935918 0.013836
 2.20255e-05 0.116639 0.0136046 -0.0104714 0.121808 0.0149468 0.00935588 0.0138338
 2.23018e-05 0.116618 0.0135998 -0.0104639 0.121799 0.0149444 0.0093526 0.0138316
 2.25745e-05 0.116598 0.0135951 -0.0104564 0.12179 0.0149421 0.00934932 0.0138294
 2.28436e-05 0.116577 0.0135903 -0.0104489 0.121781 0.0149397 0.00934605 0.0138273
 2.31093e-05 0.116557 0.0135856 -0.0104415 0.121772 0.0149374 0.00934278 0.0138251
 2.33714e-05 0.116537 0.0135808 -0.0104341 0.121763 0.0149351 0.00933952 0.0138229
 2.363e-05 0.116517 0.0135761 -0.0104267 0.121754 0.0149328 0.00933627 0.0138208
 2.38851e-05 0.116496 0.0135714 -0.0104193 0.121745 0.0149304 0.00933303 0.0138187
 2.41367e-05 0.116476 0.0135667 -0.010412 0.121736 0.0149281 0.0093298 0.0138165
 2.43849e-05 0.116456 0.013562 -0.0104047 0.121727 0.0149258 0.00932657 0.0138144
 2.46296e-05 0.116436 0.0135573 -0.0103974 0.121719 0.0149235 0.00932334 0.0138123
 2.48709e-05 0.116416 0.0135526 -0.0103902 0.12171 0.0149213 0.00932013 0.0138102
 2.51088e-05 0.116396 0.013548 -0.010383 0.121701 0.014919 0.00931692 0.0138081
 2.53433e-05 0.116376 0.0135433 -0.0103758 0.121692 0.0149167 0.00931372 0.013806
 2.55744e-05 0.116356 0.0135387 -0.0103686 0.121684 0.0149145 0.00931053 0.0138039
 2.58022e-05 0.116336 0.013534 -0.0103615 0.121675 0.0149122 0.00930734 0.0138018
 2.60265e-05 0.116316 0.0135294 -0.0103544 0.121667 0.01491 0.00930416 0.0137997
 2.62476e-05 0.116296 0.0135248 -0.0103473 0.121658 0.0149077 0.00930098 0.0137976
 2.64653e-05 0.116276 0.0135202 -0.0103403 0.121649 0.0149055 0.00929782 0.0137956
 2.66796e-05 0.116257 0.0135156 -0.0103333 0.121641 0.0149033 0.00929466 0.0137935
 2.68907e-05 0.116237 0.013511 -0.0103263 0.121632 0.0149011 0.0092915 0.0137915
 2.70985e-05 0.116217 0.0135064 -0.0103193 0.121624 0.0148989 0.00928836 0.0137894
 2.7303e-05 0.116197 0.0135019 -0.0103124 0.121615 0.0148967 0.00928522 0.0137874
 2.75042e-05 0.116178 0.0134973 -0.0103055 0.121607 0.0148945 0.00928208 0.0137854
 2.77022e-05 0.116158 0.0134928 -0.0102986 0.121599 0.0148923 0.00927896 0.0137834
 2.7897e-05 0.116139 0.0134882 -0.0102918 0.12159 0.0148901 0.00927584 0.0137813
 2.80885e-05 0.116119 0.0134837 -0.010285 0.121582 0.014888 0.00927272 0.0137793
 2.82768e-05 0.1161 0.0134792 -0.0102782 0.121574 0.0148858 0.00926962 0.0137773
 2.8462e-05 0.11608 0.0134747 -0.0102714 0.121565 0.0148837 0.00926652 0.0137754
 2.86439e-05 0.116061 0.0134702 -0.0102647 0.121557 0.0148815 0.00926343 0.0137734
 2.88226e-05 0.116042 0.0134657 -0.010258 0.121549 0.0148794 0.00926034 0.0137714
 2.89982e-05 0.116022 0.0134612 -0.0102514 0.121541 0.0148772 0.00925726 0.0137694
 2.91707e-05 0.116003 0.0134567 -0.0102447 0.121533 0.0148751 0.00925418 0.0137675
 2.934e-05 0.115984 0.0134523 -0.0102381 0.121524 0.014873 0.00925112 0.0137655
 2.95062e-05 0.115965 0.0134478 -0.0102315 0.121516 0.0148709 0.00924806 0.0137636
 2.96692e-05 0.115946 0.0134434 -0.010225 0.121508 0.0148688 0.009245 0.0137616
 2.98292e-05 0.115926 0.0134389 -0.0102185 0.1215 0.0148667 0.00924196 0.0137597
 2.99861e-05 0.115907 0.0134345 -0.010212 0.121492 0.0148646 0.00923891 0.0137578
 3.01399e-05 0.115888 0.0134301 -0.0102055 0.121484 0.0148626 0.00923588 0.0137558
 3.02907e-05 0.115869 0.0134257 -0.0101991 0.121476 0.0148605 0.00923285 0.0137539
 3.04384e-05 0.11585 0.0134213 -0.0101927 0.121468 0.0148584 0.00922983 0.013752
 3.0583e-05 0.115831 0.0134169 -0.0101863 0.12146 0.0148564 0.00922681 0.0137501
 3.07247e-05 0.115813 0.0134126 -0.0101799 0.121452 0.0148543 0.0092238 0.0137482
 3.08632e-05 0.115794 0.0134082 -0.0101736 0.121445 0.0148523 0.0092208 0.0137463
 3.09989e-05 0.115775 0.0134038 -0.0101673 0.121437 0.0148503 0.00921781 0.0137445
 3.11314e-05 0.115756 0.0133995 -0.010161 0.121429 0.0148482 0.00921481 0.0137426
 3.12611e-05 0.115737 0.0133951 -0.0101548 0.121421 0.0148462 0.00921183 0.0137407
 3.13877e-05 0.115719 0.0133908 -0.0101486 0.121413 0.0148442 0.00920885 0.0137388
 3.15115e-05 0.1157 0.0133865 -0.0101424 0.121406 0.0148422 0.00920588 0.013737
 3.16322e-05 0.115681 0.0133822 -0.0101363 0.121398 0.0148402 0.00920292 0.0137351
 3.17501e-05 0.115663 0.0133779 -0.0101301 0.12139 0.0148382 0.00919996 0.0137333
 3.18649e-05 0.115644 0.0133736 -0.0101241 0.121383 0.0148362 0.009197 0.0137315
 3.19769e-05 0.115626 0.0133693 -0.010118 0.121375 0.0148343 0.00919406 0.0137296
 3.20859e-05 0.115607 0.013365 -0.010112 0.121367 0.0148323 0.00919112 0.0137278
 3.21922e-05 0.115589 0.0133608 -0.0101059 0.12136 0.0148303 0.00918818 0.013726
 3.22954e-05 0.11557 0.0133565 -0.0101 0.121352 0.0148284 0.00918525 0.0137242
 3.2396e-05 0.115552 0.0133522 -0.010094 0.121345 0.0148264 0.00918233 0.0137224
 3.24933e-05 0.115534 0.013348 -0.0100881 0.121337 0.0148245 0.00917942 0.0137206
 3.25883e-05 0.115515 0.0133438 -0.0100822 0.12133 0.0148226 0.00917651 0.0137188
 3.26799e-05 0.115497 0.0133396 -0.0100763 0.121322 0.0148206 0.0091736 0.013717
 3.27692e-05 0.115479 0.0133353 -0.0100705 0.121315 0.0148187 0.0091707 0.0137153
 3.28551e-05 0.115461 0.0133311 -0.0100647 0.121307 0.0148168 0.00916781 0.0137135
 3.2939e-05 0.115442 0.0133269 -0.0100589 0.1213 0.0148149 0.00916493 0.0137117
 3.30191e-05 0.115424 0.0133227 -0.0100531 0.121293 0.014813 0.00916205 0.01371
 3.30975e-05 0.115406 0.0133186 -0.0100474 0.121285 0.0148111 0.00915917 0.0137082
 3.3172e-05 0.115388 0.0133144 -0.0100417 0.121278 0.0148092 0.0091563 0.0137065
 3.3245e-05 0.11537 0.0133102 -0.0100361 0.121271 0.0148073 0.00915344 0.0137047
 3.33137e-05 0.115352 0.0133061 -0.0100304 0.121264 0.0148055 0.00915059 0.013703
 3.33815e-05 0.115334 0.0133019 -0.0100248 0.121256 0.0148036 0.00914774 0.0137013
 3.34445e-05 0.115316 0.0132978 -0.0100192 0.121249 0.0148017 0.00914489 0.0136996
 3.35071e-05 0.115298 0.0132937 -0.0100137 0.121242 0.0147999 0.00914205 0.0136978
 3.35642e-05 0.11528 0.0132896 -0.0100081 0.121235 0.0147981 0.00913922 0.0136961
 3.3622e-05 0.115263 0.0132854 -0.0100026 0.121228 0.0147962 0.00913639 0.0136944
 3.36731e-05 0.115245 0.0132813 -0.00999714 0.121221 0.0147944 0.00913357 0.0136927
 3.37261e-05 0.115227 0.0132773 -0.0099917 0.121214 0.0147926 0.00913076 0.013691
 3.37712e-05 0.115209 0.0132732 -0.00998628 0.121206 0.0147907 0.00912795 0.0136894
 3.38197e-05 0.115192 0.0132691 -0.00998089 0.121199 0.0147889 0.00912515 0.0136877
 3.38584e-05 0.115174 0.013265 -0.00997552 0.121192 0.0147871 0.00912235 0.013686
 3.39029e-05 0.115156 0.013261 -0.00997019 0.121185 0.0147853 0.00911956 0.0136844
