 -0.960366
 -0.865706
 -0.235667
 -1.65606
 -2.71714
 -1.27686
 -1.987
 -1.11316
 -2.19119
 -1.78867
 -1.48248
 -1.80445
 -1.71402
 -1.23176
 -1.29573
 -2.33645
 -2.16596
 -1.87604
 -2.29379
 -0.823065
 -1.60407
 -0.791373
 -0.415446
 -1.75499
 -0.650647
 0.01477
 -0.00661272
 1.06141
 1.1198
 1.23314
 -0.0475005
 0.202868
 -1.00112
 0.0919583
 -0.477289
 0.33347
 0.870987
 1.8035
 2.23751
 2.36731
 1.05048
 1.58129
 2.04627
 1.1256
 0.026697
 0.854504
 -0.482047
 -0.529567
 -0.423143
 -1.17888
 -1.0207
 -0.78072
 0.89841
 -1.44473
 -0.342828
 -2.45653
 -2.0917
 -1.92053
 -1.32455
 0.761902
 -2.15284
 -1.48806
 -1.79267
 -1.86904
 0.352515
 -1.46578
 -0.150138
 -0.758656
 -0.536265
 -1.55925
 0.11394
 0.640423
 0.646547
 1.31807
 1.82505
 0.536547
 1.88296
 0.19134
 2.18487
 1.70733
 1.30042
 1.45305
 -0.984821
 -0.533686
 -0.75971
 0.15214
 -0.795015
 -3.09805
 -1.29674
 -2.60244
 -0.43839
 -2.1018
 -0.639637
 -0.687246
 -2.51612
 0.055125
 -1.13289
 -0.654706
 -0.236875
 -0.563494
 -1.36379
 -0.38691
 -1.76955
 1.80171
 -0.361579
 1.89873
 1.17608
 1.98312
 0.747784
 0.970341
 0.783763
 1.22907
 1.18726
 2.24869
 2.73223
 0.913067
 1.04133
 1.68313
 1.6448
 -1.09086
 0.0682414
 -0.593041
 -1.78955
 -1.854
 -3.21611
 -1.38681
 -2.47814
 -2.24181
 -1.58964
 -1.25531
 0.534744
 1.7957
 2.51305
 1.105
 0.992924
 -0.418642
 -0.870583
 0.263145
 -0.464054
 -0.253427
 0.486315
 1.12641
 0.759635
 2.11
 0.64944
 1.21629
 1.36263
 0.187141
 1.0529
 0.236267
 0.296147
 0.772715
 -0.896882
 -0.3624
 -1.60592
 -1.12416
 0.834055
 -0.484448
 -0.667559
 1.15695
 1.20809
 0.977682
 2.14827
 1.48292
 1.94895
 2.13404
 1.42334
 2.31739
 2.4659
 1.10145
 1.87258
 -0.255741
 -0.785978
 -1.13089
 -2.04567
 -1.08076
 -0.757508
 -1.91745
 -0.94079
 0.0297897
 0.382526
 0.863791
 1.58847
 -1.0713
 1.19847
 0.218328
 0.773855
 1.53858
 1.08862
 1.05856
 0.257363
 0.835296
 0.034084
 1.22582
 2.08249
 -0.26319
 1.0803
 0.504656
 0.147316
 1.0782
 0.116652
 1.33937
 1.66994
 0.187628
 0.8139
 -1.88808
 0.752979
 -0.0441487
 0.28647
 0.416072
 0.657678
 1.2382
 0.79944
 -0.487514
 0.102345
 -0.189699
 -0.545905
 0.434422
 0.00316407
 0.170257
 0.735063
 1.01706
 -0.970887
 -0.652645
 -0.128037
 -1.40457
 -0.253407
 -2.22678
 -2.065
 -1.21083
 -1.07426
 -0.493138
 -0.528003
 -0.888785
 -0.431029
 -0.702327
 -0.215601
 -0.782522
 -0.487827
 -1.16071
 -0.798055
 -0.517246
 -0.633029
 -0.0708767
 -0.544844
 1.49455
 1.60653
 -0.0591869
 1.55423
 0.928468
 0.636471
 1.86126
 0.435389
 0.929476
 -0.0863726
 0.236912
 0.81193
 0.970014
 1.98952
 0.0116513
 1.62381
 0.255782
 0.843009
 0.674232
 0.651753
 1.70531
 1.13464
 1.29044
 1.02558
 1.36562
 1.06963
 1.17518
 0.385384
 1.15422
 1.34252
 1.40545
 2.57743
 2.06648
 1.92148
 2.50941
 1.17193
 0.0647131
 0.143171
 -1.78033
 -0.329215
 -0.435039
 -1.67611
 0.325335
 -0.0632961
 1.84678
 0.791232
 1.42305
 0.238513
 1.12907
 -0.887562
 0.895089
 -0.959906
 0.00365636
 -2.32624
 -1.1553
 -1.41657
 -1.11207
 -0.306843
 -1.91043
 -1.13501
 -0.902336
 -0.578824
 -0.717908
 -1.07545
 -0.80986
 -0.590973
 0.0479967
 -1.48584
 -0.70713
 0.265156
 -0.829405
 0.0122026
 -0.057028
 -0.390812
 -0.512004
 1.02646
 0.592656
 -0.363275
 0.351369
 -0.87109
 -0.378634
 -0.852165
 -0.627351
 0.578586
 -0.243458
 -0.480197
 -0.492919
 1.40168
 2.04148
 -0.660449
 -0.45401
 -1.02818
 -1.05674
 -1.55513
 0.133489
 -0.0549094
 1.24353
 0.990003
 0.620828
 1.45564
 0.962919
 0.527288
 -0.382575
 -1.3885
 -0.469941
 -1.97572
 -2.10084
 -2.18279
 -1.15725
 -1.0775
 -1.02439
 -0.843828
 -0.756378
 -1.04802
 -1.86001
 -1.16896
 -0.630925
 -1.37949
 -0.6015
 0.146416
 -0.100193
 0.351558
 0.291149
 -1.08746
 -0.485914
 0.217948
 -0.0680134
 0.929098
 0.324973
 2.35305
 0.742285
 0.784004
 0.354528
 1.02472
 0.407358
 0.334705
 1.18211
 0.492787
 0.606299
 -0.428115
 0.427609
 0.0348735
 0.845962
 0.224531
 -0.721212
 -0.105922
 -0.52678
 1.0248
 -0.66772
 0.326394
 0.702049
 -0.604722
