-0.0637267
-0.0101381
-0.0278951
0.0989999
0.0287335
-0.029964
0.0597624
-0.0405829
0.1257
-0.00885833
0.124403
0.0183754
0.136371
-0.0210188
0.108765
0.108117
0.0378112
-0.031243
0.041422
0.00878333
-0.162865
0.154861
0.0960367
0.0615564
0.064765
-0.0637576
0.0803917
-0.0573668
0.208938
-0.0702186
0.0810558
-0.0269103
-0.126302
0.0246485
-0.05153
-0.0937245
-0.108904
0.025493
-0.0748503
0.161883
0.0303632
0.0570604
0.0318104
0.00862212
0.0335549
-0.0515782
-0.105485
0.106465
0.0395568
-0.0104843
0.0116857
-0.0687189
0.109937
-0.20262
0.0124632
0.0386353
-0.0741923
0.0491495
-0.0527121
0.109565
-0.0512286
-0.211687
0.0241549
0.066753
0.0174108
0.0872954
0.0421999
0.136989
-0.0563921
0.0410373
0.00636691
0.0215537
-0.0909391
-0.022772
0.0726408
-0.0971685
-0.133004
0.0744542
-0.103779
-0.0716513
-0.0750799
0.0531659
0.069009
-0.246077
-0.0400081
-0.0236545
0.119109
-0.146504
0.0149838
-0.0597979
0.110229
0.112786
-0.0890763
-0.102664
-0.081869
0.0437624
-0.171427
-0.0635963
-0.145579
0.00213243
-0.168063
0.0426327
-0.145244
-0.0224725
-0.094265
-0.0975912
0.0803102
0.0176223
0.201768
-0.00512841
0.0820172
0.0437705
0.125245
0.0171846
-0.0375197
-0.152446
-0.0308237
-0.0123198
-0.0556755
-0.0179677
0.00372294
-0.0685712
0.0678174
0.0530879
0.0953837
0.140778
-0.0664419
-0.207447
-0.0696011
-0.111075
-0.175895
-0.0653825
0.236319
0.174687
0.00729912
0.0284782
0.0267716
-0.073609
0.0151262
0.0651215
0.0357485
0.00732959
0.0721355
0.177804
0.02743
-0.00574435
-0.209483
0.0441898
0.128245
-0.0562891
0.042027
0.00709302
0.163289
0.178345
0.0234567
-0.0157822
0.0664779
-0.0865024
0.117376
-0.118932
0.180221
-0.0881085
-0.0561191
-0.0725901
-0.0311735
0.0684345
-0.0330038
0.174344
0.0120636
0.158981
-0.116023
-0.10251
0.0147702
0.0436299
-0.112538
-0.0651033
-0.0181124
0.216889
-0.0992918
-0.047153
0.168077
-0.0342546
0.0210955
0.19966
-0.166742
-0.0724536
-0.15933
-0.0710545
-0.162737
0.0471839
-0.0436111
0.00856264
-0.0614148
0.0298885
0.152918
-0.183594
0.0199956
-0.0359294
0.118789
-0.066415
-0.0269649
0.135758
-0.149295
-0.210027
-0.0610284
0.0583685
0.00511916
-0.153998
0.00409723
0.160837
0.0055849
-0.00774854
-0.137738
0.00108559
0.0681708
0.0174269
-0.121138
-0.00972167
-0.00276921
0.029694
-0.109727
0.073977
-0.0294725
0.0674462
0.122723
0.0387192
0.0229809
0.026682
0.0715515
0.0336734
0.0203479
-0.175708
0.0268304
0.101141
-0.11689
-0.0297902
0.0774832
-0.0969669
0.131425
0.162955
-0.0668947
0.032618
-0.141527
-0.0571819
0.0541388
-0.0206868
-0.104323
0.0332255
0.0732826
-0.117632
0.0663582
-0.0497676
0.028741
-0.0298973
-0.128588
-0.0356438
-0.0731042
-0.245004
0.106938
0.128093
0.0346947
0.0693741
0.0486233
0.0109766
0.0977271
-0.040375
-0.034578
0.0622338
0.0759581
-0.00277309
0.145683
-0.243654
-0.0165096
-0.0627219
0.0154965
-0.0302696
-0.105174
-0.0202065
0.119909
-0.0136398
-0.0336312
0.119209
-0.0588592
0.203148
-0.0936562
-0.115835
-0.131233
0.0825309
0.0218618
0.0874025
0.0250171
0.00643221
-0.0554356
-0.18695
-0.0620224
-0.0334783
0.00420117
0.0389995
-0.0368532
-0.131106
-0.0503351
-0.0751381
-0.110142
0.0477277
0.0956475
0.0828268
0.0251598
-0.0493613
0.0230189
0.00959187
-0.114475
-0.0495217
0.0969424
0.014179
0.178007
-0.138377
-0.0188458
-0.0103124
-0.0932585
0.0379254
-0.0418761
0.121177
-0.0657195
-0.145008
0.126716
0.00289503
0.178991
0.0250206
0.0985309
0.00416539
-0.040773
0.158059
0.00037647
-0.0393287
0.0488937
0.0797445
-0.0518755
-0.0217354
0.061403
-0.223107
0.153808
-0.15841
0.0354936
0.0419453
-0.0281451
0.0636126
0.0808122
-0.0959949
-0.149667
0.0377082
0.245389
0.14548
0.19543
0.0777882
0.0225249
-0.0285228
-0.0670909
0.0675039
-0.0348377
-0.113415
-0.0281108
-0.0945407
0.0641085
-0.0689102
0.0464608
-0.112159
-0.0861333
0.0547994
-0.0650681
0.0677334
0.0395905
-0.099258
0.0850043
0.034745
0.12074
-0.218624
0.0866515
-0.0144606
-0.140348
-0.0549946
-0.0337295
0.0309188
0.0249355
-0.226574
-0.00244341
-0.114502
0.0107468
-0.0270288
0.104974
-0.280058
-0.0601573
0.263584
0.0416571
0.0661536
-0.0975782
0.0478558
-0.0862413
-0.0652756
0.0251361
0.0519677
-0.0427394
0.0868617
-0.0838066
-0.0273456
0.00546921
0.021019
0.037031
0.005666
-0.0987728
-0.00583213
-0.0633435
0.166173
-0.0748834
-0.135183
0.0180131
-0.0962904
-0.0217239
-0.0289113
-0.09345
-0.0330699
0.0212255
-0.0356987
-0.040037
4.49037e-05
-0.0322363
-0.20135
-0.040353
0.102868
-0.0220085
-0.022154
0.0137376
0.0451507
0.00317985
-0.0408964
0.102053
0.0289455
0.0920314
-0.0146728
-0.0139325
0.0630724
-0.0583192
-0.095386
-0.0659353
0.121226
-0.0436975
0.0209782
-0.0731523
-0.0501361
0.0854517
-0.0443765
-0.0508779
-0.0209287
-0.0579125
-0.104377
-0.0708746
-0.0199886
-0.186004
0.136847
0.0398025
0.0674072
0.0324396
0.160928
-0.0441121
0.157983
-0.00114035
-0.108848
0.156235
0.0569034
-0.0322777
-0.0450388
-0.1361
-0.0158072
0.0795674
0.105328
0.125492
-0.147614
-0.0520168
0.0224483
0.00680532
-0.114541
0.0599913
-0.0616679
0.0475765
-0.0596871
0.0567262
-0.0290165
-0.0410942
0.00428759
0.103783
0.137236
0.120524
-0.078836
0.153441
-0.11461
-0.170464
-0.0212416
0.0612111
-0.141947
-0.0964447
0.0235972
-0.0511034
0.0041636
-0.224786
0.0808212
-0.100692
-0.0767081
-0.0962376
-0.0566734
0.0194732
-0.00830954
-0.0723636
0.0184052
-0.00190101
0.00660622
0.0478119
0.155736
-0.0105109
0.0306931
0.0931931
0.00773874
-0.0656814
0.0328687
0.0155528
-0.153587
-0.069903
0.0634433
-0.0584328
0.00133783
0.0865823
0.0803016
0.0792478
-0.0789484
0.0988887
0.0189347
-0.113417
-0.0424049
0.1672
0.0235588
-0.0689492
-0.0381752
0.0629223
0.118118
0.0668127
-0.042154
-0.170912
0.0370853
-0.0823905
0.0231331
-0.0874997
0.059563
-0.0180106
0.0609242
0.142147
0.0818625
0.0470384
-0.0596618
0.0469307
0.00270514
-0.0579982
-0.0702944
-0.184561
0.166511
-0.0795406
-0.0494133
-0.0184
0.0256077
-0.0191903
-0.00364962
-0.136572
0.176083
0.00138759
0.152541
-0.0195615
-0.115486
-0.127746
0.0764588
-0.0839013
-0.0508067
0.0276698
0.0924962
0.142198
-0.0550298
0.105635
0.0808756
0.0784696
0.256089
0.105679
0.00283583
0.101917
-0.0463079
0.113331
-0.00759581
0.0740271
-0.00967143
-0.100034
-0.0507044
0.067276
-0.0873338
0.094874
-0.229169
0.0374186
0.17678
-0.150829
0.205218
-0.00195359
0.00618996
-0.00697923
-0.0407581
-0.0416976
-0.0867335
0.0936493
-0.047745
-0.0948103
0.0128603
0.0659321
-0.180371
-0.0591309
0.00726482
0.0181971
0.023027
-0.0152471
-0.118423
-0.172096
-0.193255
0.0391136
-0.251519
0.0743811
0.153112
0.0944141
-0.214959
-0.124172
-0.0257594
-0.0238962
-0.143697
0.0913462
0.0237814
0.017399
0.156925
0.115944
0.0676713
-0.162396
-0.0203098
0.200081
0.0399301
0.0569577
-0.00240376
-0.0161101
0.0220869
-0.0943275
0.0446052
-0.0609802
-0.0353947
-0.0898359
-0.173387
0.0713134
0.00275311
-0.0149931
-0.145786
0.0760992
-0.121352
0.105045
-0.192743
-0.119922
-0.0560876
-0.107989
-0.182743
0.052378
-0.00753529
0.117395
0.0269942
0.0317857
0.0575724
-0.0930362
-0.188284
0.0610666
0.0173596
0.0642142
0.0426016
-0.0677838
-0.0170639
0.0590765
-0.0951911
-0.00760664
0.0663214
-0.129193
0.0313283
-0.052366
0.119902
0.141302
0.0388371
-0.114797
0.0541325
-0.00419865
0.0678778
-0.0299564
-0.125869
-0.103427
0.0496859
0.0987058
0.115439
-0.163126
-0.15553
0.0398806
-0.0498745
-0.0518185
0.0787167
0.0789454
-0.191285
0.000423429
0.141312
-0.00772923
-0.036675
0.120587
-0.104138
-0.149407
-0.0877676
0.0637703
0.130251
-0.132491
0.0483522
0.065907
0.0829757
-0.218967
-0.170844
-0.151242
-0.0056089
0.0556058
0.0867246
0.190894
0.00968819
-0.097284
-0.0804804
0.0410247
0.0890275
0.118499
-0.0124989
0.0784911
-0.0015775
-0.00219038
-0.163714
0.0733489
0.0291187
-0.00320567
0.188051
0.166849
-0.10237
-0.0481323
-0.0695395
0.132403
-0.071287
-0.13632
-0.138379
0.0662542
-0.0869991
-0.0644378
0.0312919
-0.135828
-0.156238
-0.00139047
0.0755064
-0.0745383
-0.182035
0.100024
-0.182824
-0.0699856
-0.0770347
-0.257789
-0.0599183
-0.149097
-0.0780843
-0.0164376
0.0471172
-0.0831063
0.209477
-0.104997
-0.14283
0.0331867
-0.011784
0.0425201
0.00104194
0.0925452
0.0973592
0.038073
0.0709904
-0.0569253
-0.0379223
0.0636847
0.0918212
-0.0168544
0.0760424
0.0734342
0.080851
-0.068362
-0.0352366
-0.0569351
-0.116371
0.045843
0.200566
0.120966
0.0756521
0.045633
-0.153506
0.0751387
0.0449482
-0.0653546
-0.0533606
0.0759578
0.103251
-0.0991512
-0.0426793
-0.0314685
-0.0339943
0.154037
0.16167
-0.00232984
0.0827867
-0.0272579
-0.0531206
0.286243
-0.000717475
-0.150593
-0.0179611
-0.0910498
0.0211606
-0.0841203
-0.171005
-0.141521
0.170047
-0.0935552
0.103878
-0.026579
-0.0598894
0.0733213
0.091577
-0.126573
-0.144176
0.141782
-0.0352003
0.0186135
0.179899
-0.0942361
-0.0958933
0.00706606
0.0744879
0.00642165
-0.132732
-0.0478115
0.105797
-0.124068
0.169618
-0.140633
0.0183955
0.0451151
0.0940795
-0.0234176
0.151265
0.0357729
0.0287052
-0.255696
-0.111423
0.0791651
-0.1633
0.205698
0.10482
-0.0604326
-0.0202143
0.0265442
-0.0178009
0.0151249
0.168522
0.0324362
-0.00331083
-0.00459101
-0.0983094
0.00821083
-0.0790142
-0.0687285
0.0402089
-0.231688
0.0393727
-0.095345
0.0945153
0.000773153
0.0310606
-0.0585866
0.209944
0.0773997
-0.0884591
0.0692403
-0.0320278
0.103465
-0.0063801
-0.0662188
-0.0645543
0.000887278
0.15606
0.0340243
-0.050192
0.0536282
0.203166
-0.169034
-0.168029
0.0026909
-0.112792
0.124827
0.0373851
0.120707
0.0793987
0.170836
-0.163622
-0.117639
-0.208885
-0.0442308
-0.18673
-0.0673395
-0.0611169
-0.0991524
-0.0205529
-0.19614
-0.00937376
-0.0454919
0.0349886
-0.0654334
-0.158755
-0.0615137
0.0412166
-0.064092
0.0169682
0.0611356
0.0866594
0.00775843
0.103609
-0.0303248
-0.0473754
0.149983
0.059864
0.170278
-0.0564991
0.0616301
0.0654017
0.126454
-0.0188331
-0.0153618
0.040783
0.0549843
0.0558925
-0.0389319
-0.0478507
0.0522205
0.0327274
-0.0718512
0.0879046
-0.150684
0.152122
-0.052324
0.12711
-0.0693652
-0.135385
-0.0121588
-0.0991391
0.11724
0.0552292
0.0890012
0.112587
-0.0684369
-0.00197532
0.0301917
-0.0452071
-0.098893
0.0776599
0.181714
-0.223244
0.03156
0.1172
0.137392
-0.140862
-0.0791078
-0.0657303
-0.232967
0.0420627
-0.0495763
0.0782977
0.0546222
-0.0360683
-0.103373
-0.0684248
-0.0659469
-0.116243
0.0219204
-0.138536
0.096905
-0.0217844
0.107828
-0.017684
0.0946215
0.0443514
0.172481
-0.127738
-0.102108
0.0379536
