 1.04698
 -2.26959
 1.90864
 -1.80889
 2.77581
 -1.06973
 0.456149
 -0.569103
 -0.305928
 0.289591
 0.326171
 -0.0804787
 0.369063
 1.09792
 0.391052
 1.22289
 -0.51987
 0.179852
 0.64604
 0.582684
 -0.16572
 -1.02036
 0.631244
 -0.411317
 0.443294
 -0.66506
 0.569326
 0.264705
 -0.105461
 0.640733
 1.86127
 -1.69092
 1.77465
 -1.08929
 1.64868
 -0.774325
 0.705038
 0.620148
 2.48195
 -0.638499
 1.24119
 -1.44789
 0.21517
 0.580733
 0.272062
 -0.282644
 0.333093
 -1.01028
 0.861398
 0.830031
 -0.86886
 1.05317
 -0.813406
 1.48471
 -2.60013
 2.06164
 -1.01179
 -0.691664
 -0.133147
 0.61493
 -0.18051
 1.22297
 -0.987382
 0.46112
 -2.02182
 2.25145
 0.186786
 -1.12626
 0.936023
 -0.223374
 -0.0521437
 -0.155021
 -0.763637
 1.54367
 -0.925573
 0.44888
 -1.33864
 -0.0347406
 -0.370147
 -0.0494596
 1.0364
 -0.266218
 1.87366
 -1.69108
 0.444409
 -0.68019
 -0.561489
 0.790353
 -1.39246
 0.347415
 0.15384
 0.335829
 -0.107938
 0.815477
 -0.770597
 1.56991
 0.0698628
 0.393564
 -0.26602
 0.433924
