 -0.050979
 0.0375958
 0.000950984
 0.0131311
 0.154432
 -0.0846891
 0.0289629
 0.150052
 0.0682651
 -0.00526739
 -0.0190975
 -0.0348196
 0.110177
 0.0169209
 0.00928624
 0.178599
 -0.0868436
 -0.124718
 -0.0665147
 -0.165105
 -0.0438861
 0.0826084
 0.0986645
 -0.0876187
 0.0668346
 -0.12721
 0.105605
 0.0580061
 0.176949
 0.098671
 -0.0247892
 -0.113
 0.0565119
 -0.165294
 -0.189344
 0.0904419
 -0.122989
 -0.089567
 0.090346
 -0.0393391
 -0.0087035
 -0.164064
 -0.0806042
 0.000563811
 -0.150169
 -0.0516227
 -0.16399
 -0.0767959
 0.0157547
 -0.0559193
 -0.110699
 0.00075115
 0.0629311
 -0.0365248
 -0.099373
 -0.0451396
 -0.000131062
 0.0480213
 -0.0977787
 0.0577572
 -0.141827
 -0.0558634
 -0.129029
 0.0628716
 0.0160202
 -0.0784023
 0.0634706
 -0.0276198
 -0.0726419
 0.0216884
 -0.0867308
 0.0172367
 0.0265814
 0.0204421
 -0.0401463
 -0.14759
 0.00551838
 -0.0395122
 0.0424146
 -0.0543984
 0.0513985
 0.135573
 -0.134289
 0.142459
 0.138816
 0.191223
 0.0621499
 -0.123189
 -0.0861358
 -0.0245652
 -0.0801114
 0.11441
 0.0929346
 -0.145084
 -0.181548
 0.0583388
 0.10585
 -0.0546058
 -0.0240954
 -0.0319033
