 0.076778
 2.22816
 -1.87949
 0.95427
 -2.8441
 1.46676
 -0.265106
 0.715242
 -0.291983
 -1.31035
 -1.34982
 -1.30347
 -2.12937
 -2.47849
 -1.53206
 -1.434
 0.19392
 -1.07032
 -1.05762
 -0.218207
 0.750387
 1.01825
 -0.682215
 0.124299
 -0.819829
 -0.13206
 -1.64664
 -1.05812
 -1.21944
 -2.061
 -1.86718
 0.951539
 -2.46914
 -0.166985
 -2.80047
 -0.81008
 -2.75639
 -2.94964
 -2.98625
 0.518363
 -0.816086
 1.2946
 -1.02856
 -0.946636
 -0.2705
 0.15119
 -0.263377
 0.280713
 -1.4376
 -0.491299
 0.746064
 -0.667492
 1.0705
 -0.28402
 2.8265
 -1.64563
 1.95171
 0.812236
 -0.370031
 -0.953527
 -0.0591088
 -0.628329
 1.65802
 0.323367
 1.40532
 -2.79509
 0.317088
 0.964791
 -0.943343
 0.443154
 0.322776
 0.414652
 0.502989
 -0.963659
 1.71831
 0.653613
 1.85071
 0.0882716
 0.0133003
 -0.815324
 -1.49243
 -0.159119
 -0.979535
 2.53302
 0.547547
 1.38258
 0.698257
 -0.306976
 1.0818
 -1.06042
 -0.824798
 -0.956482
 -0.626384
 -1.43115
 -0.523062
 -2.06755
 0.0123361
 0.0554946
 0.775678
 0.873263
