 1.12376
 -0.0414309
 0.0291547
 -0.854623
 -0.0682957
 0.397031
 0.191043
 0.146139
 -0.597911
 -1.02076
 -1.02365
 -1.38395
 -1.76031
 -1.38057
 -1.14101
 -0.211102
 -0.32595
 -0.890469
 -0.411575
 0.364477
 0.584667
 -0.00211323
 -0.0509711
 -0.287018
 -0.376535
 -0.79712
 -1.07732
 -0.793415
 -1.3249
 -1.42027
 -0.00591546
 -0.739379
 -0.69449
 -1.25627
 -1.15179
 -1.58441
 -2.05136
 -2.32949
 -0.504302
 -0.120136
 0.425101
 -0.153286
 -0.813389
 -0.365903
 0.00156229
 -0.131454
 0.0697161
 -0.729562
 -0.576204
 0.338732
 -0.122797
 0.385682
 0.25709
 1.20069
 0.226366
 0.41601
 0.939927
 0.120572
 -0.503177
 -0.338597
 -0.239619
 0.594638
 0.670633
 0.784487
 -0.616499
 -0.543636
 0.503875
 -0.161467
 -0.00731981
 0.21978
 0.270633
 0.259631
 -0.260647
 0.580014
 0.792735
 1.10249
 0.51207
 0.053531
 -0.356847
 -0.864784
 -0.456032
 -0.425337
 0.89413
 0.841947
 0.991956
 0.702395
 0.136768
 0.483377
 -0.310663
 -0.713006
 -0.670958
 -0.620653
 -0.734322
 -0.615677
 -1.29366
 -0.497639
 0.0821989
 0.449059
 0.509657
 1.30719
