 1.12819
 -1.75497
 1.1716
 -1.76873
 1.73505
 -0.573299
 0.354012
 -0.352203
 -0.488091
 -0.234673
 -0.205825
 -0.616175
 -0.504691
 0.168715
 -0.210877
 0.597579
 -0.516983
 -0.260127
 0.229098
 0.46196
 0.187216
 -0.661651
 0.357589
 -0.433
 0.142568
 -0.713017
 -0.0397317
 -0.142054
 -0.611653
 -0.144069
 1.11669
 -1.61454
 0.732881
 -1.27399
 0.472699
 -1.13149
 -0.39859
 -0.5539
 1.30263
 -0.512949
 0.88164
 -0.957973
 -0.192308
 0.213193
 0.198763
 -0.259887
 0.259286
 -0.880978
 0.27651
 0.579742
 -0.628342
 0.733092
 -0.477563
 1.54386
 -1.85238
 1.51493
 -0.264771
 -0.453565
 -0.323196
 0.238483
 -0.230375
 0.957794
 -0.396914
 0.544522
 -1.81281
 1.12283
 0.326606
 -0.750172
 0.515722
 -0.0203697
 0.130623
 0.0554101
 -0.618901
 1.20369
 -0.273684
 0.669361
 -0.663355
 0.0301707
 -0.434005
 -0.425815
 0.400747
 -0.389337
 1.65915
 -0.72738
 0.617881
 -0.115229
 -0.350851
 0.612486
 -0.992186
 -0.0412032
 -0.171697
 -0.00988123
 -0.411099
 0.245797
 -0.955771
 0.689815
 0.116141
 0.400922
 0.100794
 0.758701
