 2.25638
 -1.93047
 0.991866
 -2.84315
 1.47989
 -0.110674
 0.630553
 -0.26302
 -1.1603
 -1.28155
 -1.30874
 -2.14847
 -2.51331
 -1.42189
 -1.41707
 0.203206
 -0.891721
 -1.14446
 -0.342925
 0.683872
 0.853143
 -0.726101
 0.206907
 -0.721165
 -0.219679
 -1.57981
 -1.18533
 -1.11384
 -2.00299
 -1.69023
 1.05021
 -2.49393
 -0.279985
 -2.74396
 -0.975374
 -2.94574
 -2.8592
 -3.10924
 0.428796
 -0.72574
 1.25526
 -1.03726
 -1.1107
 -0.351104
 0.151753
 -0.413546
 0.22909
 -1.60159
 -0.568095
 0.761818
 -0.723411
 0.959796
 -0.283269
 2.88943
 -1.68216
 1.85234
 0.767096
 -0.370162
 -0.905506
 -0.156888
 -0.570572
 1.51619
 0.267503
 1.2763
 -2.73222
 0.333108
 0.886389
 -0.879872
 0.415534
 0.250135
 0.436341
 0.416259
 -0.946422
 1.74489
 0.674055
 1.81056
 -0.0593181
 0.0188186
 -0.854836
 -1.45001
 -0.213517
 -0.928136
 2.6686
 0.413257
 1.52504
 0.837072
 -0.115752
 1.14395
 -1.18361
 -0.910934
 -0.981047
 -0.706495
 -1.31674
 -0.430127
 -2.21263
 -0.169212
 0.113833
 0.881528
 0.818658
 2.09046
