 -0.00593681 0.00363922 4.84896e-05 0.00256065 0.00279334 1.43597e-05 4.84896e-05 1.43597e-05
 0.00583597 0.00360552 4.70582e-05 0.0025606 0.00279334 1.43594e-05 4.70582e-05 1.43594e-05
 0.00583591 0.00360551 4.70576e-05 0.00256054 0.00279334 1.43591e-05 4.70576e-05 1.43591e-05
 0.00583586 0.00360551 4.7057e-05 0.00256049 0.00279334 1.43589e-05 4.7057e-05 1.43589e-05
 0.00583581 0.00360551 4.70564e-05 0.00256043 0.00279334 1.43586e-05 4.70564e-05 1.43586e-05
 0.00583575 0.00360551 4.70557e-05 0.00256038 0.00279334 1.43583e-05 4.70557e-05 1.43583e-05
 0.00583569 0.00360551 4.7055e-05 0.00256032 0.00279334 1.4358e-05 4.7055e-05 1.4358e-05
 0.00583563 0.00360551 4.70543e-05 0.00256026 0.00279333 1.43576e-05 4.70543e-05 1.43576e-05
 0.00583557 0.00360551 4.70536e-05 0.0025602 0.00279333 1.43573e-05 4.70536e-05 1.43573e-05
 0.00583551 0.00360551 4.70529e-05 0.00256014 0.00279333 1.4357e-05 4.70529e-05 1.4357e-05
 0.00583545 0.0036055 4.70521e-05 0.00256007 0.00279333 1.43566e-05 4.70521e-05 1.43566e-05
 0.00583538 0.0036055 4.70513e-05 0.00256 0.00279333 1.43563e-05 4.70513e-05 1.43563e-05
 0.00583532 0.0036055 4.70505e-05 0.00255994 0.00279333 1.43559e-05 4.70505e-05 1.43559e-05
 0.00583525 0.0036055 4.70497e-05 0.00255986 0.00279332 1.43556e-05 4.70497e-05 1.43556e-05
 0.00583518 0.0036055 4.70489e-05 0.00255979 0.00279332 1.43552e-05 4.70489e-05 1.43552e-05
 0.0058351 0.0036055 4.7048e-05 0.00255972 0.00279332 1.43548e-05 4.7048e-05 1.43548e-05
 0.00583503 0.00360549 4.70471e-05 0.00255964 0.00279332 1.43544e-05 4.70471e-05 1.43544e-05
 0.00583495 0.00360549 4.70462e-05 0.00255956 0.00279332 1.4354e-05 4.70462e-05 1.4354e-05
 0.00583487 0.00360549 4.70452e-05 0.00255948 0.00279331 1.43535e-05 4.70452e-05 1.43535e-05
 0.00583478 0.00360549 4.70443e-05 0.00255939 0.00279331 1.43531e-05 4.70443e-05 1.43531e-05
 0.0058347 0.00360549 4.70432e-05 0.00255931 0.00279331 1.43526e-05 4.70432e-05 1.43526e-05
 0.00583461 0.00360548 4.70422e-05 0.00255922 0.00279331 1.43522e-05 4.70422e-05 1.43522e-05
 0.00583452 0.00360548 4.70411e-05 0.00255912 0.00279331 1.43517e-05 4.70411e-05 1.43517e-05
 0.00583442 0.00360548 4.704e-05 0.00255903 0.0027933 1.43512e-05 4.704e-05 1.43512e-05
 0.00583433 0.00360548 4.70388e-05 0.00255893 0.0027933 1.43506e-05 4.70388e-05 1.43506e-05
 0.00583423 0.00360548 4.70376e-05 0.00255882 0.0027933 1.43501e-05 4.70376e-05 1.43501e-05
 0.00583412 0.00360547 4.70364e-05 0.00255872 0.0027933 1.43495e-05 4.70364e-05 1.43495e-05
 0.00583401 0.00360547 4.70351e-05 0.0025586 0.00279329 1.43489e-05 4.70351e-05 1.43489e-05
 0.0058339 0.00360547 4.70338e-05 0.00255849 0.00279329 1.43483e-05 4.70338e-05 1.43483e-05
 0.00583378 0.00360547 4.70324e-05 0.00255837 0.00279329 1.43477e-05 4.70324e-05 1.43477e-05
 0.00583366 0.00360546 4.7031e-05 0.00255824 0.00279328 1.4347e-05 4.7031e-05 1.4347e-05
 0.00583354 0.00360546 4.70295e-05 0.00255811 0.00279328 1.43464e-05 4.70295e-05 1.43464e-05
 0.00583341 0.00360546 4.70279e-05 0.00255798 0.00279328 1.43457e-05 4.70279e-05 1.43457e-05
 0.00583327 0.00360545 4.70263e-05 0.00255784 0.00279327 1.43449e-05 4.70263e-05 1.43449e-05
 0.00583313 0.00360545 4.70246e-05 0.00255769 0.00279327 1.43441e-05 4.70246e-05 1.43441e-05
 0.00583298 0.00360545 4.70229e-05 0.00255754 0.00279327 1.43433e-05 4.70229e-05 1.43433e-05
 0.00583283 0.00360544 4.70211e-05 0.00255738 0.00279326 1.43425e-05 4.70211e-05 1.43425e-05
 0.00583266 0.00360544 4.70192e-05 0.00255721 0.00279326 1.43416e-05 4.70192e-05 1.43416e-05
 0.0058325 0.00360544 4.70172e-05 0.00255704 0.00279325 1.43407e-05 4.70172e-05 1.43407e-05
 0.00583232 0.00360543 4.70151e-05 0.00255685 0.00279325 1.43397e-05 4.70151e-05 1.43397e-05
 0.00583213 0.00360543 4.70129e-05 0.00255666 0.00279324 1.43387e-05 4.70129e-05 1.43387e-05
 0.00583194 0.00360542 4.70106e-05 0.00255646 0.00279324 1.43377e-05 4.70106e-05 1.43377e-05
 0.00583174 0.00360542 4.70082e-05 0.00255625 0.00279323 1.43365e-05 4.70082e-05 1.43365e-05
 0.00583152 0.00360541 4.70056e-05 0.00255602 0.00279323 1.43354e-05 4.70056e-05 1.43354e-05
 0.0058313 0.00360541 4.7003e-05 0.00255579 0.00279322 1.43341e-05 4.7003e-05 1.43341e-05
 0.00583106 0.0036054 4.70002e-05 0.00255554 0.00279321 1.43328e-05 4.70002e-05 1.43328e-05
 0.00583081 0.0036054 4.69972e-05 0.00255528 0.00279321 1.43314e-05 4.69972e-05 1.43314e-05
 0.00583054 0.00360539 4.69941e-05 0.002555 0.0027932 1.433e-05 4.69941e-05 1.433e-05
 0.00583026 0.00360538 4.69907e-05 0.0025547 0.00279319 1.43284e-05 4.69907e-05 1.43284e-05
 0.00582996 0.00360538 4.69872e-05 0.00255439 0.00279318 1.43268e-05 4.69872e-05 1.43268e-05
 0.00582965 0.00360537 4.69834e-05 0.00255405 0.00279317 1.4325e-05 4.69834e-05 1.4325e-05
 0.00582931 0.00360536 4.69794e-05 0.00255369 0.00279316 1.43231e-05 4.69794e-05 1.43231e-05
 0.00582895 0.00360535 4.69752e-05 0.00255331 0.00279315 1.43211e-05 4.69752e-05 1.43211e-05
 0.00582856 0.00360534 4.69706e-05 0.0025529 0.00279314 1.4319e-05 4.69706e-05 1.4319e-05
 0.00582815 0.00360533 4.69657e-05 0.00255246 0.00279313 1.43166e-05 4.69657e-05 1.43166e-05
 0.0058277 0.00360532 4.69605e-05 0.00255198 0.00279312 1.43141e-05 4.69605e-05 1.43141e-05
 0.00582722 0.00360531 4.69548e-05 0.00255147 0.0027931 1.43114e-05 4.69548e-05 1.43114e-05
 0.0058267 0.0036053 4.69486e-05 0.00255091 0.00279309 1.43085e-05 4.69486e-05 1.43085e-05
 0.00582614 0.00360529 4.6942e-05 0.0025503 0.00279307 1.43053e-05 4.6942e-05 1.43053e-05
 0.00582553 0.00360527 4.69347e-05 0.00254963 0.00279305 1.43018e-05 4.69347e-05 1.43018e-05
 0.00582486 0.00360525 4.69268e-05 0.0025489 0.00279303 1.42979e-05 4.69268e-05 1.42979e-05
 0.00582412 0.00360524 4.69181e-05 0.0025481 0.00279301 1.42937e-05 4.69181e-05 1.42937e-05
 0.00582331 0.00360522 4.69085e-05 0.0025472 0.00279298 1.4289e-05 4.69085e-05 1.4289e-05
 0.00582241 0.00360519 4.68979e-05 0.00254621 0.00279295 1.42838e-05 4.68979e-05 1.42838e-05
 0.0058214 0.00360517 4.6886e-05 0.00254509 0.00279292 1.42779e-05 4.6886e-05 1.42779e-05
 0.00582028 0.00360514 4.68727e-05 0.00254382 0.00279288 1.42712e-05 4.68727e-05 1.42712e-05
 0.005819 0.00360511 4.68576e-05 0.00254238 0.00279284 1.42637e-05 4.68576e-05 1.42637e-05
 0.00581755 0.00360507 4.68405e-05 0.00254072 0.00279279 1.4255e-05 4.68405e-05 1.4255e-05
 0.00581589 0.00360503 4.68208e-05 0.0025388 0.00279273 1.42448e-05 4.68208e-05 1.42448e-05
 0.00581395 0.00360498 4.67979e-05 0.00253653 0.00279266 1.42329e-05 4.67979e-05 1.42329e-05
 0.00581167 0.00360492 4.67709e-05 0.00253382 0.00279257 1.42187e-05 4.67709e-05 1.42187e-05
 0.00580894 0.00360485 4.67387e-05 0.00253053 0.00279246 1.42015e-05 4.67387e-05 1.42015e-05
 0.00580563 0.00360476 4.66996e-05 0.00252645 0.00279233 1.418e-05 4.66996e-05 1.418e-05
 0.00580153 0.00360465 4.66512e-05 0.00252125 0.00279215 1.41528e-05 4.66512e-05 1.41528e-05
 0.0057963 0.0036045 4.65895e-05 0.00251442 0.0027919 1.4117e-05 4.65895e-05 1.4117e-05
 0.00578942 0.0036043 4.65084e-05 0.00250503 0.00279156 1.4068e-05 4.65084e-05 1.4068e-05
 0.00577999 0.00360402 4.63972e-05 0.00249139 0.00279102 1.39969e-05 4.63972e-05 1.39969e-05
 0.00576627 0.00360359 4.62357e-05 0.00246988 0.00279014 1.38852e-05 4.62357e-05 1.38852e-05
 0.00574463 0.00360287 4.59814e-05 0.00243149 0.00278842 1.36874e-05 4.59814e-05 1.36874e-05
 0.00570599 0.00360151 4.55292e-05 0.0023471 0.00278423 1.32608e-05 4.55292e-05 1.32608e-05
 0.00562098 0.00359819 4.45424e-05 0.00206678 0.00276797 1.19332e-05 4.45424e-05 1.19332e-05
 0.00533798 0.0035854 4.13492e-05 -0.000644669 0.00259854 7.16803e-06 4.13492e-05 7.16803e-06
 0.00258229 0.00344916 1.85649e-05 -0.0172616 0.00276491 0.000305607 1.85649e-05 0.000305607
 0.00258229 0.00344916 1.85649e-05 -0.0139636 0.00267984 0.000202163 1.85649e-05 0.000202163
 0.00258229 0.00344916 1.85649e-05 -0.00707987 0.00244373 5.60964e-05 1.85649e-05 5.60964e-05
 0.00258229 0.00344916 1.85649e-05 -0.00333321 0.00247033 1.72128e-05 1.85649e-05 1.72128e-05
 -0.000192013 0.00332216 1.10736e-05 -0.00293705 0.0023817 1.42987e-05 1.10736e-05 1.42987e-05
 9.80859e-05 0.00321792 1.03646e-05 -0.00317536 0.00228644 1.53107e-05 1.03646e-05 1.53107e-05
 -0.000258424 0.0031023 9.69107e-06 -0.00275681 0.002208 1.24753e-05 9.69107e-06 1.24753e-05
 6.17532e-05 0.00300753 9.04905e-06 -0.00301875 0.00211018 1.35657e-05 9.04905e-06 1.35657e-05
 -0.000332764 0.00288372 8.42656e-06 -0.00253886 0.00204045 1.06092e-05 8.42656e-06 1.06092e-05
 5.79524e-05 0.00279762 7.83002e-06 -0.0028643 0.00193511 1.19489e-05 7.83002e-06 1.19489e-05
 -0.000422534 0.00265899 7.24876e-06 -0.00227663 0.0018779 8.70953e-06 7.24876e-06 8.70953e-06
 9.42682e-05 0.00258732 6.70309e-06 -0.00271966 0.00175968 1.0493e-05 6.70309e-06 1.0493e-05
 -0.000538672 0.0024257 6.17418e-06 -0.00196153 0.00172479 6.82251e-06 6.17418e-06 6.82251e-06
 0.000187353 0.00238257 5.71175e-06 -0.00259904 0.0015862 9.27106e-06 5.71175e-06 9.27106e-06
 -0.000696089 0.00218574 5.26199e-06 -0.0015859 0.00159059 5.04506e-06 5.26199e-06 5.04506e-06
 0.000361136 0.00219636 4.95442e-06 -0.00251768 0.00142062 8.35689e-06 4.95442e-06 8.35689e-06
 -0.00090827 0.00194553 4.61005e-06 -0.00115179 0.00148747 3.53919e-06 4.61005e-06 3.53919e-06
 0.000635868 0.00204646 4.59232e-06 -0.00247314 0.00127299 7.73694e-06 4.59232e-06 7.73694e-06
 -0.00116587 0.00171747 4.30897e-06 -0.000693635 0.00142263 2.505e-06 4.30897e-06 2.505e-06
 -0.00116587 0.00171747 4.30897e-06 -0.00150821 0.00132193 4.02218e-06 4.30897e-06 4.02218e-06
 -2.67622e-05 0.00180395 3.25495e-06 -0.00163662 0.00127204 4.29661e-06 3.25495e-06 4.29661e-06
 -0.000261886 0.00172652 3.04945e-06 -0.00156549 0.00124749 4.00697e-06 3.04945e-06 4.00697e-06
 -0.000237646 0.00168782 2.90523e-06 -0.00151479 0.00122218 3.7883e-06 2.90523e-06 3.7883e-06
 -0.000238042 0.00164738 2.77051e-06 -0.00146295 0.00119858 3.57682e-06 2.77051e-06 3.57682e-06
 -0.000234929 0.00160916 2.6446e-06 -0.0014127 0.00117638 3.37959e-06 2.6446e-06 3.37959e-06
 -0.000231844 0.00157271 2.52717e-06 -0.0013638 0.00115557 3.19529e-06 2.52717e-06 3.19529e-06
 -0.0002284 0.00153808 2.41784e-06 -0.00131633 0.00113612 3.02349e-06 2.41784e-06 3.02349e-06
 -0.000224687 0.00150525 2.31625e-06 -0.00127032 0.00111798 2.8636e-06 2.31625e-06 2.8636e-06
 -0.000220736 0.0014742 2.22199e-06 -0.00122581 0.00110111 2.71504e-06 2.22199e-06 2.71504e-06
 -0.000216585 0.0014449 2.13465e-06 -0.00118281 0.00108543 2.5772e-06 2.13465e-06 2.5772e-06
 -0.000212267 0.00141731 2.05382e-06 -0.00114132 0.00107091 2.44945e-06 2.05382e-06 2.44945e-06
 -0.000207814 0.00139137 1.9791e-06 -0.00110134 0.00105747 2.33118e-06 1.9791e-06 2.33118e-06
 -0.000203258 0.00136703 1.91009e-06 -0.00106286 0.00104505 2.22179e-06 1.91009e-06 2.22179e-06
 -0.000198627 0.00134423 1.8464e-06 -0.00102586 0.00103359 2.12068e-06 1.8464e-06 2.12068e-06
 -0.000193945 0.00132289 1.78765e-06 -0.000990312 0.00102302 2.02729e-06 1.78765e-06 2.02729e-06
 -0.000189238 0.00130295 1.7335e-06 -0.000956193 0.00101329 1.94106e-06 1.7335e-06 1.94106e-06
 -0.000184525 0.00128435 1.6836e-06 -0.000923466 0.00100433 1.86147e-06 1.6836e-06 1.86147e-06
 -0.000179826 0.001267 1.63763e-06 -0.000892095 0.000996095 1.78804e-06 1.63763e-06 1.78804e-06
 -0.000175157 0.00125084 1.59529e-06 -0.000862039 0.000988519 1.72028e-06 1.59529e-06 1.72028e-06
 -0.000170533 0.0012358 1.55629e-06 -0.000833258 0.000981555 1.65777e-06 1.55629e-06 1.65777e-06
 -0.000165968 0.00122182 1.52038e-06 -0.000805709 0.000975152 1.60009e-06 1.52038e-06 1.60009e-06
 -0.000161471 0.00120881 1.4873e-06 -0.000779349 0.000969264 1.54686e-06 1.4873e-06 1.54686e-06
 -0.000157052 0.00119673 1.45683e-06 -0.000754135 0.000963848 1.49772e-06 1.45683e-06 1.49772e-06
 -0.000152719 0.00118551 1.42875e-06 -0.000730022 0.000958864 1.45235e-06 1.42875e-06 1.45235e-06
 -0.000148478 0.00117508 1.40286e-06 -0.000706967 0.000954272 1.41044e-06 1.40286e-06 1.41044e-06
 -0.000144335 0.0011654 1.379e-06 -0.000684929 0.000950039 1.3717e-06 1.379e-06 1.3717e-06
 -0.000140293 0.00115642 1.35698e-06 -0.000663864 0.000946132 1.33588e-06 1.35698e-06 1.33588e-06
 -0.000136357 0.00114807 1.33666e-06 -0.000643733 0.000942522 1.30274e-06 1.33666e-06 1.30274e-06
 -0.000132527 0.00114032 1.31788e-06 -0.000624494 0.00093918 1.27205e-06 1.31788e-06 1.27205e-06
 -0.000128806 0.00113311 1.30053e-06 -0.000606111 0.000936082 1.24362e-06 1.30053e-06 1.24362e-06
 -0.000125195 0.00112642 1.28449e-06 -0.000588544 0.000933205 1.21726e-06 1.28449e-06 1.21726e-06
 -0.000121693 0.00112019 1.26963e-06 -0.000571759 0.000930527 1.19279e-06 1.26963e-06 1.19279e-06
 -0.000118301 0.00111439 1.25587e-06 -0.00055572 0.000928029 1.17006e-06 1.25587e-06 1.17006e-06
 -0.000115018 0.001109 1.24311e-06 -0.000540394 0.000925693 1.14893e-06 1.24311e-06 1.14893e-06
 -0.000111842 0.00110397 1.23126e-06 -0.000525748 0.000923504 1.12927e-06 1.23126e-06 1.12927e-06
 -0.000108773 0.00109928 1.22025e-06 -0.000511753 0.000921446 1.11095e-06 1.22025e-06 1.11095e-06
 -0.000105808 0.0010949 1.21e-06 -0.000498378 0.000919506 1.09387e-06 1.21e-06 1.09387e-06
 -0.000102946 0.0010908 1.20045e-06 -0.000485594 0.000917673 1.07793e-06 1.20045e-06 1.07793e-06
 -0.000100185 0.00108697 1.19155e-06 -0.000473376 0.000915935 1.06302e-06 1.19155e-06 1.06302e-06
 -9.75229e-05 0.00108338 1.18323e-06 -0.000461697 0.000914282 1.04908e-06 1.18323e-06 1.04908e-06
 -9.49566e-05 0.00108002 1.17545e-06 -0.000450532 0.000912706 1.03601e-06 1.17545e-06 1.03601e-06
 -9.24841e-05 0.00107685 1.16816e-06 -0.000439858 0.000911198 1.02376e-06 1.16816e-06 1.02376e-06
 -9.0103e-05 0.00107387 1.16132e-06 -0.000429653 0.00090975 1.01225e-06 1.16132e-06 1.01225e-06
 -8.78107e-05 0.00107107 1.15489e-06 -0.000419894 0.000908357 1.00142e-06 1.15489e-06 1.00142e-06
 -8.56047e-05 0.00106842 1.14884e-06 -0.000410562 0.000907012 9.91231e-07 1.14884e-06 9.91231e-07
 -8.34824e-05 0.00106591 1.14314e-06 -0.000401637 0.000905709 9.81621e-07 1.14314e-06 9.81621e-07
 -8.14412e-05 0.00106354 1.13774e-06 -0.0003931 0.000904445 9.72548e-07 1.13774e-06 9.72548e-07
 -7.94786e-05 0.00106128 1.13264e-06 -0.000384934 0.000903214 9.63969e-07 1.13264e-06 9.63969e-07
 -7.7592e-05 0.00105914 1.1278e-06 -0.000377121 0.000902012 9.55847e-07 1.1278e-06 9.55847e-07
 -7.5779e-05 0.0010571 1.12321e-06 -0.000369646 0.000900837 9.48146e-07 1.12321e-06 9.48146e-07
 -7.4037e-05 0.00105515 1.11883e-06 -0.000362493 0.000899685 9.40834e-07 1.11883e-06 9.40834e-07
 -7.23636e-05 0.00105329 1.11466e-06 -0.000355648 0.000898553 9.33882e-07 1.11466e-06 9.33882e-07
 -7.07565e-05 0.00105151 1.11068e-06 -0.000349096 0.000897438 9.27263e-07 1.11068e-06 9.27263e-07
 -6.92134e-05 0.0010498 1.10686e-06 -0.000342825 0.000896338 9.20952e-07 1.10686e-06 9.20952e-07
 -6.77318e-05 0.00104815 1.1032e-06 -0.000336822 0.000895252 9.14926e-07 1.1032e-06 9.14926e-07
 -6.63097e-05 0.00104656 1.09969e-06 -0.000331074 0.000894178 9.09164e-07 1.09969e-06 9.09164e-07
 -6.49448e-05 0.00104503 1.0963e-06 -0.000325571 0.000893113 9.03647e-07 1.0963e-06 9.03647e-07
 -6.3635e-05 0.00104355 1.09304e-06 -0.0003203 0.000892057 8.98358e-07 1.09304e-06 8.98358e-07
 -6.23783e-05 0.00104211 1.08989e-06 -0.000315252 0.000891008 8.9328e-07 1.08989e-06 8.9328e-07
 -6.11727e-05 0.00104072 1.08684e-06 -0.000310417 0.000889966 8.88398e-07 1.08684e-06 8.88398e-07
 -6.00163e-05 0.00103936 1.08388e-06 -0.000305786 0.000888928 8.83698e-07 1.08388e-06 8.83698e-07
 -5.89071e-05 0.00103804 1.08101e-06 -0.000301348 0.000887895 8.79168e-07 1.08101e-06 8.79168e-07
 -5.78435e-05 0.00103676 1.07821e-06 -0.000297096 0.000886865 8.74796e-07 1.07821e-06 8.74796e-07
 -5.68235e-05 0.0010355 1.07549e-06 -0.000293021 0.000885839 8.70571e-07 1.07549e-06 8.70571e-07
 -5.58456e-05 0.00103427 1.07284e-06 -0.000289115 0.000884814 8.66484e-07 1.07284e-06 8.66484e-07
 -5.49081e-05 0.00103307 1.07024e-06 -0.000285372 0.000883792 8.62525e-07 1.07024e-06 8.62525e-07
 -5.40095e-05 0.00103189 1.06771e-06 -0.000281783 0.000882771 8.58685e-07 1.06771e-06 8.58685e-07
 -5.31481e-05 0.00103073 1.06522e-06 -0.000278341 0.00088175 8.54958e-07 1.06522e-06 8.54958e-07
 -5.23226e-05 0.00102959 1.06278e-06 -0.000275041 0.000880731 8.51335e-07 1.06278e-06 8.51335e-07
 -5.15314e-05 0.00102846 1.06039e-06 -0.000271877 0.000879712 8.4781e-07 1.06039e-06 8.4781e-07
 -5.07734e-05 0.00102736 1.05804e-06 -0.000268841 0.000878693 8.44377e-07 1.05804e-06 8.44377e-07
 -5.0047e-05 0.00102626 1.05572e-06 -0.000265928 0.000877675 8.41031e-07 1.05572e-06 8.41031e-07
 -4.93511e-05 0.00102519 1.05344e-06 -0.000263134 0.000876656 8.37765e-07 1.05344e-06 8.37765e-07
 -4.86845e-05 0.00102412 1.05119e-06 -0.000260452 0.000875637 8.34575e-07 1.05119e-06 8.34575e-07
 -4.8046e-05 0.00102307 1.04897e-06 -0.000257879 0.000874617 8.31456e-07 1.04897e-06 8.31456e-07
 -4.74344e-05 0.00102202 1.04678e-06 -0.000255408 0.000873597 8.28405e-07 1.04678e-06 8.28405e-07
 -4.68487e-05 0.00102099 1.04461e-06 -0.000253036 0.000872576 8.25417e-07 1.04461e-06 8.25417e-07
 -4.62878e-05 0.00101996 1.04247e-06 -0.000250758 0.000871555 8.22488e-07 1.04247e-06 8.22488e-07
 -4.57508e-05 0.00101895 1.04035e-06 -0.000248571 0.000870533 8.19616e-07 1.04035e-06 8.19616e-07
 -4.52366e-05 0.00101794 1.03825e-06 -0.000246469 0.000869511 8.16796e-07 1.03825e-06 8.16796e-07
 -4.47444e-05 0.00101694 1.03616e-06 -0.00024445 0.000868488 8.14027e-07 1.03616e-06 8.14027e-07
 -4.42732e-05 0.00101594 1.0341e-06 -0.00024251 0.000867464 8.11305e-07 1.0341e-06 8.11305e-07
 -4.38223e-05 0.00101495 1.03205e-06 -0.000240645 0.00086644 8.08628e-07 1.03205e-06 8.08628e-07
 -4.33907e-05 0.00101397 1.03001e-06 -0.000238852 0.000865415 8.05993e-07 1.03001e-06 8.05993e-07
 -4.29778e-05 0.00101299 1.02799e-06 -0.000237128 0.000864389 8.03398e-07 1.02799e-06 8.03398e-07
 -4.25827e-05 0.00101201 1.02598e-06 -0.00023547 0.000863363 8.00841e-07 1.02598e-06 8.00841e-07
 -4.22047e-05 0.00101104 1.02398e-06 -0.000233876 0.000862336 7.98321e-07 1.02398e-06 7.98321e-07
 -4.18432e-05 0.00101007 1.022e-06 -0.000232341 0.000861308 7.95834e-07 1.022e-06 7.95834e-07
 -4.14975e-05 0.00100911 1.02002e-06 -0.000230864 0.00086028 7.93381e-07 1.02002e-06 7.93381e-07
 -4.11669e-05 0.00100815 1.01805e-06 -0.000229442 0.000859252 7.90958e-07 1.01805e-06 7.90958e-07
 -4.08508e-05 0.00100719 1.01609e-06 -0.000228074 0.000858223 7.88565e-07 1.01609e-06 7.88565e-07
 -4.05487e-05 0.00100623 1.01414e-06 -0.000226755 0.000857194 7.862e-07 1.01414e-06 7.862e-07
 -4.02599e-05 0.00100528 1.0122e-06 -0.000225485 0.000856165 7.83861e-07 1.0122e-06 7.83861e-07
 -3.99841e-05 0.00100432 1.01027e-06 -0.000224261 0.000855135 7.81549e-07 1.01027e-06 7.81549e-07
 -3.97205e-05 0.00100337 1.00834e-06 -0.000223081 0.000854105 7.7926e-07 1.00834e-06 7.7926e-07
 -3.94688e-05 0.00100242 1.00641e-06 -0.000221944 0.000853075 7.76995e-07 1.00641e-06 7.76995e-07
 -3.92284e-05 0.00100148 1.00449e-06 -0.000220846 0.000852044 7.74753e-07 1.00449e-06 7.74753e-07
 -3.8999e-05 0.00100053 1.00258e-06 -0.000219788 0.000851014 7.72531e-07 1.00258e-06 7.72531e-07
 -3.878e-05 0.000999584 1.00067e-06 -0.000218766 0.000849983 7.70331e-07 1.00067e-06 7.70331e-07
 -3.85711e-05 0.000998639 9.98767e-07 -0.00021778 0.000848953 7.68149e-07 9.98767e-07 7.68149e-07
 -3.83719e-05 0.000997694 9.96866e-07 -0.000216827 0.000847923 7.65987e-07 9.96866e-07 7.65987e-07
 -3.81819e-05 0.00099675 9.94968e-07 -0.000215907 0.000846892 7.63843e-07 9.94968e-07 7.63843e-07
 -3.80008e-05 0.000995806 9.93074e-07 -0.000215018 0.000845862 7.61716e-07 9.93074e-07 7.61716e-07
 -3.78283e-05 0.000994862 9.91182e-07 -0.000214158 0.000844832 7.59605e-07 9.91182e-07 7.59605e-07
 -3.7664e-05 0.000993919 9.89293e-07 -0.000213327 0.000843803 7.57511e-07 9.89293e-07 7.57511e-07
 -3.75076e-05 0.000992975 9.87406e-07 -0.000212522 0.000842774 7.55433e-07 9.87406e-07 7.55433e-07
 -3.73588e-05 0.000992031 9.85521e-07 -0.000211744 0.000841745 7.5337e-07 9.85521e-07 7.5337e-07
 -3.72173e-05 0.000991087 9.83638e-07 -0.00021099 0.000840716 7.51321e-07 9.83638e-07 7.51321e-07
 -3.70828e-05 0.000990142 9.81757e-07 -0.00021026 0.000839689 7.49286e-07 9.81757e-07 7.49286e-07
 -3.6955e-05 0.000989197 9.79877e-07 -0.000209552 0.000838661 7.47265e-07 9.79877e-07 7.47265e-07
 -3.68337e-05 0.000988252 9.77998e-07 -0.000208866 0.000837635 7.45258e-07 9.77998e-07 7.45258e-07
 -3.67187e-05 0.000987305 9.7612e-07 -0.000208201 0.000836609 7.43263e-07 9.7612e-07 7.43263e-07
 -3.66095e-05 0.000986358 9.74243e-07 -0.000207555 0.000835584 7.4128e-07 9.74243e-07 7.4128e-07
 -3.65062e-05 0.000985411 9.72367e-07 -0.000206929 0.00083456 7.39311e-07 9.72367e-07 7.39311e-07
 -3.64083e-05 0.000984462 9.70492e-07 -0.00020632 0.000833537 7.37353e-07 9.70492e-07 7.37353e-07
 -3.63158e-05 0.000983513 9.68617e-07 -0.000205728 0.000832516 7.35406e-07 9.68617e-07 7.35406e-07
 -3.62284e-05 0.000982563 9.66743e-07 -0.000205153 0.000831495 7.33471e-07 9.66743e-07 7.33471e-07
 -3.61459e-05 0.000981612 9.64869e-07 -0.000204594 0.000830475 7.31548e-07 9.64869e-07 7.31548e-07
 -3.6068e-05 0.00098066 9.62995e-07 -0.000204049 0.000829457 7.29635e-07 9.62995e-07 7.29635e-07
 -3.59947e-05 0.000979707 9.61122e-07 -0.000203519 0.000828441 7.27734e-07 9.61122e-07 7.27734e-07
 -3.59258e-05 0.000978754 9.59249e-07 -0.000203003 0.000827425 7.25843e-07 9.59249e-07 7.25843e-07
 -3.5861e-05 0.000977799 9.57377e-07 -0.0002025 0.000826412 7.23963e-07 9.57377e-07 7.23963e-07
 -3.58003e-05 0.000976843 9.55505e-07 -0.000202009 0.0008254 7.22093e-07 9.55505e-07 7.22093e-07
 -3.57434e-05 0.000975887 9.53633e-07 -0.00020153 0.00082439 7.20234e-07 9.53633e-07 7.20234e-07
 -3.56902e-05 0.00097493 9.51762e-07 -0.000201063 0.000823382 7.18385e-07 9.51762e-07 7.18385e-07
 -3.56405e-05 0.000973972 9.49891e-07 -0.000200606 0.000822376 7.16546e-07 9.49891e-07 7.16546e-07
 -3.55943e-05 0.000973013 9.48021e-07 -0.000200159 0.000821373 7.14717e-07 9.48021e-07 7.14717e-07
 -3.55513e-05 0.000972053 9.46152e-07 -0.000199723 0.000820371 7.12898e-07 9.46152e-07 7.12898e-07
 -3.55114e-05 0.000971093 9.44283e-07 -0.000199296 0.000819372 7.1109e-07 9.44283e-07 7.1109e-07
 -3.54745e-05 0.000970132 9.42415e-07 -0.000198877 0.000818376 7.09292e-07 9.42415e-07 7.09292e-07
 -3.54404e-05 0.000969171 9.40549e-07 -0.000198467 0.000817382 7.07503e-07 9.40549e-07 7.07503e-07
 -3.54091e-05 0.00096821 9.38684e-07 -0.000198066 0.000816391 7.05725e-07 9.38684e-07 7.05725e-07
 -3.53804e-05 0.000967248 9.3682e-07 -0.000197671 0.000815403 7.03957e-07 9.3682e-07 7.03957e-07
 -3.53541e-05 0.000966286 9.34958e-07 -0.000197285 0.000814419 7.02199e-07 9.34958e-07 7.02199e-07
 -3.53303e-05 0.000965324 9.33099e-07 -0.000196905 0.000813437 7.00451e-07 9.33099e-07 7.00451e-07
 -3.53086e-05 0.000964362 9.31241e-07 -0.000196531 0.000812458 6.98713e-07 9.31241e-07 6.98713e-07
 -3.52891e-05 0.0009634 9.29385e-07 -0.000196164 0.000811483 6.96986e-07 9.29385e-07 6.96986e-07
 -3.52716e-05 0.000962439 9.27533e-07 -0.000195803 0.000810512 6.95269e-07 9.27533e-07 6.95269e-07
 -3.5256e-05 0.000961478 9.25683e-07 -0.000195447 0.000809544 6.93562e-07 9.25683e-07 6.93562e-07
 -3.52422e-05 0.000960518 9.23837e-07 -0.000195097 0.00080858 6.91865e-07 9.23837e-07 6.91865e-07
 -3.523e-05 0.000959559 9.21994e-07 -0.000194752 0.000807621 6.90179e-07 9.21994e-07 6.90179e-07
 -3.52195e-05 0.000958601 9.20155e-07 -0.000194411 0.000806665 6.88504e-07 9.20155e-07 6.88504e-07
 -3.52105e-05 0.000957643 9.18321e-07 -0.000194075 0.000805713 6.86839e-07 9.18321e-07 6.86839e-07
 -3.52028e-05 0.000956688 9.16491e-07 -0.000193742 0.000804766 6.85184e-07 9.16491e-07 6.85184e-07
 -3.51964e-05 0.000955734 9.14666e-07 -0.000193414 0.000803823 6.83541e-07 9.14666e-07 6.83541e-07
 -3.51912e-05 0.000954781 9.12846e-07 -0.00019309 0.000802885 6.81908e-07 9.12846e-07 6.81908e-07
 -3.5187e-05 0.000953831 9.11032e-07 -0.000192769 0.000801952 6.80286e-07 9.11032e-07 6.80286e-07
 -3.51839e-05 0.000952883 9.09224e-07 -0.000192451 0.000801023 6.78675e-07 9.09224e-07 6.78675e-07
 -3.51817e-05 0.000951937 9.07422e-07 -0.000192136 0.000800099 6.77075e-07 9.07422e-07 6.77075e-07
 -3.51803e-05 0.000950994 9.05628e-07 -0.000191824 0.000799181 6.75486e-07 9.05628e-07 6.75486e-07
 -3.51796e-05 0.000950054 9.0384e-07 -0.000191514 0.000798267 6.73908e-07 9.0384e-07 6.73908e-07
 -3.51796e-05 0.000949116 9.0206e-07 -0.000191207 0.000797359 6.72341e-07 9.0206e-07 6.72341e-07
 -3.51801e-05 0.000948182 9.00287e-07 -0.000190902 0.000796456 6.70785e-07 9.00287e-07 6.70785e-07
 -3.51811e-05 0.000947252 8.98523e-07 -0.000190599 0.000795558 6.69241e-07 8.98523e-07 6.69241e-07
 -3.51825e-05 0.000946325 8.96768e-07 -0.000190298 0.000794666 6.67708e-07 8.96768e-07 6.67708e-07
 -3.51842e-05 0.000945401 8.95022e-07 -0.000189999 0.00079378 6.66186e-07 8.95022e-07 6.66186e-07
 -3.51861e-05 0.000944482 8.93285e-07 -0.000189701 0.000792899 6.64676e-07 8.93285e-07 6.64676e-07
 -3.51883e-05 0.000943567 8.91557e-07 -0.000189405 0.000792024 6.63177e-07 8.91557e-07 6.63177e-07
 -3.51905e-05 0.000942657 8.8984e-07 -0.00018911 0.000791155 6.61689e-07 8.8984e-07 6.61689e-07
 -3.51928e-05 0.000941751 8.88133e-07 -0.000188816 0.000790292 6.60213e-07 8.88133e-07 6.60213e-07
 -3.51951e-05 0.00094085 8.86437e-07 -0.000188523 0.000789435 6.58749e-07 8.86437e-07 6.58749e-07
 -3.51973e-05 0.000939954 8.84751e-07 -0.000188231 0.000788584 6.57295e-07 8.84751e-07 6.57295e-07
 -3.51994e-05 0.000939063 8.83077e-07 -0.00018794 0.000787739 6.55854e-07 8.83077e-07 6.55854e-07
 -3.52013e-05 0.000938177 8.81415e-07 -0.00018765 0.0007869 6.54423e-07 8.81415e-07 6.54423e-07
 -3.52029e-05 0.000937297 8.79764e-07 -0.00018736 0.000786067 6.53005e-07 8.79764e-07 6.53005e-07
 -3.52043e-05 0.000936422 8.78126e-07 -0.000187071 0.00078524 6.51598e-07 8.78126e-07 6.51598e-07
 -3.52054e-05 0.000935553 8.76499e-07 -0.000186782 0.00078442 6.50202e-07 8.76499e-07 6.50202e-07
 -3.52061e-05 0.00093469 8.74886e-07 -0.000186494 0.000783606 6.48817e-07 8.74886e-07 6.48817e-07
 -3.52063e-05 0.000933833 8.73284e-07 -0.000186205 0.000782798 6.47445e-07 8.73284e-07 6.47445e-07
 -3.52062e-05 0.000932983 8.71696e-07 -0.000185917 0.000781996 6.46083e-07 8.71696e-07 6.46083e-07
 -3.52056e-05 0.000932138 8.70121e-07 -0.00018563 0.000781201 6.44733e-07 8.70121e-07 6.44733e-07
 -3.52044e-05 0.0009313 8.68559e-07 -0.000185342 0.000780412 6.43394e-07 8.68559e-07 6.43394e-07
 -3.52028e-05 0.000930469 8.67011e-07 -0.000185055 0.000779629 6.42067e-07 8.67011e-07 6.42067e-07
 -3.52006e-05 0.000929643 8.65476e-07 -0.000184767 0.000778853 6.40751e-07 8.65476e-07 6.40751e-07
 -3.51978e-05 0.000928825 8.63955e-07 -0.00018448 0.000778083 6.39446e-07 8.63955e-07 6.39446e-07
 -3.51944e-05 0.000928013 8.62447e-07 -0.000184192 0.000777319 6.38152e-07 8.62447e-07 6.38152e-07
 -3.51905e-05 0.000927208 8.60954e-07 -0.000183904 0.000776562 6.3687e-07 8.60954e-07 6.3687e-07
 -3.51859e-05 0.00092641 8.59474e-07 -0.000183617 0.000775811 6.35598e-07 8.59474e-07 6.35598e-07
 -3.51807e-05 0.000925619 8.58008e-07 -0.000183329 0.000775066 6.34338e-07 8.58008e-07 6.34338e-07
 -3.51748e-05 0.000924834 8.56556e-07 -0.000183041 0.000774328 6.33088e-07 8.56556e-07 6.33088e-07
 -3.51683e-05 0.000924057 8.55118e-07 -0.000182753 0.000773596 6.31849e-07 8.55118e-07 6.31849e-07
 -3.51612e-05 0.000923286 8.53694e-07 -0.000182465 0.00077287 6.30622e-07 8.53694e-07 6.30622e-07
 -3.51534e-05 0.000922523 8.52284e-07 -0.000182177 0.00077215 6.29405e-07 8.52284e-07 6.29405e-07
 -3.5145e-05 0.000921766 8.50888e-07 -0.000181889 0.000771437 6.28198e-07 8.50888e-07 6.28198e-07
 -3.51359e-05 0.000921017 8.49506e-07 -0.000181601 0.000770729 6.27002e-07 8.49506e-07 6.27002e-07
 -3.51262e-05 0.000920274 8.48138e-07 -0.000181312 0.000770028 6.25817e-07 8.48138e-07 6.25817e-07
 -3.51158e-05 0.000919538 8.46784e-07 -0.000181024 0.000769333 6.24643e-07 8.46784e-07 6.24643e-07
 -3.51048e-05 0.00091881 8.45443e-07 -0.000180735 0.000768644 6.23478e-07 8.45443e-07 6.23478e-07
 -3.50932e-05 0.000918088 8.44117e-07 -0.000180447 0.00076796 6.22324e-07 8.44117e-07 6.22324e-07
 -3.50809e-05 0.000917373 8.42804e-07 -0.000180158 0.000767283 6.2118e-07 8.42804e-07 6.2118e-07
 -3.50681e-05 0.000916665 8.41505e-07 -0.00017987 0.000766612 6.20047e-07 8.41505e-07 6.20047e-07
 -3.50546e-05 0.000915964 8.40219e-07 -0.000179581 0.000765946 6.18923e-07 8.40219e-07 6.18923e-07
 -3.50406e-05 0.00091527 8.38947e-07 -0.000179293 0.000765287 6.1781e-07 8.38947e-07 6.1781e-07
 -3.5026e-05 0.000914583 8.37688e-07 -0.000179005 0.000764633 6.16706e-07 8.37688e-07 6.16706e-07
 -3.50108e-05 0.000913902 8.36443e-07 -0.000178717 0.000763984 6.15612e-07 8.36443e-07 6.15612e-07
 -3.49951e-05 0.000913228 8.3521e-07 -0.000178429 0.000763342 6.14527e-07 8.3521e-07 6.14527e-07
 -3.49788e-05 0.000912561 8.33991e-07 -0.000178141 0.000762705 6.13453e-07 8.33991e-07 6.13453e-07
 -3.49621e-05 0.0009119 8.32784e-07 -0.000177853 0.000762073 6.12388e-07 8.32784e-07 6.12388e-07
 -3.49448e-05 0.000911246 8.31591e-07 -0.000177566 0.000761447 6.11332e-07 8.31591e-07 6.11332e-07
 -3.4927e-05 0.000910599 8.3041e-07 -0.000177279 0.000760827 6.10285e-07 8.3041e-07 6.10285e-07
 -3.49088e-05 0.000909957 8.29241e-07 -0.000176993 0.000760212 6.09248e-07 8.29241e-07 6.09248e-07
 -3.489e-05 0.000909323 8.28085e-07 -0.000176706 0.000759602 6.0822e-07 8.28085e-07 6.0822e-07
 -3.48709e-05 0.000908694 8.26941e-07 -0.000176421 0.000758997 6.07201e-07 8.26941e-07 6.07201e-07
 -3.48513e-05 0.000908072 8.25809e-07 -0.000176135 0.000758398 6.06191e-07 8.25809e-07 6.06191e-07
 -3.48313e-05 0.000907456 8.24689e-07 -0.00017585 0.000757804 6.0519e-07 8.24689e-07 6.0519e-07
 -3.48109e-05 0.000906846 8.23581e-07 -0.000175566 0.000757215 6.04197e-07 8.23581e-07 6.04197e-07
 -3.47901e-05 0.000906242 8.22485e-07 -0.000175282 0.00075663 6.03213e-07 8.22485e-07 6.03213e-07
 -3.4769e-05 0.000905644 8.214e-07 -0.000174999 0.000756051 6.02238e-07 8.214e-07 6.02238e-07
 -3.47475e-05 0.000905052 8.20326e-07 -0.000174716 0.000755477 6.01271e-07 8.20326e-07 6.01271e-07
 -3.47257e-05 0.000904466 8.19264e-07 -0.000174434 0.000754908 6.00313e-07 8.19264e-07 6.00313e-07
 -3.47036e-05 0.000903885 8.18212e-07 -0.000174153 0.000754343 5.99363e-07 8.18212e-07 5.99363e-07
 -3.46811e-05 0.00090331 8.17172e-07 -0.000173873 0.000753783 5.98421e-07 8.17172e-07 5.98421e-07
 -3.46584e-05 0.000902741 8.16143e-07 -0.000173593 0.000753228 5.97487e-07 8.16143e-07 5.97487e-07
 -3.46354e-05 0.000902177 8.15124e-07 -0.000173314 0.000752677 5.96561e-07 8.15124e-07 5.96561e-07
 -3.46121e-05 0.000901619 8.14115e-07 -0.000173036 0.000752131 5.95642e-07 8.14115e-07 5.95642e-07
 -3.45886e-05 0.000901067 8.13117e-07 -0.000172758 0.000751589 5.94732e-07 8.13117e-07 5.94732e-07
 -3.45649e-05 0.000900519 8.12129e-07 -0.000172482 0.000751052 5.93829e-07 8.12129e-07 5.93829e-07
 -3.45409e-05 0.000899977 8.11152e-07 -0.000172207 0.000750519 5.92934e-07 8.11152e-07 5.92934e-07
 -3.45168e-05 0.00089944 8.10184e-07 -0.000171932 0.000749991 5.92047e-07 8.10184e-07 5.92047e-07
 -3.44924e-05 0.000898908 8.09225e-07 -0.000171659 0.000749467 5.91167e-07 8.09225e-07 5.91167e-07
 -3.44679e-05 0.000898381 8.08277e-07 -0.000171386 0.000748946 5.90294e-07 8.08277e-07 5.90294e-07
 -3.44432e-05 0.000897859 8.07338e-07 -0.000171115 0.00074843 5.89428e-07 8.07338e-07 5.89428e-07
 -3.44184e-05 0.000897342 8.06408e-07 -0.000170844 0.000747919 5.8857e-07 8.06408e-07 5.8857e-07
 -3.43934e-05 0.00089683 8.05488e-07 -0.000170575 0.000747411 5.87719e-07 8.05488e-07 5.87719e-07
 -3.43683e-05 0.000896323 8.04576e-07 -0.000170307 0.000746907 5.86874e-07 8.04576e-07 5.86874e-07
 -3.43431e-05 0.00089582 8.03674e-07 -0.000170039 0.000746407 5.86037e-07 8.03674e-07 5.86037e-07
 -3.43178e-05 0.000895322 8.0278e-07 -0.000169773 0.000745911 5.85206e-07 8.0278e-07 5.85206e-07
 -3.42924e-05 0.000894829 8.01895e-07 -0.000169509 0.000745418 5.84382e-07 8.01895e-07 5.84382e-07
 -3.42669e-05 0.00089434 8.01018e-07 -0.000169245 0.00074493 5.83564e-07 8.01018e-07 5.83564e-07
 -3.42413e-05 0.000893855 8.0015e-07 -0.000168983 0.000744445 5.82753e-07 8.0015e-07 5.82753e-07
 -3.42156e-05 0.000893375 7.9929e-07 -0.000168721 0.000743964 5.81949e-07 7.9929e-07 5.81949e-07
 -3.41899e-05 0.000892899 7.98438e-07 -0.000168461 0.000743486 5.81151e-07 7.98438e-07 5.81151e-07
 -3.41642e-05 0.000892428 7.97595e-07 -0.000168203 0.000743012 5.80359e-07 7.97595e-07 5.80359e-07
 -3.41384e-05 0.00089196 7.96759e-07 -0.000167945 0.000742541 5.79573e-07 7.96759e-07 5.79573e-07
 -3.41126e-05 0.000891497 7.95931e-07 -0.000167689 0.000742074 5.78793e-07 7.95931e-07 5.78793e-07
 -3.40867e-05 0.000891038 7.9511e-07 -0.000167434 0.00074161 5.7802e-07 7.9511e-07 5.7802e-07
 -3.40609e-05 0.000890583 7.94298e-07 -0.000167181 0.00074115 5.77252e-07 7.94298e-07 5.77252e-07
 -3.4035e-05 0.000890131 7.93492e-07 -0.000166929 0.000740692 5.7649e-07 7.93492e-07 5.7649e-07
 -3.40091e-05 0.000889684 7.92694e-07 -0.000166678 0.000740239 5.75735e-07 7.92694e-07 5.75735e-07
 -3.39833e-05 0.00088924 7.91903e-07 -0.000166428 0.000739788 5.74984e-07 7.91903e-07 5.74984e-07
 -3.39574e-05 0.0008888 7.91119e-07 -0.00016618 0.00073934 5.7424e-07 7.91119e-07 5.7424e-07
 -3.39316e-05 0.000888364 7.90343e-07 -0.000165933 0.000738896 5.73501e-07 7.90343e-07 5.73501e-07
 -3.39058e-05 0.000887932 7.89573e-07 -0.000165688 0.000738454 5.72767e-07 7.89573e-07 5.72767e-07
 -3.388e-05 0.000887503 7.88809e-07 -0.000165444 0.000738016 5.72039e-07 7.88809e-07 5.72039e-07
 -3.38543e-05 0.000887078 7.88053e-07 -0.000165201 0.00073758 5.71316e-07 7.88053e-07 5.71316e-07
 -3.38286e-05 0.000886656 7.87303e-07 -0.00016496 0.000737148 5.70599e-07 7.87303e-07 5.70599e-07
 -3.3803e-05 0.000886238 7.8656e-07 -0.00016472 0.000736718 5.69887e-07 7.8656e-07 5.69887e-07
 -3.37774e-05 0.000885823 7.85823e-07 -0.000164481 0.000736292 5.69179e-07 7.85823e-07 5.69179e-07
 -3.37518e-05 0.000885411 7.85092e-07 -0.000164244 0.000735868 5.68477e-07 7.85092e-07 5.68477e-07
 -3.37263e-05 0.000885003 7.84367e-07 -0.000164009 0.000735446 5.6778e-07 7.84367e-07 5.6778e-07
 -3.37009e-05 0.000884598 7.83649e-07 -0.000163775 0.000735028 5.67088e-07 7.83649e-07 5.67088e-07
 -3.36756e-05 0.000884196 7.82936e-07 -0.000163542 0.000734612 5.66401e-07 7.82936e-07 5.66401e-07
 -3.36503e-05 0.000883797 7.8223e-07 -0.00016331 0.000734199 5.65718e-07 7.8223e-07 5.65718e-07
 -3.36251e-05 0.000883401 7.81529e-07 -0.00016308 0.000733789 5.65041e-07 7.81529e-07 5.65041e-07
 -3.36e-05 0.000883009 7.80834e-07 -0.000162852 0.000733381 5.64368e-07 7.80834e-07 5.64368e-07
 -3.3575e-05 0.000882619 7.80144e-07 -0.000162624 0.000732975 5.63699e-07 7.80144e-07 5.63699e-07
 -3.355e-05 0.000882233 7.7946e-07 -0.000162399 0.000732572 5.63035e-07 7.7946e-07 5.63035e-07
 -3.35252e-05 0.000881849 7.78782e-07 -0.000162174 0.000732172 5.62376e-07 7.78782e-07 5.62376e-07
 -3.35004e-05 0.000881469 7.78109e-07 -0.000161951 0.000731774 5.61721e-07 7.78109e-07 5.61721e-07
 -3.34757e-05 0.000881091 7.77441e-07 -0.00016173 0.000731378 5.61071e-07 7.77441e-07 5.61071e-07
 -3.34511e-05 0.000880716 7.76779e-07 -0.00016151 0.000730985 5.60424e-07 7.76779e-07 5.60424e-07
 -3.34267e-05 0.000880343 7.76122e-07 -0.000161291 0.000730594 5.59782e-07 7.76122e-07 5.59782e-07
 -3.34023e-05 0.000879974 7.7547e-07 -0.000161074 0.000730205 5.59145e-07 7.7547e-07 5.59145e-07
 -3.3378e-05 0.000879607 7.74823e-07 -0.000160858 0.000729819 5.58511e-07 7.74823e-07 5.58511e-07
 -3.33538e-05 0.000879243 7.7418e-07 -0.000160643 0.000729435 5.57882e-07 7.7418e-07 5.57882e-07
 -3.33298e-05 0.000878881 7.73543e-07 -0.00016043 0.000729053 5.57256e-07 7.73543e-07 5.57256e-07
 -3.33058e-05 0.000878522 7.72911e-07 -0.000160219 0.000728673 5.56635e-07 7.72911e-07 5.56635e-07
 -3.3282e-05 0.000878166 7.72283e-07 -0.000160008 0.000728296 5.56017e-07 7.72283e-07 5.56017e-07
 -3.32582e-05 0.000877812 7.7166e-07 -0.000159799 0.00072792 5.55403e-07 7.7166e-07 5.55403e-07
 -3.32346e-05 0.00087746 7.71041e-07 -0.000159592 0.000727547 5.54794e-07 7.71041e-07 5.54794e-07
 -3.32111e-05 0.000877111 7.70427e-07 -0.000159385 0.000727175 5.54188e-07 7.70427e-07 5.54188e-07
 -3.31877e-05 0.000876765 7.69818e-07 -0.000159181 0.000726806 5.53585e-07 7.69818e-07 5.53585e-07
 -3.31644e-05 0.00087642 7.69213e-07 -0.000158977 0.000726439 5.52987e-07 7.69213e-07 5.52987e-07
 -3.31412e-05 0.000876078 7.68612e-07 -0.000158775 0.000726073 5.52392e-07 7.68612e-07 5.52392e-07
 -3.31182e-05 0.000875739 7.68015e-07 -0.000158574 0.00072571 5.518e-07 7.68015e-07 5.518e-07
 -3.30952e-05 0.000875402 7.67423e-07 -0.000158375 0.000725348 5.51213e-07 7.67423e-07 5.51213e-07
 -3.30724e-05 0.000875066 7.66835e-07 -0.000158177 0.000724989 5.50628e-07 7.66835e-07 5.50628e-07
 -3.30497e-05 0.000874734 7.66251e-07 -0.00015798 0.000724631 5.50048e-07 7.66251e-07 5.50048e-07
 -3.30271e-05 0.000874403 7.65671e-07 -0.000157784 0.000724275 5.4947e-07 7.65671e-07 5.4947e-07
 -3.30047e-05 0.000874074 7.65095e-07 -0.00015759 0.000723921 5.48896e-07 7.65095e-07 5.48896e-07
 -3.29823e-05 0.000873748 7.64523e-07 -0.000157397 0.000723569 5.48325e-07 7.64523e-07 5.48325e-07
 -3.29601e-05 0.000873424 7.63955e-07 -0.000157206 0.000723218 5.47758e-07 7.63955e-07 5.47758e-07
 -3.2938e-05 0.000873101 7.63391e-07 -0.000157015 0.000722869 5.47194e-07 7.63391e-07 5.47194e-07
 -3.2916e-05 0.000872781 7.62831e-07 -0.000156826 0.000722522 5.46633e-07 7.62831e-07 5.46633e-07
 -3.28941e-05 0.000872463 7.62274e-07 -0.000156639 0.000722177 5.46075e-07 7.62274e-07 5.46075e-07
 -3.28724e-05 0.000872147 7.61721e-07 -0.000156452 0.000721833 5.4552e-07 7.61721e-07 5.4552e-07
 -3.28508e-05 0.000871833 7.61171e-07 -0.000156267 0.000721491 5.44969e-07 7.61171e-07 5.44969e-07
 -3.28293e-05 0.00087152 7.60625e-07 -0.000156083 0.00072115 5.4442e-07 7.60625e-07 5.4442e-07
 -3.28079e-05 0.00087121 7.60083e-07 -0.0001559 0.000720812 5.43874e-07 7.60083e-07 5.43874e-07
 -3.27866e-05 0.000870901 7.59544e-07 -0.000155719 0.000720474 5.43332e-07 7.59544e-07 5.43332e-07
 -3.27655e-05 0.000870595 7.59009e-07 -0.000155539 0.000720139 5.42792e-07 7.59009e-07 5.42792e-07
 -3.27444e-05 0.00087029 7.58477e-07 -0.00015536 0.000719805 5.42255e-07 7.58477e-07 5.42255e-07
 -3.27235e-05 0.000869987 7.57948e-07 -0.000155182 0.000719472 5.41722e-07 7.57948e-07 5.41722e-07
 -3.27027e-05 0.000869686 7.57423e-07 -0.000155005 0.000719141 5.4119e-07 7.57423e-07 5.4119e-07
 -3.26821e-05 0.000869386 7.56901e-07 -0.00015483 0.000718812 5.40662e-07 7.56901e-07 5.40662e-07
 -3.26615e-05 0.000869089 7.56382e-07 -0.000154655 0.000718483 5.40137e-07 7.56382e-07 5.40137e-07
 -3.26411e-05 0.000868793 7.55866e-07 -0.000154482 0.000718157 5.39614e-07 7.55866e-07 5.39614e-07
 -3.26208e-05 0.000868499 7.55354e-07 -0.00015431 0.000717832 5.39094e-07 7.55354e-07 5.39094e-07
 -3.26005e-05 0.000868206 7.54844e-07 -0.00015414 0.000717508 5.38576e-07 7.54844e-07 5.38576e-07
 -3.25805e-05 0.000867915 7.54338e-07 -0.00015397 0.000717185 5.38062e-07 7.54338e-07 5.38062e-07
 -3.25605e-05 0.000867626 7.53835e-07 -0.000153801 0.000716864 5.37549e-07 7.53835e-07 5.37549e-07
 -3.25406e-05 0.000867338 7.53334e-07 -0.000153634 0.000716545 5.3704e-07 7.53334e-07 5.3704e-07
 -3.25209e-05 0.000867052 7.52837e-07 -0.000153468 0.000716227 5.36533e-07 7.52837e-07 5.36533e-07
 -3.25013e-05 0.000866768 7.52342e-07 -0.000153303 0.00071591 5.36028e-07 7.52342e-07 5.36028e-07
 -3.24817e-05 0.000866485 7.51851e-07 -0.000153139 0.000715594 5.35526e-07 7.51851e-07 5.35526e-07
 -3.24623e-05 0.000866203 7.51362e-07 -0.000152976 0.00071528 5.35026e-07 7.51362e-07 5.35026e-07
 -3.2443e-05 0.000865923 7.50876e-07 -0.000152814 0.000714967 5.34529e-07 7.50876e-07 5.34529e-07
 -3.24239e-05 0.000865645 7.50393e-07 -0.000152653 0.000714655 5.34034e-07 7.50393e-07 5.34034e-07
 -3.24048e-05 0.000865368 7.49912e-07 -0.000152493 0.000714344 5.33542e-07 7.49912e-07 5.33542e-07
 -3.23858e-05 0.000865093 7.49435e-07 -0.000152335 0.000714035 5.33052e-07 7.49435e-07 5.33052e-07
 -3.2367e-05 0.000864819 7.48959e-07 -0.000152177 0.000713727 5.32564e-07 7.48959e-07 5.32564e-07
 -3.23482e-05 0.000864546 7.48487e-07 -0.000152021 0.00071342 5.32078e-07 7.48487e-07 5.32078e-07
 -3.23296e-05 0.000864275 7.48017e-07 -0.000151865 0.000713114 5.31595e-07 7.48017e-07 5.31595e-07
 -3.23111e-05 0.000864006 7.4755e-07 -0.000151711 0.00071281 5.31114e-07 7.4755e-07 5.31114e-07
 -3.22926e-05 0.000863737 7.47085e-07 -0.000151557 0.000712507 5.30635e-07 7.47085e-07 5.30635e-07
 -3.22743e-05 0.00086347 7.46623e-07 -0.000151405 0.000712205 5.30159e-07 7.46623e-07 5.30159e-07
 -3.22561e-05 0.000863205 7.46163e-07 -0.000151253 0.000711904 5.29684e-07 7.46163e-07 5.29684e-07
 -3.2238e-05 0.00086294 7.45705e-07 -0.000151103 0.000711604 5.29212e-07 7.45705e-07 5.29212e-07
 -3.222e-05 0.000862677 7.45251e-07 -0.000150953 0.000711305 5.28742e-07 7.45251e-07 5.28742e-07
 -3.22021e-05 0.000862416 7.44798e-07 -0.000150805 0.000711007 5.28273e-07 7.44798e-07 5.28273e-07
 -3.21843e-05 0.000862155 7.44348e-07 -0.000150657 0.000710711 5.27807e-07 7.44348e-07 5.27807e-07
 -3.21666e-05 0.000861896 7.439e-07 -0.000150511 0.000710415 5.27343e-07 7.439e-07 5.27343e-07
 -3.2149e-05 0.000861638 7.43454e-07 -0.000150365 0.000710121 5.26881e-07 7.43454e-07 5.26881e-07
 -3.21315e-05 0.000861382 7.43011e-07 -0.00015022 0.000709828 5.26421e-07 7.43011e-07 5.26421e-07
 -3.21141e-05 0.000861127 7.4257e-07 -0.000150077 0.000709535 5.25963e-07 7.4257e-07 5.25963e-07
 -3.20968e-05 0.000860872 7.42131e-07 -0.000149934 0.000709244 5.25507e-07 7.42131e-07 5.25507e-07
 -3.20796e-05 0.000860619 7.41695e-07 -0.000149792 0.000708954 5.25053e-07 7.41695e-07 5.25053e-07
 -3.20625e-05 0.000860368 7.4126e-07 -0.000149651 0.000708664 5.24601e-07 7.4126e-07 5.24601e-07
 -3.20455e-05 0.000860117 7.40828e-07 -0.000149511 0.000708376 5.2415e-07 7.40828e-07 5.2415e-07
 -3.20285e-05 0.000859868 7.40398e-07 -0.000149371 0.000708089 5.23702e-07 7.40398e-07 5.23702e-07
 -3.20117e-05 0.000859619 7.3997e-07 -0.000149233 0.000707803 5.23255e-07 7.3997e-07 5.23255e-07
 -3.1995e-05 0.000859372 7.39544e-07 -0.000149096 0.000707517 5.2281e-07 7.39544e-07 5.2281e-07
 -3.19784e-05 0.000859126 7.3912e-07 -0.000148959 0.000707233 5.22367e-07 7.3912e-07 5.22367e-07
 -3.19618e-05 0.000858881 7.38699e-07 -0.000148823 0.00070695 5.21926e-07 7.38699e-07 5.21926e-07
 -3.19453e-05 0.000858637 7.38279e-07 -0.000148688 0.000706667 5.21487e-07 7.38279e-07 5.21487e-07
 -3.1929e-05 0.000858395 7.37861e-07 -0.000148554 0.000706386 5.21049e-07 7.37861e-07 5.21049e-07
 -3.19127e-05 0.000858153 7.37445e-07 -0.000148421 0.000706105 5.20613e-07 7.37445e-07 5.20613e-07
 -3.18965e-05 0.000857912 7.37031e-07 -0.000148289 0.000705825 5.20179e-07 7.37031e-07 5.20179e-07
 -3.18804e-05 0.000857673 7.36619e-07 -0.000148157 0.000705547 5.19747e-07 7.36619e-07 5.19747e-07
 -3.18644e-05 0.000857434 7.36209e-07 -0.000148027 0.000705269 5.19316e-07 7.36209e-07 5.19316e-07
 -3.18485e-05 0.000857197 7.35801e-07 -0.000147897 0.000704992 5.18887e-07 7.35801e-07 5.18887e-07
 -3.18326e-05 0.00085696 7.35395e-07 -0.000147768 0.000704715 5.18459e-07 7.35395e-07 5.18459e-07
 -3.18169e-05 0.000856725 7.3499e-07 -0.000147639 0.00070444 5.18033e-07 7.3499e-07 5.18033e-07
 -3.18012e-05 0.000856491 7.34587e-07 -0.000147512 0.000704166 5.17609e-07 7.34587e-07 5.17609e-07
 -3.17856e-05 0.000856257 7.34187e-07 -0.000147385 0.000703892 5.17186e-07 7.34187e-07 5.17186e-07
 -3.17701e-05 0.000856025 7.33788e-07 -0.000147259 0.000703619 5.16765e-07 7.33788e-07 5.16765e-07
 -3.17547e-05 0.000855793 7.3339e-07 -0.000147134 0.000703347 5.16346e-07 7.3339e-07 5.16346e-07
 -3.17393e-05 0.000855563 7.32995e-07 -0.00014701 0.000703076 5.15928e-07 7.32995e-07 5.15928e-07
 -3.17241e-05 0.000855333 7.32601e-07 -0.000146886 0.000702806 5.15512e-07 7.32601e-07 5.15512e-07
 -3.17089e-05 0.000855104 7.32209e-07 -0.000146763 0.000702537 5.15097e-07 7.32209e-07 5.15097e-07
 -3.16938e-05 0.000854877 7.31818e-07 -0.000146641 0.000702268 5.14684e-07 7.31818e-07 5.14684e-07
 -3.16787e-05 0.00085465 7.3143e-07 -0.000146519 0.000702 5.14272e-07 7.3143e-07 5.14272e-07
 -3.16638e-05 0.000854424 7.31042e-07 -0.000146399 0.000701733 5.13861e-07 7.31042e-07 5.13861e-07
 -3.16489e-05 0.000854199 7.30657e-07 -0.000146278 0.000701466 5.13453e-07 7.30657e-07 5.13453e-07
 -3.16341e-05 0.000853975 7.30273e-07 -0.000146159 0.000701201 5.13045e-07 7.30273e-07 5.13045e-07
 -3.16194e-05 0.000853751 7.29891e-07 -0.000146041 0.000700936 5.12639e-07 7.29891e-07 5.12639e-07
 -3.16048e-05 0.000853529 7.2951e-07 -0.000145923 0.000700672 5.12235e-07 7.2951e-07 5.12235e-07
 -3.15902e-05 0.000853307 7.29131e-07 -0.000145805 0.000700409 5.11832e-07 7.29131e-07 5.11832e-07
 -3.15757e-05 0.000853087 7.28754e-07 -0.000145689 0.000700146 5.1143e-07 7.28754e-07 5.1143e-07
 -3.15612e-05 0.000852867 7.28378e-07 -0.000145573 0.000699884 5.1103e-07 7.28378e-07 5.1103e-07
 -3.15469e-05 0.000852648 7.28004e-07 -0.000145458 0.000699623 5.10631e-07 7.28004e-07 5.10631e-07
 -3.15326e-05 0.00085243 7.27631e-07 -0.000145343 0.000699363 5.10233e-07 7.27631e-07 5.10233e-07
 -3.15184e-05 0.000852212 7.27259e-07 -0.00014523 0.000699103 5.09837e-07 7.27259e-07 5.09837e-07
 -3.15042e-05 0.000851996 7.26889e-07 -0.000145116 0.000698844 5.09442e-07 7.26889e-07 5.09442e-07
 -3.14902e-05 0.00085178 7.26521e-07 -0.000145004 0.000698586 5.09049e-07 7.26521e-07 5.09049e-07
 -3.14762e-05 0.000851565 7.26154e-07 -0.000144892 0.000698329 5.08656e-07 7.26154e-07 5.08656e-07
 -3.14622e-05 0.000851351 7.25788e-07 -0.000144781 0.000698072 5.08266e-07 7.25788e-07 5.08266e-07
 -3.14483e-05 0.000851138 7.25424e-07 -0.00014467 0.000697815 5.07876e-07 7.25424e-07 5.07876e-07
 -3.14345e-05 0.000850925 7.25061e-07 -0.00014456 0.00069756 5.07488e-07 7.25061e-07 5.07488e-07
 -3.14208e-05 0.000850713 7.247e-07 -0.000144451 0.000697305 5.07101e-07 7.247e-07 5.07101e-07
 -3.14071e-05 0.000850502 7.2434e-07 -0.000144342 0.000697051 5.06715e-07 7.2434e-07 5.06715e-07
 -3.13935e-05 0.000850292 7.23982e-07 -0.000144234 0.000696798 5.0633e-07 7.23982e-07 5.0633e-07
 -3.138e-05 0.000850082 7.23624e-07 -0.000144127 0.000696545 5.05947e-07 7.23624e-07 5.05947e-07
 -3.13665e-05 0.000849873 7.23269e-07 -0.00014402 0.000696293 5.05565e-07 7.23269e-07 5.05565e-07
 -3.13531e-05 0.000849665 7.22914e-07 -0.000143913 0.000696041 5.05184e-07 7.22914e-07 5.05184e-07
 -3.13397e-05 0.000849458 7.22561e-07 -0.000143808 0.00069579 5.04804e-07 7.22561e-07 5.04804e-07
 -3.13264e-05 0.000849251 7.22209e-07 -0.000143702 0.00069554 5.04426e-07 7.22209e-07 5.04426e-07
 -3.13132e-05 0.000849045 7.21858e-07 -0.000143598 0.00069529 5.04049e-07 7.21858e-07 5.04049e-07
 -3.13e-05 0.00084884 7.21509e-07 -0.000143494 0.000695041 5.03673e-07 7.21509e-07 5.03673e-07
 -3.12869e-05 0.000848635 7.21161e-07 -0.00014339 0.000694793 5.03298e-07 7.21161e-07 5.03298e-07
 -3.12738e-05 0.000848432 7.20814e-07 -0.000143288 0.000694545 5.02924e-07 7.20814e-07 5.02924e-07
 -3.12608e-05 0.000848228 7.20469e-07 -0.000143185 0.000694298 5.02552e-07 7.20469e-07 5.02552e-07
 -3.12479e-05 0.000848026 7.20124e-07 -0.000143083 0.000694051 5.0218e-07 7.20124e-07 5.0218e-07
 -3.1235e-05 0.000847824 7.19781e-07 -0.000142982 0.000693805 5.0181e-07 7.19781e-07 5.0181e-07
 -3.12222e-05 0.000847623 7.1944e-07 -0.000142882 0.00069356 5.01441e-07 7.1944e-07 5.01441e-07
 -3.12094e-05 0.000847423 7.19099e-07 -0.000142781 0.000693315 5.01073e-07 7.19099e-07 5.01073e-07
 -3.11967e-05 0.000847223 7.1876e-07 -0.000142682 0.000693071 5.00706e-07 7.1876e-07 5.00706e-07
 -3.1184e-05 0.000847023 7.18421e-07 -0.000142583 0.000692827 5.0034e-07 7.18421e-07 5.0034e-07
 -3.11714e-05 0.000846825 7.18084e-07 -0.000142484 0.000692584 4.99975e-07 7.18084e-07 4.99975e-07
 -3.11589e-05 0.000846627 7.17748e-07 -0.000142386 0.000692342 4.99611e-07 7.17748e-07 4.99611e-07
 -3.11464e-05 0.00084643 7.17413e-07 -0.000142289 0.0006921 4.99249e-07 7.17413e-07 4.99249e-07
 -3.11339e-05 0.000846233 7.1708e-07 -0.000142192 0.000691859 4.98887e-07 7.1708e-07 4.98887e-07
 -3.11215e-05 0.000846037 7.16747e-07 -0.000142095 0.000691618 4.98527e-07 7.16747e-07 4.98527e-07
 -3.11092e-05 0.000845842 7.16416e-07 -0.000141999 0.000691378 4.98167e-07 7.16416e-07 4.98167e-07
 -3.10969e-05 0.000845647 7.16086e-07 -0.000141904 0.000691138 4.97809e-07 7.16086e-07 4.97809e-07
 -3.10847e-05 0.000845453 7.15757e-07 -0.000141809 0.000690899 4.97452e-07 7.15757e-07 4.97452e-07
 -3.10725e-05 0.000845259 7.15428e-07 -0.000141714 0.000690661 4.97095e-07 7.15428e-07 4.97095e-07
 -3.10604e-05 0.000845066 7.15102e-07 -0.00014162 0.000690423 4.9674e-07 7.15102e-07 4.9674e-07
