 0.817532
 -0.622091
 0.480631
 -0.196295
 -0.113095
 -0.120998
 -0.188136
 0.0214893
 -0.498646
 0.853662
 -0.737155
 -0.579328
 0.34001
 -0.900036
 0.449001
 0.382749
 0.220041
 -2.24413
 -0.66942
 0.241614
 0.811676
 0.439588
 0.314941
 -0.783943
 -0.429004
 -0.06457
 -0.693778
 1.46315
 0.244562
 -0.304284
 0.665962
 -0.888012
 0.302856
 0.510164
 -0.722232
 -0.435661
 0.180717
 0.178188
 0.345633
 -1.73938
 0.141396
 0.24907
 0.364916
 0.159422
 -0.274226
 1.01755
 -0.477693
 -0.423019
 -0.130819
 -0.670747
 -0.0455639
 0.660217
 0.27693
 -0.228608
 -0.213119
 1.026
 0.47677
 -1.2929
 0.756144
 -1.33759
 -0.0397291
 1.47583
 -0.135677
 -0.113836
 1.35741
 -1.29114
 0.0624227
 0.315641
 0.270791
 -1.27583
 1.36488
 0.369197
 1.50841
 -1.05694
 -0.950429
 1.13742
 -0.999909
 0.745484
 0.574579
 -1.23166
 -0.887207
 0.505281
 -0.942892
 -0.668956
 0.376846
 -0.590712
 0.575836
 1.36382
 -1.11616
 0.0684242
 -0.118417
 0.765303
 -0.199974
 -0.911392
 0.735166
 0.350367
 -0.0802264
 -0.57312
 0.427328
 -0.404488
 1.0764
 0.272645
 0.0526509
 -0.28637
 -0.599442
 -0.0932585
 -0.298306
 0.772723
 0.384836
 0.0074208
 0.413705
 1.22164
 -1.14666
 -0.370731
 -1.03533
 -0.0205519
 -0.299867
 0.273195
 -0.384599
 -0.954562
 1.06656
 1.01097
 0.170896
 -0.574231
 -0.101506
 -0.362573
 -0.108081
 0.488665
 0.188571
 -0.139799
 0.0960451
 0.343726
 0.33606
 0.424484
 0.130578
 0.285669
 -0.493733
 0.171078
 -0.122875
 -0.114897
 0.42398
 -0.953992
 0.335865
 -0.668862
 0.142591
 -0.487104
 0.602598
 2.01958
 -1.01775
 -0.348006
 -0.293452
 -0.757672
 -0.0734093
 -0.739165
 1.24268
 0.647096
 0.185759
 -0.821502
 -0.210637
 -0.505342
 0.718526
 -0.958345
 0.535963
 0.182562
 -1.186
 0.619936
 0.111833
 -0.0430974
 0.55517
 0.0720046
 0.596744
 -0.699492
 0.405189
 0.692044
 -0.0133789
 0.0469364
 0.108576
 -1.22683
 -0.609485
 -0.291958
 0.433833
 0.024336
 0.442901
 -0.879639
 -1.12579
 0.15662
 -1.0856
 0.703699
 -0.383208
 1.54168
 -0.145615
 1.46292
 -0.0755233
 1.43424
 0.224076
 -0.606004
 0.618873
 -0.303318
 0.842305
 -0.0325296
 0.244768
 -0.76922
 -1.18017
 0.365075
 -0.55253
 0.830972
 -0.289886
 -0.694526
 -0.341619
 -0.854946
 1.03278
 0.351805
 0.84711
 -0.11115
 -0.586057
 0.00823909
 -0.0483258
 -0.679465
 -0.247951
 -0.118157
 0.700832
 0.720945
 -0.612377
 0.133631
 -0.672168
 -1.1377
 0.612487
 0.0144805
 0.961069
 -0.367311
 0.411057
 -0.103054
 -0.00191409
 0.34632
 -0.599209
 0.258647
 0.11701
 0.910253
 0.639267
 -1.19483
 0.99225
 -0.363083
 -0.169097
 -0.0716764
 -0.580027
 1.41595
 -0.26845
 -0.3435
 -0.511661
 0.418045
 0.449431
 0.549497
 -0.169813
 -0.534683
 -0.613404
 0.435249
 -0.113313
 0.666833
 -0.0343001
 -0.796767
 0.805409
 -1.09585
 0.324126
 -0.271872
 -0.45636
 0.330282
 -0.205835
 -0.614871
 0.317936
 -0.42743
 0.943329
 -0.873101
 -0.22121
 0.425755
 0.404565
 -0.0937687
 -0.64649
 -0.0362228
 0.393562
 -0.670748
 0.551597
 0.172906
 -0.663334
 -0.0710494
 0.696743
 -0.911962
 -0.187213
 -0.707606
 1.22655
 0.909321
 -0.795968
 -0.274232
 -0.750483
 1.28198
 -0.0133249
 -0.20848
 -0.249448
 0.613774
 0.326318
 -1.34554
 1.02191
 -0.122375
 0.786483
 1.25297
 -0.329068
 -0.192722
 -0.993274
 0.968279
 -0.614031
 0.874923
 0.480928
 -0.0916354
 0.40111
 0.490423
 -0.390372
 0.290529
 -0.296798
 0.30574
 0.100792
 -0.764031
 -1.56536
 0.784333
 -0.0558725
 0.57457
 1.24311
 -0.813794
 0.363214
 0.846844
 -0.552262
 0.0375909
 -0.0970943
 -0.739038
 0.792587
 0.433639
 0.0113153
 -0.80006
 -0.299785
 0.191491
 -0.543432
 -0.380237
 0.273093
 -0.192649
 -0.212183
 -0.104234
 0.950349
 0.0879185
 -0.698613
 1.39041
 0.356986
 0.415219
 -1.01847
 0.517008
 -0.00359342
 0.167675
 -0.24834
 0.49543
 0.241764
 -0.463804
 -0.334736
 0.555222
 -0.325024
 0.1758
 -0.261344
 0.239543
 -0.820507
 0.0339325
 -0.48702
 0.369245
 -0.837496
 1.0966
 -0.551803
 -0.130334
 1.07642
 0.611507
 0.418274
 -0.802396
 0.78948
 -0.272883
 -0.355078
 -0.246714
 0.548253
 0.526964
 0.275971
 0.946157
 -0.22552
 0.29038
 0.159768
 -0.446758
 0.577122
 -0.983745
 0.147043
 0.189061
 0.35604
 -0.501517
 0.549655
 0.42409
 -1.24532
 0.540488
 -0.0873077
 -0.245897
 0.643476
 -0.362578
 0.539017
 -0.832673
 0.568453
 0.741898
 -1.05719
 1.23819
 0.0267324
 0.444748
 -1.19936
 0.0349174
 -0.637659
 0.0460592
 0.0924878
 0.43706
 0.450934
 0.178098
 -0.171186
 0.28577
 -0.204643
 0.334799
 0.520303
 -1.43652
 0.137576
 0.102898
 -0.295027
 0.447017
 0.844813
 -0.0663304
 -0.439804
 0.548243
 0.0766478
 1.05924
 -0.373944
 -0.255944
 -0.424882
 0.0810904
 -0.712785
 -1.15757
 0.448559
 -0.0827292
 0.74535
 -0.350111
 -0.224268
 -1.08524
 0.804586
 0.055165
 0.970199
 0.21618
 -0.0987238
 1.16056
 -2.12056
 -0.201851
 0.17829
 -0.260106
 -0.0932815
 -0.0318037
 1.17695
 0.415381
 0.15961
 0.426386
 -0.503544
 -0.901564
 -0.6348
 -0.243521
 0.954718
 -1.08183
 1.63902
 0.355475
 0.0229575
 -0.984496
 1.07424
 -0.69539
 -0.546651
 -0.0190858
 -1.36045
 1.10217
 -0.42221
 0.45373
 -0.585374
 -0.478351
 0.624959
 1.22646
 -0.191201
 0.138544
 0.488932
 -0.896906
 -1.25607
 1.77681
 -0.193619
 -0.0197875
 0.752269
 -0.272658
 -0.623651
 0.916592
 -0.359795
 -0.0823075
 0.137085
 -0.574323
 -0.719652
 0.833082
 -0.501169
 -0.0114128
 -0.672298
 0.979618
 0.00972855
 0.846192
 0.631252
 -1.41548
 1.01126
 -0.541757
 -0.0635225
 -0.316475
 -0.734088
 -0.581856
 0.094132
 0.462646
 0.817365
 -0.223017
 0.0643177
 0.44177
 -0.18797
 -0.166944
 0.175564
 0.123156
 -0.696098
 0.306879
 -0.109841
 0.365676
 -0.937196
 0.958816
 -0.759539
 -0.269795
 0.371308
 0.395452
 0.0427748
 -0.0520424
 -1.4137
 0.500684
 -0.542169
 0.424139
 1.2716
 -0.97717
 -0.158238
 0.534561
 0.607013
 -1.25927
 1.3684
 -1.47557
 1.21836
 0.226474
 0.0232361
 -1.0578
 -0.684354
 -0.137981
 -0.216484
 1.11499
 -0.842987
 -1.08606
 0.604196
 0.0150311
 0.873239
 0.638264
 -0.342132
 -0.20887
 -0.270142
 -0.524245
 0.553867
 -0.331558
 0.969439
 -0.165818
 0.0956963
 1.39236
 0.578076
 0.0617056
 -0.639465
 -1.84406
 -0.407633
 0.229269
 0.0447604
 -0.429261
 0.404642
 -1.03479
 0.670897
 0.443758
 1.9239
 -0.84385
 -0.178646
 -0.266316
 0.848827
 -0.279784
 -0.339507
 -0.339061
 -0.545903
 1.02008
 -0.0436147
 -1.08072
 -1.09166
 -0.0756747
 0.711212
 -0.63068
 1.67539
 -0.368612
 -0.17552
 -0.442977
 0.0983629
 0.0285245
 0.889738
 0.442592
 0.0517697
 0.0481951
 0.240724
 0.0677216
 0.943669
 0.164416
 -0.982459
 -1.67372
 0.162522
 -0.313601
 -0.0193994
 0.305884
 0.589341
 1.29806
 -0.509555
 0.496428
 0.191447
 -0.143577
 0.491964
 -0.117112
 0.685961
 -1.2119
 0.824567
 -0.087726
 -0.827814
 0.100015
 -0.441223
 0.0523288
 1.58995
 -0.407169
 -0.442437
 -0.611854
 0.0195139
 -0.0792391
 0.192611
 -0.0966465
 -0.404437
 -1.1122
 0.694423
 0.229806
 0.423855
 0.0763651
 1.18653
 0.408964
 0.35962
 0.822024
 -1.50459
 -0.445756
 0.110922
 -0.944486
 -0.294467
 -0.578544
 -0.00344347
 -0.150496
 0.376819
 -0.0607561
 -0.549994
 -0.776065
 0.629066
 0.232756
 1.8287
 -1.32861
 0.767089
 -0.868152
 -0.450331
 0.672366
 -0.163937
 -0.0662405
 0.239642
 -0.121875
 0.552538
 0.771727
 0.237126
 -0.559415
 0.462291
 -0.4901
 0.230747
 -0.0910958
 0.817572
 -0.954339
 0.504024
 -0.39384
 -0.0909406
 0.606399
 -0.635949
 1.01634
 -0.81492
 -0.585957
 0.326553
 -0.509185
 0.947451
 0.527727
 0.255302
 0.649238
 0.363611
 1.52465
 -0.184207
 -1.07192
 0.202189
 0.0460284
 -0.750239
 0.435848
 -0.504833
 0.0887379
 -0.404895
 -0.0634931
 -0.516524
 -0.551645
 0.700043
 0.071639
 -0.614212
 1.60555
 -1.19207
 0.00917404
 0.323329
 -0.559083
 0.389512
 -0.714848
 0.182746
 0.175541
 0.767801
 0.674188
 -0.763511
 0.192128
 -0.126745
 0.0968754
 -0.855994
 0.698141
 -0.802685
 -0.694083
 1.77908
 0.500327
 0.643273
 0.31699
 0.176189
 -0.97508
 -0.0855317
 -2.25497
 0.670701
 0.104882
 -1.48107
 0.0831955
 -0.380418
 1.15011
 -0.545736
 -0.721492
 0.848921
 0.430698
 -0.278185
 0.452674
 -0.475367
 0.443158
 0.516635
 -0.0297837
 0.498423
 -0.27192
 -0.0597532
 0.0656942
 -0.0566005
 -0.495173
 -0.108114
 0.98863
 -0.281105
 0.90311
 -1.58259
 0.53041
 0.251582
 -0.367911
 0.680045
 -0.87129
 0.958858
 -0.842482
 -0.54898
 0.804912
 0.627531
 0.354416
 -0.609478
 0.67788
 -0.698023
 1.41259
 -0.525396
 -1.07127
 0.650086
 -1.33056
 0.723971
 1.50002
 -0.453066
 -0.629733
 0.177307
 -0.0548537
 -0.352734
 0.501485
 -0.171687
 0.0307707
 -1.2719
 0.764102
 0.615036
 -0.158976
 -0.592986
 -0.599319
 0.312591
 0.976501
 -0.430252
 0.149769
 0.462874
 -0.904246
 1.05236
 0.0712656
 0.34367
 -0.391683
 -0.319131
 1.60849
 0.839535
 -0.460615
 0.894648
 -0.104384
 -0.864378
 0.430112
 -0.341259
 -0.121193
 -0.490948
 0.267293
 -0.245145
 -0.400827
 -0.2123
 0.469483
 0.295326
 0.691258
 -1.89698
 0.00155204
 1.19231
 0.00550885
 0.143764
 0.0308104
 0.759461
 -0.0734217
 1.16486
 -0.499884
 0.834005
 -2.14559
 0.115623
 0.36348
 -0.384112
 -0.00347171
 0.19208
 -0.141963
 0.662599
 -0.262474
 -0.244104
 0.0769984
 -0.853099
 -0.240624
 0.0226621
 0.104643
 0.319925
 0.350614
 -0.203627
 1.08196
 -0.963811
 0.398913
 0.715767
 0.30538
 -0.390004
 0.0755588
 -1.26762
 0.515636
 -0.774332
 -0.40538
 1.04396
 -0.208483
 -0.139872
 0.108678
 -0.620539
 -0.817605
 0.024376
 -0.71605
 -0.170221
 0.134369
 -0.0795692
 -0.842972
 -0.502817
 -0.567016
 0.282886
 1.30401
 -0.0202839
 -0.184463
 1.49482
 -0.338996
 -0.432782
 0.459753
 -0.141999
 -0.825891
 0.315748
 -0.122801
 -0.195832
 -0.0913114
 0.154975
 0.415248
 0.150129
 -0.679457
 -0.246897
 1.49338
 -0.528455
 0.742941
 -0.510715
 -0.84323
 0.783665
 -0.576378
 0.391588
 0.0632437
 -0.274836
 0.371664
 0.00946009
 0.914097
 0.856801
 -0.988432
 -0.799051
 0.712136
 -0.59013
 0.0819781
 0.00328959
 -0.503685
 1.06093
 -0.690429
 0.271185
 0.249737
 -0.566728
 -0.700423
 0.0385484
 1.13262
 -0.534983
 -0.457953
 -0.495005
 0.208006
 0.0739349
 0.622939
 -0.215324
 1.06713
 0.0428157
 -0.824021
 -0.0322384
 -0.178779
 -0.612708
 -0.704708
 1.77605
 -0.450832
 -1.08204
 0.670001
 0.197105
 -0.693096
 -0.26974
 0.749653
 0.730857
 -0.0945714
 0.724073
 -0.291548
 1.08451
 -1.22394
 -0.226759
 -1.34534
 0.259652
 0.732407
 -0.799383
 -0.604463
 0.565252
 0.310226
 -0.116269
 0.810486
 -0.406924
 -0.364312
 0.359725
 0.69877
 0.347719
 -0.292987
 -0.100384
 0.260981
 -0.638343
 0.037277
 0.298084
 -0.454293
 -0.550682
 0.749248
 -0.653654
 0.299931
 -0.661755
 0.517165
 0.179138
 -0.022526
 0.143669
 1.17786
 -0.955595
