 0.817532
 -0.605914
 0.368045
 -0.273913
 -0.0583912
 -0.0915954
 -0.128761
 -0.0923773
 -0.478349
 0.805653
 -0.67442
 -0.597831
 0.447631
 -0.76388
 0.493625
 0.610101
 0.290275
 -2.16009
 -0.54305
 0.177871
 1.15519
 0.720444
 0.495263
 -0.740617
 -0.415442
 -0.00211405
 -0.659335
 1.50752
 0.336222
 -0.151126
 0.665374
 -0.939874
 0.274645
 0.658531
 -0.718883
 -0.584706
 0.13582
 0.211705
 0.398483
 -1.69734
 -0.119952
 0.427375
 0.477585
 0.298828
 -0.19137
 1.07313
 -0.393073
 -0.590866
 -0.168074
 -0.576518
 0.0408712
 0.747473
 0.497567
 -0.138623
 -0.260634
 1.0609
 0.500921
 -1.4234
 0.569405
 -1.34926
 -0.176864
 1.51563
 -0.00826632
 -0.189073
 1.45807
 -1.13879
 -0.157456
 0.270063
 0.252122
 -1.34527
 1.21307
 0.355043
 1.37496
 -0.805272
 -1.16309
 0.933619
 -0.971922
 0.492088
 0.588479
 -1.28138
 -1.07196
 0.486499
 -0.73935
 -0.693876
 0.298714
 -0.467028
 0.613579
 1.59035
 -1.03513
 -0.0761908
 -0.111117
 0.822293
 -0.095942
 -0.946402
 0.619807
 0.512125
 -0.00717003
 -0.574918
 0.436542
 -0.288687
 1.10037
 0.349145
 0.0177061
 -0.389505
 -0.570696
 -0.268882
 -0.309369
 0.682487
 0.462187
 -0.0305566
 0.459956
 1.14446
 -0.954272
 -0.57284
 -1.09781
 -0.0535986
 -0.283826
 0.294481
 -0.202023
 -0.940554
 0.982626
 1.1968
 0.202959
 -0.575317
 -0.234251
 -0.370274
 -0.115016
 0.539563
 0.251898
 -0.139318
 0.0838524
 0.398294
 0.300558
 0.345313
 -0.0287786
 0.116432
 -0.598795
 0.0519074
 -0.187439
 -0.119272
 0.31225
 -1.00923
 0.268577
 -0.61564
 0.147296
 -0.43948
 0.639977
 2.10893
 -0.756207
 -0.646527
 -0.318174
 -0.879849
 -0.108257
 -0.637664
 1.3082
 0.690775
 0.18524
 -0.805268
 -0.374685
 -0.466997
 0.826219
 -0.870282
 0.615338
 0.270925
 -1.09347
 0.406651
 0.317296
 -0.0499629
 0.59742
 0.168318
 0.594327
 -0.740648
 0.244003
 0.716096
 -0.120901
 -0.0111701
 0.0730973
 -1.29541
 -0.765968
 -0.201401
 0.562747
 0.23275
 0.535666
 -0.734559
 -1.12582
 -0.0466725
 -0.853395
 0.637433
 -0.142653
 1.69939
 0.00740693
 1.54678
 0.172127
 1.30542
 0.424617
 -0.604803
 0.440061
 -0.184361
 0.61132
 0.111927
 0.125098
 -0.769937
 -1.46075
 0.0769134
 -0.697304
 0.755678
 -0.219842
 -0.758612
 -0.50184
 -0.934668
 1.04542
 0.494605
 0.866453
 -0.0753924
 -0.64407
 -0.0828816
 0.00496363
 -0.66211
 -0.339206
 -0.133219
 0.71376
 0.722625
 -0.57428
 -0.00119309
 -0.581149
 -1.13416
 0.385223
 0.304813
 1.05914
 -0.280261
 0.416673
 -0.0694214
 -0.078404
 0.301927
 -0.626934
 0.201943
 0.203015
 0.985675
 0.725423
 -1.13443
 0.752631
 -0.249644
 -0.281524
 -0.144148
 -0.667954
 1.19939
 -0.0325612
 -0.470752
 -0.595894
 0.190582
 0.408004
 0.432622
 -0.301517
 -0.642056
 -0.817618
 0.372659
 -0.0649187
 0.559108
 0.0219549
 -0.764398
 0.679708
 -1.03811
 0.359569
 -0.133954
 -0.563381
 0.332745
 -0.0524437
 -0.642166
 0.363426
 -0.2755
 1.10357
 -0.73308
 -0.326783
 0.483346
 0.606363
 -0.0391904
 -0.681254
 -0.00709273
 0.424101
 -0.574387
 0.632994
 0.306764
 -0.5921
 -0.10593
 0.7039
 -0.80643
 -0.284781
 -0.664536
 1.17258
 1.00014
 -0.758313
 -0.386789
 -0.807554
 1.30792
 0.037579
 -0.146786
 -0.194855
 0.591476
 0.40273
 -1.30034
 0.999939
 -0.043989
 0.835409
 1.18899
 -0.13273
 -0.400672
 -1.09388
 0.706989
 -0.501354
 0.732773
 0.454082
 -0.132024
 0.23579
 0.380833
 -0.323439
 0.0898556
 -0.362122
 0.0749278
 0.0112341
 -0.996992
 -1.78639
 0.508005
 0.0725236
 0.630321
 1.29905
 -0.679157
 0.120445
 0.763492
 -0.598278
 -0.0174276
 -0.172821
 -0.783192
 0.676107
 0.366349
 -0.0734658
 -0.888461
 -0.495205
 0.157586
 -0.467769
 -0.392597
 0.342298
 -0.0613921
 -0.21446
 -0.0675837
 0.968953
 0.217848
 -0.61584
 1.29536
 0.480297
 0.281897
 -1.1598
 0.283789
 -0.0860171
 0.140427
 -0.279997
 0.523962
 0.21144
 -0.593001
 -0.363527
 0.419752
 -0.345679
 0.114803
 -0.202263
 0.21458
 -0.782929
 -0.113017
 -0.477541
 0.384902
 -0.731113
