 -0.0703481
 -0.103538
 0.131158
 -0.126015
 -0.0343478
 -0.101199
 0.17852
 0.0251048
 -0.0557043
 -0.1052
 -0.243204
 -0.242442
 -0.0115842
 -0.0875208
 -0.136498
 0.0572887
 -0.0587797
 0.100121
 -0.0234591
 -0.0600657
 0.00179936
 -0.120996
 0.0697455
 -0.0601439
 0.0489656
 0.0769176
 -0.00791041
 0.139089
 -0.245086
 -0.121663
 0.0754268
 -0.214
 -0.169969
 -0.0874542
 0.0347833
 0.0745709
 0.122328
 0.0758263
 0.0703442
 0.0578313
 0.0240799
 0.0357987
 0.0373671
 0.0145233
 -0.198003
 -0.112546
 0.115095
 -0.0192237
 -0.206661
 0.0104582
 0.0364767
 -0.208583
 -0.0305037
 0.0147909
 -0.147223
 0.00504875
 0.106499
 0.0995155
 0.123799
 -0.213793
 0.167062
 0.00631334
 0.143798
 -0.191745
 0.124219
 0.00297794
 0.16598
 0.0628178
 0.0726256
 0.0042536
 0.23248
 0.147201
 -0.0196167
 -0.0493043
 -0.0738281
 0.126376
 0.137345
 -0.105515
 -0.0248343
 0.0803264
 0.0551697
 -0.177056
 -0.0105659
 0.135506
 0.133913
 0.0149747
 0.0028925
 0.0617332
 0.086068
 0.121561
 -0.0279193
 0.00504588
 0.00907298
 0.137686
 0.0441186
 0.0368916
 0.0246867
 -0.0860634
 -0.0297784
 -0.209767
 -0.078538
 -0.11267
 0.10303
 -0.122565
 0.100022
 0.0217775
 0.180932
 -0.0386212
 0.101435
 -0.113937
 0.0022077
 0.073366
 -0.155173
 0.0209719
 -0.03835
 0.0204952
 -0.0199827
 -0.138974
 -0.0550959
 -0.087738
 -0.0294105
 -0.00198481
 -0.0962601
 -0.0351824
 0.0144686
 -0.128613
 -0.107027
 0.0590725
 0.122013
 0.00589484
 -0.0178433
 0.102998
 0.0528862
 0.154378
 0.177258
 -0.0271947
 0.0600554
 0.113822
 0.0191986
 0.225561
 0.0473343
 -0.0300838
 0.0614436
 -0.0527529
 0.0700689
 0.0400343
 0.0892163
 0.145521
 0.10679
 -0.0622664
 0.118943
 0.159165
 -0.173202
 -0.0354456
 0.205823
 0.00194455
 -0.130558
 0.177942
 -0.153842
 -0.193872
 0.0350265
 -0.182025
 0.156027
 -0.0461303
 0.00221435
 -0.00282029
 0.165766
 -0.0471187
 -0.0617889
 0.0935833
 -0.0193067
 -0.014893
 0.0243325
 0.132876
 -0.0270341
 -0.0976757
 -0.0360174
 0.0949569
 -0.0397987
 -0.0456529
 -0.0920108
 -0.0926471
 -0.199498
 -0.0139179
 -0.0768453
 -0.0814032
 0.177489
 0.0826192
 0.0248554
 0.0632484
 -0.192259
 -0.0623965
 0.0131744
 0.0289053
 0.0236563
 -0.169276
 -0.0196081
 0.0507013
 -0.0885323
 0.133321
 0.0578048
 2.33289e-05
 -0.0208089
 0.0913739
 -0.0810044
 -0.11932
 -0.0395473
 -0.0551681
 0.00541016
 0.00764333
 -0.12141
 0.0324656
 -0.0527354
 -0.147423
 -0.0738519
 -0.0885713
 0.00687587
 -0.058384
 -0.0414306
 -0.0194904
 0.205853
 -0.152036
 -0.0537381
 -0.0915518
 -0.252849
 -0.0142706
 -0.130794
 -0.107172
 -0.0996564
 -0.181142
 -0.0193735
 0.160705
 0.143177
 0.0965372
 -0.190157
 -0.0451999
 -0.0767145
 -0.0930528
 -0.0458589
 -0.114567
 -0.0258279
 -0.0438401
 -0.0369791
 0.0988863
 0.137096
 -0.0170782
 -0.0235453
 0.0566825
 0.18997
 0.133817
 0.140346
 0.112146
 0.0924545
 0.125466
 -0.0115934
 0.0964925
 0.211641
 -0.146583
 -0.0317692
 0.181059
 -0.107195
 -0.200836
 -0.072653
 0.166673
 0.215392
 -0.026399
 0.0664422
 0.127893
 -0.0217425
 -0.162209
 -0.10026
 0.246183
 0.120601
 -0.0846711
 0.0956379
 0.0805192
 -0.017612
 0.000788425
 0.0853465
 -0.0869215
 -0.0382507
 -0.0172903
 0.0486725
 0.017491
 -0.0727264
 0.206268
 0.0535009
 0.113645
 0.173855
 -0.0457059
 0.115218
 0.12505
 0.0193048
 0.189994
 -0.065597
 -0.177571
 -0.0364855
 -0.0362475
 -0.154929
 -0.305369
 -0.0679482
 -0.0885776
 0.0792208
 0.0845197
 -0.0169622
 -0.199737
 0.0187833
 -0.119484
 0.0441225
 0.100089
 -0.00346528
 -0.0400906
 0.0756672
 -0.0634015
 -0.0468264
 -0.0335118
 0.110966
 -0.0430718
 0.154554
 0.070278
 -0.227232
 0.0519213
 -0.075683
 -0.0276366
 0.0800575
 0.095098
 0.00722091
 0.16838
 -0.132811
 -0.0655671
 -0.0480643
 -0.153878
 0.100912
 -0.0155396
 -0.0214863
 0.0218161
 -0.0661464
 0.000220236
 -0.0496147
 -0.0541712
 -0.0108189
 -0.000768476
 -0.0276647
 0.078194
 -0.13671
 -0.0760915
 0.124648
 0.0370711
 0.0561461
 0.0855441
 -0.038426
 0.100119
 0.0401368
 -0.0567572
 -0.0982485
 -0.102216
 0.034355
 -0.0861826
 0.124407
 -0.0464262
 0.00729484
 -0.139554
 -0.026836
 -0.0805451
 0.258455
 0.0668818
 0.0913302
 0.0823657
 -0.0796358
 0.20161
 0.00709675
 -0.0812729
 0.0677711
 0.157145
 0.111381
 -0.0554447
 0.170491
 0.00495369
 -0.207827
 0.0678873
 -0.191506
 0.0497978
 -0.231671
 0.0405692
 -0.0336663
 0.13636
 0.109911
 0.0579993
 0.0191473
 -0.0653262
 0.121976
 -0.0155132
 -0.0129029
 -0.0669093
 0.151934
 0.00178416
 0.12661
 0.157375
 -0.116537
 0.057081
 -0.245435
 -0.037972
 0.148739
 -0.0497281
 -0.0139992
 0.0836129
 0.0342262
 -0.0497687
 0.126474
 0.0883772
 0.0184643
 0.0200236
 0.0687274
 -0.109455
 0.0768514
 -0.17811
 -0.018094
 -0.216094
 0.0541073
 0.0482151
 0.149321
 -0.0653554
 0.0638131
 -0.269735
 0.016501
 0.0518151
 0.0672134
 -0.0907602
 0.175775
 0.0751148
 0.0705715
 0.0598689
 0.0233599
 0.0644775
 -0.0138973
 0.113374
 0.0794847
 0.000859086
 -0.141325
 0.0154367
 0.0322448
 -0.0124656
 -0.0976263
 -0.0600894
 -0.0825976
 -0.215895
 -0.108957
 0.101743
 0.0856791
 0.129998
 -0.231989
 -0.0340292
 0.0704669
 0.0502496
 -0.109906
 0.0364297
 0.0662794
 -0.129696
 -0.0521283
 0.0446601
 0.0727729
 -0.000583634
 -0.0785109
 -0.161727
 0.0293712
 -0.0605469
 -0.060014
 -0.168732
 -0.144745
 0.0844517
 -0.15794
 -0.00855513
 -0.076065
 0.0710057
 -0.188026
 0.030581
 0.0878391
 0.0929624
 0.0364813
 -0.0343303
 0.0333278
 -0.051468
 -0.0413258
 -0.124868
 -0.0721645
 0.109585
 0.0259173
 -0.0231474
 -0.134238
 0.0942096
 0.167145
 -0.0666329
 0.030851
 -0.0922117
 0.0307682
 -0.0510486
 0.07378
 -0.0177072
 0.0380082
 -0.0801605
 -0.0800325
 0.0276702
 -0.0923255
 -0.170457
 0.0881782
 0.0301994
 0.0745266
 -0.0100038
 -0.12593
 -0.125793
 -0.0525946
 -0.150068
 0.00492002
 -0.136607
 0.0946166
 -0.033425
 0.014283
 -0.072635
 -0.0449716
 0.0709577
 0.0339782
 0.000263034
 -0.0430289
 0.0849296
 0.254672
 -0.120896
 0.0381258
 -0.026647
 0.0171014
 -0.102463
 -0.14858
 0.0700626
 -0.0225873
 0.0654653
 -0.0473069
 -0.0218106
 -0.132015
 -0.0139629
 -0.0151261
 0.0190145
 0.161483
 0.0985922
 -0.00795866
 0.10862
 0.0478386
 -0.0142377
 -0.0233593
 -0.200863
 0.0819072
 -0.0344359
 0.0959111
 -0.155209
 0.0086965
 -0.035456
 0.0273741
 -0.129189
 0.0280707
 0.00729473
 -0.159864
 -0.132101
 -0.0362448
 -0.0362053
 -0.0475022
 -0.0339024
 0.0409987
 -0.0425244
 0.0614052
 0.0599456
 -0.0176771
 0.00225567
 0.0235558
 0.0743714
 0.131558
 0.0731963
 0.0563213
 0.0694972
 0.0641472
 -0.173698
 -0.165983
 -0.0929365
 -0.0210225
 0.0273249
 -0.00822697
 -0.114718
 -0.0111627
 0.142417
 0.024088
 -0.0412249
 -0.212944
 0.0378707
 -0.0988974
 0.0725599
 0.0473809
 -0.0299425
 -0.0415368
 0.11074
 0.103668
 -0.0210481
 -0.0103225
 -0.0808813
 0.0536959
 -0.0221016
 0.0784344
 -0.0217757
 0.00584597
 0.193334
 0.0743041
 0.0829032
 -0.126178
 0.0207713
 -0.000820859
 0.0849367
 -0.136331
 0.0442318
 0.0134485
 0.0941557
 -0.135811
 -0.0941992
 0.0152157
 0.120023
 0.156453
 -0.0337354
 -0.0823935
 -0.0427913
 -0.0527777
 0.130677
 0.0176215
 0.0532427
 0.00974268
 -0.00374755
 0.0353652
 -0.156528
 0.129368
 0.0227054
 -0.211201
 0.143054
 -0.042342
 0.0822478
 -0.00407992
 0.0909309
 0.194554
 0.060341
 0.0966246
 -0.114135
 -0.0288593
 -0.0387927
 0.0846235
 -0.14627
 0.103945
 0.200272
 0.11024
 0.017576
 -0.0848075
 -0.143229
 -0.0147743
 0.041914
 0.0463423
 0.0836392
 -0.0658218
 0.0488649
 -0.0410178
 -0.0648944
 0.000445061
 -0.0346517
 -0.0141608
 -0.085475
 -0.0403891
 -0.0652809
 -0.157511
 -0.0388949
 -0.00341807
 0.0493833
 -0.11212
 -0.0898777
 -0.0190167
 -0.0681381
 0.153539
 -0.110925
 -0.0336587
 0.0540264
 0.0462154
 0.0057798
 0.0525219
 -0.177286
 -0.00154038
 -0.175721
 -0.0370751
 -0.00297277
 -0.123143
 -0.0822892
 0.122164
 0.107477
 0.063
 -0.0286157
 0.0995291
 0.00189819
 -0.0253995
 -0.0929464
 0.0900508
 -0.0693856
 -0.00152786
 0.112982
 -0.014563
 -0.0790923
 -0.00208757
 -0.00721243
 -0.0247301
 -0.0290154
 0.10303
 0.0199746
 0.0899817
 -0.124955
 0.0285832
 -0.167332
 -0.0556446
 -0.20642
 -0.103764
 0.178242
 0.0819545
 0.00789872
 0.0306824
 -0.0200039
 0.117977
 -0.0092157
 -0.0566621
 -0.183411
 0.0572306
 -0.0419353
 0.0330363
 -0.00517058
 0.049784
 -0.0500924
 -0.137984
 0.113328
 -0.127582
 -0.00211406
 0.0281267
 0.0294601
 -0.139217
 -0.113642
 0.156081
 0.0151914
 0.106571
 -0.0647016
 -0.00610468
 0.104273
 -0.0401905
 -0.012716
 0.171861
 0.0570201
 -0.0394686
 0.105409
 0.021719
 -0.0306021
 0.0361243
 0.0188031
 0.0432192
 -0.0851086
 0.0880432
 0.136786
 -0.0656497
 0.0867648
 0.0242821
 0.00124923
 -0.118447
 0.0617532
 0.119819
 0.0509531
 0.0476418
 -0.0611232
 -0.0234841
 -0.101968
 0.00526284
 0.0527685
 -0.0214745
 -0.0533625
 -0.136589
 0.0542766
 0.0125932
 0.00886665
 -0.0536703
 -0.073332
 0.02418
 0.0559133
 0.0417556
 0.101728
 0.0219098
 0.0147842
 -0.104297
 0.0634562
 0.0674578
 0.0799669
 0.0243533
 -0.0628741
 -0.028182
 0.011747
 0.020394
 -0.0842982
 -0.0931983
 0.0578024
 -0.0962777
 0.0230419
 -0.138148
 0.152277
 -0.0782824
 -0.280675
 0.153245
 0.0771114
 0.023894
 -0.103289
 0.120875
 0.00922342
 0.00606628
 0.13059
 0.0350467
 0.0913638
 -0.00553999
 -0.0103985
 0.106927
 -0.0434665
 -0.0432005
 0.100848
 0.10538
 0.0223857
 -0.0788094
 0.0395646
 0.0781939
 -0.0951717
 0.0383541
 -0.0782075
 -0.11945
 0.133141
 0.0444749
 -0.0222754
 0.00202547
 0.0647265
 0.0370954
 -0.162265
 -0.0334004
 -0.0638762
 0.119511
 -0.0884729
 -0.0592187
 0.200264
 0.0149479
 0.0049301
 0.115893
 -0.110134
 -0.0138595
 -0.0438212
 0.00253602
 0.0794371
 -0.071919
 0.143321
 -0.00613967
 0.114856
 0.00897962
 -0.0963528
 0.102934
 -0.055659
 -0.052285
 0.109041
 -0.0934115
 0.0421045
 -0.0582134
 -0.165383
 0.0178745
 -0.0259653
 -0.0735242
 0.00150727
 0.0413728
 0.139434
 0.106188
 0.00868396
 0.0567542
 0.210417
 0.13084
 0.106143
 0.0170118
 0.00461808
 0.185888
 0.00345979
 -0.159419
 -0.0897276
 -0.0431418
 0.0475568
 -0.0226131
 0.131456
 0.158389
 -0.014365
 -0.108716
 -0.256029
 0.0999102
 0.0885453
 -0.0141952
 0.0290751
 -0.0390592
 0.0746988
 -0.188416
 0.1687
 -0.00154365
 0.10937
 -0.147082
 -0.0373568
 -0.0375811
 -0.023784
 -0.16476
 0.0285973
 0.0929954
 -0.0322279
 -0.182893
 0.221743
 -0.0231341
 0.0314198
 0.0166623
 0.0453106
 -0.00291767
 -0.0958086
 0.029517
 -0.0487298
 -0.0277943
 -0.0145684
 -0.0225926
 -0.0716186
 0.0321171
 -0.161308
 0.0260563
 -0.0408062
 -0.00601883
 0.00851521
 0.0818573
 -0.033007
 -0.0345811
 -0.0948936
 0.0394259
 0.0524835
 0.0103977
 0.131368
 -0.124964
 0.11119
 -0.290422
 0.16374
 -0.0247808
 -0.0158022
 0.262451
 -0.0448157
 -0.0737268
 -0.0466882
 0.196823
 -0.00355683
 -0.0965612
 -0.0594695
 -0.173635
 -0.0746491
 0.0684806
 0.129423
 -0.245117
 -0.0764048
 -0.0543026
 -0.0220723
 -0.286258
 -0.00350277
 0.00494283
 -0.0188844
 -0.256295
 -0.0675268
 0.340079
 -0.00348549
 0.00571631
 -0.0228897
 -0.0330259
 0.0834838
 -0.0154194
 -0.026343
 0.0619183
 0.0110494
 -0.0437846
 -0.0113145
 0.138123
 0.103319
 -0.143618
 0.123216
 0.140287
 0.0572737
 0.0314457
 0.145502
 0.0827894
 0.0155776
 -0.0560083
 -0.0185643
 -0.148196
 0.121828
 -0.102206
 -0.103066
 -0.105123
 0.092832
 0.00790723
 0.112638
 -0.117428
 0.106765
 0.0377636
 0.0148788
 -0.0700098
