 0.0703481
 0.916809
 -0.0420383
 0.607776
 0.37812
 0.361063
 0.0206737
 -0.125505
 -0.000679091
 -0.485435
 0.551972
 -0.189014
 -0.874238
 -0.327563
 -1.1117
 -0.633981
 -0.0755198
 0.0635952
 -1.87705
 -2.54827
 -2.01469
 -0.814581
 -0.396368
 0.0823474
 -0.778504
 -1.15831
 -1.09693
 -1.87024
 0.041352
 0.308956
 -0.189424
 0.698125
 -0.241741
 0.122326
 0.497796
 -0.398366
 -0.91105
 -0.649396
 -0.414647
 -0.0221198
 -1.94662
 -1.62601
 -1.26627
 -0.74326
 -0.29089
 -0.586898
 0.265184
 -0.237925
 -0.495472
 -0.741118
 -1.33225
 -1.03851
 -0.346682
 -0.0340335
 -0.144044
 -0.466613
 0.458448
 0.796035
 -0.67825
 0.391718
 -1.43123
 -1.25945
 0.175909
 0.299629
 -0.0258419
 1.56871
 -0.0850692
 0.0371294
 0.316698
 0.577754
 -1.04827
 0.361263
 0.751923
 2.50229
 1.26458
 -0.0689124
 1.06066
 0.0677302
 0.732882
 1.13384
 -0.232701
 -0.87971
 -0.343519
 -1.43568
 -2.15644
 -1.53316
 -2.05284
 -1.31255
 0.0767661
 -1.19409
 -0.961602
 -1.04744
 -0.196309
 -0.555818
 -1.46312
 -0.566902
 -0.140064
 -0.110067
 -0.714758
 0.00181755
 -0.500841
 0.662183
 0.672711
 0.842677
 0.367429
 -0.317669
 -0.573726
 -0.732766
 -0.0358602
 0.514885
 0.450629
 0.702144
 2.31115
 0.798704
 0.433206
 -0.669223
 -0.628344
 -0.776986
 -0.40702
 -0.736182
 -1.80463
 -0.594081
 0.517846
 0.619244
 -0.126393
 -0.0867833
 -0.467416
 -0.684532
 -0.205046
 0.0946757
 -0.0306755
 -0.00278888
 0.345325
 0.490693
 0.720106
 0.880489
 0.965006
 0.306751
 0.50346
 0.171128
 0.123383
 0.560098
 -0.530872
 -0.0319723
 -0.80276
 -0.581914
 -1.06642
 -0.440891
 1.82847
 0.690455
 0.147306
 -0.302273
 -0.740313
 -0.842171
 -1.73547
 -0.268682
 0.494927
 0.381674
 -0.255111
 -0.376586
 -0.987927
 0.0212086
 -1.17261
 -0.355156
 -0.13234
 -1.49796
 -0.843849
 -0.528804
 -0.510431
 -0.0256921
 0.152742
 0.68827
 -0.197261
 0.117403
 0.842622
 0.839446
 0.784886
 0.687533
 -0.533571
 -1.02509
 -1.13
 -0.493348
 -0.270607
 0.121667
 -0.676487
 -1.9685
 -1.82669
 -2.85144
 -1.84968
 -2.09803
 -0.177585
 -0.36636
 1.23295
 1.00276
 2.60343
 2.99696
 2.0612
 2.70484
 2.29909
 3.03455
 2.93753
 3.21817
 2.18979
 0.631577
 1.01647
 0.438128
 1.23819
 0.898792
 -0.00283215
 -0.414804
 -1.10278
 -0.100044
 0.34516
 1.29947
 1.05215
 0.399779
 0.365599
 0.397913
 -0.375076
 -0.649663
 -0.973111
 0.0739708
 0.717112
 0.0184557
 0.404074
 -0.48895
 -1.7061
 -0.827195
 -0.72267
 0.385793
 -0.131345
 0.123756
 -0.0379792
 -0.0367402
 0.560397
 -0.227108
 0.145261
 0.349054
 1.27258
 2.01621
 0.510702
 1.61139
 1.12682
 0.749451
 0.549899
 -0.0803076
 1.54732
 1.06473
 0.50824
 -0.164372
 0.19981
 0.54815
 0.970314
 0.660727
 0.0697567
 -0.695403
 -0.333116
 -0.193321
 0.402323
 0.185191
 -0.431849
 0.510346
 -0.653755
 -0.435607
 -0.85751
 -1.05243
 -0.663642
 -0.952557
 -1.35163
 -0.742154
 -1.05828
 -0.341305
 -1.17471
 -1.11939
 -0.676908
 -0.213264
 -0.241599
 -0.859027
 -0.943944
 -0.287198
 -0.908132
 -0.253501
 -0.0806467
 -0.732277
 -0.699361
 -0.189156
 -1.02524
 -1.21735
 -2.01587
 -0.497882
 0.266846
 -0.634552
 -0.848134
 -1.71871
 -0.153912
 0.00706004
 -0.282896
 -0.547839
 0.2495
 0.761286
 -0.813526
 0.287388
 0.0465419
 0.742411
 2.25832
 1.89554
 1.38266
 0.285002
 1.1822
 0.376124
 1.30586
 1.76396
 1.38431
 1.79958
 2.32013
 1.71106
 1.77865
 1.40279
 1.41025
 1.35248
 0.680252
 -1.39984
 -0.36599
 -0.412664
 0.0972754
 1.4268
 0.467042
 0.578577
 1.65669
 0.988024
 0.927147
 0.890495
 -0.204762
 0.620016
 0.961761
 0.837264
 -0.0535384
 -0.441654
 -0.126241
 -0.664328
 -1.0048
 -0.612764
 -0.774938
 -1.04633
 -0.909535
 0.0920775
 0.0572434
 -0.634022
 0.831154
 1.00898
 1.39267
 0.0227579
 0.508164
 0.572709
 0.743557
 0.530795
 0.843909
 1.06646
 0.371661
 0.0783323
 0.547713
 0.313844
 0.431773
 0.202225
 0.134131
 -0.624239
 -0.600071
 -1.04752
 -0.413864
 -1.4419
 -0.147306
 -0.630408
 -0.861726
 0.120601
 0.635681
 1.05784
 -0.140402
 0.690901
 0.60967
 0.0236275
 -0.0393684
 0.326782
 1.02861
 1.01155
 2.13618
 1.54249
 1.67608
 1.68335
 1.11405
 1.72428
 0.355209
 0.563003
 0.687132
 0.991782
 0.22361
 0.775135
 0.960532
 -0.474591
 0.311915
 0.125279
 0.112704
 0.608659
 0.0154079
 0.634583
 -0.325999
 0.16472
 0.859568
 -0.231315
 0.948045
 0.845366
 1.20586
 -0.145014
 -0.13075
 -0.615722
 -0.6491
 -0.273048
 0.130337
 0.740531
 0.656823
 0.4559
 0.544427
 0.474853
 0.629088
 1.35456
 -0.387287
 -0.227318
 -0.11482
 -0.336631
 -0.0633891
 0.759955
 0.617011
 0.0551578
 0.558707
 0.543056
 1.76437
 1.10942
 0.76217
 0.302137
 0.536937
 -0.388842
 -1.77527
 -1.11527
 -1.03195
 -0.182662
 -0.52969
 -0.586335
 -1.85021
 -0.961579
 -0.883184
 0.0367525
 0.581618
 0.396353
 1.61331
 -1.03923
 -1.01593
 -0.834287
 -1.08389
 -0.943832
 -0.9441
 0.203111
 0.514457
 0.658166
 1.05455
 0.597008
 -0.500005
 -0.969877
 -1.09697
 0.0709825
 -1.00101
 0.659394
 1.10577
 0.927963
 -0.12465
 0.872832
 0.228133
 -0.540104
 -0.600804
 -2.22354
 -0.862106
 -1.11217
 -0.554669
 -0.979824
 -1.28936
 -0.395779
 0.908397
 0.526692
 0.644383
 1.06791
 0.0997058
 -1.51656
 0.322276
 0.261724
 0.204196
 1.01177
 0.612619
 -0.0895612
 0.709152
 0.355693
 0.243693
 0.490209
 -0.174293
 -0.919537
 0.0864533
 -0.369249
 -0.520322
 -1.08385
 -0.0955742
 -0.00665068
 0.92655
 1.57947
 -0.0206001
 1.13132
 0.423154
 0.512242
 -0.0189507
 -0.660592
 -1.16242
 -0.912882
 -0.319178
 0.381191
 0.135647
 0.253537
 0.672149
 0.367946
 -0.0151924
 0.454594
 0.448872
 -0.314106
 0.0265489
 0.0300001
 0.485521
 -0.644235
 0.379769
 -0.53486
 -0.726996
 -0.253933
 0.306846
 0.315974
 0.293716
 -1.44056
 -0.90182
 -1.31834
 -0.66731
 0.554418
 -0.469804
 -0.597475
 0.0250329
 0.768168
 -0.766352
 0.767857
 -1.07895
 0.395628
 0.489532
 0.541356
 -0.602495
 -1.04213
 -1.20083
 -1.27392
 0.0838896
 -0.693018
 -2.00004
 -1.14382
 -1.03111
 -0.0697995
 0.466885
 0.121655
 -0.197964
 -0.539505
 -0.942936
 -0.289472
 -0.679031
 0.238828
 -0.0331299
 0.0988734
 1.67836
 2.25556
 2.16086
 1.55084
 -0.641941
 -0.979773
 -0.664977
 -0.606479
 -0.955534
 -0.305473
 -1.46699
 -0.753763
 -0.164843
 2.07454
 1.25205
 0.816511
 0.643449
 1.39478
 0.988226
 0.659454
 0.30217
 -0.483279
 0.490844
 0.522168
 -0.598367
 -1.79981
 -1.72949
 -0.739186
 -1.3395
 0.555931
 0.0994583
 -0.283805
 -0.721199
 -0.599558
 -0.356987
 0.430772
 0.795037
 0.680212
 0.85009
 0.855224
 0.835021
 1.79237
 2.00151
 0.828632
 -1.30552
 -1.15977
 -1.41163
 -1.19564
 -0.688241
 -0.0221373
 1.45826
 0.697877
 1.14115
 1.1409
 0.914351
 1.31925
 1.02647
 1.88581
 0.186188
 1.01887
 1.06372
 -0.21177
 0.0517593
 -0.570833
 -0.419091
 1.30644
 0.671038
 0.171017
 -0.580757
 -0.355291
 -0.451016
 -0.158875
 -0.352764
 -0.580223
 -2.0661
 -1.25981
 -0.928533
 -0.337406
 -0.112828
 1.25827
 1.5129
 1.73366
 2.65633
 0.758228
 0.334255
 0.361828
 -0.538993
 -0.786658
 -1.26914
 -1.14795
 -1.20133
 -0.591561
 -0.635906
 -1.03937
 -1.68958
 -0.875559
 -0.54897
 1.51766
 0.149081
 0.900322
 -0.160873
 -0.593988
 -0.0679418
 -0.0590092
 -0.132267
 0.0895186
 -0.052759
 0.482052
 1.17342
 1.469
 0.725334
 1.25585
 0.639803
 0.76222
 0.754578
 1.61807
 0.271213
 0.653578
 0.177543
 0.155446
 0.581238
 -0.148817
 0.90254
 -0.00908044
 -0.770581
 -0.216973
 -0.77213
 0.084847
 0.630655
 0.862227
 1.43301
 1.70549
 3.18403
 2.89713
 1.46721
 1.55198
 1.34302
 0.598294
 0.838951
 0.409615
 0.458916
 0.142265
 0.0943057
 -0.730433
 -1.15541
 -0.304364
 -0.207394
 -0.766003
 0.904192
 -0.306889
 -0.206715
 0.323211
 -0.495161
 0.038537
 -0.738205
 -0.440207
 -0.24369
 0.56867
 1.29654
 0.171715
 0.55892
 0.371487
 0.433553
 -0.49751
 0.370808
 -0.449497
 -1.27066
 0.777747
 1.08002
 1.82692
 2.05099
 2.01759
 0.92136
 0.757281
 -1.77255
 -0.837071
 -0.593272
 -2.34884
 -1.91277
 -2.07439
 -0.779793
 -1.19921
 -1.93745
 -0.732286
 -0.335585
 -0.737325
 -0.0564857
 -0.708478
 -0.154988
 0.363739
 0.471513
 0.75566
 0.374563
 0.341751
 0.393118
 0.437864
 -0.180317
 -0.195204
 0.734778
 0.382837
 1.34871
 -0.425729
 0.258274
 0.36291
 -0.0697074
 0.561626
 -0.337992
 0.656693
 -0.365937
 -0.920486
 -0.0568985
 0.445421
 0.746237
 -0.0185259
 0.719828
 -0.252295
 1.29755
 0.643528
 -0.467265
 0.279143
 -1.28375
 -0.446789
 1.22564
 0.797508
 0.0613788
 0.169582
 0.258134
 -0.240873
 0.423033
 0.0286002
 0.247436
 -0.964391
 -0.409012
 0.223635
 0.0692203
 -0.464039
 -1.15957
 -0.658262
 0.325736
 -0.329726
 -0.0876882
 0.292384
 -0.575898
 0.493828
 0.428579
 0.790912
 0.36756
 -0.1356
 1.67444
 2.67381
 2.05633
 2.97397
 2.702
 1.74911
 2.07142
 1.6182
 1.39767
 0.626593
 0.819171
 0.593472
 0.0971388
 -0.208416
 0.270951
 0.708218
 1.31127
 -1.01425
 -1.11082
 0.284166
 0.329952
 0.234387
 0.379617
 1.0982
 0.80261
 2.32035
 1.55849
 2.5558
 -0.107027
 -0.0226732
 0.456896
 -0.189363
 -0.0822395
 0.0430717
 -0.0575755
 0.659123
 0.228979
 0.0536619
 0.195943
 -0.798294
 -0.846453
 -0.866051
 -0.611322
 -0.0637341
 0.203314
 0.00951567
 1.20254
 -0.00676315
 0.342682
 0.881621
 1.02332
 0.628791
 0.598085
 -0.962698
 -0.350416
 -1.09542
 -1.29984
 -0.159683
 -0.58102
 -0.628985
 -0.287487
 -0.856126
 -1.67344
 -1.5446
 -2.26087
 -2.29489
 -1.95755
 -1.66879
 -2.51003
 -2.80015
 -3.51496
 -2.83718
 -1.13641
 -1.12377
 -1.14912
 0.360691
 0.178387
 -0.607782
 0.016553
 -0.242796
 -0.812635
 -0.415652
 -0.520974
 -0.719568
 -0.639107
 -0.511349
 -0.101005
 0.178279
 -0.389193
 -0.973182
 0.774998
 0.0790641
 0.767976
 0.103052
 -0.704164
 0.21095
 -0.532565
 -0.00117886
 0.104518
 -0.220212
 0.21034
 0.31076
 1.16795
 2.30609
 0.999972
 0.0631262
 0.705035
 -0.0425281
 0.00369326
 0.109312
 -0.458624
 0.689947
 -0.242192
 0.0565998
 0.341605
 -0.463838
 -0.886139
 -0.969638
 0.549182
 -0.423375
 -0.753124
 -1.13075
 -1.08877
 -0.770985
 -0.0165983
 -0.253731
 0.612422
 0.715634
 -0.15195
 -0.147916
 -0.202974
 -0.8092
 -1.5252
 0.336797
 0.0931393
 -1.08273
 -0.285522
 -0.033217
 -0.448309
 -0.873938
 -0.0557299
 0.6492
 0.785048
 1.432
 0.646741
 2.04638
 0.530683
 0.31775
 -1.24044
 -0.959638
 -0.0825734
 -0.826005
 -1.37552
 -0.603855
 -0.153241
 -0.279639
 0.359873
 -0.173187
 -0.392569
 -0.160039
 0.42319
 0.7057
 0.386611
 0.170632
 0.413391
 -0.315883
 -0.168816
 0.169998
 -0.237011
 -0.977541
 0.0224684
 -0.603627
 -0.158399
 -0.942124
 -0.268358
 -0.139428
 0.0388447
 0.0597476
 1.35705
 0.173799
