 0.0703481
 0.900632
 0.0705467
 0.685394
 0.323417
 0.33166
 -0.0387008
 -0.0116387
 -0.0209756
 -0.437426
 0.489237
 -0.170511
 -0.981859
 -0.46372
 -1.15633
 -0.861333
 -0.145753
 -0.0204493
 -2.00342
 -2.48453
 -2.35821
 -1.09544
 -0.57669
 0.0390209
 -0.792068
 -1.22077
 -1.13136
 -1.91461
 -0.0503079
 0.155799
 -0.188837
 0.749987
 -0.21353
 -0.0260413
 0.494447
 -0.249321
 -0.866153
 -0.682913
 -0.467497
 -0.0641597
 -1.68528
 -1.80432
 -1.37894
 -0.882665
 -0.373746
 -0.642473
 0.180564
 -0.0700783
 -0.458217
 -0.835352
 -1.41869
 -1.12577
 -0.567319
 -0.124019
 -0.096529
 -0.501505
 0.434297
 0.926542
 -0.491511
 0.403384
 -1.2941
 -1.29925
 0.0484977
 0.374866
 -0.126506
 1.41636
 0.134809
 0.0827074
 0.335367
 0.647192
 -0.896451
 0.375417
 0.88537
 2.25062
 1.47724
 0.134881
 1.03268
 0.321126
 0.718981
 1.18356
 -0.0479547
 -0.860927
 -0.54706
 -1.41076
 -2.0783
 -1.65684
 -2.09059
 -1.53908
 -0.00426053
 -1.04948
 -0.968903
 -1.10443
 -0.300341
 -0.520808
 -1.34776
 -0.72866
 -0.213121
 -0.108269
 -0.723972
 -0.113983
 -0.524804
 0.585683
 0.707656
 0.945812
 0.338683
 -0.142046
 -0.562663
 -0.642531
 -0.113211
 0.552862
 0.404378
 0.779319
 2.11876
 1.00081
 0.49569
 -0.636176
 -0.644386
 -0.798272
 -0.589595
 -0.750186
 -1.72069
 -0.779909
 0.485783
 0.620331
 0.00635167
 -0.0790819
 -0.460481
 -0.73543
 -0.268374
 0.0941942
 -0.0184829
 -0.0573574
 0.380827
 0.569864
 0.879464
 1.04973
 1.07007
 0.425922
 0.568024
 0.175503
 0.235113
 0.615337
 -0.463585
 -0.0851935
 -0.807465
 -0.62954
 -1.1038
 -0.530239
 1.56693
 0.988976
 0.172028
 -0.180101
 -0.705465
 -0.943676
 -1.80099
 -0.312362
 0.495447
 0.36544
 -0.0910639
 -0.414931
 -1.09562
 -0.0668545
 -1.25199
 -0.44352
 -0.224873
 -1.28468
 -1.04931
 -0.521938
 -0.552681
 -0.122005
 0.155159
 0.729426
 -0.0360759
 0.0933515
 0.950144
 0.897553
 0.820365
 0.756111
 -0.377092
 -1.11564
 -1.25891
 -0.701762
 -0.363372
 -0.0234131
 -0.676464
 -1.76521
 -2.0589
 -2.78517
 -2.09024
 -2.25574
 -0.330608
 -0.450216
 0.985293
 1.13159
 2.40289
 2.99575
 2.24001
 2.58588
 2.53007
 2.89009
 3.0572
 3.21889
 2.47036
 0.919739
 1.16124
 0.513422
 1.16815
 0.962879
 0.157389
 -0.335082
 -1.11543
 -0.242844
 0.325817
 1.26371
 1.11016
 0.4909
 0.312309
 0.380558
 -0.283821
 -0.634601
 -0.986039
 0.0722911
 0.679015
 0.153279
 0.313055
 -0.492493
 -1.47883
 -1.11753
 -0.820747
 0.298743
 -0.136961
 0.0901234
 0.0385107
 0.00765281
 0.588122
 -0.170404
 0.0592559
 0.273635
 1.18643
 1.95581
 0.750319
 1.49794
 1.23925
 0.821922
 0.637827
 0.136251
 1.31143
 1.19199
 0.592473
 0.0630912
 0.241237
 0.665028
 1.10202
 0.768099
 0.273971
 -0.632814
 -0.381509
 -0.0855958
 0.346067
 0.152822
 -0.306149
 0.452605
 -0.689197
 -0.573525
 -0.750489
 -1.05489
 -0.817034
 -0.925264
 -1.39712
 -0.89408
 -1.21852
 -0.48133
 -1.06914
 -1.17698
 -0.878706
 -0.267842
 -0.206835
 -0.888156
 -0.974483
 -0.38356
 -0.989529
 -0.387359
 -0.15188
 -0.697397
 -0.706518
 -0.29469
 -0.927679
 -1.26041
 -1.9619
 -0.588699
 0.229191
 -0.521994
 -0.791066
 -1.74464
 -0.204816
 -0.0546341
 -0.337489
 -0.525542
 0.173088
 0.716084
 -0.791553
 0.209002
 -0.00238414
 0.806395
 2.06198
 2.10348
 1.48326
 0.546291
 1.06952
 0.518277
 1.3327
 1.80434
 1.54963
 1.90917
 2.2532
 1.91173
 1.84397
 1.6336
 1.49981
 1.58544
 0.90128
 -1.12351
 -0.494386
 -0.468415
 0.041331
 1.29216
 0.709812
 0.661928
 1.70271
 1.04304
 1.00287
 0.934649
 -0.0882817
 0.687301
 1.04654
 0.925665
 0.141882
 -0.407749
 -0.201904
 -0.651963
 -1.074
 -0.74402
 -0.772661
 -1.08298
 -0.928139
 -0.0378518
 -0.0255288
 -0.538971
 0.707843
 1.1423
 1.534
 0.255977
 0.590588
 0.599957
 0.775214
 0.502258
 0.87423
 1.19565
 0.400451
 0.213802
 0.568368
 0.374841
 0.372691
 0.227188
 0.0965529
 -0.477289
 -0.609549
 -1.06318
 -0.520247
