 0.88788
 0.294718
 0.438592
 0.411481
 0.265026
 0.240065
 -0.167462
 -0.104016
 -0.499325
 0.368227
 -0.185183
 -0.768342
 -0.534228
 -1.2276
 -0.662704
 -0.251232
 0.144522
 -2.18054
 -2.54647
 -2.30666
 -1.20302
 -0.374993
 -0.0814272
 -0.701596
 -1.20751
 -1.22288
 -1.7907
 -0.407093
 0.285914
 0.0046726
 0.476537
 -0.189887
 0.0611153
 0.63249
 -0.224436
 -0.834027
 -0.730333
 -0.471208
 -0.069014
 -1.7615
 -1.80523
 -1.37694
 -0.90135
 -0.583837
 -0.565116
 0.430654
 -0.212509
 -0.660944
 -0.626291
 -1.41187
 -1.37782
 -0.378292
 -0.0697523
 -0.262642
 -0.357163
 0.55939
 0.935218
 -0.496861
 0.0778944
 -0.945873
 -1.47096
 0.216374
 0.0402314
 0.185793
 1.33156
 0.277574
 -0.0226466
 0.35277
 0.587489
 -0.698078
 0.316614
 0.73046
 2.26033
 1.44535
 0.314148
 1.0685
 0.0607536
 0.813214
 1.30746
 -0.0978153
 -1.11991
 -0.374428
 -1.28641
 -2.10464
 -1.77959
 -2.12387
 -1.47701
 0.0512643
 -1.03939
 -1.12567
 -1.08002
 -0.282133
 -0.396283
 -1.46721
 -0.727953
 -0.216535
 -0.220291
 -0.683187
 -0.28743
 -0.40267
 0.575561
 0.934828
 0.725362
 0.556307
 -0.232013
 -0.410928
 -0.872032
 0.0399566
 0.348976
 0.522305
 0.864334
 1.92378
 1.16449
 0.427973
 -0.602124
 -0.689775
 -0.928212
 -0.503791
 -0.791618
 -1.69074
 -0.738068
 0.416893
 0.688742
 0.0450136
 -0.227899
 -0.449356
 -0.575497
 -0.195867
 -0.0164754
 -0.0451235
 0.0653695
 0.340937
 0.681385
 0.915177
 0.850685
 1.16616
 0.471273
 0.477829
 0.380585
 0.0562302
 0.547363
 -0.393894
 -0.195008
 -0.700834
 -0.660169
 -1.06902
 -0.463819
 1.57869
 0.810722
 0.342449
 -0.146146
 -1.05995
 -0.813722
 -1.58134
 -0.492787
 0.378413
 0.680687
 -0.439828
 -0.465749
 -0.881928
 -0.269402
 -0.937137
 -0.63665
 -0.172595
 -1.31834
 -0.878026
 -0.732015
 -0.571901
 0.0447385
 0.0463125
 0.749486
 -0.0112223
 0.207927
 0.809448
 0.829243
 0.886383
 0.893462
 -0.539297
 -1.14306
 -1.31704
 -0.696165
 -0.469012
 0.172294
 -0.757972
 -1.80228
 -1.81188
 -2.91229
 -2.14774
 -2.23289
 -0.556347
 -0.323201
 1.09656
 1.15742
 2.43701
 2.82751
 2.39095
 2.68007
 2.40152
 3.14139
 3.00202
 3.1823
 2.44895
 1.00961
 0.996652
 0.463939
 1.2691
 0.948308
 0.204267
 -0.344451
 -1.26975
 -0.070006
 0.251761
 1.19227
 1.18832
 0.466089
 0.408018
 0.317273
 -0.281552
 -0.623027
 -0.76782
 -0.272279
 0.794916
 0.104735
 0.152086
 -0.268094
 -1.62665
 -1.09361
 -0.812714
 0.238398
 0.0184826
 0.279712
 0.020702
 -0.0398933
 0.30958
 -0.038812
 0.0315394
 0.262271
 1.25931
 1.91185
 0.821377
 1.50295
 1.2483
 0.957722
 0.677774
 -0.0301271
 1.33564
 1.27887
 0.721234
 -0.00342095
 0.253673
 0.649241
 1.09765
 0.800501
 0.126043
 -0.543647
 -0.260155
 -0.446428
 0.473512
 0.368022
 -0.611576
 0.373559
 -0.585507
 -0.329628
 -0.707479
 -1.31387
 -0.722146
 -0.869478
 -1.56743
 -1.03369
 -1.16958
 -0.114947
 -1.21441
 -1.39592
 -0.693631
 -0.272343
 -0.307032
 -0.888089
 -0.895249
 -0.550382
 -0.957947
 -0.356535
 -0.080595
 -0.74398
 -0.803327
 -0.00261785
 -1.10112
 -1.21246
 -1.92495
 -0.789316
 0.411439
 -0.529122
 -0.908783
 -1.59862
 -0.436726
 -0.167237
 -0.20142
 -0.532344
 0.0659347
 0.575818
 -0.584259
 0.208386
 0.165013
 0.833025
 1.99539
 1.92925
 1.70281
 0.389389
 1.25328
 0.568169
 1.25105
 1.78678
 1.67232
 1.78542
 2.29
 1.92976
 2.00159
 1.48185
 1.70853
 1.51104
 0.588448
 -0.885107
 -0.615505
 -0.421862
 0.161906
 1.34038
 0.613002
 0.830257
 1.42542
 1.10443
 1.02561
 0.830053
 0.151457
 0.587825
 1.05365
 0.973076
 0.0372036
 -0.353323
 -0.250163
 -0.669673
 -1.04456
 -0.731704
 -0.805412
 -0.987121
 -1.15056
 0.0408144
 0.179996
 -0.641369
 0.756391
 1.18814
 1.4242
 0.374201
 0.539766
 0.504571
 0.740384
 0.495217
 1.02622
 1.08567
 0.602651
 0.0369249
 0.633554
 0.222689
 0.489644
 0.170428
 0.441768
 -0.686376
 -0.590306
 -1.08709
 -0.678279
 -1.25136
 -0.3453
 -0.699109
 -0.760742
 0.214694
 0.732108
 1.05395
 0.255447
 0.649079
 0.418018
 0.254592
 -0.223087
 0.508884
 0.853746
 1.30459
 1.95771
 1.91066
 1.83287
 1.83585
 1.23659
 1.69117
 0.740532
 0.502251
 0.752064
 1.04317
 0.490265
 0.773264
 1.19922
 -0.284793
 0.0658977
 0.224608
 -0.120618
 0.75618
 0.246082
 0.554425
 -0.19809
 0.242454
 0.906618
 -0.197624
 1.00687
 0.974778
 1.29011
 0.00649489
 -0.110096
 -0.768409
 -0.569663
 -0.556612
 0.164012
 0.58127
 0.918629
 0.485637
 0.74167
 0.339784
 0.809653
 1.14939
 -0.0819574
 -0.249711
 -0.12442
 -0.409847
 0.110385
 0.781424
 0.693625
 0.177207
 0.6034
 0.635355
 1.6023
 1.39042
 0.853473
 0.337288
 0.383227
 -0.175848
 -1.54641
 -1.32672
 -1.198
 -0.286605
 -0.532773
 -0.753958
 -1.67158
 -1.04562
 -0.906414
 0.087015
 0.252932
 0.482894
 1.55691
 -0.507257
 -1.24108
 -0.837636
 -1.09439
 -1.17718
 -0.975636
 0.232853
 0.618492
 0.674067
 1.08455
 0.551006
 -0.304556
 -1.13481
 -1.2134
 -0.142247
 -1.01085
 0.638009
 1.01487
 1.12873
 -0.0565333
 0.949592
 0.177442
 -0.318518
 -0.55919
 -1.96126
 -1.12137
 -1.28432
 -0.65844
 -1.14004
 -1.45817
 -0.664399
 0.830679
 0.717196
 0.665236
 1.13332
 0.171005
 -1.15636
 0.260245
 0.128657
 0.241937
 0.956465
 0.739112
 -0.0110323
 0.827031
 0.349357
 0.273385
 0.380778
 -0.0841139
 -0.893945
 -0.0864554
 -0.414715
 -0.380662
 -1.19262
 -0.104228
 -0.0858457
 0.839541
 1.5578
 0.163989
 0.990664
 0.589558
 0.359632
 0.195766
 -0.753039
 -1.24245
 -1.06829
 -0.450236
 0.498187
 0.158174
 0.199965
 0.695307
 0.484179
 0.201003
 0.160371
 0.57775
 -0.247226
 -0.00722711
 -0.0832919
 0.395676
 -0.451675
 0.314581
 -0.379769
 -0.804655
 -0.355688
 0.141519
 0.349621
 0.263931
 -1.11999
 -0.939874
 -1.44399
 -0.894204
 0.604295
 -0.422751
 -0.628042
 -0.0629136
 0.632046
 -0.491104
 0.602049
 -0.707716
 0.139408
 0.622102
 0.512768
 -0.516442
 -1.28685
 -1.18011
 -1.41731
 -0.158931
 -0.759097
 -1.77908
 -1.39584
 -1.12879
 -0.157869
 0.568465
 0.124753
 -0.0872156
 -0.468106
 -1.06375
 -0.389069
 -0.62103
 0.290409
 0.07301
 0.0625664
 1.49124
 2.25643
 2.31727
 1.5214
 -0.293215
 -1.04957
 -0.750504
 -0.620216
 -1.03574
 -0.550891
 -1.34026
 -0.796093
 -0.310004
 1.75906
 1.23069
 1.07341
 0.550195
 1.49228
 1.11499
 0.648719
 0.320393
 -0.243732
 0.536801
 0.447229
 -0.558554
 -1.69003
 -1.87548
 -1.01828
 -1.36987
 0.335891
 0.187319
 -0.0760612
 -0.726782
 -0.622836
 -0.571034
 0.53275
 0.873364
 0.846806
 0.728407
 1.09081
 0.922946
 1.77869
 1.95679
 1.01905
 -0.845092
 -1.14299
 -1.47337
 -1.43103
 -0.889755
 -0.0989
 1.27592
 0.94871
 1.1943
 1.3326
 0.997318
 1.40632
 1.20214
 1.71243
 0.673904
 1.01076
 0.931142
 0.235909
 -0.111755
 -0.389463
 -0.518504
 1.17086
 0.899274
 0.2286
 -0.440837
 -0.561243
 -0.434531
 -0.258406
 -0.255521
 -0.757201
 -1.69243
 -1.37168
 -1.03
 -0.504677
 -0.261041
 1.0737
 1.66724
 1.87252
 2.55568
 1.15174
 0.312471
 0.445177
 -0.582658
 -0.833459
 -1.3652
 -1.27258
 -1.29845
 -0.824513
 -0.652317
 -1.1859
 -1.81543
 -1.06051
 -0.642803
 1.27973
 0.189052
 0.91617
 0.0321705
 -0.611204
 0.0783785
 -0.231878
 -0.12525
 0.107375
 -0.0323563
 0.499779
 1.25378
 1.41055
 0.909587
 1.18763
 0.765752
 0.87055
 0.671124
 1.57215
 0.663726
 0.775237
 0.259738
 0.0866022
 0.761845
 -0.0547101
 0.867526
 0.0876192
 -0.595037
 -0.444028
 -0.726158
 0.175321
 0.612574
 0.885958
 1.51146
 1.79662
 3.23013
 2.99983
 1.82521
 1.6694
 1.59801
 0.592785
 1.03414
 0.334118
 0.498353
 0.0540214
 0.0787721
 -0.422218
 -1.28208
 -0.455367
 -0.232725
 -0.821605
 0.839552
 -0.287883
 -0.297715
 0.116614
 -0.235871
 -0.105649
 -0.676311
 -0.555459
 -0.264666
 0.524111
 1.24286
 0.53303
 0.363842
 0.432175
 0.468363
 -0.422442
 0.200631
 -0.431877
 -1.14358
 0.508424
 1.27807
 1.7233
 2.14391
 2.22718
 1.04251
 0.835828
 -1.49769
 -1.10185
 -0.732189
 -2.07434
 -2.26565
 -2.29319
 -0.924281
 -1.32553
 -1.9207
 -1.08853
 -0.301587
 -0.61377
 -0.284651
 -0.531853
 -0.26532
 0.361647
 0.333955
 0.969937
 0.483739
 0.31481
 0.407445
 0.336518
 -0.0573083
 -0.288431
 0.793426
 0.453673
 1.28595
 -0.233878
 0.10468
 0.509856
 -0.00500088
 0.610338
 -0.309664
 0.620866
 -0.185789
 -0.914918
 -0.115574
 0.570633
 0.799837
 0.136759
 0.659354
 0.0218057
 1.16029
 0.772155
 -0.427738
 0.182821
 -1.05142
 -0.559778
 1.05323
 0.772569
 0.167775
 0.238685
 0.114728
 -0.0945996
 0.260612
 0.251346
 0.0593709
 -1.02446
 -0.200289
 0.206024
 0.0646591
 -0.523765
 -1.06336
 -0.84698
 0.318239
 -0.104516
 -0.179957
 0.375186
 -0.611863
 0.476458
 0.565094
 0.772249
 0.399229
 0.0484291
 1.47289
 2.51398
 2.21319
 2.95098
 2.86959
 1.83762
 2.17922
 1.73016
 1.49701
 0.906718
 0.893886
 0.574026
 0.192644
 -0.115161
 0.261067
 0.566277
 1.39948
 -0.585709
 -1.01269
 0.0814908
 0.289674
 0.473716
 0.265197
 1.13908
 1.02477
 1.96747
 1.82047
 2.39249
 0.410206
 0.00859613
 0.340807
 0.0727846
 -0.192835
 0.10984
 -0.0988911
 0.605023
 0.396649
 -0.0151245
 0.13066
 -0.657156
 -1.03892
 -0.82379
 -0.761408
 -0.291397
 0.28688
 -0.000312944
 1.09147
 0.238732
 0.39215
 1.05845
 1.187
 0.633319
 0.70435
 -0.669533
 -0.447063
 -1.12475
 -1.5008
 -0.255885
 -0.368166
 -0.720893
 -0.520307
 -0.908026
 -1.67373
 -1.64906
 -2.26065
 -2.43109
 -2.16052
 -2.03712
 -2.51176
 -3.01285
 -3.36716
 -3.23207
 -1.53317
 -1.15669
 -1.30823
 0.345699
 0.0216954
 -0.254395
 -0.148029
 -0.125446
 -1.06869
 -0.496887
 -0.538452
 -0.716807
 -0.810879
 -0.484132
 -0.0961012
 0.0491232
 -0.501178
 -0.63609
 0.520199
 0.246542
 0.822005
 0.257261
 -0.740177
 0.0795004
 -0.365428
 -0.140976
 0.0620648
 -0.170319
 0.151452
 0.2198
 1.22486
 2.02475
 1.31766
 0.200921
 0.775262
 0.114904
 0.03945
 0.00698285
 -0.394373
 0.602309
 -0.000481677
 0.0289938
 0.306337
 -0.225123
 -1.16426
 -0.84759
 0.162981
 0.0141985
 -0.881328
 -1.24813
 -0.922748
 -1.01484
 -0.148047
 -0.231922
 0.813399
 0.655238
 -0.108387
 -0.184188
 -0.326695
 -0.815682
 -1.51391
 0.250845
 -0.114036
 -0.9889
 -0.412729
 -0.0884175
 -0.726313
 -0.718049
 -0.124285
 0.675127
 0.554629
 1.50912
 1.14045
 1.73125
 0.822444
 0.303924
 -1.02759
 -0.980789
 -0.227231
 -0.881956
 -1.43047
 -0.81027
 -0.293629
 -0.26951
 0.530847
 -0.0470506
 -0.537498
 -0.032844
 0.538731
 0.770909
 0.412713
 0.286227
 0.431613
 -0.224952
 -0.278606
 0.129268
 -0.284295
 -0.787693
 -0.228292
 -0.631186
 -0.303697
 -0.820154
 -0.424959
 -0.08922
 -0.161954
 0.182514
 1.2376
 0.40146
