 0.813271
 -0.317516
 0.437201
 0.102892
 0.0879774
 0.069262
 -0.199997
 -0.00618335
 -0.562443
 0.604085
 -0.585839
 -0.670095
 0.0278269
 -1.04066
 0.0474088
 0.154047
 0.230865
 -1.98237
 -1.65808
 -0.708725
 0.0708692
 0.141166
 0.185515
 -0.74064
 -0.716625
 -0.56414
 -1.17873
 0.661841
 0.28916
 -0.207644
 0.541124
 -0.653772
 0.240727
 0.515143
 -0.590084
 -0.626825
 -0.179208
 -0.0575181
 0.207863
 -1.9404
 -0.628944
 -0.43379
 -0.114287
 -0.124524
 -0.454999
 0.730002
 -0.447288
 -0.573559
 -0.379594
 -0.930447
 -0.599203
 0.24636
 0.16935
 -0.281645
 -0.315931
 0.795729
 0.613077
 -1.00223
 0.455151
 -1.35313
 -0.621054
 0.946276
 -0.0519696
 0.0444348
 1.5225
 -0.704933
 0.0594919
 0.33935
 0.387346
 -1.10679
 0.916358
 0.478074
 2.08683
 -0.0357434
 -0.537911
 1.16928
 -0.636788
 0.72694
 0.860147
 -0.784617
 -0.968
 0.174298
 -1.12313
 -1.37244
 -0.506922
 -1.29086
 -0.225845
 0.788244
 -1.15395
 -0.453257
 -0.54763
 0.333959
 -0.324513
 -1.20993
 0.17949
 0.149627
 -0.138441
 -0.646471
 0.164318
 -0.475404
 0.839202
 0.500985
 0.332241
 0.107395
 -0.529617
 -0.244848
 -0.57499
 0.451269
 0.36816
 0.252363
 0.549091
 1.76822
 -0.258314
 -0.0149813
 -0.846156
 -0.323963
 -0.591797
 -0.00413558
 -0.592862
 -1.42208
 0.320954
 0.719619
 0.373269
 -0.403956
 -0.159434
 -0.466744
 -0.338239
 0.229697
 0.142087
 -0.0988041
 0.124468
 0.348107
 0.445966
 0.574829
 0.404612
 0.598414
 -0.0919577
 0.312373
 0.135359
 -0.0276272
 0.444655
 -0.734436
 0.149989
 -0.690328
 -0.175535
 -0.70626
 0.19323
 2.08295
 -0.339442
 -0.0478452
 -0.276232
 -0.841961
 -0.42086
 -1.09084
 0.498087
 0.497738
 0.377431
 -0.688761
 -0.365982
 -0.667672
 0.315634
 -0.936178
 0.107007
 0.0705176
 -1.43572
 0.0723086
 -0.236881
 -0.284259
 0.354001
 0.0994896
 0.60666
 -0.509617
 0.336744
 0.690448
 0.333977
 0.377983
 0.408056
 -0.964615
 -0.784053
 -0.68664
 0.0250099
 -0.177108
 0.342802
 -0.807207
 -1.67323
 -0.624247
 -1.94422
 -0.440419
 -1.12236
 0.647544
 -0.243835
 1.4605
 0.408606
 2.11126
 1.51413
 0.627753
 1.73474
 0.832787
 2.06259
 1.4114
 1.72053
 0.559882
 -0.361539
 0.57399
 -0.148925
 1.03924
 0.244301
 -0.419234
 -0.40845
 -1.02061
 0.544519
 0.326214
 1.00583
 0.402272
 -0.177939
 0.216871
 0.153292
 -0.586271
 -0.4609
 -0.432681
 0.305563
 0.702407
 -0.404783
 0.187773
 -0.578833
 -1.58528
 -0.0159214
 -0.355143
 0.615815
 -0.253044
 0.35982
 -0.0370323
 0.00719795
 0.340342
 -0.457428
 0.2047
 0.221728
 1.09872
 1.28828
 -0.465946
 1.32511
 0.306067
 0.303417
 0.262827
 -0.440884
 1.57247
 0.359529
 0.137502
 -0.379661
 0.355434
 0.490217
 0.732621
 0.254808
 -0.334933
 -0.627992
 0.17798
 -0.279166
 0.540505
 0.180972
 -0.722169
 0.579032
 -0.881163
 0.0942691
 -0.507651
 -0.757768
 -0.0577868
 -0.526063
 -0.961042
 -0.217677
 -0.706354
 0.484146
 -1.00654
 -0.677005
 0.0207581
 0.157891
 -0.192839
 -0.728633
 -0.429479
 0.0551793
 -0.759323
 0.2024
 0.103422
 -0.698799
 -0.414694
 0.403156
 -0.980299
 -0.617831
 -1.29016
 0.377418
 0.653858
 -0.700534
 -0.574078
 -1.1143
 0.544848
 -0.0607562
 -0.234126
 -0.424396
 0.386615
 0.408632
 -1.10943
 0.639548
 0.0263573
 0.76405
 1.82789
 0.575119
 0.553546
 -0.535205
 1.14356
 -0.136949
 1.06429
 1.07267
 0.598041
 1.00619
 1.40521
 0.540899
 1.05084
 0.414912
 0.884945
 0.640355
 -0.25836
 -1.57443
 0.232286
 -0.219464
 0.397483
 1.43323
 -0.286684
 0.509825
 1.1504
 0.160517
 0.417855
 0.297075
 -0.472158
 0.656401
 0.638037
 0.388943
 -0.549225
 -0.381591
 0.0448611
 -0.630571
 -0.656366
 -0.105724
 -0.495837
 -0.566834
 -0.562177
 0.539108
 0.173898
 -0.687897
 1.18578
 0.650877
 0.80698
 -0.554245
 0.486862
 0.241801
 0.387332
 0.105925
 0.663975
 0.541141
 0.00593139
 -0.216128
 0.539055
 -0.103214
 0.317792
 -0.0807888
 0.331745
 -0.753649
 -0.230063
 -0.710787
 -0.0109212
 -0.993536
 0.479933
 -0.641576
 -0.438114
 0.674724
 0.608189
 0.628867
 -0.47111
 0.68081
 0.0539154
 -0.109406
 -0.276632
 0.492017
 0.608654
 0.653646
 1.57645
 0.627591
 0.946572
 0.848349
 0.262523
 1.09235
 -0.352291
 0.308897
 0.400485
 0.587758
 -0.0868928
 0.589147
 0.698682
 -0.860787
 0.353986
 0.0846711
 -0.223911
 0.637053
 -0.121197
 0.502781
 -0.632426
 0.418332
 0.769628
 -0.727981
 1.21506
 0.396483
 0.75745
 -0.737151
 0.000472014
 -0.694166
 -0.20966
 -0.165033
 0.337822
 0.468315
 0.448712
 0.14865
 0.441691
 0.0626233
 0.488153
 0.738377
 -0.9132
 0.00988977
 0.0401446
 -0.403588
 0.326082
 0.778877
 0.270047
 -0.228765
 0.524554
 0.3165
 1.4467
 0.347556
 0.23026
 -0.117832
 0.244114
 -0.571212
 -1.55633
 -0.256221
 -0.565713
 0.322039
 -0.490912
 -0.496086
 -1.55805
 0.119747
 -0.367587
 0.565503
 0.266254
 0.187509
 1.50261
 -1.83087
 -0.631342
 -0.234942
 -0.618686
 -0.56472
 -0.459465
 0.745885
 0.463344
 0.363967
 0.647249
 -0.0527383
 -0.688275
 -0.795107
 -0.641768
 0.48074
 -1.09688
 1.31672
 0.575912
 0.44549
 -0.660419
 1.0442
 -0.431812
 -0.529576
 -0.258204
 -1.8741
 0.239666
 -0.733688
 0.0519086
 -0.770621
 -0.815038
 0.144696
 1.09656
 0.218161
 0.352161
 0.709613
 -0.556913
 -1.40508
 1.2006
 -0.0496188
 0.137502
 0.802035
 0.183608
 -0.462303
 0.853237
 -0.0534806
 0.112708
 0.269198
 -0.45935
 -0.764704
 0.440061
 -0.53677
 -0.16229
 -0.837575
 0.505776
 -0.00613065
 0.808947
 1.05336
 -0.800031
 1.01784
 -0.0625492
 0.161597
 -0.112151
 -0.73185
 -0.80113
 -0.411448
 0.128609
 0.634224
 -0.056449
 0.168987
 0.50222
 0.138316
 0.0130412
 0.213958
 0.320149
 -0.584252
 0.214027
 -0.0942882
 0.373172
 -0.742643
 0.644268
 -0.647985
 -0.539606
 0.111408
 0.312703
 0.214595
 0.127584
 -1.56084
 -0.0295644
 -0.849583
 -0.0653927
 1.00067
 -0.753485
 -0.40073
 0.30753
 0.566467
 -0.968097
 1.07564
 -1.34975
 0.73194
 0.378019
 0.256785
 -0.828071
 -0.883758
 -0.587098
 -0.68025
 0.557339
 -0.787132
 -1.62372
 -0.161883
 -0.488599
 0.435603
 0.559735
 -0.174811
 -0.176124
 -0.41128
 -0.720833
 0.19309
 -0.511866
 0.640937
 -0.0581715
 0.122856
 1.64864
 1.45772
 1.06248
 0.264638
 -1.49649
 -0.668748
 -0.149644
 -0.236154
 -0.674184
 0.0616896
 -1.26806
 0.127731
 0.164918
 2.10369
 0.022452
 0.334827
 0.117361
 1.19506
 0.301938
 0.111708
 -0.0541224
 -0.502855
 0.780781
 0.203864
 -0.85925
 -1.57635
 -0.735449
 0.0766099
 -0.880426
 1.16469
 -0.161773
 -0.143123
 -0.60166
 -0.193208
 -0.224837
 0.693126
 0.568444
 0.368041
 0.331184
 0.542577
 0.398742
 1.46229
 0.922438
 -0.198418
 -1.65752
 -0.3946
 -0.735298
 -0.601788
 -0.155947
 0.320389
 1.43795
 0.12581
 0.744495
 0.614753
 0.327025
 0.853457
 0.404083
 1.19836
 -0.549083
 0.883796
 0.331735
 -0.494977
 0.0437753
 -0.493294
 -0.178879
 1.60896
 0.166905
 -0.201438
 -0.599812
 -0.22736
 -0.245163
 0.0422703
 -0.169306
 -0.592423
 -1.59891
 -0.0784532
 -0.288526
 0.0893164
 -0.0377202
 1.21386
 0.9406
 1.02651
 1.81489
 -0.50947
 -0.1525
 0.276477
 -0.785357
 -0.561548
 -0.84292
 -0.548256
 -0.624191
 -0.0692901
 -0.337777
 -0.766501
 -1.29477
 0.00909165
 -0.095161
 1.84324
 -0.746562
 0.791964
 -0.585112
 -0.572181
 0.41666
 -0.212733
 -0.0809581
 0.226508
 -0.0783161
 0.491103
 0.982028
 0.678744
 0.0779361
 0.718234
 0.0626625
 0.457883
 0.251812
 1.22006
 -0.374511
 0.564366
 -0.139984
 0.0065589
 0.617352
 -0.487303
 0.9506
 -0.540597
 -0.629516
 0.0539061
 -0.630478
 0.584658
 0.517178
 0.475088
 1.03936
 0.982812
 2.31017
 1.28847
 0.13618
 0.786834
 0.647029
 -0.243164
 0.630864
 -0.191485
 0.28213
 -0.265791
 0.0226194
 -0.547462
 -0.79736
 0.240263
 -0.0284787
 -0.697651
 1.41517
 -0.827189
 -0.105325
 0.271489
 -0.507831
 0.215567
 -0.70347
 -0.0927935
 0.0287832
 0.61553
 0.899269
 -0.294236
 0.288817
 0.153704
 0.276993
 -0.69889
 0.465617
 -0.678935
 -0.833009
 1.35023
 0.790126
 1.16892
 1.16378
 1.09942
 -0.179761
 0.30398
 -1.97297
 0.0202945
 -0.242715
 -1.92706
 -0.769333
 -1.15947
 0.30883
 -0.80857
 -1.30403
 0.129723
 0.161155
 -0.476768
 0.178134
 -0.560646
 0.180151
 0.430341
 0.170573
 0.640879
 0.0856764
 0.145513
 0.244408
 0.156361
 -0.392172
 -0.195272
 0.888627
 0.0655845
 1.10943
 -1.14271
 0.36123
 0.356345
 -0.265708
 0.599049
 -0.676909
 0.779193
 -0.633438
 -0.693694
 0.417143
 0.55472
 0.494572
 -0.387815
 0.617402
 -0.496604
 1.45943
 0.0409903
 -0.804659
 0.437725
 -1.42007
 0.220923
 1.46355
 0.0901949
 -0.388424
 0.243294
 0.0481645
 -0.298759
 0.393801
 0.0384347
 0.0787145
 -1.32964
 0.366766
 0.42863
 -0.0572589
 -0.613885
 -0.755033
 -0.12969
 0.656321
 -0.365037
 0.0469265
 0.410068
 -0.773311
 0.774148
 0.293792
 0.479692
 -0.0493632
 -0.196932
 1.7972
 1.80628
 0.62943
 2.02478
 1.27342
 0.263841
 1.28281
 0.485108
 0.508218
 0.120626
 0.483779
 0.139373
 -0.186434
 -0.193272
 0.379892
 0.39193
 1.0049
 -1.71706
 -0.452248
 0.691347
 0.172887
 0.299284
 0.177239
 0.905843
 0.36694
 1.75097
 0.439518
 1.73966
 -1.36048
 0.109009
 0.356595
 -0.238531
 -0.0653581
 0.202117
 -0.12756
 0.587068
 0.0505283
 -0.167954
 0.144656
 -0.761082
 -0.595238
 -0.354014
 -0.257562
 0.105651
 0.335747
 -0.127044
 1.13724
 -0.569765
 0.386682
 0.829028
 0.618984
 0.0727197
 0.336101
 -1.0797
 0.156565
 -0.879489
 -0.788194
 0.486352
 -0.3176
 -0.427959
 -0.134143
 -0.722401
 -1.24365
 -0.638751
 -1.53497
 -1.02169
 -0.717444
 -0.783574
 -1.77717
 -1.7468
 -1.88696
 -1.04111
 0.223713
 -0.519389
 -0.640831
 1.02948
 -0.227725
 -0.434067
 0.23455
 -0.14093
 -0.893004
 0.0268502
 -0.332051
 -0.464074
 -0.432191
 -0.0808182
 0.233366
 0.150056
 -0.645112
 -0.465395
 1.12758
 -0.265448
 0.729396
 -0.243956
 -0.781263
 0.468683
 -0.560618
 0.201615
 0.101678
 -0.273142
 0.305137
 0.145268
 1.08049
 1.54475
 -0.0463638
 -0.490694
 0.687856
 -0.383521
 0.102557
 0.0335299
 -0.531358
 0.841656
 -0.500293
 0.210466
 0.297461
 -0.508471
 -0.844868
 -0.352897
 0.687984
 -0.389014
 -0.648087
 -0.757604
 -0.253045
 -0.40264
 0.317576
 -0.255256
 0.959454
 0.307454
 -0.604549
 -0.0831306
 -0.272917
 -0.695545
 -1.0148
 1.19458
 -0.385087
 -1.08315
 0.239742
 0.114623
 -0.706922
 -0.510157
 0.387933
 0.655709
 0.213596
 1.10009
 0.304586
 1.54948
 -0.485048
 0.0266608
 -1.4209
 -0.239421
 0.340085
 -0.803352
 -0.88743
 0.0639962
 0.0993768
 -0.19244
 0.643473
 -0.318865
 -0.501253
 0.23127
 0.581889
 0.481234
 0.0365701
 0.107106
 0.338113
 -0.548396
 -0.0746714
 0.263846
 -0.460924
 -0.663109
 0.348119
 -0.666824
 0.0898251
 -0.717531
 0.164195
 0.103435
 -0.0651881
 0.205804
 1.31156
 -0.508731
