 0.797094
 -0.196842
 0.458527
 0.00937994
 0.0859267
 0.0245885
 -0.0564435
 -0.0834129
 -0.504286
 0.517346
 -0.53597
 -0.786966
 -0.0545194
 -1.01721
 -0.157631
 0.19749
 0.181938
 -2.06671
 -1.53116
 -1.08412
 -0.0382264
 0.101272
 0.232349
 -0.73254
 -0.772297
 -0.567351
 -1.20588
 0.592366
 0.181833
 -0.130478
 0.592692
 -0.651492
 0.0782539
 0.585979
 -0.439366
 -0.65645
 -0.235174
 -0.0936101
 0.192248
 -1.65803
 -0.937917
 -0.45731
 -0.197357
 -0.137678
 -0.469144
 0.673168
 -0.237131
 -0.620227
 -0.492455
 -0.969768
 -0.643241
 0.0693515
 0.189684
 -0.189138
 -0.37458
 0.789024
 0.755659
 -0.88074
 0.373447
 -1.22183
 -0.729423
 0.838766
 0.0869729
 -0.0938477
 1.42048
 -0.408881
 -0.00486952
 0.33523
 0.447449
 -0.989694
 0.854604
 0.604445
 1.76844
 0.302751
 -0.440448
 1.03939
 -0.3694
 0.586341
 0.916815
 -0.624729
 -1.04159
 -0.0386345
 -0.996445
 -1.30676
 -0.669672
 -1.26676
 -0.4335
 0.820482
 -0.968822
 -0.532863
 -0.600969
 0.258422
 -0.237488
 -1.11208
 -0.0399475
 0.15745
 -0.100115
 -0.656584
 0.053125
 -0.441467
 0.774684
 0.574179
 0.417904
 0.0270811
 -0.33962
 -0.321597
 -0.490286
 0.3288
 0.444813
 0.187124
 0.649392
 1.53725
 0.0399905
 -0.0535529
 -0.844351
 -0.356528
 -0.605061
 -0.176068
 -0.515579
 -1.33114
 0.0931586
 0.78047
 0.390387
 -0.271754
 -0.218105
 -0.46366
 -0.392603
 0.191818
 0.173269
 -0.0863708
 0.0638037
 0.410893
 0.507385
 0.694601
 0.494173
 0.618857
 -0.0253183
 0.317351
 0.107452
 0.081915
 0.444029
 -0.694768
 0.0631243
 -0.668423
 -0.220808
 -0.719827
 0.122572
 1.86608
 0.08985
 -0.172384
 -0.166422
 -0.868199
 -0.539788
 -1.1056
 0.487165
 0.520097
 0.360937
 -0.516597
 -0.48635
 -0.756192
 0.281417
 -0.971522
 0.0583308
 0.0221665
 -1.17617
 -0.239796
 -0.127284
 -0.329942
 0.278813
 0.150064
 0.646607
 -0.36901
 0.232099
 0.809996
 0.338323
 0.384409
 0.458894
 -0.842425
 -0.952846
 -0.770277
 -0.118948
 -0.165666
 0.244104
 -0.734644
 -1.46996
 -0.958101
 -1.76185
 -0.714105
 -1.1598
 0.573378
 -0.251179
 1.25477
 0.661266
 1.8463
 1.6132
 0.807162
 1.52638
 1.12325
 1.80264
 1.6033
 1.66141
 0.840097
 -0.213664
 0.574682
 -0.146017
 0.931551
 0.34341
 -0.291056
 -0.408839
 -1.07312
 0.408042
 0.378271
 0.979749
 0.478163
 -0.115825
 0.118021
 0.162581
 -0.486339
 -0.491465
 -0.453141
 0.310348
 0.665149
 -0.250911
 0.0293424
 -0.536866
 -1.35625
 -0.419885
 -0.308054
 0.577803
 -0.215136
 0.328996
 0.0562735
 0.0133461
 0.34587
 -0.414586
 0.0903433
 0.189312
 1.05028
 1.27096
 -0.196129
 1.09186
 0.475215
 0.319674
 0.314519
 -0.268288
 1.2283
 0.604726
 0.158109
 -0.194313
 0.283129
 0.586382
 0.805886
 0.296329
 -0.184405
 -0.667511
 0.0982926
 -0.147245
 0.430387
 0.176732
 -0.580284
 0.45844
 -0.887735
 -0.0259263
 -0.331672
 -0.813741
 -0.209947
 -0.422075
 -1.02017
 -0.34686
 -0.790631
 0.42424
 -0.830963
 -0.78738
 -0.152244
 0.204212
 -0.130785
 -0.775145
 -0.445453
 -0.0259128
 -0.79254
 0.109241
 0.0991173
 -0.628303
 -0.439291
 0.3012
 -0.829967
 -0.70968
 -1.21466
 0.259615
 0.661612
 -0.569148
 -0.573289
 -1.16877
 0.506912
 -0.0969986
 -0.257872
 -0.374802
 0.299053
 0.401636
 -1.06486
 0.550175
 0.0166245
 0.852497
 1.59956
 0.881236
 0.550176
 -0.324217
 0.900242
 0.0615433
 1.02005
 1.09964
 0.743171
 1.03312
 1.28349
 0.775036
 1.01583
 0.613061
 0.859095
 0.828538
 -0.153811
 -1.40861
 -0.0342742
 -0.211017
 0.369414
 1.32656
 0.0234042
 0.471792
 1.15474
 0.192522
 0.466074
 0.303367
 -0.377755
 0.665446
 0.689175
 0.434953
 -0.398005
 -0.445396
 -0.0477545
 -0.580375
 -0.731753
 -0.202378
 -0.427932
 -0.604619
 -0.562458
 0.418481
 0.156091
 -0.551459
 1.01494
 0.845853
 0.881651
 -0.391692
 0.452677
 0.227838
 0.405366
 0.0615592
 0.708564
 0.655177
 -0.0298761
 -0.0950534
 0.491975
 -0.0525446
 0.228212
 -0.026285
 0.281687
 -0.587911
 -0.313015
 -0.721706
 -0.109439
 -1.00928
