 0.813271
 0.0891198
 0.481761
 0.343773
 0.259864
 0.199194
 -0.1004
 -0.0563834
 -0.590635
 0.308768
 -0.431455
 -0.885822
 -0.415084
 -1.2482
 -0.576693
 -0.1343
 0.163716
 -1.90051
 -2.60834
 -2.01289
 -0.935577
 -0.326623
 0.0222034
 -0.729539
 -1.08139
 -1.10484
 -1.73115
 -0.203734
 0.187293
 -0.113997
 0.484125
 -0.41171
 0.0348722
 0.532579
 -0.323795
 -0.788722
 -0.57357
 -0.344303
 0.0357115
 -1.92254
 -1.59022
 -1.2289
 -0.728736
 -0.488893
 -0.699445
 0.380279
 -0.257149
 -0.702133
 -0.73066
 -1.29578
 -1.24709
 -0.377186
 -0.0192426
 -0.291266
 -0.461564
 0.564947
 0.895551
 -0.554451
 0.177925
 -1.26417
 -1.25314
 0.319707
 0.107884
 0.0983767
 1.57169
 0.0809107
 0.0999472
 0.389324
 0.582008
 -0.815787
 0.508464
 0.732306
 2.45299
 1.19075
 0.0574635
 1.19801
 -0.0377845
 0.708048
 1.21417
 -0.177531
 -1.05677
 -0.354085
 -1.30018
 -2.02253
 -1.51819
 -2.04995
 -1.25082
 0.162834
 -1.07253
 -0.989521
 -1.04239
 -0.187236
 -0.418131
 -1.419
 -0.53001
 -0.115378
 -0.19613
 -0.744536
 -0.20795
 -0.579379
 0.549513
 0.775741
 0.720112
 0.467451
 -0.295892
 -0.392794
 -0.771387
 0.0655752
 0.400948
 0.452837
 0.77551
 2.15598
 0.819675
 0.394856
 -0.648727
 -0.648327
 -0.91596
 -0.462116
 -0.82392
 -1.83404
 -0.596066
 0.421586
 0.584062
 -0.111925
 -0.215397
 -0.574442
 -0.62546
 -0.0830327
 0.100571
 -0.0485188
 0.100209
 0.398212
 0.645072
 0.897364
 0.853294
 1.02506
 0.420573
 0.522659
 0.396689
 0.170717
 0.530014
 -0.469429
 -0.0847252
 -0.732691
 -0.54188
 -0.9772
 -0.29537
 1.93526
 0.628188
 0.266249
 -0.143108
 -0.913515
 -0.877617
 -1.52965
 -0.266738
 0.364369
 0.559616
 -0.408953
 -0.570458
 -0.952901
 -0.160816
 -1.01659
 -0.401287
 -0.130126
 -1.50078
 -0.678083
 -0.575923
 -0.57222
 0.0678912
 0.133435
 0.673377
 -0.172929
 0.250279
 0.815587
 0.741771
 0.748868
 0.78249
 -0.57337
 -1.07074
 -1.22201
 -0.585995
 -0.470105
 0.107749
 -0.753332
 -2.0499
 -1.6492
 -2.76882
 -1.82483
 -2.03478
 -0.369844
 -0.428757
 1.24612
 1.03167
 2.62709
 2.82768
 2.04159
 2.75554
 2.21056
 3.16787
 2.99533
 3.21819
 2.16898
 0.72295
 0.935465
 0.318807
 1.19865
 0.843624
 0.00257802
 -0.407161
 -1.22419
 -0.0675783
 0.292425
 1.15204
 0.978295
 0.311208
 0.372475
 0.339529
 -0.416506
 -0.669153
 -0.767258
 -0.0780654
 0.663374
 -0.0730962
 0.151225
 -0.503221
 -1.83689
 -0.934367
 -0.822327
 0.204652
 -0.150718
 0.284461
 0.105198
 0.059797
 0.370241
 -0.272308
 0.0685464
 0.256002
 1.22672
 1.90164
 0.484874
 1.56755
 1.08984
 0.848337
 0.686996
 -0.0973858
 1.52378
 1.12142
 0.698211
 -0.0305552
 0.340156
 0.660296
 1.06277
 0.786193
 0.0581633
 -0.598911
 -0.121475
 -0.339904
 0.370553
 0.366249
 -0.539044
 0.30951
 -0.726408
 -0.268935
 -0.642118
 -1.07883
 -0.5972
 -0.824663
 -1.37337
 -0.904363
 -1.15854
 -0.095122
 -1.0541
 -1.20406
 -0.58127
 -0.132744
 -0.259211
 -0.858238
 -0.858598
 -0.37412
 -0.946383
 -0.270792
 -0.0319742
 -0.714786
 -0.772088
 0.017112
 -0.971743
 -1.1037
 -1.84201
 -0.543588
 0.382064
 -0.509502
 -0.828829
 -1.52871
 -0.219509
 -0.170511
 -0.319382
 -0.584087
 0.0945717
 0.455917
 -0.881474
 0.198811
 0.125763
 0.826931
 2.24136
 1.6958
 1.40145
 0.165518
 1.22632
 0.476213
 1.30239
 1.72387
 1.45997
 1.73618
 2.2733
 1.67755
 1.88962
 1.35972
 1.56481
 1.42276
 0.453019
 -1.34792
 -0.441673
 -0.4403
 0.177333
 1.52189
 0.474263
 0.746956
 1.52388
 0.922457
 0.879083
 0.736617
 -0.10385
 0.604476
 0.940275
 0.85908
 -0.119685
 -0.441434
 -0.175856
 -0.718499
 -1.01562
 -0.613532
 -0.802603
 -0.968135
 -1.04624
 0.015986
 0.181891
 -0.596951
 0.887301
 1.09453
 1.35424
 0.122877
 0.548301
 0.515952
 0.645308
 0.428579
 0.878264
 0.980273
 0.496068
 0.0319061
 0.555008
 0.17429
 0.404937
 0.12168
 0.392585
 -0.557357
 -0.508741
 -0.965157
 -0.4935
 -1.24029
 -0.14021
 -0.711681
 -0.793955
 0.277746
 0.747062
 1.0024
 0.0300888
 0.695854
 0.401843
 0.0915148
 -0.230875
 0.37658
 0.796943
 1.05212
 2.10251
 1.67885
 1.786
 1.74135
 1.1332
 1.65895
 0.477185
 0.547489
 0.674229
 0.924873
 0.375544
 0.776919
 1.08714
 -0.317216
 0.195378
 0.18236
 -0.132731
 0.570687
 0.164147
 0.584854
 -0.339998
 0.248333
 0.893795
 -0.281084
 1.07452
 0.933743
 1.22432
 -0.12499
 -0.062023
 -0.725178
 -0.572248
 -0.451158
 0.112243
 0.524437
 0.710931
 0.504115
 0.693749
 0.409498
 0.692901
 1.08483
 -0.370786
 -0.175503
 -0.047607
 -0.427392
 0.112386
 0.83507
 0.687582
 0.115027
 0.582067
 0.607534
 1.75047
 1.22279
 0.841655
 0.302996
 0.395612
 -0.373406
 -1.74303
 -1.12774
 -1.12958
 -0.242752
 -0.612288
 -0.80223
 -1.95917
 -0.859836
 -0.797505
 0.166751
 0.349629
 0.362323
 1.68377
 -0.988979
 -1.12583
 -0.797858
 -1.01762
 -1.07353
 -0.996229
 0.247771
 0.587229
 0.657582
 0.97604
 0.435282
 -0.470634
 -1.03042
 -1.15698
 -0.0977499
 -1.14575
 0.743846
 0.947835
 0.919408
 -0.200715
 0.943838
 0.0401067
 -0.509523
 -0.512965
 -2.13058
 -0.825624
 -1.1465
 -0.521341
 -1.03129
 -1.33068
 -0.520647
 0.836233
 0.636278
 0.6703
 1.04476
 -0.0345318
 -1.42235
 0.489421
 0.195091
 0.235047
 0.919559
 0.643387
 -0.14061
 0.782932
 0.337985
 0.281701
 0.410049
 -0.254325
 -0.891867
 -0.0058722
 -0.539706
 -0.432143
 -1.05365
 -0.0210476
 -0.0166545
 0.80062
 1.45367
 -0.0731948
 0.981247
 0.428074
 0.375634
 0.0756659
 -0.694017
 -1.14814
 -0.985517
 -0.36415
 0.452149
 0.169626
 0.2538
 0.62912
 0.452876
 0.239479
 0.333698
 0.486998
 -0.340753
 0.0436503
 -0.072463
 0.336941
 -0.574172
 0.357182
 -0.469394
 -0.774303
 -0.275743
 0.174831
 0.302011
 0.27859
 -1.42154
 -0.740336
 -1.21975
 -0.675268
 0.663038
 -0.421966
 -0.611712
 0.00167363
 0.567304
 -0.684445
 0.733421
 -0.983042
 0.240419
 0.498229
 0.5059
 -0.575121
 -1.17132
 -1.17276
 -1.26663
 -0.0759748
 -0.825119
 -2.03628
 -1.18002
 -1.07861
 -0.103702
 0.507884
 0.0791303
 -0.136559
 -0.47956
 -0.960613
 -0.287217
 -0.655475
 0.313199
 0.0984281
 0.17207
 1.73468
 2.32506
 2.22501
 1.37714
 -0.807924
 -1.07271
 -0.685999
 -0.579154
 -0.963761
 -0.420191
 -1.47815
 -0.611346
 -0.140755
 2.03331
 1.03911
 0.854381
 0.544552
 1.46734
 1.03561
 0.629512
 0.260633
 -0.372539
 0.594512
 0.50112
 -0.608689
 -1.88069
 -1.6758
 -0.761288
 -1.26107
 0.534155
 0.105304
 -0.0904704
 -0.646895
 -0.516655
 -0.483165
 0.451543
 0.794216
 0.765149
 0.713758
 0.899456
 0.84847
 1.88653
 1.8657
 0.734433
 -1.2903
 -1.03975
 -1.25517
 -1.22937
 -0.770634
 -0.0649286
 1.40549
 0.828553
 1.15877
 1.19414
 0.924094
 1.3155
 1.06184
 1.72928
 0.315556
 1.04157
 0.852522
 -0.068716
 0.00941734
 -0.488585
 -0.423171
 1.39737
 0.865591
 0.231358
 -0.484133
 -0.469426
 -0.479876
 -0.197668
 -0.26814
 -0.726493
 -1.96216
 -1.05953
 -0.818293
 -0.31983
 -0.197635
 1.11504
 1.49812
 1.77558
 2.70267
 0.841867
 0.268433
 0.410693
 -0.58001
 -0.851553
 -1.2687
 -1.1826
 -1.21549
 -0.677036
 -0.676295
 -1.10465
 -1.84709
 -0.914454
 -0.552388
 1.56705
 0.0369611
 0.810444
 -0.17989
 -0.662126
 0.085597
 -0.169935
 -0.165925
 0.143545
 -0.00654362
 0.487832
 1.22594
 1.29172
 0.723794
 1.08013
 0.602728
 0.759247
 0.631435
 1.53578
 0.393377
 0.761055
 0.240543
 0.12683
 0.680768
 -0.146919
 0.87714
 -0.102027
 -0.68053
 -0.286359
 -0.773658
 0.197829
 0.616093
 0.783135
 1.43092
 1.69827
 3.1593
 2.86812
 1.57024
 1.57195
 1.43301
 0.473339
 0.867534
 0.242282
 0.403271
 -0.0641549
 -0.00945801
 -0.552191
 -1.07346
 -0.296465
 -0.176711
 -0.786007
 1.02217
 -0.316105
 -0.263377
 0.1398
 -0.43793
 -0.00339831
 -0.705169
 -0.445378
 -0.193906
 0.518578
 1.15856
 0.285043
 0.431338
 0.369373
 0.461679
 -0.46805
 0.231591
 -0.563139
 -1.11458
 0.792939
 1.1866
 1.76221
 2.04488
 2.12186
 0.88117
 0.744565
 -1.60069
 -0.780051
 -0.632741
 -2.24344
 -1.89105
 -2.105
 -0.743669
 -1.1804
 -1.89423
 -0.817394
 -0.247542
 -0.600539
 -0.122135
 -0.621714
 -0.130706
 0.364988
 0.353067
 0.817413
 0.494383
 0.392704
 0.44076
 0.376741
 -0.203801
 -0.297173
 0.740041
 0.435605
 1.32723
 -0.479092
 0.121685
 0.417187
 -0.0571142
 0.570492
 -0.391663
 0.583361
 -0.341757
 -0.864572
 -0.0151429
 0.547149
 0.768147
 -0.00374167
 0.615531
 -0.188838
 1.36501
 0.723495
 -0.442912
 0.216269
 -1.31193
 -0.435042
 1.24603
 0.71321
 -0.0318195
 0.227384
 0.161857
 -0.217831
 0.284885
 0.180877
 0.169153
 -1.24507
 -0.255767
 0.300746
 0.0931143
 -0.567328
 -1.0387
 -0.649038
 0.331802
 -0.199136
 -0.0526416
 0.383748
 -0.581438
 0.48343
 0.535506
 0.747445
 0.324359
 -0.0347523
 1.77982
 2.69619
 1.97752
 3.01354
 2.78019
 1.65394
 2.10978
 1.54
 1.27822
 0.759734
 0.863646
 0.571196
 0.0991643
 -0.143689
 0.308047
 0.545953
 1.27787
 -1.07812
 -0.991308
 0.195693
 0.270734
 0.434651
 0.394564
 1.10313
 0.918503
 2.21022
 1.54463
 2.51198
 -0.104491
 0.0567639
 0.384977
 -0.0460421
 -0.0883791
 0.157927
 -0.0485959
 0.56277
 0.331913
 -0.0019971
 0.143658
 -0.689253
 -0.939864
 -0.823946
 -0.669535
 -0.229117
 0.221189
 -0.0164496
 1.12902
 -0.00525588
 0.384054
 1.02105
 1.12951
 0.637475
 0.654839
 -0.752281
 -0.219575
 -0.989277
 -1.28283
 -0.155065
 -0.395133
 -0.625525
 -0.446906
 -0.945854
 -1.71658
 -1.49704
 -2.28349
 -2.16344
 -1.79916
 -1.68315
 -2.61875
 -3.05618
 -3.41505
 -2.74863
 -1.1506
 -1.09469
 -1.18818
 0.43539
 -0.0100296
 -0.439082
 0.0150093
 -0.133426
 -0.959717
 -0.453008
 -0.558555
 -0.743352
 -0.803867
 -0.482752
 -0.00800989
 0.146051
 -0.572086
 -0.751438
 0.751863
 0.110484
 0.784638
 0.148363
 -0.707082
 0.115142
 -0.503048
 -0.0499086
 0.0767233
 -0.234781
 0.187747
 0.239142
 1.20006
 2.14478
 1.02603
 0.02232
 0.699016
 -0.0340129
 0.0855506
 0.0763052
 -0.493205
 0.595054
 -0.202766
 0.109083
 0.352003
 -0.332469
 -1.0111
 -0.858448
 0.25876
 -0.259634
 -0.777904
 -1.14656
 -0.826323
 -0.815801
 -0.090325
 -0.300419
 0.809245
 0.712077
 -0.248511
 -0.207386
 -0.37661
 -0.88385
 -1.45672
 0.46622
 -0.151977
 -1.15913
 -0.339825
 -0.0552893
 -0.734567
 -0.877441
 -0.0507871
 0.630316
 0.528753
 1.36447
 0.98682
 2.04289
 0.536399
 0.29486
 -1.27347
 -0.876155
 -0.0979928
 -0.852348
 -1.3136
 -0.592806
 -0.197026
 -0.290953
 0.497996
 -0.0698673
 -0.536186
 -0.0368229
 0.563478
 0.762973
 0.418057
 0.316134
 0.49618
 -0.300305
 -0.224824
 0.151433
 -0.385207
 -0.855713
 -0.0797372
 -0.706693
 -0.263521
 -0.849292
 -0.260451
 -0.0267903
 -0.0785832
 0.166512
 1.39482
 0.188678
