 0.797094
 0.201705
 0.559379
 0.289069
 0.230461
 0.139819
 0.0134661
 -0.0766799
 -0.542626
 0.246033
 -0.412953
 -0.993443
 -0.551241
 -1.29283
 -0.804044
 -0.204532
 0.0796717
 -2.02688
 -2.5446
 -2.35641
 -1.21643
 -0.506945
 -0.021123
 -0.743102
 -1.14385
 -1.13928
 -1.77552
 -0.295394
 0.0341357
 -0.11341
 0.535987
 -0.383499
 -0.113496
 0.529231
 -0.17475
 -0.743825
 -0.607086
 -0.397153
 -0.0063284
 -1.6612
 -1.76852
 -1.34157
 -0.868141
 -0.571749
 -0.755019
 0.295659
 -0.089302
 -0.664878
 -0.824894
 -1.38221
 -1.33435
 -0.597823
 -0.109228
 -0.243752
 -0.496456
 0.540796
 1.02606
 -0.367712
 0.189591
 -1.12703
 -1.29294
 0.192296
 0.183121
 -0.00228728
 1.41934
 0.300789
 0.145525
 0.407992
 0.651445
 -0.663971
 0.522618
 0.865754
 2.20132
 1.40341
 0.261257
 1.17002
 0.215611
 0.694146
 1.26389
 0.00721497
 -1.03798
 -0.557626
 -1.27526
 -1.94439
 -1.64187
 -2.0877
 -1.47735
 0.0818075
 -0.927918
 -0.996822
 -1.09938
 -0.291268
 -0.383122
 -1.30364
 -0.691768
 -0.188434
 -0.194332
 -0.75375
 -0.32375
 -0.603342
 0.473013
 0.810686
 0.823247
 0.438705
 -0.120268
 -0.381731
 -0.681152
 -0.0117761
 0.438925
 0.406586
 0.852685
 1.96359
 1.02178
 0.45734
 -0.615681
 -0.664369
 -0.937246
 -0.644691
 -0.837924
 -1.7501
 -0.781894
 0.389523
 0.585149
 0.0208203
 -0.207695
 -0.567508
 -0.676357
 -0.146361
 0.100089
 -0.0363262
 0.0456406
 0.433713
 0.724242
 1.05672
 1.02253
 1.13012
 0.539744
 0.587223
 0.401064
 0.282447
 0.585253
 -0.402142
 -0.137946
 -0.737396
 -0.589506
 -1.01458
 -0.384718
 1.67372
 0.92671
 0.290971
 -0.0209363
 -0.878667
 -0.979121
 -1.59517
 -0.310417
 0.364889
 0.543382
 -0.244906
 -0.608803
 -1.06059
 -0.24888
 -1.09596
 -0.48965
 -0.222658
 -1.2875
 -0.883545
 -0.569057
 -0.61447
 -0.028422
 0.135853
 0.714533
 -0.0117434
 0.226228
 0.923109
 0.799877
 0.784347
 0.851068
 -0.416891
 -1.16129
 -1.35092
 -0.794409
 -0.56287
 -0.037331
 -0.753309
 -1.84661
 -1.88141
 -2.70255
 -2.06538
 -2.19249
 -0.522867
 -0.512613
 0.998467
 1.1605
 2.42655
 2.82648
 2.2204
 2.63658
 2.44154
 3.02341
 3.11501
 3.21891
 2.44955
 1.01111
 1.08024
 0.394102
 1.1286
 0.907711
 0.162799
 -0.327439
 -1.23684
 -0.210378
 0.273082
 1.11629
 1.03631
 0.402328
 0.319185
 0.322174
 -0.325252
 -0.654091
 -0.780186
 -0.0797449
 0.625277
 0.0617273
 0.060206
 -0.506763
 -1.60963
 -1.2247
 -0.920403
 0.117601
 -0.156335
 0.250828
 0.181688
 0.10419
 0.397965
 -0.215604
 -0.0174586
 0.180582
 1.14057
 1.84124
 0.724492
 1.4541
 1.20227
 0.920808
 0.774923
 0.119173
 1.28789
 1.24867
 0.782443
 0.196908
 0.381583
 0.777174
 1.19447
 0.893565
 0.262378
 -0.536322
 -0.169868
 -0.232179
 0.314298
 0.333881
 -0.413344
 0.251769
 -0.76185
 -0.406852
 -0.535097
 -1.08129
 -0.750592
 -0.797371
 -1.41886
 -1.05629
 -1.31878
 -0.235147
 -0.948536
 -1.26165
 -0.783068
 -0.187322
 -0.224447
 -0.887368
 -0.889137
 -0.470481
 -1.02778
 -0.404649
 -0.103207
 -0.679906
 -0.779244
 -0.0884221
 -0.874178
 -1.14677
 -1.78804
 -0.634405
 0.344409
 -0.396944
 -0.771761
 -1.55465
 -0.270413
 -0.232205
 -0.373975
 -0.561789
 0.0181587
 0.410715
 -0.859502
 0.120424
 0.0768367
 0.890915
 2.04502
 1.90374
 1.50205
 0.426807
 1.11365
 0.618366
 1.32923
 1.76425
 1.6253
 1.84577
 2.20637
 1.87822
 1.95494
 1.59053
 1.65436
 1.65572
 0.674048
 -1.07159
 -0.570069
 -0.496052
 0.121388
 1.38726
 0.717033
 0.830308
 1.5699
 0.977471
 0.954809
 0.780771
 0.0126303
 0.671761
 1.02506
 0.947481
 0.0757358
 -0.407529
 -0.251519
 -0.706135
 -1.08482
 -0.744788
 -0.800326
 -1.00478
 -1.06485
 -0.113943
 0.0991192
 -0.5019
 0.763989
 1.22785
 1.49558
 0.356096
 0.630725
 0.5432
 0.676966
 0.400042
 0.908585
 1.10947
 0.524858
 0.167376
 0.575663
 0.235287
 0.345855
 0.146643
 0.355008
 -0.410407
 -0.518218
 -0.980816
 -0.599847
 -1.3092
