 0.104389
 -1.76293
 -0.835849
 -0.747962
 0.529432
 -0.946216
 1.39104
 -2.60957
 0.150061
 -0.967271
 -2.09431
 -2.95028
 -1.35232
 -1.54259
 -0.274618
 -1.45087
 -0.0274319
 0.190564
 0.484406
 -0.891481
 -2.37356
 -1.97588
 -2.82432
 -1.30067
 -2.61216
 0.561255
 -1.35688
 2.03596
 0.571168
 1.02227
 1.01786
 1.47486
 -0.15178
 1.82534
 2.635
 2.65113
 -0.186841
 0.594651
 1.14096
 1.57493
 -0.807204
 0.193759
 -1.32954
 -1.20642
 -2.53948
 1.79621
 0.248533
 0.782194
 -3.14842
 0.229062
 -1.01683
 -1.38605
 -1.15619
 -3.3722
 -1.94366
 -3.50793
 -1.00485
 -2.31297
 -2.44238
 -1.9477
 -0.620974
 -4.11896
 -1.42053
 -1.48144
 -1.21237
 0.109316
 2.21321
 -0.00461056
 1.477
 1.85142
 -0.299141
 1.95591
 0.129478
 0.188877
 1.44727
 0.577305
 1.6291
 1.06957
 1.1585
 -0.252823
 0.0368485
 -1.38622
 0.671015
 1.09125
 0.610781
 0.38876
 0.492666
 1.25918
 -0.528029
 -1.35475
 0.0385198
 -0.348851
 1.99322
 -1.39328
 1.07365
 -1.63604
 -0.645158
 -1.62056
 -0.836565
 0.0446672
 0.644092
 1.12496
 -2.34679
 1.31999
 -2.51147
 2.0407
 -1.07239
 -0.322724
 0.209657
 -2.305
 1.47815
 1.11911
 -0.856216
 3.08512
 -0.145638
 1.08551
 1.08567
 0.65616
 2.45619
 0.36592
 0.296528
 0.730627
 1.58809
 1.4169
 0.6765
 3.32084
 -0.574379
 3.46127
 0.695835
 1.75716
 1.61541
 -0.3524
 -0.0407777
 0.937332
 0.795539
 0.768395
 0.902455
 -0.844959
 -1.27363
 -1.44866
 -2.53448
 -0.494889
 0.384686
 0.287295
 2.74553
 1.02716
 3.3671
 0.831081
 3.86968
 1.84554
 -1.99452
 1.80341
 0.0512435
 0.526921
 -1.61835
 -0.222011
 0.468654
 -2.56124
 -1.21349
 -2.68165
 -0.838979
 0.384606
 1.18336
 1.98949
 1.3651
 3.20574
 0.229282
 3.48001
 0.859987
 0.821395
 0.50237
 1.32948
 0.818124
 -0.130466
 -1.08355
 -1.97446
 -2.56727
 -3.29671
 -1.1097
 -1.73452
 0.308587
 -1.40398
 0.382161
 -1.24381
 -0.324749
 0.881668
 1.33167
 0.809971
 -0.945029
 2.72117
 0.394632
 1.42422
 1.0572
 2.00333
 1.33529
 1.1837
 0.670491
 2.26663
 3.58591
 -0.213431
 0.686157
 -1.50021
 0.1861
 0.913104
 1.32101
 1.37314
 1.48572
 -0.428135
 -1.89251
 0.355325
 1.95769
 1.84801
 2.07748
 0.010783
 1.5815
 0.905512
 1.09131
 2.84568
 0.343716
 0.220756
 0.644968
 -0.482331
 -3.05292
 0.103605
 -3.24419
 -1.31699
 -3.27183
 -3.5565
 -4.12389
 -0.842681
 -1.51006
 -0.971401
 -1.58862
 -1.50347
 -2.96367
 -0.294135
 -1.47684
 0.879376
 -0.750332
 1.15889
 -1.27272
 -0.599323
 -1.22325
 -1.52186
 2.01459
 -2.05507
 2.00417
 1.0104
 1.21521
 1.13686
 1.34751
 1.8033
 -2.53804
 -1.08781
 -0.937788
 -0.736452
 -0.844352
 -1.28082
 -0.393987
 -1.18663
 1.64219
 -0.247752
 -0.399825
 -0.00953514
 -1.71136
 -0.523535
 -0.56116
 -1.65674
 0.735218
 0.255396
 1.62138
 0.845229
 2.20217
 -0.357991
 1.05019
 -0.275335
 -0.329121
 0.126238
 -0.252055
 -0.129206
 -1.76559
 -0.649323
 -2.26085
 0.278138
 -2.76991
 0.326172
 1.00406
 0.939138
 -0.840513
 0.497405
 0.379419
 0.704989
 0.706756
 -1.46685
 0.168093
 -0.300914
 2.59396
 1.86575
 1.96591
 2.16108
 2.57388
 0.381225
 1.81293
 4.86296
 1.02636
 4.76442
 0.850214
 3.34108
 0.732944
 1.21368
 -0.253538
 0.833811
 2.2424
 -0.758984
 1.08215
 -2.49441
 0.318898
 -3.7822
 -1.38824
 -4.37145
 -2.01748
 -2.36537
 -2.47888
 -0.474393
 0.190628
 0.92763
 1.27409
 0.0800584
 -1.23691
 1.9171
 -1.93445
 2.58639
 0.400919
 0.940085
 -0.327209
 -0.682812
 -0.657347
 -0.395721
 2.87996
 1.17585
 3.1363
 0.926833
 0.783908
 -0.715072
 -0.177481
 -0.757033
 -0.454553
 1.1885
 1.04874
 -0.373891
 1.74439
 -2.01516
 0.425216
 -1.21107
 -1.14103
 -0.627869
 0.594305
 -1.08628
 0.066231
 -0.38925
 -1.20727
 0.776738
 1.16565
 -0.676959
 1.85899
 1.70544
 -0.253454
 2.66276
 0.345123
 1.08423
 1.55654
 1.79305
 0.464328
 -1.78748
 -0.683458
 -0.886519
 0.55634
 -1.24127
 2.63472
 0.538856
 0.90903
 1.96162
 2.65045
 -1.34168
 3.02277
 -1.38239
 3.12087
 0.397495
 -0.536267
 0.174639
 -0.928569
 0.915039
 0.366558
 -0.644904
 0.493718
 1.13324
 -0.550711
 1.65905
 -1.28088
 -0.74175
 0.275385
 -1.45625
 -0.112775
 -2.65898
 1.38418
 -1.07019
 -0.873952
 0.0480727
 -1.30844
 2.65577
 -1.94111
 2.89445
 -0.109406
 0.523894
 1.02366
 -1.02876
 1.15547
 0.939449
 -1.54376
 0.652628
 -0.127536
 1.31815
 1.18181
 -0.378312
 -1.34125
 -2.01492
 -2.38455
 -0.966219
 -1.93432
 1.09782
 0.368747
 0.658076
 -0.175415
 0.968157
 0.500905
 -0.594647
 -2.12626
 -2.26151
 -2.46396
 -2.31548
 -3.71971
 -1.24294
 -2.58993
 -1.95648
 -2.40717
 1.01942
 -1.16181
 1.16995
 -0.240526
 2.2549
 0.164267
 -0.0747729
 0.51074
 -0.098829
 0.210667
 0.829836
 -0.265124
 0.882066
 -1.13114
 -0.828986
 0.443775
 -3.11701
 0.425776
 -1.82092
 0.643768
 -1.04013
 2.37756
 -0.733375
 3.67183
 -1.48007
 0.920096
 1.19157
 -0.297105
 0.772865
 -1.62311
 -0.521224
 -1.58727
 0.923443
 -0.721315
 3.78235
 0.00538388
 3.32512
 -1.12916
 2.78342
 -2.2499
 -1.74612
 -1.88463
 -0.545052
 0.692471
 -0.725759
 -0.205593
 -3.00924
 -0.504433
 -0.77671
 -0.0811983
 -3.14687
 -1.50331
 0.113032
 -1.63382
 -0.784354
 -3.71127
 -1.26861
 -1.77361
 -3.31135
 -0.681181
 -1.26016
 -0.0416708
 -2.71277
 0.178381
 1.79271
 -0.613477
 -1.71682
 0.756035
 -1.02007
 -2.24608
 0.12004
 0.896722
 2.6317
 0.292266
 1.63597
 1.98677
 1.58458
 1.40263
 0.777808
 0.440733
 1.10602
 -0.330219
 -0.164183
 0.676718
 2.24193
 -2.47218
 0.397081
 -0.680572
 -0.539047
 -3.95725
 1.06402
 -2.67401
 0.835525
 1.00068
 -0.794142
 -1.95971
 -2.13088
 0.0642305
 -1.52416
 -0.293757
 -1.39062
 0.567904
 -2.55185
 -0.707365
 -2.34519
 -1.10517
 -4.02781
 1.82177
 -0.562664
 0.507006
 -0.489202
 1.31365
 0.414717
 0.486403
 -0.700121
 0.834622
 1.66206
 1.30991
 -1.96777
 1.53764
 0.251029
 1.24212
 1.60426
 3.4049
 1.6544
 1.54528
 0.968751
 1.92958
 -0.0831793
 0.494043
 -0.216729
 0.626179
 1.66811
 -0.159889
 1.08153
 1.14797
 0.967409
 0.87783
 1.52826
 -2.18582
 -0.763255
 0.452947
 -1.8043
 -1.75935
 -1.78466
 -2.59263
 0.203444
 -0.937065
 -0.394613
 -0.587599
 0.183352
 1.08451
 0.255489
 3.04908
 2.76592
 1.04661
 0.960809
 -0.779027
 -0.437293
 0.0828214
 1.75874
 1.43814
 1.48298
 1.77136
 2.56158
 4.54129
 -0.706846
 2.38651
 -0.325018
 1.73444
 -1.43404
 1.95564
 0.857612
 3.03563
 -0.651359
 1.45386
 0.237667
 0.722427
 0.358452
 0.611159
 0.494231
 -0.169599
 1.26487
 0.68318
 1.63766
 0.596679
 -0.0983709
 -0.188722
 1.98769
 -1.67978
 1.17132
 -1.11265
 -3.04547
 -0.525806
 -0.0937752
 1.17634
 2.92711
 2.19689
 3.03086
 1.11022
 2.62815
 0.421108
 2.87749
 -1.22617
 0.37846
 -2.35729
 -0.401749
 -2.5838
 -0.381803
 -1.31789
 0.869021
 -0.862243
 2.49743
 -0.334422
 -1.91289
 -1.13474
 -0.24126
 -0.133434
 -0.578078
 0.127699
 -1.76304
 -2.34337
 -0.203568
 -0.0995909
 0.39175
 -1.38188
 -0.466537
 -1.64339
 1.47544
 -0.29188
 -0.350609
 -1.2231
 -2.29412
 2.31642
 -0.401246
 -0.0566084
 -3.06452
 -1.13585
 -1.87367
 2.01497
 1.66545
 -0.771592
 0.837185
 -0.440526
 -1.03104
 0.625628
 1.10255
 -0.0562093
 0.0527178
 0.0425792
 1.0362
 0.743608
 -0.717624
 4.04404
 -0.0282152
 3.51085
 -1.48713
 1.08268
 0.451205
 3.10137
 1.28788
 0.292431
 1.05957
 1.09862
 2.63556
 0.869316
 -0.0886694
 1.84079
 -2.75224
 0.204373
 -1.4123
 -0.850633
 0.784644
 1.77979
 1.1077
 -0.170815
 -1.3164
 -0.230115
 -3.64399
 -1.55379
 -1.17606
 -1.82567
 -1.8949
 -0.738981
 -0.266954
 -4.09788
 0.0404352
 -3.8412
 -3.68272
 -3.02041
 -2.91001
 -2.88745
 -2.05881
 -1.22345
 -1.90522
 1.55136
 0.379852
 1.14533
 2.55423
 -0.364086
 1.98837
 -0.337798
 -0.494171
 -1.68288
 -1.5051
 0.013798
 -1.63712
 -0.794942
 -0.936456
 -3.1825
 -1.23985
 -0.645031
 -0.508059
 0.60549
 0.8219
 -0.391732
 0.614821
 -1.14493
 -2.06836
 0.719847
 -3.15725
 0.594346
 -0.493567
 1.06765
 0.374638
 0.397377
 -3.15767
 -0.948584
 -0.122824
 0.506973
 -0.0497912
 -1.45304
 0.602302
 -1.57675
 -0.869598
 -0.487914
 -1.95807
 -1.05365
 -0.508201
 -3.55257
 0.668029
 -2.07775
 2.37723
 0.000651158
 4.05966
 -0.159324
 3.69344
 0.325772
 1.93436
 0.11248
 -0.359081
 -1.49023
 -0.456171
 -1.26559
 -0.32827
 -1.65542
 -0.389144
 -2.621
 -3.6788
 -4.47188
 -3.07465
 -1.72921
 -2.52785
 1.82094
 -0.370831
 1.5226
 -0.202277
 -0.731145
 -0.134347
 0.358917
 -0.726967
 2.35271
 -1.27095
 0.211509
 -1.20045
 -0.370554
 -0.0455759
 -0.605241
 -1.01798
 -0.335189
 0.140791
 -3.19163
 0.118056
 -0.539193
 -1.80629
 -0.359306
 -2.59038
 -0.472449
 -1.0287
 0.385885
 -0.899785
 1.17745
 2.15112
 1.6783
 1.44864
 -0.170887
 1.35825
 -0.339745
 0.476442
 -0.104413
 1.16157
 2.52775
 1.81975
 0.616285
 1.05662
 -0.538148
 0.997924
 -0.515061
 -2.00576
 -0.839189
 0.897725
 1.33573
 1.3341
 0.278786
 1.74251
 0.0937382
 0.879408
 2.34381
 0.933014
 -0.508947
 -1.5959
 -0.781933
 -2.03611
 -1.47725
 -4.98165
 -1.67479
 -1.62815
 -0.641769
 -1.75411
 -1.58077
 2.31641
 -2.08262
 -1.28854
 0.428899
 -3.30259
 0.981125
 0.526445
 -0.589003
 0.528392
 -2.18429
 -0.0261193
 -1.21635
 -2.61452
 -1.00344
 0.371643
 -0.0436968
 0.482778
 0.518156
 2.6541
 4.1204
 2.75111
 4.26455
 0.578538
 2.30905
 2.51916
 2.43377
 0.933368
 0.00369452
 3.87861
 0.978428
 3.81595
 2.86874
 0.309502
 0.640605
 1.16266
 2.9417
 -0.9162
 0.193258
 -0.97346
 1.02495
 3.74397
 -0.446958
 3.01306
 2.21925
 -1.2467
 3.76678
 -0.123943
 3.47156
 0.229282
 2.45832
 1.05396
 -0.667792
 -1.27951
 -1.76599
 0.856533
 -0.563612
 0.805106
 -0.569581
 2.69849
 -0.23047
 1.51447
 0.701232
 4.79452
 -0.731995
 -0.298407
 1.79561
 1.28219
 -2.54532
 2.76288
 1.39999
 3.97794
 -0.289566
 4.29182
 -0.722168
 2.80228
 -1.19444
 3.17161
 -0.761192
 0.501712
 -0.480875
 -1.00309
 -0.544982
 0.60402
 -0.56116
 -1.0786
 -1.49769
 -1.27841
 -2.17259
 -2.86311
 -1.24058
 -1.15518
 0.186544
 2.21346
 0.929178
 1.23348
 0.127291
 -1.26479
 -1.4213
 2.02913
 0.900231
 1.73546
 0.520222
 -0.723395
 0.995768
 -2.89453
 0.366796
 -2.64039
 -1.49047
 -2.27383
 -2.25489
 -2.3946
 -1.0654
 -2.06101
 -1.59669
 -0.877963
 -2.60634
 -1.06481
 -1.57352
 -2.31045
 -0.204456
 -1.63039
 -2.84072
 -2.75314
 -1.85509
 -3.52424
 -1.3372
 -1.11641
 -0.711664
 0.56319
 -0.586357
 -1.85842
 0.278433
 -2.14234
 -1.33037
 -4.63147
 -0.177668
 -1.52536
 -0.450121
 -0.673603
 -0.205167
 1.04253
 0.508157
 -0.684319
 -0.928044
 -3.32101
 -1.97691
 -0.921852
 0.122312
 -2.19043
 0.567761
 -0.814996
 -2.71721
 -1.48092
 -2.48469
 -1.53404
 -0.762866
 -1.81159
 -0.923833
 -1.07118
 0.633314
 -2.91077
 -0.889515
 -0.735661
 0.373952
 0.514896
 -0.958509
 -0.372202
 0.0556657
 0.426529
 1.31931
 0.640093
 -0.900676
 0.653604
 0.474075
 1.27277
 2.03911
 0.355311
 1.00201
 1.88277
 2.36196
 2.46829
 0.456209
 0.375714
 -0.318653
 -1.34147
 0.0127371
 -0.784224
 1.9426
 0.230793
 2.02912
 -1.68191
 -0.595279
 -1.77151
 -1.06491
 -0.0593011
 -1.22329
 -1.21714
 -0.632466
 -3.16668
 -3.07861
 -3.00981
 -1.58461
 -2.23349
 -1.5411
 -1.84732
 0.684262
 -0.200166
 0.709806
 1.26647
 0.706735
 -2.24518
 -0.961383
 -0.822189
 0.531285
 0.138107
 -0.550109
 1.91695
 2.38009
 2.92413
 1.47219
 -0.600596
 -1.50264
 -0.881146
 -0.337576
 0.0430025
 -2.12085
 -1.46666
 0.297474
 -2.30007
 -1.31834
 -2.67955
 -3.14659
 -1.83339
 -2.50991
 -1.34803
 -0.138556
 0.51243
 1.44783
 2.18772
 -1.59754
 -0.673438
 -1.09408
 -0.434368
 0.550848
 -0.920145
 0.858578
 -0.794139
 0.545323
 -1.47498
 1.66806
 -0.0983227
 -0.472348
 -0.220062
 1.03282
 -2.98479
 -0.115212
 -3.18252
 -1.69278
 -1.46119
 -1.11915
 0.460975
 -1.23598
 1.49936
 0.902796
 1.88947
 2.75806
 3.72753
 3.72985
 -0.59517
 4.34223
 4.02733
 2.62597
 2.00476
 4.28334
 0.331954
 3.37791
 1.24605
 1.51074
 2.50518
 3.0772
 2.78351
 1.58469
 1.79986
 0.501129
 -0.647116
 0.0639729
 0.345362
 3.35233
 1.41749
 1.51412
 2.15212
 1.70715
 -0.429034
 -0.390526
 -0.70619
 -1.42356
 -0.00118544
 -3.04963
 0.1219
 -1.77416
 0.0260922
 -1.34346
 -0.379393
 -0.668381
 0.709278
 0.0899328
 1.42225
 -0.336737
 0.0974727
 -1.35498
 -0.767348
 -2.14544
 -4.09402
 -3.15387
 -2.20534
 -1.01734
 -2.27332
 -4.38479
 -1.79228
 -0.679947
 -2.56777
 -0.0556316
 -0.134617
 1.18801
 0.486557
 1.30505
 -0.268429
 0.862398
 1.3918
 0.847312
 -0.206368
 -0.138867
 -0.694704
 -0.863141
 0.237868
 0.470568
 -0.880466
 -0.438311
 2.28155
 -0.00753029
 3.92221
 -0.847597
 -0.446147
 -0.212732
 -0.0991124
 -0.464078
 -1.38738
 -0.315105
 -0.699003
 1.8667
 -0.160677
 -1.30616
 1.60015
 -0.185496
 0.467898
 -0.589982
 0.157891
 -1.34257
 -0.176157
 -1.36706
 1.36802
 1.49302
 2.49439
 2.64708
 -1.80753
 2.33824
 0.477105
 2.07666
 1.05377
 2.14151
 -2.31892
 1.161
 -2.01471
 -0.150734
 -3.34023
 0.414951
 -0.791173
 -0.586978
 -1.853
 -0.642559
 0.368533
 0.409818
 1.11667
 1.45319
 2.32267
 0.315548
 3.5114
 -0.275074
 3.72426
 1.56364
 1.59069
 1.78597
 0.0774691
 -0.956363
 -0.0440894
 0.7297
 1.18042
 -0.775049
 -0.416595
 0.895596
 -2.05107
 0.533764
 3.50131
 -1.42884
 2.07296
 -1.04999
 0.213391
 -1.42085
 -0.204355
 1.31033
 0.0413464
 1.59689
 -1.90822
 2.61689
 -1.73333
 2.43412
 -0.339977
 0.731473
 -1.04115
 0.579334
 1.65249
 0.771629
 0.29455
 0.581924
 -1.55284
 0.838817
 -0.855699
 0.605588
 -2.01287
 0.194572
 2.41669
 2.30538
 1.98636
 -1.12449
 2.76581
 -0.846413
 0.437737
 -1.87672
 3.1731
 -0.213598
 3.05418
 1.52245
 3.00551
 0.546911
 2.47342
 2.45894
 3.24363
 1.25356
 3.90074
 0.378315
 0.70083
 -0.306217
 0.444909
 -1.15949
 -0.186039
 -1.53259
 1.17611
 1.0306
 1.14132
 1.67761
 -2.43923
 2.55638
 -0.157306
 -0.735911
 0.371151
 1.16285
 -1.35862
 -1.70212
 -2.56392
 0.510061
 -3.37098
 1.78981
 0.0780932
 0.847607
 -0.758335
 2.3614
 -0.439128
 2.71607
 -0.670674
 0.0853407
 -0.397468
 -0.105727
 -1.96452
 0.139319
 -2.71852
 0.203966
 1.86713
 1.56549
 0.576204
 -0.370689
 0.258449
 -0.390427
 0.644854
 0.0660524
 1.20107
 -0.540446
 1.26746
 -0.479162
 1.16951
 1.47906
 2.03033
 -1.06363
 1.99444
 0.584493
 0.395516
 -1.87737
 2.50043
 -0.935021
 2.5368
 -0.204814
 3.81291
 0.554424
 3.83512
 1.27508
 0.262777
 -0.616529
 -1.44837
 1.41433
 0.612028
 -0.957257
 0.301798
 -0.0418944
 -1.1948
 -1.00703
 0.723285
 -0.86262
 -1.4462
 -0.840253
 0.120317
 1.29037
 0.623758
 -0.790187
 0.588178
 -3.07928
 0.156063
 -1.41929
 2.66745
 -1.34648
 2.97885
 0.422797
 2.19472
 1.99368
 0.528075
 4.43175
 2.01222
 0.983266
 -1.57911
 -0.47336
 -1.78418
 -0.776689
 -1.2926
 -1.35021
 -1.13526
 -0.133658
 0.573842
 -0.126637
 1.61625
 -0.244954
 0.361144
 -0.944464
 -0.137982
 -2.33403
 0.801284
 -0.574982
 -0.576416
 2.31536
 0.938971
 1.36845
 0.464378
 0.877729
 1.69387
 -0.432254
 0.745024
 -0.108135
 3.51836
 0.91578
 1.92864
 2.17313
 1.98343
 5.26112
 -0.0703461
 0.999898
 3.93609
 -0.586762
 0.00797426
 -1.49077
 0.847924
 0.328056
 1.59963
 1.59414
 1.02218
 0.964617
 1.69767
 3.45378
 1.83327
 2.51217
 1.94362
 2.46496
 -0.698417
 3.33881
 -0.592822
 1.82723
 1.38806
 1.71114
 0.283064
 -1.20446
 -0.543511
 -0.621167
 -0.368162
 -2.93728
 -1.82476
 -0.972658
 -0.889592
 -0.405556
 0.42558
 0.175954
 -1.18266
 -0.124561
 0.509833
 -0.231583
 3.75127
 2.81403
 0.709158
 0.644496
 0.33748
 0.259742
 -0.167401
 0.690671
 0.891901
 0.837641
 -1.77779
 -2.56452
 0.709845
 -0.197453
 3.94758
 0.762903
 2.77431
 0.472064
 1.11319
 3.76271
 1.26998
 1.91134
 2.15027
 1.27345
 2.64387
 0.33198
 -0.586737
 1.77117
 -0.115069
 0.919741
 0.85664
 -1.7672
 -0.145312
 -1.47573
 -0.729481
 -2.1012
 -0.780529
 -1.83252
 -1.02491
 -0.880818
 1.11122
 -0.0622777
 0.774575
 1.14306
 1.42053
 0.483907
 2.08122
 0.812415
 -0.653306
 -0.721521
 1.47852
 -2.61516
 -0.266369
 0.751274
 -0.559546
 -0.118048
 -0.209496
 0.885825
 0.0271049
 -1.55795
 -0.272522
 -1.95388
 -1.20957
 0.34257
 0.705705
 0.173092
 -0.0469327
 1.41388
 1.77013
 2.22459
 2.09596
 1.89428
 2.9931
 0.570385
 2.61184
 0.470332
 -1.34938
 -0.293944
 -0.283794
 0.617495
 -0.678964
 -0.059203
 -0.276103
 0.0529266
 -0.402187
 1.37898
 1.15526
 4.17642
 1.76394
 3.74118
 2.71393
 2.17358
 0.723335
 1.86923
 0.0844927
 3.41055
 -0.217744
 1.71761
 0.145397
 -0.915389
 -0.856846
 -0.266985
 2.34066
 3.18457
 0.882411
 3.19153
 -0.216865
 0.215851
 -0.0374756
 -1.16225
 0.271647
 -1.16993
 0.554854
 -0.145608
 -1.23459
 -0.977323
 1.25095
 0.184242
 0.949967
 0.750026
 1.14603
 -0.10372
 0.284452
 0.475005
 1.33607
 -0.342308
 1.94074
 0.154818
 4.05334
 0.542448
 2.80894
 1.18888
 1.44048
 1.95009
 -0.209568
 1.05524
 -1.30839
 -0.951242
 -2.72104
 -2.9884
 -3.59024
 -1.4241
 -0.649103
 0.326029
 1.34674
 0.126485
 1.77931
 -0.385498
 1.3889
 0.596892
 0.130327
 0.936946
 -0.361183
 0.488757
 0.374906
 -0.039646
 -0.796899
 0.992719
 1.5822
 2.27291
 -1.42404
 2.26292
 1.33223
 0.916661
 2.96841
 -1.50621
 -0.957251
 0.459577
 -1.39863
 0.166648
 -2.03161
 -1.30868
 -1.9533
 -0.232977
 -1.91864
 -0.969236
 -4.12525
 -1.45936
 -4.24021
 -2.47601
 -3.03026
 -1.76091
 0.345413
 1.1945
 0.841777
 3.60316
 0.292773
 0.697448
 1.29353
 2.48926
 -0.62694
 1.27098
 -0.0223917
 0.0341709
 1.40953
 0.65419
 1.96189
 0.0188046
 -0.900419
 0.332542
 1.97181
 0.636871
 1.85701
 2.44878
 2.3345
 0.170708
 1.35682
 -0.394792
 -1.59469
 0.263206
 1.56173
 -0.506056
 -1.63456
 0.731815
 -0.46504
 2.35966
 -1.79911
 2.35896
 -2.15366
 1.48653
 -2.14879
 -0.266394
 -1.26722
 -0.609513
 -0.109062
 0.663477
 -1.20636
 3.32204
 1.36059
 2.1263
 -0.0249109
 1.05402
 2.64993
 2.17716
 0.845508
 2.28707
 0.208333
 0.84125
 -0.788781
 0.00854022
 -1.52873
 1.14444
 -2.82596
 -1.83037
 -4.22632
 0.381778
 0.814284
 1.8971
 2.74469
 2.78092
 -2.15594
 2.41808
 0.197459
 -0.0552902
 1.42614
 0.267194
 -0.279388
 -1.71284
 -2.70913
 -1.38563
 -0.136985
 -0.612134
 -0.0518911
 0.524071
 -3.36578
 -1.96126
 -2.24021
 -0.802692
 0.921961
 1.01495
 0.673073
 1.77562
 -0.349711
 2.55652
 0.839398
 1.1256
 0.123655
 -0.873666
 -1.17868
 -1.22703
 -0.111256
 -0.723695
 -1.82641
 1.71021
 -2.77704
 0.240538
 -3.74023
 0.0308154
 -0.379697
 -2.24079
 -0.0396949
 0.288613
 0.240376
 0.0337969
 -0.553298
 0.834659
 3.52111
 3.2099
 4.69052
 4.15556
 2.96988
 2.67327
 0.341055
 0.659562
 1.58009
 0.341418
 1.17642
 -0.283623
 -0.294885
 -2.31414
 -2.07445
 -0.837446
 -0.537948
 -0.810199
 1.45156
 -0.658606
 -2.05439
 -1.86457
 0.0816036
 0.519173
 0.380828
 0.645
 2.67031
 -1.79031
 2.56531
 1.19061
 -0.619193
 0.211475
 -1.12195
 -0.406778
 0.521905
 -0.0848161
 0.815962
 -0.342161
 0.737984
 1.10433
 1.14618
 0.877168
 -0.378248
 -0.999297
 -1.99564
 -4.42728
 -1.54066
 -3.92679
 -3.4004
 -1.93084
 -2.06001
 -1.97777
 -1.00127
 0.91071
 -2.89508
 -0.432522
 0.215821
 -2.80961
 0.977773
 -1.06356
 -1.25713
 -2.38463
 -0.896555
 2.65188
 1.44584
 3.27533
 0.103516
 4.26646
 4.12157
 4.93322
 1.5188
 4.19221
 2.22882
 1.66198
 0.527589
 -0.568113
 1.00404
 -0.73069
 0.587362
 -2.58706
 0.505722
 -0.553911
 -1.5213
 0.211859
 -0.275936
 0.234097
 -0.265928
 4.12669
 -1.02537
 1.10302
 0.316817
 0.935125
 -3.36526
 -1.36352
 -1.35525
 0.0957031
 -0.812534
 1.30076
 -0.0978072
 -0.571007
 -0.881684
 -1.88227
 0.545784
 -0.839278
 -0.886258
 -3.00409
 -1.13733
 -4.63791
 -1.9887
 -1.4166
 -0.816167
 -2.07019
 0.00844607
 -0.323454
 1.05326
 0.285176
 -0.67919
 0.620868
 -0.812057
 -1.96262
 -2.54605
 -1.90934
 0.670285
 -1.00423
 0.213289
 -0.767902
 0.0149374
 -0.891176
 2.16079
 -0.739244
 -1.06011
 -2.15909
 -2.92437
 -2.22548
 -2.94215
 -3.36106
 -1.27321
 -2.34541
 0.879598
 -1.13455
 -0.0289096
 1.06561
 1.05908
 1.44553
 2.41654
 1.91461
 0.406583
 2.59013
 2.75473
 2.16255
 4.52454
 -0.623005
 1.87308
 -1.12354
 0.333547
 -2.96204
 -0.643287
 -3.80116
 -1.09657
 -1.47633
 0.555722
 1.41891
 0.738777
 -0.780302
 -1.16451
 -0.983121
 -0.334433
 -3.2824
 -1.492
 -0.799721
 -2.1442
 -1.00925
 -0.484387
 -0.532986
 0.938618
 0.149841
 1.85711
 -0.409219
 2.45634
 -0.343913
 -2.53581
 -2.19714
 -0.726621
 -0.256875
 -1.15176
 0.51779
 -0.818197
 2.78711
 -1.78149
 1.72668
 -0.0550817
 1.3276
 1.19018
 1.3813
 0.731932
 -3.01821
 -0.212648
 -1.33337
 1.65812
 0.0845483
 2.16944
 1.69263
 2.98297
 3.16751
 2.53893
 -1.87903
 3.49939
 0.533266
 2.17295
 0.65992
 0.549226
 1.78395
 0.97901
 -0.655754
 0.507357
 0.559104
 -1.24056
 -0.0306364
 -0.0413047
 0.580033
 0.0895203
 0.312981
 -0.44708
 0.47124
 -0.869113
 -0.898914
 1.27004
 1.63159
 -0.577608
 4.21097
 1.42362
 0.925109
 1.09958
 1.6854
 -0.0866494
 2.75814
 0.48974
 -0.592923
 -0.752402
 0.0963415
 0.165186
 0.945839
 2.31113
 0.651119
 1.94144
 0.0754044
 -1.03119
 -2.35591
 -1.98449
 -1.87976
 -0.527653
 -0.996821
 2.8403
 1.64647
 -1.47102
 0.913648
 -0.4673
 -0.244134
 0.458534
 0.920137
 -0.851368
 -3.60715
 0.341388
 -3.11591
 0.148905
 -3.69584
 -1.31667
 -3.46882
 -0.818148
 -4.31461
 0.090391
 -2.32493
 -0.219745
 -3.27727
 0.802427
 -1.35627
 -0.727444
 -0.149399
 -0.108002
 -1.25697
 -0.616181
 -1.7115
 -0.244573
 -0.447972
 -1.65485
 -0.611448
 -2.85521
 -0.22641
 0.201959
 1.74265
 1.15676
 2.36613
 3.95023
 -1.39647
 2.95141
 -1.68444
 0.56278
 0.351581
 -1.94809
 -1.18941
 -0.573213
 -0.630168
 -2.28931
 -0.99602
 0.405684
 0.253803
 1.41409
 2.29305
 2.79834
 1.11124
 2.70761
 0.245856
 3.0686
 -1.17998
 0.920281
 -0.591045
 -0.212873
 0.300362
 -1.55938
 -1.2534
 -0.886527
 -1.55802
 0.0532947
 -2.00055
 -0.177657
 -1.54496
 0.242487
 1.01527
 0.82821
 0.405396
 0.943991
 -0.670519
 2.07597
 -1.87196
 -0.0338767
 -1.51851
 -3.08727
 -3.1661
 -1.16181
 -2.17967
 -1.34023
 0.149184
 -2.09635
 -1.16985
 -0.22471
 -0.745891
 0.232086
 0.213568
 2.19778
 2.15603
 0.247742
 2.48701
 1.86902
 1.7192
 -0.403307
 1.10963
 1.31621
 1.49393
 1.68144
 -2.32166
 0.366724
 -0.686216
 3.53981
 -1.60928
 3.35475
 0.373149
 1.48042
 -1.14666
 -0.431212
 -2.08364
 0.310723
 -3.61735
 -0.872421
 -1.9534
 -2.33969
 -1.73061
 -1.7461
 -1.02211
 -1.03975
 -0.0159443
 -1.1153
 -0.766359
 1.34788
 1.46868
 1.39532
 2.43365
 0.109709
 2.72855
 2.00793
 3.61516
 -1.08795
 1.39003
 -0.325175
 0.665459
 -2.63726
 -1.60575
 0.125872
 -1.10718
 -0.258104
 2.32197
 -1.78991
 -1.48218
 0.543899
 -0.578459
 -0.643627
 0.876905
 -0.305164
 0.291827
 0.948434
 1.36608
 2.72391
 0.608452
 1.29795
 0.424248
 3.53269
 1.57886
 0.325889
 -1.45175
 -0.0416919
 -0.935308
 -0.496356
 -2.47972
 0.782484
 -0.758627
 -0.267942
 -0.379486
 0.0533782
 0.815929
 1.50858
 0.0602322
 0.410148
 -0.605291
 -0.574585
 1.21566
 -1.20256
 2.49307
 -0.606753
 1.41445
 1.24784
 1.60931
 0.88125
 -0.618652
 -1.2371
 -0.0602214
 -1.54759
 -1.54471
 -4.67766
 -1.37274
 -2.77189
 -1.4796
 -1.3143
 -3.52284
 -1.68749
 -0.137325
 2.38124
 0.482728
 0.776236
 -0.509839
 -0.0167564
 -1.40251
 -2.11991
 -2.56034
 -2.01631
 -2.83935
 -3.17769
 -3.28443
 -1.02775
 -0.874117
 -2.3341
 -1.29256
 -0.915447
 -2.26586
 0.313638
 2.13851
 0.656772
 -0.517912
 -2.18575
 -0.209488
 -0.185464
 0.938723
 3.06715
 1.23131
 4.57933
 1.98416
 0.581088
 0.957351
 0.150732
 0.236246
 -0.157662
 -0.0924217
 -0.493415
 -1.14821
 -0.664084
 -1.13365
 0.0765417
 -0.391276
 0.696935
 0.153785
 1.78897
 -0.773177
 1.25226
 0.7701
 1.16513
 0.0558816
 2.3392
 0.36919
 1.36299
 1.42437
 -1.74241
 -1.01984
 -0.832535
 0.3781
 0.299329
 0.0240455
 1.41278
 -2.62933
 -1.14548
 -1.83561
 -0.767173
 0.378985
 -0.517959
 0.349452
 0.571209
 1.54512
 0.24305
 3.62407
 -0.516577
 2.73168
 0.173252
 -0.250693
 -0.607735
 -1.34845
 -1.62202
 -0.0345505
 -0.215727
 0.282027
 0.305718
 0.684331
 -1.81989
 -0.135183
 -2.79827
 -5.80659
 -2.90803
 -3.42072
 -2.01285
 -2.13637
 -5.19194
 -1.65993
 -0.0473211
 -0.979022
 0.138448
 0.891563
 1.00283
 0.783042
 -0.762624
 0.408266
 -0.831691
 0.169856
 -0.690485
 1.87214
 3.50716
 0.991875
 0.601927
 0.144538
 -0.0617989
 0.709963
 -0.707758
 -1.57636
 2.30037
 1.43091
 -0.237973
 1.39519
 0.760222
 -0.649539
 0.512611
 -1.23129
 -0.0289404
 -1.04402
 -2.2155
 -2.66568
 -2.26751
 -0.228565
 -1.43159
 0.122332
 0.403255
 0.95728
 -0.28504
 3.0434
 2.30856
 1.47592
 1.7851
 1.92086
 0.694733
 3.06099
 -1.78219
 0.848891
 2.05909
 -1.99387
 -0.0147249
 -1.60185
 0.639995
 1.1659
 1.33465
 2.6227
 0.0776485
 1.32611
 3.67152
 3.09185
 1.87995
 2.19054
 1.86568
 0.123868
 1.44658
 2.0347
 1.70099
 -0.590325
 -0.361172
 -3.95737
 -0.417081
 -3.03917
 -2.43169
 -2.01593
 -2.36322
 0.746037
 0.800062
 -0.616995
 2.73511
 2.41154
 2.52457
 4.09799
 1.69857
 1.97064
 1.80698
 0.107617
 3.25574
 1.5646
 0.954686
 0.318465
 1.3113
 0.134988
 2.16342
 2.53419
 -0.207538
 0.758614
 1.62492
 2.58248
 2.1267
 1.23296
 -0.288952
 0.516185
 0.696021
 1.30912
 0.362139
 0.805722
 -0.8642
 -3.02721
 -1.20674
 -0.21136
 -0.565236
 -2.35753
 -2.32306
 -2.44047
 -1.66143
 -0.857546
 -1.59796
 -0.282881
 0.907519
 1.50675
 -0.649718
 0.74478
 -1.7365
 0.53011
 -1.18788
 -1.94801
 -2.44677
 0.457366
 0.441416
 1.95424
 -0.101664
 0.920413
 -3.08449
 2.44296
 -0.904486
 0.138431
 0.833153
 -1.24679
 -1.8609
 -1.78973
 -0.13359
 -2.64688
 -3.20361
 -1.43776
 -0.509874
 -1.97267
 -1.2115
 0.607528
 0.810545
 3.01497
 0.944729
 -1.30168
 -0.389075
 0.0338992
 -0.54587
 -1.61099
 0.199087
 -1.3106
 -0.7613
 -2.73239
 1.39306
 0.779399
 0.925167
 -0.575635
 -2.23524
 -2.12286
 -2.72147
 -2.74335
 -0.776611
 0.29879
 -0.0781708
 1.05216
 -0.405509
 -0.100591
 -1.26294
 -1.89337
 -1.91904
 -1.89213
 -3.00061
 -3.3565
 -1.39924
 -4.98577
 -2.9196
 -0.282379
 -1.40218
 -0.0980355
 -0.12658
 -0.42819
 0.4966
 0.597254
 2.23978
 2.92091
 0.49865
 1.31354
 -0.390026
 1.24433
 0.440261
 -0.831462
 -2.63482
 -0.676384
 -0.558843
 -0.342608
 0.0857748
 0.80805
 -0.117863
 2.49734
 -1.3446
 2.44614
 0.0986952
 -0.132958
 0.860897
 0.731776
 1.00207
 1.45475
 -1.06636
 0.516618
 0.845331
 0.321325
 2.85981
 1.6653
 1.34212
 1.06785
 0.367747
 1.26104
 -0.148009
 -1.97837
 0.452624
 -1.0222
 -1.30378
 -1.86303
 0.0390144
 0.609679
 0.548698
 4.5616
 -0.688233
 0.577451
 -1.55514
 0.502521
 0.0681518
 -3.85025
 1.31252
 0.914144
 3.07154
 3.23198
 2.30212
 1.21403
 0.0133534
 2.48219
 -1.67354
 0.589861
 0.851176
 0.7222
 -1.78866
 0.25334
 -1.12776
 1.23404
 -0.669079
 1.18148
 -2.8637
 -0.905539
 -1.4257
 0.823499
 1.74111
 0.2577
 0.0951106
 1.12369
 1.13675
 0.248702
 1.89842
 -1.40433
 0.388181
 -0.982656
 0.814662
 0.64828
 -1.84767
 -1.20205
 1.06151
 -0.318293
 -1.44615
 1.42612
 -0.204671
 -0.783368
 -0.363271
 0.817181
 -1.2527
 0.976557
 -0.761339
 -0.486251
 0.20193
 0.777229
 -0.170039
 -0.717884
 -0.443513
 0.535387
 0.211257
 1.06346
 0.0503074
 0.65856
 -0.862565
 0.638271
 -2.24681
 -3.02093
 0.432032
 -0.693692
 2.09897
 -0.0172277
 -0.978081
 0.301353
 2.76224
 0.0651249
 2.09342
 -1.75568
 0.837698
 -0.0882344
 2.02213
 2.1275
 2.43461
 1.59746
 0.0788677
 1.44869
 1.12402
 3.70433
 0.00265046
 2.83624
 1.67267
 1.15171
 -0.581444
 3.86264
 0.334972
 1.65475
 0.423697
 4.4021
 -0.387101
 1.80839
 -2.5304
 2.05934
 -0.0730008
 0.2657
 -1.09608
 -0.443616
 0.102145
 -1.03547
 -0.0957102
 -2.16219
 -2.60716
 -3.33022
 -1.77143
 -2.25196
 -1.80575
 -0.521011
 0.0908597
 -1.24718
 -2.69097
 -2.90411
 -1.25672
 -0.896731
 0.738542
 -2.69656
 -0.890378
 0.299523
 -1.67563
 -0.43579
 -0.966551
 -0.204902
 -1.08827
 -0.296775
 -1.18788
 -1.73925
 -1.03542
 -1.24519
 -1.93833
 0.124452
 0.83016
 1.64883
 1.24616
 1.05933
 -0.259948
 3.4808
 -0.30842
 2.78186
 -2.18011
 1.46922
 -1.96758
 -0.393692
 -0.135021
 -3.02207
 -2.11431
 -2.02289
 -2.39379
 -2.25806
 -2.44567
 -2.61909
 -3.60436
 -1.88302
 -2.40585
 0.147957
 -1.27716
 -0.997914
 -1.94339
 -1.07309
 -1.7084
 -0.907343
 0.820055
 0.539298
 -1.68069
 0.532314
 -1.0759
 3.18254
 1.31593
 0.635531
 0.578108
 0.268241
 -0.348194
 0.959781
 -0.281055
 0.49798
 -0.845012
 -0.933
 -2.74262
 -3.00558
 -1.72207
 -1.75521
 -0.935694
 -0.180073
 -1.43486
 1.70048
 1.08939
 0.16948
 1.6774
 2.00779
 0.265038
 -0.291437
 -0.186476
 0.706987
 -1.09109
 0.1704
 -0.148958
 2.40818
 2.50308
 1.97938
 1.04134
 2.91691
 3.03675
 2.31888
 2.67303
 0.281395
 0.788501
 0.329289
 -1.04949
 -0.582304
 -0.257407
 -1.46737
 1.45188
 -0.210846
 -0.106003
 -1.46806
 1.88072
 0.012331
 1.01981
 -0.919718
 4.07987
 1.38801
 1.52202
 1.28243
 1.01813
 1.6484
 1.29112
 -2.42045
 2.58851
 0.663098
 0.998584
 1.51807
 1.55896
 1.86402
 0.750058
 0.0926627
 -0.718126
 0.315115
 0.725493
 -0.408476
 -2.15869
 -1.0631
 -0.463707
 -0.0283787
 -3.81697
 1.60644
 -1.3376
 -0.0219607
 -0.814797
 0.15196
 -0.209297
 0.349248
 -0.840718
 -1.88735
 -0.327585
 -4.15145
 -2.26379
 -2.36456
 -2.49211
 -1.28796
 0.452523
 -0.587592
 0.535653
 -0.432865
 -0.106282
 -1.66697
 -1.21958
 -3.58501
 0.735787
 -1.61137
 -1.61478
 -1.61533
 -0.308377
 -1.27727
 -0.610882
 0.368574
 -0.367474
 0.693551
 -0.355605
 0.692802
 0.870114
 -0.905929
 1.60128
 1.50204
 2.37289
 -0.866324
 4.22668
 -0.370171
 3.41564
 -1.63497
 3.15404
 -1.74419
 -0.383243
 -0.219499
 -3.69254
 0.744628
 0.947683
 0.247186
 2.58938
 -0.157554
 -0.733146
 0.272308
 -2.20761
 -0.0264742
 -1.01579
 0.0347819
 -0.578525
 1.43586
 1.14982
 -1.36337
 1.12578
 -0.542501
 1.6337
 1.37204
 -0.916152
 0.448123
 3.8395
 1.64657
 0.80254
 0.721344
 2.12371
 1.34245
 1.64701
 0.328714
 0.643395
 -0.795147
 -0.0277071
 -2.15709
 -0.601359
 -0.693334
 -1.30243
 -0.406447
 -0.291967
 -0.389451
 1.7875
 -2.49556
 2.92714
 -1.58693
 0.457637
 -1.26715
 2.04313
 -1.274
 0.513147
 -1.76753
 -1.57844
 -0.928721
 -1.13324
 -0.868828
 -0.249992
 0.853081
 -0.940874
 0.0794269
 -1.77998
 1.78364
 -1.95339
 0.570356
 -0.904756
 -1.66208
 0.246731
 2.11438
 -0.00150622
 0.540503
 1.61055
 -1.05662
 1.49031
 -0.961625
 -0.856606
 -0.476731
 0.0876064
 -1.48355
 2.76965
 -0.612337
 1.52836
 -3.0526
 -1.60525
 -1.32098
 -1.67024
 -0.554999
 -1.97621
 -1.04879
 -1.93432
 -3.29802
 -1.38744
 -0.185844
 0.638143
 0.0532807
 1.38457
 -1.19819
 0.787339
 -3.41415
 -2.24049
 -2.40793
 -2.17325
 -2.19438
 -3.70212
 -2.30302
 -1.44884
 -0.136584
 -1.19236
 0.533314
 -1.68976
 -1.1469
 -4.16518
 -0.704535
 0.615161
 -3.25198
 -0.198098
 -1.31514
 0.48392
 1.0559
 0.264846
 1.11139
 0.141108
 0.954892
 0.743567
 0.410877
 -0.958703
 -1.33311
 -0.292182
 -0.107256
 0.58118
 3.26258
 -1.35026
 0.805773
 -0.810025
 3.79984
 1.07426
 2.10157
 -0.137927
 1.04036
 -0.705728
 0.679872
 1.3168
 1.67824
 1.72081
 3.00016
 -1.09745
 2.16828
 -1.76426
 0.330772
 0.55285
 -1.35407
 -2.60501
 0.191422
 0.149805
 -3.86657
 -0.985471
 -1.36007
 -0.59552
 -0.204857
 -1.43046
 -2.77805
 -0.356923
 0.372434
 -0.333777
 -1.8174
 -0.645953
 -1.98948
 -3.02769
 -3.15938
 -1.42596
 -2.03378
 -0.824231
 -1.52987
 -1.28217
 -0.623119
 -3.60962
 -1.77021
 -1.44017
 -2.10839
 1.68842
 -0.988516
 0.305251
 -1.05271
 0.0796379
 0.399381
 1.28827
 1.70719
 0.200786
 -1.11188
 1.50938
 1.02665
 2.23253
 2.90673
 2.90982
 2.13117
 2.32889
 1.00882
 1.67671
 -0.451349
 1.84276
 1.50874
 2.82215
 2.48538
 1.21206
 0.949664
 -0.550505
 0.576798
 -0.979501
 0.870825
 1.32203
 1.46707
 1.42442
 2.83393
 0.90393
 1.66759
 -0.0187545
 0.649282
 0.841824
 1.41417
 1.73932
 0.554189
 1.20173
 0.930263
 1.27676
 0.322363
 -1.18935
 -0.318942
 0.151443
 1.04879
 -0.269283
 -0.170987
 -2.83871
 -1.47369
 -1.8475
 1.65067
 1.2212
 1.32688
 -0.634394
 1.04899
 0.0362514
 0.0764421
 -2.17698
 -2.22058
 -1.83677
 -2.43432
 -0.8023
 -0.427965
 -2.441
 -2.99199
 -2.56615
 -2.69635
 -1.1682
 -4.78742
 -1.67869
 -3.26831
 -2.54124
 -0.31564
 -0.150488
 0.840756
 1.27231
 -2.82579
 -0.597661
 -1.84966
 0.716778
 -0.0333062
 -3.35112
 -0.442326
 -2.93686
 -1.40627
 0.244913
 0.00155876
 0.339162
 -0.24811
 1.68539
 2.47129
 0.183374
 0.987584
 -0.446399
 0.247343
 0.887119
 1.18046
 2.03358
 -0.874107
 -0.968469
 0.546173
 0.513209
 -0.256535
 -1.14766
 0.703615
 -1.33801
 0.184608
 0.166763
 -2.13484
 1.36606
 -1.09248
 -0.434771
 -1.55136
 0.651226
 -0.331252
 1.23661
 0.967882
 0.156064
 -0.97531
 -1.3864
 -0.664638
 1.01156
 0.340096
 0.368082
 1.4302
 -0.364222
 0.182627
 -3.61279
 -2.09118
 -1.53865
 -3.15261
 -0.14325
 -4.04562
 -1.53216
 -1.9066
 -0.48117
 1.6997
 0.215475
 3.65441
 -0.474718
 3.98617
 -0.975334
 3.51806
 3.00325
 0.917388
 -0.491557
 1.56479
 1.76292
 -0.032047
 2.08744
 1.77663
 -1.09179
 -0.21009
 -0.406968
 -1.97265
 -2.03924
 -1.48146
 -1.77237
 1.20454
 1.48874
 4.49781
 3.6102
 3.58507
 1.24706
 -0.216179
 0.835735
 1.42902
 -0.257346
 0.765014
 2.1976
 -1.88894
 -0.808806
 -1.28143
 0.497406
 -0.0267935
 0.756784
 -2.08996
 0.210467
 -0.317884
 0.030959
 1.48257
 -0.66679
 -0.235117
 -0.343846
 -0.688766
 0.431874
 0.443796
 1.99295
 -0.620418
 -0.173268
 0.881825
 0.752937
 -3.28249
 0.788025
 -0.885029
 -0.915429
 -1.94472
 -1.49557
 -0.620286
 -1.24572
 -2.80244
 -1.95994
 -0.675033
 0.609836
 -3.04207
 1.04644
 -3.08744
 -1.42734
 -1.10671
 -0.661629
 0.447461
 -2.59106
 0.516098
 -1.98754
 1.54615
 0.184918
 3.37987
 1.02257
 4.97567
 0.149079
 2.58367
 -1.30166
 1.67538
 -2.06347
 0.581921
 1.02303
 -2.89947
 0.655567
 -0.730959
 -1.40927
 0.593736
 -3.50738
 0.78622
 -1.31572
 1.21874
 -2.37247
 -1.01194
 -0.708094
 -0.530519
 1.17814
 -0.176785
 -0.504568
 -1.34512
 -2.49106
 0.32366
 -1.08152
 -0.142454
 0.906233
 -1.06631
 0.00861439
 -0.108585
 0.453288
 -0.321601
 -0.719145
 -0.66733
 0.20655
 -1.44345
 -0.22593
 -1.07146
 -0.127672
 -1.55731
 -0.771171
 -2.95552
 0.310762
 -2.59239
 2.4216
 -2.15448
 2.3139
 -0.698646
 0.116545
 -3.0849
 -0.0634437
 -1.85473
 0.356823
 -2.05686
 2.53033
 0.807676
 1.218
 0.192365
 -0.948214
 2.61513
 0.404141
 4.01695
 2.14291
 2.34626
 0.903553
 4.89391
 1.12242
 -0.165717
 1.9947
 3.01206
 0.0830266
 0.67699
 0.341275
 -0.399741
 0.262699
 -0.437937
 -1.59737
 -0.523925
 -0.973288
 0.0277966
 0.439072
 0.595621
 -0.711957
 1.63451
 -2.25368
 2.06548
 -0.660315
 -0.281586
 -0.0812991
 -1.94827
 -1.30328
 -2.07808
 -1.17687
 -0.290242
 0.283047
 1.09167
 -3.13678
 0.0114482
 -1.34784
 -0.54197
 -0.567082
 -0.431968
 -0.338247
 -0.0392627
 0.948502
 1.49349
 -0.464955
 0.398157
 0.638748
 -0.813129
 -1.75428
 -1.85244
 -2.51711
 -0.802163
 -2.41527
 0.0716205
 -1.21189
 -1.53692
 0.054988
 0.78903
 -0.28658
 -0.046385
 0.677023
 2.38111
 2.58376
 2.68723
 2.46186
 3.62663
 4.31669
 3.46755
 2.40558
 4.4148
 2.6264
 0.151762
 -1.01417
 -0.252918
 0.573621
 0.0280097
 -2.07037
 -1.43513
 -1.67574
 -2.37356
 -0.647286
 -2.33553
 -0.361797
 -1.37338
 -0.407655
 -0.553606
 -2.39295
 -0.980833
 -0.167982
 -1.08986
 1.66142
 -1.51575
 -0.74515
 1.75119
 -1.53826
 2.00512
 -0.0828438
 -0.0409135
 1.01527
 -2.09646
 -0.0912546
 -3.22746
 -1.06957
 -4.15215
 -1.50809
 -0.499867
 -2.06859
 -1.08239
 1.19851
 0.0407124
 0.304746
 0.824022
 -1.07072
 0.818881
 0.896749
 2.34589
 -1.5721
 0.216826
 -1.30328
 0.581128
 -1.06771
 0.0540567
 1.96614
 2.07179
 1.97735
 1.0756
 0.21253
 -1.7605
 -0.655268
 -1.83602
 -0.957568
 -1.82644
 0.607439
 0.968977
 0.518882
 1.0453
 -2.92451
 0.569694
 -1.64087
 -0.375189
 -0.928054
 -0.251479
 -1.4475
 -2.01492
 -1.51389
 -2.14905
 -0.531967
 -1.72762
 -1.56931
 1.20019
 0.605599
 1.46277
 2.28631
 0.353344
 1.0753
 0.369838
 -1.04744
 0.317673
 1.08901
 1.8488
 1.82072
 3.40163
 1.54144
 2.93082
 2.13016
 1.89205
 -2.43015
 -0.777443
 1.64581
 -1.99644
 -1.10305
 -0.500124
 -1.42264
 -0.711199
 -1.61444
 -0.0164984
 -0.696251
 0.124595
 -1.95978
 -0.198798
 -1.76376
 -1.95897
 -0.0739582
 -0.504023
 1.1677
 -0.750332
 3.26919
 -1.06318
 1.39956
 1.6162
 1.069
 1.87161
 0.263242
 1.32046
 -0.800601
 2.50269
 -0.0915039
 0.364695
 1.09917
 -0.877256
 1.53182
 -0.119
 -1.01081
 3.40438
 -1.5235
 1.25975
 0.27804
 0.411813
 1.33257
 0.376458
 3.20957
 0.786879
 0.86042
 1.56842
 -1.85787
 0.584788
 -0.249343
 1.02282
 -1.0803
 0.651228
 -0.946326
 0.408699
 -0.176301
 1.70996
 -2.20351
 -0.1933
 -1.46952
 -0.50442
 -0.314862
 -0.631456
 -1.23693
 0.571634
 -1.34804
 1.85016
 0.95564
 2.87819
 0.893468
 -0.159071
 -3.138
 -1.54443
 -1.0356
 -2.80454
 1.04559
 -3.36087
 -0.806754
 -2.17056
 -2.98253
 -3.04019
 -1.64659
 -2.32443
 -0.96193
 -0.646672
 -2.18149
 -1.11749
 -0.618365
 -1.7532
 -0.839447
 0.104836
 1.02822
 -0.520003
 0.683072
 -0.865762
 0.698978
 2.25835
 -0.236686
 0.593763
 0.946448
 4.09442
 1.49632
 3.66316
 3.53204
 3.41265
 2.81684
 1.53114
 0.149711
 2.28475
 0.387689
 1.734
 2.29191
 0.869967
 1.0907
 -1.05947
 2.94538
 2.58172
 5.43838
 -0.0539477
 4.20072
 -0.827448
 0.00239308
 -1.35845
 -1.13055
 -0.660505
 0.486794
 2.00299
 0.42065
 1.75804
 -0.150392
 1.28877
 -0.391817
 -1.45634
 -1.65247
 -0.278628
 -0.6935
 -0.968756
 0.17306
 -0.885088
 -2.39464
 -0.523387
 -1.07204
 -0.300203
 -0.493294
 -1.88824
 -1.02472
 -1.79195
 -3.61436
 -1.91705
 -1.72394
 -0.460948
 1.91926
 3.37703
 1.33317
 5.15113
 -0.370871
 -0.672946
 -1.64505
 -1.95299
 -0.74145
 0.613675
 -0.716977
 3.51826
 1.95691
 0.985715
 1.05122
 -0.577993
 0.173693
 0.57829
 0.0863172
 0.410708
 0.964913
 0.360268
 0.700175
 1.60718
 0.166414
 1.28382
 -0.393448
 0.0888404
 -0.434252
 -1.32433
 2.57884
 0.284904
 2.5178
 2.2387
 2.39392
 1.93524
 1.00397
 1.93415
 0.136442
 1.32809
 0.732537
 1.48264
 -2.16343
 0.497845
 -0.92077
 -1.58137
 0.266533
 -0.500174
 0.859167
 0.390424
 0.955887
 -0.302109
 1.52612
 0.748033
 -0.577271
 0.703145
 0.837347
 1.50657
 -0.145445
 1.19085
 -0.74976
 0.453653
 1.99322
 -2.04516
 2.56169
 -0.252669
 2.00298
 0.85031
 2.77302
 0.906217
 3.61748
 1.76985
 2.30098
 0.634883
 1.36829
 0.568203
 0.556703
 1.82225
 -2.68701
 -2.32009
 0.787572
 -1.2175
 -1.04347
 0.0932251
 1.11911
 -2.67591
 2.12839
 -2.26009
 2.16356
 0.772867
 0.782791
 1.45303
 1.79842
 2.22618
 2.52431
 2.91997
 2.43828
 3.19905
 3.72856
 2.45951
 6.3889
 3.81723
 4.74579
 2.52707
 2.79473
 3.04343
 2.5894
 0.256422
 0.386023
 0.179022
 1.10394
 -0.058872
 0.752831
 3.06604
 0.746815
 0.507631
 1.62149
 2.25262
 0.428068
 0.738854
 -0.26422
 0.016642
 -0.514431
 -0.0994434
 -1.38838
 -0.462128
 -0.964401
 -0.293902
 0.817099
 2.81467
 1.24794
 2.8765
 1.72378
 2.45086
 1.67319
 1.59331
 2.02912
 4.24223
 1.09898
 -0.437542
 -1.42434
 0.775164
 -1.57933
 1.05203
 -0.525673
 0.164786
 -1.68551
 -0.739524
 -0.106815
 -0.421879
 -1.94678
 -2.0334
 -3.74193
 -1.84316
 -3.86657
 0.260154
 -3.22163
 -1.00396
 -3.68645
 -2.26885
 -4.15858
 -2.14073
 -1.28795
 -2.04768
 0.296297
 -1.49928
 0.0249596
 0.61471
 -0.521756
 -1.95661
 -1.66771
 -0.353813
 -1.66757
 -2.25399
 -2.87384
 -1.62914
 -1.22054
 -1.8537
 -1.34406
 -1.42521
 1.06287
 -0.228238
 2.31559
 0.698186
 4.20063
 -0.54649
 -1.50952
 -0.421515
 -1.61427
 1.03258
 -0.611672
 1.45574
 1.65882
 2.25074
 -0.52702
 1.34121
 -0.721154
 1.037
 -0.343529
 -1.67147
 -2.63448
 -0.950508
 -1.89734
 0.0113439
 0.929357
 -0.00357839
 2.19459
 -0.904931
 -0.579938
 0.299608
 -0.951053
 -1.14225
 -1.81271
 -1.53301
 -2.07056
 -2.94355
 -2.08723
 -1.68645
 -1.4619
 -4.19007
 -2.6534
 -3.23499
 2.07445
 -0.0715292
 0.173428
 0.661454
 -0.885407
 0.0356162
 1.76969
 -1.66708
 1.41441
 -2.81704
 -0.306725
 -1.56655
 1.08614
 -0.48052
 -0.091017
 -1.02178
 -2.56046
 -2.04164
 -1.26856
 1.66694
 -1.03045
 1.38703
 -1.24238
 -0.511521
 1.94563
 -0.140038
 1.94892
 0.475295
 0.750426
 0.109035
 1.55478
 -0.270815
 1.2108
 -0.112578
 0.104715
 -0.436632
 0.599974
 -0.870799
 -0.791186
 2.16274
 0.168682
 2.1323
 0.981432
 1.25434
 -0.87784
 0.246969
 0.961335
 0.752763
 1.03212
 -1.45304
 -0.42155
 -1.27794
 0.844703
 -1.18075
 -1.23826
 -2.48217
 -3.25843
 -3.44103
 -1.14762
 -1.75223
 -2.15815
 -1.38891
 1.59001
 0.574935
 2.46456
 0.672145
 1.01738
 0.403794
 0.202086
 -0.00409406
 1.25803
 1.72335
 1.89535
 3.16914
 1.29479
 0.0576146
 2.02723
 2.97072
 1.62688
 1.0278
 1.61264
 1.83304
 -0.25931
 0.61702
 1.02329
 2.83585
 3.48453
 0.0744009
 2.43996
 -0.462731
 1.2181
 -0.766079
 1.70919
 -0.841775
 1.88123
 -0.820946
 0.191987
 -0.711271
 0.974263
 -1.25662
 -0.314594
 -1.31391
 0.758245
 -1.65894
 -0.411584
 -1.33924
 1.5297
 -2.36397
 0.659899
 -0.882096
 -1.03435
 -0.13428
 0.935957
 -3.47498
 -0.223606
 -0.511393
 -0.410965
 0.381931
 0.0876809
 -0.856661
 1.241
 -2.72169
 1.20046
 -0.454568
 0.97544
 1.23185
 -0.672902
 -0.0910383
 -1.30133
 -0.76981
 -1.51742
 -0.545266
 -2.55833
 -1.41651
 -1.41007
 -0.978293
 -1.73855
 -0.158253
 0.0283816
 -0.837329
 -1.67909
 -2.11125
 -0.721998
 1.28218
 1.3404
 -0.373521
 -1.62983
 -0.376137
 0.968249
 -0.36633
 1.30578
 -0.765427
 -0.544518
 -1.4997
 -1.91632
 -3.71814
 0.105485
 -0.495915
 -0.48378
 -0.102624
 -0.779026
 0.557759
 -0.989981
 1.82595
 1.51487
 -0.649171
 0.410585
 0.77234
 0.935383
 1.36738
 -0.769946
 2.5462
 -2.0954
 -0.638702
 -1.36572
 0.0920945
 2.14646
 -1.7916
 -0.356011
 1.17557
 -0.192342
 1.77934
 2.32243
 3.24053
 3.18775
 2.08571
 2.43202
 0.634624
 0.467102
 -0.946575
 -1.17104
 2.18774
 0.591988
 4.69405
 1.15775
 3.26111
 3.54341
 3.32462
 1.83954
 2.90296
 1.50011
 4.74394
 -0.221848
 3.21712
 -0.732216
 0.612105
 -1.20916
 -1.04948
 0.0793167
 1.14932
 1.41141
 1.83879
 0.25143
 0.21236
 -1.19121
 -0.00654238
 -0.681873
 0.835682
 -0.404954
 0.85867
 -1.57433
 -0.189747
 -2.46377
 0.417225
 -0.176754
 0.101235
 0.914985
 1.35929
 -2.22583
 0.126368
 -0.108191
 1.60415
 -0.398448
 0.0344274
 0.365284
 -1.17139
 1.45135
 1.7684
 0.671367
 0.527374
 0.22357
 1.0888
 -0.321397
 0.298173
 -1.00188
 -0.109611
 1.13196
 0.00171229
 0.983717
 2.34106
 -2.28516
 -0.790927
 1.08676
 1.90498
 2.88949
 1.46853
 0.635599
 -2.86916
 -0.532942
 -1.37656
 -0.794163
 0.684703
 0.851782
 -0.69836
 -1.25677
 -1.71741
 -2.82702
 -0.0888276
 -3.82338
 -0.293362
 0.594488
 1.19524
 2.37548
 1.58251
 3.17439
 0.969478
 3.484
 2.01858
 0.97686
 2.55054
 2.63083
 -0.497796
 0.928105
 1.80671
 0.109691
 0.665477
 1.26723
 1.01761
 2.64567
 5.12388
 4.77632
 0.893307
 3.67556
 1.04026
 1.51924
 0.390331
 1.64504
 1.94604
 0.895686
 0.866147
 1.11924
 1.3521
 0.681046
 0.582686
 -0.704167
 0.647038
 -1.43587
 -0.669248
 -1.54874
 -0.82183
 -1.76286
 0.0274004
 0.698079
 1.34141
 1.0089
 -0.103808
 0.464511
 -1.10429
 -1.96032
 -0.741716
 -2.85031
 -1.56043
 -0.85042
 -1.78926
 -0.994889
 -2.49744
 0.172456
 -2.46147
 2.24994
 0.0596463
 0.577643
 0.26471
 1.4812
 -1.4058
 -2.01744
 -0.713393
 0.79967
 0.691145
 -1.05916
 -0.367732
 0.358067
 -1.12001
 0.445323
 0.987761
 4.44205
 -0.879956
 2.38507
 -0.595188
 -0.186151
 0.0436798
 -0.687887
 0.272242
 1.20666
 -0.371273
 1.23178
 1.54586
 2.08987
 0.449805
 0.320484
 0.881976
 0.949354
 1.41889
 -1.49008
 1.13053
 -0.852339
 2.80727
 -1.19776
 0.939783
 1.36289
 -0.166549
 -0.439744
 0.295951
 -0.716799
 -0.071816
 0.341672
 0.850702
 0.947362
 1.81693
 2.23963
 -0.236459
 -0.0919269
 0.792164
 1.85541
 0.000220751
 1.01296
 0.690355
 1.70458
 2.97752
 2.91824
 1.74715
 1.37813
 -0.0542053
 -1.2598
 -0.928636
 -0.903249
 0.929939
 0.374143
 1.6149
 -1.93218
 -0.556983
 0.0273653
 -0.96731
 0.204723
 -2.85377
 2.19094
 -0.442419
 -1.03121
 0.774041
 -1.46619
 2.54595
 -0.706446
 4.27487
 1.19394
 1.76
 2.2617
 0.939938
 3.90728
 -1.1658
 3.09548
 -1.24844
 -0.0866237
 -0.189774
 0.575562
 -0.694456
 0.0737955
 -3.50046
 -0.555885
 -1.42042
 0.378706
 -1.26226
 1.31782
 1.35236
 0.763663
 -2.00727
 2.96415
 1.2071
 0.948166
 1.31037
 2.93257
 0.91632
 1.84864
 2.28087
 3.0015
 3.07602
 3.35227
 2.87081
 -0.235059
 3.84579
 0.925535
 2.85417
 -1.8687
 0.538122
 0.351639
 1.26942
 -0.339589
 1.41418
 1.63161
 1.69201
 -0.216769
 0.799031
 0.848977
 1.33439
 2.20154
 0.818169
 0.0601022
 1.42281
 0.99604
 4.79041
 1.8426
 2.5981
 0.808651
 3.15536
 2.22552
 2.86872
 3.22777
 2.18326
 2.18693
 0.476845
 1.44074
 3.62606
 -0.109119
 0.984744
 0.117631
 1.08391
 1.2503
 -1.67624
 1.15747
 0.675268
 1.10743
 0.661923
 -0.0564211
 0.252729
 -1.16001
 0.700867
 1.03148
 1.74246
 2.14645
 0.203424
 -1.37381
 -1.1835
 1.08249
 0.336256
 0.50537
 0.563894
 1.64772
 -0.392993
 -0.0101018
 -0.819875
 -1.40627
 -0.0885994
 1.0582
 -0.556536
 0.463033
 -1.33154
 -1.12988
 -2.25895
 -0.0061774
 -1.4623
 0.0311982
 2.27745
 0.433065
 0.229055
 -2.19326
 -0.523919
 -0.870777
 0.748292
 -0.677689
 1.40337
 1.69674
 1.76525
 1.61765
 -0.0502064
 0.595325
 0.124604
 -0.294714
 -0.0456828
 -1.64405
 -3.35991
 -0.495914
 -2.69084
 0.390389
 -1.09726
 0.595856
 1.67836
 2.67869
 1.18274
 1.67562
 0.928861
 1.26449
 1.71367
 1.15079
 0.908842
 1.33669
 0.627074
 -0.186366
 2.57695
 -0.738332
 2.32087
 -0.874523
 3.14506
 -2.17433
 -2.31966
 -0.607827
 -0.727474
 0.0200766
 2.32193
 -1.70996
 2.80106
 -0.405378
 1.37885
 1.46039
 0.365395
 0.150476
 0.661343
 -1.99818
 -1.20681
 -1.83151
 -0.670448
 0.229623
 -0.722228
 -0.137648
 0.959674
 -3.23985
 2.16803
 0.393876
 -0.935956
 1.58381
 -0.260787
 -1.14786
 0.275378
 -3.04755
 0.747726
 -3.59987
 -0.632977
 -0.535914
 -2.2428
 -2.65115
 -0.811415
 0.475934
 3.06789
 0.801688
 1.06699
 0.400376
 1.89413
 -0.826236
 0.597519
 -0.154821
 0.0673894
 -1.1696
 1.25397
 -1.5368
 2.16306
 -1.99227
 3.53969
 -0.905129
 2.34211
 -2.12009
 1.80499
 -0.274123
 1.58261
 0.307459
 -0.578888
 0.371927
 1.3777
 1.20515
 -0.0511222
 0.314192
 -0.116066
 0.585191
 -3.53212
 -0.775179
 -1.15355
 -0.0674083
 0.783459
 -1.29958
 -0.203905
 -0.239077
 -1.17777
 -1.86555
 0.818443
 -1.44068
 -2.21036
 -0.288405
 -0.214199
 -1.72524
 0.158981
 -1.29461
 -0.789539
 -1.3382
 -0.249861
 -3.357
 -1.96536
 -2.72016
 -0.419015
 -2.90644
 -1.93025
 -2.26683
 -1.12067
 -1.99294
 -2.89676
 -1.50431
 -2.96226
 -2.31483
 -1.9524
 -2.0194
 -1.64304
 -3.38754
 0.983616
 -3.37203
 -3.23757
 -3.56314
 -2.10408
 -1.24684
 -1.84815
 -1.61521
 -1.90171
 0.00251592
 -1.39234
 -0.730084
 -1.41366
 0.0559377
 -2.37327
 -1.99534
 -2.65645
 -2.68587
 0.231948
 -3.45876
 0.883438
 -3.35013
 0.603842
 -0.974081
 -0.377066
 -1.64044
 -0.49749
 0.922461
 0.195459
 0.66065
 1.74231
 1.83205
 2.24398
 -0.399728
 0.420579
 -1.34531
 -2.16467
 -2.90474
 -2.32945
 -0.833899
 0.5712
 -1.47014
 0.113362
 -0.984515
 -0.51488
 -0.188085
 1.16586
 -0.0529267
 0.790176
 1.68903
 0.194097
 0.551682
 -3.30095
 -3.02033
 -0.313935
 -1.77749
 0.718449
 1.05803
 -0.123303
 0.438861
 1.02662
 1.24061
 0.307851
 0.614236
 1.63292
 1.47626
 0.183718
 1.03203
 3.28341
 -1.40586
 3.03658
 -1.98277
 0.216655
 0.133206
 0.452434
 0.0943043
 3.61444
 2.38636
 5.79063
 2.08386
 0.82843
 0.344755
 2.38969
 0.646822
 0.768668
 -0.790598
 0.351855
 -0.72669
 -0.021845
 -1.28106
 -2.1519
 -2.02839
 -1.547
 -1.84398
 -1.10377
 -0.793121
 -1.25374
 -0.319267
 0.13441
 -0.317673
 -0.656227
 -1.19887
 -2.11109
 -2.30685
 -0.980855
 -1.81202
 -0.195061
 -0.455297
 0.745324
 -1.57719
 -0.113021
 -1.13017
 2.02647
 -0.848271
 0.251171
 -0.999605
 1.5026
 0.464419
 -1.64205
 -2.20234
 -0.709051
 0.0243158
 -2.50637
 -0.212593
 -2.25302
 0.320864
 -3.14702
 -3.24277
 -0.0658835
 -1.10641
 0.416843
 1.50518
 1.42886
 2.19442
 0.923926
 1.39034
 0.714006
 2.05777
 0.822983
 1.51032
 2.13336
 1.13439
 0.969649
 -0.570329
 0.64352
 -0.91295
 -0.428994
 -1.31906
 -1.40767
 -4.72907
 0.947145
 -1.59927
 -0.0126459
 0.214898
 -0.627636
 -2.00614
 -1.44424
 0.731883
 -1.23504
 0.0614321
 -3.05882
 -1.66735
 -1.92913
 -2.51748
 -0.237619
 1.12853
 0.105375
 -0.348161
 -0.148958
 -1.11568
 -0.545063
 -1.99585
 0.299665
 -3.66604
 -1.59
 -0.410232
 -1.3547
 0.834857
 0.849514
 0.536591
 1.17241
 0.69083
 3.32627
 1.3257
 2.62066
 1.06734
 2.62506
 0.512601
 2.7648
 2.62774
 -1.49955
 1.86564
 -0.183237
 0.784721
 3.82468
 0.634659
 3.61055
 1.59272
 2.48933
 0.995167
 -0.46906
 1.19537
 -0.138042
 -1.29366
 1.24299
 -2.54647
 0.584309
 -1.7314
 -1.34406
 -0.257442
 -0.786879
 -0.987857
 -1.67418
 -0.259549
 -2.72503
 1.10341
 -3.01984
 -0.138076
 -0.326964
 0.0889456
 -1.2443
 1.44866
 -1.64965
 0.0936396
 -0.289696
 -1.59162
 -2.10176
 1.46581
 0.500319
 0.909175
 0.38017
 0.785752
 1.61352
 3.16947
 1.54472
 5.79924
 -0.11292
 4.53285
 -0.755965
 -0.547025
 -0.645029
 0.116968
 -1.10734
 -0.55425
 -1.02599
 0.950341
 -1.71817
 0.524147
 -2.81742
 2.24352
 0.547205
 0.459243
 0.138417
 -1.52395
 -0.832717
 -0.64614
 0.590335
 -0.185376
 1.81731
 1.58463
 -2.35826
 1.12223
 -1.36739
 -0.755289
 -0.32284
 -1.29243
 -0.686848
 -0.147454
 -1.95818
 -0.5115
 2.38905
 1.58395
 0.935335
 1.46578
 0.0542448
 1.64826
 -2.62648
 2.28401
 1.43794
 -0.233342
 0.284247
 -1.74166
 1.86559
 -1.02533
 0.0590999
 -0.597206
 -0.171253
 0.138845
 3.45503
 1.22896
 0.727149
 1.3577
 2.59963
 1.7558
 0.870289
 3.37917
 2.09652
 0.017183
 2.45574
 0.210609
 1.04447
 1.56864
 -0.217513
 -2.31751
 -0.983091
 -1.97021
 -0.842111
 -0.261869
 -1.00551
 -1.73898
 -2.9765
 -1.6004
 -1.2652
 -1.144
 -0.443036
 -0.137211
 -1.09754
 -0.0417956
 -0.871198
 -1.01019
 0.260497
 -1.27844
 -0.217336
 -0.349631
 -0.937501
 -1.81102
 0.645158
 -0.200778
 0.467911
 -0.965684
 0.699421
 0.0429374
 -2.63287
 -1.37441
 0.702048
 0.758937
 -0.693002
 2.37597
 0.164231
 1.48128
 0.539697
 0.977152
 -0.109561
 0.257544
 -0.320702
 0.830021
 -0.801446
 0.814159
 -2.92139
 2.1144
 0.14641
 0.531085
 1.27564
 1.80392
 -0.0323857
 0.253636
 -0.966012
 0.563513
 -0.0505232
 -0.641654
 0.0077813
 0.673619
 0.0546814
 -0.121114
 -1.54705
 -0.924331
 -1.67769
 -1.27485
 -1.70143
 -1.93869
 -1.76541
 -1.18561
 -1.8064
 -1.33693
 0.0803062
 0.664012
 0.779708
 -0.083494
 0.763197
 1.24795
 2.21368
 -1.85274
 0.954708
 -0.337425
 1.14012
 1.77521
 -0.0775815
 -2.15936
 3.01417
 -0.998424
 0.235202
 -1.98696
 0.0797724
 -2.0554
 0.0642061
 -2.45488
 -1.7616
 0.341176
 -3.9169
 -1.00193
 -1.31516
 -0.364245
 -0.351881
 0.229421
 -0.874182
 -1.51785
 -1.26903
 -1.32429
 -2.2463
 -2.29208
 -1.0429
 3.23915
 -1.86552
 -0.392039
 0.647281
 -0.753859
 -1.70106
 -1.92035
 -0.853035
 0.331687
 0.735751
 1.641
 -0.878666
 1.6897
 1.44314
 2.39421
 0.404792
 0.870282
 0.347501
 1.63983
 -0.0556271
 1.83679
 -0.0445097
 0.810483
 1.24405
 -0.0404496
 0.907354
 -1.60137
 1.61991
 -2.41619
 0.187951
 0.133852
 1.44274
 -0.542995
 0.708157
 2.17574
 -1.42314
 0.975179
 -0.245616
 -1.42185
 -2.24479
 -1.03698
 -0.321664
 -1.10135
 2.76923
 -1.3408
 -0.820966
 -0.392759
 -4.09773
 -0.734132
 -1.82108
 -1.16515
 -1.44321
 0.224259
 -0.979764
 -1.72673
 -1.90294
 0.143702
 -1.11992
 -1.71827
 -1.59188
 -1.773
 -1.39984
 -0.468316
 0.691033
 -0.30941
 1.94668
 1.81305
 -1.43771
 -0.505381
 0.439751
 -0.830364
 -0.763354
 -0.0353245
 -1.97241
 -2.30634
 -2.95174
 -2.09762
 -3.26542
 -3.96951
 -2.18274
 -2.39645
 -3.30717
 -1.84431
 -4.4501
 -1.17443
 -0.191138
 -1.05037
 0.949513
 -0.58513
 1.98891
 1.45498
 -0.835192
 1.14971
 -1.72025
 2.58038
 0.0459656
 1.56763
 1.31102
 0.736131
 2.83788
 1.23412
 1.76174
 -0.76089
 -1.42217
 2.86603
 -1.79854
 2.99468
 1.06067
 4.77095
 0.731745
 5.27274
 -0.472116
 -0.926215
 0.58298
 1.54382
 3.8973
 -0.175155
 1.23532
 -0.44313
 0.411292
 1.62415
 -1.20111
 2.32869
 0.980826
 1.87633
 -0.104937
 0.330319
 -3.22914
 0.87642
 -0.946907
 2.03063
 -0.970077
 2.79098
 -1.50512
 0.846595
 -1.157
 0.772104
 -1.03018
 -1.28185
 -1.40343
 0.233825
 0.553972
 1.2273
 -0.488717
 0.539447
 -0.925059
 -0.437404
 -1.37642
 1.25218
 -0.741874
 0.987267
 -2.69858
 -0.292886
 -1.62734
 -1.62543
 -0.515861
 -0.0623712
 0.579631
 1.01345
 -0.274176
 -1.49925
 -0.702788
 -0.956084
 -1.96843
 -1.95695
 1.23445
 -1.90349
 -1.1182
 -1.63627
 0.0262609
 -0.672246
 0.94995
 -1.35459
 2.42243
 0.432693
 0.671969
 -0.999382
 -0.390749
 -0.0479356
 -0.303112
 0.47989
 1.45066
 -1.38938
 0.237995
 0.447963
 -0.457679
 -1.2841
 1.63513
 -2.66839
 -0.521802
 -0.998945
 0.101254
 0.762479
 0.446734
 -1.72745
 -0.363007
 -0.536487
 2.22668
 2.30624
 -0.920547
 1.14036
 -0.437424
 1.11203
 -0.804374
 -0.159483
 0.0909123
 0.657143
 0.943532
 -0.836183
 1.17492
 0.825142
 -0.380344
 0.46773
 -0.945876
 0.66372
 1.39528
 -0.485525
 -0.16684
 0.0616299
 0.252517
 -3.1651
 -0.406862
 -3.80807
 -1.56385
 -2.66768
 -1.6501
 -1.49483
 0.354506
 -3.08712
 1.0893
 1.31662
 0.442951
 -0.958743
 -0.0232243
 -0.636346
 0.524269
 0.95964
 0.0706366
 -2.6235
 0.932214
 -1.33254
 -0.665881
 0.551396
 1.58084
 1.4656
 -1.00068
 -0.0759936
 -0.361849
 1.22175
 -1.8844
 -0.091565
 -4.03041
 1.10718
 -2.36339
 -0.161141
 -1.53256
 -0.722722
 -1.55699
 -0.302244
 -1.03956
 -1.22323
 -1.09801
 -1.87864
 -2.74034
 -1.97157
 -2.39575
 -0.899987
 -1.24349
 -1.97601
 -1.40337
 -0.687466
 0.694852
 1.08174
 0.605196
 1.44771
 0.994446
 -0.90715
 -0.27106
 1.25125
 0.495072
 2.04766
 -1.17511
 -0.358359
 0.00616399
 -1.15096
 1.57024
 -0.907954
 0.769433
 1.47654
 0.476641
 -0.547726
 -0.464175
 -1.82512
 -0.902283
 -4.60953
 -1.95595
 -2.94682
 -2.55047
 -2.7326
 -1.36492
 -3.57965
 -0.97323
 -4.33448
 -2.07451
 -0.897414
 -2.18939
 -0.550755
 -0.0483818
 0.38417
 -1.06201
 -0.962467
 0.604086
 -1.56404
 3.62117
 2.15727
 0.480379
 1.49836
 0.364374
 0.625545
 0.0872591
 0.655026
 1.33832
 -0.374459
 0.305477
 1.31606
 -1.3806
 1.72878
 -2.44647
 0.700711
 0.309998
 -0.00800638
 -1.4312
 2.54347
 -1.99102
 -0.439657
 2.31588
 -2.07133
 -1.16329
 0.714098
 -1.08997
 0.779088
 -0.0512951
 -0.108163
 -0.725223
 0.588751
 0.221661
 -1.36671
 -1.02647
 -1.62903
 -0.202615
 -0.345669
 -1.69867
 -0.184208
 0.113186
 1.60827
 0.749841
 1.24603
 1.1084
 0.00491543
 0.237091
 0.608711
 0.528749
 1.61556
 -0.610007
 0.470556
 -1.28449
 1.94476
 0.735469
 4.4397
 -1.12113
 1.01161
 0.320156
 2.25587
 1.91435
 0.0398073
 0.910762
 -0.433565
 -0.60207
 -1.78599
 0.605233
 0.780535
 0.0330402
 0.762417
 0.399011
 0.0968301
 2.80506
 -1.4899
 0.686164
 0.779
 1.87935
 -0.678053
 -0.27143
 1.1906
 1.63957
 3.06363
 2.61412
 2.19994
 1.41748
 1.70163
 4.10297
 1.38823
 3.28586
 0.301782
 3.32564
 0.844278
 0.958888
 0.116326
 1.68808
 -0.713186
 0.610853
 2.31555
 -0.524364
 -1.1415
 0.187496
 -0.748792
 -2.06128
 -1.88544
 -4.34963
 -2.65441
 -1.62918
 -0.377046
 -0.406999
 -1.31926
 -2.23226
 -1.67002
 -0.486668
 -1.62663
 -2.702
 -3.0951
 -1.86073
 -2.79142
 -0.213146
 0.615439
 -1.33559
 -0.996039
 -0.22842
 -1.56001
 -1.3708
 -2.02189
 -4.67801
 -2.28438
 -2.68582
 -1.99637
 -1.75236
 0.983047
 -1.53498
 -0.756439
 0.576408
 1.37174
 -2.7839
 -0.670082
 -0.572009
 -0.419122
 -1.4127
 -0.488291
 -0.0913262
 0.558726
 0.226853
 0.759328
 -0.825221
 -0.345456
 0.242865
 0.0421735
 0.0826819
 -1.79722
 1.54081
 1.13586
 -0.590086
 0.533637
 -0.738647
 -0.132486
 -1.28937
 0.956596
 -0.307635
 0.445452
 1.4258
 1.20657
 2.04828
 0.0212912
 1.36077
 2.25104
 1.66996
 1.20287
 1.26717
 -0.129965
 -2.70566
 -0.56928
 -0.364185
 1.09084
 -0.482267
 0.748157
 -0.953586
 0.359936
 0.427012
 -1.0104
 -2.05276
 1.19965
 -0.410932
 -1.26346
 -0.06475
 0.475586
 -0.932694
 1.12363
 -0.135531
 1.18981
 -0.055716
 1.48549
 -0.224467
 0.0959804
 0.465692
 0.669236
 -1.85222
 -0.340444
 -1.52877
 -0.354605
 0.757431
 1.11907
 0.457989
 -0.712394
 -1.86632
 -1.61271
 -0.806911
 0.855452
 0.146475
 0.323533
 -0.657082
 -1.51733
 -1.17241
 -0.719316
 -1.84304
 1.21021
 -0.641402
 0.217731
 0.445757
 -0.698824
 0.393064
 0.959614
 1.32166
 -0.371644
 0.169025
 0.522183
 -2.62214
 0.761865
 -1.19136
 0.151572
 -1.53821
 -3.24397
 -2.71647
 -1.01476
 -2.25594
 2.17142
 -0.784413
 0.306877
 -0.59887
 -0.854595
 -1.75453
 0.0575151
 -0.995803
 -0.378356
 -1.93572
 -0.821893
 -0.64159
 -1.08122
 -0.561648
 -0.0984152
 -0.780201
 -0.954676
 -0.391013
 -1.1451
 -2.0867
 -1.41214
 -0.739768
 -1.10015
 -0.559086
 -1.98253
 -2.13343
 -1.56666
 -1.47667
 -1.71516
 -1.13417
 -2.59221
 -1.64334
 -1.62339
 -1.85928
 -4.58355
 -0.684661
 -4.14251
 0.814488
 -1.14875
 -1.33441
 1.32544
 -2.23185
 0.36478
 0.408747
 -0.842787
 0.388379
 -1.18513
 -0.61168
 -0.837071
 1.15421
 0.474589
 1.671
 1.36821
 -0.4226
 -1.14237
 0.188374
 0.564458
 -0.658824
 -1.63076
 0.696605
 -0.705763
 -0.389437
 0.848523
 0.320796
 0.98816
 0.517485
 1.6818
 1.70476
 0.98842
 1.96181
 1.2984
 1.28071
 2.64256
 0.401453
 2.0693
 -0.120113
 -0.999115
 0.35039
 0.695454
 0.677869
 0.618564
 0.451145
 -3.56
 -0.660298
 -1.98685
 -1.68071
 -1.53633
 -2.30823
 -0.632293
 -2.19054
 -1.28854
 -2.34709
 -1.35209
 -1.11979
 -0.870781
 -0.0686185
 -1.42198
 -1.84297
 -0.742527
 -2.49501
 -0.572226
 -1.77809
 -0.854841
 0.513173
 -0.854902
 2.20207
 -2.42636
 -0.643106
 -3.54342
 -1.20825
 -0.299808
 -0.740305
 -0.0954374
 2.07556
 -0.641654
 4.13522
 0.427221
 0.361432
 -0.217594
 1.79067
 1.67001
 0.761214
 1.40886
 -0.577914
 0.668817
 4.12089
 -1.03546
 2.59062
 -1.87026
 0.563211
 -1.26302
 1.50621
 0.048377
 -0.902747
 -1.83184
 -1.95898
 -1.95978
 -3.45083
 -1.14955
 -0.572692
 -0.57018
 -1.3791
 -1.60383
 -2.12397
 -0.657454
 -1.04779
 -1.26607
 -1.01572
 0.219807
 0.071052
 -0.566437
 0.807332
 -2.14104
 -0.648615
 -2.45693
 -1.04136
 1.346
 -0.525418
 -0.0393862
 -0.881876
 2.62637
 0.443075
 0.646278
 1.0385
 -0.237974
 -0.290333
 -1.59638
 1.25961
 0.271395
 1.07894
 -0.242111
 1.49894
 -0.058233
 -0.740848
 -0.205997
 -1.27781
 -0.379773
 -1.08349
 1.64606
 3.09678
 3.08029
 5.5928
 1.75932
 2.13587
 0.0896704
 1.78511
 0.534535
 0.717682
 0.122565
 0.164955
 -2.80077
 -1.53266
 -2.30215
 -3.13006
 -1.81612
 -4.30371
 -1.82721
 -2.91068
 -0.749955
 -1.80884
 -0.355907
 -1.27335
 -0.0479405
 -3.33785
 -0.011739
 -2.42028
 0.813302
 -0.581898
 -1.22444
 -0.154576
 -1.54874
 2.83204
 0.912023
 2.36773
 0.454448
 1.09108
 -0.694202
 -0.257543
 -1.67795
 0.257608
 -2.16382
 -1.12881
 0.0626233
 -1.32311
 -0.296522
 0.784181
 0.916248
 0.599299
 0.0446874
 -1.27074
 -0.0638578
 1.20201
 1.33838
 3.65986
 0.64322
 0.977623
 2.3699
 2.89066
 3.49178
 0.584161
 3.18541
 2.355
 2.40579
 2.43151
 0.794402
 1.09291
 -0.055116
 0.949148
 -0.634654
 3.51139
 1.02014
 1.31612
 3.33354
 3.80106
 -1.31447
 3.20477
 1.17268
 1.75448
 -0.572294
 1.31672
 -0.933504
 2.45747
 -2.17528
 0.97574
 -0.0371676
 1.37505
 -0.313637
 3.6718
 1.64872
 0.0723041
 -1.38429
 -2.54453
 -1.15095
 -2.45977
 1.40116
 -2.43348
 2.51964
 -1.61945
 -0.409401
 -0.235583
 0.284064
 0.838556
 -1.86465
 0.925405
 1.09112
 -0.126396
 1.28541
 -0.581711
 0.25834
 -0.588087
 1.12076
 2.23303
 -0.0602902
 2.8369
 2.2459
 2.91016
 1.01752
 3.34357
 0.908838
 1.95539
 1.70378
 1.79908
 -0.122646
 0.67897
 -0.429725
 0.00595226
 -3.42466
 1.0323
 -0.391704
 4.54698
 -0.36293
 3.68806
 1.56262
 3.08134
 -1.74136
 0.874905
 0.160702
 1.33135
 -2.50733
 2.29656
 1.53994
 2.45268
 2.78465
 0.321257
 1.52881
 -0.287282
 1.17119
 0.376497
 2.37276
 -2.0443
 -0.0481784
 -1.00331
 2.31585
 0.0885834
 1.52991
 1.22778
 0.616495
 0.543323
 -0.952671
 0.448978
 -3.48265
 -1.86985
 -1.16982
 -2.41588
 -0.291173
 -0.472222
 -0.294108
 -0.0429866
 0.671858
 0.738111
 1.73524
 2.27115
 0.245192
 1.01069
 -0.562657
 0.366857
 0.559604
 -0.561094
 3.12603
 0.624205
 -0.992531
 0.135887
 -3.81285
 -0.821776
 -1.69034
 -3.24638
 -1.70728
 -0.743294
 -2.03446
 -0.957126
 -0.939716
 0.493147
 -1.1187
 -0.588663
 -1.47673
 -0.893748
 -0.61781
 -0.509026
 0.149273
 0.675325
 -0.633818
 0.19704
 -0.986931
 -0.972161
 -2.22035
 2.28826
 -2.15516
 2.17321
 0.0772057
 -0.392279
 1.99571
 1.17827
 0.275958
 1.01446
 1.34273
 0.732574
 0.978964
 1.74548
 3.3599
 1.48509
 1.20012
 1.68976
 1.75287
 2.26803
 -1.98087
 2.63511
 1.83888
 2.27982
 0.50766
 1.53848
 1.11988
 1.10338
 -0.712043
 2.04882
 0.881294
 0.224504
 1.15783
 1.31021
 -0.393161
 0.0961022
 0.753509
 -0.210703
 -1.17704
 0.368457
 -0.55817
 1.16337
 1.2067
 -2.76828
 -1.04392
 3.7945
 1.01061
 0.791921
 -0.538504
 0.328268
 0.411984
 -0.77522
 0.825878
 -1.10458
 1.72442
 0.812698
 1.2472
 1.1196
 -0.0105285
 -1.24689
 -1.91533
 0.173874
 -0.823822
 0.778397
 -1.04445
 -0.602349
 0.0953174
 -0.068575
 -0.213719
 1.94802
 -0.88181
 1.0068
 -0.0951207
 0.57478
 0.533354
 -1.31253
 -0.173982
 -1.14908
 1.23707
 0.93682
 0.813458
 1.36875
 1.18581
 1.36536
 1.02212
 -0.816979
 2.19308
 -0.447133
 2.58193
 0.474354
 0.417866
 0.419544
 0.402638
 -1.56844
 0.186717
 -0.081698
 0.892066
 0.6359
 -0.0383478
 0.347921
 1.73955
 1.63668
 1.71626
 2.93569
 -0.54833
 2.45129
 -2.03061
 1.23769
 -2.44163
 0.140072
 0.260556
 0.165711
 0.921641
 -1.40184
 0.808022
 -0.130156
 0.676537
 1.67415
 -0.159584
 0.665584
 -0.39557
 3.83091
 3.4857
 2.71965
 1.30916
 1.75032
 0.965531
 1.59631
 2.73065
 2.5516
 1.8762
 2.06493
 -1.88142
 0.389735
 -1.02831
 -0.580294
 -1.11466
 -1.0976
 -0.562415
 -2.03426
 -1.80655
 -2.48033
 -2.07047
 -2.14479
 -0.728306
 -0.542059
 -1.97067
 0.660344
 0.140173
 2.26197
 0.588648
 0.985464
 1.51845
 1.15023
 4.3445
 2.3697
 2.18069
 1.1782
 1.69252
 1.60862
 2.27689
 -1.17228
 0.208909
 -1.62264
 -2.16419
 -2.48222
 -2.0651
 -2.86616
 -1.56012
 -0.502102
 -1.53568
 0.144958
 0.811231
 1.54506
 0.429414
 0.914448
 -3.25573
 -0.995909
 -1.09536
 1.12354
 0.993803
 0.0470523
 -0.284622
 -1.0579
 0.10135
 -1.19415
 -0.0723248
 -0.334862
 -0.486668
 -0.393328
 0.692786
 -0.933803
 -1.36811
 2.05967
 -2.44428
 -1.08713
 -1.87102
 -2.58351
 -2.85447
 -3.40355
 -2.48156
 -1.57071
 -1.79643
 -0.833958
 -0.235841
 0.360852
 1.51358
 0.995185
 2.24896
 0.441959
 1.04951
 1.04977
 -0.539589
 -0.0694752
 0.346674
 -1.01398
 -0.170011
 -1.05335
 -0.256449
 0.304187
 -0.488234
 -0.531246
 0.308712
 -1.76019
 1.05971
 2.45013
 2.32211
 2.4747
 1.17399
 -0.450813
 -1.36253
 1.31592
 -1.8104
 -1.73846
 -3.04347
 -1.14847
 -1.38772
 -0.287471
 -1.00324
 0.270964
 0.734696
 0.496691
 1.34793
 -2.30226
 1.02453
 -0.97232
 -1.94753
 -3.66273
 -3.12953
 -1.21018
 -0.681575
 -0.49252
 -0.0860544
 -1.10449
 0.877128
 -2.07384
 -0.965964
 -0.451279
 -3.78712
 -1.67675
 -1.09449
 -1.1297
 -2.71948
 -1.33209
 -0.305976
 -1.0821
 -0.438682
 -1.33293
 1.27493
 -3.29238
 1.50712
 -0.209077
 0.534473
 -0.925919
 0.221342
 1.11003
 0.0654126
 -1.28226
 0.00453069
 -0.81997
 -3.18515
 0.591079
 -1.10607
 -0.465723
 -1.93015
 -1.41918
 -1.91515
 0.18897
 0.665092
 -0.460643
 0.304178
 0.798173
 -3.03426
 -0.0219345
 -1.45551
 -0.288638
 -1.40567
 -2.19035
 -0.730461
 1.37698
 0.059694
 0.286096
 -0.12845
 1.50904
 1.946
 1.35331
 2.76403
 2.7848
 2.21131
 1.76883
 2.01588
 -0.0663361
 1.5699
 -0.329078
 1.39423
 2.02586
 0.0664159
 2.21824
 0.00411616
 -0.00969394
 -1.11499
 -1.21448
 -0.553913
 0.68378
 1.02931
 1.83185
 -0.249856
 2.4207
 0.597203
 -0.155003
 0.612546
 0.377441
 0.781011
 0.30848
 1.214
 1.7486
 1.76792
 1.22073
 -0.15744
 -1.49118
 -0.378713
 0.713175
 0.122947
 0.631688
 -0.0787725
 -1.469
 -3.57592
 -1.03654
 -1.93654
 -1.13381
 -2.19268
 -0.361563
 0.597804
 -0.253738
 -0.720467
 -0.321886
 -1.09478
 -2.06654
 -0.130941
 0.513262
 -1.17832
 -1.26662
 -0.431846
 -2.55209
 0.535404
 -1.04651
 1.07617
 1.68853
 1.31053
 1.30844
 -2.10612
 1.43976
 -0.59653
 0.347885
 0.681901
 -1.13693
 1.25624
 0.369418
 0.080756
 0.216397
 -1.76729
 -0.254617
 1.33146
 -0.133313
 0.853006
 1.42634
 -0.307409
 0.933425
 0.20288
 1.79532
 0.878698
 3.49935
 0.280228
 2.76179
 0.158509
 0.992241
 0.890594
 -0.484552
 -2.26371
 -0.0111428
 -1.23844
 -0.100102
 -3.26421
 -0.725936
 -1.00807
 0.146367
 0.31477
 0.557803
 1.47165
 0.351429
 2.19424
 0.823141
 1.74904
 -1.22203
 -1.678
 -2.26307
 -2.95675
 -1.89685
 -1.29399
 -0.457367
 0.894498
 1.83896
 -0.699112
 1.11658
 -0.90195
 0.693003
 -1.23651
 -0.197545
 0.449004
 -0.461053
 -0.962462
 -0.586968
 -0.218482
 0.361596
 -0.83381
 -2.2015
 -1.4776
 -0.237963
 -0.0871059
 0.31206
 1.08806
 -0.929173
 0.571259
 0.488111
 -0.955551
 -0.308918
 0.0361267
 -0.914921
 0.495495
 0.718895
 -0.58285
 -0.722898
 -0.581734
 -0.246242
 1.10099
 -0.576564
 0.171445
 0.276563
 -1.70871
 -1.10633
 -1.19413
 -0.0644784
 -2.88794
 -0.324579
 -0.980735
 0.962691
 -1.07419
 -2.34872
 -0.65963
 0.133141
 0.367372
 2.73737
 2.37692
 4.91669
 0.896279
 1.7907
 -1.09179
 2.23102
 0.24233
 1.39391
 3.44801
 1.41108
 1.49493
 4.17726
 -0.0645544
 2.91164
 1.07643
 3.201
 1.0718
 0.97126
 2.58765
 0.723617
 0.982002
 2.25099
 0.857177
 0.145138
 1.47721
 1.25518
 0.703031
 -0.402965
 0.237071
 -2.17133
 0.922857
 0.662801
 -1.67802
 1.40173
 -0.20731
 1.99882
 1.66602
 0.612034
 1.81136
 0.350804
 3.58174
 3.54802
 5.16976
 -0.363269
 2.75323
 0.0166915
 1.15841
 1.49326
 -2.50973
 -1.52028
 0.337496
 -0.148233
 0.00520951
 0.745564
 -0.0260052
 -0.0743731
 0.383605
 0.904369
 -0.765325
 0.0291949
 -1.11848
 0.0863922
 -0.646216
 3.3483
 -1.63059
 -0.502764
 -0.831359
 -0.0748988
 -0.923136
 0.177226
 2.55421
 -0.156746
 -0.486923
 -1.51698
 -0.512476
 -2.019
 0.574007
 -3.09165
 0.182476
 -1.70084
 -1.26791
 0.454769
 -0.22093
 0.130555
 -0.00988179
 3.03871
 -1.75021
 3.36344
 0.928694
 3.44256
 1.96025
 2.44549
 -1.66783
 -0.772242
 -0.909738
 -0.328576
 -1.50027
 2.27596
 0.0592728
 0.906548
 -0.00840495
 -0.630125
 1.6877
 -0.0956662
 -0.543291
 -0.0159007
 0.702253
 1.89579
 -1.76529
 -0.223701
 1.10994
 -0.552464
 -0.531654
 0.582636
 0.0456018
 1.74857
 -0.469656
 -2.05322
 2.58563
 -0.400262
 1.44953
 2.03363
 -0.401212
 0.639496
 -0.0416495
 0.662255
 -0.10482
 1.25363
 2.25002
 1.42656
 -0.383067
 0.100773
 -0.741855
 0.465305
 0.503078
 -0.322468
 0.436507
 0.587297
 1.60817
 -0.404101
 0.35425
 -1.30434
 -0.0495185
 -2.16148
 -1.1348
 -0.667115
 1.3418
 -0.718416
 1.01783
 1.05046
 1.16194
 -1.60235
 1.64272
 -1.57711
 0.786731
 0.320404
 1.03431
 1.46914
 3.19592
 2.74868
 2.21772
 1.52376
 -0.466095
 -1.72581
 0.161926
 1.68587
 1.62177
 1.38788
 2.00501
 -0.595573
 0.395041
 -2.26909
 0.354896
 1.43557
 2.18504
 1.22004
 1.38043
 -0.570878
 0.248522
 -0.78888
 -1.47845
 -1.06483
 -2.17273
 -0.409379
 -1.42306
 -0.106124
 -0.815558
 -0.269481
 0.268539
 -0.731566
 0.909684
 -0.0722037
 1.96441
 1.85476
 2.05729
 1.69437
 1.24313
 1.20346
 0.953687
 0.717146
 -0.393908
 -0.317549
 0.527257
 0.12162
 -3.6959
 1.07704
 -1.15217
 -0.307074
 -0.613173
 -1.32616
 -4.27637
 -2.93654
 -2.32847
 -1.91931
 -0.841114
 0.60129
 1.51512
 0.585202
 0.98705
 2.48272
 1.07622
 1.46301
 2.76088
 0.878951
 0.0311177
 2.00176
 -0.0330134
 0.944524
 -0.855085
 -0.284391
 0.78786
 -1.50347
 -1.96984
 -2.19067
 -1.09469
 -3.02679
 -2.36764
 -3.64795
 -1.32902
 -0.762165
 -3.65135
 -1.92708
 -1.62531
 -2.56323
 -2.98023
 -3.04923
 -2.44239
 0.572575
 -1.33086
 1.08545
 -2.58771
 0.940467
 -0.769325
 -1.11822
 -0.199921
 0.665179
 0.7237
 -0.787061
 0.43279
 2.01034
 -0.196969
 1.19102
 0.0907958
 0.988015
 1.52905
 -2.22299
 1.03635
 -0.55949
 0.181739
 0.0496868
 -1.15215
 -1.9251
 0.28537
 -2.80108
 1.59864
 0.708497
 1.21216
 -0.445491
 -1.38815
 -0.0329643
 -0.0050713
 0.431721
 -0.774955
 -0.00457778
 -0.451533
 -1.44576
 -0.677935
 -0.696263
 0.505052
 -0.795446
 1.72831
 0.890788
 1.72777
 -0.100771
 2.1663
 -2.29844
 -0.91415
 -0.0400576
 0.0151621
 -0.668846
 -0.621501
 0.701638
 -1.60797
 -0.888047
 0.339444
 -2.04681
 -0.741856
 -1.5446
 0.779634
 -1.14863
 -1.54088
 -0.00325962
 -0.54891
 0.462261
 -1.40047
 2.01548
 -2.13911
 2.36035
 0.763993
 2.45926
 -0.0999752
 2.18427
 2.62171
 3.36203
 1.86801
 0.558231
 0.684259
 0.979679
 1.37003
 1.97281
 2.7859
 0.73596
 2.33636
 1.67461
 3.2925
 -0.823982
 3.17634
 0.280814
 1.83767
 0.726352
 -1.03229
 -1.92899
 -0.393855
 0.606615
 2.16299
 -0.527429
 1.82203
 0.46861
 3.50911
 -0.918157
 4.05797
 -0.573044
 2.80751
 -2.12289
 1.10895
 0.195712
 -0.921389
 -0.156545
 -1.33577
 -3.3716
 -1.12898
 -1.65099
 -0.851687
 0.909518
 -0.542544
 0.498043
 -0.212707
 0.810099
 -0.919561
 2.26009
 -0.0139799
 -0.5461
 -1.13515
 -0.764084
 -0.499312
 -0.161949
 -0.491989
 0.59898
 0.0655188
 1.06033
 2.00871
 2.70428
 3.25335
 4.03984
 0.953689
 1.78982
 2.16727
 2.59235
 0.372899
 0.211333
 -0.183294
 0.612364
 1.27983
 1.60688
 2.13735
 2.015
 1.27234
 1.10632
 0.868262
 -1.10765
 -0.513068
 0.526142
 -0.98986
 1.56508
 -0.246387
 4.43441
 -0.968401
 0.58572
 -0.217022
 -0.672442
 -3.02008
 -1.24318
 -2.35023
 -1.56634
 -1.02681
 -0.96631
 -1.18807
 -0.26277
 0.496475
 -0.566863
 -0.600019
 -1.33314
 0.501224
 1.12485
 -0.233489
 1.59009
 0.783106
 -0.835301
 0.238424
 -1.93783
 0.945636
 -2.63956
 1.21836
 -0.057156
 0.156257
 -2.66942
 -1.12915
 -1.51304
 -2.81903
 -2.02262
 -4.18055
 -1.5371
 -1.08083
 -0.0594931
 0.215869
 -1.02719
 -0.302555
 -4.20517
 -2.20449
 -5.57657
 -1.62415
 -2.42557
 -1.27473
 -1.08538
 -0.476056
 0.0191907
 0.571377
 1.13569
 1.8769
 1.73778
 -0.467666
 0.191024
 -2.83061
 -1.88915
 -1.49452
 -4.33008
 -2.12263
 -0.951454
 -1.83248
 -0.819838
 -3.37515
 -1.69295
 -1.96431
 -1.94668
 -2.01859
 -1.00862
 0.335692
 -0.990771
 0.187875
 -1.13602
 0.230156
 0.588928
 2.24339
 1.79623
 1.48915
 -0.438188
 1.60378
 -0.222775
 -0.990369
 -0.0879089
 -0.54609
 -0.675128
 0.587221
 -0.893264
 -2.29691
 -0.572776
 -1.37108
 -1.68058
 -0.971727
 0.477535
 -3.23085
 0.191907
 -0.984909
 -1.40527
 0.842969
 -0.734247
 2.78507
 0.150389
 -0.213447
 -0.413749
 1.5222
 1.29075
 1.63318
 1.22423
 4.4907
 -0.840155
 1.86322
 -2.55332
 -0.655511
 -1.2871
 -0.148062
 1.74706
 0.279891
 1.72338
 -2.77987
 -1.6316
 -1.0463
 -0.933033
 -1.84959
 -1.25828
 -3.76984
 -1.73325
 -3.2546
 -1.5251
 -2.37132
 -0.61559
 -2.01438
 -2.57612
 -1.30882
 -2.15708
 -1.96312
 -2.50317
 1.25865
 1.38367
 0.0362726
 1.31992
 2.01789
 1.5107
 0.590026
 1.08426
 1.13178
 -0.863521
 0.54765
 -0.68932
 0.654103
 -0.0371726
 0.199821
 0.503791
 -0.656095
 0.783477
 -0.0978225
 -0.287486
 -1.63301
 -0.694257
 -0.718212
 -0.123952
 0.0284635
 -0.61261
 -1.85032
 3.05498
 -1.81616
 2.21041
 -0.185865
 0.0710384
 -0.586135
 -1.47675
 -1.63521
 -0.83793
 -1.73925
 -2.95159
 -1.11534
 -0.742178
 1.55298
 -0.324865
 2.83402
 0.357265
 2.67894
 -1.65958
 3.06262
 -1.34511
 -0.21324
 -1.02911
 -0.40142
 -2.42175
 -0.933254
 -0.541391
 -0.657702
 0.920646
 -0.753793
 -1.20839
 -0.583226
 0.0900199
 -0.179322
 -0.105572
 -1.03403
 1.31284
 0.216035
 2.11117
 0.162531
 0.078255
 -2.5905
 -0.758943
 2.43116
 0.361996
 1.64787
 1.26116
 1.7651
 3.84927
 3.1199
 3.33733
 3.59552
 1.87992
 2.19402
 0.536055
 1.2273
 1.18391
 1.06974
 4.9333
 3.1566
 2.69037
 4.818
 1.72813
 5.47108
 1.33148
 2.3988
 2.35759
 2.05901
 1.82207
 -2.63652
 -0.146244
 -0.807762
 0.132237
 0.714347
 -0.71449
 0.599858
 3.49216
 2.18624
 0.838393
 1.07444
 1.67689
 0.671346
 -2.67095
 -0.816411
 -1.98675
 0.844809
 -1.25249
 -0.161345
 -1.52939
 0.270057
 1.64391
 3.36634
 2.54725
 2.2709
 1.5473
 -0.731218
 -0.512851
 -1.07262
 -0.0559938
 -0.52293
 -0.106496
 3.54207
 1.5377
 0.599426
 -0.835144
 -1.12894
 -0.390144
 -4.14685
 -2.39871
 -2.64656
 -1.41139
 -0.871228
 -1.0674
 -0.162962
 1.03454
 -1.2828
 0.102241
 -1.13687
 2.41832
 -0.0794424
 0.701276
 -0.77122
 0.649306
 -0.190714
 -1.30191
 -1.29281
 -2.09483
 -1.03219
 -4.26472
 -1.17227
 -3.12173
 -1.52554
 -3.86469
 -2.42611
 -1.8553
 -1.72629
 0.0890634
 -1.31769
 0.810563
 0.375094
 0.642351
 1.40354
 -0.578886
 1.4476
 -0.1048
 -0.136021
 -1.61749
 -1.8652
 -0.602337
 -0.854291
 -2.16971
 -1.15422
 -0.809942
 -1.82052
 -0.16483
 1.97934
 1.06348
 3.44131
 1.26182
 3.68697
 0.709038
 3.7328
 0.828542
 -0.264576
 -0.110931
 0.660524
 0.566466
 2.99112
 -0.849256
 1.06259
 -1.56951
 0.172848
 0.918545
 -2.95403
 1.42953
 -0.399339
 0.0218276
 1.06071
 0.409711
 0.259287
 -3.07476
 -1.78025
 -0.587196
 -3.85525
 -2.75009
 -3.157
 -2.83096
 -1.32219
 -3.74251
 -2.21044
 -0.768336
 -0.884079
 -0.997592
 -0.774772
 -1.17864
 -2.40364
 -1.66776
 -1.1754
 1.66467
 -0.978496
 0.359489
 0.0379861
 -1.56342
 -0.37673
 -0.11008
 -0.743661
 0.00206641
 -1.72118
 0.0880195
 -0.723766
 -2.5897
 -1.57382
 -2.60034
 -3.15379
 -1.44286
 0.57878
 0.723642
 -1.80986
 3.05675
 0.745113
 2.56518
 0.283364
 1.63848
 0.799496
 1.43986
 1.29687
 0.0819387
 3.7595
 -0.8919
 0.750408
 0.641977
 -0.984208
 -0.93821
 -1.57425
 -0.376618
 -1.14646
 -1.76931
 -0.89511
 -2.42024
 -1.2771
 -2.36471
 -1.33037
 -0.706729
 -1.19296
 1.80825
 0.491668
 3.64627
 1.02959
 2.05123
 -2.51366
 0.809357
 0.0910994
 1.44233
 -1.68455
 -1.16822
 1.69145
 -2.76963
 -0.345404
 2.73177
 1.80934
 2.3871
 1.53427
 1.3203
 1.11169
 1.387
 1.61503
 -0.674543
 1.56449
 0.373591
 1.14474
 1.37293
 -1.05263
 0.23816
 -0.40966
 0.142092
 0.14629
 2.47036
 1.21728
 -0.413774
 -1.78821
 -0.100578
 -0.752276
 0.0517439
 -0.0251227
 -1.62427
 -1.41779
 0.291184
 0.0153224
 0.0985706
 0.470323
 0.617605
 3.52702
 -0.96286
 1.81053
 -0.269497
 -1.00077
 0.141182
 -0.0388024
 0.129184
 0.521136
 0.488709
 1.69495
 0.096856
 2.82793
 1.28848
 3.09788
 1.0418
 0.338723
 2.15518
 0.0689791
 0.654937
 3.12087
 1.92149
 0.00491465
 1.09611
 0.732044
 -0.860255
 0.403515
 0.620444
 2.50954
 2.34669
 0.16569
 0.607894
 4.33099
 1.46549
 1.88916
 1.90649
 3.21074
 0.678747
 2.28082
 2.11016
 3.64973
 2.01625
 2.8107
 1.83924
 2.37979
 -0.671921
 4.30157
 1.65809
 0.18366
 1.81887
 1.0757
 0.906125
 2.38888
 1.04652
 0.845551
 3.68195
 1.8791
 0.726483
 0.60032
 -0.536052
 0.63502
 -3.2446
 2.09716
 -1.42432
 -0.975842
 -0.75506
 -0.135557
 0.725628
 -0.897761
 0.456967
 1.5056
 -1.06831
 2.53969
 0.286659
 0.72758
 1.03841
 -0.54253
 3.36089
 -1.56824
 2.02485
 -0.423019
 0.148937
 0.376876
 -1.20842
 -0.1984
 1.38546
 1.81289
 0.0512883
 -0.734662
 0.0273545
 -1.48879
 0.571057
 -0.00424042
 -1.72945
 -2.22427
 -1.79766
 1.3721
 1.49754
 0.574911
 -0.864169
 0.378064
 -0.909133
 2.47062
 -1.47509
 -1.01626
 -1.44133
 -2.02632
 -1.00716
 -0.874351
 -0.660541
 -2.07057
 -2.55181
 -1.81139
 -0.747574
 0.0348618
 -2.2208
 -0.764181
 -1.40331
 1.28715
 -0.475279
 1.90304
 -1.54472
 1.46544
 0.228244
 1.23842
 1.74908
 -0.763637
 -0.334099
 -0.684191
 -0.162882
 -0.577704
 -2.57455
 -1.37245
 -0.356814
 -0.65824
 -1.67857
 -1.13558
 -0.865337
 -0.116412
 -0.532626
 -0.320661
 -1.32986
 -0.59019
 -1.45258
 -2.9722
 -0.704807
 0.636841
 -1.93046
 0.139693
 0.515485
 -1.43249
 -1.22964
 0.41453
 -1.10079
 -0.470704
 -0.779722
 0.284109
 -1.108
 1.63553
 -2.9622
 0.012178
 -3.24242
 -0.812436
 -3.25156
 -1.07669
 0.349422
 0.408463
 0.496903
 -1.0742
 0.592922
 1.24524
 -0.24284
 3.8328
 -0.0602065
 3.25543
 -0.309503
 1.7175
 3.75977
 1.48734
 1.81654
 2.21859
 0.0578899
 2.14424
 -0.862641
 0.584912
 -1.03332
 0.0677279
 0.894461
 -1.07026
 -1.02794
 -0.56794
 -1.44038
 -3.50821
 -2.12534
 -2.04168
 -1.73271
 -0.224045
 -0.46954
 -0.0464541
 -0.692802
 -0.776928
 0.158597
 1.98071
 1.94662
 -0.501653
 0.88725
 -0.144615
 -0.84065
 0.674667
 -0.58124
 -1.88053
 3.05685
 0.475977
 0.495034
 -0.498411
 1.55652
 -0.179273
 1.57057
 1.6058
 -0.322623
 0.389432
 1.14667
 -0.134969
 0.50545
 -0.888172
 -1.46218
 0.692001
 1.07393
 0.549115
 2.11584
 0.850432
 1.83699
 1.2583
 2.12384
 -1.02011
 0.712708
 0.785587
 1.24714
 -0.375539
 0.717029
 -0.112588
 -1.40678
 -0.798457
 -3.3608
 -0.54854
 -2.05464
 -1.03431
 -2.1022
 -0.906633
 -2.06726
 -0.449323
 0.662903
 -0.801883
 -0.749325
 -1.37635
 -3.36042
 -0.881347
 -1.64868
 0.450329
 -0.858457
 3.21016
 0.1586
 3.46421
 1.25006
 0.398614
 -0.704614
 0.308153
 0.0592981
 1.46871
 -1.27128
 -0.99482
 2.94334
 1.0822
 -1.29412
 -0.152217
 -1.50044
 -0.461309
 -1.31285
 -0.57935
 0.438266
 -0.831915
 2.71579
 -1.74449
 2.71113
 -0.347515
 -0.0463261
 -2.17101
 -0.12201
 -1.21109
 -1.65072
 0.0961136
 -1.03
 2.07445
 -0.72603
 1.73775
 -1.88315
 1.97752
 -0.0747271
 -0.12114
 -2.264
 -1.37651
 -0.599139
 0.00634965
 1.21492
 1.97133
 2.39333
 0.431291
 1.69598
 0.375284
 1.00512
 -1.20499
 -1.67689
 -0.193165
 -0.770034
 -1.9538
 -1.00556
 -0.422955
 0.518715
 -0.432328
 0.752589
 0.201878
 0.707894
 -0.0810124
 0.484424
 0.258799
 1.6295
 2.24477
 0.800785
 -0.136925
 -2.01675
 -0.0398529
 0.534802
 -0.722839
 -1.21427
 -2.9827
 -0.925963
 -3.13514
 1.3461
 -2.67973
 -1.08453
 0.542703
 0.011108
 1.13551
 -0.250767
 1.08046
 2.89212
 1.99027
 0.962031
 2.03406
 -0.262207
 1.12992
 -1.27821
 -0.357274
 -1.8522
 -2.46604
 -0.656267
 -1.39195
 1.87139
 -0.279333
 -0.66937
 -1.65818
 0.337259
 -1.92796
 -1.53758
 -0.654251
 -0.495258
 -1.81781
 0.465365
 -3.47939
 -1.22086
 -1.27278
 1.48381
 1.20962
 0.672865
 0.0317757
 1.01138
 -0.0875554
 -1.22198
 -0.639636
 -0.199871
 -0.226617
 1.37443
 1.46385
 1.81636
 0.395346
 1.24094
 1.32253
 4.17072
 1.86099
 3.13879
 2.69648
 2.89316
 2.49948
 3.43952
 4.03004
 -0.729127
 3.88415
 -1.23853
 1.73697
 -1.74664
 -0.480384
 -1.55337
 -0.927265
 -0.746493
 0.385442
 1.93249
 -1.91785
 -1.79978
 -2.13928
 -3.23381
 -2.40945
 -3.16726
 -3.32047
 -3.44244
 -3.29514
 -2.15415
 -2.60024
 -1.20184
 -1.67044
 -0.298963
 -0.748021
 -2.36063
 -1.13106
 -2.14402
 -1.06515
 -1.83754
 -1.14371
 -1.03414
 -0.4288
 -1.48627
 0.131869
 0.332756
 -0.239287
 0.944367
 1.25075
 1.43993
 0.398633
 -1.4193
 0.418767
 -1.98357
 -0.964988
 -0.0577752
 1.5452
 2.44582
 1.88256
 -0.499057
 0.235076
 -1.11479
 1.56264
 1.45751
 1.05206
 1.27824
 0.996841
 1.49001
 1.20194
 0.865921
 2.83123
 0.403585
 -1.58305
 -2.14029
 -1.44327
 -0.614554
 -2.00823
 1.37908
 -2.25146
 1.90982
 0.694836
 -0.273237
 0.097268
 -2.11832
 0.85889
 -1.39324
 1.15433
 -0.961076
 1.29748
 -0.209546
 3.3699
 -1.09202
 2.24044
 1.13732
 -0.741447
 1.30287
 0.139357
 0.441126
 3.57817
 -0.151723
 1.03554
 0.401454
 0.557521
 1.15743
 -0.686378
 -0.743628
 -1.85508
 -2.30493
 -0.414122
 1.06331
 1.72789
 1.93663
 -0.229833
 -1.24696
 0.956152
 -2.06711
 -2.07521
 -2.16284
 -0.956197
 -0.554148
 -1.43013
 0.283541
 0.654242
 -0.714991
 -1.84229
 -2.17481
 -1.12493
 -2.07054
 -2.25185
 -0.887331
 -0.313526
 -4.13921
 -2.46143
 -5.40202
 -1.60618
 -0.949731
 -2.06189
 -0.781152
 -0.277471
 -0.038272
 -1.03361
 -0.0244109
 1.15909
 -0.361985
 0.395859
 -1.01912
 -0.530819
 -0.315088
 -0.288721
 0.260549
 1.61617
 -0.48989
 -0.27258
 -1.66993
 1.50749
 -0.788015
 -0.34033
 0.924664
 -0.468698
 0.879563
 -0.698927
 1.37447
 2.8335
 2.4916
 3.88337
 0.623415
 3.65868
 -0.418828
 2.75076
 0.480057
 -0.895185
 0.480041
 0.429851
 -0.984081
 2.30731
 1.87031
 1.41367
 -0.978414
 -2.21765
 -2.45688
 0.0666964
 -2.46194
 -3.1492
 -0.931789
 -0.0405504
 -1.17057
 -0.257059
 -1.62106
 -1.51522
 1.18845
 1.51788
 1.44954
 3.86726
 1.94303
 1.34546
 2.65017
 2.13429
 2.30851
 1.97401
 0.529036
 1.58919
 1.33583
 1.31621
 1.86962
 1.60947
 2.51136
 1.30086
 1.29731
 1.06496
 0.496672
 -1.21422
 0.434938
 -0.338102
 -1.13469
 0.671546
 -0.562147
 0.747928
 -0.707368
 0.650285
 -0.473917
 0.730585
 -0.416916
 0.771362
 -0.602329
 1.73878
 -0.831787
 -1.49305
 2.27074
 -2.18105
 3.136
 0.498772
 2.25158
 1.28714
 2.23983
 2.01184
 3.15442
 2.51246
 3.7904
 1.67252
 0.820446
 1.53114
 0.10211
 2.34977
 -0.370124
 1.29586
 -0.641844
 4.10126
 2.26426
 1.91522
 -2.23928
 2.34907
 -2.11589
 -0.328434
 -1.7858
 0.314479
 1.48643
 1.61896
 2.0879
 1.14213
 3.40696
 0.390014
 1.82802
 2.01574
 1.90564
 0.639391
 -1.31497
 -1.2815
 1.15376
 -0.44629
 0.166566
 -1.21727
 -0.824466
 -0.30058
 2.38175
 -2.26004
 0.962724
 -1.73383
 0.770736
 1.63371
 2.58389
 1.5422
 4.57437
 1.71544
 3.55391
 3.6895
 1.36064
 1.24779
 2.33512
 0.900658
 -0.63413
 -0.121183
 -1.32133
 -2.23958
 -0.511127
 -0.609465
 -1.64193
 -1.11015
 0.0817233
 -0.660383
 -1.28348
 0.83138
 -2.34548
 -2.07951
 -2.0695
 0.922581
 -0.711605
 -0.133641
 -4.00744
 -0.179098
 -2.95267
 -1.07827
 -2.24106
 -2.05219
 -1.67366
 -1.39745
 1.53223
 -1.67714
 1.5807
 -1.72586
 0.0395644
 0.250103
 -1.48222
 -2.57026
 -1.38927
 -1.41035
 -2.08475
 -0.985764
 -1.91617
 2.46879
 0.0466819
 3.58028
 1.28552
 4.65563
 2.41792
 4.68119
 2.09233
 2.97882
 -1.05771
 1.90855
 0.726298
 2.70096
 1.39126
 1.30136
 0.989793
 1.06303
 0.800962
 -0.58021
 0.981511
 0.686738
 1.47536
 -1.32301
 -0.447378
 -1.73075
 -1.69194
 -0.859118
 1.00495
 -0.103566
 1.72289
 -0.509811
 0.695688
 -0.998475
 -1.91755
 -0.834749
 0.501546
 0.817949
 -2.02911
 -0.456093
 -0.307451
 -2.86446
 -1.72751
 -2.31334
 -3.04143
 -2.17684
 -0.969009
 -0.581244
 0.0616325
 -1.99186
 3.12445
 0.082331
 1.25734
 0.535997
 -0.357515
 -1.44518
 0.381385
 -0.994209
 -3.1499
 -1.5078
 -0.195842
 0.0330062
 -0.639502
 -0.0861445
 -1.30766
 0.310524
 -0.875103
 0.388721
 -1.50616
 -0.164633
 -1.06846
 -1.81807
 -0.751719
 -4.52072
 -2.69999
 -1.73724
 -2.7531
 -3.4038
 -1.19652
 -1.17065
 -0.871889
 -2.33433
 -0.716566
 -0.386501
 -0.651854
 2.09538
 0.112326
 -0.110261
 -0.64856
 0.202506
 -1.97851
 0.662824
 -1.05372
 -2.65591
 -1.53532
 -1.58336
 -1.39504
 0.0635607
 -2.3449
 -0.19669
 -0.275263
 2.18937
 -2.18746
 2.50728
 -2.16856
 3.02525
 1.83031
 4.60882
 1.16305
 2.93177
 -1.45758
 0.268488
 -1.01077
 1.4433
 -1.36459
 0.650357
 1.16123
 -0.0970258
 1.75593
 -0.121741
 -1.26713
 -1.276
 -0.778748
 0.195091
 -1.0485
 1.16288
 -1.84471
 -2.43325
 -0.997795
 -0.403546
 -1.41761
 -0.290446
 -0.824152
 0.077744
 -2.27789
 -1.26735
 -0.839419
 -0.587479
 -1.31178
 2.2279
 -2.34125
 2.00029
 -0.0148081
 0.100475
 -0.965964
 -0.204123
 0.549477
 3.01786
 0.417685
 3.61676
 1.86049
 1.69908
 -1.56428
 1.29019
 1.49333
 -1.25191
 2.55744
 -2.34759
 0.713657
 -3.46526
 -1.63891
 -2.04632
 -0.728907
 -0.171622
 -0.440078
 1.22913
 -0.402138
 1.23584
 0.543324
 -1.05354
 -0.559605
 -2.12484
 -0.221215
 -0.546685
 0.673127
 1.11155
 1.27231
 2.42882
 -0.308955
 2.61814
 -2.10159
 -1.21866
 -2.30564
 0.313647
 -0.25653
 0.451137
 0.152536
 -2.2787
 -1.4749
 -2.93234
 -0.678508
 -1.07888
 -2.60056
 0.248298
 -1.35721
 -0.416208
 -1.54819
 0.915625
 -1.61685
 -0.265142
 -1.78654
 0.107038
 -1.34399
 -1.75736
 -1.41853
 -1.50704
 -1.65451
 0.466317
 -0.231139
 1.4568
 -2.8012
 1.65802
 0.464607
 0.965429
 2.01539
 2.52754
 0.552291
 -1.84131
 0.128799
 -0.449183
 0.575191
 1.40542
 0.965804
 -0.0191818
 0.768779
 0.977965
 -0.888659
 2.75382
 -2.02501
 -1.90067
 -1.86918
 -0.420849
 1.62302
 -2.83161
 1.19265
 -0.622075
 -1.5623
 -0.755756
 -2.3577
 -2.26784
 -0.394681
 -0.503685
 1.18977
 2.38885
 -1.33268
 2.82612
 1.72432
 4.34664
 2.23249
 0.850154
 0.362081
 1.68893
 0.705739
 -2.34017
 -0.175865
 -0.808922
 -1.98335
 -2.92074
 -0.74423
 -1.07524
 1.08873
 -0.730112
 1.34093
 -0.332963
 0.0401665
 -2.60332
 -1.00869
 -0.240678
 -3.24788
 -0.446113
 -1.61398
 2.34853
 0.51612
 1.00233
 0.997349
 1.43125
 1.49618
 -1.64331
 0.386127
 0.810622
 0.638743
 -0.612483
 -1.02843
 -1.45354
 -2.27501
 -0.776745
 0.70418
 0.0486212
 -0.132435
 -0.999485
 0.829705
 -0.524501
 0.846753
 -0.860231
 3.36124
 1.43805
 2.54575
 4.11103
 3.99818
 0.0418282
 0.950712
 0.111576
 2.70741
 -1.68488
 0.407185
 -1.74869
 -0.117127
 -3.63376
 0.304897
 0.102603
 2.55678
 2.14234
 0.778114
 1.89338
 -1.81338
 0.671985
 -3.31296
 -0.92122
 -0.451
 -0.902365
 -1.40113
 -1.22399
 -0.653992
 -0.963772
 -1.44882
 -2.10458
 -1.57222
 -0.813859
 -1.12204
 -0.767045
 0.906528
 2.30949
 1.96169
 2.52346
 1.01095
 1.76696
 1.51761
 -0.515957
 -0.553152
 1.69289
 0.0319641
 0.829828
 1.38921
 -2.84902
 1.75727
 -2.83998
 -3.16843
 0.157989
 -2.81778
 0.791494
 0.623225
 2.8618
 2.54348
 1.42208
 1.78604
 1.65946
 1.97694
 -2.22999
 -0.903576
 0.270499
 0.777172
 1.05488
 3.96655
 1.15334
 2.47305
 0.510226
 0.89911
 -0.981851
 2.27146
 0.525494
 -1.23774
 -0.415694
 -0.889726
 -0.322021
 1.06011
 1.10451
 -1.09818
 0.585591
 0.443606
 0.241733
 1.96065
 -0.248154
 0.640692
 1.472
 -2.55589
 -1.46809
 -0.964385
 1.2065
 -0.557756
 0.0718235
 -0.21988
 -0.109675
 0.194738
 -3.58026
 0.299115
 -3.55833
 -0.335147
 -2.83816
 -0.187732
 -1.40864
 0.101458
 -1.69739
 -2.58568
 -1.14649
 -1.13053
 -1.20123
 -0.706134
 -1.84882
 -0.0301113
 -1.55852
 -2.03892
 -2.02723
 -3.71552
 -3.22253
 -5.39188
 -2.57117
 -1.65433
 -2.38259
 -0.659407
 0.0765265
 0.491875
 0.0378498
 0.233801
 1.75181
 -0.314926
 0.923898
 -1.45637
 0.354402
 -1.0565
 0.521299
 0.755295
 -0.453193
 -0.669515
 -1.90999
 0.464371
 0.607212
 0.708547
 0.412892
 -0.0905188
 1.57254
 -0.427961
 1.13128
 0.216148
 1.13881
 1.78773
 0.907304
 0.851189
 -1.08466
 -0.971876
 2.17363
 -0.453072
 0.680765
 0.895014
 -2.60475
 -0.461392
 -1.5473
 -1.79848
 -0.323221
 -3.23998
 0.235316
 -2.9996
 -0.33613
 0.798484
 -0.791914
 -0.144906
 -1.33252
 -2.0189
 -2.13741
 -1.38816
 -0.0467553
 -3.78756
 -2.11661
 -0.972976
 -1.54427
 -1.03583
 -1.59883
 0.246596
 -0.435402
 1.32021
 2.13418
 2.67294
 2.6563
 -0.49855
 1.22754
 1.47446
 -0.211589
 0.693368
 1.15672
 -0.54779
 0.265195
 1.33273
 0.248855
 -0.68319
 0.829799
 0.90057
 -3.11936
 -0.761512
 -1.82096
 0.00923271
 0.917945
 -0.463209
 0.579724
 0.444096
 -0.502642
 -1.61556
 -0.306761
 0.564034
 0.567058
 2.70795
 0.754001
 1.61562
 -1.16022
 -0.32855
 -0.425781
 1.52927
 -2.47714
 -1.13286
 -4.02257
 0.0395452
 -2.94295
 1.10031
 -0.705509
 -0.248621
 -1.71181
 0.97654
 -0.167839
 -1.38183
 -1.08399
 -0.625019
 -1.74844
 0.156951
 -1.44582
 -0.467428
 -1.22214
 -0.701045
 0.800106
 -0.0857163
 -1.40756
 0.371875
 -0.404711
 0.185918
 -0.613445
 1.14642
 -1.11521
 1.05748
 -0.911733
 -0.924239
 2.08043
 -0.335634
 0.145821
 -1.75081
 -0.643566
 0.0487752
 -2.15893
 0.149879
 1.43631
 0.30412
 0.963189
 0.84747
 0.812762
 1.75903
 1.73754
 1.13797
 -0.77955
 -1.01174
 1.34979
 1.61839
 -0.445091
 -1.38037
 0.0840989
 -1.36168
 0.839261
 -2.01833
 0.584371
 -1.24855
 0.771345
 0.349261
 0.989867
 0.77457
 1.84714
 -0.19338
 1.18223
 -0.891139
 2.03219
 -1.61595
 1.22862
 -0.51349
 1.04635
 -1.20901
 2.58937
 -2.04296
 1.12583
 3.09351
 0.89527
 -0.448013
 -0.548172
 -0.56729
 -1.39342
 -1.73424
 0.808822
 -0.915805
 0.598732
 -0.873844
 2.83983
 -1.75255
 0.205595
 -2.64413
 -1.02699
 -4.38438
 -1.29678
 -2.76208
 0.811084
 -0.559388
 -0.0326001
 -1.40613
 -0.784646
 -0.658417
 1.01443
 -2.94273
 1.98326
 0.423786
 2.41385
 1.37538
 1.65005
 1.22425
 0.324984
 1.61396
 -2.43196
 1.3295
 -0.84733
 -1.49783
 -0.591709
 -0.530305
 -2.48721
 -0.862363
 -2.23973
 -0.864801
 -2.16991
 -2.49163
 -1.26591
 -1.05759
 -0.434202
 0.2971
 -0.56712
 1.08664
 0.555138
 1.26797
 2.03605
 0.407758
 4.02456
 -1.27862
 3.68669
 2.03191
 -0.553935
 3.73742
 -0.0344534
 2.35394
 -2.033
 0.533967
 -2.22972
 2.42628
 -2.42852
 0.790241
 -0.216902
 1.21092
 -0.115771
 0.699995
 1.04391
 0.0807452
 1.44079
 1.32392
 -0.285338
 3.80751
 -0.770048
 0.258735
 -0.933697
 0.267842
 -1.43131
 -0.0197856
 4.0322
 -1.30982
 -0.051258
 1.18109
 -1.0897
 2.84397
 -1.71677
 1.88624
 -1.29353
 0.0186794
 -1.31378
 -1.6631
 -0.863473
 0.438354
 -0.936459
 -0.00723912
 -2.52016
 -1.94679
 -2.80418
 -1.38939
 -1.1014
 0.757997
 0.17655
 0.903078
 -0.476732
 1.02334
 1.44371
 -2.32155
 -0.86457
 -0.761955
 -0.165183
 0.727971
 -1.52646
 -2.14443
 -0.231902
 -2.06438
 1.08787
 -1.30562
 -0.079789
 0.931579
 -0.358607
 1.81453
 -2.59296
 2.1946
 1.46041
 0.638592
 -1.25717
 1.08093
 1.50849
 -0.439322
 -1.64758
 -0.804422
 -2.41603
 -1.19558
 0.838165
 0.608918
 0.987299
 -3.04297
 1.0987
 -2.09831
 -0.0447551
 -1.36286
 0.129706
 2.34073
 1.01459
 2.22179
 -0.279686
 1.25777
 0.662053
 -0.695448
 -0.170678
 0.457886
 -2.42501
 -0.016221
 -2.37403
 -2.31577
 -2.10759
 -0.88766
 0.813858
 0.733022
 2.24076
 2.31713
 2.01772
 1.68777
 0.81894
 1.2952
 -0.752151
 -0.078031
 3.29868
 0.996755
 -0.562529
 -0.232835
 -0.42238
 0.527073
 0.72034
 1.03978
 -0.795022
 0.0885312
 0.365391
 -0.719852
 -1.11253
 -2.2727
 -1.01312
 -0.668995
 -2.4913
 -1.20224
 -0.853406
 -1.58616
 -1.24304
 -0.431353
 1.27783
 2.00401
 -0.443193
 1.74832
 1.76098
 1.40609
 1.48918
 1.02767
 1.55309
 1.45067
 -2.1372
 -2.39551
 -1.83045
 0.301944
 0.776489
 -0.697418
 -0.364403
 0.324496
 -1.96248
 -0.895522
 0.0886679
 -1.00121
 1.94937
 -2.20741
 -0.599153
 -0.177677
 1.10174
 0.72656
 1.64561
 1.98579
 2.11553
 3.68746
 1.06855
 0.805596
 1.01449
 -0.667007
 1.33991
 1.37676
 1.36473
 -0.988557
 -0.52214
 -4.04567
 0.138791
 -2.47435
 -0.503247
 -4.17605
 -1.77885
 -1.81713
 -0.174011
 0.638783
 0.377345
 1.50581
 1.49264
 -0.512202
 0.615989
 -1.90469
 0.276987
 0.277651
 1.40018
 1.87447
 0.435151
 1.00768
 -0.527913
 0.194203
 -0.072197
 -1.1407
 -0.575899
 -1.46501
 0.434708
 0.704097
 5.13777
 -0.538463
 3.15288
 -0.233099
 2.05613
 0.0400136
 2.98064
 0.602731
 1.50386
 2.37749
 0.366938
 4.39338
 0.124183
 4.05254
 -1.24154
 0.15674
 1.39366
 0.940416
 -0.386159
 1.52772
 -0.960903
 -0.613124
 -1.19072
 -0.202221
 -1.85266
 -2.0512
 -0.868569
 -3.57247
 -0.537208
 -2.33459
 -0.888441
 -3.6847
 -0.708116
 -2.32209
 -2.96115
 -4.93475
 -1.64306
 -1.18511
 -0.326747
 -3.20265
 -0.335221
 -1.0088
 -1.17213
 -1.79411
 -0.407251
 -1.04413
 -0.2685
 -0.710318
 -1.456
 -0.926865
 -2.07304
 2.55617
 0.0244751
 4.36866
 0.579247
 -0.0384865
 1.18969
 -1.39997
 0.615613
 0.335386
 0.751979
 0.0559394
 1.16628
 0.211426
 1.54912
 0.377114
 -1.80467
 -0.766576
 -0.969039
 0.0605433
 0.455095
 1.51565
 0.627724
 2.08815
 1.0128
 1.02614
 2.24009
 -0.53417
 3.42191
 2.30804
 2.76933
 2.1565
 2.85033
 0.985586
 2.08915
 2.05679
 1.90767
 4.21106
 -1.28679
 2.19929
 1.28988
 1.72743
 -0.453831
 1.48296
 1.2896
 4.17503
 -1.10753
 0.672673
 0.657258
 -0.114934
 -0.466698
 -1.88139
 -0.414297
 -1.70128
 -0.699356
 -1.71594
 0.580611
 0.78757
 -0.363214
 -0.618645
 -4.09826
 0.39607
 -1.07157
 0.427217
 -0.786296
 -1.26993
 -2.99096
 -0.424872
 -3.60005
 1.88283
 -2.55792
 -1.42343
 -2.37832
 -0.165496
 -0.903964
 -1.30326
 -0.239606
 -1.18106
 -0.802878
 -0.38535
 -1.64838
 -0.738165
 1.08559
 -1.65909
 0.0496404
 0.875093
 -0.445626
 0.54992
 0.385565
 -0.0627014
 -0.483719
 0.575439
 1.09673
 1.30875
 -2.74187
 0.697345
 1.04404
 -1.74654
 0.674055
 0.429266
 -1.2536
 -0.573461
 -3.0035
 -0.686575
 -4.02628
 0.963725
 -3.07687
 1.42233
 -1.41015
 1.302
 2.03071
 0.7901
 0.867989
 -0.601594
 -0.153867
 -2.28408
 -0.636965
 -2.45226
 -1.7837
 -0.461679
 -1.70824
 0.689289
 0.822916
 -1.03874
 0.43708
 0.960585
 -0.904202
 -0.742719
 -0.197518
 -0.577027
 -0.224285
 -4.00376
 0.196791
 -1.30464
 -1.49338
 0.542595
 0.54972
 0.564617
 -0.138758
 0.220998
 0.681426
 0.905323
 -0.797094
 0.433434
 -0.507436
 -0.66585
 1.36274
 1.81543
 1.40072
 -0.302276
 0.513445
 0.277632
 0.21864
 1.21818
 -0.622944
 -0.0584718
 -0.754281
 0.389268
 -1.22339
 0.27834
 -0.699018
 3.12813
 -0.730686
 1.05174
 0.463654
 1.57278
 1.52214
 -0.808064
 1.9882
 -0.568479
 -0.653725
 0.782911
 -3.15405
 -0.84678
 -0.488798
 0.543219
 -1.03691
 -0.026203
 -1.24337
 -0.0791841
 -0.271461
 0.485432
 -0.898081
 -0.0878876
 -1.38073
 -2.82718
 -0.923199
 -1.0254
 -0.350386
 0.208368
 -1.32963
 -0.980608
 -1.83841
 -0.782631
 -3.33238
 -4.22283
 -0.0406898
 0.0999672
 0.649812
 0.261219
 -0.0236338
 -1.58483
 0.1543
 -0.382261
 0.805046
 0.299158
 0.420928
 1.45434
 1.67232
 -1.51041
 3.67007
 -0.609792
 -0.861125
 1.32471
 -0.937535
 -1.19175
 -0.017677
 -0.107443
 -1.46302
 -0.408806
 -0.486252
 1.48702
 -0.368481
 -0.705486
 3.06968
 0.415402
 3.09929
 1.96497
 1.30146
 -0.313925
 0.195032
 -1.47163
 -1.93721
 -0.412012
 0.990927
 1.23932
 -0.00476923
 0.566819
 0.199584
 1.0866
 -0.70704
 -1.64819
 -2.27847
 -0.734099
 -2.92733
 -1.3568
 -2.1375
 -0.728656
 -1.54619
 -1.93078
 -1.08121
 -0.756639
 -0.117326
 -0.75915
 -1.59969
 -2.4959
 1.36728
 -1.70232
 -1.87581
 -1.75985
 -1.03103
 -1.29229
 -3.06291
 -2.02618
 -3.72607
 -1.26358
 -1.95085
 -0.890631
 0.0553505
 -0.290398
 0.876113
 -1.0898
 -0.146338
 0.778361
 0.676327
 1.50725
 -0.437715
 -0.0680219
 2.12358
 -1.55832
 3.35051
 0.963875
 4.04845
 -0.967357
 -0.673597
 0.765676
 0.334173
 0.809925
 2.72465
 1.41401
 -0.406609
 2.6569
 0.195483
 2.5021
 -0.0538533
 1.72277
 0.0737938
 0.511942
 -0.90833
 1.03923
 1.55168
 1.96574
 0.224051
 -1.84854
 0.199513
 0.683627
 0.92361
 -0.031146
 2.62565
 0.500678
 3.98808
 1.97013
 3.45019
 2.29567
 0.859216
 0.310159
 1.06778
 0.910864
 1.71202
 -0.0712235
 -0.258794
 -0.453943
 -1.83332
 -1.8625
 -1.27761
 -4.95783
 -2.8451
 -0.175013
 -4.08256
 -1.98008
 -1.49438
 -1.39905
 -0.857872
 -0.0604763
 1.44288
 1.41726
 -0.0360861
 0.12944
 1.7239
 -0.163934
 0.213883
 -1.24255
 0.314892
 -0.43437
 -0.3685
 0.42979
 0.233433
 -1.21495
 0.915303
 3.17842
 0.198377
 1.32163
 0.32814
 -1.3207
 0.23822
 -2.00669
 0.774286
 -1.39045
 -0.602081
 1.87356
 1.75498
 1.90981
 3.28847
 0.717338
 0.694837
 -0.488696
 1.92019
 2.68242
 0.982908
 0.387916
 0.838254
 1.58443
 -1.21234
 -1.08872
 -0.414021
 -0.834121
 -0.943825
 -0.274042
 -0.21641
 0.862405
 0.06216
 0.39711
 1.02105
 0.42218
 1.5536
 4.96646
 0.421855
 1.55958
 -1.38544
 1.72875
 -0.180937
 1.00482
 2.57477
 1.7721
 1.50715
 -0.120616
 0.0724008
 0.186197
 1.77717
 -0.90919
 0.866442
 0.648503
 1.11021
 1.46251
 -1.31224
 3.08258
 -0.95297
 2.67892
 -0.698764
 1.00477
 -2.08799
 2.95652
 1.00791
 3.13366
 0.640071
 1.57382
 0.270333
 -0.497203
 -0.533213
 -0.111891
 -0.80104
 -0.0659564
 1.39998
 0.0990076
 0.531951
 0.979675
 2.34858
 1.01218
 0.259798
 0.103537
 -0.984259
 0.484322
 -2.31558
 1.35494
 -0.583664
 0.548721
 1.4812
 -0.577028
 -0.0917578
 -1.20918
 0.0559458
 -1.02499
 2.58429
 -2.20645
 1.01208
 -2.87026
 2.40706
 0.79296
 1.36293
 0.300137
 -0.372676
 -1.05691
 -0.577798
 -1.65172
 0.0469665
 1.08984
 0.0578613
 2.34771
 1.63969
 -0.281995
 0.0621177
 -2.1483
 -1.50986
 -3.96112
 0.181007
 -1.8031
 -0.741413
 0.622927
 -1.32139
 0.286255
 -0.657454
 -0.280763
 -0.483645
 0.61947
 1.2233
 0.679612
 1.89781
 -1.8976
 -0.127964
 -0.615208
 1.51887
 -2.71087
 -0.726833
 -1.35446
 -1.38737
 -0.688593
 -4.15672
 -1.94447
 -1.91664
 -2.50652
 -0.806432
 -0.0943873
 -0.706074
 0.0657296
 -0.581342
 2.82608
 -1.97412
 2.02792
 -0.759557
 -0.865358
 0.669338
 0.513874
 0.190299
 1.33802
 0.618448
 0.917253
 1.30889
 1.12283
 -0.275691
 -1.45121
 1.22129
 1.54525
 0.556398
 1.53552
 -0.00620456
 1.40047
 -0.185148
 0.947117
 0.719397
 2.44445
 0.788793
 -2.67939
 -0.724225
 -0.671321
 -0.129583
 0.710152
 -1.04114
 0.33309
 -0.915843
 1.67585
 -0.401378
 0.60072
 -0.818973
 0.193841
 -1.53045
 0.000759629
 -1.2706
 0.572156
 -0.345114
 0.745434
 -2.27916
 -0.995146
 -1.05605
 -2.03144
 0.492924
 -2.67734
 0.041759
 -1.18479
 1.65686
 1.03878
 0.922138
 -2.83769
 0.101138
 -1.66656
 -1.05059
 -0.479942
 -3.95706
 -1.52949
 -4.85579
 -0.42215
 -0.441212
 -1.18221
 0.12689
 -1.4903
 0.657656
 -0.164264
 -3.29633
 -1.6702
 -0.81661
 -1.3817
 0.0153255
 0.94995
 1.5056
 1.98157
 -1.12365
 -0.581712
 1.07339
 -2.09152
 -0.266502
 -2.00105
 0.062285
 0.417278
 -2.30422
 -0.676548
 -0.391641
 -2.99582
 -0.267161
 -1.54574
 1.19999
 1.3375
 -0.36104
 0.540142
 -0.209088
 0.118107
 -3.90764
 0.439985
 -0.819641
 0.617338
 -0.920887
 -0.195092
 -1.62581
 0.22531
 -3.74472
 -0.595561
 -2.27513
 -0.837857
 -0.385262
 0.728981
 -1.48072
 1.11178
 0.613284
 -1.25197
 -0.101593
 -0.0876747
 -0.473966
 0.521737
 0.0487102
 1.32819
 -0.136039
 -1.14396
 -0.723941
 0.754388
 0.0829903
 0.470804
 -1.05667
 0.486711
 1.59645
 -0.117718
 1.24065
 -0.797495
 -1.22272
 -0.467666
 -1.44506
 -0.775106
 -1.41035
 -2.63592
 0.173434
 -1.72736
 -0.445171
 -0.593585
 -1.59434
 0.107164
 -0.349184
 0.747246
 -0.795082
 0.275289
 -1.02186
 0.173203
 -0.216295
 -0.849513
 0.436125
 0.304966
 3.81614
 -0.800829
 0.663933
 -0.184616
 -0.711968
 -2.38798
 -0.976468
 -2.51385
 -1.86015
 -1.63037
 -2.50845
 -2.86651
 -4.55574
 -1.98032
 -4.52975
 -1.46529
 -0.327251
 -0.57573
 -1.77538
 -1.94467
 -3.45436
 -0.776597
 -1.53094
 2.04872
 -0.325964
 3.09269
 0.412713
 4.24584
 1.80954
 2.84829
 1.80925
 1.57764
 1.34519
 2.66923
 -1.35267
 2.18895
 0.0483698
 0.713115
 -3.34144
 -2.0122
 -1.13228
 -4.79496
 -2.90864
 -3.50783
 -1.71729
 -3.75016
 -4.31846
 -2.80915
 -2.55965
 -1.81275
 -2.28329
 -1.31163
 -1.21318
 1.88008
 -0.775178
 1.37305
 1.3046
 -0.0120616
 -1.36027
 -2.01869
 -1.00613
 -0.918331
 2.53097
 1.74374
 1.86673
 1.9521
 -1.1062
 -0.198215
 -1.90829
 -1.72656
 -2.31202
 -2.34856
 -1.76688
 -3.83189
 -0.908543
 -1.8848
 -0.205096
 0.599232
 0.169663
 -0.725724
 0.347231
 1.89045
 0.487473
 1.14735
 -0.965938
 1.3216
 -1.35127
 0.773842
 0.207353
 1.71727
 -0.788544
 1.58891
 1.63447
 1.21128
 2.34414
 1.54496
 2.39271
 1.30086
 3.09641
 0.357208
 2.10205
 1.84524
 2.85302
 2.11592
 1.3965
 0.832748
 2.31508
 1.34942
 1.99295
 2.70985
 2.5677
 2.1613
 2.55935
 4.60646
 5.3528
 4.83475
 4.53744
 2.78936
 3.8679
 1.23056
 2.3622
 1.98976
 0.871194
 0.777538
 1.17896
 -0.126215
 1.23859
 -0.421398
 1.00115
 1.34558
 -1.30455
 1.51627
 -1.89408
 2.75845
 -0.169792
 -0.891105
 0.448831
 0.643601
 1.38837
 0.936827
 -1.29994
 -0.179928
 -0.974665
 -0.346998
 -0.540882
 0.475057
 -0.213397
 0.770487
 1.23831
 1.78437
 1.22426
 -0.153193
 1.0784
 0.635445
 0.967956
 0.573588
 2.25976
 -1.65656
 2.89887
 1.48424
 1.84618
 0.95883
 1.03274
 0.8112
 -0.901853
 0.187703
 0.599402
 2.46444
 -0.146234
 4.20856
 -0.724976
 2.49738
 2.62946
 1.14488
 1.8041
 -0.0321571
 0.615929
 -0.0141498
 0.623534
 -0.357389
 0.389049
 0.673385
 -3.30299
 -1.12577
 0.0155874
 -1.07671
 0.247129
 -2.75794
 0.753552
 0.545134
 -1.15064
 -0.389276
 -4.09538
 -3.54925
 -1.56198
 -2.79749
 -3.63013
 -1.92636
 0.259379
 0.0607956
 0.390315
 -1.75573
 -0.507492
 -1.81058
 0.825269
 -0.482986
 0.471976
 -0.0815879
 0.292366
 -1.65898
 -0.223297
 0.733665
 2.65865
 1.43965
 0.476012
 4.27974
 1.80794
 5.13318
 1.37687
 2.38241
 -0.37339
 1.35673
 0.566529
 2.86305
 -1.22874
 1.25801
 -0.0523622
 0.942152
 -1.64882
 -1.13829
 -2.50554
 -0.564225
 0.701268
 1.22179
 0.945646
 0.773333
 1.62553
 0.2206
 0.701202
 1.38385
 -1.15354
 -1.06039
 0.305992
 -0.522083
 0.290009
 1.73862
 1.0711
 -1.21494
 2.13327
 -0.185811
 4.24644
 -1.06971
 0.395527
 0.1631
 1.28914
 -1.23613
 0.972096
 0.10432
 0.90467
 0.229015
 0.530453
 -2.34705
 -1.54006
 -0.886958
 -1.83515
 1.12491
 0.912975
 0.310319
 -0.195987
 0.491757
 2.05765
 0.287118
 1.97813
 0.634362
 0.603843
 -1.18824
 -0.392529
 -0.142619
 1.41643
 0.678962
 1.85177
 -0.395303
 1.09236
 0.61359
 3.72972
 1.56129
 2.00188
 1.42359
 0.364783
 -0.284606
 -0.748023
 3.79892
 1.3882
 0.975591
 0.83007
 1.40107
 -0.251882
 0.80756
 -0.396856
 0.416485
 -0.351992
 0.630324
 -0.214613
 -1.31191
 -0.011903
 -1.70684
 0.0346702
 -1.11798
 1.8815
 1.12521
 2.0148
 0.575105
 2.37621
 1.33678
 -0.765958
 0.799977
 -0.303541
 -3.86011
 1.19363
 -3.10913
 -0.459044
 -1.5265
 -3.98358
 -2.5253
 -1.29772
 -0.164453
 -0.432593
 0.113727
 0.299538
 -1.14844
 -1.81568
 -3.21868
 -1.60665
 -2.08306
 -2.85311
 -0.515913
 -1.58249
 -1.25053
 -2.42863
 0.419357
 1.23963
 0.238413
 -0.161906
 -0.146385
 2.19864
 -1.09678
 3.6457
 2.08332
 4.2899
 2.28675
 1.74301
 2.60255
 0.401674
 1.64392
 -0.545809
 1.81941
 -1.74452
 -0.728099
 -0.964698
 0.330495
 0.00370622
 1.74047
 2.38614
 3.42772
 3.70602
 1.20788
 1.98504
 1.67359
 -2.29768
 2.32387
 -2.33729
 -0.700886
 -4.65812
 -2.30013
 -3.24835
 -0.310456
 0.732261
 0.598306
 -0.931482
 1.03925
 3.31223
 -1.56143
 1.58168
 -2.58061
 -0.0895527
 -2.49381
 -0.0767774
 -3.05895
 -1.29958
 -2.24896
 1.60641
 0.669516
 1.54476
 -2.13803
 -2.69123
 -3.29434
 -3.72373
 -3.68625
 -3.88189
 -2.81511
 -2.12243
 -1.44052
 -0.652851
 -0.0447427
 1.13788
 1.55114
 2.33218
 1.44728
 1.12434
 -0.592959
 0.130624
 -1.74683
 -0.883157
 -0.30013
 0.894499
 0.106628
 1.39802
 -0.757791
 1.94787
 0.47767
 0.562928
 1.05127
 -0.637772
 1.41999
 1.36344
 -0.0754209
 -0.617592
 0.461141
 -0.684377
 0.503111
 -0.358122
 -1.36834
 -1.15262
 -0.711662
 -1.82045
 -3.79881
 -0.256978
 -2.53895
 0.579972
 -1.07983
 0.234654
 -2.05113
 1.14943
 -0.322584
 -0.405996
 -2.88354
 1.28108
 -2.736
 0.367854
 -1.25495
 -1.58505
 0.199103
 -0.831353
 1.31179
 1.34008
 0.935272
 1.46798
 -1.31824
 -0.110485
 -0.727782
 0.93358
 1.38505
 1.73857
 -0.913612
 0.680793
 0.888946
 -1.521
 -0.120209
 -1.60099
 0.000110379
 -0.706747
 -0.387894
 -2.56469
 -1.05129
 -0.897361
 3.54688
 1.20917
 1.51843
 -0.418147
 1.09488
 1.62755
 4.31242
 0.859245
 4.17241
 1.84703
 3.75818
 0.223537
 1.32338
 -0.89447
 -0.867012
 -3.81437
 -1.57253
 -2.10331
 0.676697
 -1.11998
 2.18306
 1.36404
 1.56156
 0.63106
 0.937585
 -0.070056
 0.539199
 -0.753882
 1.55475
 -0.00404845
