 -1.85508
 -0.88253
 -0.807944
 0.464634
 -0.97749
 1.28094
 -2.55604
 0.146999
 -1.08353
 -2.15085
 -3.11145
 -1.44437
 -1.3788
 -0.341372
 -1.40384
 -0.0202212
 0.24491
 0.41661
 -0.816702
 -2.36587
 -2.03855
 -2.81052
 -1.31795
 -2.71233
 0.617691
 -1.54174
 1.99014
 0.564758
 1.09158
 1.14136
 1.459
 -0.0207782
 1.75408
 2.58062
 2.42702
 -0.108673
 0.670449
 1.20919
 1.56624
 -0.758189
 0.139179
 -1.36756
 -1.23781
 -2.40592
 1.75721
 0.200043
 0.817323
 -3.15518
 -0.036056
 -0.966036
 -1.35108
 -1.05631
 -3.27177
 -1.90064
 -3.33671
 -1.02331
 -2.51727
 -2.47124
 -1.9731
 -0.559516
 -4.22677
 -1.5446
 -1.44612
 -1.13794
 0.160306
 2.11796
 0.113038
 1.57454
 1.63474
 -0.257789
 2.18244
 0.086241
 0.281488
 1.47263
 0.582068
 1.43948
 1.22634
 1.05825
 -0.179928
 -0.0351419
 -1.24645
 0.668082
 0.881402
 0.631572
 0.412337
 0.513588
 0.999565
 -0.456561
 -1.41563
 0.0885715
 -0.244019
 1.99017
 -1.39121
 1.16309
 -1.7186
 -0.806319
 -1.81163
 -0.691767
 0.0936739
 0.734236
 1.11743
 -2.28327
 1.42906
 -2.39882
 2.00622
 -1.12707
 -0.523652
 0.203674
 -2.18615
 1.35451
 1.22218
 -0.986541
 2.93799
 -0.120684
 1.12343
 0.999834
 0.627083
 2.37564
 0.255762
 0.373248
 0.629806
 1.58851
 1.47657
 0.675093
 3.32576
 -0.505342
 3.62835
 0.681997
 1.8901
 1.62661
 -0.373575
 -0.10577
 0.92796
 0.869288
 0.698905
 0.931802
 -0.927791
 -1.44225
 -1.44011
 -2.55118
 -0.479583
 0.338873
 0.314634
 2.74113
 1.01156
 3.44143
 0.733105
 3.67177
 1.63875
 -2.1745
 1.73156
 -0.010492
 0.469278
 -1.67003
 -0.282081
 0.234135
 -2.55107
 -1.0739
 -2.37201
 -0.851516
 0.281198
 1.13174
 1.95144
 1.36562
 3.19366
 0.448382
 3.37434
 0.888532
 0.76469
 0.419112
 1.29518
 0.827694
 -0.0705519
 -1.26006
 -1.96613
 -2.70104
 -3.2212
 -1.23221
 -1.97487
 0.313625
 -1.40338
 0.392954
 -1.24549
 -0.3492
 0.797269
 1.41345
 0.592747
 -1.04457
 2.67125
 0.220179
 1.3491
 0.93775
 1.99024
 1.36532
 1.10451
 0.533173
 2.22916
 3.49367
 -0.331805
 0.763639
 -1.49835
 0.234033
 0.869851
 1.23727
 1.34989
 1.42609
 -0.499405
 -1.8066
 0.445169
 1.8343
 1.97716
 2.04688
 0.0528245
 1.65024
 0.733619
 1.22267
 2.81322
 0.202779
 0.313688
 0.705556
 -0.419388
 -3.01124
 0.266908
 -3.22853
 -1.52819
 -3.20686
 -3.6283
 -3.92562
 -0.781505
 -1.59208
 -1.03326
 -1.56048
 -1.57161
 -3.11492
 -0.267982
 -1.35709
 0.817182
 -0.779404
 1.05746
 -1.17403
 -0.574393
 -1.17794
 -1.36327
 1.91638
 -1.9802
 1.96442
 1.02391
 1.1891
 1.07469
 1.25106
 1.88188
 -2.52735
 -1.13164
 -1.12818
 -0.748286
 -0.913141
 -1.31678
 -0.42952
 -1.40655
 1.68226
 -0.129286
 -0.418103
 0.102503
 -1.802
 -0.61383
 -0.619873
 -1.63866
 0.748668
 0.285856
 1.64857
 0.940856
 2.17792
 -0.26814
 0.937624
 -0.320577
 -0.298053
 0.089591
 -0.308328
 -0.0747921
 -1.76041
 -0.625173
 -2.15486
 0.257606
 -2.85125
 0.362317
 0.970121
 0.883592
 -1.02694
 0.502796
 0.402003
 0.73087
 0.658091
 -1.42106
 -0.01377
 -0.282181
 2.6236
 1.95287
 1.8887
 2.12151
 2.58544
 0.582617
 1.81967
 4.82263
 1.06697
 4.64026
 0.870854
 3.25846
 0.771991
 1.15451
 -0.354866
 0.928946
 2.23189
 -0.674469
 0.948624
 -2.41155
 0.111946
 -3.86213
 -1.32463
 -4.39693
 -2.07642
 -2.32832
 -2.47796
 -0.574144
 0.292003
 0.900883
 1.32426
 0.00138427
 -1.19167
 1.84315
 -1.96316
 2.57734
 0.295882
 1.02612
 -0.47907
 -0.70995
 -0.592217
 -0.512255
 3.00376
 0.833478
 3.13304
 0.916445
 0.765036
 -0.858316
 -0.208168
 -0.977375
 -0.451735
 1.11649
 0.953638
 -0.409168
 1.93994
 -2.06353
 0.393484
 -1.0382
 -1.09365
 -0.476656
 0.575239
 -0.8614
 0.110967
 -0.528094
 -1.20647
 0.907212
 1.19829
 -0.516997
 1.97134
 1.80769
 -0.120694
 2.69679
 0.328794
 1.0276
 1.69137
 1.60541
 0.446398
 -1.68197
 -0.715505
 -0.79301
 0.638906
 -1.20716
 2.4315
 0.598618
 0.89113
 1.98839
 2.75204
 -1.16155
 3.19358
 -1.29808
 3.14544
 0.4954
 -0.670434
 0.362349
 -0.779255
 0.916305
 0.410975
 -0.646441
 0.616966
 1.15038
 -0.456793
 1.62114
 -1.31929
 -0.723857
 0.226061
 -1.69039
 -0.227582
 -2.60393
 1.30508
 -1.04723
 -0.665895
 0.0583159
 -1.17326
 2.70212
 -1.84179
 3.09886
 -0.111855
 0.492006
 0.893414
 -1.20137
 1.21144
 1.14164
 -1.47154
 0.671753
 -0.149299
 1.30069
 1.28982
 -0.267811
 -1.36866
 -1.98763
 -2.50884
 -0.947801
 -1.91197
 1.24055
 0.236215
 0.775214
 -0.0807442
 0.814859
 0.224968
 -0.512515
 -2.07317
 -2.17473
 -2.48987
 -2.32859
 -3.75555
 -1.42852
 -2.63167
 -2.00447
 -2.57641
 0.909455
 -1.15059
 1.20951
 -0.17897
 2.25793
 0.185544
 -0.0405353
 0.555094
 -0.148796
 0.154262
 0.757845
 -0.0511726
 0.669114
 -1.19546
 -0.750109
 0.519985
 -3.09704
 0.425182
 -1.82907
 0.376547
 -0.895009
 2.24173
 -0.691371
 3.74307
 -1.35031
 1.01553
 1.3278
 -0.287568
 0.874608
 -1.75812
 -0.554732
 -1.60467
 0.937514
 -0.612906
 3.9187
 -0.0606722
 3.26824
 -1.10702
 2.64728
 -2.07811
 -1.60658
 -2.08964
 -0.623042
 0.880706
 -0.657197
 -0.181211
 -2.92181
 -0.333283
 -0.723463
 -0.257538
 -3.12177
 -1.39562
 -0.0338089
 -1.82068
 -0.924343
 -3.7837
 -1.30314
 -1.73558
 -3.25427
 -0.828721
 -1.2672
 0.072179
 -2.73381
 0.125076
 1.75262
 -0.662705
 -1.55949
 0.678917
 -1.07167
 -2.36609
 0.116795
 0.833729
 2.75632
 0.304442
 1.75715
 1.89724
 1.58017
 1.34763
 0.633756
 0.491573
 0.899233
 -0.33114
 0.00197919
 0.740205
 2.1771
 -2.40766
 0.53969
 -0.713109
 -0.62997
 -3.90219
 1.17431
 -2.5226
 1.08237
 0.851072
 -0.780813
 -1.93511
 -2.09832
 0.160781
 -1.55601
 -0.436073
 -1.31924
 0.611364
 -2.52756
 -0.817334
 -2.3212
 -1.22751
 -4.03909
 1.82673
 -0.582415
 0.527563
 -0.294987
 1.27192
 0.432418
 0.60146
 -0.631639
 0.977464
 1.6585
 1.23553
 -1.95338
 1.37634
 0.118336
 1.25565
 1.59231
 3.33542
 1.66068
 1.64823
 0.91813
 1.95492
 -0.118101
 0.505742
 -0.221631
 0.641882
 1.54741
 -0.202915
 0.940368
 1.19244
 1.03619
 0.783251
 1.29188
 -2.271
 -0.684375
 0.473681
 -1.85487
 -1.85993
 -1.71038
 -2.57319
 0.0890248
 -0.863276
 -0.528012
 -0.551037
 0.22724
 0.995735
 0.146137
 3.13525
 2.84803
 0.908097
 1.01969
 -0.763973
 -0.710044
 0.0590374
 1.76786
 1.3115
 1.48279
 1.87177
 2.62918
 4.56834
 -0.755768
 2.38801
 -0.386952
 1.68996
 -1.56769
 2.04034
 0.737965
 2.96306
 -0.700531
 1.34767
 0.125346
 0.796202
 0.292072
 0.576062
 0.47454
 -0.110651
 1.27032
 0.718674
 1.54892
 0.62184
 -0.0359705
 -0.0915992
 2.09101
 -1.7541
 1.08948
 -1.22305
 -3.03152
 -0.445479
 -0.0959297
 1.00913
 2.99696
 2.27099
 2.96146
 1.27739
 2.47346
 0.348239
 2.74374
 -1.23197
 0.446571
 -2.42052
 -0.375011
 -2.54676
 -0.325793
 -1.22951
 0.764036
 -0.786172
 2.63304
 -0.456622
 -1.99626
 -1.21847
 -0.164541
 -0.0603175
 -0.755817
 0.107816
 -1.7446
 -2.24694
 -0.376092
 0.00677765
 0.356111
 -1.34585
 -0.463311
 -1.65394
 1.47501
 -0.284666
 -0.436053
 -1.07172
 -2.38572
 2.24547
 -0.471895
 0.0410018
 -3.10895
 -1.246
 -1.89088
 1.94721
 1.64886
 -0.701746
 0.846882
 -0.442119
 -0.804936
 0.565802
 0.970798
 -0.102685
 0.0611214
 -0.0352655
 1.04639
 0.686578
 -0.680772
 3.99159
 -0.0716016
 3.55834
 -1.43138
 0.996951
 0.546962
 3.09881
 1.22013
 0.434558
 1.05912
 1.0241
 2.63028
 0.743451
 -0.0697672
 1.64339
 -2.8078
 0.233258
 -1.4898
 -0.767154
 0.726523
 1.81892
 1.207
 -0.363878
 -1.2117
 -0.0582604
 -3.42102
 -1.33982
 -1.12778
 -1.88069
 -1.80978
 -0.763203
 -0.179574
 -4.01697
 0.0873507
 -3.90511
 -3.7162
 -3.09437
 -2.88927
 -2.93088
 -2.16846
 -1.21307
 -1.78842
 1.34446
 0.396068
 1.15989
 2.2805
 -0.355625
 1.96213
 -0.501018
 -0.559608
 -1.69204
 -1.44624
 0.0191093
 -1.60157
 -0.982364
 -1.05791
 -3.22851
 -1.22861
 -0.850864
 -0.455347
 0.752875
 0.849245
 -0.204162
 0.669674
 -1.00823
 -2.05336
 0.568815
 -3.25276
 0.712035
 -0.391319
 1.14937
 0.341343
 0.410662
 -3.206
 -1.07774
 -0.205483
 0.494329
 -0.0740602
 -1.47439
 0.577198
 -1.54242
 -0.857369
 -0.442505
 -1.93902
 -1.00329
 -0.444958
 -3.48913
 0.511241
 -2.06335
 2.44611
 0.00171507
 4.19035
 0.0264198
 3.76275
 0.375273
 1.84677
 -0.0143913
 -0.265284
 -1.4168
 -0.55808
 -1.3016
 -0.310544
 -1.56418
 -0.364305
 -2.71611
 -3.68414
 -4.47879
 -3.1647
 -1.80281
 -2.36412
 1.72374
 -0.402127
 1.69071
 -0.152532
 -0.672088
 -0.283718
 0.277237
 -0.710769
 2.39863
 -1.20797
 0.169529
 -1.25716
 -0.318833
 -0.191545
 -0.646813
 -1.10734
 -0.23521
 0.163823
 -3.23978
 0.00460978
 -0.587782
 -1.92679
 -0.326468
 -2.52376
 -0.266846
 -1.01965
 0.314725
 -0.73834
 1.34255
 1.96508
 1.5862
 1.39754
 -0.0743906
 1.23513
 -0.351455
 0.646081
 -0.214748
 1.19148
 2.3871
 1.79393
 0.553772
 1.07282
 -0.56526
 0.803856
 -0.398016
 -2.04737
 -0.670656
 1.0018
 1.23345
 1.41029
 0.216363
 1.86078
 0.149052
 0.839472
 2.47668
 0.96367
 -0.572994
 -1.61127
 -0.715722
 -1.97423
 -1.52523
 -5.00385
 -1.77799
 -1.5884
 -0.68656
 -1.89895
 -1.40908
 2.43692
 -2.13264
 -1.20305
 0.538383
 -3.27817
 1.12024
 0.534168
 -0.551928
 0.377859
 -2.21529
 0.00726569
 -1.18662
 -2.5922
 -0.996407
 0.314148
 0.0489678
 0.438332
 0.321251
 2.60055
 4.17834
 2.87873
 4.32152
 0.663492
 2.19122
 2.45556
 2.32877
 0.792013
 0.0289836
 3.91558
 0.995049
 3.73332
 2.9166
 0.310804
 0.6365
 1.12727
 3.09545
 -0.90654
 0.248465
 -0.939101
 0.912971
 3.63384
 -0.438412
 3.01817
 2.13178
 -1.11869
 3.47596
 -0.0554691
 3.63361
 0.217774
 2.42288
 1.05339
 -0.816772
 -1.23504
 -1.7773
 0.736794
 -0.388219
 0.689737
 -0.547556
 2.69708
 -0.157693
 1.50569
 0.769284
 4.73339
 -0.657705
 -0.332283
 1.77741
 1.32545
 -2.51404
 2.81098
 1.28376
 3.83412
 -0.27849
 4.31706
 -0.734092
 2.87118
 -1.32787
 3.20627
 -0.79152
 0.381235
 -0.563151
 -1.07103
 -0.314928
 0.662447
 -0.408399
 -1.23841
 -1.53773
 -1.15174
 -2.05529
 -2.84942
 -1.28048
 -1.14573
 0.073999
 2.10027
 0.900022
 1.22502
 0.114629
 -1.15417
 -1.53922
 2.07209
 0.926233
 1.59639
 0.279334
 -0.426363
 0.880408
 -2.89837
 0.37797
 -2.66483
 -1.77004
 -2.23537
 -2.35965
 -2.43935
 -0.878732
 -2.17001
 -1.7372
 -0.82506
 -2.46556
 -0.87811
 -1.66
 -2.2301
 -0.140826
 -1.66903
 -2.78225
 -2.90359
 -1.79447
 -3.55417
 -1.17849
 -1.05592
 -0.652122
 0.489571
 -0.573294
 -1.75459
 0.35613
 -1.99248
 -1.41533
 -4.40155
 -0.185915
 -1.61971
 -0.392062
 -0.484898
 -0.120382
 1.01522
 0.541905
 -0.821576
 -0.930577
 -3.31321
 -2.06711
 -0.692416
 0.0149033
 -2.27554
 0.695774
 -0.810563
 -2.70781
 -1.60733
 -2.57686
 -1.54694
 -0.69062
 -1.7651
 -0.910823
 -0.932842
 0.554997
 -2.78627
 -0.839935
 -0.668297
 0.422975
 0.540386
 -0.89918
 -0.439698
 0.0147209
 0.475403
 1.15093
 0.505804
 -0.889495
 0.5444
 0.439183
 1.30855
 2.09944
 0.336001
 0.954367
 1.84996
 2.41306
 2.38614
 0.685684
 0.410044
 -0.193106
 -1.38215
 -0.150221
 -0.69983
 2.08103
 0.294338
 1.80486
 -1.65644
 -0.483705
 -1.61429
 -1.16796
 -0.064871
 -1.28196
 -1.17492
 -0.726214
 -3.02685
 -3.01708
 -2.85597
 -1.575
 -2.48877
 -1.51963
 -1.8221
 0.753247
 -0.2071
 0.861028
 1.34135
 0.692688
 -2.1483
 -0.850394
 -0.85902
 0.64781
 0.0752096
 -0.712504
 1.9196
 2.27521
 2.96958
 1.41452
 -0.541182
 -1.42224
 -0.799426
 -0.452064
 -0.0751554
 -2.08746
 -1.30703
 0.459446
 -2.36096
 -1.38998
 -2.72414
 -3.1872
 -1.79792
 -2.56362
 -1.36144
 -0.124422
 0.499745
 1.5081
 2.14074
 -1.60184
 -0.740797
 -1.14509
 -0.418422
 0.355575
 -0.934562
 0.725685
 -0.761204
 0.319757
 -1.41082
 1.82796
 -0.0665988
 -0.58352
 -0.252407
 0.948501
 -3.11682
 -0.306708
 -3.28055
 -1.71668
 -1.65033
 -0.95151
 0.447942
 -1.16101
 1.6388
 0.928677
 1.81267
 2.86281
 3.70439
 3.82282
 -0.543145
 4.4565
 4.20489
 2.57519
 1.81281
 4.23403
 0.666929
 3.26169
 1.22985
 1.59674
 2.48591
 3.17151
 2.6992
 1.66314
 1.67468
 0.466855
 -0.667333
 0.092588
 0.40407
 3.43677
 1.21907
 1.46302
 2.18815
 1.69692
 -0.514365
 -0.59741
 -0.688524
 -1.27427
 -0.0727451
 -2.97029
 0.18707
 -1.78616
 -0.00734268
 -1.2955
 -0.306647
 -0.712053
 0.581708
 0.190902
 1.44376
 -0.455765
 0.0477853
 -1.29959
 -1.00184
 -2.15868
 -4.08006
 -3.27763
 -2.13327
 -1.02853
 -2.3613
 -4.40112
 -1.83204
 -0.730866
 -2.48516
 -0.0205215
 -0.0316693
 0.992367
 0.402983
 1.30531
 -0.27635
 0.935004
 1.3698
 0.743054
 -0.278945
 -0.0995173
 -0.758239
 -0.729477
 0.38636
 0.631957
 -0.891125
 -0.301397
 2.15341
 0.0804108
 3.79368
 -0.931483
 -0.419496
 -0.19483
 -0.154119
 -0.507265
 -1.33015
 -0.21581
 -0.624066
 1.79702
 -0.0762293
 -1.34726
 1.66643
 -0.0995755
 0.514939
 -0.595612
 0.173646
 -1.42776
 -0.28941
 -1.38721
 1.2991
 1.38368
 2.46626
 2.60506
 -1.86948
 2.60022
 0.627651
 2.03334
 1.14323
 2.21164
 -2.31432
 1.09783
 -2.17004
 -0.0945941
 -3.27226
 0.286128
 -0.931367
 -0.63681
 -1.86853
 -0.794377
 0.253867
 0.36223
 1.00284
 1.43322
 2.23316
 0.16703
 3.55242
 -0.265338
 3.75299
 1.5625
 1.52458
 1.79448
 0.102146
 -0.834012
 -0.125719
 0.782508
 1.23248
 -0.647142
 -0.495007
 0.656812
 -2.07449
 0.509272
 3.51739
 -1.39368
 2.19006
 -1.05824
 0.204938
 -1.47191
 -0.16795
 1.39337
 0.0557966
 1.48661
 -2.01323
 2.52521
 -1.79512
 2.49825
 -0.224284
 0.782647
 -1.07423
 0.435006
 1.58022
 0.683662
 0.271448
 0.475454
 -1.46749
 0.794124
 -0.823645
 0.573572
 -2.00765
 0.175652
 2.20718
 2.25505
 2.02342
 -1.10292
 2.82227
 -0.746004
 0.539077
 -1.72923
 3.13157
 -0.164612
 3.00485
 1.53459
 3.19463
 0.480578
 2.42823
 2.59484
 3.14308
 1.0331
 4.01476
 0.302593
 0.812622
 -0.338182
 0.2929
 -1.15612
 -0.202283
 -1.65362
 1.25161
 1.01308
 1.06631
 1.49842
 -2.43159
 2.65691
 -0.0597636
 -0.736445
 0.428546
 1.12569
 -1.31795
 -1.77403
 -2.51491
 0.34422
 -3.49089
 1.82828
 0.0655057
 0.886548
 -0.777301
 2.41251
 -0.466768
 2.8161
 -0.593751
 0.0769441
 -0.64703
 -0.246741
 -1.89043
 0.147188
 -2.53511
 0.110803
 1.86296
 1.61968
 0.645562
 -0.379832
 0.337598
 -0.480143
 0.543223
 0.196152
 1.18236
 -0.533503
 1.27614
 -0.479419
 1.32899
 1.61906
 1.99117
 -0.973015
 2.04077
 0.692886
 0.503788
 -1.80981
 2.57267
 -0.804813
 2.49504
 -0.280944
 3.8573
 0.402053
 3.80577
 1.16404
 0.228457
 -0.327821
 -1.47393
 1.4562
 0.609614
 -0.878617
 0.368859
 0.235496
 -0.975649
 -0.961682
 0.906418
 -0.746419
 -1.48717
 -0.816155
 0.00422518
 1.13118
 0.439171
 -0.765601
 0.737158
 -2.96183
 -0.053831
 -1.44444
 2.62761
 -1.21695
 2.93999
 0.427216
 2.3278
 2.10008
 0.497344
 4.50677
 1.99054
 0.985471
 -1.51627
 -0.560205
 -2.00467
 -1.02045
 -1.32452
 -1.26178
 -1.2198
 0.0199167
 0.434397
 -0.014673
 1.53953
 -0.334023
 0.39826
 -0.879651
 -0.138712
 -2.41154
 0.653964
 -0.601457
 -0.383157
 2.49642
 0.866326
 1.38953
 0.500557
 0.79459
 1.5917
 -0.412327
 0.709178
 -0.056895
 3.5372
 0.950592
 1.92406
 2.08639
 1.99061
 5.30676
 -0.0619321
 1.19134
 4.05987
 -0.602402
 -0.0407112
 -1.43196
 0.871436
 0.320525
 1.501
 1.62419
 1.11754
 1.11466
 1.73313
 3.42358
 2.03667
 2.65151
 1.77076
 2.38
 -0.680668
 3.31425
 -0.654699
 1.83553
 1.37417
 1.71839
 0.329043
 -1.3323
 -0.660161
 -0.653906
 -0.580187
 -2.92267
 -1.88824
 -1.04498
 -0.885146
 -0.444253
 0.34498
 0.222681
 -1.11313
 -0.169594
 0.516348
 -0.0290075
 3.8834
 2.81573
 0.78392
 0.755054
 0.0988421
 0.222879
 -0.356273
 0.74515
 0.929719
 0.866022
 -1.82914
 -2.58651
 0.657602
 0.020854
 4.02635
 0.973649
 2.69475
 0.572333
 1.05748
 3.76774
 1.2719
 1.87309
 1.98974
 1.20128
 2.531
 0.317855
 -0.752506
 1.84545
 -0.104782
 0.947551
 0.761914
 -1.81402
 -0.230375
 -1.35739
 -0.731215
 -2.1202
 -0.936185
 -1.9072
 -0.981236
 -0.740583
 1.10326
 -0.0163594
 0.75398
 1.04731
 1.23266
 0.341601
 2.1754
 0.684636
 -0.881434
 -0.560992
 1.66588
 -2.52109
 -0.504585
 0.66348
 -0.562254
 -0.129139
 -0.243126
 0.904473
 0.0682169
 -1.45656
 -0.368121
 -1.99169
 -1.09614
 0.4061
 0.710048
 0.176387
 -0.0618799
 1.28235
 1.80894
 2.12004
 2.03677
 2.02393
 2.77346
 0.591168
 2.61559
 0.384722
 -1.21767
 -0.497465
 -0.302863
 0.604525
 -0.595187
 0.0623047
 -0.267203
 0.0915879
 -0.370601
 1.428
 1.06057
 4.26754
 1.75677
 3.83228
 2.6197
 2.27081
 0.709067
 1.80287
 0.261166
 3.40773
 -0.312761
 1.61502
 0.236973
 -0.959002
 -0.85627
 -0.117596
 2.42187
 3.27427
 0.941761
 3.16685
 -0.335934
 0.275956
 -0.0890968
 -1.18759
 0.290854
 -1.11657
 0.663969
 -0.0347486
 -1.35747
 -1.00296
 1.36055
 0.141307
 0.902238
 0.783532
 1.18645
 -0.226411
 0.241376
 0.474678
 1.33367
 -0.285978
 1.73582
 0.33792
 4.12563
 0.536491
 2.92575
 1.13603
 1.47884
 2.00206
 -0.0923166
 1.03984
 -1.2817
 -0.944294
 -2.54218
 -2.92764
 -3.47651
 -1.49105
 -0.537106
 0.329191
 1.40181
 0.0600233
 1.8132
 -0.329492
 1.43293
 0.462156
 -0.0295
 0.902973
 -0.486485
 0.521179
 0.335863
 0.000114381
 -0.770568
 0.90302
 1.57737
 2.21455
 -1.38004
 2.35726
 1.42352
 1.04838
 2.93043
 -1.44986
 -0.868344
 0.368861
 -1.46811
 -0.0286164
 -2.01135
 -1.21321
 -1.97394
 -0.178175
 -1.75913
 -1.08834
 -3.90067
 -1.35619
 -4.34763
 -2.53395
 -2.97325
 -1.67389
 0.195074
 1.03134
 0.7851
 3.56392
 0.320562
 0.523605
 1.31822
 2.38263
 -0.793912
 1.30685
 -0.128904
 -0.105965
 1.52542
 0.623163
 1.86037
 0.0931054
 -0.8453
 0.448819
 2.01132
 0.515855
 2.04425
 2.28983
 2.2608
 0.0703433
 1.245
 -0.347263
 -1.58786
 0.222815
 1.50765
 -0.352589
 -1.59421
 0.644495
 -0.275162
 2.54663
 -1.62536
 2.36947
 -2.09012
 1.41412
 -2.21586
 -0.327835
 -1.19796
 -0.682806
 -0.111277
 0.569491
 -1.1024
 3.13237
 1.47926
 2.07845
 -0.0398709
 1.00005
 2.67121
 2.15694
 0.907853
 2.21366
 0.510982
 0.82372
 -0.6404
 0.0827661
 -1.59732
 1.12731
 -2.87953
 -1.90758
 -4.19954
 0.557325
 0.797507
 1.90559
 2.79968
 2.73352
 -2.04988
 2.57773
 0.225274
 -0.180198
 1.31256
 0.348281
 -0.215636
 -1.70562
 -2.67346
 -1.55152
 0.108602
 -0.596632
 -0.0168043
 0.368252
 -3.48294
 -2.05198
 -2.12455
 -0.827512
 1.01542
 1.00154
 0.72111
 1.67261
 -0.450163
 2.44415
 0.903429
 1.26212
 0.122031
 -0.918904
 -1.03113
 -1.30032
 -0.0839315
 -0.849144
 -1.90818
 1.47002
 -2.83269
 0.314038
 -3.62186
 0.00161545
 -0.223833
 -2.14913
 -0.0920901
 0.226651
 0.116717
 0.026977
 -0.448529
 0.965216
 3.50095
 3.22448
 4.59574
 4.06832
 2.90312
 2.59083
 0.311342
 0.731772
 1.4173
 0.252122
 1.08348
 -0.217238
 -0.192065
 -2.07935
 -1.85161
 -0.922732
 -0.637355
 -0.902602
 1.36556
 -0.488555
 -2.09745
 -1.85332
 0.0379114
 0.459812
 0.269566
 0.554085
 2.58749
 -1.83006
 2.37911
 1.24408
 -0.748401
 0.223833
 -1.07653
 -0.54564
 0.504791
 -0.034831
 0.756301
 -0.372898
 0.551127
 1.10975
 1.14955
 0.991951
 -0.426912
 -1.06571
 -1.92464
 -4.25002
 -1.30251
 -3.97908
 -3.35292
 -2.0026
 -1.97551
 -1.90383
 -1.02292
 0.829195
 -2.79211
 -0.446878
 0.188156
 -2.78954
 0.934956
 -1.15686
 -1.3309
 -2.34395
 -0.936024
 2.77865
 1.54348
 3.27846
 0.153053
 4.16476
 4.06842
 4.8952
 1.62893
 4.11695
 2.24589
 1.68152
 0.458616
 -0.566177
 0.930259
 -0.725211
 0.721258
 -2.51138
 0.433493
 -0.497835
 -1.43874
 0.201133
 -0.241122
 0.173133
 -0.210233
 4.26382
 -0.962779
 1.0677
 0.208343
 0.852371
 -3.3038
 -1.37942
 -1.23286
 0.16842
 -0.827976
 1.28744
 -0.2127
 -0.294579
 -0.817015
 -1.79604
 0.45013
 -0.70552
 -0.877065
 -2.8084
 -1.25941
 -4.48358
 -2.0042
 -1.48781
 -0.749935
 -1.98657
 -0.0677201
 -0.303005
 1.16837
 0.257025
 -0.747746
 0.621568
 -0.850117
 -1.87975
 -2.46655
 -1.67787
 0.635977
 -0.805454
 0.328358
 -0.721398
 -0.0421892
 -1.03587
 2.10008
 -0.481932
 -1.03161
 -2.12312
 -2.94138
 -2.31019
 -3.0905
 -3.49781
 -1.27543
 -2.26543
 0.790469
 -1.02963
 0.0750471
 1.0535
 1.12431
 1.55862
 2.27142
 1.954
 0.430035
 2.83825
 2.82853
 1.96166
 4.447
 -0.775355
 1.79387
 -1.15794
 0.431973
 -3.0784
 -0.708641
 -3.99036
 -1.06132
 -1.6302
 0.484417
 1.32838
 0.76791
 -0.792269
 -1.37711
 -1.15606
 -0.382831
 -3.33987
 -1.42865
 -0.986742
 -2.26902
 -1.19967
 -0.476524
 -0.483637
 0.964857
 0.0294894
 1.8607
 -0.400891
 2.58115
 -0.573535
 -2.38769
 -2.21288
 -0.856307
 -0.169195
 -0.975407
 0.591317
 -0.770926
 2.6283
 -1.86433
 1.75102
 -0.101579
 1.27807
 1.47218
 1.59238
 0.781041
 -3.03553
 -0.366444
 -1.3301
 1.61519
 0.181247
 2.28795
 1.61563
 2.95689
 3.0992
 2.46842
 -1.83054
 3.52531
 0.429784
 2.1226
 0.635941
 0.446724
 1.75245
 0.836372
 -0.653474
 0.683162
 0.465789
 -1.09859
 0.0629029
 0.0831757
 0.573422
 0.0849267
 0.332769
 -0.60743
 0.432724
 -1.02196
 -0.775023
 1.2838
 1.59227
 -0.555352
 4.25989
 1.38582
 0.86974
 1.08673
 1.69985
 -0.16536
 2.72187
 0.40698
 -0.476643
 -0.731947
 0.0927625
 0.073829
 1.06784
 2.33966
 0.712062
 1.98267
 0.0808466
 -0.91432
 -2.25905
 -1.9777
 -1.77106
 -0.426743
 -1.08789
 3.05962
 1.6075
 -1.45715
 1.0045
 -0.289289
 -0.451883
 0.565854
 1.00484
 -0.814009
 -3.56429
 0.434724
 -3.02678
 0.207497
 -3.59167
 -1.27288
 -3.36585
 -0.844571
 -4.16347
 0.0115273
 -2.38923
 -0.292092
 -3.08149
 0.855728
 -1.04445
 -0.55584
 -0.21327
 -0.127033
 -1.1828
 -0.575582
 -1.70543
 -0.340672
 -0.44399
 -1.66696
 -0.687622
 -2.89175
 -0.140959
 0.302782
 1.65253
 1.13307
 2.3211
 3.81068
 -1.28647
 2.98768
 -1.81451
 0.517641
 0.449063
 -1.89734
 -1.20868
 -0.589653
 -0.572107
 -2.36132
 -0.855879
 0.383754
 0.371987
 1.35394
 2.16311
 2.73798
 0.966205
 2.67899
 0.370692
 2.96168
 -0.895621
 0.992601
 -0.695884
 -0.303456
 0.262004
 -1.68617
 -1.12276
 -0.744588
 -1.63865
 -0.123834
 -2.07059
 -0.264138
 -1.65018
 0.29655
 1.19361
 0.922881
 0.426405
 0.857989
 -0.669711
 2.00329
 -1.85119
 -0.0297388
 -1.63665
 -3.14187
 -3.20746
 -1.32553
 -2.21517
 -1.28701
 0.173406
 -2.13403
 -1.2323
 -0.389351
 -0.792427
 0.300285
 0.235415
 2.08465
 2.15111
 0.266859
 2.57388
 1.80852
 1.76379
 -0.417285
 1.12942
 1.39901
 1.41615
 1.68906
 -2.40974
 0.327691
 -0.4706
 3.2101
 -1.71324
 3.40854
 0.409002
 1.44643
 -1.08355
 -0.251903
 -2.06693
 0.257884
 -3.70325
 -1.02433
 -1.80272
 -2.39104
 -1.7489
 -1.6391
 -0.965221
 -1.01159
 -0.156718
 -1.10892
 -0.797138
 1.25659
 1.37753
 1.63759
 2.39916
 0.194916
 2.74201
 2.03509
 3.63989
 -1.2311
 1.34267
 -0.330973
 0.474535
 -2.79226
 -1.66486
 0.0930185
 -1.06028
 -0.0255763
 2.317
 -1.90331
 -1.5394
 0.503757
 -0.65845
 -0.745358
 0.997389
 -0.306573
 0.380588
 0.948513
 1.33859
 2.78243
 0.476594
 1.30789
 0.572003
 3.53505
 1.47425
 0.322252
 -1.40468
 -0.111881
 -0.968574
 -0.473449
 -2.45864
 0.685306
 -0.80936
 -0.40224
 -0.288531
 0.232474
 0.898546
 1.48995
 -0.0356575
 0.341743
 -0.65201
 -0.464776
 1.16646
 -1.16938
 2.51575
 -0.544882
 1.49611
 1.24321
 1.70289
 0.990932
 -0.540251
 -1.2201
 -0.133851
 -1.57468
 -1.45899
 -4.64893
 -1.38505
 -2.74066
 -1.37466
 -1.29699
 -3.63413
 -1.8649
 -0.0620297
 2.29195
 0.364436
 0.862041
 -0.460224
 -0.201499
 -1.42146
 -2.21098
 -2.39843
 -2.13494
 -2.83262
 -3.24353
 -3.13066
 -1.03958
 -0.840925
 -2.49432
 -1.22991
 -0.898428
 -2.3684
 0.376129
 1.94862
 0.741356
 -0.56145
 -2.19976
 -0.0908426
 -0.216874
 0.956702
 3.01116
 1.36617
 4.50539
 1.93521
 0.679129
 1.03161
 0.204436
 0.356293
 -0.216172
 -0.156673
 -0.590352
 -1.16142
 -0.648399
 -1.0551
 0.0431592
 -0.377071
 0.830972
 -0.0912895
 1.7961
 -0.679709
 1.23174
 0.644973
 1.09952
 -0.088131
 2.39875
 0.163282
 1.35488
 1.65738
 -1.84266
 -1.03132
 -0.76885
 0.45265
 0.312826
 -0.176478
 1.44392
 -2.65629
 -1.25033
 -1.86834
 -0.731663
 0.358959
 -0.366679
 0.316177
 0.580043
 1.51997
 0.187995
 3.68153
 -0.638708
 2.50459
 0.154379
 -0.143493
 -0.616164
 -1.1787
 -1.55059
 -0.0946927
 -0.244638
 0.337779
 0.441147
 0.648831
 -1.90947
 -0.070682
 -2.97759
 -5.78027
 -3.04023
 -3.33321
 -1.76198
 -2.27724
 -5.23477
 -1.58768
 0.111444
 -0.946873
 0.191917
 0.918277
 1.02474
 0.805435
 -0.620198
 0.486291
 -0.950526
 0.160683
 -0.684599
 1.83893
 3.49744
 1.00574
 0.571269
 0.117038
 -0.130172
 0.649656
 -0.668683
 -1.56098
 2.17291
 1.44661
 -0.213705
 1.48052
 0.667565
 -0.507275
 0.419039
 -1.16536
 -0.12716
 -1.0099
 -2.23215
 -2.7189
 -2.10766
 -0.18873
 -1.36769
 -0.0415941
 0.566786
 0.912627
 -0.323873
 2.98291
 2.39931
 1.54686
 1.63341
 1.92956
 0.779025
 2.96452
 -1.89477
 0.850827
 1.90258
 -1.83557
 -0.0490735
 -1.49349
 0.604389
 1.11988
 1.39333
 2.58077
 0.00935735
 1.2874
 3.65955
 2.86058
 1.98185
 2.19217
 1.88459
 -0.0599891
 1.49535
 2.05223
 1.57355
 -0.398264
 -0.362953
 -3.96059
 -0.30815
 -3.01108
 -2.47106
 -2.06563
 -2.27495
 0.764502
 0.770814
 -0.3821
 2.62391
 2.31556
 2.53981
 4.04911
 1.72019
 1.99756
 1.70568
 0.223938
 3.34786
 1.40299
 1.08702
 0.320085
 1.39233
 0.251303
 2.36178
 2.51852
 -0.105614
 0.818085
 1.67689
 2.37763
 2.19042
 1.08868
 -0.255308
 0.493128
 0.695373
 1.24507
 0.39038
 0.887121
 -0.806371
 -3.00848
 -1.01845
 -0.173115
 -0.625701
 -2.35149
 -2.29436
 -2.62916
 -1.62689
 -0.793753
 -1.65104
 -0.351919
 0.866322
 1.49671
 -0.484949
 0.714027
 -1.8653
 0.557097
 -1.1019
 -1.92217
 -2.37984
 0.445246
 0.430034
 1.98396
 -0.134207
 0.860141
 -3.09737
 2.4991
 -1.07621
 0.0535405
 0.835862
 -1.20739
 -1.83224
 -1.80353
 -0.28723
 -2.79475
 -3.18467
 -1.37629
 -0.654313
 -2.06674
 -1.27793
 0.54918
 0.941808
 2.86876
 0.83158
 -1.317
 -0.473012
 0.1711
 -0.576508
 -1.62142
 0.286678
 -1.42632
 -0.715505
 -2.86457
 1.42408
 0.86204
 0.987248
 -0.467389
 -2.01614
 -2.06987
 -2.725
 -2.81632
 -0.83857
 0.255949
 -0.0686373
 1.15811
 -0.399372
 0.0281767
 -1.28232
 -1.83385
 -1.84431
 -1.9072
 -3.03406
 -3.34763
 -1.50334
 -4.96689
 -3.01841
 -0.344754
 -1.35069
 0.0293226
 -0.129646
 -0.431541
 0.459567
 0.660371
 2.20778
 2.93027
 0.383684
 1.248
 -0.430773
 1.27813
 0.408917
 -0.917055
 -2.62312
 -0.679772
 -0.74354
 -0.392404
 0.134157
 0.627739
 -0.0118198
 2.4629
 -1.5151
 2.41048
 -0.0658608
 -0.0934873
 0.961419
 0.64489
 1.02269
 1.50517
 -0.985509
 0.50269
 0.757042
 0.349694
 2.80308
 1.53679
 1.27065
 1.0719
 0.353226
 1.16835
 -0.188066
 -1.86542
 0.435109
 -1.10198
 -1.34351
 -1.86514
 0.0766395
 0.387012
 0.475321
 4.54617
 -0.704852
 0.43424
 -1.59243
 0.540674
 0.135989
 -3.78129
 1.06694
 0.877768
 3.08114
 3.00483
 2.2099
 1.36585
 0.217435
 2.43817
 -1.44099
 0.733482
 0.772327
 0.811054
 -1.72148
 0.146537
 -1.15036
 1.15979
 -0.759661
 1.2646
 -2.86976
 -1.17007
 -1.24085
 0.888711
 1.68905
 0.0878082
 0.0178579
 1.22039
 1.14869
 0.093248
 2.00708
 -1.49463
 0.48963
 -0.897201
 0.763986
 0.5948
 -1.94328
 -1.17616
 0.980073
 -0.177297
 -1.39023
 1.49117
 -0.340909
 -0.913579
 -0.321544
 0.838283
 -1.30987
 0.98538
 -0.800094
 -0.36895
 0.110032
 0.688742
 -0.150279
 -0.915636
 -0.642676
 0.48829
 0.0817934
 1.16567
 0.135829
 0.706068
 -0.854273
 0.648214
 -2.19987
 -2.86598
 0.559694
 -0.63238
 2.13889
 0.1967
 -0.892775
 0.267783
 2.58667
 -0.072751
 1.98321
 -1.85838
 0.760573
 -0.133851
 2.18298
 2.15947
 2.39362
 1.60268
 0.159165
 1.40266
 1.0077
 3.74315
 0.0875277
 2.97825
 1.63117
 1.18436
 -0.627296
 3.8728
 0.318465
 1.64535
 0.43413
 4.52876
 -0.394796
 1.97145
 -2.52397
 1.97353
 -0.145732
 0.0811326
 -1.07274
 -0.319771
 0.126489
 -1.19456
 -0.00993977
 -2.18406
 -2.62483
 -3.2309
 -1.81492
 -2.18964
 -1.7207
 -0.671981
 0.0419635
 -1.15846
 -2.76208
 -2.75951
 -1.22957
 -0.955702
 0.791713
 -2.69424
 -0.827094
 0.310509
 -1.59936
 -0.413202
 -1.02213
 -0.375372
 -0.980823
 -0.407087
 -1.2538
 -1.67391
 -0.933105
 -1.24792
 -1.92884
 0.055502
 0.773825
 1.68467
 1.21695
 1.15225
 -0.214432
 3.56773
 -0.462219
 2.71402
 -2.03368
 1.37672
 -1.92473
 -0.386884
 -0.113261
 -3.098
 -2.25495
 -2.02984
 -2.57546
 -2.083
 -2.53199
 -2.57628
 -3.3946
 -2.10228
 -2.2914
 0.143772
 -1.42681
 -0.961479
 -2.06378
 -1.06709
 -1.71348
 -0.864728
 0.981539
 0.585507
 -1.56403
 0.47692
 -1.04083
 3.04974
 1.24515
 0.712703
 0.556584
 0.175521
 -0.427808
 0.879931
 -0.411997
 0.453678
 -0.793594
 -0.856298
 -2.84652
 -3.01382
 -1.69106
 -1.79682
 -0.806481
 -0.257357
 -1.5004
 1.63354
 1.08603
 0.113368
 1.68972
 1.85344
 0.14818
 -0.406503
 -0.095191
 0.598361
 -1.07584
 0.0488382
 -0.204267
 2.36482
 2.48906
 1.99937
 1.03807
 2.88592
 2.91086
 2.3868
 2.69741
 0.0457195
 0.715692
 0.372617
 -1.03723
 -0.559524
 -0.262076
 -1.38138
 1.35216
 -0.288055
 -0.0338991
 -1.44632
 1.91008
 -0.060639
 0.870916
 -0.973517
 3.99154
 1.22349
 1.38354
 1.29958
 1.09371
 1.5631
 1.25617
 -2.50026
 2.66148
 0.771976
 0.874882
 1.4435
 1.61261
 1.89581
 0.570974
 0.0969718
 -0.651134
 0.421309
 0.719069
 -0.199614
 -2.16729
 -1.0417
 -0.436053
 -0.0818771
 -3.87757
 1.59841
 -1.39454
 -0.21565
 -0.847953
 0.224926
 -0.314687
 0.42015
 -1.04061
 -1.73543
 -0.59991
 -4.14784
 -2.24322
 -2.23137
 -2.50831
 -1.25426
 0.375008
 -0.45488
 0.598778
 -0.297164
 -0.236895
 -1.75088
 -1.22716
 -3.46111
 0.719643
 -1.46666
 -1.70175
 -1.71671
 -0.38492
 -1.2699
 -0.574811
 0.301207
 -0.376205
 0.812041
 -0.308516
 0.588301
 0.892783
 -1.05753
 1.66796
 1.8463
 2.26933
 -0.808546
 4.0934
 -0.259243
 3.35333
 -1.5039
 2.96017
 -1.86708
 -0.454751
 -0.405066
 -3.7464
 0.930662
 0.799723
 0.157362
 2.53388
 -0.0755697
 -0.710309
 0.252538
 -2.28551
 -0.0543381
 -1.02377
 0.0525124
 -0.496523
 1.56698
 1.05224
 -1.55022
 1.15976
 -0.462749
 1.55952
 1.31001
 -0.971575
 0.507919
 3.95174
 1.4889
 0.779649
 0.600165
 2.08362
 1.41303
 1.57145
 0.291047
 0.516939
 -0.901732
 0.128578
 -2.0989
 -0.859093
 -0.496577
 -1.13808
 -0.155191
 -0.253061
 -0.413263
 1.68624
 -2.26984
 2.97834
 -1.75491
 0.50904
 -1.36438
 2.13995
 -1.52541
 0.474195
 -1.78792
 -1.65863
 -0.952138
 -1.01969
 -0.800876
 -0.45273
 0.881005
 -1.0335
 0.150532
 -1.69179
 1.89426
 -2.01742
 0.489556
 -0.841522
 -1.70019
 0.293208
 1.9813
 -0.0547459
 0.753177
 1.53428
 -0.91962
 1.46659
 -1.25996
 -0.89126
 -0.293457
 0.00716112
 -1.35302
 2.72094
 -0.553313
 1.36607
 -3.00839
 -1.66905
 -1.35668
 -1.81182
 -0.596302
 -1.91153
 -0.973297
 -1.9415
 -3.37011
 -1.37279
 -0.157528
 0.679829
 0.223755
 1.47722
 -1.26742
 0.816683
 -3.36859
 -2.26023
 -2.48046
 -2.13821
 -2.36661
 -3.4846
 -2.37736
 -1.703
 -0.200245
 -1.18953
 0.316832
 -1.70489
 -1.10565
 -4.17671
 -0.666335
 0.664102
 -3.22952
 -0.176435
 -1.07651
 0.573878
 1.12438
 0.153506
 1.13714
 0.0364411
 0.990282
 0.666079
 0.361207
 -1.12607
 -1.19541
 -0.32471
 -0.103204
 0.640628
 3.27214
 -1.4538
 0.954436
 -0.65924
 3.93326
 1.05933
 1.88947
 -0.160816
 0.850455
 -0.708075
 0.650737
 1.28416
 1.66723
 1.79385
 3.10199
 -1.14722
 2.13155
 -1.71212
 0.324036
 0.530798
 -1.6132
 -2.59678
 0.326462
 0.156797
 -3.67879
 -1.00799
 -1.44085
 -0.437369
 -0.271094
 -1.42323
 -2.70126
 -0.272075
 0.296002
 -0.368491
 -1.78761
 -0.572078
 -1.95824
 -3.11201
 -3.20016
 -1.49532
 -2.0066
 -0.844816
 -1.43203
 -1.25535
 -0.481063
 -3.61271
 -1.66526
 -1.59777
 -2.09072
 1.67179
 -1.06792
 0.177159
 -0.915313
 0.157289
 0.41433
 1.35586
 1.71434
 0.19177
 -1.03883
 1.56836
 0.996328
 2.14499
 2.92288
 2.99517
 2.13853
 2.50356
 0.9031
 1.66144
 -0.368313
 1.86665
 1.44057
 2.92158
 2.4597
 1.18837
 1.00786
 -0.392651
 0.516186
 -1.05046
 0.7963
 1.28642
 1.40933
 1.52811
 2.7565
 1.0056
 1.59284
 -0.135013
 0.596333
 1.00165
 1.50265
 1.82461
 0.487654
 1.17303
 1.0904
 1.37528
 0.132853
 -1.18188
 -0.246351
 0.27252
 1.12857
 -0.435852
 -0.108726
 -2.8424
 -1.50618
 -1.83426
 1.5201
 1.06413
 1.40732
 -0.45705
 1.10146
 -0.087473
 -0.0306629
 -2.27396
 -2.07971
 -1.75218
 -2.43938
 -0.676125
 -0.337787
 -2.54618
 -3.06038
 -2.53896
 -2.60106
 -1.29613
 -4.70028
 -1.55023
 -3.41527
 -2.39163
 -0.242404
 -0.149033
 0.794674
 1.35971
 -2.81041
 -0.531406
 -1.87505
 0.71572
 -0.133668
 -3.26006
 -0.362584
 -2.99757
 -1.25463
 0.357167
 -0.115034
 0.484445
 -0.346066
 1.80989
 2.48747
 0.206549
 0.933946
 -0.49364
 0.368973
 0.819503
 1.24064
 1.8928
 -0.903459
 -1.13054
 0.650938
 0.445575
 -0.256727
 -0.984045
 0.4495
 -1.25421
 0.245516
 0.155802
 -2.08735
 1.3804
 -1.15097
 -0.445364
 -1.53419
 0.526936
 -0.377488
 1.15352
 0.875223
 0.179636
 -0.960154
 -1.42054
 -0.646941
 0.887356
 0.288582
 0.426011
 1.43283
 -0.32149
 0.268755
 -3.75005
 -2.09248
 -1.5821
 -3.17059
 -0.217412
 -3.98396
 -1.46919
 -1.8244
 -0.617583
 1.68777
 0.184604
 3.6371
 -0.411906
 3.98378
 -0.9989
 3.52111
 2.88554
 0.92619
 -0.517813
 1.66882
 1.76009
 -0.104072
 1.99877
 1.868
 -0.998727
 -0.256842
 -0.574184
 -2.02164
 -1.88158
 -1.45622
 -1.74805
 1.32157
 1.35086
 4.36848
 3.55475
 3.63444
 1.17373
 -0.308759
 0.780062
 1.45536
 -0.276664
 0.782196
 2.02134
 -1.90606
 -0.779397
 -1.28972
 0.575089
 -0.177173
 0.869114
 -2.06953
 -0.0267973
 -0.259442
 -0.0779537
 1.3135
 -0.554322
 -0.357823
 -0.273483
 -0.610517
 0.430776
 0.4139
 1.85664
 -0.634621
 -0.100581
 0.903265
 0.689192
 -3.37669
 0.849222
 -0.867119
 -0.998317
 -1.92595
 -1.37064
 -0.557746
 -1.30287
 -2.80731
 -1.98223
 -0.63914
 0.589061
 -3.18402
 1.22296
 -3.11409
 -1.37786
 -1.18165
 -0.498917
 0.372526
 -2.5389
 0.488027
 -1.98974
 1.60175
 0.254749
 3.39801
 1.06065
 5.00788
 0.251221
 2.53334
 -1.29842
 1.54446
 -2.11187
 0.643238
 0.962599
 -2.98688
 0.740498
 -0.608056
 -1.15601
 0.470916
 -3.46766
 0.820133
 -1.22729
 1.26041
 -2.41284
 -0.874361
 -0.657354
 -0.515183
 1.24652
 -0.277638
 -0.496234
 -1.32576
 -2.37167
 0.352128
 -1.11358
 0.0372683
 0.724479
 -1.04744
 0.0207787
 -0.149318
 0.534349
 -0.36852
 -0.669739
 -0.605429
 0.29476
 -1.41007
 -0.308282
 -0.970712
 -0.0491606
 -1.46751
 -0.731625
 -3.05831
 0.209395
 -2.48969
 2.53456
 -2.1929
 2.31072
 -0.592894
 0.107462
 -3.05745
 -0.340756
 -1.95787
 0.369063
 -1.7989
 2.52567
 0.842042
 1.34249
 0.319565
 -1.17483
 2.62722
 0.17342
 4.08576
 2.17709
 2.29695
 0.771108
 4.86607
 1.2272
 -0.0727226
 2.02309
 2.96257
 0.10046
 0.528829
 0.390432
 -0.435679
 0.164745
 -0.497329
 -1.63898
 -0.564368
 -0.896465
 -0.00558739
 0.410233
 0.599153
 -0.493764
 1.70863
 -2.25895
 2.07392
 -0.735461
 -0.426279
 -0.0598147
 -1.88194
 -1.42845
 -2.07832
 -1.18474
 -0.343382
 0.284726
 1.22258
 -3.05929
 0.182125
 -1.38072
 -0.517494
 -0.613766
 -0.298574
 -0.30629
 0.0603286
 0.984492
 1.42307
 -0.337966
 0.619178
 0.569526
 -0.892327
 -1.77712
 -1.87354
 -2.48425
 -0.807406
 -2.51168
 0.027118
 -1.22229
 -1.64176
 0.0778093
 0.903591
 -0.320605
 0.129174
 0.544207
 2.35214
 2.64764
 2.78561
 2.47639
 3.67585
 4.26823
 3.33865
 2.47193
 4.50577
 2.52443
 0.0616488
 -1.27264
 -0.240793
 0.577219
 -0.0701013
 -1.93416
 -1.66903
 -1.5614
 -2.28358
 -0.542414
 -2.10247
 -0.296787
 -1.45053
 -0.586496
 -0.68209
 -2.61689
 -0.992663
 -0.19931
 -0.871361
 1.53639
 -1.59057
 -0.580409
 1.60783
 -1.54264
 1.86021
 -0.10399
 0.00691742
 0.982154
 -2.08664
 0.0133964
 -3.26413
 -0.99294
 -4.07057
 -1.44166
 -0.656761
 -1.9834
 -1.02384
 1.21391
 0.0863205
 0.505907
 0.805205
 -1.00822
 0.724919
 0.826937
 2.37844
 -1.67617
 0.140074
 -1.30854
 0.455441
 -1.08617
 0.0406665
 1.91194
 1.9531
 1.93357
 1.02489
 0.143615
 -1.73971
 -0.485757
 -1.98353
 -1.03417
 -1.74726
 0.688947
 1.18121
 0.536488
 0.95543
 -3.03765
 0.476624
 -1.53123
 -0.43338
 -0.872904
 -0.326556
 -1.32151
 -1.95962
 -1.53165
 -1.91712
 -0.47304
 -1.87769
 -1.56878
 1.15411
 0.600219
 1.35408
 2.20784
 0.4765
 1.09111
 0.31864
 -1.11139
 0.122581
 1.2078
 1.90521
 1.76403
 3.31059
 1.55024
 2.92776
 2.23315
 2.01594
 -2.45181
 -0.731847
 1.58653
 -1.98532
 -1.02204
 -0.522091
 -1.43059
 -0.808254
 -1.51879
 0.110498
 -0.469005
 0.0725477
 -1.90481
 -0.209763
 -1.72962
 -1.88794
 -0.211251
 -0.630386
 1.06335
 -0.651715
 3.44688
 -1.0042
 1.43805
 1.66122
 1.03409
 1.83547
 0.439912
 1.26361
 -0.839669
 2.55384
 -0.242686
 0.45678
 0.95078
 -0.941301
 1.50184
 -0.100633
 -0.886305
 3.37712
 -1.60674
 1.23596
 0.43938
 0.683107
 1.3194
 0.483251
 3.19175
 0.914462
 0.720756
 1.58392
 -1.71266
 0.551134
 -0.214562
 0.885038
 -1.10668
 0.656586
 -0.664276
 0.483869
 -0.204104
 1.74692
 -2.0865
 -0.238638
 -1.36471
 -0.44879
 -0.327751
 -0.693747
 -1.24664
 0.605601
 -1.36927
 1.98268
 0.943541
 2.85134
 0.848237
 -0.147567
 -3.12247
 -1.4831
 -0.997368
 -2.9308
 0.946852
 -3.30715
 -0.859437
 -2.00802
 -3.1284
 -3.05417
 -1.53708
 -2.33685
 -0.989702
 -0.769427
 -2.15034
 -1.2341
 -0.432326
 -1.85807
 -0.840612
 0.0820591
 1.04176
 -0.456222
 0.467795
 -0.749907
 0.639415
 2.3559
 -0.185913
 0.671605
 0.950772
 4.02312
 1.49065
 3.72451
 3.47997
 3.45658
 2.81104
 1.57943
 0.152011
 2.28751
 0.247617
 1.7171
 2.19562
 0.971464
 0.927402
 -1.08805
 3.07922
 2.5915
 5.48826
 0.00623636
 4.21461
 -0.990496
 0.00760964
 -1.32347
 -1.19894
 -0.633442
 0.559028
 2.20167
 0.34476
 1.77694
 -0.19198
 1.20996
 -0.286327
 -1.26198
 -1.80034
 -0.485889
 -0.428608
 -0.954183
 0.05759
 -1.07062
 -2.37225
 -0.571118
 -1.08883
 -0.370459
 -0.300575
 -1.85447
 -0.964535
 -1.83221
 -3.55679
 -1.93084
 -1.67104
 -0.562819
 1.82951
 3.38555
 1.21661
 5.06059
 -0.394035
 -0.623103
 -1.44244
 -2.09964
 -0.826374
 0.637236
 -0.763355
 3.53788
 1.98847
 0.979738
 1.0124
 -0.503791
 0.0383056
 0.63093
 -0.1283
 0.415057
 1.10935
 0.366248
 0.764644
 1.48656
 0.186584
 1.29419
 -0.436626
 -0.0365481
 -0.453582
 -1.47197
 2.6
 0.282895
 2.45027
 2.23977
 2.37227
 1.89191
 1.10107
 1.86231
 0.105193
 1.25384
 0.624369
 1.44615
 -2.2069
 0.54079
 -0.821062
 -1.64075
 0.457801
 -0.253006
 0.873186
 0.342515
 0.913056
 -0.381664
 1.29164
 0.648952
 -0.761878
 0.716702
 0.769549
 1.49023
 -0.0704016
 1.02
 -0.773022
 0.260778
 1.96503
 -1.95544
 2.58647
 -0.37523
 1.97816
 0.876641
 2.58377
 1.0311
 3.55189
 1.74768
 2.34212
 0.594093
 1.41848
 0.669214
 0.689538
 1.77017
 -2.7008
 -2.19953
 0.899845
 -1.26581
 -1.10664
 0.113796
 1.18798
 -2.51223
 2.05677
 -2.27164
 2.12957
 0.732954
 0.933431
 1.53329
 1.86277
 2.14248
 2.46785
 2.97611
 2.33826
 3.06987
 3.55151
 2.35317
 6.41002
 3.85319
 4.74333
 2.46844
 2.81511
 3.03923
 2.5701
 0.181278
 0.431059
 0.25326
 1.11671
 -0.154644
 0.794699
 2.98275
 0.619972
 0.582508
 1.53451
 2.32338
 0.440148
 0.708669
 -0.434902
 0.0618971
 -0.556486
 -0.227704
 -1.3538
 -0.377528
 -1.17935
 -0.24022
 0.882541
 2.86796
 1.28022
 2.99156
 1.71559
 2.27513
 1.78766
 1.62621
 1.95432
 4.12017
 0.9529
 -0.4416
 -1.537
 0.544927
 -1.43339
 1.07537
 -0.465369
 0.1094
 -1.54408
 -0.748732
 -0.133471
 -0.509067
 -1.81375
 -2.10568
 -3.72943
 -1.6429
 -3.79378
 0.18395
 -3.39417
 -0.999139
 -3.89201
 -2.132
 -4.09017
 -2.11733
 -1.32954
 -2.10602
 0.136486
 -1.55618
 -0.0155542
 0.555493
 -0.562688
 -1.93308
 -1.51095
 -0.447051
 -1.7174
 -2.23776
 -2.80796
 -1.46495
 -1.11362
 -1.8845
 -1.34254
 -1.37132
 1.00509
 -0.334076
 2.29957
 0.651105
 4.1696
 -0.489109
 -1.41905
 -0.539974
 -1.50856
 1.04871
 -0.517278
 1.38118
 1.74034
 2.20154
 -0.484091
 1.31346
 -0.773285
 1.06547
 -0.37092
 -1.61002
 -2.58435
 -0.908082
 -1.8881
 0.0431024
 0.902751
 0.0219285
 2.109
 -0.967118
 -0.66805
 0.404114
 -0.971392
 -1.08872
 -1.71986
 -1.75431
 -2.06691
 -2.91703
 -1.94269
 -1.57845
 -1.54341
 -4.28116
 -2.60849
 -3.26646
 2.10493
 -0.0833629
 0.152882
 0.464257
 -0.86885
 0.147823
 1.88494
 -1.69512
 1.39025
 -2.9865
 -0.19467
 -1.43613
 0.994548
 -0.645397
 0.0616511
 -0.998763
 -2.56182
 -2.11505
 -1.29934
 1.51851
 -0.884571
 1.46776
 -1.07221
 -0.604765
 1.99318
 -0.167824
 1.76959
 0.350702
 0.72636
 0.286301
 1.53931
 -0.199311
 1.29823
 -0.253422
 0.285317
 -0.448117
 0.708648
 -0.992418
 -0.789527
 2.29009
 0.257448
 2.23414
 1.15166
 1.1967
 -0.913719
 0.209208
 0.970238
 0.860143
 1.01397
 -1.44184
 -0.310686
 -1.11011
 0.840009
 -1.09768
 -1.26096
 -2.61969
 -3.23859
 -3.45148
 -1.25872
 -1.66221
 -2.1909
 -1.28876
 1.65761
 0.591017
 2.45962
 0.46625
 1.1827
 0.509262
 0.194469
 0.0494685
 1.42232
 1.97922
 1.96237
 3.18582
 1.32086
 0.125088
 1.95393
 2.85657
 1.48768
 1.09434
 1.39491
 1.81358
 -0.184673
 0.544011
 0.953145
 2.91476
 3.45715
 0.133501
 2.41169
 -0.436005
 1.0819
 -0.746026
 1.59289
 -0.855499
 1.91215
 -0.770039
 0.411857
 -0.82597
 0.927411
 -1.20414
 -0.348545
 -1.26839
 0.660427
 -1.69515
 -0.499103
 -1.16406
 1.66193
 -2.43211
 0.647899
 -0.849179
 -0.797904
 -0.23066
 0.825968
 -3.3458
 -0.188388
 -0.338313
 -0.611268
 0.303972
 0.0976851
 -0.827563
 1.18793
 -2.53907
 1.11877
 -0.479729
 1.02249
 1.12328
 -0.781934
 -0.186685
 -1.38218
 -0.750611
 -1.51628
 -0.609428
 -2.81781
 -1.35716
 -1.32157
 -0.913186
 -1.57073
 -0.154535
 0.139633
 -0.94049
 -1.72247
 -2.16774
 -0.952837
 1.36181
 1.32053
 -0.385242
 -1.57286
 -0.298672
 0.748235
 -0.500912
 1.2772
 -0.656155
 -0.5289
 -1.44738
 -1.83211
 -3.75501
 0.213335
 -0.442672
 -0.328116
 -0.243777
 -0.677612
 0.617338
 -0.992997
 1.85211
 1.27643
 -0.590537
 0.413295
 0.724342
 0.755783
 1.34826
 -0.707792
 2.5275
 -2.15133
 -0.765381
 -1.3936
 0.30808
 2.02081
 -1.80525
 -0.397492
 1.01912
 -0.208536
 1.92055
 2.236
 3.06073
 3.12116
 2.11867
 2.4529
 0.776266
 0.423483
 -0.98584
 -1.23471
 2.22021
 0.612302
 4.77305
 1.1261
 3.04951
 3.47725
 3.43869
 1.87364
 2.85724
 1.52186
 4.74528
 -0.443638
 3.17866
 -0.749812
 0.631482
 -1.37975
 -0.868429
 0.00235816
 1.10096
 1.48754
 1.93663
 0.370307
 -0.0609618
 -1.14842
 -0.041441
 -0.606932
 0.759009
 -0.430798
 0.904632
 -1.673
 -0.120518
 -2.31769
 0.310573
 -0.102635
 0.244339
 1.00055
 1.44398
 -2.2315
 0.0580995
 0.00929965
 1.74754
 -0.385162
 0.089551
 0.304927
 -1.2661
 1.59554
 1.85498
 0.784464
 0.590976
 0.212616
 1.11444
 -0.410872
 0.24533
 -0.980284
 0.154379
 1.0104
 -0.0232243
 0.968559
 2.33158
 -2.26846
 -0.791951
 0.916021
 2.1606
 2.95091
 1.27723
 0.600944
 -2.83826
 -0.535426
 -1.44412
 -0.96658
 0.71468
 1.00354
 -0.631868
 -1.30581
 -1.8087
 -2.67257
 -0.0447679
 -3.84536
 -0.166119
 0.546158
 1.30951
 2.47176
 1.64139
 3.07192
 0.945899
 3.41945
 1.97738
 1.12748
 2.39355
 2.75796
 -0.358591
 1.03073
 1.93842
 0.00301063
 0.499435
 1.11916
 1.17611
 2.5944
 5.0092
 4.6729
 0.953913
 3.5116
 0.956663
 1.56168
 0.30788
 1.6945
 2.07231
 0.868925
 0.878936
 1.14445
 1.38748
 0.75943
 0.596773
 -0.641643
 0.594494
 -1.3655
 -0.685883
 -1.51026
 -0.894287
 -1.81522
 -0.103515
 0.707399
 1.38496
 1.04774
 -0.166167
 0.521712
 -1.20808
 -1.96137
 -0.972308
 -2.82231
 -1.53281
 -0.939042
 -1.81899
 -1.0394
 -2.6751
 0.162071
 -2.41583
 2.23621
 0.0800256
 0.613747
 0.372872
 1.49775
 -1.39947
 -2.08371
 -0.710169
 0.63135
 0.497382
 -0.949282
 -0.402623
 0.351313
 -1.0983
 0.450758
 0.821234
 4.47475
 -0.780044
 2.27534
 -0.631601
 -0.0610102
 0.0177187
 -0.576877
 0.256859
 1.22155
 -0.37557
 1.29445
 1.5153
 1.93278
 0.374438
 0.353196
 0.760626
 1.02047
 1.18501
 -1.28142
 1.00682
 -0.834684
 2.67566
 -1.07829
 0.875191
 1.32741
 -0.16585
 -0.362675
 0.382304
 -0.889254
 0.17427
 0.440953
 0.706619
 0.971436
 1.79339
 2.24059
 -0.117779
 -0.0909699
 0.720599
 1.96581
 0.017421
 1.04196
 0.623223
 1.61882
 3.07223
 2.87001
 1.56608
 1.41384
 -0.0700497
 -1.35829
 -0.982622
 -0.809434
 0.914861
 0.403679
 1.61535
 -2.11798
 -0.645109
 0.151214
 -0.96242
 0.230033
 -2.7059
 2.08136
 -0.465568
 -0.975883
 0.589901
 -1.45157
 2.61685
 -0.610349
 4.19289
 1.19768
 1.71397
 2.31949
 0.807317
 3.81414
 -1.2621
 3.01448
 -1.4767
 -0.100613
 0.0201839
 0.525422
 -0.754863
 0.0982544
 -3.61155
 -0.451332
 -1.5605
 0.440465
 -1.39721
 1.17671
 1.49197
 0.77966
 -2.05026
 2.88085
 1.14391
 0.963047
 1.30458
 2.98422
 0.908624
 1.86049
 2.3081
 3.03505
 3.08378
 3.27255
 2.58309
 -0.097784
 3.86309
 0.779897
 2.92611
 -1.84258
 0.401041
 0.408653
 1.31905
 -0.250401
 1.35073
 1.55548
 1.624
 -0.159231
 0.667729
 0.784672
 1.27386
 2.19752
 0.659792
 0.279943
 1.34201
 1.17279
 4.88636
 1.99337
 2.42735
 1.07786
 2.95966
 2.11423
 2.79478
 3.16016
 2.12206
 2.04759
 0.207781
 1.34841
 3.60514
 -0.000534139
 1.03925
 0.135611
 1.03858
 1.20184
 -1.52054
 1.10693
 0.47982
 0.920555
 0.729605
 0.0230023
 0.238422
 -0.977658
 0.730122
 1.08667
 1.89662
 2.07961
 0.0756725
 -1.34164
 -1.08607
 1.09454
 0.381214
 0.440226
 0.681144
 1.63682
 -0.160193
 -0.0167031
 -0.74483
 -1.32036
 -0.261286
 0.991696
 -0.369918
 0.432556
 -1.39998
 -1.10738
 -2.30476
 -0.0745154
 -1.40912
 0.00722508
 2.21167
 0.310961
 0.293737
 -2.26781
 -0.54572
 -0.770612
 0.714538
 -0.602989
 1.35435
 1.63594
 1.81906
 1.54888
 0.0184358
 0.644707
 0.218038
 -0.372352
 -0.107335
 -1.53026
 -3.29489
 -0.436673
 -2.6003
 0.209219
 -1.23843
 0.662587
 1.65618
 2.76713
 1.195
 1.78211
 1.04929
 1.39478
 1.62499
 1.08522
 0.88697
 1.3081
 0.419236
 -0.294825
 2.66142
 -0.694853
 2.31955
 -0.892915
 2.9067
 -1.9361
 -2.31449
 -0.765023
 -0.710054
 0.00418961
 2.32981
 -1.70144
 2.8348
 -0.435516
 1.34906
 1.3935
 0.276146
 0.119743
 0.589312
 -1.96102
 -1.16921
 -1.85272
 -0.83541
 0.183132
 -0.665778
 -0.128603
 0.753865
 -3.40535
 2.08741
 0.261947
 -0.814818
 1.45859
 -0.256029
 -1.17701
 0.208449
 -3.0021
 0.516894
 -3.5766
 -0.628952
 -0.459213
 -2.23297
 -2.75307
 -0.646786
 0.381038
 3.13334
 1.05634
 1.11605
 0.634473
 1.87259
 -0.921531
 0.762729
 -0.334114
 0.0232355
 -1.06154
 1.24004
 -1.61537
 1.98963
 -1.99534
 3.30968
 -0.974923
 2.22513
 -2.21017
 1.74903
 -0.336206
 1.68739
 0.307507
 -0.608453
 0.325645
 1.45418
 1.14524
 -0.0600231
 0.274337
 -0.00507189
 0.469103
 -3.51476
 -0.638665
 -0.951674
 -0.0390464
 0.829774
 -1.25444
 -0.306128
 -0.322795
 -1.21131
 -1.82666
 0.604679
 -1.58646
 -2.12696
 -0.198377
 -0.125449
 -1.77693
 0.222312
 -1.25386
 -0.881068
 -1.36321
 -0.28601
 -3.43287
 -1.9968
 -2.62449
 -0.315027
 -3.06722
 -1.74237
 -2.17201
 -1.25733
 -2.16278
 -3.00436
 -1.37447
 -3.04845
 -2.28388
 -1.89556
 -1.97303
 -1.57858
 -3.26275
 0.962436
 -3.2532
 -3.31842
 -3.57045
 -2.16474
 -1.19027
 -1.91281
 -1.51412
 -2.06243
 -0.0113195
 -1.28977
 -0.72459
 -1.5075
 0.135625
 -2.26101
 -1.99418
 -2.76
 -2.59915
 -0.0114336
 -3.43243
 0.981054
 -3.18713
 0.675134
 -0.969135
 -0.392783
 -1.54245
 -0.539078
 0.911082
 0.214095
 0.622437
 1.68613
 1.82425
 2.06917
 -0.394897
 0.452507
 -1.26884
 -2.083
 -3.01135
 -2.32311
 -0.81918
 0.341022
 -1.40842
 0.142848
 -0.890649
 -0.42891
 -0.253841
 1.01257
 -0.0457023
 0.87098
 1.77876
 0.116412
 0.483661
 -3.31482
 -2.88356
 -0.334583
 -1.89519
 0.879323
 1.14955
 -0.0557419
 0.547282
 1.00802
 1.31946
 0.460502
 0.608511
 1.68472
 1.60132
 0.155953
 0.890799
 3.3005
 -1.4288
 3.0638
 -1.81233
 0.160791
 0.202139
 0.442937
 0.0163063
 3.66851
 2.44293
 5.82188
 2.14813
 0.707651
 0.244167
 2.3735
 0.57765
 0.674583
 -0.857009
 0.443563
 -0.663859
 -0.105268
 -1.34598
 -2.2561
 -2.06351
 -1.55456
 -1.76889
 -1.04504
 -0.668499
 -1.389
 -0.180475
 0.174591
 -0.511243
 -0.526664
 -1.25771
 -2.11962
 -2.29254
 -0.955762
 -1.76314
 -0.0854043
 -0.439066
 0.888547
 -1.58047
 -0.00363782
 -1.19661
 1.96218
 -0.86254
 0.332159
 -0.91322
 1.53592
 0.500316
 -1.62123
 -2.22619
 -0.689799
 0.0424144
 -2.45587
 -0.25298
 -2.14298
 0.105918
 -3.24362
 -3.27554
 0.0405532
 -1.20449
 0.394808
 1.47486
 1.49484
 2.40681
 0.886871
 1.32424
 0.674212
 1.91745
 1.14075
 1.51454
 1.99974
 1.1552
 0.899335
 -0.604221
 0.727028
 -0.785128
 -0.407708
 -1.32797
 -1.42292
 -4.61905
 0.807141
 -1.54106
 -0.0359165
 0.231039
 -0.719638
 -2.01279
 -1.41806
 0.758245
 -1.21096
 -0.0985039
 -3.05281
 -1.58497
 -1.88841
 -2.40573
 -0.181171
 1.20524
 0.0909522
 -0.252471
 -0.308946
 -0.998042
 -0.614059
 -1.95664
 0.35276
 -3.6359
 -1.53441
 -0.290907
 -1.41203
 0.828442
 1.02929
 0.426999
 1.12447
 0.787109
 3.37031
 1.46497
 2.68298
 1.10059
 2.59751
 0.828195
 2.83171
 2.53491
 -1.4144
 1.93503
 -0.123047
 0.654579
 3.87957
 0.703697
 3.51573
 1.58121
 2.43032
 0.864472
 -0.538725
 1.23431
 -0.274855
 -1.1641
 1.24153
 -2.50367
 0.718539
 -1.89022
 -1.37527
 -0.519372
 -0.714318
 -0.943428
 -1.61338
 -0.17756
 -2.66474
 1.10701
 -2.7395
 -0.0429207
 -0.373943
 0.187787
 -0.976596
 1.36707
 -1.72342
 -0.0236507
 -0.325732
 -1.46955
 -2.13332
 1.48234
 0.306284
 0.812187
 0.366764
 0.909287
 1.70378
 3.18225
 1.59856
 5.57735
 -0.0480746
 4.5337
 -0.787418
 -0.440484
 -0.644728
 0.0699832
 -0.922705
 -0.596961
 -1.07075
 0.710287
 -1.53635
 0.650554
 -2.9329
 2.38672
 0.432472
 0.438027
 0.0870938
 -1.54974
 -0.753397
 -0.660873
 0.611481
 -0.131209
 1.86567
 1.50803
 -2.49718
 1.08191
 -1.23635
 -0.746255
 -0.265166
 -1.28901
 -0.746424
 -0.0856961
 -1.9568
 -0.528762
 2.31076
 1.55368
 0.805107
 1.37671
 0.00460246
 1.75898
 -2.54637
 2.29718
 1.3871
 -0.270247
 0.254482
 -1.7693
 1.96913
 -0.97988
 0.0903815
 -0.571523
 -0.117406
 0.212503
 3.48615
 1.22243
 0.867232
 1.41542
 2.66236
 1.87425
 0.779316
 3.41285
 2.02422
 0.0684127
 2.46476
 0.267374
 1.03013
 1.658
 -0.173449
 -2.36744
 -1.10206
 -1.94635
 -0.774401
 -0.207504
 -1.01341
 -1.7156
 -2.80975
 -1.55119
 -1.42333
 -1.29513
 -0.631528
 -0.0801385
 -1.06442
 -0.0282952
 -0.828243
 -0.917098
 -0.0100565
 -1.27031
 -0.308714
 -0.367845
 -0.982693
 -1.99186
 0.580112
 -0.27021
 0.509497
 -0.790291
 0.651639
 0.00666377
 -2.66602
 -1.21316
 0.794585
 0.839232
 -0.62089
 2.31209
 0.354947
 1.46467
 0.482129
 0.92382
 0.0223261
 0.315707
 -0.237398
 0.817696
 -0.963406
 0.895476
 -3.12628
 2.08816
 0.24047
 0.4744
 1.30239
 1.77313
 -0.0170448
 0.234648
 -1.10571
 0.614932
 -0.02649
 -0.69815
 0.0374908
 0.725428
 0.108683
 0.0481662
 -1.45541
 -1.01959
 -1.74067
 -1.19431
 -1.64904
 -1.91516
 -1.65986
 -1.27839
 -1.62206
 -1.41725
 0.0559637
 0.559797
 0.886688
 0.0180257
 0.817782
 1.15246
 2.31158
 -1.95766
 0.82661
 -0.361587
 1.23606
 1.8291
 -0.232043
 -2.22437
 3.11957
 -0.829902
 0.16367
 -1.91411
 0.0798427
 -1.93772
 0.0326852
 -2.34987
 -1.63291
 0.274673
 -3.77699
 -0.999352
 -1.36605
 -0.422971
 -0.424415
 0.361218
 -0.732138
 -1.61578
 -1.28657
 -1.38235
 -2.04989
 -2.27191
 -1.11216
 3.09075
 -1.77293
 -0.416168
 0.73736
 -0.900941
 -1.5843
 -1.7819
 -0.922366
 0.407271
 0.768796
 1.64405
 -1.02093
 1.6901
 1.49152
 2.54581
 0.338705
 0.829998
 0.5923
 1.63724
 -0.0652478
 1.84305
 0.0293023
 0.579771
 1.30796
 -0.270351
 1.09757
 -1.68657
 1.63891
 -2.59099
 0.251767
 0.258189
 1.57734
 -0.412443
 0.60454
 2.1106
 -1.44736
 0.956842
 -0.403993
 -1.35527
 -2.30794
 -1.02104
 -0.547094
 -1.06335
 2.81448
 -1.50339
 -0.928161
 -0.326485
 -4.03167
 -0.675354
 -1.95232
 -1.23156
 -1.34709
 0.122342
 -1.02885
 -1.74249
 -1.99771
 0.0361999
 -1.29705
 -1.59117
 -1.64347
 -1.73326
 -1.54924
 -0.219023
 0.57676
 -0.356791
 1.94221
 1.72878
 -1.38006
 -0.489274
 0.57079
 -0.756324
 -0.703771
 -0.0974446
 -2.19801
 -2.25004
 -3.02207
 -2.04298
 -3.27672
 -3.80004
 -2.17596
 -2.26909
 -3.26185
 -1.69561
 -4.40986
 -1.14978
 -0.215143
 -0.908021
 0.987102
 -0.663342
 2.05162
 1.53829
 -0.822958
 1.17876
 -1.73279
 2.62067
 0.200288
 1.43874
 1.26627
 0.719778
 2.59915
 1.13646
 1.88797
 -0.837826
 -1.43647
 2.89394
 -1.7186
 3.07653
 1.19057
 4.62338
 0.858559
 5.1758
 -0.338733
 -0.815822
 0.517283
 1.71417
 3.89829
 -0.280036
 1.30355
 -0.46238
 0.566644
 1.67906
 -1.37904
 2.29537
 1.00818
 1.79889
 -0.159934
 0.33578
 -3.18272
 0.789241
 -0.987649
 2.13571
 -0.97958
 2.80621
 -1.67675
 0.950445
 -1.21657
 0.717109
 -1.07551
 -1.18091
 -1.29708
 0.167681
 0.508786
 1.2257
 -0.621317
 0.388869
 -0.87086
 -0.35502
 -1.69324
 1.1164
 -0.64078
 0.878289
 -2.63164
 -0.336853
 -1.85741
 -1.49491
 -0.57475
 -0.000181816
 0.372497
 0.957785
 -0.265517
 -1.42883
 -0.752303
 -0.918318
 -2.16934
 -1.93126
 1.20988
 -1.87341
 -1.16862
 -1.43519
 0.00650948
 -0.74464
 0.803947
 -1.34905
 2.35494
 0.500084
 0.729386
 -0.930909
 -0.411642
 -0.034774
 -0.353359
 0.715657
 1.24731
 -1.41133
 0.223302
 0.642704
 -0.546791
 -1.19658
 1.63663
 -2.79402
 -0.557012
 -0.99445
 0.224971
 0.711378
 0.33095
 -1.80068
 -0.223687
 -0.344217
 2.13521
 2.11259
 -1.02538
 1.13219
 -0.438018
 1.08727
 -0.89064
 -0.127149
 0.109341
 0.53503
 1.03756
 -0.842382
 1.05936
 0.95755
 -0.349451
 0.561643
 -1.01522
 0.750497
 1.39785
 -0.331329
 -0.181869
 0.113522
 0.160218
 -2.90012
 -0.524839
 -3.80834
 -1.63578
 -2.51367
 -1.54062
 -1.45688
 0.479796
 -3.22846
 0.989659
 1.28052
 0.323381
 -1.06333
 -0.148794
 -0.685698
 0.607272
 0.854161
 0.196907
 -2.66893
 0.858386
 -1.24356
 -0.554388
 0.56447
 1.57866
 1.51455
 -0.98537
 -0.019598
 -0.272374
 1.15896
 -1.80573
 -0.24125
 -4.12389
 1.27139
 -2.34056
 -0.0770896
 -1.73124
 -0.710886
 -1.6253
 -0.330954
 -1.12273
 -1.12298
 -0.957959
 -2.01979
 -2.88344
 -1.87682
 -2.23783
 -0.786912
 -1.24845
 -1.81904
 -1.41592
 -0.609075
 0.622824
 1.17847
 0.812389
 1.49333
 1.01895
 -0.996095
 -0.298865
 1.15379
 0.387139
 1.95924
 -1.23052
 -0.213029
 -0.0172721
 -0.974984
 1.52057
 -1.11331
 0.871779
 1.41645
 0.455882
 -0.71898
 -0.488799
 -1.60484
 -0.78141
 -4.46811
 -1.99912
 -2.85343
 -2.48433
 -2.82858
 -1.37081
 -3.70725
 -0.985565
 -4.32059
 -2.1956
 -1.02717
 -2.18402
 -0.501137
 -0.00298375
 0.400932
 -1.16822
 -1.00261
 0.544691
 -1.54462
 3.54095
 2.09904
 0.479026
 1.55101
 0.325869
 0.683191
 -0.00717066
 0.876582
 1.29994
 -0.288666
 0.331782
 1.22948
 -1.44492
 1.82518
 -2.40766
 0.757181
 0.0533725
 0.0667257
 -1.26227
 2.67478
 -1.92525
 -0.289383
 2.29223
 -2.21773
 -1.15913
 0.677215
 -1.06203
 0.592456
 -0.07985
 -0.134146
 -0.821745
 0.655792
 0.373828
 -1.34369
 -1.07166
 -1.55183
 -0.417173
 -0.351843
 -1.65879
 -0.17622
 0.133031
 1.53168
 0.879423
 1.30755
 1.09576
 -0.142338
 0.125431
 0.652602
 0.516759
 1.6062
 -0.556988
 0.485762
 -1.1056
 1.85864
 0.580913
 4.36224
 -0.911919
 1.03791
 0.475112
 2.16787
 1.95007
 0.155782
 0.971941
 -0.333127
 -0.541984
 -1.62504
 0.53582
 0.81629
 -0.115068
 0.821007
 0.462149
 0.0967361
 2.61437
 -1.44937
 0.560205
 0.775539
 1.81785
 -0.789139
 -0.213094
 1.39329
 1.56872
 3.07886
 2.6949
 2.15173
 1.4607
 1.62221
 4.01677
 1.45711
 3.43095
 0.202728
 3.19985
 0.961574
 0.916724
 -0.00061048
 1.83163
 -0.917672
 0.629792
 2.37476
 -0.60959
 -1.29089
 0.161797
 -0.658393
 -1.94022
 -1.81113
 -4.25589
 -2.79212
 -1.72384
 -0.267354
 -0.444678
 -1.37001
 -2.22219
 -1.75851
 -0.602385
 -1.44705
 -2.6157
 -3.08974
 -1.72432
 -2.73385
 -0.238076
 0.721751
 -1.44292
 -1.03668
 -0.274943
 -1.71756
 -1.3212
 -2.02059
 -4.79511
 -2.2075
 -2.78179
 -2.12551
 -1.61439
 0.924071
 -1.55013
 -0.788946
 0.632389
 1.52147
 -2.88696
 -0.810821
 -0.457601
 -0.51123
 -1.34915
 -0.547919
 -0.237803
 0.434334
 0.0904205
 0.645157
 -0.692184
 -0.267935
 0.121856
 0.0158761
 0.0727123
 -1.68186
 1.68159
 1.06378
 -0.557027
 0.544851
 -0.86915
 -0.344399
 -1.26924
 0.811183
 -0.391777
 0.264308
 1.22624
 1.23483
 1.99046
 0.0307499
 1.3794
 2.31024
 1.58684
 1.32128
 1.19042
 -0.281419
 -2.90982
 -0.473046
 -0.377
 1.03635
 -0.503753
 0.670326
 -0.805539
 0.482451
 0.526032
 -1.01123
 -1.9372
 1.16368
 -0.452233
 -1.31145
 -0.00193282
 0.446789
 -1.13557
 1.03944
 -0.243224
 1.1345
 -0.0827579
 1.50333
 -0.299277
 0.224488
 0.456155
 0.674363
 -1.94914
 -0.269239
 -1.56803
 -0.239763
 0.61903
 1.15833
 0.734623
 -0.762626
 -1.76042
 -1.61214
 -0.709249
 0.873188
 0.278443
 0.379514
 -0.702304
 -1.59767
 -1.06059
 -0.742519
 -1.90072
 1.36135
 -0.634586
 0.17975
 0.383589
 -0.718902
 0.514719
 0.903349
 1.32577
 -0.34384
 0.184275
 0.384624
 -2.56706
 0.95754
 -1.24851
 0.166504
 -1.57058
 -3.18236
 -2.76164
 -1.20123
 -2.1836
 2.14754
 -0.690422
 0.255114
 -0.407058
 -0.819632
 -1.75853
 -0.00181617
 -0.80933
 -0.37984
 -1.94058
 -0.866876
 -0.671634
 -1.0061
 -0.576011
 -0.108294
 -0.850178
 -0.822036
 -0.321302
 -1.07376
 -2.11083
 -1.23301
 -0.564503
 -0.96301
 -0.311239
 -1.81773
 -2.22179
 -1.38652
 -1.45329
 -1.74728
 -1.31939
 -2.64753
 -1.47237
 -1.50702
 -1.84995
 -4.64096
 -0.595607
 -4.20951
 0.787573
 -1.25318
 -1.27057
 1.22619
 -2.13436
 0.385446
 0.41935
 -0.83657
 0.548502
 -0.998828
 -0.596068
 -0.720078
 1.31391
 0.531879
 1.63477
 1.37887
 -0.340838
 -1.01694
 0.168724
 0.603032
 -0.725393
 -1.47748
 0.675985
 -0.912331
 -0.414099
 0.927119
 0.332932
 0.875374
 0.549683
 1.62859
 1.55295
 1.01849
 1.80919
 1.20694
 1.46824
 2.41376
 0.595362
 2.14452
 -0.0296981
 -0.862738
 0.20074
 0.554532
 0.556661
 0.758514
 0.314448
 -3.61395
 -0.546044
 -2.06427
 -1.75324
 -1.68768
 -2.15583
 -0.672039
 -2.06404
 -1.3431
 -2.48737
 -1.24389
 -1.1156
 -0.818274
 -0.289967
 -1.44394
 -1.91264
 -0.769639
 -2.4855
 -0.448845
 -1.81099
 -0.848814
 0.468114
 -0.905166
 2.2733
 -2.33393
 -0.706125
 -3.5068
 -1.27281
 -0.367509
 -0.766519
 -0.0157964
 2.11685
 -0.613567
 4.28634
 0.363961
 0.27452
 -0.310504
 1.78358
 1.73289
 0.890235
 1.2341
 -0.770911
 0.656222
 4.24229
 -0.916734
 2.57364
 -2.06561
 0.521185
 -1.20459
 1.6416
 0.120975
 -0.932242
 -1.93472
 -2.11145
 -1.82048
 -3.3369
 -1.22628
 -0.725432
 -0.542819
 -1.37455
 -1.70618
 -2.14077
 -0.370804
 -1.17007
 -1.30394
 -1.04965
 0.29414
 0.0300306
 -0.380676
 0.726732
 -2.15109
 -0.587748
 -2.30579
 -0.970277
 1.33402
 -0.605069
 -0.0562192
 -0.780568
 2.68009
 0.366213
 0.645457
 1.19381
 -0.111314
 -0.377411
 -1.62609
 1.23126
 0.154993
 1.13662
 -0.212732
 1.34364
 0.0463075
 -0.763996
 -0.202069
 -1.39403
 -0.363069
 -0.987642
 1.66284
 3.0083
 3.13932
 5.59759
 1.70544
 2.3111
 0.0425292
 1.74233
 0.516201
 0.706325
 0.346632
 0.100945
 -2.84585
 -1.54619
 -2.37831
 -3.03992
 -1.87254
 -4.44166
 -1.67577
 -2.86188
 -0.687543
 -2.00744
 -0.591448
 -1.23388
 -0.0440585
 -3.3926
 0.0603193
 -2.4547
 0.852091
 -0.519078
 -1.24928
 -0.0812982
 -1.358
 2.70085
 0.840985
 2.15938
 0.430677
 1.12094
 -0.54511
 -0.271148
 -1.55792
 0.254759
 -2.10889
 -1.32936
 -0.071204
 -1.3982
 -0.208293
 0.842683
 0.845686
 0.628565
 -0.0232693
 -1.51028
 -0.115264
 1.28151
 1.47859
 3.54551
 0.657105
 1.23876
 2.36423
 3.00689
 3.34118
 0.542721
 3.20708
 2.2066
 2.38364
 2.38342
 0.881041
 1.06583
 -0.0841167
 0.962191
 -0.562513
 3.4439
 0.92854
 1.47428
 3.41407
 3.92917
 -1.13617
 3.37751
 1.24851
 1.87291
 -0.427775
 1.41757
 -0.782002
 2.5034
 -2.12295
 0.978051
 -0.150518
 1.29619
 -0.438564
 3.75684
 1.67276
 0.0176136
 -1.35725
 -2.53475
 -1.07992
 -2.32822
 1.45199
 -2.49549
 2.26649
 -1.57812
 -0.354949
 -0.182525
 0.0971928
 1.07361
 -1.84893
 0.993231
 0.970308
 -0.023178
 1.46288
 -0.497197
 0.145176
 -0.565249
 1.17852
 2.24217
 -0.159609
 2.87799
 2.39071
 2.89647
 1.04929
 3.21067
 1.0332
 1.82527
 1.66854
 1.55275
 -0.0567037
 0.626039
 -0.432456
 -0.0485427
 -3.43853
 1.01546
 -0.504645
 4.48015
 -0.331251
 3.65163
 1.62627
 3.06822
 -1.82019
 0.963787
 0.100124
 1.30117
 -2.53292
 2.24735
 1.68297
 2.64016
 2.7842
 0.328057
 1.55815
 -0.211816
 1.04664
 0.468133
 2.38784
 -1.97967
 -0.0168848
 -0.961531
 2.27602
 0.153862
 1.59577
 1.18199
 0.615092
 0.534091
 -0.928208
 0.47492
 -3.53917
 -1.7737
 -1.01142
 -2.47995
 -0.350519
 -0.408441
 -0.19639
 -0.0182485
 0.554761
 0.656365
 1.69911
 2.27778
 -0.00334267
 1.03121
 -0.536423
 0.623018
 0.55184
 -0.652086
 3.04433
 0.583119
 -1.00716
 -0.0243724
 -3.76385
 -0.815644
 -1.8031
 -3.29846
 -1.56011
 -0.858265
 -1.95842
 -0.986695
 -0.792148
 0.385839
 -1.17705
 -0.534569
 -1.48701
 -0.891721
 -0.609482
 -0.48163
 0.270656
 0.776196
 -0.821491
 0.236065
 -1.06701
 -1.02075
 -2.13786
 2.2211
 -2.15182
 2.16645
 0.104741
 -0.576209
 1.98504
 1.2453
 0.192336
 1.09112
 1.3925
 0.794562
 0.932687
 1.76835
 3.25704
 1.53009
 1.31685
 1.62313
 1.83998
 2.41848
 -1.9917
 2.73445
 1.86616
 2.04774
 0.615942
 1.52727
 1.06129
 1.08179
 -0.72542
 2.11612
 0.789739
 0.205919
 1.22977
 1.28984
 -0.475761
 0.157332
 0.674932
 -0.265238
 -1.20474
 0.363299
 -0.511404
 1.14281
 1.2242
 -2.94255
 -1.01233
 3.94048
 0.919315
 0.759746
 -0.690207
 0.328768
 0.440078
 -0.726473
 0.752237
 -1.28883
 1.69085
 0.820606
 1.39125
 1.0335
 0.0648256
 -1.40159
 -1.92865
 0.273089
 -0.981692
 0.694857
 -0.949012
 -0.502741
 0.211204
 -0.103067
 -0.230619
 1.9555
 -0.749647
 0.985216
 -0.0718205
 0.548847
 0.4341
 -1.45962
 -0.165785
 -1.00346
 1.23607
 0.81514
 0.723843
 1.44337
 1.26149
 1.35868
 1.02148
 -0.727227
 2.20028
 -0.548538
 2.61625
 0.326981
 0.452324
 0.541091
 0.477415
 -1.51446
 0.153045
 -0.0616678
 0.961941
 0.692125
 -0.258685
 0.421511
 1.61249
 1.63103
 1.85763
 3.1276
 -0.533138
 2.45571
 -1.98895
 1.1619
 -2.54043
 0.212643
 0.4514
 -0.0494269
 0.737158
 -1.32981
 0.912848
 -0.211983
 0.570402
 1.56896
 -0.243847
 0.724044
 -0.358413
 3.81519
 3.6252
 2.74933
 1.23004
 1.91714
 1.04927
 1.53692
 2.69207
 2.66826
 1.92311
 1.81223
 -1.778
 0.455454
 -1.0505
 -0.617682
 -1.10517
 -1.03079
 -0.48058
 -2.08813
 -1.8357
 -2.69436
 -2.09121
 -2.03918
 -0.59743
 -0.457327
 -1.98015
 0.572053
 0.237992
 2.1585
 0.789855
 0.880965
 1.50108
 1.10258
 4.2417
 2.42318
 2.2616
 0.909045
 1.87046
 1.66871
 2.30628
 -1.04208
 0.23197
 -1.5434
 -2.02956
 -2.39742
 -2.11058
 -2.86182
 -1.54505
 -0.619084
 -1.68073
 0.28317
 0.862796
 1.50783
 0.341702
 0.881074
 -3.05245
 -0.922519
 -1.09758
 1.20974
 0.813389
 0.261887
 -0.408224
 -0.998121
 0.0675573
 -1.29316
 -0.0753766
 -0.440479
 -0.490892
 -0.362692
 0.730083
 -0.913141
 -1.30694
 2.06735
 -2.50534
 -1.07126
 -1.90384
 -2.52648
 -2.96027
 -3.50562
 -2.44291
 -1.8049
 -1.71121
 -0.844698
 -0.307312
 0.200243
 1.6119
 1.21278
 2.25647
 0.6178
 1.06616
 1.06669
 -0.454061
 2.23265e-05
 0.200463
 -1.05538
 -0.256732
 -0.894549
 -0.250854
 0.393282
 -0.514827
 -0.7269
 0.240597
 -1.79883
 0.986902
 2.69996
 2.35645
 2.47566
 1.11337
 -0.382598
 -1.22016
 1.31909
 -1.98589
 -1.76149
 -3.0631
 -1.21107
 -1.40328
 -0.277623
 -0.985196
 0.229971
 0.73356
 0.368677
 1.3367
 -2.22877
 1.01538
 -0.84902
 -2.06598
 -3.6553
 -3.03265
 -1.33018
 -0.725428
 -0.562892
 -0.0815522
 -1.21865
 0.78338
 -2.08883
 -0.82
 -0.372802
 -3.74051
 -1.69814
 -1.15633
 -1.28974
 -2.63724
 -1.30931
 -0.403871
 -1.16659
 -0.396211
 -1.39078
 1.12968
 -3.16882
 1.65905
 -0.165589
 0.339096
 -0.915027
 -0.0117294
 1.15434
 -0.00384935
 -1.16615
 0.0225488
 -0.765033
 -3.21862
 0.70866
 -1.06361
 -0.447228
 -2.00138
 -1.41293
 -2.05493
 0.0475107
 0.609807
 -0.529354
 0.213798
 0.629927
 -3.04401
 -0.0452602
 -1.42132
 -0.124266
 -1.4178
 -2.16433
 -0.634966
 1.45963
 0.0673655
 0.150521
 0.0200351
 1.48665
 2.00136
 1.24973
 2.66359
 2.62838
 2.20579
 1.90287
 1.90133
 0.0796432
 1.49804
 -0.241056
 1.42591
 1.88447
 0.311553
 2.1566
 0.127215
 -0.139623
 -1.08799
 -1.17857
 -0.508741
 0.537251
 1.0695
 1.8167
 -0.214252
 2.48125
 0.490629
 -0.177081
 0.525924
 0.607914
 0.767133
 0.318634
 1.25345
 1.63769
 1.65244
 1.24264
 -0.43439
 -1.45567
 -0.319411
 0.486546
 0.162927
 0.757195
 -0.0942773
 -1.31127
 -3.60781
 -1.16038
 -1.97965
 -1.13974
 -2.27403
 -0.306244
 0.64784
 -0.189274
 -0.610111
 -0.417054
 -1.02559
 -2.15524
 -0.0697271
 0.545805
 -0.975065
 -1.27125
 -0.306925
 -2.44214
 0.281555
 -0.959934
 1.13984
 1.77224
 1.14302
 1.38265
 -2.07989
 1.45831
 -0.696856
 0.226499
 0.660341
 -1.08003
 1.06286
 0.335967
 0.150029
 0.417514
 -1.77448
 -0.240102
 1.20852
 -0.20292
 0.921853
 1.51681
 -0.311035
 0.685956
 0.10982
 1.83742
 0.920323
 3.56207
 0.423998
 2.63771
 0.17264
 0.892815
 1.14692
 -0.514511
 -2.1595
 0.0669303
 -1.222
 -0.157346
 -3.31041
 -0.679829
 -1.00847
 0.0730175
 0.349705
 0.635716
 1.43976
 0.251709
 2.22681
 0.965358
 1.63741
 -1.08358
 -1.53238
 -2.22634
 -2.97082
 -1.64641
 -1.33725
 -0.454895
 0.82971
 1.80172
 -0.864571
 1.05016
 -0.75979
 0.665975
 -1.14493
 -0.150794
 0.606561
 -0.378215
 -0.85614
 -0.518075
 -0.338795
 0.436015
 -0.731172
 -2.17789
 -1.378
 -0.497817
 -0.0893314
 0.124361
 1.12565
 -0.892615
 0.437421
 0.260489
 -0.95948
 -0.413585
 -0.18497
 -0.804501
 0.548543
 0.680273
 -0.49723
 -0.69182
 -0.447115
 -0.296673
 1.12011
 -0.552953
 0.154304
 0.219962
 -1.85452
 -1.04471
 -1.21868
 -0.146932
 -2.93365
 -0.566788
 -0.958406
 0.767125
 -1.16296
 -2.24545
 -0.752787
 0.0741175
 0.275831
 2.65197
 2.54585
 4.89593
 0.813694
 1.73043
 -1.07234
 2.34392
 0.340186
 1.32076
 3.43971
 1.36258
 1.41888
 4.19051
 -0.201798
 3.04865
 0.935267
 3.23526
 1.16224
 1.00755
 2.65466
 0.812776
 0.946652
 2.43517
 0.702053
 0.164027
 1.55739
 1.23121
 0.81535
 -0.399688
 0.375819
 -2.11874
 1.09344
 0.78775
 -1.78599
 1.35001
 -0.345436
 1.98066
 1.44218
 0.685746
 1.66529
 0.403688
 3.75423
 3.67302
 4.96087
 -0.487543
 2.67159
 0.068049
 1.246
 1.46122
 -2.53128
 -1.4927
 0.238928
 -0.180239
 0.0124494
 0.782014
 -0.256989
 -0.0652744
 0.275465
 0.729933
 -0.834385
 0.0883422
 -1.14862
 0.0638045
 -0.561769
 3.25738
 -1.67498
 -0.530171
 -0.838157
 -0.00119583
 -0.856121
 0.29404
 2.35641
 -0.144462
 -0.418204
 -1.51256
 -0.523926
 -1.95628
 0.594663
 -3.08443
 0.262431
 -1.77674
 -1.12599
 0.513864
 -0.371787
 0.0529197
 -0.0222257
 3.07994
 -1.79056
 3.37893
 1.0269
 3.38072
 2.08075
 2.47025
 -1.57584
 -0.845611
 -0.934823
 -0.360933
 -1.48365
 2.26076
 0.042041
 0.922548
 0.0571078
 -0.612342
 1.53405
 -0.1134
 -0.759099
 -0.0224346
 0.652609
 1.85013
 -1.79567
 -0.289362
 1.03915
 -0.645629
 -0.476974
 0.636994
 0.139019
 1.77892
 -0.73812
 -1.99828
 2.54733
 -0.314842
 1.33611
 1.79068
 -0.370991
 0.627885
 -0.156289
 0.57877
 -0.220493
 1.37484
 2.25457
 1.38312
 -0.345622
 0.0519848
 -0.535141
 0.498169
 0.421007
 -0.491571
 0.405561
 0.673944
 1.54857
 -0.462172
 0.216787
 -1.21414
 0.0174249
 -2.11482
 -1.1876
 -0.525755
 1.27932
 -0.590257
 0.981421
 0.978583
 1.01503
 -1.56689
 1.70898
 -1.57523
 0.864124
 0.340641
 0.784833
 1.4879
 3.10169
 2.62721
 2.29996
 1.43344
 -0.43866
 -1.74359
 0.180616
 1.8091
 1.52654
 1.56201
 2.0116
 -0.557193
 0.323121
 -2.1646
 0.373512
 1.37147
 2.13547
 1.1603
 1.15385
 -0.594987
 0.302096
 -0.862283
 -1.4831
 -1.11993
 -2.05307
 -0.403055
 -1.49888
 -0.377624
 -0.741391
 -0.245469
 0.190186
 -0.736172
 0.913998
 0.00418775
 2.01218
 1.79057
 2.03701
 1.87746
 1.25324
 1.23287
 0.806287
 0.780297
 -0.379269
 -0.269309
 0.631244
 0.227816
 -3.78749
 0.967506
 -1.17824
 -0.331176
 -0.619358
 -1.46232
 -4.28478
 -2.90741
 -2.43529
 -1.75269
 -0.818728
 0.529311
 1.55797
 0.535536
 1.08597
 2.3993
 0.879095
 1.352
 2.66957
 0.746999
 -0.0649999
 2.00088
 -0.116836
 0.838131
 -0.872143
 -0.175111
 0.665084
 -1.49164
 -2.08449
 -2.30898
 -1.2175
 -2.9805
 -2.4919
 -3.60817
 -1.35968
 -0.769835
 -3.67379
 -2.13827
 -1.6488
 -2.56873
 -2.82845
 -3.17257
 -2.45004
 0.506118
 -1.30661
 1.25112
 -2.68358
 0.913878
 -0.721677
 -1.17859
 -0.0719015
 0.724713
 0.785908
 -0.949074
 0.507661
 2.04047
 -0.124896
 1.15295
 0.0403617
 0.992153
 1.51822
 -2.40315
 1.32929
 -0.547644
 0.35612
 0.062801
 -1.28846
 -1.96441
 0.19489
 -2.75715
 1.59569
 0.999671
 1.24401
 -0.550225
 -1.55458
 -0.160621
 -0.131162
 0.369508
 -0.791208
 -0.0490237
 -0.384345
 -1.46107
 -0.609112
 -0.595376
 0.469705
 -0.886874
 1.71772
 0.989832
 1.56698
 -0.0951269
 2.14023
 -2.38327
 -0.809682
 -0.195486
 0.031758
 -0.746016
 -0.74984
 0.70261
 -1.64172
 -0.870052
 0.456711
 -1.98729
 -0.729125
 -1.60535
 0.865999
 -1.28248
 -1.35726
 -0.0790906
 -0.544408
 0.378363
 -1.45625
 1.9859
 -2.12434
 2.35161
 0.789346
 2.30804
 -0.293044
 2.24779
 2.63892
 3.46175
 1.75369
 0.246768
 0.618348
 0.892354
 1.54483
 2.11659
 2.65635
 0.734137
 2.35866
 1.97966
 3.35009
 -0.983747
 3.27414
 0.120013
 1.93503
 0.842013
 -1.07176
 -1.89829
 -0.226466
 0.491095
 2.03346
 -0.600109
 1.88913
 0.504451
 3.62953
 -0.924331
 4.06994
 -0.63625
 2.69426
 -2.05236
 1.10034
 0.21854
 -0.95331
 -0.240653
 -1.19381
 -3.22409
 -1.11933
 -1.6701
 -0.776284
 0.788577
 -0.380924
 0.497963
 -0.272795
 0.810206
 -0.995144
 2.19124
 0.00362838
 -0.674191
 -1.20197
 -0.631699
 -0.525098
 -0.0266232
 -0.548499
 0.59074
 0.103064
 1.02484
 2.03974
 2.7469
 3.08535
 3.98776
 1.10484
 1.92486
 2.15346
 2.70024
 0.553669
 0.37037
 -0.266389
 0.567379
 1.13067
 1.5812
 2.22489
 1.79332
 1.11307
 1.12023
 0.835342
 -1.19099
 -0.548267
 0.542983
 -0.851879
 1.4553
 -0.348388
 4.37749
 -0.852695
 0.612531
 -0.283048
 -0.741492
 -2.97152
 -1.35744
 -2.25026
 -1.63709
 -1.21917
 -0.955475
 -1.17712
 -0.185971
 0.554341
 -0.525057
 -0.516423
 -1.36928
 0.508424
 1.04018
 -0.222098
 1.74613
 0.643281
 -0.661428
 0.244945
 -1.98648
 0.99002
 -2.89123
 1.29983
 0.0132465
 0.125856
 -2.57277
 -1.01894
 -1.54509
 -2.69109
 -2.11201
 -4.09294
 -1.40195
 -0.988047
 -0.0855791
 0.139166
 -0.932257
 -0.387243
 -4.23374
 -2.29816
 -5.57115
 -1.71056
 -2.3667
 -1.24434
 -1.03623
 -0.583633
 -0.091147
 0.526501
 1.14317
 1.95749
 1.75303
 -0.528285
 0.244427
 -2.83001
 -1.73276
 -1.60379
 -4.31422
 -2.09409
 -1.00753
 -1.70106
 -0.653615
 -3.59782
 -1.58253
 -1.94358
 -1.93448
 -2.01907
 -0.989522
 0.364222
 -1.01404
 0.362913
 -1.10669
 0.207033
 0.479873
 2.25148
 1.81481
 1.42874
 -0.348227
 1.66375
 -0.215773
 -0.988976
 -0.327654
 -0.536996
 -0.670529
 0.593611
 -1.01264
 -2.33188
 -0.868306
 -1.38496
 -1.6677
 -0.905418
 0.220762
 -3.10498
 0.113483
 -0.900874
 -1.29127
 0.984149
 -0.80077
 2.65816
 0.127696
 -0.0715398
 -0.41742
 1.49782
 1.12952
 1.6922
 1.21024
 4.46837
 -0.836049
 1.82024
 -2.69468
 -0.565617
 -1.40611
 -0.177176
 1.84063
 0.307581
 1.72568
 -2.69784
 -1.65257
 -1.09043
 -0.756437
 -1.76153
 -1.25126
 -3.80284
 -1.70808
 -3.34358
 -1.73399
 -2.32747
 -0.69435
 -1.98212
 -2.58871
 -1.22758
 -2.14019
 -1.97052
 -2.50935
 1.25683
 1.28725
 -0.0819599
 1.32827
 2.08629
 1.542
 0.62216
 1.20347
 1.19024
 -0.832659
 0.415894
 -0.656578
 0.659929
 -0.0757196
 0.117547
 0.534955
 -0.639899
 0.712259
 -0.0251887
 -0.285069
 -1.63219
 -0.67601
 -0.803382
 0.119036
 0.131995
 -0.564492
 -1.96943
 2.93277
 -1.77081
 2.32678
 -0.212053
 -0.0731674
 -0.567928
 -1.3396
 -1.69472
 -0.890271
 -1.73229
 -2.9598
 -0.950416
 -0.531848
 1.3806
 -0.432829
 2.87533
 0.472361
 2.6699
 -1.45096
 3.30835
 -1.34914
 -0.315114
 -1.03951
 -0.401325
 -2.41717
 -0.884969
 -0.472802
 -0.668091
 0.86076
 -0.81156
 -1.23039
 -0.483161
 0.178256
 -0.203689
 -0.0299719
 -0.974878
 1.33798
 0.118322
 2.23484
 0.120768
 0.0374095
 -2.37303
 -0.707542
 2.47529
 0.341775
 1.69748
 1.23401
 1.8628
 3.8926
 3.08978
 3.36515
 3.51068
 2.10035
 2.35158
 0.649184
 1.2202
 1.28825
 1.23303
 5.03446
 3.2306
 2.71305
 4.80845
 1.70568
 5.52862
 1.16332
 2.34355
 2.45992
 2.21582
 1.75166
 -2.53007
 -0.076807
 -0.83391
 -0.0539126
 0.573211
 -0.896729
 0.595789
 3.5121
 2.25118
 0.762588
 1.10282
 1.66574
 0.778235
 -2.75185
 -0.868151
 -2.12816
 0.998314
 -1.3002
 -0.182937
 -1.44716
 0.129132
 1.4739
 3.29842
 2.60298
 2.34606
 1.4053
 -0.684537
 -0.472852
 -0.877153
 0.0245352
 -0.513181
 0.0480222
 3.60808
 1.59013
 0.594866
 -0.836457
 -1.18554
 -0.497027
 -4.15893
 -2.34618
 -2.6663
 -1.50555
 -0.76975
 -1.06176
 -0.0517468
 1.06072
 -1.31919
 0.119165
 -0.908553
 2.27288
 -0.106849
 0.559394
 -0.835359
 0.735919
 -0.186767
 -1.28577
 -1.29521
 -2.19818
 -1.07801
 -4.18291
 -0.994506
 -3.21088
 -1.50197
 -3.76574
 -2.3045
 -1.93486
 -1.6723
 0.175383
 -1.18527
 0.691543
 0.322752
 0.59207
 1.36386
 -0.436824
 1.39234
 -0.00183132
 -0.364946
 -1.71628
 -1.83254
 -0.536611
 -0.885116
 -2.12107
 -1.1361
 -0.726874
 -1.89335
 0.0662837
 2.01876
 1.29844
 3.40208
 1.33848
 3.67359
 0.565671
 3.79891
 0.730729
 -0.301116
 -0.141443
 0.695812
 0.586296
 2.96084
 -0.906476
 1.0178
 -1.56842
 0.285354
 0.846605
 -2.79958
 1.44211
 -0.28514
 -0.181109
 1.10584
 0.602376
 0.427917
 -3.02023
 -1.71225
 -0.573505
 -3.72088
 -2.75054
 -3.20413
 -2.82433
 -1.44372
 -3.73231
 -2.22548
 -0.844776
 -0.691583
 -1.08834
 -0.696523
 -1.12137
 -2.38977
 -1.62265
 -1.10946
 1.79432
 -1.1358
 0.377198
 0.0688292
 -1.49304
 -0.506509
 -0.103561
 -0.716402
 0.132249
 -1.79651
 0.0673458
 -0.9572
 -2.55147
 -1.62443
 -2.6412
 -3.16067
 -1.7293
 0.560446
 0.579452
 -1.90791
 3.10997
 0.620001
 2.65815
 0.441263
 1.74305
 0.679357
 1.37079
 1.38555
 -0.0818643
 3.74341
 -1.01398
 0.683027
 0.672162
 -0.913275
 -0.964252
 -1.6367
 -0.353061
 -1.13705
 -1.64058
 -1.06799
 -2.46494
 -1.24375
 -2.27528
 -1.2027
 -0.74048
 -1.17316
 1.74752
 0.46582
 3.6079
 0.988983
 2.02596
 -2.53666
 1.01357
 0.141465
 1.32921
 -1.63359
 -1.2053
 1.62941
 -2.81506
 -0.387676
 2.77942
 1.80222
 2.40688
 1.57497
 1.12669
 1.24076
 1.42528
 1.46188
 -0.671625
 1.52919
 0.421674
 1.34183
 1.30388
 -1.07678
 0.238459
 -0.274259
 -0.0176131
 0.0506087
 2.37877
 1.27177
 -0.290505
 -1.87728
 -0.127178
 -0.623126
 -0.0553991
 -0.0239705
 -1.50004
 -1.52473
 0.137894
 -0.117225
 0.0675661
 0.366779
 0.825257
 3.71677
 -1.02041
 1.74412
 -0.236186
 -0.964687
 0.164176
 -0.0175921
 0.177656
 0.563787
 0.579953
 1.55907
 -0.0143038
 2.93203
 1.24397
 3.02933
 1.08105
 0.253113
 2.03555
 -0.0186281
 0.696114
 3.09274
 1.61066
 -0.161881
 1.2174
 0.826203
 -0.753178
 0.51696
 0.702902
 2.59833
 2.33043
 0.213327
 0.649641
 4.27457
 1.63632
 1.70942
 1.85551
 3.00425
 0.773747
 2.18307
 2.1578
 3.91023
 1.99753
 2.88076
 1.89792
 2.43556
 -0.596779
 4.22323
 1.50491
 0.319428
 1.70309
 1.24845
 1.07584
 2.32352
 0.889242
 0.847857
 3.61843
 1.73289
 0.727844
 0.551055
 -0.380221
 0.638558
 -3.27388
 1.97074
 -1.32096
 -1.05524
 -0.743566
 -0.0524062
 0.399844
 -0.979927
 0.423493
 1.46552
 -1.10725
 2.35132
 0.355511
 0.734932
 1.00514
 -0.49209
 3.48422
 -1.50382
 2.01516
 -0.460087
 -0.0425152
 0.496532
 -1.04118
 -0.168198
 1.39541
 1.70308
 -0.0279168
 -0.716609
 -0.0334404
 -1.497
 0.619548
 -0.0401618
 -1.59423
 -2.12449
 -1.68322
 1.34938
 1.43112
 0.454425
 -1.07182
 0.388303
 -1.00412
 2.29186
 -1.4585
 -0.967531
 -1.4739
 -2.10611
 -0.97484
 -0.74063
 -0.669417
 -2.06161
 -2.5528
 -1.73182
 -0.844182
 0.0363347
 -2.32024
 -0.918716
 -1.34023
 1.29681
 -0.419041
 1.88534
 -1.45403
 1.59603
 0.143765
 1.12534
 1.71898
 -0.577524
 -0.131736
 -0.594328
 -0.167534
 -0.522403
 -2.62141
 -1.41499
 -0.451887
 -0.550066
 -1.62951
 -1.1179
 -0.875413
 -0.112449
 -0.624861
 -0.416782
 -1.24957
 -0.474388
 -1.6821
 -2.65871
 -0.853288
 0.6399
 -2.15301
 0.201278
 0.474348
 -1.44704
 -1.0447
 0.303813
 -1.23769
 -0.454323
 -0.643548
 0.303329
 -1.18223
 1.4109
 -2.92883
 -0.227419
 -3.13092
 -0.811964
 -3.18708
 -0.894372
 0.0852937
 0.35701
 0.50794
 -1.20255
 0.759031
 1.1714
 -0.39115
 3.90613
 -0.148884
 3.1999
 -0.413193
 1.78526
 3.83083
 1.62814
 1.85435
 2.23988
 0.277121
 2.19749
 -0.757521
 0.445193
 -0.996833
 0.0456064
 0.839145
 -1.07275
 -1.02391
 -0.395306
 -1.47199
 -3.65257
 -1.88357
 -2.15507
 -1.62637
 -0.209627
 -0.547007
 -0.0892949
 -0.760029
 -0.725878
 0.305488
 2.05932
 2.00328
 -0.588776
 0.877013
 -0.284093
 -0.657259
 0.681206
 -0.701147
 -1.76547
 2.98142
 0.42591
 0.384908
 -0.658657
 1.53154
 -0.0341109
 1.44453
 1.60703
 -0.403784
 0.525476
 1.1965
 -0.143306
 0.460136
 -0.766328
 -1.26129
 0.7879
 1.07619
 0.59396
 2.03201
 0.810522
 1.87684
 1.20371
 1.86569
 -1.03954
 0.731614
 0.875773
 1.17918
 -0.555867
 0.639909
 -0.11744
 -1.50284
 -0.671105
 -3.30422
 -0.400192
 -2.05907
 -1.03514
 -2.17747
 -1.02668
 -2.01121
 -0.244641
 0.584797
 -0.65148
 -0.941746
 -1.31021
 -3.15054
 -0.863524
 -1.72636
 0.267124
 -0.823185
 3.29771
 0.320077
 3.24522
 1.20358
 0.36076
 -0.686867
 0.18838
 0.0310312
 1.50819
 -1.4509
 -0.837283
 3.04961
 0.97788
 -1.45498
 -0.0883242
 -1.38462
 -0.456145
 -1.4542
 -0.529369
 0.274578
 -0.696999
 2.6458
 -1.77615
 2.76378
 -0.387513
 0.0197957
 -2.13661
 -0.0826455
 -1.03416
 -1.56174
 0.150484
 -0.929079
 2.09434
 -0.64791
 1.73809
 -1.8726
 2.02223
 -0.110943
 -0.0527413
 -2.266
 -1.4379
 -0.541548
 0.0421628
 1.27111
 1.90297
 2.43751
 0.467335
 1.69496
 0.173645
 1.00551
 -1.19551
 -1.69625
 -0.240084
 -0.740207
 -1.84983
 -1.14798
 -0.286226
 0.467936
 -0.408683
 0.826087
 0.106458
 0.768571
 -0.136405
 0.322771
 0.200258
 1.72026
 2.4427
 0.877739
 -0.128871
 -2.11921
 -0.0383538
 0.661111
 -0.664617
 -1.25955
 -3.04174
 -0.629616
 -3.03295
 1.46166
 -2.92992
 -0.913004
 0.325571
 -0.0507833
 0.857436
 -0.244497
 1.08227
 2.94204
 1.98543
 0.940471
 1.95654
 -0.304094
 1.02511
 -1.19423
 -0.296198
 -1.85503
 -2.5686
 -0.645025
 -1.40119
 1.9163
 -0.304105
 -0.607917
 -1.72011
 0.430859
 -1.84775
 -1.46611
 -0.583703
 -0.348326
 -1.70861
 0.412259
 -3.65392
 -1.24819
 -1.31384
 1.39444
 1.30025
 0.675653
 0.103188
 0.967803
 -0.140824
 -1.38284
 -0.595533
 -0.241263
 -0.294977
 1.33159
 1.63918
 1.8352
 0.509237
 1.11535
 1.27683
 4.22155
 1.8348
 3.3063
 2.85955
 3.01086
 2.61036
 3.39073
 4.01608
 -0.627245
 3.81212
 -1.15616
 1.60384
 -1.75886
 -0.626678
 -1.49014
 -0.870673
 -0.644258
 0.4232
 1.829
 -1.89778
 -1.74726
 -2.16188
 -3.1892
 -2.22728
 -3.10962
 -3.342
 -3.63374
 -3.39012
 -2.29179
 -2.6621
 -1.35383
 -1.74107
 -0.409369
 -0.765561
 -2.51264
 -1.18453
 -2.20498
 -0.903939
 -1.60072
 -1.08278
 -0.974321
 -0.318051
 -1.32781
 0.152714
 0.239503
 -0.240771
 0.789215
 1.24425
 1.33545
 0.397749
 -1.4213
 0.393343
 -1.92407
 -0.86992
 -0.0908041
 1.55502
 2.60371
 1.8332
 -0.420203
 0.278379
 -1.06022
 1.60759
 1.32707
 1.13945
 1.32379
 0.881217
 1.5088
 1.16573
 0.725667
 2.88629
 0.435107
 -1.48995
 -2.1381
 -1.30301
 -0.781311
 -2.0089
 1.3498
 -2.19063
 1.82316
 0.789404
 -0.237434
 0.243296
 -2.00582
 0.796288
 -1.4507
 1.19883
 -0.761773
 1.21238
 0.0276764
 3.38425
 -1.19928
 2.26769
 1.22658
 -0.607769
 1.18364
 -0.0835708
 0.498372
 3.61337
 -0.0940484
 1.01631
 0.435324
 0.546088
 1.1142
 -0.658306
 -0.666793
 -1.87983
 -2.45995
 -0.20368
 0.905661
 1.70987
 2.02423
 -0.222859
 -1.21304
 0.759295
 -2.17628
 -1.9691
 -2.31742
 -1.02537
 -0.542091
 -1.22039
 0.193908
 0.691635
 -0.631286
 -1.93854
 -2.26465
 -1.09283
 -2.15848
 -2.31327
 -0.799278
 -0.457555
 -4.28319
 -2.48437
 -5.4304
 -1.66475
 -1.23618
 -2.15708
 -0.684066
 -0.252597
 -0.0759821
 -1.00397
 -0.0201019
 1.17532
 -0.303453
 0.2452
 -1.08854
 -0.628015
 -0.451695
 -0.329241
 0.383625
 1.49335
 -0.404351
 -0.213761
 -1.85507
 1.38974
 -0.851189
 -0.336368
 1.04204
 -0.341666
 0.89272
 -0.626671
 1.24137
 2.6651
 2.64812
 3.81849
 0.75586
 3.66197
 -0.470029
 2.63516
 0.452182
 -0.645407
 0.58995
 0.354944
 -1.15622
 2.21328
 1.66238
 1.57362
 -0.926697
 -2.25709
 -2.46352
 0.0203973
 -2.44543
 -3.22835
 -0.940892
 0.0319789
 -1.24739
 -0.256412
 -1.656
 -1.76467
 1.24216
 1.32336
 1.60326
 3.92126
 1.9448
 1.35077
 2.65809
 2.14729
 2.15562
 2.09982
 0.701112
 1.63234
 1.17588
 1.36794
 1.7555
 1.76771
 2.65151
 1.43557
 1.41911
 1.02723
 0.288576
 -1.20829
 0.451803
 -0.351823
 -1.11886
 0.55527
 -0.359832
 0.717553
 -0.833853
 0.706392
 -0.305365
 0.586946
 -0.611156
 0.7538
 -0.602975
 1.81478
 -0.882722
 -1.35843
 2.38085
 -2.11359
 3.09967
 0.404682
 2.20763
 1.38474
 2.1228
 2.16783
 3.21705
 2.47242
 3.72124
 1.72868
 0.840932
 1.42037
 0.274387
 2.29467
 -0.175516
 1.32424
 -0.454414
 4.09234
 2.30428
 1.98654
 -2.03552
 2.36242
 -2.25265
 -0.489403
 -1.7693
 0.341379
 1.45603
 1.733
 2.03119
 1.16127
 3.46777
 0.347635
 1.94529
 1.90214
 2.00835
 0.582764
 -1.22881
 -1.15996
 1.15498
 -0.485672
 0.202469
 -1.33836
 -0.677062
 -0.520185
 2.44121
 -2.25645
 0.973093
 -1.82471
 0.9326
 1.59372
 2.59637
 1.34776
 4.44664
 1.81993
 3.55808
 3.74422
 1.3299
 1.25891
 2.46451
 0.846583
 -0.602443
 -0.11684
 -1.23939
 -2.19464
 -0.512551
 -0.401571
 -1.69278
 -1.01644
 0.189114
 -0.726689
 -1.40202
 0.645656
 -2.36865
 -2.05482
 -1.90221
 0.822297
 -0.654709
 -0.165112
 -4.06445
 -0.259627
 -2.86066
 -0.917646
 -2.23884
 -1.93748
 -1.81497
 -1.47409
 1.5187
 -1.794
 1.55718
 -1.57847
 0.0891206
 0.164535
 -1.48528
 -2.48696
 -1.31685
 -1.34949
 -1.89676
 -0.869697
 -1.72287
 2.41702
 0.178595
 3.59656
 1.43516
 4.66786
 2.39883
 4.47966
 2.06689
 2.85655
 -1.09387
 1.98472
 0.68603
 2.70544
 1.24265
 1.37981
 0.935388
 0.886932
 0.933979
 -0.422197
 0.984391
 0.970715
 1.39983
 -1.32892
 -0.513166
 -1.72432
 -1.50839
 -0.8608
 0.977095
 0.0787108
 1.73227
 -0.441139
 0.765244
 -0.946363
 -1.90172
 -0.749681
 0.320411
 0.75554
 -2.05196
 -0.433841
 -0.226815
 -3.11582
 -1.61485
 -2.13058
 -2.9751
 -2.02488
 -1.00064
 -0.702167
 0.0806047
 -1.8417
 3.03865
 0.0417603
 1.2454
 0.559471
 -0.359567
 -1.45968
 0.42129
 -1.13772
 -3.21834
 -1.53526
 -0.150323
 0.0518155
 -0.711644
 -0.204295
 -1.46939
 0.529337
 -0.881409
 0.565422
 -1.43632
 -0.0729359
 -1.08991
 -1.87561
 -0.769876
 -4.4977
 -2.7922
 -1.67881
 -2.74834
 -3.49903
 -1.23486
 -1.33508
 -0.71437
 -2.20317
 -0.635701
 -0.405166
 -0.65948
 2.16411
 0.193929
 -0.0977426
 -0.673497
 0.111016
 -2.08622
 0.400559
 -0.926279
 -2.63948
 -1.36666
 -1.31156
 -1.51166
 0.0344811
 -2.22696
 -0.132658
 -0.335417
 2.11995
 -2.29713
 2.47714
 -1.9724
 2.8433
 1.85004
 4.47571
 1.23442
 2.86741
 -1.41707
 0.217463
 -1.15945
 1.40543
 -1.35371
 0.651254
 1.26321
 -0.0185842
 1.70107
 -0.0502972
 -1.24285
 -1.26651
 -0.820474
 0.479668
 -1.00077
 1.03688
 -1.7094
 -2.54999
 -0.81509
 -0.462664
 -1.33291
 -0.410665
 -0.833186
 0.229646
 -2.22236
 -1.2133
 -0.877223
 -0.572099
 -1.22881
 2.23163
 -2.40315
 2.04895
 -0.0857569
 0.135081
 -1.1127
 -0.239117
 0.511845
 3.02745
 0.419337
 3.52076
 1.87068
 1.68693
 -1.53502
 1.28916
 1.59993
 -1.11474
 2.54547
 -2.18307
 0.713602
 -3.36092
 -1.60164
 -2.15165
 -0.69279
 -0.104815
 -0.52099
 1.08526
 -0.225724
 1.18094
 0.401184
 -1.1048
 -0.744167
 -1.89109
 -0.16705
 -0.421983
 0.678415
 1.08761
 1.2824
 2.43982
 -0.12467
 2.58357
 -2.15996
 -1.13547
 -2.29996
 0.246243
 -0.224838
 0.43655
 0.175735
 -2.47842
 -1.44804
 -3.00851
 -0.617404
 -0.887444
 -2.66318
 0.176215
 -1.39307
 -0.381189
 -1.48705
 0.739581
 -1.75027
 -0.346886
 -1.72832
 0.18521
 -1.55553
 -1.89314
 -1.45743
 -1.6333
 -1.78379
 0.460327
 -0.136038
 1.43608
 -2.73134
 1.60356
 0.581851
 1.00409
 1.95164
 2.51634
 0.787792
 -1.89387
 0.0442502
 -0.562269
 0.506223
 1.46826
 0.988663
 -0.098399
 0.856227
 0.976034
 -1.03345
 2.68159
 -2.09418
 -1.89044
 -1.65571
 -0.420882
 1.61878
 -2.78015
 1.14624
 -0.628314
 -1.45667
 -0.796596
 -2.399
 -2.10257
 -0.472708
 -0.382412
 1.16636
 2.21588
 -1.30733
 3.03503
 1.77554
 4.58386
 2.25236
 0.709467
 0.391532
 1.68752
 0.508179
 -2.26154
 -0.182537
 -0.840619
 -1.85794
 -3.00598
 -0.800304
 -1.04073
 1.06177
 -0.72535
 1.3919
 -0.296217
 0.0775908
 -2.69417
 -1.09722
 -0.445188
 -3.0427
 -0.509857
 -1.60489
 2.23407
 0.468726
 0.944763
 1.00685
 1.44953
 1.51197
 -1.60043
 0.359019
 0.961365
 0.516222
 -0.568725
 -1.03653
 -1.55681
 -2.22631
 -0.789769
 0.586117
 -0.124381
 -0.149749
 -0.921418
 0.746162
 -0.616941
 0.808739
 -0.873345
 3.30167
 1.35058
 2.54347
 4.08025
 3.83422
 0.130662
 1.06737
 0.142766
 2.66423
 -1.72312
 0.47875
 -1.76224
 -0.0877066
 -3.82486
 0.504845
 0.0324013
 2.60732
 2.08772
 0.857535
 1.85451
 -1.76553
 0.513217
 -3.29516
 -0.961394
 -0.464088
 -0.796719
 -1.35324
 -1.20657
 -0.799549
 -0.955966
 -1.30605
 -2.1221
 -1.68891
 -0.688715
 -1.29347
 -0.815066
 1.0134
 2.1503
 1.85583
 2.46749
 0.893812
 1.62501
 1.43211
 -0.574691
 -0.569254
 1.7668
 -0.0941576
 0.76467
 1.39949
 -2.90371
 1.62446
 -2.82494
 -3.15208
 0.0575005
 -2.84468
 0.827054
 0.741729
 2.75695
 2.60265
 1.36441
 1.82566
 1.66993
 1.88774
 -2.34216
 -0.931042
 0.306074
 0.780333
 1.19912
 3.92243
 1.16183
 2.45439
 0.423899
 0.928035
 -0.901826
 2.27506
 0.338006
 -1.16372
 -0.469713
 -0.850767
 -0.185702
 1.14399
 1.03126
 -0.953156
 0.677902
 0.513077
 0.271634
 2.13939
 -0.137136
 0.605872
 1.47501
 -2.41821
 -1.62275
 -0.988511
 1.0108
 -0.640565
 -0.058357
 0.0151296
 -0.0606208
 0.16253
 -3.47687
 0.404291
 -3.56488
 -0.378441
 -2.69661
 -0.0767472
 -1.51011
 0.273715
 -1.67455
 -2.5305
 -1.14143
 -0.945831
 -1.05685
 -0.605807
 -1.71375
 -0.113234
 -1.53234
 -2.08786
 -2.0712
 -3.58554
 -3.36432
 -5.28173
 -2.47924
 -1.66275
 -2.32953
 -0.614878
 0.0515099
 0.572282
 -0.0676381
 0.22612
 1.94281
 -0.307576
 0.864945
 -1.30287
 0.533861
 -1.01102
 0.493145
 0.650308
 -0.350116
 -0.579931
 -1.81865
 0.390463
 0.7048
 0.718967
 0.509471
 -0.155962
 1.46225
 -0.435995
 0.867337
 0.117375
 1.01989
 1.86414
 0.944911
 0.88798
 -1.14552
 -0.8753
 2.17566
 -0.499758
 0.606824
 1.00251
 -2.59819
 -0.561164
 -1.52854
 -1.78348
 -0.396704
 -3.24812
 0.188831
 -2.88359
 -0.378542
 0.802376
 -0.714574
 -0.0168454
 -1.34419
 -1.97576
 -2.27008
 -1.42588
 -0.239961
 -3.71204
 -2.07726
 -1.05435
 -1.50492
 -1.13498
 -1.59944
 0.238376
 -0.293623
 1.25759
 2.23452
 2.65391
 2.7159
 -0.559716
 1.14631
 1.41182
 -0.264116
 0.714609
 1.197
 -0.55606
 0.350534
 1.38356
 0.271547
 -0.487567
 0.824203
 0.843708
 -3.0664
 -0.742706
 -1.79191
 0.205487
 0.870141
 -0.508234
 0.511058
 0.507302
 -0.343466
 -1.52418
 -0.136577
 0.579732
 0.507251
 2.72014
 0.617968
 1.55157
 -0.929639
 -0.180254
 -0.399528
 1.25294
 -2.37775
 -1.05322
 -3.82301
 0.0306878
 -2.96921
 1.06701
 -0.606969
 -0.326848
 -1.77787
 1.14437
 -0.16549
 -1.23929
 -1.03594
 -0.556195
 -1.7924
 0.17049
 -1.47333
 -0.516849
 -1.33774
 -0.710676
 0.798306
 0.039679
 -1.51243
 0.324012
 -0.37965
 0.349345
 -0.448884
 1.03139
 -1.21691
 1.09713
 -0.836204
 -0.92924
 2.1387
 -0.224322
 0.317882
 -1.52053
 -0.418462
 0.0876706
 -2.0618
 0.223002
 1.2782
 0.25129
 1.00946
 0.900805
 0.760879
 1.61513
 1.69877
 1.05732
 -0.713457
 -1.2021
 1.37415
 1.59196
 -0.363464
 -1.33833
 0.0940197
 -1.36639
 0.897921
 -2.04392
 0.534446
 -1.13054
 0.737311
 0.511904
 1.0174
 0.71528
 1.94573
 -0.246951
 1.16046
 -0.89841
 2.02847
 -1.67731
 1.30525
 -0.485053
 1.00461
 -1.19817
 2.6129
 -1.91017
 1.09113
 3.11929
 0.799245
 -0.442115
 -0.638781
 -0.543928
 -1.42112
 -1.65216
 0.754158
 -0.95538
 0.407239
 -0.778511
 2.7832
 -1.59351
 0.153963
 -2.62011
 -1.17435
 -4.18985
 -1.42275
 -2.65936
 0.779122
 -0.49352
 -0.00558296
 -1.37057
 -0.612163
 -0.644481
 0.783805
 -3.18609
 1.92943
 0.448555
 2.24766
 1.44545
 1.64141
 1.39945
 0.430241
 1.72677
 -2.40093
 1.32375
 -0.855617
 -1.45541
 -0.602058
 -0.428688
 -2.56901
 -0.923706
 -2.11401
 -0.777432
 -2.12043
 -2.41502
 -1.42878
 -1.19414
 -0.372617
 0.403036
 -0.495849
 1.05126
 0.623394
 1.33433
 2.0719
 0.474437
 4.04445
 -1.13468
 3.62732
 1.82959
 -0.429065
 3.92443
 -0.0412537
 2.1241
 -1.97258
 0.581606
 -2.23623
 2.34824
 -2.31691
 0.901438
 -0.229773
 1.16592
 -0.101607
 0.593282
 1.09071
 0.0766108
 1.5677
 1.50441
 -0.24473
 3.67067
 -0.769351
 0.163192
 -0.984259
 0.210617
 -1.54638
 0.0858789
 3.78906
 -1.31183
 -0.167229
 1.11872
 -1.26907
 2.84262
 -1.71902
 1.86868
 -1.24045
 0.177293
 -1.20125
 -1.57941
 -0.86635
 0.49788
 -0.952578
 -0.140776
 -2.36908
 -1.98096
 -2.94036
 -1.31175
 -1.26787
 0.69405
 0.236834
 0.97715
 -0.324041
 1.09631
 1.50585
 -2.35684
 -0.945286
 -0.765915
 -0.179954
 0.399789
 -1.70543
 -2.15816
 -0.504902
 -2.11049
 0.996494
 -1.16669
 0.0309762
 0.86035
 -0.461499
 1.77114
 -2.50036
 2.12405
 1.44012
 0.531725
 -1.37826
 1.14831
 1.31345
 -0.397952
 -1.53244
 -0.713389
 -2.55277
 -1.04441
 0.898354
 0.634846
 1.12121
 -2.90055
 1.15541
 -2.04673
 -0.272944
 -1.33064
 0.199068
 2.29822
 1.22039
 2.10605
 -0.25068
 1.25327
 0.600484
 -0.512646
 -0.225728
 0.316676
 -2.46651
 0.0390908
 -2.46297
 -2.38836
 -2.15929
 -0.988279
 0.828417
 0.786328
 2.22382
 2.32561
 2.11057
 1.80806
 0.862269
 1.19839
 -0.908173
 -0.0714533
 3.36382
 0.868769
 -0.614039
 -0.0885362
 -0.361214
 0.458123
 0.74083
 1.01422
 -0.710466
 0.24735
 0.413625
 -0.764067
 -1.09549
 -2.09849
 -0.973302
 -0.654436
 -2.52406
 -1.15692
 -0.748985
 -1.66506
 -1.28316
 -0.46677
 1.1975
 1.88611
 -0.38884
 1.6771
 1.64271
 1.42855
 1.55667
 0.943828
 1.43396
 1.46351
 -2.13555
 -2.40096
 -1.89452
 0.353309
 0.963862
 -0.728077
 -0.38979
 0.256417
 -2.18207
 -0.971324
 0.0909309
 -0.888148
 2.00454
 -2.12612
 -0.446783
 -0.203429
 0.959444
 0.90896
 1.53204
 1.98092
 2.07095
 3.65335
 1.09756
 0.784313
 1.10062
 -0.483476
 1.26586
 1.23581
 1.30388
 -0.952455
 -0.536167
 -4.14223
 0.278951
 -2.49082
 -0.574522
 -4.34939
 -1.93186
 -1.76381
 -0.245556
 0.662677
 0.535403
 1.59838
 1.50504
 -0.517501
 0.546015
 -2.09931
 0.301382
 0.315309
 1.29795
 1.89852
 0.39037
 0.998481
 -0.467037
 0.180811
 -0.0198984
 -1.20742
 -0.429294
 -1.52277
 0.260924
 0.814343
 5.09563
 -0.339886
 3.0163
 -0.311761
 2.25007
 -0.0209894
 2.85011
 0.529751
 1.62018
 2.40524
 0.275152
 4.48652
 0.251077
 4.02426
 -1.10016
 0.268887
 1.27705
 1.06167
 -0.268956
 1.58016
 -0.997988
 -0.503353
 -1.15657
 -0.396493
 -2.04695
 -1.99477
 -0.770203
 -3.49823
 -0.626508
 -2.36766
 -0.954709
 -3.72955
 -0.662777
 -2.36963
 -3.02114
 -4.90691
 -1.40841
 -1.18422
 -0.40337
 -3.47822
 -0.297319
 -0.956941
 -1.18646
 -1.73511
 -0.565521
 -1.07623
 -0.163491
 -0.794129
 -1.34111
 -0.739312
 -1.88117
 2.66903
 0.179686
 4.34575
 0.59767
 -0.0793492
 1.26057
 -1.3732
 0.64546
 0.293553
 0.706908
 0.173828
 1.06655
 0.115454
 1.4531
 0.385334
 -1.88804
 -0.904487
 -0.984639
 0.040806
 0.663045
 1.70483
 0.706919
 2.14765
 1.25353
 1.11189
 2.26816
 -0.490912
 3.44037
 2.34674
 2.66446
 2.17404
 2.73278
 1.03778
 2.31591
 1.89742
 1.75833
 4.23109
 -1.00771
 2.07207
 1.39637
 1.65294
 -0.350659
 1.40556
 1.36054
 4.27843
 -0.934922
 0.639993
 0.596457
 -0.0622878
 -0.461948
 -1.74668
 -0.43835
 -1.78411
 -0.709458
 -1.61227
 0.565269
 0.827682
 -0.264015
 -0.780568
 -4.10807
 0.314942
 -1.20036
 0.582542
 -0.726101
 -1.40938
 -3.04107
 -0.382293
 -3.74324
 1.89599
 -2.64359
 -1.48284
 -2.41677
 -0.100516
 -0.898204
 -1.25984
 -0.139803
 -1.19526
 -0.79795
 -0.519234
 -1.78325
 -0.738035
 0.938583
 -1.5179
 0.00872274
 0.792249
 -0.39884
 0.663496
 0.334731
 0.0469433
 -0.57719
 0.782652
 1.00765
 1.07105
 -2.59623
 0.80473
 0.899869
 -1.73617
 0.65073
 0.2802
 -1.18855
 -0.680567
 -2.85219
 -0.724465
 -4.09829
 0.97644
 -2.97813
 1.13524
 -1.42149
 1.3217
 1.89541
 0.824222
 0.766186
 -0.348451
 -0.0789177
 -2.11646
 -0.674583
 -2.33907
 -1.77764
 -0.69749
 -1.70274
 0.624751
 0.642688
 -0.973952
 0.538449
 1.0135
 -0.906355
 -0.823108
 -0.197998
 -0.624412
 -0.502864
 -3.90722
 0.202107
 -1.21937
 -1.41691
 0.580913
 0.423898
 0.485852
 -0.251531
 0.0575226
 0.969196
 0.879439
 -0.743928
 0.408843
 -0.296687
 -0.829611
 1.38453
 1.85502
 1.4455
 -0.312963
 0.543876
 0.265974
 0.0851451
 1.21698
 -0.454249
 -0.13435
 -0.62525
 0.354842
 -1.16303
 0.116881
 -0.646706
 3.22278
 -0.699745
 0.992416
 0.445308
 1.57007
 1.4124
 -0.559801
 2.0219
 -0.786077
 -0.420817
 0.677404
 -3.19735
 -0.836184
 -0.497027
 0.488647
 -1.03177
 0.235111
 -1.31017
 0.0882443
 -0.217947
 0.414295
 -0.940441
 -0.0960196
 -1.24253
 -2.83559
 -0.994639
 -0.865745
 -0.3429
 0.323504
 -1.35488
 -0.980737
 -1.87211
 -0.810606
 -3.54445
 -4.19889
 -0.185368
 0.0921566
 0.662025
 0.28351
 -0.106697
 -1.61147
 0.140213
 -0.397352
 0.820518
 0.448307
 0.560693
 1.32249
 1.54159
 -1.24488
 3.76692
 -0.793068
 -0.865691
 1.31532
 -0.774186
 -1.25901
 -0.00160107
 -0.0504572
 -1.43503
 -0.436671
 -0.63461
 1.47601
 -0.325937
 -0.701507
 3.1046
 0.448256
 3.28855
 1.90748
 1.29461
 -0.314507
 0.280739
 -1.43345
 -1.91346
 -0.482451
 1.01588
 1.25686
 0.0592351
 0.439525
 0.308787
 1.06437
 -0.755807
 -1.59368
 -2.38591
 -0.957968
 -2.75252
 -1.40351
 -2.05513
 -0.805081
 -1.54575
 -2.00912
 -1.11559
 -0.690244
 -0.0107541
 -0.652493
 -1.72198
 -2.51096
 1.58813
 -1.8351
 -1.94839
 -1.86669
 -0.991261
 -1.34699
 -2.85983
 -1.94843
 -3.77547
 -1.14034
 -2.12979
 -0.899379
 0.0648155
 -0.476693
 0.75124
 -1.09953
 -0.106292
 0.827972
 0.745772
 1.4032
 -0.437189
 -0.024404
 2.07876
 -1.68642
 3.28504
 1.06484
 4.15884
 -1.02797
 -0.588122
 0.665364
 0.295918
 0.703273
 2.8228
 1.45142
 -0.54283
 2.59354
 0.378164
 2.65696
 -0.0164729
 1.77662
 0.10733
 0.498172
 -0.889652
 1.06248
 1.71474
 1.92209
 0.315712
 -1.61289
 0.134701
 0.60786
 0.867998
 0.0451185
 2.52581
 0.496396
 4.03372
 1.97928
 3.44011
 2.15654
 0.809747
 0.356489
 0.988453
 1.18954
 1.49933
 0.147388
 -0.266675
 -0.37596
 -1.90397
 -2.02712
 -1.38853
 -4.90455
 -2.82209
 -0.334998
 -4.20122
 -1.86229
 -1.47071
 -1.20489
 -0.988717
 -0.109565
 1.33747
 1.50067
 0.0944365
 0.191664
 1.71132
 -0.245092
 0.270708
 -1.19571
 0.193332
 -0.404408
 -0.306642
 0.289531
 0.0625925
 -1.25304
 0.853669
 3.19031
 0.0892113
 1.38712
 0.312232
 -1.43648
 0.211176
 -1.92906
 0.824776
 -1.43164
 -0.623287
 1.75191
 1.72629
 1.89403
 3.19089
 0.742833
 0.611823
 -0.57343
 1.90036
 2.98374
 0.952409
 0.495041
 0.921218
 1.44467
 -1.32352
 -1.08287
 -0.21157
 -0.944313
 -0.77703
 -0.126722
 -0.346414
 0.991032
 0.119598
 0.238906
 0.955418
 0.357716
 1.52032
 5.09158
 0.51507
 1.49392
 -1.48886
 1.71641
 -0.208616
 1.02763
 2.60722
 1.75045
 1.58896
 -0.117483
 0.260768
 0.175461
 1.73961
 -0.871152
 0.944047
 0.608745
 1.01518
 1.48086
 -1.34692
 3.16508
 -1.11751
 2.6554
 -0.655596
 1.00431
 -1.92835
 2.91578
 0.982951
 3.32544
 0.765613
 1.64985
 0.158544
 -0.455736
 -0.400468
 0.084596
 -0.741298
 -0.146926
 1.22911
 0.213363
 0.582994
 1.18328
 2.32926
 1.10669
 0.317318
 0.206859
 -1.03567
 0.542281
 -2.1668
 1.38854
 -0.534493
 0.549781
 1.31915
 -0.584133
 -0.088
 -1.30796
 -0.0462727
 -0.932502
 2.39177
 -2.2219
 0.919994
 -2.9161
 2.28531
 0.69516
 1.25034
 0.503618
 -0.341424
 -0.912225
 -0.712322
 -1.73629
 -0.0452301
 1.16411
 0.0647349
 2.18919
 1.61033
 -0.136687
 -0.0030101
 -2.28113
 -1.49917
 -4.15283
 0.20745
 -1.68533
 -0.734802
 0.597013
 -1.29908
 0.354781
 -0.770002
 -0.294793
 -0.236584
 0.456802
 1.20922
 0.741139
 2.00445
 -1.80883
 -0.215802
 -0.563842
 1.61632
 -2.82223
 -0.87889
 -1.44182
 -1.33148
 -0.645454
 -4.14655
 -1.87614
 -2.07516
 -2.44089
 -0.678047
 -0.402431
 -0.521379
 0.0876813
 -0.518478
 2.74665
 -1.92652
 2.11424
 -0.809233
 -0.819492
 0.722046
 0.546509
 0.0073395
 1.51124
 0.594663
 0.827446
 1.43544
 1.05588
 -0.236656
 -1.48146
 1.26926
 1.72436
 0.472334
 1.4615
 0.0264534
 1.31235
 -0.037727
 0.966803
 0.856974
 2.47714
 0.57378
 -2.54523
 -0.724656
 -0.700593
 -0.157393
 0.65762
 -0.954256
 0.0632075
 -0.854912
 1.64406
 -0.26518
 0.720221
 -0.805749
 0.208926
 -1.28022
 0.019995
 -0.991782
 0.593595
 -0.512115
 0.578844
 -2.18431
 -0.9464
 -1.13041
 -2.09675
 0.281372
 -2.61099
 0.136017
 -1.00793
 1.59404
 1.02492
 1.00241
 -2.7384
 0.0517991
 -1.50376
 -1.14651
 -0.397667
 -4.2188
 -1.49808
 -4.96817
 -0.377741
 -0.422576
 -1.22852
 -0.0984478
 -1.30735
 0.798666
 -0.147697
 -3.1448
 -1.72558
 -0.762899
 -1.30858
 0.0267602
 1.03526
 1.68056
 1.84364
 -1.1339
 -0.58994
 1.09883
 -2.05172
 -0.435347
 -1.90366
 -0.147962
 0.309664
 -2.49141
 -0.643656
 -0.338772
 -3.17431
 -0.157715
 -1.52777
 1.12872
 1.46646
 -0.276872
 0.599382
 -0.260701
 0.134859
 -3.65617
 0.720693
 -0.739221
 0.508729
 -0.976771
 -0.230484
 -1.65191
 0.196089
 -3.78156
 -0.700491
 -2.27658
 -0.739872
 -0.514291
 0.752947
 -1.52806
 1.14209
 0.5265
 -1.03036
 0.0626912
 -0.02746
 -0.457741
 0.400216
 0.191273
 1.31486
 -0.118592
 -0.97612
 -0.731085
 0.66367
 -0.0321254
 0.561331
 -1.04219
 0.35893
 1.40499
 -0.136188
 1.02295
 -0.925267
 -1.31679
 -0.501336
 -1.39071
 -0.94866
 -1.54819
 -2.79235
 0.0760192
 -1.80341
 -0.391749
 -0.654803
 -1.3428
 0.0152502
 -0.279937
 0.736328
 -0.894032
 0.00989716
 -1.03573
 0.0165681
 -0.196812
 -0.826347
 0.345103
 0.325289
 3.9176
 -0.830304
 0.677542
 -0.10454
 -0.852234
 -2.25997
 -0.88279
 -2.5215
 -1.97799
 -1.6476
 -2.43856
 -2.96442
 -4.65551
 -2.07685
 -4.55422
 -1.299
 -0.357803
 -0.471758
 -1.84226
 -2.04503
 -3.49719
 -0.727033
 -1.34013
 1.94396
 -0.422873
 3.04732
 0.4285
 4.27394
 1.7516
 2.9142
 1.97317
 1.4704
 1.37254
 2.61966
 -1.29176
 2.12292
 -0.0414635
 0.790052
 -3.41484
 -1.84311
 -1.14679
 -4.66408
 -2.97972
 -3.46486
 -1.7036
 -3.84364
 -4.37338
 -2.81308
 -2.46737
 -1.84463
 -2.35737
 -1.26055
 -1.21511
 1.93252
 -0.752491
 1.23473
 1.28795
 -0.00232083
 -1.31608
 -1.93449
 -0.979036
 -0.962265
 2.59217
 1.68544
 1.96843
 1.86733
 -1.24775
 -0.135709
 -2.05218
 -1.78955
 -2.27164
 -2.30172
 -1.76609
 -3.70526
 -1.0948
 -1.88556
 -0.233743
 0.565082
 0.283978
 -0.680206
 0.384719
 1.96618
 0.508844
 1.20993
 -1.03239
 1.37933
 -1.34562
 0.75117
 0.425813
 1.63004
 -0.773688
 1.5176
 1.49038
 1.3064
 2.33529
 1.51086
 2.19325
 1.23534
 3.11756
 0.204843
 2.06354
 1.90407
 2.73732
 2.01448
 1.26957
 0.912713
 2.42796
 1.43339
 1.93906
 2.74617
 2.61383
 2.22918
 2.56316
 4.66111
 5.31632
 4.92543
 4.66522
 2.74083
 3.86618
 1.27652
 2.46121
 1.80989
 0.754811
 0.918451
 1.11812
 0.00309941
 1.07605
 -0.30517
 1.07157
 1.29368
 -1.05644
 1.60597
 -1.78694
 2.64476
 -0.209829
 -0.822519
 0.293393
 0.62731
 1.31895
 0.916491
 -1.33699
 -0.216381
 -0.917307
 -0.489234
 -0.628519
 0.543068
 -0.22047
 0.782682
 1.20535
 1.75525
 1.21086
 -0.21182
 0.951559
 0.590398
 1.00192
 0.766907
 2.24865
 -1.70424
 2.84317
 1.44349
 2.02517
 0.830363
 0.97623
 0.862097
 -0.853186
 0.25975
 0.871219
 2.53386
 -0.0018101
 4.1952
 -0.917
 2.42321
 2.67206
 1.06561
 1.73195
 -0.00645105
 0.560782
 6.61732e-07
 0.566412
 -0.434001
 0.488972
 0.717079
 -3.249
 -1.12654
 0.0376049
 -1.01362
 0.223192
 -2.64759
 0.789919
 0.593992
 -1.25462
 -0.288699
 -4.14951
 -3.4069
 -1.61767
 -2.84257
 -3.60641
 -1.96361
 0.148919
 0.198004
 0.354356
 -1.837
 -0.370732
 -1.65561
 0.855869
 -0.557249
 0.657635
 -0.00738388
 0.336519
 -1.5553
 -0.164958
 0.89157
 2.55882
 1.29816
 0.511666
 4.42042
 1.88783
 4.95485
 1.25287
 2.31441
 -0.361278
 1.3909
 0.633158
 2.80825
 -1.15698
 1.10205
 -0.232635
 0.853242
 -1.66718
 -1.1871
 -2.38383
 -0.574253
 0.608205
 1.35244
 0.995696
 0.83887
 1.50297
 0.0592451
 0.550333
 1.48511
 -1.10724
 -1.00161
 0.235476
 -0.52745
 0.306573
 1.72516
 0.938404
 -1.25014
 2.15605
 -0.18026
 4.28015
 -0.963553
 0.469253
 0.317442
 1.1141
 -1.23039
 0.978789
 -0.205256
 1.12612
 0.426031
 0.382726
 -2.3025
 -1.51727
 -0.933761
 -1.89861
 1.04922
 0.939938
 0.482944
 -0.0986588
 0.547791
 2.14032
 0.317308
 2.07321
 0.62724
 0.441342
 -1.14533
 -0.484523
 -0.135234
 1.39696
 0.872014
 1.6936
 -0.371489
 1.25111
 0.505385
 3.72465
 1.44678
 1.97529
 1.3378
 0.563534
 -0.217542
 -0.885599
 3.89045
 1.28714
 0.904073
 0.712097
 1.41751
 -0.33993
 0.87336
 -0.243625
 0.460951
 -0.338662
 0.809048
 -0.166749
 -1.29448
 -0.0542618
 -1.53939
 -0.0580069
 -1.09492
 1.80417
 1.15947
 2.03093
 0.781824
 2.42053
 1.37839
 -0.996171
 0.879433
 -0.485237
 -3.78986
 1.0987
 -3.16834
 -0.282656
 -1.53803
 -4.09457
 -2.61159
 -1.4314
 -0.117094
 -0.376967
 0.219755
 0.360638
 -1.15453
 -1.86897
 -3.19865
 -1.69511
 -2.09727
 -2.77304
 -0.534854
 -1.53782
 -1.26312
 -2.46507
 0.479569
 1.08849
 0.366511
 -0.228893
 -0.0790963
 1.93588
 -1.06414
 3.78412
 2.19015
 4.27254
 2.17226
 1.84825
 2.67159
 0.236224
 1.49134
 -0.545128
 1.84873
 -1.67942
 -0.719646
 -0.907128
 0.347862
 -0.103325
 1.66189
 2.43035
 3.48976
 3.71776
 1.29779
 1.90432
 1.54852
 -2.47339
 2.367
 -2.27849
 -0.686909
 -4.45149
 -2.28852
 -3.18436
 -0.395407
 0.868316
 0.673461
 -0.849478
 1.1642
 3.39934
 -1.52739
 1.42856
 -2.62651
 0.0586094
 -2.40583
 0.0575712
 -3.01641
 -1.2982
 -2.22695
 1.75601
 0.737589
 1.36754
 -2.0686
 -2.59416
 -3.24379
 -3.65892
 -3.80442
 -3.83656
 -2.68035
 -2.12868
 -1.39191
 -0.640566
 -0.0321982
 1.24844
 1.61749
 2.35568
 1.46938
 1.1586
 -0.594343
 0.14073
 -1.63293
 -0.963708
 -0.391474
 0.966133
 0.164603
 1.41495
 -0.851622
 2.24869
 0.614405
 0.559573
 1.10165
 -0.494444
 1.39927
 1.38478
 -0.145781
 -0.582433
 0.473678
 -0.726779
 0.502398
 -0.221631
 -1.39651
 -1.0654
 -0.642524
 -1.73067
 -3.76349
 -0.250373
 -2.55343
 0.685427
 -1.14704
 0.162601
 -2.1093
 1.25649
 -0.483285
 -0.3635
 -2.96654
 1.25798
 -2.83276
 0.445603
 -1.26498
 -1.53805
 0.0977238
 -0.858283
 1.50129
 1.52697
 0.950241
 1.41362
 -1.31944
 -0.090302
 -0.653308
 0.96851
 1.51621
 1.74502
 -0.748703
 0.686017
 0.979253
 -1.56077
 -0.185579
 -1.62779
 0.104622
 -0.848089
 -0.416221
 -2.51123
 -0.916746
 -1.02311
 3.61217
 1.24284
 1.45797
 -0.355326
 1.18473
 1.56679
 4.36975
 0.874297
 4.30084
 1.79748
 4.02087
 0.257368
 1.34181
 -0.915608
 -0.867807
 -3.66632
 -1.43172
 -2.12596
 0.647221
 -1.05622
 2.06501
 1.32553
 1.60795
 0.778284
 0.8917
 0.0917984
 0.543463
 -0.858322
 1.40134
 -0.10696
 0.809778
