 -0.127554
 0.501576
 -1.63348
 0.333581
 0.413061
 0.41891
 -0.941786
 1.98087
 -0.49212
 0.258272
 0.3011
 0.706572
 -1.37709
 0.611055
 -1.54102
 -0.165917
 1.50051
 -1.47411
 0.463381
 0.145224
 -0.498928
 -0.0773597
 0.726155
 0.202892
 0.340165
 0.741048
 -1.39791
 -0.59038
 1.39964
 -0.939897
 -0.048446
 -0.543689
 -0.544071
 0.610709
 -0.0191719
 -0.0974151
 0.858755
 -0.813732
 -0.319199
 0.298314
 -0.815982
 0.583277
 -0.292146
 0.552649
 -0.2046
 1.22872
 0.794504
 -1.0442
 -0.0302811
 -1.08236
 2.39724
 -1.28644
 1.62956
 -1.79555
 0.416986
 0.189439
 -0.114028
 -0.113128
 -0.183235
 0.795104
 -0.0711082
 0.50859
 -1.6363
 0.667013
 -1.0173
 0.119126
 -0.403201
 0.3793
 0.634271
 -1.03117
 1.26077
 0.274415
 -0.565123
 0.831326
 0.376145
 0.548118
 -1.15611
 1.14812
 -0.741488
 -0.679283
 0.877537
 0.2121
 -0.133543
 -0.46573
 1.29956
 -0.960693
 0.407786
 -0.311671
 0.578216
 -0.891275
 0.297344
 -0.986318
 0.295624
 -0.171344
 0.517331
 -1.06236
 -0.514215
 1.45957
 -1.11056
 1.11532
 -1.67029
 1.54337
 -0.786021
 1.06599
 -0.819651
 1.2845
 -0.952895
 -1.12951
 0.724608
 -0.397097
 -0.0373534
 0.583309
 -0.0986398
 0.468045
 -0.767155
 0.032005
 0.0314896
 -0.419915
 0.345196
 0.751881
 -0.397917
 0.705312
 -0.30114
 0.107213
 0.608133
 -1.18489
 -0.411575
 1.36159
 0.564636
 -0.0985208
 -0.265806
 -0.264639
 -0.35411
 -0.0377138
 -0.0286735
 -1.04589
 -0.167257
 0.382599
 0.505629
 -0.169917
 -0.0526512
 0.182905
 -0.934705
 -0.150739
 -0.490258
 1.32694
 0.250292
 0.82314
 -1.46684
 0.841884
 -0.592379
 0.412996
 -1.47224
 0.683343
 0.782429
 0.778901
 -0.0409285
 -0.595202
 0.0947065
 -1.17419
 1.19121
 -0.543478
 0.892224
 -0.562364
 0.685327
 -0.798206
 0.344714
 -0.541622
 -0.0407982
 0.57746
 -0.0602114
 1.27239
 -0.618559
 -0.209354
 -1.15394
 0.171469
 0.305222
 -0.217472
 0.276261
 -0.195073
 -0.331294
 0.390477
 -0.700424
 1.32303
 -1.58765
 2.15575
 -0.523817
 0.417539
 -0.451917
 -0.179672
 -0.332557
 0.0427141
 0.168983
 0.166557
 -1.4959
 -0.00669214
 0.616806
 0.864731
 -0.29978
 -0.219704
 -0.637379
