 0.0035533
 0.0732472
 0.00543924
 -0.0218555
 -0.0933752
 -0.0406362
 -0.133774
 0.0231568
 0.0753347
 -0.0433294
 -0.0228131
 -0.132633
 0.095024
 0.120262
 0.0738613
 -0.1409
 -0.0691767
 -0.0536399
 -0.183333
 -0.0530733
 0.036437
 -0.0363371
 0.102858
 0.063111
 0.209202
 -0.0550302
 0.165649
 -0.108342
 0.0508885
 -0.0235459
 -0.120597
 0.0920677
 0.0367485
 -0.0812187
 0.0473417
 6.42544e-05
 0.0139555
 0.0729249
 -0.0531156
 -0.0664056
 -0.156948
 -0.0525967
 0.0688028
 0.039522
 0.0314282
 0.0782267
 0.142167
 -0.0339824
 0.0380128
 -0.084363
 0.0285887
 0.0826362
 0.0752328
 -0.000741897
 0.0843984
 0.0593096
 0.0461337
 0.0103992
 -0.0102103
 0.15559
 0.00831004
 -0.17058
 -0.17519
 -0.119546
 -0.19441
 0.0928635
 -0.0300316
 -0.00641397
 0.00770292
 -0.0593547
 0.169458
 -0.0125222
 -0.0275001
 -0.0801487
 -0.0406763
 -0.0570667
 -0.0140971
 0.164964
 0.17177
 0.0534856
 -0.0208032
 0.0570362
 -0.10588
 -0.147703
 0.0450995
 0.00932981
 -0.167918
 -0.0866917
 0.0410603
 0.219178
 0.0976034
 -0.000630773
 -0.0721055
 0.00173456
 0.140183
 -0.12385
 -0.0810458
 -0.0395219
 -0.122427
 0.0543228
 0.0209206
 -0.0280663
 -0.0233191
 0.0140601
 -0.159024
 0.0165911
 0.13349
 0.118625
 0.0352058
 -0.0269726
 -0.0333181
 0.00679473
 -0.0897815
 -0.0897446
 0.0182171
 0.0861535
 -0.0268547
 -0.0138289
 -0.0756009
 -0.0680796
 0.0117693
 -0.0289536
 -0.137445
 -0.174509
 0.0833219
 -0.0799058
 0.0651972
 0.0513047
 -0.126097
 0.0817067
 0.0327543
 0.0758663
 -0.00516168
 -0.0659498
 0.0527522
 -0.0265801
 0.0881684
 0.0343848
 0.261166
 0.0424982
 -0.0686659
 0.120475
 0.0412601
 -0.0588996
 -0.00129097
 0.0271374
 0.0841959
 0.00294709
 -0.0712074
 0.158739
 0.0618975
 -0.000624778
 -0.0696358
 0.0403997
 0.0284762
 0.0865878
 0.0123287
 -0.059706
 -0.0296489
 0.0196941
 -7.13813e-05
 -0.144953
 0.0609096
 0.148776
 0.12931
 0.0427697
 0.295326
 0.0294295
 -0.177675
 -0.0778465
 0.0404361
 -0.109762
 -0.139272
 0.0121677
 0.0429131
 -0.173739
 0.0918801
 0.0974484
 -0.162097
 0.0091696
 -0.0413767
 -0.158431
 -0.0290588
 0.0737693
 -0.0173412
 0.122556
 0.0154925
 -0.0415237
 -0.174705
 0.0108844
 -0.0224055
 -0.178767
 -0.0303836
 -0.108486
 0.00774668
 0.0162465
 -0.0142388
 -0.0123316
 0.0937501
 0.0512808
 -0.0508391
 -0.161363
 0.0666674
