 -0.131108
 0.249752
 -1.11529
 -1.42056
 -0.758767
 -0.36883
 -1.08729
 0.382561
 0.683812
 0.796322
 1.34451
 2.31428
 1.03446
 1.1207
 -0.0332158
 -0.690347
 0.688394
 -0.346992
 -0.433125
 -0.127539
 -0.752664
 -0.957871
 -0.387857
 0.10235
 0.348398
 1.54777
 0.274894
 -0.541993
 0.565701
 0.172021
 -0.258407
 -0.945712
 -1.70172
 -1.2204
 -1.19308
 -1.33992
 -0.517459
 -1.0403
 -1.56551
 -1.29899
 -1.94518
 -1.8446
 -2.02099
 -1.63559
 -1.59254
 -0.512425
 0.754908
 0.206844
 -0.189148
 -1.01982
 0.797822
 0.396355
 1.40057
 0.513451
 0.0887499
 0.613865
 0.481131
 0.345996
 0.150998
 0.702043
 1.08246
 1.71628
 0.354926
 0.338116
 -0.273488
 -0.98017
 -1.21193
 -1.11881
 -0.385668
 -1.15576
 -0.528185
 0.499989
 -0.00977125
 0.73954
 1.48188
 2.1769
 1.27022
 1.85103
 1.65389
 0.726644
 1.48674
 1.93786
 1.96706
 1.53499
 2.49929
 2.10276
 2.26122
 2.14025
 2.42438
 1.60622
 1.64744
 0.925517
 0.832574
 0.702617
 0.912819
 0.300912
 -0.70844
 0.541963
 0.0109166
 0.410228
 -0.682089
 0.180317
 0.087511
 0.674995
 0.545801
 1.29371
 0.827758
 -0.704985
 -0.238783
 -0.324159
 -0.647107
 -0.112941
 0.0815643
 0.488004
 -0.15262
 -0.48164
 -0.270649
 -0.740864
 -0.523597
 0.351123
 0.128258
 0.72672
 0.897182
 0.921703
 1.38577
 0.61269
 -0.404559
 0.873799
 2.07574
 1.91174
 1.74987
 1.43946
 1.1025
 0.978344
 0.786623
 -0.241447
 -0.970601
 -0.618384
 -0.299717
 -0.122051
 -0.129913
 -0.10585
 -0.879491
 -1.30487
 -1.89521
 -0.87735
 -0.21069
 0.716114
 -0.253468
 -0.156314
 -0.196808
 -0.0457797
 -1.24339
 -1.29801
 -0.208531
 0.688898
 1.03396
 0.572746
 0.516369
 -0.614845
 0.0941491
 0.165354
 0.513566
 0.278966
 0.733836
 0.373035
 0.128042
 0.0497996
 -0.0505644
 0.420208
 0.423266
 1.79297
 1.75622
 1.16366
 0.0302948
 -0.0374844
 0.05261
 -0.172784
 0.230959
 -0.0168912
 -0.393423
 0.000339519
 -0.683399
 0.21844
 -0.728937
 0.591785
 1.1396
 1.297
 1.30704
 0.789507
 0.474374
 0.523237
 0.534359
 0.800075
 -0.764434
 -1.37059
 -0.705617
 0.264517
 0.134172
 -0.136482
 -0.659902
