 -0.401838
 -0.698756
 -0.13079
 -1.34596
 0.545415
 -0.391226
 -0.744114
 1.05285
 -0.528854
 0.36329
 -0.162203
 0.0165233
 -0.230121
 -0.000563079
 0.760464
 -0.0631209
 0.639549
 0.561174
 2.30513
 -0.42476
 1.18536
 0.0557446
 -0.126378
 -0.0530341
 0.951021
 1.52596
 0.682342
 0.88226
 -0.0486725
 0.57865
 0.2027
 -0.406708
 0.664102
 0.17405
 -0.993883
 0.576825
 0.272267
 2.221
 2.30797
 -0.327818
 1.38183
 0.61548
 0.215833
 0.11408
 1.57054
 0.163057
 -2.05986
 1.10517
 -0.992623
 0.23127
 -0.437204
 1.76954
 1.24296
 -1.6414
 1.96111
 -0.148245
 2.76521
 0.713767
 0.382283
 0.412704
 0.491506
 0.837755
 0.229447
 -1.3955
 -1.53986
 -1.47459
 0.210594
 -0.370641
 0.231103
 -1.58621
 2.23593
 -0.602633
 1.87596
 0.489085
 -0.631965
 0.0531983
 0.115086
 -0.879412
 0.341092
 0.832473
 -0.767939
 -1.28891
 -0.40085
 1.26722
 0.257388
 -0.596225
 -0.361354
 -0.976292
 0.11596
 0.425057
 0.897424
 -0.366872
 0.647598
 1.11271
 0.0629968
 1.253
 1.16793
 1.62898
 1.07329
 0.560134
 2.16032
 1.52155
 0.506408
 0.352134
 1.14079
 0.389634
 0.0193047
 -0.0502905
 0.177194
 -0.688332
 -0.457616
 1.25484
 -0.75827
 1.58281
 -1.20324
 1.23191
 0.583707
 1.069
 -0.599363
 -0.687148
 0.406615
 -1.41801
 -0.131391
 -0.94155
 -0.908794
 -0.259235
 -0.209202
 -0.114951
 0.361817
 -0.158804
 -0.990912
 -0.286819
 -0.766035
 -0.403735
 -1.67699
 0.739692
 0.0740588
 -1.78292
 0.422107
 -0.621646
 -0.660177
 -1.61587
 -0.39321
 1.16736
 -1.74018
 1.09936
 -0.29282
 -0.26723
 -0.276851
 -0.252568
 2.06443
 0.0712498
 0.847004
 1.046
 1.01274
 0.830012
 -0.525435
 0.438781
 -1.18586
 -0.0174499
 0.255716
 -0.55627
 0.452351
 0.0466278
 0.984393
 -0.856341
 -1.05421
 -0.181758
 0.832997
 -0.754109
 2.12414
 -0.948446
 1.10356
 -0.739979
 0.023711
 -0.296526
 0.602098
 -1.51258
 0.128025
 0.694124
 -0.721841
 -0.794566
 0.496259
 -0.392316
 -0.858579
 -0.373887
 0.0110061
 0.345512
 0.347687
 -0.985051
 0.787262
 -0.281558
 -0.738772
 -1.23517
 -0.812804
 -0.403793
 -0.679056
 -0.470696
 -1.87389
 0.290329
 -0.185999
