 -0.401838
 -0.899674
 -0.580628
 -1.63627
 -0.272721
 -0.527587
 -1.00791
 0.5489
 -0.254404
 0.236088
 -0.0441588
 -0.00555616
 -0.232899
 -0.117013
 0.701957
 0.287858
 0.783478
 0.952913
 2.78159
 0.966035
 1.66838
 0.889935
 0.318589
 0.10626
 1.00415
 2.02804
 1.69636
 1.73044
 0.816548
 0.986924
 0.696162
 -0.0586268
 0.634789
 0.491444
 -0.74816
 0.202745
 0.373639
 2.40782
 3.51188
 1.42812
 2.09589
 1.66343
 1.04755
 0.637853
 1.88947
 1.10779
 -1.50596
 0.352194
 -0.816526
 -0.176993
 -0.525701
 1.50669
 1.99631
 -0.64325
 1.63949
 0.671499
 3.10096
 2.26425
 1.51441
 1.16991
 1.07646
 1.37598
 0.917439
 -0.936782
 -2.00825
 -2.47871
 -1.02876
 -0.885022
 -0.211408
 -1.69191
 1.38997
 0.092354
 1.92214
 1.45016
 0.0931126
 0.0997546
 0.164963
 -0.79693
 -0.0573729
 0.803786
 -0.366045
 -1.47194
 -1.13682
 0.698808
 0.606792
 -0.29283
 -0.507769
 -1.23018
 -0.499128
 0.175493
 0.985171
 0.125713
 0.710455
 1.46794
 0.796966
 1.65148
 1.99367
 2.62581
 2.38619
 1.75323
 3.03694
 3.04002
 2.02642
 1.36534
 1.82346
 1.30137
 0.669988
 0.284703
 0.319546
 -0.528559
 -0.721895
 0.89389
 -0.311324
 1.42715
 -0.48967
 0.987071
 1.07724
 1.60762
 0.204449
 -0.584923
 0.114153
 -1.36094
 -0.81186
 -1.34748
 -1.58253
 -1.0505
 -0.734453
 -0.482178
 0.120728
 -0.0984399
 -1.04013
 -0.806885
 -1.16948
 -0.988473
 -2.17122
 -0.34592
 -0.0989011
 -1.83237
 -0.494076
 -0.868684
 -1.09452
 -2.16313
 -1.47477
 0.429977
 -1.52519
 0.336762
 -0.124439
 -0.32945
 -0.441576
 -0.473356
 1.82775
 0.985127
 1.33957
 1.71578
 1.87063
 1.76533
 0.357228
 0.617395
 -0.877158
 -0.456029
 0.0277012
 -0.542419
 0.181142
 0.137199
 1.05299
 -0.329845
 -1.21914
 -0.791325
 0.437335
 -0.535442
 1.85642
 -0.020234
 1.09344
 -0.193257
 -0.0729174
 -0.332985
 0.435605
 -1.29478
 -0.519365
 0.434442
 -0.50462
 -1.04688
 -0.0271785
 -0.405905
 -1.06153
 -0.904653
 -0.44132
 0.124852
 0.410113
 -0.779995
 0.397265
 -0.0829254
 -0.780235
 -1.62528
 -1.62545
 -1.21652
 -1.28731
 -1.11435
 -2.43107
 -0.925204
 -0.648602
