 -1.20129
 -0.67077
 -0.168326
 0.610259
 0.862217
 1.48409
 1.75424
 1.06798
 1.51951
 -2.60554
 -0.837424
 -1.5539
 -0.409166
 -0.199298
 0.104715
 1.68265
 1.10747
 2.02486
 0.687627
 0.872572
 -0.436659
 -0.351239
 3.06094
 3.30496
 0.96894
 0.752518
 0.293467
 0.562348
 -1.43498
 0.663728
 -0.913085
 -2.75787
 -3.18976
 -2.161
 -0.0499963
 0.283933
 1.01408
 1.55967
 2.44605
 0.769315
 -1.12793
 0.337721
 0.907818
 -1.06307
 -0.996341
 0.11183
 1.93575
 0.608343
 1.09652
 -0.132199
 1.22752
 0.429714
 -0.767627
 0.187488
 -0.254308
 -0.16122
 0.884019
 1.10676
 1.36136
 -0.531518
 0.677671
 0.439997
 0.615186
 -0.397999
 -0.123429
 0.374648
 0.474492
 -0.478873
 0.498143
 -0.171412
 -0.811647
 0.440889
 1.62768
 0.251442
 0.592159
 -1.93384
 -0.565123
 -1.02551
 -0.651449
 -1.09979
 -0.176625
 -0.835698
 -0.350336
 -0.489018
 0.531081
 -0.918318
 0.238881
 -0.15205
 -0.863069
 -1.00399
 -1.4499
 -1.46876
 -2.05988
 -1.82924
 -3.22888
 -0.508931
 -0.274801
 -0.929291
 0.0465061
 -0.586454
 -0.352806
 -0.345827
 -0.413198
 -0.138159
 -0.0368453
 0.777993
 -0.112062
 0.346887
 -1.13388
 -0.410444
 0.220337
 0.384278
 -1.4808
 -2.24972
 0.211559
 -0.547981
 -0.699021
 0.0682743
 0.111939
 0.696044
 -0.102036
 0.989172
 1.12315
 0.575849
 -0.803753
 0.442884
 1.75291
 1.27838
 -0.339019
 0.472009
 -0.195189
 0.23251
 1.15068
 0.578374
 0.387383
 -0.04281
 1.52316
 1.96938
 1.64611
 2.39089
 1.71008
 1.65637
 0.140126
 1.09863
 0.429985
 0.204568
 -0.413437
 -0.404246
 -0.367732
 -0.719725
 -0.281334
 0.304827
 -2.73377
 -1.55149
 -1.28746
 -3.17287
 -1.48058
 -1.11598
 -2.37891
 -1.26409
 -1.13604
 -0.184391
 0.574942
 0.901745
 1.2849
 -0.0997814
 0.015308
 0.56175
 0.286653
 -0.314934
 0.831665
 1.0888
 -0.138414
 1.05646
 -0.398259
 0.623277
 0.666352
 -1.32963
 0.438549
 -2.21118
 -0.769058
 -1.11056
 -0.824164
 -1.22087
 -1.37647
 -0.146832
 -1.11497
 0.0203259
 1.39404
 1.83327
 1.60971
 1.09962
 2.92921
 1.2442
 2.21052
 1.07458
 1.28266
 1.25873
 -0.402124
 -0.078601
 0.178908
 0.373877
 1.38083
 0.0150819
 0.66497
 2.78679
 -0.0381885
 1.92873
 -0.809345
 0.341544
 0.837584
 -0.77771
 -0.125431
 0.300756
 -0.685672
 2.70175
 1.27507
 0.319138
 -0.679694
 0.245526
 0.500169
 0.412839
 0.372967
 -0.358764
 -0.546575
 -0.415059
 0.435992
 -0.565062
 0.593663
 0.419298
 -0.43419
 -0.931719
 -0.938347
 -1.80003
 -0.220788
 -1.59436
 -1.41643
 -0.438396
 -1.43646
 -2.53734
 -0.0722056
 -0.334958
 0.407606
 1.39081
 1.31736
 -0.142903
 1.45636
 2.74231
 1.46559
 2.84102
 1.89728
 1.00297
 1.35197
 1.81326
 2.56733
 1.19451
 1.10029
 1.0892
 1.1225
 0.0818564
 1.82797
 0.419829
 0.285766
 0.0825121
 1.24824
 -0.468162
 -0.066555
 -2.05719
 -0.913357
 -0.970146
 -0.953797
 -0.207031
 -1.65912
 -1.38014
 -3.04703
 -1.57979
 -1.95112
 -1.99746
 -1.86246
 -1.65632
 -1.13893
 -0.711283
 -0.431228
 -0.606234
 -0.868642
 2.73849
 0.329249
 2.63128
 0.967779
 1.51901
 0.771009
 1.21267
 0.2148
 -0.153669
 0.339604
 0.574814
 1.18682
 1.16646
 0.499123
 1.58713
 0.200624
 -0.895509
 0.28304
 1.57916
 1.30797
 -1.49187
 0.349164
 -1.16226
 -0.094886
 0.198897
 0.780547
 1.70284
 0.799601
 0.55989
 -0.309904
 -0.240511
 0.747613
 2.29588
 0.209726
 -0.395614
 0.340367
 0.674882
 0.314965
 0.840797
 -0.448505
 0.264556
 0.379603
 -0.423846
 -0.108936
 0.829554
 0.929497
 -0.304843
 -0.535706
 0.906401
 -2.50961
 -0.171311
 -0.550805
 -0.848907
 -0.496429
 -1.95922
 -0.502494
 -0.744325
 -0.0436729
 0.330431
 0.815263
 -0.114518
 0.485824
 1.48953
 1.76326
 0.48157
 -0.026496
 -0.57729
 -0.903626
 -0.335533
 -1.07939
 0.568505
 -0.859357
 1.0079
 -0.58278
 0.893026
 0.934271
 1.95935
 0.804677
 1.40623
 0.62013
 -2.73396
 -0.543822
 -0.448108
 -0.818226
 -0.583618
 -0.282901
 -1.70111
 -0.291013
 -1.55006
 -1.45989
 -0.909686
 -1.37505
 -0.998019
 0.076441
 -0.10245
 0.645374
 0.685748
 0.599449
 1.35638
 -0.112195
 -1.05855
 -0.871466
 0.0597191
 0.16674
 0.259048
 -0.681193
 0.247643
 -1.07554
 -1.3014
 -0.640568
 -1.23706
 -0.232206
 -0.0085198
 0.372332
 -0.226034
 -0.249836
 -0.964609
 -2.93015
 -2.46603
 -1.09721
 0.106025
 -0.725868
 -0.808633
 -0.535035
 -0.119545
 -2.29275
 0.199317
 -0.328825
 -1.21098
 -0.658935
 -1.76546
 -0.3488
 -1.06506
 -0.192925
 -1.27538
 -0.392759
 1.04082
 0.70395
 0.77561
 -0.701931
 -0.371733
 1.83281
 0.113564
 -1.35715
 -1.43513
 -1.65399
 -1.77431
 -2.99426
 -1.09126
 -1.56621
 -1.33858
 -1.25701
 -0.169463
 -1.27127
 -0.448964
 -1.00937
 -0.836828
 -1.32965
 -0.567545
 -1.67581
 -3.13026
 -1.6824
 -2.72285
 -1.945
 -1.80437
 -1.47226
 0.176555
 0.790677
 -0.267665
 0.6469
 0.644996
 0.204873
 -0.0216275
 -0.769746
 -0.63504
 -1.20926
 0.159031
 0.235769
 -0.381293
 0.253425
 0.217423
 0.751627
 0.781
 -0.561146
 0.086309
 0.0733786
 -1.30528
 -0.874112
 -0.444232
 -2.93542
 -1.342
 -1.07441
 -0.406898
 1.88605
 -0.158394
 0.984291
 0.066369
 0.68561
 0.437444
 -0.18053
 0.934895
 -0.471587
 -2.86359
 -1.47661
 -0.307123
 -0.923466
 0.178992
 0.660038
 0.668341
 0.219697
 -0.266357
 -0.327823
 -1.90816
 1.32618
 -2.75389
 1.73165
 -0.116397
 -1.59862
 -2.09435
 -1.6525
 -3.16566
 1.00911
 -3.03015
 0.340776
 -2.16269
 0.00136579
 1.64809
 0.544404
 0.34469
 0.861194
 1.56314
 -1.55594
 -0.920343
 -0.454779
 2.09686
 0.912624
 1.33271
 0.990209
 -0.0197925
 1.3292
 0.834621
 1.75909
 0.067523
 0.432745
 0.0614897
 -2.77208
 -1.72866
 -1.17475
 0.0577903
 0.656621
 0.315777
 0.123879
 -1.45302
 0.0511637
 0.308116
 1.17297
 0.199721
 -0.253659
 -0.6403
 -0.714564
 -0.726334
 -1.63318
 -0.583858
 2.57833
 0.804159
 0.451786
 -0.46321
 -0.632784
 0.00974162
 0.716215
 1.16936
 0.929118
 1.38138
 0.358566
 0.332595
 -0.223532
 0.628149
 2.47466
 -0.183983
 0.624274
 0.536573
 0.725626
 2.4269
 0.651714
 1.07557
 0.557465
 2.02759
 0.418783
 0.519518
 0.35696
 2.57936
 1.50054
 0.499693
 3.24448
 -0.567471
 2.0017
 0.0467006
 1.18653
 -0.2903
 0.494188
 -1.67868
 0.330448
 0.366685
 0.306854
 0.0299139
 -0.858182
 -0.830398
 0.411178
 -0.117444
 0.70318
 0.769039
 0.617845
 -0.00468026
 -0.419869
 -1.39121
 1.92542
 0.751543
 -0.161326
 1.32337
 -0.286753
 0.912656
 -1.57205
 -2.26744
 -2.43711
 -2.00733
 1.35429
 -2.4497
 -0.259472
 1.22693
 -0.262106
 0.280794
 1.94864
 2.36002
 2.26631
 1.56966
 1.51721
 0.31164
 0.139536
 -0.314256
 0.201365
 -2.35242
 -1.08762
 -2.26196
 -1.21571
 -0.261736
 -0.191476
 -1.30159
 0.32335
 -2.44637
 -0.0708261
 -0.313984
 -0.959517
 -0.316587
 -0.279449
 -0.780512
 -0.124151
 1.08771
 1.18642
 -1.36236
 -0.713866
 -0.650701
 -0.493301
 0.378683
 1.01069
 -1.72929
 -0.45998
 -0.998786
 -0.840349
 0.0492381
 0.536985
 1.51138
 -0.571034
 -0.13441
 0.438723
 -0.484995
 -1.23252
 -0.82887
 -2.54406
 0.0473046
 -1.28346
 -1.12999
 -0.104605
 -1.00096
 0.978457
 -0.513292
 -1.07799
 -1.84348
 0.0832435
 -0.0154758
 0.154598
 -0.60429
 -1.689
 -0.685227
 -2.89393
 0.13926
 0.325343
 -0.890285
 0.757881
 0.739138
 0.928867
 -0.807507
 -0.0684408
 0.636455
 0.856275
 1.08679
 -1.35007
 0.722697
 0.720114
 1.1342
 0.495286
 0.607216
 -0.57446
 -0.521645
 -0.0758589
 -0.0448882
 -2.57868
 1.94864
 -0.077621
 1.59894
 -1.84172
 -0.0746655
 -1.29675
 -0.449687
 -0.0639109
 0.415066
 0.570158
 -1.84197
 1.20172
 -1.95514
 0.543768
 1.01338
 0.247693
 0.529747
 -0.203577
 -0.292126
 -1.27992
 -0.370602
 -1.33921
 -0.274971
 0.446792
 -0.307825
 0.266917
 0.415395
 0.246286
 -0.226192
 0.420587
 1.31795
 -0.0773232
 -0.0240778
 0.715386
 0.135021
 -1.44136
 -1.27715
 0.447874
 0.773071
 0.480457
 0.40603
 -0.320883
 0.256165
 -0.0479226
 0.199444
 0.452435
 0.0170448
 0.540619
 -0.265107
 0.276867
 1.61765
 0.457924
 1.39428
 1.52979
 0.865611
 0.0676138
 1.90779
 -1.72597
 0.377711
 1.02044
 0.391631
 -0.615248
 -2.83787
 -0.685893
 -0.333297
 -0.446465
 -0.0454535
 1.6862
 0.311533
 2.36599
 2.81176
 1.26308
 3.43211
 1.89509
 3.28988
 0.826344
 1.14818
 0.879473
 -0.361428
 0.0162691
 -1.30632
 -3.23647
 -0.951782
 -2.51044
 -0.371987
 -0.336443
 -0.746737
 -0.655876
 0.633335
 -0.552103
 0.010404
 -0.382347
 2.23137
 -1.03149
 2.79153
 1.75298
 2.92401
 0.482884
 1.54055
 1.22508
 -1.62078
 0.794678
 -0.699503
 -0.588908
 -1.09536
 -0.69217
 -0.0706861
 -0.784115
 -1.53585
 0.170071
 -0.317201
 1.2138
 1.57018
 1.27223
 2.44785
 0.530556
 3.00849
 -1.19171
 3.11388
 -0.485705
 0.717855
 0.106266
 -0.221985
 0.088824
 -0.0866155
 -0.804906
 0.939754
 -0.17961
 1.35359
 0.369435
 0.891425
 1.6475
 -1.52837
 1.05547
 -0.915535
 1.08926
 -1.52115
 -0.729449
 -0.276819
 0.142751
 0.098987
 0.819302
 0.705224
 -0.436322
 1.19773
 -0.611051
 0.367911
 -0.791182
 0.284709
 0.808175
 -0.23281
 -0.0931117
 -2.73934
 -0.664083
 -2.73316
 -0.850593
 -2.95139
 -1.27088
 -2.07226
 -1.19553
 0.14263
 0.987279
 1.26787
 1.05951
 0.866095
 0.824723
 0.33706
 0.314211
 0.485962
 -0.262139
 0.00542417
 1.3983
 1.58312
 1.06291
 -0.446177
 0.446083
 -0.351218
 0.0749382
 -0.600686
 -0.472029
 0.352779
 0.758014
 -0.339616
 -0.695181
 -0.19703
 1.39382
 -1.10802
 0.713096
 -1.61938
 -0.667632
 -2.73272
 -0.888052
 -2.29094
 -3.00522
 -2.31271
 -3.32307
 -1.27201
 -2.70319
 -1.60973
 -2.71709
 -1.72513
 -2.13663
 -0.751837
 -1.58172
 -1.00394
 -2.66001
 -0.905458
 -0.966724
 1.44259
 -1.81822
 -0.274253
 -0.999484
 -1.75198
 -1.28501
 -1.66653
 -0.949997
 -1.75125
 -0.736391
 1.8734
 0.489606
 2.99743
 1.03263
 2.121
 0.778534
 -0.372917
 -0.209449
 -0.00555761
 1.88857
 0.4867
 0.522177
 1.19447
 -0.704519
 -0.403515
 -2.27508
 -1.04095
 -1.9548
 -0.18375
 -1.14444
 0.244048
 -0.665915
 -0.535599
 -1.71572
 0.0360516
 -0.611891
 0.163851
 2.48022
 2.60095
 0.964832
 1.01612
 1.08775
 -0.15016
 2.99119
 -0.708649
 0.48653
 0.0678702
 0.0932795
 -0.0991635
 -0.70953
 -0.391271
 0.683454
 -0.0857528
 0.353469
 -0.316913
 0.389991
 0.593625
 -0.653236
 -0.121528
 -1.19806
 -1.95269
 -0.391104
 -1.43034
 -0.434228
 -0.181706
 -0.499464
 0.364802
 3.09563
 1.66962
 1.38228
 -0.44904
 0.144768
 -1.39517
 -1.89638
 -1.78377
 -0.571814
 0.0423618
 0.511451
 -1.45239
 1.05773
 -0.644893
 0.59679
 1.3925
 1.20094
 0.212618
 0.398048
 0.613572
 0.543491
 -0.576071
