 -2.57864
 1.94865
 -0.0776786
 1.59891
 -1.84171
 -0.0746268
 -1.29678
 -0.4497
 -0.0638929
 0.415095
 0.570167
 -1.84192
 1.20173
 -1.95517
 0.543795
 1.01343
 0.247733
 0.529745
 -0.203569
 -0.292137
 -1.27991
 -0.370612
 -1.33922
 -0.274978
 0.446839
 -0.307819
 0.266919
 0.415408
 0.246292
 -0.226169
 0.420607
 1.31795
 -0.0773039
 -0.0240689
 0.715403
 0.135056
 -1.44136
 -1.2772
 0.447865
 0.773111
 0.480503
 0.406082
 -0.320893
 0.256175
 -0.0479058
 0.199447
 0.452452
 0.0170805
 0.540626
 -0.265103
 0.276878
 1.61762
 0.457967
 1.39425
 1.52979
 0.865619
 0.0676219
 1.90777
 -1.72599
 0.377755
 1.02048
 0.39167
 -0.615257
 -2.83785
 -0.685895
 -0.333322
 -0.446469
 -0.0454561
 1.68616
 0.311569
 2.366
 2.81181
 1.26302
 3.43248
 1.89506
 3.29017
 0.826378
 1.14818
 0.879466
 -0.361435
 0.0162767
 -1.30631
 -3.23651
 -0.951803
 -2.51043
 -0.372001
 -0.336462
 -0.746765
 -0.655896
 0.633324
 -0.552138
 0.0104163
 -0.382346
 2.23136
 -1.03155
 2.79164
 1.75297
 2.92414
 0.482933
 1.54054
 1.22511
 -1.62073
 0.794707
 -0.699573
 -0.588932
 -1.09536
 -0.69221
 -0.0706727
 -0.78412
 -1.53585
 0.170073
 -0.31722
 1.21378
 1.5702
 1.27226
 2.44786
 0.530604
 3.00866
 -1.19177
 3.1141
 -0.485786
 0.717883
 0.106298
 -0.221983
 0.088855
 -0.0866253
 -0.804923
 0.939744
 -0.179623
 1.35356
 0.369479
 0.89141
 1.64749
 -1.52837
 1.05549
 -0.915604
 1.08926
 -1.52118
 -0.729469
 -0.276853
 0.142778
 0.0990102
 0.819288
 0.705277
 -0.436334
 1.19771
 -0.61109
 0.36793
 -0.791197
 0.284716
 0.808218
 -0.232801
 -0.0931097
 -2.73931
 -0.664076
 -2.73317
 -0.850613
 -2.95144
 -1.27091
 -2.07222
 -1.19558
 0.142648
 0.987307
 1.26781
 1.05949
 0.866114
 0.824763
 0.33711
 0.314249
 0.486007
 -0.262139
 0.00542882
 1.39827
 1.58309
 1.06295
 -0.446189
 0.4461
 -0.351224
 0.074941
 -0.600698
 -0.472047
 0.352804
 0.758005
 -0.339613
 -0.69522
 -0.197029
 1.39379
 -1.10808
 0.713126
 -1.61939
 -0.667652
 -2.7327
 -0.888082
 -2.29091
 -3.00519
 -2.31268
 -3.32329
 -1.27203
 -2.70319
 -1.60976
 -2.71706
 -1.72516
 -2.13658
 -0.751884
 -1.58173
 -1.00399
 -2.65997
 -0.905488
 -0.966763
 1.44255
 -1.81825
 -0.274223
 -0.99951
 -1.75195
 -1.28506
 -1.66651
 -0.95005
 -1.7512
 -0.736437
 1.87334
 0.489629
 2.99758
 1.03265
 2.12099
 0.778586
 -0.372929
 -0.209457
 -0.0055637
 1.88852
 0.486737
 0.522183
 1.19449
 -0.704524
 -0.403523
 -2.27502
 -1.04097
 -1.95477
 -0.183752
 -1.14449
 0.244062
 -0.665955
 -0.535622
 -1.71568
 0.0360668
 -0.611942
 0.16386
 2.48023
 2.60098
 0.964815
 1.01611
 1.08775
 -0.150165
 2.99134
 -0.708741
 0.486577
 0.0679007
 0.0933012
 -0.0991582
 -0.709539
 -0.39129
 0.683437
 -0.0857326
 0.353471
 -0.316912
 0.389998
 0.59367
 -0.653247
 -0.121523
 -1.19806
 -1.95267
 -0.391116
 -1.43037
 -0.434246
 -0.181696
 -0.499491
 0.364801
 3.0958
 1.66962
 1.38225
 -0.449047
 0.144786
 -1.39517
 -1.89638
 -1.78373
 -0.571858
 0.0423905
 0.511447
 -1.45239
 1.05774
 -0.644966
 0.596801
 1.39248
 1.20091
 0.212679
 0.398051
 0.613586
 0.543537
 -0.576082
