 -0.014436 1.50603 2.26834 0.0581905 2.07642 4.31489 1.41089 1.699
 0.0537938 1.90647 3.63753 -0.0540567 2.00264 4.0135 2.26251 1.58032
 -0.094454 1.65886 2.76075 0.0555401 1.65668 2.74766 1.71716 1.0819
 0.047009 1.43511 2.06176 -0.0134516 1.62768 2.64952 1.2824 1.04325
 -0.0410184 1.29618 1.68177 0.0370912 1.47908 2.18906 1.04604 0.861949
 0.0233538 1.2088 1.46175 0.00646179 1.48014 2.19087 0.909193 0.86266
 -0.0155613 1.1594 1.34445 0.0257043 1.42045 2.01833 0.836235 0.794721
 0.00972119 1.12309 1.26142 0.0140313 1.40764 1.98164 0.784588 0.780274
 -0.00518049 1.08961 1.18729 0.0212452 1.36028 1.85082 0.738481 0.728764
 0.00380551 1.05212 1.10698 0.0181745 1.32223 1.74862 0.688529 0.688525
 -0.00176781 1.00871 1.0175 0.0207719 1.26502 1.6007 0.632877 0.630279
 0.000492562 0.960336 0.922245 0.0173085 1.20684 1.45677 0.573628 0.573607
 -0.00229185 0.908738 0.82581 0.0134801 1.13791 1.29501 0.513646 0.509915
 -0.00240224 0.856845 0.734189 0.0139171 1.07695 1.16002 0.456658 0.45676
 0.000162905 0.809844 0.655847 0.0188395 1.01548 1.03156 0.407931 0.406178
 0.00485582 0.763831 0.583461 0.0238584 0.953163 0.909089 0.362907 0.357956
 0.0077299 0.717133 0.51434 0.0290275 0.893542 0.79926 0.319914 0.314711
 0.00915227 0.673198 0.453279 0.0332084 0.841395 0.709049 0.281935 0.27919
 0.0085932 0.634682 0.402895 0.0367444 0.797201 0.63688 0.250597 0.250773
 0.00704904 0.602934 0.36358 0.0374265 0.761393 0.58112 0.226143 0.228817
 0.00364599 0.578302 0.334446 0.033828 0.731621 0.536413 0.208022 0.211214
 -0.00158466 0.55792 0.311277 0.027374 0.703795 0.496076 0.193611 0.195331
 -0.00633959 0.539061 0.290627 0.0194423 0.677032 0.458751 0.180767 0.180634
 -0.00909905 0.522346 0.272928 0.0137665 0.655682 0.430108 0.169759 0.169356
 -0.0086332 0.510002 0.260177 0.0103783 0.640616 0.410497 0.161827 0.161634
 -0.00706311 0.501392 0.251444 0.00769351 0.629513 0.396346 0.156396 0.156062
 -0.00596208 0.494942 0.245003 0.00571102 0.620733 0.385343 0.15239 0.15173
 -0.00501318 0.489803 0.239932 0.00417162 0.613418 0.376299 0.149235 0.148168
 -0.00424895 0.48551 0.235738 0.00302095 0.607108 0.36859 0.146627 0.145133
 -0.00357352 0.481785 0.232129 0.0021028 0.601549 0.361866 0.144382 0.142486
 -0.00303316 0.478447 0.228921 0.00138371 0.59656 0.355886 0.142387 0.140131
 -0.00257883 0.475383 0.225995 0.000790228 0.59202 0.350488 0.140567 0.138005
 -0.00222172 0.472514 0.223274 0.000311471 0.587826 0.34554 0.138874 0.136057
 -0.001925 0.469789 0.220705 -9.23775e-05 0.583911 0.340952 0.137276 0.134251
 -0.00169303 0.467171 0.218251 -0.000422401 0.580211 0.336645 0.13575 0.132555
 -0.00149956 0.464634 0.215887 -0.000704495 0.576686 0.332568 0.13428 0.130949
 -0.00135049 0.462161 0.213595 -0.000933573 0.573297 0.32867 0.132854 0.129415
 -0.00122508 0.459737 0.211359 -0.00113047 0.570019 0.324922 0.131463 0.127939
 -0.00113275 0.457351 0.209172 -0.00128405 0.566826 0.321294 0.130103 0.12651
 -0.00105317 0.454998 0.207024 -0.00141653 0.563706 0.317766 0.128767 0.125121
 -0.00100156 0.45267 0.204911 -0.00150751 0.560639 0.314319 0.127453 0.123764
 -0.000951876 0.450364 0.202829 -0.0015893 0.557618 0.310941 0.126158 0.122434
 -0.000931264 0.448078 0.200775 -0.00162203 0.554633 0.30762 0.12488 0.121126
 -0.00089651 0.44581 0.198747 -0.00166721 0.551673 0.304346 0.123619 0.119837
 -0.000903775 0.443558 0.196745 -0.0016352 0.548741 0.301119 0.122373 0.118566
 -0.000862935 0.441324 0.194768 -0.0016714 0.545813 0.297915 0.121144 0.117305
 -0.000910495 0.439109 0.192817 -0.00153873 0.542927 0.294772 0.11993 0.116067
 -0.000816515 0.436912 0.190893 -0.00164979 0.539999 0.291601 0.118734 0.114819
 -0.000970997 0.434737 0.188997 -0.00126713 0.537187 0.288572 0.117554 0.113626
 -0.000670917 0.432586 0.187131 -0.00177392 0.534172 0.285343 0.116394 0.112354
 -0.00122273 0.43046 0.185297 -0.000485559 0.53161 0.282609 0.115253 0.111278
 -8.87999e-05 0.428367 0.183498 -0.00283083 0.528127 0.278926 0.114134 0.109828
 -0.00238213 0.426303 0.18174 0.00256991 0.526721 0.277442 0.11304 0.109243
 0.00260365 0.424307 0.180043 -0.00907306 0.520879 0.271398 0.111985 0.106863
 -0.00840679 0.422421 0.17851 0.0180668 0.526343 0.277363 0.111031 0.109212
 0.0169636 0.421238 0.17773 -0.0468181 0.51112 0.263436 0.110546 0.103728
 -0.0437934 0.423473 0.181247 0.0318272 0.528427 0.280248 0.112734 0.110348
 0.0297823 0.420382 0.177608 -0.025051 0.509961 0.260687 0.11047 0.102646
 -0.0235439 0.418257 0.175493 0.0184775 0.5199 0.270637 0.109155 0.106564
 0.0170373 0.416819 0.174029 -0.0153678 0.508692 0.259004 0.108244 0.101983
 -0.0146173 0.415553 0.172898 0.0121183 0.51471 0.265073 0.107541 0.104373
 0.0109662 0.414512 0.17194 -0.0104681 0.506925 0.257083 0.106945 0.101227
 -0.0101312 0.413498 0.171083 0.00890221 0.510842 0.261039 0.106412 0.102785
 0.00787057 0.412585 0.170288 -0.00782753 0.504808 0.254893 0.105918 0.100365
 -0.00774294 0.411674 0.169536 0.00728443 0.507597 0.257708 0.105449 0.101473
 0.00627967 0.410821 0.168814 -0.00639208 0.50248 0.252527 0.105 0.0994329
 -0.00647427 0.409968 0.168116 0.00658703 0.504701 0.254767 0.104566 0.100315
 0.00555179 0.409155 0.167439 -0.00569862 0.500023 0.250056 0.104145 0.09846
 -0.00589455 0.408345 0.16678 0.00651547 0.502047 0.252094 0.103736 0.0992626
 0.00540848 0.407566 0.166139 -0.00556316 0.497481 0.247518 0.103337 0.0974608
 -0.00583208 0.406794 0.165516 0.00697787 0.499604 0.249653 0.102949 0.0983015
 0.00576171 0.40605 0.16491 -0.00596829 0.494864 0.244926 0.102573 0.0964402
 -0.00626958 0.40532 0.164324 0.00802689 0.497395 0.247467 0.102208 0.0974406
 0.00665822 0.404617 0.163759 -0.00704159 0.492164 0.242275 0.101856 0.0953964
 -0.00732366 0.403937 0.163219 0.00987038 0.495508 0.245625 0.101521 0.0967155
 0.00828877 0.40329 0.162712 -0.00909939 0.489357 0.239553 0.101205 0.0943246
 -0.00928441 0.40269 0.162245 0.0129472 0.494141 0.244343 0.100915 0.0962108
 0.0110582 0.402141 0.16184 -0.0127711 0.486431 0.236778 0.100663 0.0932319
 -0.0127287 0.401694 0.16152 0.0180953 0.493751 0.244118 0.100464 0.0961219
 0.015743 0.401362 0.161339 -0.0192541 0.483493 0.234137 0.100351 0.0921919
 -0.0187534 0.401274 0.161372 0.00404584 0.487059 0.237243 0.100372 0.093415
 0.00269781 0.399416 0.15954 0.0012731 0.485745 0.23595 0.0992326 0.0929057
 0.000111462 0.399082 0.159266 0.00166423 0.485266 0.235485 0.0990619 0.0927229
 0.000448052 0.398769 0.159017 0.00165273 0.484683 0.23492 0.0989072 0.0925004
 0.000416653 0.398461 0.158771 0.00170186 0.48412 0.234375 0.0987543 0.0922856
 0.000442375 0.398156 0.158528 0.0017452 0.483559 0.233832 0.098603 0.0920719
 0.000463289 0.397853 0.158287 0.0017906 0.483002 0.233294 0.0984532 0.0918602
 0.00048626 0.397554 0.158049 0.00183626 0.482449 0.232761 0.0983051 0.0916501
 0.000509473 0.397257 0.157813 0.00188222 0.4819 0.232231 0.0981584 0.0914415
 0.000532862 0.396963 0.15758 0.00192837 0.481354 0.231705 0.0980133 0.0912345
 0.000556293 0.396672 0.157349 0.00197469 0.480811 0.231183 0.0978697 0.0910289
 0.000579722 0.396384 0.157121 0.00202118 0.480271 0.230664 0.0977276 0.0908247
 0.000603124 0.396099 0.156895 0.00206783 0.479735 0.230149 0.097587 0.0906219
 0.000626486 0.395817 0.156671 0.00211462 0.479201 0.229638 0.0974479 0.0904205
 0.000649796 0.395537 0.15645 0.00216155 0.478671 0.22913 0.0973102 0.0902205
 0.000673048 0.39526 0.156231 0.00220862 0.478143 0.228626 0.097174 0.0900219
 0.000696233 0.394985 0.156014 0.00225582 0.477619 0.228125 0.0970391 0.0898247
 0.000719346 0.394714 0.155799 0.00230313 0.477098 0.227627 0.0969057 0.0896288
 0.000742379 0.394445 0.155587 0.00235056 0.476579 0.227133 0.0967737 0.0894343
 0.000765326 0.394178 0.155377 0.0023981 0.476064 0.226643 0.0966431 0.0892411
 0.000788181 0.393915 0.155169 0.00244574 0.475552 0.226156 0.0965138 0.0890494
 0.000810939 0.393653 0.154964 0.00249347 0.475043 0.225672 0.0963859 0.0888589
 0.000833594 0.393395 0.15476 0.00254128 0.474537 0.225192 0.0962593 0.0886698
 0.00085614 0.393139 0.154559 0.00258917 0.474034 0.224715 0.096134 0.088482
 0.000878573 0.392885 0.154359 0.00263713 0.473534 0.224241 0.09601 0.0882956
 0.000900887 0.392634 0.154162 0.00268515 0.473037 0.223771 0.0958873 0.0881105
 0.000923077 0.392385 0.153967 0.00273323 0.472543 0.223304 0.0957659 0.0879266
 0.000945139 0.392139 0.153774 0.00278136 0.472052 0.222841 0.0956457 0.0877442
 0.000967067 0.391895 0.153582 0.00282952 0.471564 0.222381 0.0955268 0.087563
 0.000988858 0.391653 0.153393 0.00287772 0.471079 0.221924 0.0954091 0.0873831
 0.00101051 0.391414 0.153206 0.00292594 0.470597 0.22147 0.0952926 0.0872045
 0.00103201 0.391177 0.153021 0.00297419 0.470118 0.22102 0.0951773 0.0870271
 0.00105337 0.390942 0.152837 0.00302244 0.469642 0.220573 0.0950632 0.0868511
 0.00107457 0.39071 0.152656 0.0030707 0.469169 0.220129 0.0949503 0.0866763
 0.00109561 0.39048 0.152476 0.00311896 0.468699 0.219688 0.0948385 0.0865028
 0.00111649 0.390252 0.152298 0.0031672 0.468232 0.219251 0.0947278 0.0863305
 0.00113721 0.390026 0.152122 0.00321543 0.467767 0.218816 0.0946183 0.0861595
 0.00115776 0.389803 0.151948 0.00326363 0.467306 0.218385 0.0945099 0.0859897
 0.00117814 0.389581 0.151775 0.00331181 0.466847 0.217957 0.0944026 0.0858211
 0.00119835 0.389362 0.151604 0.00335995 0.466391 0.217532 0.0942964 0.0856538
 0.00121838 0.389145 0.151435 0.00340804 0.465939 0.21711 0.0941912 0.0854877
 0.00123824 0.38893 0.151268 0.00345608 0.465489 0.216692 0.0940871 0.0853228
 0.00125791 0.388717 0.151102 0.00350407 0.465041 0.216276 0.093984 0.0851591
 0.0012774 0.388505 0.150938 0.00355199 0.464597 0.215863 0.093882 0.0849966
 0.0012967 0.388296 0.150776 0.00359984 0.464155 0.215453 0.093781 0.0848352
 0.00131582 0.388089 0.150615 0.00364761 0.463717 0.215046 0.093681 0.0846751
 0.00133475 0.387884 0.150456 0.0036953 0.463281 0.214643 0.093582 0.0845161
 0.00135349 0.387681 0.150298 0.0037429 0.462848 0.214242 0.0934839 0.0843582
 0.00137204 0.387479 0.150142 0.00379041 0.462417 0.213844 0.0933869 0.0842016
 0.00139039 0.38728 0.149988 0.00383782 0.461989 0.213449 0.0932908 0.084046
 0.00140854 0.387082 0.149834 0.00388512 0.461564 0.213057 0.0931956 0.0838916
 0.0014265 0.386886 0.149683 0.0039323 0.461142 0.212668 0.0931013 0.0837383
 0.00144426 0.386692 0.149533 0.00397937 0.460723 0.212281 0.093008 0.0835862
 0.00146183 0.3865 0.149384 0.00402632 0.460306 0.211897 0.0929156 0.0834351
 0.00147919 0.386309 0.149237 0.00407313 0.459891 0.211517 0.0928241 0.0832852
 0.00149635 0.386121 0.149091 0.00411982 0.45948 0.211139 0.0927334 0.0831363
 0.00151331 0.385934 0.148947 0.00416636 0.459071 0.210763 0.0926436 0.0829886
 0.00153007 0.385748 0.148804 0.00421275 0.458664 0.210391 0.0925547 0.0828419
 0.00154663 0.385565 0.148663 0.004259 0.458261 0.210021 0.0924667 0.0826963
 0.00156299 0.385383 0.148522 0.00430509 0.457859 0.209654 0.0923794 0.0825517
 0.00157914 0.385202 0.148383 0.00435103 0.457461 0.209289 0.092293 0.0824082
 0.00159509 0.385024 0.148246 0.0043968 0.457065 0.208928 0.0922074 0.0822657
 0.00161083 0.384847 0.14811 0.0044424 0.456671 0.208568 0.0921227 0.0821243
 0.00162637 0.384671 0.147975 0.00448783 0.45628 0.208212 0.0920387 0.0819839
 0.00164171 0.384497 0.147841 0.00453308 0.455892 0.207858 0.0919555 0.0818446
 0.00165685 0.384325 0.147708 0.00457815 0.455506 0.207507 0.0918731 0.0817062
 0.00167178 0.384154 0.147577 0.00462303 0.455122 0.207158 0.0917914 0.0815689
 0.00168651 0.383984 0.147447 0.00466772 0.454741 0.206811 0.0917105 0.0814325
 0.00170104 0.383817 0.147318 0.00471222 0.454363 0.206468 0.0916304 0.0812972
 0.00171537 0.38365 0.14719 0.00475653 0.453987 0.206126 0.091551 0.0811628
 0.00172949 0.383485 0.147064 0.00480063 0.453613 0.205788 0.0914723 0.0810294
 0.00174342 0.383322 0.146939 0.00484453 0.453241 0.205451 0.0913943 0.0808969
 0.00175714 0.38316 0.146814 0.00488821 0.452873 0.205117 0.0913171 0.0807655
 0.00177067 0.382999 0.146691 0.00493169 0.452506 0.204786 0.0912405 0.0806349
 0.00178399 0.38284 0.146569 0.00497496 0.452142 0.204457 0.0911647 0.0805054
 0.00179712 0.382682 0.146448 0.005018 0.45178 0.20413 0.0910895 0.0803767
 0.00181006 0.382525 0.146329 0.00506083 0.45142 0.203806 0.091015 0.080249
 0.00182279 0.38237 0.14621 0.00510343 0.451063 0.203484 0.0909412 0.0801222
 0.00183534 0.382216 0.146092 0.0051458 0.450708 0.203164 0.090868 0.0799963
 0.00184768 0.382063 0.145976 0.00518795 0.450355 0.202847 0.0907954 0.0798713
 0.00185984 0.381912 0.14586 0.00522986 0.450005 0.202532 0.0907236 0.0797473
 0.0018718 0.381762 0.145746 0.00527154 0.449656 0.202219 0.0906523 0.0796241
 0.00188358 0.381613 0.145632 0.00531298 0.44931 0.201908 0.0905817 0.0795018
 0.00189516 0.381465 0.145519 0.00535418 0.448967 0.2016 0.0905117 0.0793804
 0.00190656 0.381319 0.145408 0.00539514 0.448625 0.201294 0.0904423 0.0792598
 0.00191777 0.381174 0.145297 0.00543586 0.448286 0.20099 0.0903735 0.0791401
 0.00192879 0.38103 0.145188 0.00547633 0.447948 0.200688 0.0903053 0.0790213
 0.00193963 0.380887 0.145079 0.00551655 0.447613 0.200388 0.0902377 0.0789033
 0.00195029 0.380746 0.144971 0.00555653 0.44728 0.200091 0.0901707 0.0787861
 0.00196077 0.380605 0.144864 0.00559625 0.44695 0.199795 0.0901042 0.0786698
 0.00197107 0.380466 0.144758 0.00563572 0.446621 0.199502 0.0900383 0.0785543
 0.00198119 0.380328 0.144653 0.00567493 0.446294 0.199211 0.089973 0.0784397
 0.00199113 0.380191 0.144549 0.00571389 0.44597 0.198922 0.0899082 0.0783258
 0.00200089 0.380055 0.144446 0.00575259 0.445647 0.198634 0.089844 0.0782128
 0.00201049 0.379921 0.144344 0.00579103 0.445327 0.198349 0.0897803 0.0781005
 0.00201991 0.379787 0.144242 0.00582921 0.445008 0.198066 0.0897172 0.0779891
 0.00202916 0.379654 0.144141 0.00586712 0.444692 0.197785 0.0896546 0.0778784
 0.00203824 0.379523 0.144042 0.00590478 0.444377 0.197506 0.0895925 0.0777685
 0.00204716 0.379392 0.143943 0.00594217 0.444065 0.197229 0.0895309 0.0776594
 0.00205591 0.379263 0.143844 0.00597929 0.443755 0.196954 0.0894698 0.0775511
 0.00206449 0.379134 0.143747 0.00601615 0.443446 0.196681 0.0894093 0.0774435
 0.00207291 0.379007 0.14365 0.00605274 0.44314 0.196409 0.0893492 0.0773367
 0.00208117 0.37888 0.143555 0.00608906 0.442835 0.19614 0.0892896 0.0772306
 0.00208927 0.378755 0.14346 0.00612511 0.442532 0.195872 0.0892305 0.0771252
 0.00209722 0.378631 0.143365 0.00616089 0.442232 0.195607 0.0891719 0.0770206
 0.00210501 0.378507 0.143272 0.0061964 0.441933 0.195343 0.0891138 0.0769167
 0.00211264 0.378385 0.143179 0.00623164 0.441636 0.195081 0.0890561 0.0768136
 0.00212012 0.378263 0.143087 0.00626661 0.441341 0.194821 0.0889989 0.0767112
 0.00212745 0.378142 0.142996 0.00630131 0.441047 0.194562 0.0889422 0.0766094
 0.00213464 0.378023 0.142906 0.00633573 0.440756 0.194306 0.0888859 0.0765084
 0.00214167 0.377904 0.142816 0.00636988 0.440466 0.194051 0.0888301 0.0764081
 0.00214856 0.377786 0.142727 0.00640376 0.440178 0.193798 0.0887747 0.0763085
 0.0021553 0.377669 0.142638 0.00643736 0.439892 0.193547 0.0887197 0.0762095
 0.0021619 0.377553 0.142551 0.00647069 0.439608 0.193297 0.0886652 0.0761113
 0.00216836 0.377438 0.142464 0.00650374 0.439326 0.193049 0.0886111 0.0760137
 0.00217469 0.377323 0.142378 0.00653652 0.439045 0.192803 0.0885574 0.0759167
 0.00218087 0.37721 0.142292 0.00656902 0.438766 0.192559 0.0885042 0.0758205
 0.00218692 0.377097 0.142207 0.00660125 0.438489 0.192316 0.0884513 0.0757249
 0.00219283 0.376985 0.142123 0.00663321 0.438213 0.192075 0.0883989 0.07563
 0.00219862 0.376874 0.142039 0.00666489 0.43794 0.191835 0.0883469 0.0755357
 0.00220427 0.376764 0.141956 0.00669629 0.437667 0.191598 0.0882953 0.075442
 0.00220979 0.376655 0.141874 0.00672743 0.437397 0.191361 0.088244 0.075349
 0.00221519 0.376546 0.141792 0.00675828 0.437128 0.191127 0.0881932 0.0752566
 0.00222045 0.376438 0.141711 0.00678886 0.436861 0.190894 0.0881428 0.0751649
 0.0022256 0.376332 0.14163 0.00681917 0.436596 0.190662 0.0880927 0.0750737
 0.00223062 0.376225 0.14155 0.00684921 0.436332 0.190432 0.088043 0.0749832
 0.00223552 0.37612 0.141471 0.00687897 0.43607 0.190204 0.0879937 0.0748933
 0.00224031 0.376015 0.141393 0.00690845 0.435809 0.189977 0.0879448 0.074804
 0.00224497 0.375911 0.141314 0.00693767 0.43555 0.189752 0.0878962 0.0747153
 0.00224952 0.375808 0.141237 0.00696661 0.435293 0.189528 0.087848 0.0746271
 0.00225395 0.375706 0.14116 0.00699527 0.435037 0.189306 0.0878001 0.0745396
 0.00225827 0.375604 0.141084 0.00702367 0.434782 0.189085 0.0877526 0.0744527
 0.00226248 0.375503 0.141008 0.0070518 0.43453 0.188866 0.0877055 0.0743663
 0.00226658 0.375403 0.140933 0.00707965 0.434278 0.188648 0.0876587 0.0742805
 0.00227057 0.375304 0.140858 0.00710723 0.434029 0.188431 0.0876122 0.0741953
 0.00227445 0.375205 0.140784 0.00713455 0.433781 0.188216 0.0875661 0.0741107
 0.00227823 0.375107 0.14071 0.00716159 0.433534 0.188003 0.0875204 0.0740266
 0.0022819 0.375009 0.140637 0.00718836 0.433289 0.187791 0.0874749 0.073943
 0.00228547 0.374912 0.140565 0.00721487 0.433045 0.18758 0.0874298 0.07386
 0.00228894 0.374816 0.140493 0.00724111 0.432803 0.187371 0.087385 0.0737776
 0.00229231 0.374721 0.140421 0.00726708 0.432562 0.187163 0.0873405 0.0736957
 0.00229559 0.374626 0.14035 0.00729279 0.432323 0.186956 0.0872964 0.0736143
 0.00229876 0.374532 0.14028 0.00731823 0.432085 0.186751 0.0872526 0.0735335
 0.00230184 0.374439 0.14021 0.0073434 0.431848 0.186547 0.087209 0.0734532
 0.00230483 0.374346 0.14014 0.00736831 0.431613 0.186344 0.0871658 0.0733734
 0.00230772 0.374254 0.140071 0.00739296 0.431379 0.186143 0.0871229 0.0732942
 0.00231052 0.374162 0.140003 0.00741734 0.431147 0.185943 0.0870803 0.0732154
 0.00231324 0.374071 0.139935 0.00744146 0.430916 0.185744 0.087038 0.0731372
 0.00231586 0.373981 0.139867 0.00746532 0.430687 0.185547 0.086996 0.0730595
 0.0023184 0.373891 0.1398 0.00748892 0.430459 0.185351 0.0869543 0.0729822
 0.00232085 0.373802 0.139733 0.00751226 0.430232 0.185156 0.0869128 0.0729055
 0.00232322 0.373714 0.139667 0.00753534 0.430006 0.184962 0.0868717 0.0728293
 0.0023255 0.373626 0.139602 0.00755817 0.429782 0.18477 0.0868309 0.0727535
 0.0023277 0.373538 0.139536 0.00758073 0.429559 0.184579 0.0867903 0.0726783
 0.00232982 0.373452 0.139472 0.00760304 0.429338 0.184389 0.08675 0.0726035
 0.00233186 0.373366 0.139407 0.0076251 0.429118 0.1842 0.08671 0.0725292
 0.00233383 0.37328 0.139343 0.0076469 0.428899 0.184012 0.0866702 0.0724553
 0.00233571 0.373195 0.13928 0.00766844 0.428681 0.183826 0.0866307 0.072382
 0.00233752 0.37311 0.139217 0.00768974 0.428465 0.183641 0.0865915 0.0723091
 0.00233926 0.373027 0.139154 0.00771078 0.428249 0.183457 0.0865526 0.0722366
 0.00234092 0.372943 0.139092 0.00773157 0.428036 0.183274 0.0865139 0.0721647
 0.00234251 0.37286 0.13903 0.00775211 0.427823 0.183093 0.0864755 0.0720931
 0.00234403 0.372778 0.138969 0.00777241 0.427612 0.182912 0.0864373 0.072022
 0.00234547 0.372696 0.138908 0.00779245 0.427401 0.182733 0.0863994 0.0719514
 0.00234685 0.372615 0.138847 0.00781225 0.427192 0.182554 0.0863617 0.0718812
 0.00234816 0.372534 0.138787 0.0078318 0.426985 0.182377 0.0863243 0.0718115
 0.00234941 0.372454 0.138727 0.00785111 0.426778 0.182201 0.0862871 0.0717421
 0.00235059 0.372374 0.138668 0.00787017 0.426573 0.182026 0.0862502 0.0716733
 0.0023517 0.372295 0.138609 0.00788899 0.426369 0.181852 0.0862135 0.0716048
 0.00235275 0.372216 0.13855 0.00790757 0.426166 0.18168 0.086177 0.0715368
 0.00235374 0.372138 0.138492 0.00792591 0.425964 0.181508 0.0861408 0.0714691
 0.00235467 0.37206 0.138434 0.00794401 0.425763 0.181337 0.0861048 0.0714019
 0.00235554 0.371983 0.138377 0.00796187 0.425563 0.181168 0.0860691 0.0713352
 0.00235634 0.371906 0.13832 0.00797949 0.425365 0.180999 0.0860336 0.0712688
 0.00235709 0.37183 0.138263 0.00799688 0.425168 0.180831 0.0859983 0.0712028
 0.00235778 0.371754 0.138207 0.00801403 0.424971 0.180665 0.0859632 0.0711372
 0.00235842 0.371679 0.138151 0.00803095 0.424776 0.180499 0.0859284 0.0710721
 0.002359 0.371604 0.138095 0.00804763 0.424582 0.180335 0.0858937 0.0710073
 0.00235952 0.371529 0.13804 0.00806408 0.424389 0.180171 0.0858593 0.0709429
 0.00235999 0.371455 0.137985 0.0080803 0.424198 0.180009 0.0858252 0.0708789
 0.00236041 0.371382 0.13793 0.00809629 0.424007 0.179847 0.0857912 0.0708153
 0.00236077 0.371309 0.137876 0.00811205 0.423817 0.179687 0.0857574 0.0707521
 0.00236109 0.371236 0.137822 0.00812758 0.423629 0.179527 0.0857239 0.0706893
 0.00236135 0.371164 0.137768 0.00814289 0.423441 0.179369 0.0856905 0.0706268
 0.00236157 0.371092 0.137715 0.00815797 0.423254 0.179211 0.0856574 0.0705647
 0.00236173 0.371021 0.137662 0.00817283 0.423069 0.179054 0.0856244 0.070503
 0.00236185 0.37095 0.137609 0.00818746 0.422885 0.178898 0.0855917 0.0704416
 0.00236192 0.370879 0.137557 0.00820187 0.422701 0.178743 0.0855591 0.0703807
 0.00236195 0.370809 0.137505 0.00821606 0.422519 0.178589 0.0855268 0.07032
 0.00236193 0.37074 0.137453 0.00823003 0.422337 0.178436 0.0854947 0.0702598
 0.00236187 0.37067 0.137402 0.00824379 0.422157 0.178284 0.0854627 0.0701999
 0.00236176 0.370601 0.137351 0.00825732 0.421977 0.178133 0.0854309 0.0701403
 0.00236161 0.370533 0.1373 0.00827064 0.421799 0.177983 0.0853994 0.0700811
 0.00236141 0.370465 0.13725 0.00828374 0.421621 0.177833 0.085368 0.0700222
 0.00236118 0.370397 0.1372 0.00829663 0.421445 0.177685 0.0853368 0.0699637
 0.00236091 0.37033 0.13715 0.0083093 0.421269 0.177537 0.0853058 0.0699055
 0.00236059 0.370263 0.1371 0.00832176 0.421095 0.17739 0.085275 0.0698477
 0.00236024 0.370196 0.137051 0.00833402 0.420921 0.177244 0.0852443 0.0697902
 0.00235984 0.37013 0.137002 0.00834606 0.420748 0.177099 0.0852138 0.069733
 0.00235941 0.370064 0.136953 0.00835789 0.420576 0.176954 0.0851836 0.0696762
 0.00235895 0.369999 0.136905 0.00836952 0.420406 0.176811 0.0851534 0.0696197
 0.00235844 0.369934 0.136857 0.00838094 0.420236 0.176668 0.0851235 0.0695635
 0.0023579 0.369869 0.136809 0.00839215 0.420066 0.176526 0.0850937 0.0695076
 0.00235733 0.369805 0.136761 0.00840317 0.419898 0.176385 0.0850641 0.0694521
 0.00235672 0.369741 0.136714 0.00841397 0.419731 0.176245 0.0850347 0.0693969
 0.00235608 0.369677 0.136667 0.00842458 0.419565 0.176105 0.0850055 0.069342
 0.0023554 0.369614 0.13662 0.00843499 0.419399 0.175967 0.0849764 0.0692874
 0.00235469 0.369551 0.136574 0.0084452 0.419235 0.175829 0.0849474 0.0692331
 0.00235395 0.369489 0.136527 0.00845521 0.419071 0.175692 0.0849187 0.0691791
 0.00235318 0.369426 0.136481 0.00846502 0.418908 0.175556 0.0848901 0.0691254
 0.00235237 0.369364 0.136436 0.00847463 0.418746 0.17542 0.0848616 0.069072
 0.00235154 0.369303 0.13639 0.00848406 0.418585 0.175285 0.0848333 0.0690189
 0.00235067 0.369242 0.136345 0.00849329 0.418424 0.175151 0.0848052 0.0689662
 0.00234978 0.369181 0.1363 0.00850232 0.418265 0.175018 0.0847772 0.0689137
 0.00234886 0.36912 0.136255 0.00851117 0.418106 0.174885 0.0847494 0.0688615
 0.00234791 0.36906 0.136211 0.00851982 0.417948 0.174753 0.0847217 0.0688096
 0.00234693 0.369 0.136167 0.00852829 0.417791 0.174622 0.0846942 0.068758
 0.00234593 0.36894 0.136123 0.00853657 0.417635 0.174492 0.0846669 0.0687066
 0.0023449 0.368881 0.136079 0.00854466 0.41748 0.174362 0.0846397 0.0686556
 0.00234384 0.368822 0.136035 0.00855257 0.417325 0.174233 0.0846126 0.0686048
 0.00234276 0.368763 0.135992 0.00856029 0.417171 0.174105 0.0845857 0.0685543
 0.00234165 0.368705 0.135949 0.00856783 0.417018 0.173978 0.0845589 0.0685041
 0.00234052 0.368647 0.135906 0.00857519 0.416866 0.173851 0.0845322 0.0684542
 0.00233937 0.368589 0.135863 0.00858237 0.416715 0.173725 0.0845058 0.0684045
 0.00233819 0.368532 0.135821 0.00858936 0.416564 0.173599 0.0844794 0.0683551
 0.00233699 0.368475 0.135779 0.00859618 0.416414 0.173475 0.0844532 0.068306
 0.00233576 0.368418 0.135737 0.00860283 0.416265 0.17335 0.0844271 0.0682571
 0.00233451 0.368361 0.135695 0.00860929 0.416116 0.173227 0.0844012 0.0682086
 0.00233325 0.368305 0.135654 0.00861558 0.415969 0.173104 0.0843754 0.0681602
 0.00233196 0.368249 0.135613 0.0086217 0.415822 0.172982 0.0843497 0.0681121
 0.00233064 0.368193 0.135572 0.00862764 0.415676 0.172861 0.0843242 0.0680643
 0.00232931 0.368138 0.135531 0.00863341 0.41553 0.17274 0.0842988 0.0680168
 0.00232796 0.368082 0.13549 0.00863902 0.415386 0.17262 0.0842735 0.0679694
 0.00232659 0.368027 0.13545 0.00864445 0.415242 0.1725 0.0842483 0.0679224
 0.0023252 0.367973 0.135409 0.00864971 0.415098 0.172381 0.0842233 0.0678756
 0.00232379 0.367918 0.135369 0.00865481 0.414956 0.172263 0.0841984 0.067829
 0.00232236 0.367864 0.13533 0.00865974 0.414814 0.172146 0.0841737 0.0677827
 0.00232092 0.367811 0.13529 0.00866451 0.414673 0.172029 0.084149 0.0677366
 0.00231946 0.367757 0.135251 0.00866911 0.414532 0.171912 0.0841245 0.0676908
 0.00231798 0.367704 0.135211 0.00867355 0.414392 0.171796 0.0841001 0.0676452
 0.00231648 0.367651 0.135172 0.00867783 0.414253 0.171681 0.0840759 0.0675999
 0.00231497 0.367598 0.135134 0.00868195 0.414115 0.171567 0.0840517 0.0675547
 0.00231344 0.367545 0.135095 0.0086859 0.413977 0.171453 0.0840277 0.0675099
 0.00231189 0.367493 0.135056 0.0086897 0.41384 0.171339 0.0840038 0.0674652
 0.00231033 0.367441 0.135018 0.00869335 0.413704 0.171226 0.08398 0.0674208
 0.00230875 0.367389 0.13498 0.00869683 0.413568 0.171114 0.0839563 0.0673766
 0.00230716 0.367338 0.134942 0.00870017 0.413433 0.171002 0.0839327 0.0673326
 0.00230555 0.367286 0.134905 0.00870334 0.413298 0.170891 0.0839093 0.0672889
 0.00230393 0.367235 0.134867 0.00870637 0.413165 0.170781 0.083886 0.0672454
 0.0023023 0.367184 0.13483 0.00870924 0.413032 0.170671 0.0838627 0.0672021
 0.00230065 0.367134 0.134793 0.00871197 0.412899 0.170562 0.0838396 0.067159
 0.00229899 0.367083 0.134756 0.00871454 0.412767 0.170453 0.0838166 0.0671162
 0.00229732 0.367033 0.134719 0.00871697 0.412636 0.170344 0.0837938 0.0670735
 0.00229563 0.366983 0.134682 0.00871925 0.412505 0.170237 0.083771 0.0670311
 0.00229393 0.366934 0.134646 0.00872138 0.412375 0.170129 0.0837483 0.0669889
 0.00229222 0.366884 0.134609 0.00872336 0.412246 0.170023 0.0837257 0.0669469
 0.0022905 0.366835 0.134573 0.00872521 0.412117 0.169917 0.0837033 0.0669051
 0.00228876 0.366786 0.134537 0.00872691 0.411989 0.169811 0.0836809 0.0668635
 0.00228702 0.366737 0.134502 0.00872847 0.411861 0.169706 0.0836587 0.0668222
 0.00228526 0.366689 0.134466 0.00872988 0.411735 0.169602 0.0836365 0.066781
 0.00228349 0.366641 0.134431 0.00873116 0.411608 0.169498 0.0836145 0.06674
 0.00228171 0.366593 0.134395 0.0087323 0.411482 0.169394 0.0835925 0.0666993
 0.00227993 0.366545 0.13436 0.0087333 0.411357 0.169291 0.0835707 0.0666587
 0.00227813 0.366497 0.134325 0.00873416 0.411233 0.169189 0.083549 0.0666184
 0.00227632 0.366449 0.13429 0.00873489 0.411109 0.169087 0.0835273 0.0665782
 0.0022745 0.366402 0.134256 0.00873548 0.410985 0.168985 0.0835058 0.0665383
 0.00227268 0.366355 0.134221 0.00873594 0.410862 0.168884 0.0834843 0.0664985
 0.00227084 0.366308 0.134187 0.00873627 0.41074 0.168784 0.083463 0.0664589
 0.002269 0.366262 0.134153 0.00873646 0.410618 0.168684 0.0834417 0.0664195
 0.00226714 0.366215 0.134119 0.00873653 0.410497 0.168584 0.0834206 0.0663804
 0.00226528 0.366169 0.134085 0.00873646 0.410376 0.168485 0.0833995 0.0663414
 0.00226341 0.366123 0.134051 0.00873627 0.410256 0.168386 0.0833785 0.0663025
 0.00226153 0.366077 0.134018 0.00873595 0.410137 0.168288 0.0833576 0.0662639
 0.00225965 0.366032 0.133984 0.0087355 0.410018 0.168191 0.0833369 0.0662255
 0.00225776 0.365986 0.133951 0.00873493 0.409899 0.168094 0.0833162 0.0661872
 0.00225586 0.365941 0.133918 0.00873423 0.409781 0.167997 0.0832956 0.0661491
 0.00225395 0.365896 0.133885 0.00873341 0.409664 0.167901 0.083275 0.0661113
 0.00225204 0.365851 0.133852 0.00873246 0.409547 0.167805 0.0832546 0.0660735
 0.00225011 0.365806 0.133819 0.0087314 0.40943 0.16771 0.0832343 0.066036
 0.00224819 0.365762 0.133787 0.00873021 0.409315 0.167615 0.083214 0.0659987
 0.00224625 0.365717 0.133754 0.0087289 0.409199 0.16752 0.0831939 0.0659615
 0.00224431 0.365673 0.133722 0.00872748 0.409084 0.167426 0.0831738 0.0659245
 0.00224237 0.365629 0.13369 0.00872594 0.40897 0.167333 0.0831538 0.0658876
 0.00224042 0.365586 0.133658 0.00872428 0.408856 0.16724 0.0831339 0.065851
 0.00223846 0.365542 0.133626 0.0087225 0.408743 0.167147 0.0831141 0.0658145
 0.0022365 0.365499 0.133594 0.00872061 0.40863 0.167055 0.0830943 0.0657782
 0.00223453 0.365455 0.133563 0.00871861 0.408518 0.166963 0.0830747 0.065742
 0.00223256 0.365412 0.133531 0.00871649 0.408406 0.166872 0.0830551 0.0657061
 0.00223058 0.36537 0.1335 0.00871426 0.408295 0.166781 0.0830356 0.0656702
 0.0022286 0.365327 0.133469 0.00871192 0.408184 0.16669 0.0830162 0.0656346
 0.00222661 0.365284 0.133438 0.00870947 0.408074 0.1666 0.0829969 0.0655991
 0.00222462 0.365242 0.133407 0.00870691 0.407964 0.16651 0.0829776 0.0655638
 0.00222262 0.3652 0.133376 0.00870424 0.407854 0.166421 0.0829584 0.0655286
 0.00222062 0.365158 0.133345 0.00870147 0.407745 0.166332 0.0829393 0.0654936
 0.00221862 0.365116 0.133315 0.00869859 0.407637 0.166243 0.0829203 0.0654588
 0.00221661 0.365074 0.133284 0.0086956 0.407529 0.166155 0.0829014 0.0654241
 0.0022146 0.365033 0.133254 0.00869251 0.407421 0.166068 0.0828825 0.0653896
 0.00221258 0.364991 0.133224 0.00868931 0.407314 0.16598 0.0828637 0.0653552
 0.00221057 0.36495 0.133193 0.00868602 0.407208 0.165894 0.082845 0.065321
 0.00220854 0.364909 0.133163 0.00868262 0.407102 0.165807 0.0828264 0.0652869
 0.00220652 0.364868 0.133134 0.00867911 0.406996 0.165721 0.0828078 0.065253
 0.00220449 0.364827 0.133104 0.00867551 0.406891 0.165635 0.0827893 0.0652192
 0.00220246 0.364787 0.133074 0.00867181 0.406786 0.16555 0.0827709 0.0651856
 0.00220043 0.364746 0.133045 0.00866801 0.406681 0.165465 0.0827526 0.0651522
 0.00219839 0.364706 0.133015 0.00866412 0.406577 0.16538 0.0827343 0.0651189
 0.00219635 0.364666 0.132986 0.00866012 0.406474 0.165296 0.0827161 0.0650857
 0.00219431 0.364626 0.132957 0.00865603 0.406371 0.165212 0.082698 0.0650527
 0.00219226 0.364586 0.132928 0.00865185 0.406268 0.165129 0.0826799 0.0650198
 0.00219022 0.364547 0.132899 0.00864757 0.406166 0.165046 0.082662 0.0649871
 0.00218817 0.364507 0.13287 0.0086432 0.406064 0.164963 0.082644 0.0649545
 0.00218612 0.364468 0.132842 0.00863873 0.405963 0.16488 0.0826262 0.0649221
 0.00218407 0.364429 0.132813 0.00863418 0.405862 0.164798 0.0826084 0.0648898
 0.00218202 0.36439 0.132785 0.00862953 0.405761 0.164717 0.0825907 0.0648576
 0.00217996 0.364351 0.132756 0.00862479 0.405661 0.164635 0.0825731 0.0648256
 0.0021779 0.364312 0.132728 0.00861997 0.405562 0.164554 0.0825555 0.0647937
 0.00217584 0.364273 0.1327 0.00861506 0.405462 0.164474 0.082538 0.064762
 0.00217379 0.364235 0.132672 0.00861005 0.405363 0.164394 0.0825205 0.0647303
 0.00217172 0.364197 0.132644 0.00860497 0.405265 0.164314 0.0825032 0.0646989
 0.00216966 0.364158 0.132616 0.00859979 0.405167 0.164234 0.0824859 0.0646675
 0.0021676 0.36412 0.132588 0.00859453 0.405069 0.164155 0.0824686 0.0646363
 0.00216554 0.364082 0.132561 0.00858919 0.404972 0.164076 0.0824514 0.0646053
 0.00216347 0.364045 0.132533 0.00858377 0.404875 0.163997 0.0824343 0.0645743
 0.00216141 0.364007 0.132506 0.00857825 0.404778 0.163919 0.0824172 0.0645435
 0.00215933 0.363969 0.132478 0.00857267 0.404682 0.163841 0.0824003 0.0645129
 0.00215728 0.363932 0.132451 0.00856698 0.404586 0.163764 0.0823833 0.0644823
 0.00215519 0.363895 0.132424 0.00856125 0.404491 0.163686 0.0823665 0.0644519
 0.00215315 0.363858 0.132397 0.00855539 0.404396 0.163609 0.0823497 0.0644216
 0.00215105 0.363821 0.13237 0.00854952 0.404302 0.163533 0.0823329 0.0643914
 0.00214902 0.363784 0.132343 0.00854347 0.404207 0.163457 0.0823162 0.0643614
 0.0021469 0.363747 0.132317 0.00853748 0.404114 0.163381 0.0822996 0.0643315
 0.0021449 0.363711 0.13229 0.00853124 0.40402 0.163305 0.082283 0.0643017
 0.00214274 0.363674 0.132263 0.00852516 0.403927 0.16323 0.0822665 0.0642721
 0.00214079 0.363638 0.132237 0.00851868 0.403834 0.163155 0.0822501 0.0642425
 0.00213855 0.363601 0.132211 0.00851257 0.403742 0.16308 0.0822337 0.0642131
 0.00213672 0.363565 0.132184 0.00850578 0.40365 0.163005 0.0822174 0.0641838
 0.00213433 0.363529 0.132158 0.00849974 0.403558 0.162931 0.0822011 0.0641547
 0.00213269 0.363494 0.132132 0.0084925 0.403467 0.162858 0.0821849 0.0641255
 0.00213004 0.363458 0.132106 0.00848674 0.403376 0.162784 0.0821687 0.0640967
 0.00212877 0.363422 0.13208 0.00847878 0.403285 0.162711 0.0821526 0.0640677
 0.0021256 0.363387 0.132054 0.00847367 0.403195 0.162638 0.0821366 0.0640392
 0.00212505 0.363351 0.132029 0.00846449 0.403105 0.162565 0.0821206 0.0640104
 0.0021209 0.363316 0.132003 0.00846075 0.403016 0.162494 0.0821047 0.0639823
 0.00212171 0.363281 0.131978 0.00844933 0.402926 0.16242 0.0820888 0.0639534
 0.00211568 0.363246 0.131952 0.00844837 0.402839 0.16235 0.082073 0.0639259
 0.00211911 0.363211 0.131927 0.00843276 0.402747 0.162277 0.0820572 0.0638968
 0.00210943 0.363176 0.131902 0.00843733 0.402663 0.162209 0.0820415 0.0638701
 0.00211795 0.363142 0.131876 0.00841368 0.40257 0.162133 0.0820258 0.0638403
 0.00210116 0.363107 0.131851 0.00842919 0.40249 0.162069 0.0820102 0.0638152
 0.00211963 0.363073 0.131826 0.00838989 0.402392 0.16199 0.0819947 0.0637838
 0.00208889 0.363039 0.131801 0.00842709 0.40232 0.161933 0.0819792 0.0637614
 0.00212698 0.363004 0.131777 0.00835694 0.402213 0.161845 0.0819637 0.0637268
 0.00206862 0.36297 0.131752 0.00843736 0.402156 0.161801 0.0819483 0.0637095
 0.00214568 0.362936 0.131727 0.00830584 0.402028 0.161696 0.081933 0.0636681
 0.00203226 0.362903 0.131703 0.00847282 0.402002 0.161678 0.0819177 0.063661
 0.00218725 0.362868 0.131678 0.00821825 0.401833 0.161537 0.0819025 0.0636057
 0.00196333 0.362836 0.131654 0.00855977 0.401868 0.161571 0.0818874 0.063619
 0.00227533 0.362801 0.13163 0.00805646 0.401614 0.161359 0.0818723 0.0635353
 0.00182795 0.36277 0.131606 0.00875233 0.401772 0.161498 0.0818574 0.0635901
 0.00245857 0.362734 0.131582 0.00774249 0.401346 0.161139 0.0818428 0.0634487
 0.00155608 0.362708 0.131559 0.00916273 0.401759 0.161494 0.0818286 0.0635886
 0.00283794 0.362671 0.131538 0.00711386 0.400981 0.160836 0.0818153 0.0633296
 0.00100194 0.362655 0.131519 0.0100251 0.401924 0.161643 0.0818038 0.0636474
 0.00362434 0.362621 0.131507 0.00582957 0.400432 0.16038 0.081796 0.06315
 -0.000139948 0.362638 0.131506 0.0118305 0.402508 0.162153 0.0817956 0.0638481
 0.00526092 0.362634 0.131531 0.00752808 0.400827 0.160719 0.081811 0.0632836
 0.00139512 0.36253 0.13143 0.00845903 0.401106 0.160958 0.0817483 0.0633774
 0.00223297 0.362504 0.131414 0.00824306 0.400993 0.160863 0.0817383 0.0633402
 0.00204099 0.362489 0.131402 0.00828356 0.400968 0.160844 0.0817309 0.0633326
 0.00207984 0.362472 0.13139 0.00826855 0.400923 0.160808 0.0817235 0.0633185
 0.00206899 0.362456 0.131379 0.00826636 0.400884 0.160776 0.0817162 0.0633059
 0.00206974 0.36244 0.131367 0.0082615 0.400843 0.160743 0.0817089 0.063293
 0.00206812 0.362424 0.131355 0.00825729 0.400802 0.160711 0.0817017 0.0632802
 0.00206712 0.362408 0.131344 0.00825295 0.400762 0.160678 0.0816944 0.0632674
 0.00206602 0.362391 0.131332 0.00824863 0.400721 0.160646 0.0816871 0.0632546
 0.00206496 0.362375 0.13132 0.0082443 0.400681 0.160613 0.0816799 0.0632419
 0.00206391 0.362359 0.131309 0.00823996 0.400641 0.160581 0.0816726 0.0632291
 0.00206286 0.362343 0.131297 0.0082356 0.400601 0.160549 0.0816654 0.0632164
 0.00206182 0.362327 0.131285 0.00823124 0.400561 0.160517 0.0816582 0.0632038
 0.00206078 0.362311 0.131274 0.00822687 0.400521 0.160484 0.081651 0.0631911
 0.00205975 0.362295 0.131262 0.00822248 0.400481 0.160452 0.0816438 0.0631785
 0.00205872 0.362279 0.131251 0.00821809 0.400441 0.16042 0.0816366 0.0631659
 0.00205769 0.362264 0.131239 0.00821368 0.400401 0.160388 0.0816295 0.0631533
 0.00205666 0.362248 0.131228 0.00820927 0.400361 0.160356 0.0816223 0.0631407
 0.00205564 0.362232 0.131216 0.00820484 0.400321 0.160325 0.0816151 0.0631282
 0.00205462 0.362216 0.131205 0.0082004 0.400282 0.160293 0.081608 0.0631157
 0.0020536 0.3622 0.131193 0.00819596 0.400242 0.160261 0.0816009 0.0631032
 0.00205258 0.362184 0.131182 0.0081915 0.400203 0.160229 0.0815938 0.0630907
 0.00205157 0.362169 0.13117 0.00818703 0.400163 0.160198 0.0815867 0.0630783
 0.00205056 0.362153 0.131159 0.00818255 0.400124 0.160166 0.0815796 0.0630658
 0.00204954 0.362137 0.131148 0.00817807 0.400085 0.160135 0.0815725 0.0630534
 0.00204853 0.362122 0.131136 0.00817357 0.400046 0.160103 0.0815654 0.0630411
 0.00204753 0.362106 0.131125 0.00816906 0.400007 0.160072 0.0815584 0.0630287
 0.00204652 0.36209 0.131114 0.00816454 0.399967 0.160041 0.0815513 0.0630164
 0.00204551 0.362075 0.131102 0.00816001 0.399928 0.160009 0.0815443 0.0630041
 0.00204451 0.362059 0.131091 0.00815547 0.39989 0.159978 0.0815373 0.0629918
 0.0020435 0.362043 0.13108 0.00815092 0.399851 0.159947 0.0815303 0.0629795
 0.0020425 0.362028 0.131068 0.00814636 0.399812 0.159916 0.0815233 0.0629673
 0.0020415 0.362012 0.131057 0.00814179 0.399773 0.159885 0.0815163 0.0629551
 0.0020405 0.361997 0.131046 0.00813721 0.399735 0.159854 0.0815093 0.0629429
 0.00203949 0.361981 0.131035 0.00813262 0.399696 0.159823 0.0815023 0.0629307
 0.00203849 0.361966 0.131024 0.00812802 0.399657 0.159792 0.0814954 0.0629185
 0.0020375 0.361951 0.131012 0.00812341 0.399619 0.159761 0.0814884 0.0629064
 0.0020365 0.361935 0.131001 0.00811879 0.399581 0.159731 0.0814815 0.0628943
 0.0020355 0.36192 0.13099 0.00811416 0.399542 0.1597 0.0814745 0.0628822
 0.0020345 0.361904 0.130979 0.00810952 0.399504 0.159669 0.0814676 0.0628702
 0.00203351 0.361889 0.130968 0.00810487 0.399466 0.159639 0.0814607 0.0628581
 0.00203251 0.361874 0.130957 0.00810021 0.399428 0.159608 0.0814538 0.0628461
 0.00203152 0.361858 0.130946 0.00809554 0.39939 0.159578 0.0814469 0.0628341
 0.00203052 0.361843 0.130935 0.00809085 0.399352 0.159547 0.0814401 0.0628221
 0.00202953 0.361828 0.130924 0.00808616 0.399314 0.159517 0.0814332 0.0628102
 0.00202854 0.361813 0.130913 0.00808146 0.399276 0.159487 0.0814263 0.0627983
 0.00202755 0.361798 0.130902 0.00807676 0.399238 0.159456 0.0814195 0.0627863
 0.00202655 0.361782 0.130891 0.00807204 0.399201 0.159426 0.0814127 0.0627745
 0.00202556 0.361767 0.13088 0.00806731 0.399163 0.159396 0.0814058 0.0627626
 0.00202457 0.361752 0.130869 0.00806257 0.399125 0.159366 0.081399 0.0627507
 0.00202359 0.361737 0.130858 0.00805782 0.399088 0.159336 0.0813922 0.0627389
 0.0020226 0.361722 0.130847 0.00805306 0.39905 0.159306 0.0813854 0.0627271
 0.00202161 0.361707 0.130836 0.0080483 0.399013 0.159276 0.0813786 0.0627153
 0.00202062 0.361692 0.130825 0.00804352 0.398976 0.159246 0.0813719 0.0627036
 0.00201964 0.361677 0.130814 0.00803874 0.398938 0.159216 0.0813651 0.0626919
 0.00201865 0.361662 0.130803 0.00803394 0.398901 0.159187 0.0813583 0.0626801
 0.00201766 0.361647 0.130792 0.00802914 0.398864 0.159157 0.0813516 0.0626684
 0.00201668 0.361632 0.130782 0.00802433 0.398827 0.159127 0.0813449 0.0626568
 0.0020157 0.361617 0.130771 0.0080195 0.39879 0.159098 0.0813381 0.0626451
 0.00201471 0.361602 0.13076 0.00801467 0.398753 0.159068 0.0813314 0.0626335
 0.00201373 0.361587 0.130749 0.00800983 0.398716 0.159039 0.0813247 0.0626219
 0.00201275 0.361572 0.130738 0.00800499 0.398679 0.159009 0.081318 0.0626103
 0.00201177 0.361557 0.130728 0.00800013 0.398643 0.15898 0.0813113 0.0625987
 0.00201079 0.361542 0.130717 0.00799526 0.398606 0.158951 0.0813047 0.0625872
 0.00200981 0.361528 0.130706 0.00799039 0.398569 0.158921 0.081298 0.0625756
 0.00200883 0.361513 0.130696 0.0079855 0.398533 0.158892 0.0812914 0.0625641
 0.00200785 0.361498 0.130685 0.00798061 0.398496 0.158863 0.0812847 0.0625526
 0.00200687 0.361483 0.130674 0.00797571 0.39846 0.158834 0.0812781 0.0625412
 0.0020059 0.361469 0.130664 0.0079708 0.398423 0.158805 0.0812714 0.0625297
 0.00200492 0.361454 0.130653 0.00796588 0.398387 0.158776 0.0812648 0.0625183
 0.00200395 0.361439 0.130642 0.00796095 0.398351 0.158747 0.0812582 0.0625069
 0.00200297 0.361425 0.130632 0.00795602 0.398315 0.158718 0.0812516 0.0624955
 0.002002 0.36141 0.130621 0.00795108 0.398278 0.158689 0.081245 0.0624842
 0.00200102 0.361395 0.130611 0.00794612 0.398242 0.15866 0.0812385 0.0624728
 0.00200005 0.361381 0.1306 0.00794116 0.398206 0.158631 0.0812319 0.0624615
 0.00199908 0.361366 0.130589 0.0079362 0.39817 0.158603 0.0812253 0.0624502
 0.00199811 0.361351 0.130579 0.00793122 0.398135 0.158574 0.0812188 0.0624389
 0.00199714 0.361337 0.130568 0.00792624 0.398099 0.158545 0.0812123 0.0624276
 0.00199617 0.361322 0.130558 0.00792124 0.398063 0.158517 0.0812057 0.0624164
 0.0019952 0.361308 0.130547 0.00791624 0.398027 0.158488 0.0811992 0.0624052
 0.00199423 0.361293 0.130537 0.00791123 0.397992 0.15846 0.0811927 0.062394
 0.00199326 0.361279 0.130526 0.00790622 0.397956 0.158431 0.0811862 0.0623828
 0.0019923 0.361265 0.130516 0.00790119 0.39792 0.158403 0.0811797 0.0623716
 0.00199133 0.36125 0.130506 0.00789616 0.397885 0.158375 0.0811732 0.0623605
 0.00199037 0.361236 0.130495 0.00789112 0.39785 0.158347 0.0811667 0.0623493
 0.0019894 0.361221 0.130485 0.00788608 0.397814 0.158318 0.0811603 0.0623382
 0.00198844 0.361207 0.130474 0.00788102 0.397779 0.15829 0.0811538 0.0623271
 0.00198747 0.361193 0.130464 0.00787596 0.397744 0.158262 0.0811474 0.0623161
 0.00198651 0.361178 0.130454 0.00787089 0.397709 0.158234 0.0811409 0.062305
 0.00198555 0.361164 0.130443 0.00786581 0.397673 0.158206 0.0811345 0.062294
 0.00198459 0.36115 0.130433 0.00786073 0.397638 0.158178 0.0811281 0.062283
 0.00198363 0.361135 0.130423 0.00785564 0.397603 0.15815 0.0811217 0.062272
 0.00198267 0.361121 0.130412 0.00785054 0.397568 0.158122 0.0811153 0.062261
 0.00198171 0.361107 0.130402 0.00784543 0.397534 0.158094 0.0811089 0.0622501
 0.00198075 0.361093 0.130392 0.00784032 0.397499 0.158067 0.0811025 0.0622391
 0.0019798 0.361079 0.130382 0.0078352 0.397464 0.158039 0.0810961 0.0622282
 0.00197884 0.361064 0.130371 0.00783007 0.397429 0.158011 0.0810898 0.0622173
 0.00197788 0.36105 0.130361 0.00782494 0.397395 0.157984 0.0810834 0.0622064
 0.00197693 0.361036 0.130351 0.0078198 0.39736 0.157956 0.0810771 0.0621956
 0.00197597 0.361022 0.130341 0.00781465 0.397325 0.157929 0.0810707 0.0621847
 0.00197502 0.361008 0.130331 0.00780949 0.397291 0.157901 0.0810644 0.0621739
 0.00197407 0.360994 0.13032 0.00780433 0.397257 0.157874 0.0810581 0.0621631
 0.00197312 0.36098 0.13031 0.00779916 0.397222 0.157846 0.0810518 0.0621523
 0.00197217 0.360966 0.1303 0.00779399 0.397188 0.157819 0.0810455 0.0621416
 0.00197121 0.360952 0.13029 0.00778881 0.397154 0.157792 0.0810392 0.0621308
 0.00197027 0.360938 0.13028 0.00778362 0.397119 0.157764 0.0810329 0.0621201
 0.00196932 0.360924 0.13027 0.00777842 0.397085 0.157737 0.0810266 0.0621094
 0.00196837 0.36091 0.13026 0.00777322 0.397051 0.15771 0.0810203 0.0620987
 0.00196742 0.360896 0.13025 0.00776801 0.397017 0.157683 0.0810141 0.062088
 0.00196647 0.360882 0.13024 0.0077628 0.396983 0.157656 0.0810078 0.0620774
 0.00196553 0.360868 0.13023 0.00775758 0.396949 0.157629 0.0810016 0.0620667
 0.00196458 0.360854 0.13022 0.00775235 0.396915 0.157602 0.0809953 0.0620561
 0.00196364 0.36084 0.13021 0.00774712 0.396881 0.157575 0.0809891 0.0620455
 0.0019627 0.360827 0.1302 0.00774188 0.396848 0.157548 0.0809829 0.0620349
 0.00196175 0.360813 0.13019 0.00773663 0.396814 0.157521 0.0809767 0.0620244
 0.00196081 0.360799 0.13018 0.00773138 0.39678 0.157494 0.0809705 0.0620138
 0.00195987 0.360785 0.13017 0.00772612 0.396747 0.157468 0.0809643 0.0620033
 0.00195893 0.360771 0.13016 0.00772086 0.396713 0.157441 0.0809581 0.0619928
 0.00195799 0.360758 0.13015 0.00771559 0.39668 0.157414 0.0809519 0.0619823
 0.00195705 0.360744 0.13014 0.00771031 0.396646 0.157388 0.0809458 0.0619718
 0.00195611 0.36073 0.13013 0.00770503 0.396613 0.157361 0.0809396 0.0619613
 0.00195518 0.360716 0.13012 0.00769974 0.39658 0.157335 0.0809335 0.0619509
 0.00195424 0.360703 0.13011 0.00769445 0.396546 0.157308 0.0809273 0.0619405
 0.00195331 0.360689 0.1301 0.00768915 0.396513 0.157282 0.0809212 0.0619301
 0.00195237 0.360675 0.130091 0.00768385 0.39648 0.157255 0.0809151 0.0619197
 0.00195144 0.360662 0.130081 0.00767854 0.396447 0.157229 0.0809089 0.0619093
 0.0019505 0.360648 0.130071 0.00767322 0.396414 0.157203 0.0809028 0.061899
 0.00194957 0.360635 0.130061 0.0076679 0.396381 0.157176 0.0808967 0.0618886
 0.00194864 0.360621 0.130051 0.00766257 0.396348 0.15715 0.0808906 0.0618783
 0.00194771 0.360607 0.130042 0.00765724 0.396315 0.157124 0.0808846 0.061868
 0.00194678 0.360594 0.130032 0.0076519 0.396282 0.157098 0.0808785 0.0618577
 0.00194585 0.36058 0.130022 0.00764656 0.396249 0.157072 0.0808724 0.0618474
 0.00194492 0.360567 0.130012 0.00764121 0.396216 0.157046 0.0808664 0.0618372
 0.00194399 0.360553 0.130003 0.00763586 0.396184 0.15702 0.0808603 0.061827
 0.00194307 0.36054 0.129993 0.0076305 0.396151 0.156994 0.0808543 0.0618167
 0.00194214 0.360527 0.129983 0.00762514 0.396119 0.156968 0.0808482 0.0618065
 0.00194122 0.360513 0.129973 0.00761977 0.396086 0.156942 0.0808422 0.0617964
 0.00194029 0.3605 0.129964 0.0076144 0.396054 0.156916 0.0808362 0.0617862
 0.00193937 0.360486 0.129954 0.00760902 0.396021 0.156891 0.0808302 0.061776
 0.00193844 0.360473 0.129944 0.00760363 0.395989 0.156865 0.0808242 0.0617659
 0.00193752 0.36046 0.129935 0.00759824 0.395956 0.156839 0.0808182 0.0617558
 0.0019366 0.360446 0.129925 0.00759285 0.395924 0.156814 0.0808122 0.0617457
 0.00193568 0.360433 0.129916 0.00758745 0.395892 0.156788 0.0808062 0.0617356
 0.00193476 0.36042 0.129906 0.00758205 0.39586 0.156762 0.0808002 0.0617256
 0.00193384 0.360406 0.129896 0.00757664 0.395828 0.156737 0.0807943 0.0617155
 0.00193293 0.360393 0.129887 0.00757123 0.395795 0.156711 0.0807883 0.0617055
 0.00193201 0.36038 0.129877 0.00756581 0.395763 0.156686 0.0807824 0.0616955
 0.00193109 0.360366 0.129868 0.00756039 0.395731 0.156661 0.0807764 0.0616855
 0.00193018 0.360353 0.129858 0.00755496 0.3957 0.156635 0.0807705 0.0616755
 0.00192926 0.36034 0.129849 0.00754953 0.395668 0.15661 0.0807646 0.0616655
 0.00192835 0.360327 0.129839 0.00754409 0.395636 0.156585 0.0807587 0.0616556
 0.00192744 0.360314 0.12983 0.00753865 0.395604 0.156559 0.0807527 0.0616456
 0.00192652 0.3603 0.12982 0.00753321 0.395572 0.156534 0.0807468 0.0616357
 0.00192561 0.360287 0.129811 0.00752776 0.395541 0.156509 0.080741 0.0616258
 0.0019247 0.360274 0.129801 0.00752231 0.395509 0.156484 0.0807351 0.0616159
 0.00192379 0.360261 0.129792 0.00751685 0.395477 0.156459 0.0807292 0.0616061
 0.00192288 0.360248 0.129782 0.00751139 0.395446 0.156434 0.0807233 0.0615962
 0.00192198 0.360235 0.129773 0.00750592 0.395414 0.156409 0.0807175 0.0615864
 0.00192107 0.360222 0.129763 0.00750045 0.395383 0.156384 0.0807116 0.0615765
 0.00192016 0.360209 0.129754 0.00749498 0.395352 0.156359 0.0807057 0.0615667
 0.00191926 0.360196 0.129745 0.0074895 0.39532 0.156334 0.0806999 0.061557
 0.00191835 0.360183 0.129735 0.00748402 0.395289 0.156309 0.0806941 0.0615472
 0.00191745 0.36017 0.129726 0.00747853 0.395258 0.156285 0.0806882 0.0615374
 0.00191654 0.360157 0.129717 0.00747304 0.395227 0.15626 0.0806824 0.0615277
 0.00191564 0.360144 0.129707 0.00746755 0.395195 0.156235 0.0806766 0.061518
 0.00191474 0.360131 0.129698 0.00746205 0.395164 0.15621 0.0806708 0.0615082
 0.00191384 0.360118 0.129689 0.00745655 0.395133 0.156186 0.080665 0.0614985
 0.00191294 0.360105 0.129679 0.00745104 0.395102 0.156161 0.0806592 0.0614889
 0.00191204 0.360092 0.12967 0.00744553 0.395071 0.156137 0.0806534 0.0614792
 0.00191114 0.360079 0.129661 0.00744002 0.39504 0.156112 0.0806477 0.0614696
 0.00191025 0.360066 0.129651 0.0074345 0.395009 0.156088 0.0806419 0.0614599
 0.00190935 0.360053 0.129642 0.00742898 0.394979 0.156063 0.0806361 0.0614503
 0.00190845 0.360041 0.129633 0.00742346 0.394948 0.156039 0.0806304 0.0614407
 0.00190756 0.360028 0.129624 0.00741793 0.394917 0.156015 0.0806247 0.0614311
 0.00190667 0.360015 0.129614 0.0074124 0.394887 0.15599 0.0806189 0.0614216
 0.00190577 0.360002 0.129605 0.00740686 0.394856 0.155966 0.0806132 0.061412
 0.00190488 0.359989 0.129596 0.00740132 0.394825 0.155942 0.0806075 0.0614025
 0.00190399 0.359977 0.129587 0.00739578 0.394795 0.155918 0.0806017 0.0613929
 0.0019031 0.359964 0.129578 0.00739024 0.394764 0.155893 0.080596 0.0613834
 0.00190221 0.359951 0.129568 0.00738469 0.394734 0.155869 0.0805903 0.0613739
 0.00190132 0.359939 0.129559 0.00737914 0.394703 0.155845 0.0805846 0.0613644
 0.00190043 0.359926 0.12955 0.00737358 0.394673 0.155821 0.0805789 0.061355
 0.00189954 0.359913 0.129541 0.00736802 0.394643 0.155797 0.0805733 0.0613455
 0.00189866 0.3599 0.129532 0.00736246 0.394613 0.155773 0.0805676 0.0613361
 0.00189777 0.359888 0.129523 0.0073569 0.394582 0.155749 0.0805619 0.0613267
 0.00189689 0.359875 0.129514 0.00735133 0.394552 0.155725 0.0805563 0.0613173
 0.001896 0.359863 0.129505 0.00734576 0.394522 0.155702 0.0805506 0.0613079
 0.00189512 0.35985 0.129496 0.00734019 0.394492 0.155678 0.080545 0.0612985
 0.00189424 0.359837 0.129487 0.00733461 0.394462 0.155654 0.0805393 0.0612892
 0.00189336 0.359825 0.129477 0.00732903 0.394432 0.15563 0.0805337 0.0612798
 0.00189248 0.359812 0.129468 0.00732345 0.394402 0.155607 0.0805281 0.0612705
 0.0018916 0.3598 0.129459 0.00731786 0.394372 0.155583 0.0805225 0.0612612
 0.00189072 0.359787 0.12945 0.00731227 0.394342 0.155559 0.0805169 0.0612519
 0.00188984 0.359775 0.129441 0.00730668 0.394313 0.155536 0.0805112 0.0612426
 0.00188896 0.359762 0.129432 0.00730109 0.394283 0.155512 0.0805057 0.0612333
 0.00188809 0.35975 0.129423 0.00729549 0.394253 0.155489 0.0805001 0.061224
 0.00188721 0.359737 0.129414 0.00728989 0.394223 0.155465 0.0804945 0.0612148
 0.00188634 0.359725 0.129405 0.00728429 0.394194 0.155442 0.0804889 0.0612056
 0.00188546 0.359712 0.129396 0.00727869 0.394164 0.155418 0.0804833 0.0611964
 0.00188459 0.3597 0.129388 0.00727308 0.394135 0.155395 0.0804778 0.0611872
 0.00188372 0.359687 0.129379 0.00726747 0.394105 0.155372 0.0804722 0.061178
 0.00188285 0.359675 0.12937 0.00726186 0.394076 0.155348 0.0804667 0.0611688
 0.00188198 0.359663 0.129361 0.00725624 0.394046 0.155325 0.0804611 0.0611596
 0.00188111 0.35965 0.129352 0.00725062 0.394017 0.155302 0.0804556 0.0611505
 0.00188024 0.359638 0.129343 0.007245 0.393988 0.155279 0.0804501 0.0611414
 0.00187937 0.359626 0.129334 0.00723938 0.393958 0.155256 0.0804445 0.0611323
 0.0018785 0.359613 0.129325 0.00723376 0.393929 0.155232 0.080439 0.0611232
 0.00187764 0.359601 0.129316 0.00722813 0.3939 0.155209 0.0804335 0.0611141
 0.00187677 0.359589 0.129308 0.0072225 0.393871 0.155186 0.080428 0.061105
 0.00187591 0.359576 0.129299 0.00721687 0.393842 0.155163 0.0804225 0.0610959
 0.00187505 0.359564 0.12929 0.00721124 0.393813 0.15514 0.080417 0.0610869
 0.00187418 0.359552 0.129281 0.0072056 0.393784 0.155117 0.0804115 0.0610779
 0.00187332 0.35954 0.129272 0.00719996 0.393755 0.155095 0.0804061 0.0610689
 0.00187246 0.359527 0.129263 0.00719432 0.393726 0.155072 0.0804006 0.0610598
 0.0018716 0.359515 0.129255 0.00718868 0.393697 0.155049 0.0803951 0.0610509
 0.00187074 0.359503 0.129246 0.00718303 0.393668 0.155026 0.0803897 0.0610419
 0.00186988 0.359491 0.129237 0.00717739 0.393639 0.155003 0.0803842 0.0610329
 0.00186902 0.359479 0.129228 0.00717174 0.39361 0.154981 0.0803788 0.061024
 0.00186817 0.359466 0.12922 0.00716609 0.393582 0.154958 0.0803734 0.061015
 0.00186731 0.359454 0.129211 0.00716044 0.393553 0.154935 0.0803679 0.0610061
 0.00186646 0.359442 0.129202 0.00715478 0.393524 0.154913 0.0803625 0.0609972
 0.0018656 0.35943 0.129193 0.00714913 0.393496 0.15489 0.0803571 0.0609883
 0.00186475 0.359418 0.129185 0.00714347 0.393467 0.154868 0.0803517 0.0609795
 0.0018639 0.359406 0.129176 0.00713781 0.393439 0.154845 0.0803463 0.0609706
 0.00186304 0.359394 0.129167 0.00713215 0.39341 0.154823 0.0803409 0.0609617
 0.00186219 0.359382 0.129159 0.00712648 0.393382 0.1548 0.0803355 0.0609529
 0.00186134 0.35937 0.12915 0.00712082 0.393353 0.154778 0.0803301 0.0609441
 0.0018605 0.359358 0.129141 0.00711515 0.393325 0.154755 0.0803247 0.0609353
 0.00185965 0.359346 0.129133 0.00710948 0.393297 0.154733 0.0803193 0.0609265
 0.0018588 0.359334 0.129124 0.00710381 0.393269 0.154711 0.080314 0.0609177
 0.00185795 0.359322 0.129116 0.00709814 0.39324 0.154688 0.0803086 0.0609089
 0.00185711 0.35931 0.129107 0.00709247 0.393212 0.154666 0.0803033 0.0609002
 0.00185626 0.359298 0.129098 0.00708679 0.393184 0.154644 0.0802979 0.0608914
 0.00185542 0.359286 0.12909 0.00708111 0.393156 0.154622 0.0802926 0.0608827
 0.00185457 0.359274 0.129081 0.00707544 0.393128 0.1546 0.0802872 0.060874
 0.00185373 0.359262 0.129073 0.00706976 0.3931 0.154577 0.0802819 0.0608653
 0.00185289 0.35925 0.129064 0.00706407 0.393072 0.154555 0.0802766 0.0608566
 0.00185205 0.359238 0.129056 0.00705839 0.393044 0.154533 0.0802713 0.0608479
 0.00185121 0.359226 0.129047 0.00705271 0.393016 0.154511 0.080266 0.0608392
 0.00185037 0.359214 0.129038 0.00704702 0.392988 0.154489 0.0802607 0.0608306
 0.00184953 0.359203 0.12903 0.00704134 0.39296 0.154467 0.0802554 0.0608219
 0.0018487 0.359191 0.129021 0.00703565 0.392933 0.154446 0.0802501 0.0608133
 0.00184786 0.359179 0.129013 0.00702996 0.392905 0.154424 0.0802448 0.0608047
 0.00184702 0.359167 0.129004 0.00702427 0.392877 0.154402 0.0802395 0.0607961
 0.00184619 0.359155 0.128996 0.00701858 0.39285 0.15438 0.0802342 0.0607875
 0.00184536 0.359144 0.128987 0.00701289 0.392822 0.154358 0.080229 0.0607789
 0.00184452 0.359132 0.128979 0.00700719 0.392794 0.154337 0.0802237 0.0607704
 0.00184369 0.35912 0.128971 0.0070015 0.392767 0.154315 0.0802184 0.0607618
 0.00184286 0.359108 0.128962 0.0069958 0.392739 0.154293 0.0802132 0.0607533
 0.00184203 0.359097 0.128954 0.0069901 0.392712 0.154271 0.0802079 0.0607448
 0.0018412 0.359085 0.128945 0.00698441 0.392684 0.15425 0.0802027 0.0607362
 0.00184037 0.359073 0.128937 0.00697871 0.392657 0.154228 0.0801975 0.0607277
 0.00183954 0.359061 0.128928 0.00697301 0.39263 0.154207 0.0801922 0.0607193
 0.00183872 0.35905 0.12892 0.00696731 0.392602 0.154185 0.080187 0.0607108
 0.00183789 0.359038 0.128912 0.0069616 0.392575 0.154164 0.0801818 0.0607023
 0.00183706 0.359026 0.128903 0.0069559 0.392548 0.154142 0.0801766 0.0606939
 0.00183624 0.359015 0.128895 0.0069502 0.392521 0.154121 0.0801714 0.0606854
 0.00183542 0.359003 0.128887 0.00694449 0.392494 0.154099 0.0801662 0.060677
 0.00183459 0.358992 0.128878 0.00693879 0.392466 0.154078 0.080161 0.0606686
 0.00183377 0.35898 0.12887 0.00693308 0.392439 0.154057 0.0801558 0.0606602
 0.00183295 0.358968 0.128862 0.00692737 0.392412 0.154035 0.0801507 0.0606518
 0.00183213 0.358957 0.128853 0.00692166 0.392385 0.154014 0.0801455 0.0606435
 0.00183131 0.358945 0.128845 0.00691596 0.392358 0.153993 0.0801403 0.0606351
 0.00183049 0.358934 0.128837 0.00691025 0.392332 0.153972 0.0801352 0.0606267
 0.00182968 0.358922 0.128828 0.00690454 0.392305 0.153951 0.08013 0.0606184
 0.00182886 0.358911 0.12882 0.00689883 0.392278 0.153929 0.0801249 0.0606101
 0.00182804 0.358899 0.128812 0.00689312 0.392251 0.153908 0.0801197 0.0606018
 0.00182723 0.358888 0.128804 0.0068874 0.392224 0.153887 0.0801146 0.0605935
 0.00182641 0.358876 0.128795 0.00688169 0.392197 0.153866 0.0801094 0.0605852
 0.0018256 0.358865 0.128787 0.00687598 0.392171 0.153845 0.0801043 0.0605769
 0.00182479 0.358853 0.128779 0.00687026 0.392144 0.153824 0.0800992 0.0605686
 0.00182397 0.358842 0.128771 0.00686455 0.392118 0.153803 0.0800941 0.0605604
 0.00182316 0.35883 0.128762 0.00685884 0.392091 0.153782 0.080089 0.0605522
 0.00182235 0.358819 0.128754 0.00685312 0.392064 0.153761 0.0800839 0.0605439
 0.00182154 0.358807 0.128746 0.00684741 0.392038 0.153741 0.0800788 0.0605357
 0.00182074 0.358796 0.128738 0.00684169 0.392011 0.15372 0.0800737 0.0605275
 0.00181993 0.358785 0.12873 0.00683597 0.391985 0.153699 0.0800686 0.0605193
 0.00181912 0.358773 0.128721 0.00683026 0.391959 0.153678 0.0800635 0.0605111
 0.00181832 0.358762 0.128713 0.00682454 0.391932 0.153657 0.0800584 0.060503
 0.00181751 0.35875 0.128705 0.00681882 0.391906 0.153637 0.0800534 0.0604948
 0.00181671 0.358739 0.128697 0.00681311 0.39188 0.153616 0.0800483 0.0604867
 0.0018159 0.358728 0.128689 0.00680739 0.391853 0.153595 0.0800432 0.0604785
 0.0018151 0.358716 0.128681 0.00680167 0.391827 0.153575 0.0800382 0.0604704
 0.0018143 0.358705 0.128673 0.00679595 0.391801 0.153554 0.0800331 0.0604623
 0.0018135 0.358694 0.128665 0.00679023 0.391775 0.153534 0.0800281 0.0604542
 0.0018127 0.358683 0.128656 0.00678452 0.391749 0.153513 0.0800231 0.0604461
 0.0018119 0.358671 0.128648 0.0067788 0.391723 0.153493 0.080018 0.0604381
 0.0018111 0.35866 0.12864 0.00677308 0.391697 0.153472 0.080013 0.06043
 0.0018103 0.358649 0.128632 0.00676736 0.391671 0.153452 0.080008 0.060422
 0.00180951 0.358638 0.128624 0.00676164 0.391645 0.153431 0.080003 0.0604139
 0.00180871 0.358626 0.128616 0.00675592 0.391619 0.153411 0.079998 0.0604059
 0.00180792 0.358615 0.128608 0.0067502 0.391593 0.153391 0.0799929 0.0603979
 0.00180712 0.358604 0.1286 0.00674448 0.391567 0.15337 0.0799879 0.0603899
 0.00180633 0.358593 0.128592 0.00673877 0.391541 0.15335 0.079983 0.0603819
 0.00180554 0.358582 0.128584 0.00673305 0.391515 0.15333 0.079978 0.0603739
 0.00180475 0.35857 0.128576 0.00672733 0.39149 0.153309 0.079973 0.0603659
 0.00180396 0.358559 0.128568 0.00672161 0.391464 0.153289 0.079968 0.060358
 0.00180317 0.358548 0.12856 0.00671589 0.391438 0.153269 0.079963 0.06035
 0.00180238 0.358537 0.128552 0.00671017 0.391413 0.153249 0.0799581 0.0603421
 0.00180159 0.358526 0.128544 0.00670445 0.391387 0.153229 0.0799531 0.0603342
 0.0018008 0.358515 0.128536 0.00669874 0.391361 0.153209 0.0799482 0.0603263
 0.00180001 0.358504 0.128528 0.00669302 0.391336 0.153189 0.0799432 0.0603184
 0.00179923 0.358493 0.12852 0.0066873 0.39131 0.153169 0.0799383 0.0603105
 0.00179844 0.358481 0.128512 0.00668158 0.391285 0.153149 0.0799333 0.0603026
 0.00179766 0.35847 0.128504 0.00667586 0.391259 0.153129 0.0799284 0.0602947
 0.00179688 0.358459 0.128496 0.00667015 0.391234 0.153109 0.0799235 0.0602869
 0.0017961 0.358448 0.128488 0.00666443 0.391209 0.153089 0.0799185 0.060279
 0.00179531 0.358437 0.12848 0.00665871 0.391183 0.153069 0.0799136 0.0602712
 0.00179453 0.358426 0.128473 0.006653 0.391158 0.153049 0.0799087 0.0602634
 0.00179375 0.358415 0.128465 0.00664728 0.391133 0.153029 0.0799038 0.0602556
 0.00179297 0.358404 0.128457 0.00664157 0.391108 0.153009 0.0798989 0.0602478
 0.0017922 0.358393 0.128449 0.00663585 0.391082 0.152989 0.079894 0.06024
 0.00179142 0.358382 0.128441 0.00663014 0.391057 0.15297 0.0798891 0.0602322
 0.00179064 0.358371 0.128433 0.00662442 0.391032 0.15295 0.0798842 0.0602244
 0.00178987 0.35836 0.128425 0.00661871 0.391007 0.15293 0.0798793 0.0602167
 0.00178909 0.358349 0.128418 0.006613 0.390982 0.152911 0.0798744 0.0602089
 0.00178832 0.358339 0.12841 0.00660728 0.390957 0.152891 0.0798696 0.0602012
 0.00178755 0.358328 0.128402 0.00660157 0.390932 0.152871 0.0798647 0.0601935
 0.00178677 0.358317 0.128394 0.00659586 0.390907 0.152852 0.0798598 0.0601857
 0.001786 0.358306 0.128386 0.00659015 0.390882 0.152832 0.079855 0.060178
 0.00178523 0.358295 0.128378 0.00658444 0.390857 0.152813 0.0798501 0.0601704
 0.00178446 0.358284 0.128371 0.00657873 0.390832 0.152793 0.0798453 0.0601627
 0.00178369 0.358273 0.128363 0.00657302 0.390807 0.152774 0.0798404 0.060155
 0.00178292 0.358262 0.128355 0.00656731 0.390783 0.152754 0.0798356 0.0601473
 0.00178216 0.358252 0.128347 0.0065616 0.390758 0.152735 0.0798308 0.0601397
 0.00178139 0.358241 0.12834 0.00655589 0.390733 0.152715 0.0798259 0.0601321
 0.00178063 0.35823 0.128332 0.00655019 0.390709 0.152696 0.0798211 0.0601244
 0.00177986 0.358219 0.128324 0.00654448 0.390684 0.152677 0.0798163 0.0601168
 0.0017791 0.358208 0.128316 0.00653878 0.390659 0.152657 0.0798115 0.0601092
 0.00177833 0.358197 0.128309 0.00653307 0.390635 0.152638 0.0798067 0.0601016
 0.00177757 0.358187 0.128301 0.00652737 0.39061 0.152619 0.0798019 0.060094
 0.00177681 0.358176 0.128293 0.00652167 0.390586 0.1526 0.0797971 0.0600865
 0.00177605 0.358165 0.128285 0.00651596 0.390561 0.15258 0.0797923 0.0600789
 0.00177529 0.358154 0.128278 0.00651026 0.390537 0.152561 0.0797875 0.0600713
 0.00177453 0.358144 0.12827 0.00650456 0.390512 0.152542 0.0797827 0.0600638
 0.00177377 0.358133 0.128262 0.00649886 0.390488 0.152523 0.0797779 0.0600563
 0.00177301 0.358122 0.128255 0.00649316 0.390463 0.152504 0.0797732 0.0600487
 0.00177226 0.358112 0.128247 0.00648746 0.390439 0.152485 0.0797684 0.0600412
 0.0017715 0.358101 0.128239 0.00648177 0.390415 0.152466 0.0797636 0.0600337
 0.00177075 0.35809 0.128232 0.00647607 0.390391 0.152447 0.0797589 0.0600262
 0.00176999 0.35808 0.128224 0.00647038 0.390366 0.152428 0.0797541 0.0600188
 0.00176924 0.358069 0.128216 0.00646468 0.390342 0.152409 0.0797494 0.0600113
 0.00176849 0.358058 0.128209 0.00645899 0.390318 0.15239 0.0797446 0.0600038
 0.00176774 0.358048 0.128201 0.0064533 0.390294 0.152371 0.0797399 0.0599964
 0.00176699 0.358037 0.128194 0.0064476 0.39027 0.152352 0.0797352 0.0599889
 0.00176624 0.358026 0.128186 0.00644191 0.390246 0.152333 0.0797304 0.0599815
 0.00176549 0.358016 0.128178 0.00643622 0.390222 0.152314 0.0797257 0.0599741
 0.00176474 0.358005 0.128171 0.00643054 0.390198 0.152295 0.079721 0.0599667
 0.00176399 0.357995 0.128163 0.00642485 0.390174 0.152277 0.0797163 0.0599593
 0.00176324 0.357984 0.128156 0.00641916 0.39015 0.152258 0.0797116 0.0599519
 0.0017625 0.357973 0.128148 0.00641348 0.390126 0.152239 0.0797069 0.0599445
 0.00176175 0.357963 0.128141 0.00640779 0.390102 0.15222 0.0797022 0.0599372
 0.00176101 0.357952 0.128133 0.00640211 0.390078 0.152202 0.0796975 0.0599298
 0.00176027 0.357942 0.128125 0.00639643 0.390054 0.152183 0.0796928 0.0599225
 0.00175952 0.357931 0.128118 0.00639075 0.39003 0.152164 0.0796881 0.0599151
 0.00175878 0.357921 0.12811 0.00638507 0.390007 0.152146 0.0796834 0.0599078
 0.00175804 0.35791 0.128103 0.00637939 0.389983 0.152127 0.0796787 0.0599005
 0.0017573 0.3579 0.128095 0.00637371 0.389959 0.152109 0.0796741 0.0598932
 0.00175656 0.357889 0.128088 0.00636804 0.389935 0.15209 0.0796694 0.0598859
 0.00175582 0.357879 0.12808 0.00636236 0.389912 0.152072 0.0796647 0.0598786
 0.00175509 0.357868 0.128073 0.00635669 0.389888 0.152053 0.0796601 0.0598713
 0.00175435 0.357858 0.128065 0.00635102 0.389865 0.152035 0.0796554 0.059864
 0.00175361 0.357848 0.128058 0.00634535 0.389841 0.152016 0.0796508 0.0598568
 0.00175288 0.357837 0.12805 0.00633968 0.389818 0.151998 0.0796461 0.0598495
 0.00175214 0.357827 0.128043 0.00633401 0.389794 0.15198 0.0796415 0.0598423
 0.00175141 0.357816 0.128036 0.00632835 0.389771 0.151961 0.0796368 0.0598351
 0.00175068 0.357806 0.128028 0.00632268 0.389747 0.151943 0.0796322 0.0598278
 0.00174995 0.357795 0.128021 0.00631702 0.389724 0.151925 0.0796276 0.0598206
 0.00174921 0.357785 0.128013 0.00631135 0.3897 0.151906 0.079623 0.0598134
 0.00174848 0.357775 0.128006 0.00630569 0.389677 0.151888 0.0796183 0.0598062
 0.00174775 0.357764 0.127998 0.00630003 0.389654 0.15187 0.0796137 0.0597991
 0.00174703 0.357754 0.127991 0.00629437 0.38963 0.151852 0.0796091 0.0597919
 0.0017463 0.357744 0.127984 0.00628872 0.389607 0.151833 0.0796045 0.0597847
 0.00174557 0.357733 0.127976 0.00628306 0.389584 0.151815 0.0795999 0.0597776
 0.00174484 0.357723 0.127969 0.00627741 0.389561 0.151797 0.0795953 0.0597704
 0.00174412 0.357713 0.127961 0.00627176 0.389538 0.151779 0.0795907 0.0597633
 0.00174339 0.357702 0.127954 0.0062661 0.389515 0.151761 0.0795861 0.0597562
 0.00174267 0.357692 0.127947 0.00626045 0.389491 0.151743 0.0795816 0.0597491
 0.00174195 0.357682 0.127939 0.00625481 0.389468 0.151725 0.079577 0.059742
 0.00174123 0.357672 0.127932 0.00624916 0.389445 0.151707 0.0795724 0.0597349
 0.0017405 0.357661 0.127925 0.00624352 0.389422 0.151689 0.0795678 0.0597278
 0.00173978 0.357651 0.127917 0.00623787 0.389399 0.151671 0.0795633 0.0597207
 0.00173906 0.357641 0.12791 0.00623223 0.389376 0.151653 0.0795587 0.0597137
 0.00173834 0.357631 0.127903 0.00622659 0.389353 0.151635 0.0795542 0.0597066
 0.00173763 0.35762 0.127895 0.00622095 0.389331 0.151617 0.0795496 0.0596996
 0.00173691 0.35761 0.127888 0.00621531 0.389308 0.151599 0.0795451 0.0596925
 0.00173619 0.3576 0.127881 0.00620968 0.389285 0.151581 0.0795405 0.0596855
 0.00173548 0.35759 0.127873 0.00620405 0.389262 0.151563 0.079536 0.0596785
 0.00173476 0.357579 0.127866 0.00619841 0.389239 0.151546 0.0795315 0.0596715
 0.00173405 0.357569 0.127859 0.00619278 0.389217 0.151528 0.0795269 0.0596645
 0.00173333 0.357559 0.127852 0.00618715 0.389194 0.15151 0.0795224 0.0596575
 0.00173262 0.357549 0.127844 0.00618153 0.389171 0.151492 0.0795179 0.0596505
 0.00173191 0.357539 0.127837 0.0061759 0.389149 0.151475 0.0795134 0.0596435
 0.0017312 0.357529 0.12783 0.00617028 0.389126 0.151457 0.0795089 0.0596366
 0.00173049 0.357519 0.127823 0.00616466 0.389103 0.151439 0.0795044 0.0596296
 0.00172978 0.357508 0.127815 0.00615904 0.389081 0.151422 0.0794998 0.0596227
 0.00172907 0.357498 0.127808 0.00615342 0.389058 0.151404 0.0794954 0.0596157
 0.00172836 0.357488 0.127801 0.0061478 0.389036 0.151387 0.0794909 0.0596088
 0.00172766 0.357478 0.127794 0.00614219 0.389013 0.151369 0.0794864 0.0596019
 0.00172695 0.357468 0.127786 0.00613657 0.388991 0.151351 0.0794819 0.059595
 0.00172624 0.357458 0.127779 0.00613096 0.388968 0.151334 0.0794774 0.0595881
 0.00172554 0.357448 0.127772 0.00612535 0.388946 0.151316 0.0794729 0.0595812
 0.00172484 0.357438 0.127765 0.00611975 0.388923 0.151299 0.0794684 0.0595743
 0.00172413 0.357428 0.127758 0.00611414 0.388901 0.151281 0.079464 0.0595674
 0.00172343 0.357418 0.12775 0.00610854 0.388879 0.151264 0.0794595 0.0595606
 0.00172273 0.357408 0.127743 0.00610293 0.388857 0.151247 0.0794551 0.0595537
 0.00172203 0.357398 0.127736 0.00609733 0.388834 0.151229 0.0794506 0.0595469
 0.00172133 0.357388 0.127729 0.00609174 0.388812 0.151212 0.0794461 0.05954
 0.00172063 0.357378 0.127722 0.00608614 0.38879 0.151195 0.0794417 0.0595332
 0.00171993 0.357368 0.127715 0.00608054 0.388768 0.151177 0.0794373 0.0595264
 0.00171923 0.357358 0.127708 0.00607495 0.388746 0.15116 0.0794328 0.0595196
 0.00171854 0.357348 0.1277 0.00606936 0.388723 0.151143 0.0794284 0.0595128
 0.00171784 0.357338 0.127693 0.00606377 0.388701 0.151125 0.0794239 0.059506
 0.00171715 0.357328 0.127686 0.00605819 0.388679 0.151108 0.0794195 0.0594992
 0.00171645 0.357318 0.127679 0.0060526 0.388657 0.151091 0.0794151 0.0594924
 0.00171576 0.357308 0.127672 0.00604702 0.388635 0.151074 0.0794107 0.0594857
 0.00171506 0.357298 0.127665 0.00604144 0.388613 0.151057 0.0794063 0.0594789
 0.00171437 0.357288 0.127658 0.00603586 0.388591 0.15104 0.0794019 0.0594722
 0.00171368 0.357278 0.127651 0.00603028 0.388569 0.151022 0.0793974 0.0594654
 0.00171299 0.357268 0.127644 0.00602471 0.388547 0.151005 0.079393 0.0594587
 0.0017123 0.357258 0.127636 0.00601913 0.388526 0.150988 0.0793886 0.059452
 0.00171161 0.357249 0.127629 0.00601356 0.388504 0.150971 0.0793842 0.0594453
 0.00171092 0.357239 0.127622 0.00600799 0.388482 0.150954 0.0793799 0.0594386
 0.00171024 0.357229 0.127615 0.00600243 0.38846 0.150937 0.0793755 0.0594319
 0.00170955 0.357219 0.127608 0.00599686 0.388438 0.15092 0.0793711 0.0594252
 0.00170886 0.357209 0.127601 0.0059913 0.388417 0.150903 0.0793667 0.0594185
 0.00170818 0.357199 0.127594 0.00598574 0.388395 0.150886 0.0793623 0.0594119
 0.0017075 0.357189 0.127587 0.00598018 0.388373 0.150869 0.079358 0.0594052
 0.00170681 0.35718 0.12758 0.00597463 0.388351 0.150853 0.0793536 0.0593985
 0.00170613 0.35717 0.127573 0.00596907 0.38833 0.150836 0.0793492 0.0593919
 0.00170545 0.35716 0.127566 0.00596352 0.388308 0.150819 0.0793449 0.0593853
 0.00170477 0.35715 0.127559 0.00595797 0.388287 0.150802 0.0793405 0.0593786
 0.00170409 0.35714 0.127552 0.00595242 0.388265 0.150785 0.0793362 0.059372
 0.00170341 0.357131 0.127545 0.00594688 0.388244 0.150768 0.0793318 0.0593654
 0.00170273 0.357121 0.127538 0.00594133 0.388222 0.150752 0.0793275 0.0593588
 0.00170205 0.357111 0.127531 0.00593579 0.388201 0.150735 0.0793231 0.0593522
 0.00170137 0.357101 0.127524 0.00593025 0.388179 0.150718 0.0793188 0.0593457
 0.0017007 0.357092 0.127517 0.00592472 0.388158 0.150702 0.0793145 0.0593391
 0.00170002 0.357082 0.12751 0.00591918 0.388136 0.150685 0.0793102 0.0593325
 0.00169934 0.357072 0.127503 0.00591365 0.388115 0.150668 0.0793058 0.059326
 0.00169867 0.357062 0.127496 0.00590812 0.388094 0.150652 0.0793015 0.0593194
 0.001698 0.357053 0.127489 0.00590259 0.388072 0.150635 0.0792972 0.0593129
 0.00169732 0.357043 0.127483 0.00589707 0.388051 0.150618 0.0792929 0.0593063
 0.00169665 0.357033 0.127476 0.00589154 0.38803 0.150602 0.0792886 0.0592998
 0.00169598 0.357024 0.127469 0.00588602 0.388008 0.150585 0.0792843 0.0592933
 0.00169531 0.357014 0.127462 0.0058805 0.387987 0.150569 0.07928 0.0592868
 0.00169464 0.357004 0.127455 0.00587499 0.387966 0.150552 0.0792757 0.0592803
 0.00169397 0.356995 0.127448 0.00586947 0.387945 0.150536 0.0792714 0.0592738
 0.0016933 0.356985 0.127441 0.00586396 0.387924 0.150519 0.0792671 0.0592673
 0.00169264 0.356975 0.127434 0.00585845 0.387903 0.150503 0.0792628 0.0592608
 0.00169197 0.356966 0.127427 0.00585294 0.387882 0.150486 0.0792585 0.0592544
 0.0016913 0.356956 0.12742 0.00584744 0.387861 0.15047 0.0792543 0.0592479
 0.00169064 0.356946 0.127414 0.00584194 0.38784 0.150454 0.07925 0.0592415
 0.00168998 0.356937 0.127407 0.00583644 0.387819 0.150437 0.0792457 0.059235
 0.00168931 0.356927 0.1274 0.00583094 0.387798 0.150421 0.0792414 0.0592286
 0.00168865 0.356918 0.127393 0.00582544 0.387777 0.150405 0.0792372 0.0592222
 0.00168799 0.356908 0.127386 0.00581995 0.387756 0.150388 0.0792329 0.0592157
 0.00168733 0.356898 0.127379 0.00581446 0.387735 0.150372 0.0792287 0.0592093
 0.00168667 0.356889 0.127372 0.00580897 0.387714 0.150356 0.0792244 0.0592029
 0.00168601 0.356879 0.127366 0.00580348 0.387693 0.15034 0.0792202 0.0591965
 0.00168535 0.35687 0.127359 0.005798 0.387672 0.150323 0.0792159 0.0591902
 0.00168469 0.35686 0.127352 0.00579252 0.387651 0.150307 0.0792117 0.0591838
 0.00168403 0.356851 0.127345 0.00578704 0.387631 0.150291 0.0792075 0.0591774
 0.00168337 0.356841 0.127338 0.00578156 0.38761 0.150275 0.0792032 0.0591711
 0.00168272 0.356832 0.127332 0.00577609 0.387589 0.150259 0.079199 0.0591647
 0.00168206 0.356822 0.127325 0.00577062 0.387568 0.150243 0.0791948 0.0591584
 0.00168141 0.356813 0.127318 0.00576515 0.387548 0.150226 0.0791906 0.059152
 0.00168076 0.356803 0.127311 0.00575968 0.387527 0.15021 0.0791863 0.0591457
 0.0016801 0.356794 0.127304 0.00575422 0.387506 0.150194 0.0791821 0.0591394
 0.00167945 0.356784 0.127298 0.00574875 0.387486 0.150178 0.0791779 0.0591331
 0.0016788 0.356775 0.127291 0.0057433 0.387465 0.150162 0.0791737 0.0591268
 0.00167815 0.356765 0.127284 0.00573784 0.387445 0.150146 0.0791695 0.0591205
 0.0016775 0.356756 0.127277 0.00573238 0.387424 0.15013 0.0791653 0.0591142
 0.00167685 0.356746 0.127271 0.00572693 0.387404 0.150114 0.0791611 0.0591079
 0.0016762 0.356737 0.127264 0.00572148 0.387383 0.150098 0.0791569 0.0591016
 0.00167555 0.356727 0.127257 0.00571604 0.387363 0.150083 0.0791527 0.0590953
 0.00167491 0.356718 0.12725 0.00571059 0.387342 0.150067 0.0791485 0.0590891
 0.00167426 0.356709 0.127244 0.00570515 0.387322 0.150051 0.0791444 0.0590828
 0.00167361 0.356699 0.127237 0.00569971 0.387301 0.150035 0.0791402 0.0590766
 0.00167297 0.35669 0.12723 0.00569427 0.387281 0.150019 0.079136 0.0590704
 0.00167233 0.35668 0.127224 0.00568884 0.387261 0.150003 0.0791318 0.0590641
 0.00167168 0.356671 0.127217 0.00568341 0.38724 0.149987 0.0791277 0.0590579
 0.00167104 0.356662 0.12721 0.00567798 0.38722 0.149972 0.0791235 0.0590517
 0.0016704 0.356652 0.127204 0.00567255 0.3872 0.149956 0.0791194 0.0590455
 0.00166976 0.356643 0.127197 0.00566713 0.38718 0.14994 0.0791152 0.0590393
 0.00166912 0.356633 0.12719 0.00566171 0.387159 0.149924 0.0791111 0.0590331
 0.00166848 0.356624 0.127184 0.00565629 0.387139 0.149909 0.0791069 0.0590269
 0.00166784 0.356615 0.127177 0.00565087 0.387119 0.149893 0.0791028 0.0590208
 0.0016672 0.356605 0.12717 0.00564546 0.387099 0.149877 0.0790986 0.0590146
 0.00166656 0.356596 0.127164 0.00564005 0.387079 0.149862 0.0790945 0.0590084
 0.00166593 0.356587 0.127157 0.00563464 0.387059 0.149846 0.0790904 0.0590023
 0.00166529 0.356577 0.12715 0.00562923 0.387039 0.149831 0.0790862 0.0589961
 0.00166466 0.356568 0.127144 0.00562383 0.387019 0.149815 0.0790821 0.05899
 0.00166402 0.356559 0.127137 0.00561843 0.386999 0.149799 0.079078 0.0589839
 0.00166339 0.35655 0.12713 0.00561303 0.386979 0.149784 0.0790739 0.0589778
 0.00166276 0.35654 0.127124 0.00560763 0.386959 0.149768 0.0790697 0.0589717
 0.00166212 0.356531 0.127117 0.00560224 0.386939 0.149753 0.0790656 0.0589656
 0.00166149 0.356522 0.127111 0.00559685 0.386919 0.149737 0.0790615 0.0589595
 0.00166086 0.356513 0.127104 0.00559146 0.386899 0.149722 0.0790574 0.0589534
 0.00166023 0.356503 0.127097 0.00558608 0.386879 0.149706 0.0790533 0.0589473
 0.0016596 0.356494 0.127091 0.0055807 0.386859 0.149691 0.0790492 0.0589412
 0.00165897 0.356485 0.127084 0.00557532 0.386839 0.149676 0.0790451 0.0589351
 0.00165835 0.356476 0.127078 0.00556994 0.386819 0.14966 0.079041 0.0589291
 0.00165772 0.356466 0.127071 0.00556457 0.3868 0.149645 0.0790369 0.058923
 0.00165709 0.356457 0.127064 0.00555919 0.38678 0.14963 0.0790328 0.058917
 0.00165647 0.356448 0.127058 0.00555383 0.38676 0.149614 0.0790288 0.0589109
 0.00165584 0.356439 0.127051 0.00554846 0.38674 0.149599 0.0790247 0.0589049
 0.00165522 0.35643 0.127045 0.0055431 0.386721 0.149584 0.0790206 0.0588989
 0.00165459 0.35642 0.127038 0.00553774 0.386701 0.149568 0.0790165 0.0588929
 0.00165397 0.356411 0.127032 0.00553238 0.386681 0.149553 0.0790125 0.0588869
 0.00165335 0.356402 0.127025 0.00552702 0.386662 0.149538 0.0790084 0.0588809
 0.00165273 0.356393 0.127019 0.00552167 0.386642 0.149523 0.0790043 0.0588749
 0.00165211 0.356384 0.127012 0.00551632 0.386623 0.149507 0.0790003 0.0588689
 0.00165149 0.356375 0.127006 0.00551097 0.386603 0.149492 0.0789962 0.0588629
 0.00165087 0.356365 0.126999 0.00550563 0.386583 0.149477 0.0789922 0.0588569
 0.00165025 0.356356 0.126993 0.00550029 0.386564 0.149462 0.0789881 0.058851
 0.00164963 0.356347 0.126986 0.00549495 0.386544 0.149447 0.0789841 0.058845
 0.00164901 0.356338 0.12698 0.00548961 0.386525 0.149432 0.07898 0.0588391
 0.0016484 0.356329 0.126973 0.00548428 0.386505 0.149417 0.078976 0.0588331
 0.00164778 0.35632 0.126967 0.00547895 0.386486 0.149401 0.078972 0.0588272
 0.00164717 0.356311 0.12696 0.00547362 0.386467 0.149386 0.0789679 0.0588213
 0.00164655 0.356302 0.126954 0.0054683 0.386447 0.149371 0.0789639 0.0588153
 0.00164594 0.356293 0.126947 0.00546297 0.386428 0.149356 0.0789599 0.0588094
 0.00164533 0.356284 0.126941 0.00545765 0.386409 0.149341 0.0789559 0.0588035
 0.00164472 0.356275 0.126934 0.00545234 0.386389 0.149326 0.0789518 0.0587976
 0.0016441 0.356265 0.126928 0.00544702 0.38637 0.149311 0.0789478 0.0587917
 0.00164349 0.356256 0.126921 0.00544171 0.386351 0.149296 0.0789438 0.0587858
 0.00164288 0.356247 0.126915 0.0054364 0.386331 0.149282 0.0789398 0.05878
 0.00164227 0.356238 0.126908 0.0054311 0.386312 0.149267 0.0789358 0.0587741
 0.00164167 0.356229 0.126902 0.0054258 0.386293 0.149252 0.0789318 0.0587682
 0.00164106 0.35622 0.126896 0.0054205 0.386274 0.149237 0.0789278 0.0587624
 0.00164045 0.356211 0.126889 0.0054152 0.386255 0.149222 0.0789238 0.0587565
 0.00163984 0.356202 0.126883 0.00540991 0.386236 0.149207 0.0789198 0.0587507
 0.00163924 0.356193 0.126876 0.00540461 0.386216 0.149192 0.0789158 0.0587448
 0.00163863 0.356184 0.12687 0.00539933 0.386197 0.149178 0.0789119 0.058739
 0.00163803 0.356175 0.126864 0.00539404 0.386178 0.149163 0.0789079 0.0587332
 0.00163743 0.356166 0.126857 0.00538876 0.386159 0.149148 0.0789039 0.0587274
 0.00163682 0.356157 0.126851 0.00538348 0.38614 0.149133 0.0788999 0.0587216
 0.00163622 0.356148 0.126844 0.0053782 0.386121 0.149119 0.0788959 0.0587158
 0.00163562 0.356139 0.126838 0.00537293 0.386102 0.149104 0.078892 0.05871
 0.00163502 0.35613 0.126832 0.00536765 0.386083 0.149089 0.078888 0.0587042
 0.00163442 0.356122 0.126825 0.00536239 0.386064 0.149074 0.078884 0.0586984
 0.00163382 0.356113 0.126819 0.00535712 0.386045 0.14906 0.0788801 0.0586926
 0.00163322 0.356104 0.126813 0.00535186 0.386027 0.149045 0.0788761 0.0586869
 0.00163262 0.356095 0.126806 0.0053466 0.386008 0.14903 0.0788722 0.0586811
 0.00163203 0.356086 0.1268 0.00534134 0.385989 0.149016 0.0788682 0.0586754
 0.00163143 0.356077 0.126793 0.00533608 0.38597 0.149001 0.0788643 0.0586696
 0.00163083 0.356068 0.126787 0.00533083 0.385951 0.148987 0.0788603 0.0586639
 0.00163024 0.356059 0.126781 0.00532558 0.385932 0.148972 0.0788564 0.0586581
 0.00162964 0.35605 0.126774 0.00532034 0.385914 0.148958 0.0788525 0.0586524
 0.00162905 0.356041 0.126768 0.0053151 0.385895 0.148943 0.0788485 0.0586467
 0.00162846 0.356033 0.126762 0.00530986 0.385876 0.148929 0.0788446 0.058641
 0.00162786 0.356024 0.126755 0.00530462 0.385857 0.148914 0.0788407 0.0586353
 0.00162727 0.356015 0.126749 0.00529938 0.385839 0.1489 0.0788367 0.0586296
 0.00162668 0.356006 0.126743 0.00529415 0.38582 0.148885 0.0788328 0.0586239
