 -0.212942
 0.123584
 -3.35206
 2.24386
 0.266301
 1.74771
 -2.21579
 -0.135429
 -1.76882
 -0.243801
 -0.101241
 0.652629
 0.836006
 -2.62914
 1.20685
 -1.67845
 0.423104
 1.31013
 0.299182
 0.709376
 -0.585069
 -0.190859
 -1.7644
 -0.280425
 -1.61292
 -0.191075
 0.387601
 -0.345797
 0.378748
 0.555621
 0.13632
 0.0203026
 0.548626
 1.65114
 -0.271923
 -0.0112934
 1.20659
 -0.157857
 -1.76194
 -1.68104
 1.20145
 0.884359
 0.707677
 0.660203
 -0.819419
 0.700179
 -0.2095
 0.532617
 0.246538
 0.0632282
 1.03428
 -0.586353
 0.277503
 2.2713
 0.389172
 1.84473
 1.3515
 1.42347
 -0.39803
 2.15547
 -1.8902
 0.375442
 1.21191
 0.152595
 -0.493153
 -3.8385
 -0.883793
 -0.160863
 -0.891732
 0.191925
 2.16549
 0.103484
 2.91082
 3.19862
 1.34728
 5.53931
 2.0909
 4.64881
 0.699245
 1.10132
 1.02726
 -0.609368
 0.000702002
 -1.82177
 -4.55022
 -1.24204
 -2.41042
 -0.071871
 -0.470495
 -0.812676
 -0.910066
 1.17613
 -0.781924
 0.0321936
 -0.409789
 2.52961
 -1.14043
 3.08808
 2.32756
 3.69643
 0.260467
 1.66718
 1.19399
 -2.43614
 1.01862
 -0.836866
 -0.544717
 -1.59035
 -0.709223
 -0.326109
 -1.20431
 -1.77595
 0.595555
 -0.417237
 1.62974
 1.60742
 1.53304
 3.17026
 0.418558
 3.54422
 -1.0731
 3.5205
 -0.483622
 0.803492
 -0.00459786
 -0.110667
 0.10531
 -0.0684082
 -1.25122
 1.32448
 -0.21767
 1.53964
 0.366589
 1.02532
 2.03777
 -1.99386
 1.13507
 -1.12584
 1.38632
 -1.6047
 -1.27588
 -0.310325
 0.390689
 -0.370356
 1.25052
 0.834995
 -0.660874
 1.46378
 -0.779222
 0.298566
 -0.941743
 0.482789
 1.00574
 -0.521696
 -0.0389743
 -3.67511
 -0.660787
 -3.19028
 -0.94308
 -3.5333
 -1.54214
 -2.27422
 -1.19855
 0.268324
 1.11633
 1.54925
 1.22836
 1.33558
 0.903934
 0.553534
 0.531009
 0.719706
 -0.66243
 0.315913
 1.64768
 1.71319
 1.32151
 -0.839104
 0.588822
 -0.50128
 0.297214
 -1.19442
 -0.239565
 0.313655
 0.94383
 -0.576913
 -0.811513
 -0.146004
 2.1243
 -1.57962
 0.75275
 -1.77256
 -0.879365
 -3.23659
 -1.13185
 -2.47082
 -3.68598
 -2.51128
 -4.99885
 -1.76233
 -2.7138
 -1.68313
 -3.09059
 -1.84291
 -2.43646
 -0.570031
 -1.9382
 -1.03626
 -3.24056
 -0.944617
 -1.15446
 2.05059
 -2.01579
 -0.449147
 -1.31283
 -2.27538
 -1.07204
 -2.02773
 -1.16466
 -1.91751
 -0.784588
 2.6172
 0.664901
 3.94335
 0.991105
 2.48025
 0.648496
 -0.328117
 -0.154649
 -0.10614
 2.38825
 0.523795
 0.825088
 1.22926
 -0.962544
 -0.321318
 -3.07849
 -1.18985
 -2.30974
 0.265505
 -1.40986
 0.644963
 -0.994999
 -0.535678
 -2.27366
 0.48358
 -0.919192
 0.359617
 3.21495
 3.14348
 0.928415
 1.34755
 1.07548
 -0.0707548
 3.92587
 -0.889094
 0.314205
 -0.0360447
 0.350621
 -0.319028
 -1.03118
 -0.271614
 0.825701
 -0.0591415
 0.723752
 -0.643433
 0.589264
 0.606642
 -1.12223
 -0.0548954
 -1.44614
 -2.59687
 -0.0241027
 -1.50187
 -0.302577
 -0.380104
 -0.702355
 0.847278
 4.30778
 2.01702
 1.3898
 -0.788385
 0.171516
 -1.89395
 -2.11042
 -2.06325
 -0.760137
 -0.0055898
 0.835793
 -2.15109
 1.44958
 -0.688195
 0.738434
 1.63219
 1.23721
 0.431068
 0.71661
 0.701012
 0.651943
 -0.966305
