 -1.10158
 -1.27901
 -1.08033
 -0.775707
 -0.0781535
 0.178726
 0.532841
 1.16843
 1.41078
 0.98771
 1.13392
 -1.38126
 -1.05472
 -1.16887
 -0.545159
 -0.349024
 0.07643
 1.10948
 1.04305
 1.36121
 0.980971
 0.629731
 -0.01019
 -0.277745
 1.99156
 2.74025
 1.01932
 0.729569
 0.217179
 0.537489
 -0.773502
 0.282927
 -0.554226
 -2.17865
 -2.79374
 -1.77916
 -0.52168
 0.158494
 0.706457
 1.23994
 1.756
 0.62736
 -0.488399
 0.183196
 0.7351
 -0.696711
 -0.716271
 -0.16815
 1.45354
 0.642859
 0.836564
 0.194328
 0.782469
 0.413434
 -0.528332
 -0.10279
 -0.311616
 -0.0200965
 0.666878
 0.822907
 0.965367
 -0.130102
 0.388893
 0.394504
 0.485343
 -0.234863
 -0.107041
 0.326968
 0.413828
 -0.436259
 0.487262
 -0.0464614
 -0.674976
 0.163741
 1.13083
 0.440977
 0.43016
 -1.18002
 -0.557197
 -0.969507
 -0.433997
 -0.925459
 -0.180423
 -0.643077
 -0.352164
 -0.228408
 0.192929
 -0.341744
 -0.0813966
 -0.174222
 -0.584647
 -0.898793
 -1.25669
 -1.16874
 -1.47647
 -1.77141
 -2.81592
 -0.847567
 -0.307594
 -0.704709
 -0.18906
 -0.424965
 -0.329109
 -0.341091
 -0.446605
 -0.0485015
 -0.0115753
 0.662499
 -0.379884
 0.451947
 -0.653025
 -0.343728
 0.05496
 0.315985
 -0.883898
 -1.77659
 -0.167786
 -0.302398
 -0.597095
 0.0393408
 0.0998981
 0.391547
 0.0772706
 0.790775
 0.776298
 0.653158
 -0.519286
 0.252436
 1.15656
 1.01268
 0.0808107
 0.227827
 -0.115926
 0.278383
 0.547145
 0.784779
 0.357709
 -0.0106844
 1.09682
 1.48847
 1.25539
 1.62542
 1.60168
 1.35633
 0.317554
 0.754472
 0.438326
 0.364192
 -0.43725
 -0.0747724
 -0.444881
 -0.744257
 -0.161051
 0.184534
 -1.71144
 -1.83123
 -1.13682
 -2.35433
 -1.53508
 -1.16639
 -1.70547
 -0.968596
 -1.06065
 -0.216843
 0.167701
 0.664274
 1.03199
 0.111131
 0.307208
 0.283008
 0.420448
 -0.445217
 0.632742
 0.825126
 -0.0572755
 0.618542
 -0.139254
 0.47847
 0.424557
 -0.859004
 0.134815
 -1.4016
 -0.952206
 -0.72102
 -0.856244
 -1.11013
 -1.2688
 -0.270591
 -0.771459
 0.0908959
 0.74676
 1.48361
 1.45551
 0.921095
 2.08318
 1.22602
 1.53425
 0.966268
 1.022
 0.949894
 -0.126053
 -0.0372256
 0.131056
 0.273965
 1.15152
 -0.0190493
 0.434644
 2.11343
 0.64322
 0.986868
 -0.425674
 0.148395
 0.795066
 -0.57346
 -0.000843877
 0.117944
 -0.524054
 1.54399
 1.22407
 0.510369
 -0.473157
 0.0140764
 0.504572
 0.364336
 0.35827
 -0.227853
 -0.397791
 -0.465785
 0.355038
 -0.256305
 0.247965
 0.364716
 -0.458464
 -0.420268
 -0.954334
 -1.35998
 -0.322405
 -1.08846
 -1.381
 -0.201998
 -0.951398
 -2.03675
 -0.392822
 -0.307285
 0.320682
 0.940174
 1.09129
 -0.0132152
 0.928356
 1.82449
 1.44149
 1.97592
 1.80882
 0.924532
 1.00476
 1.35688
 2.01149
 1.00182
 0.967144
 0.868847
 0.828894
 0.345247
 1.28494
 0.297144
 0.222051
 0.234848
 0.736121
 -0.0617138
 -0.0599894
 -1.4024
 -0.869572
 -0.827462
 -0.89843
 -0.295541
 -1.1152
 -1.11563
 -2.43376
 -1.59545
 -1.35838
 -1.67765
 -1.58808
 -1.55507
 -1.00293
 -0.788876
 -0.770678
 -0.431574
 -0.781816
 1.43538
 0.652393
 1.71188
 1.08691
 1.13252
 0.609587
 0.996022
 0.203984
 0.0760574
 0.224697
 0.527706
 0.82581
 1.14024
 0.486248
 1.03599
 0.212638
 -0.412488
 0.00837406
 1.19502
 1.17343
 -1.03953
 0.0594442
 -0.650123
 -0.0985567
 0.0120676
 0.572468
 1.26775
 0.657545
 0.472042
 0.194027
 -0.277945
 0.500199
 1.72173
 0.403158
 -0.136825
 0.370694
 0.51658
 0.23576
 0.747732
 -0.176976
 0.0786155
 0.356782
 -0.416806
 0.0601554
 0.650021
 0.665703
 -0.184955
 -0.307039
 0.613066
 -1.31415
 -0.469943
 -0.441688
 -0.829151
 -0.560839
 -1.14146
 -0.712331
 -0.554812
 0.0634695
 -0.0111681
 0.478022
 0.244428
 0.337834
 1.01859
 1.28968
 0.654868
 0.192436
 -0.352453
 -0.751648
 -0.272288
 -0.719526
 0.240981
 -0.507548
 0.526931
 -0.393901
 0.693154
 0.797453
 1.39824
 0.690308
 1.03552
 0.575285
 -1.83582
 -0.776054
 -0.433815
 -0.539075
 -0.649258
 -0.245686
 -1.27333
 -0.303609
 -1.10828
 -1.09407
 -1.0032
 -0.99947
 -1.10213
 0.127528
 -0.207138
 0.575345
 0.387761
 0.52921
 1.03828
 -0.00585458
 -0.679945
 -0.637206
 0.0954912
 0.106927
 0.345224
 -0.46195
 0.0256746
 -0.691565
 -1.10081
 -0.490671
 -1.00743
 -0.285879
 -0.183065
 0.326457
 -0.01191
 -0.411345
 -0.540042
 -2.31326
 -2.02267
 -1.20976
 -0.267514
 -0.439813
 -0.714475
 -0.42539
 -0.110815
 -1.68149
 -0.0622056
 -0.300238
 -0.827715
 -0.56936
 -1.27292
 -0.481535
 -0.691643
 -0.14019
 -0.942044
 -0.277274
 0.661741
 0.44821
 0.80921
 -0.491156
 -0.323504
 1.10194
 0.248637
 -0.755145
 -1.28684
 -1.54393
 -1.35431
 -2.41918
 -1.16375
 -1.21262
 -1.10495
 -1.14972
 -0.279489
 -0.791955
 -0.334157
 -0.944663
 -0.631108
 -0.93569
 -0.642705
 -1.24304
 -2.36422
 -1.68041
 -1.95561
 -1.87178
 -1.52021
 -1.2663
 -0.303361
 0.78452
 -0.192055
 0.623596
 0.433295
 0.268593
 0.245934
 -0.710404
 -0.724878
 -0.921581
 0.137166
 -0.0484756
 -0.0624959
 0.0457983
 0.320315
 0.74833
 0.684254
 -0.241426
 0.02559
 -0.0540978
 -0.644532
 -0.987364
 -0.309476
 -2.03342
 -1.30564
 -0.932638
 -0.577149
 1.15676
 0.230207
 0.619318
 0.0569
 0.623885
 0.502116
 -0.353078
 0.706249
 -0.178111
 -1.99921
 -1.42771
 -0.712991
 -0.745155
 0.226508
 0.356169
 0.625629
 0.145151
 -0.0386293
 -0.172344
 -2.44433
 1.42648
 -2.83725
 1.74923
 0.278478
 -1.96028
 -2.69503
 -1.55263
 -4.33405
 1.11231
 -2.93296
 0.191797
 -2.11382
 -0.0777389
 1.95867
 0.563685
 0.585541
 1.07043
 1.88686
 -1.93025
 -1.54459
 -0.452729
 2.59777
 1.2784
 1.57596
 1.2439
 -0.0607281
 1.51188
 0.815404
 2.278
 -0.169989
 0.483428
 -0.201535
 -3.65772
 -2.23589
 -1.30548
 0.0483315
 0.816883
 0.0838117
 0.607251
 -2.03639
 0.0041743
 0.31025
 1.82054
 0.122869
 -0.34083
 -0.885279
 -0.755098
 -1.03199
 -2.21364
 -0.379619
 3.15846
 0.973699
 0.697702
 -1.06744
 -0.817203
 0.24061
 0.833799
 1.37348
 1.11388
 1.72393
 0.285588
 0.406294
 -0.340388
 0.880856
 3.17127
 -0.375622
 0.568183
 0.441058
 1.15645
 3.02794
 0.573105
 1.31111
 0.62464
 2.33738
 0.261352
 0.639288
 0.463454
 3.2479
 1.70768
 0.585401
 4.67055
 -0.65095
 1.76783
 0.0586743
 1.61843
 -0.689788
 0.631971
 -2.09168
 0.533951
 0.505435
 0.378284
 0.244291
 -1.50646
 -0.865952
 0.748109
 -0.258
 0.916164
 0.726557
 1.07818
 -0.257711
 -0.4859
 -1.79899
 2.15046
 1.32368
 -0.253894
 1.45533
 -0.334639
 1.16003
 -1.98179
 -2.87978
 -2.51471
 -2.44705
 1.99535
 -2.58169
 -0.416964
 1.47827
 -0.50444
 0.375997
 2.51738
 2.6305
 2.58424
 1.71592
 2.01219
 -0.16817
 0.216502
 -0.574279
 0.578894
 -3.05942
 -1.44191
 -2.43586
 -1.07748
 -0.655374
 -0.274808
 -1.61933
 0.580901
 -2.67168
 -0.482924
 -0.0729523
 -1.35594
 -0.227389
 -0.544951
 -1.14774
 0.199127
 1.29391
 1.35793
 -2.26424
 -0.8053
 -0.791209
 -0.549647
 0.483442
 1.30036
 -2.24106
 -0.574624
 -1.37376
 -0.778019
 0.0514783
 0.470881
 2.09145
 -0.984707
 -0.11003
 0.536778
 -0.947695
 -1.53585
 -0.871575
 -2.94493
 -0.0260129
 -1.0301
 -1.45796
 0.293553
 -1.34484
 1.29036
 -0.596415
 -1.2671
 -2.324
 0.211829
 0.20464
 0.171538
 -0.951492
 -1.88779
 -0.532843
 -3.83176
 0.380063
 0.706968
 -1.32211
 0.954098
 0.93968
 1.24123
 -1.40526
 -0.0495695
 0.757769
 0.970079
 1.44715
 -1.97747
 0.806862
 0.985931
 1.47658
 0.296168
 1.03179
 -1.04789
 -0.687248
 -0.212942
 0.123584
 -3.35206
 2.24386
 0.266301
 1.74771
 -2.21579
 -0.135429
 -1.76882
 -0.243801
 -0.101241
 0.652629
 0.836006
 -2.62914
 1.20685
 -1.67845
 0.423104
 1.31013
 0.299182
 0.709376
 -0.585069
 -0.190859
 -1.7644
 -0.280425
 -1.61292
 -0.191075
 0.387601
 -0.345797
 0.378748
 0.555621
 0.13632
 0.0203026
 0.548626
 1.65114
 -0.271923
 -0.0112934
 1.20659
 -0.157857
 -1.76194
 -1.68104
 1.20145
 0.884359
 0.707677
 0.660203
 -0.819419
 0.700179
 -0.2095
 0.532617
 0.246538
 0.0632282
 1.03428
 -0.586353
 0.277503
 2.2713
 0.389172
 1.84473
 1.3515
 1.42347
 -0.39803
 2.15547
 -1.8902
 0.375442
 1.21191
 0.152595
 -0.493153
 -3.8385
 -0.883793
 -0.160863
 -0.891732
 0.191925
 2.16549
 0.103484
 2.91082
 3.19862
 1.34728
 5.53931
 2.0909
 4.64881
 0.699245
 1.10132
 1.02726
 -0.609368
 0.000702002
 -1.82177
 -4.55022
 -1.24204
 -2.41042
 -0.071871
 -0.470495
 -0.812676
 -0.910066
 1.17613
 -0.781924
 0.0321936
 -0.409789
 2.52961
 -1.14043
 3.08808
 2.32756
 3.69643
 0.260467
 1.66718
 1.19399
 -2.43614
 1.01862
 -0.836866
 -0.544717
 -1.59035
 -0.709223
 -0.326109
 -1.20431
 -1.77595
 0.595555
 -0.417237
 1.62974
 1.60742
 1.53304
 3.17026
 0.418558
 3.54422
 -1.0731
 3.5205
 -0.483622
 0.803492
 -0.00459786
 -0.110667
 0.10531
 -0.0684082
 -1.25122
 1.32448
 -0.21767
 1.53964
 0.366589
 1.02532
 2.03777
 -1.99386
 1.13507
 -1.12584
 1.38632
 -1.6047
 -1.27588
 -0.310325
 0.390689
 -0.370356
 1.25052
 0.834995
 -0.660874
 1.46378
 -0.779222
 0.298566
 -0.941743
 0.482789
 1.00574
 -0.521696
 -0.0389743
 -3.67511
 -0.660787
 -3.19028
 -0.94308
 -3.5333
 -1.54214
 -2.27422
 -1.19855
 0.268324
 1.11633
 1.54925
 1.22836
 1.33558
 0.903934
 0.553534
 0.531009
 0.719706
 -0.66243
 0.315913
 1.64768
 1.71319
 1.32151
 -0.839104
 0.588822
 -0.50128
 0.297214
 -1.19442
 -0.239565
 0.313655
 0.94383
 -0.576913
 -0.811513
 -0.146004
 2.1243
 -1.57962
 0.75275
 -1.77256
 -0.879365
 -3.23659
 -1.13185
 -2.47082
 -3.68598
 -2.51128
 -4.99885
 -1.76233
 -2.7138
 -1.68313
 -3.09059
 -1.84291
 -2.43646
 -0.570031
 -1.9382
 -1.03626
 -3.24056
 -0.944617
 -1.15446
 2.05059
 -2.01579
 -0.449147
 -1.31283
 -2.27538
 -1.07204
 -2.02773
 -1.16466
 -1.91751
 -0.784588
 2.6172
 0.664901
 3.94335
 0.991105
 2.48025
 0.648496
 -0.328117
 -0.154649
 -0.10614
 2.38825
 0.523795
 0.825088
 1.22926
 -0.962544
 -0.321318
 -3.07849
 -1.18985
 -2.30974
 0.265505
 -1.40986
 0.644963
 -0.994999
 -0.535678
 -2.27366
 0.48358
 -0.919192
 0.359617
 3.21495
 3.14348
 0.928415
 1.34755
 1.07548
 -0.0707548
 3.92587
 -0.889094
 0.314205
 -0.0360447
 0.350621
 -0.319028
 -1.03118
 -0.271614
 0.825701
 -0.0591415
 0.723752
 -0.643433
 0.589264
 0.606642
 -1.12223
 -0.0548954
 -1.44614
 -2.59687
 -0.0241027
 -1.50187
 -0.302577
 -0.380104
 -0.702355
 0.847278
 4.30778
 2.01702
 1.3898
 -0.788385
 0.171516
 -1.89395
 -2.11042
 -2.06325
 -0.760137
 -0.0055898
 0.835793
 -2.15109
 1.44958
 -0.688195
 0.738434
 1.63219
 1.23721
 0.431068
 0.71661
 0.701012
 0.651943
 -0.966305
