 -0.63135
 -0.776213
 -0.502301
 -0.212951
 0.113685
 0.40229
 0.60527
 0.857872
 0.745007
 0.266652
 0.657047
 -1.95755
 -0.318826
 -0.706608
 0.106731
 -0.00238502
 0.227267
 1.09176
 0.358436
 0.931876
 0.0654616
 0.260516
 -0.491839
 -0.227767
 2.18861
 1.69875
 -0.266191
 0.129174
 0.00637663
 0.400086
 -1.11373
 0.61918
 -0.673168
 -1.7431
 -1.63344
 -0.569308
 0.432014
 0.360714
 0.624691
 0.796566
 1.19614
 -0.0461287
 -0.914209
 0.358961
 0.548447
 -0.962438
 -0.455792
 0.370326
 1.36849
 -0.0451202
 0.510017
 -0.409766
 0.679141
 0.0216858
 -0.728974
 0.326139
 -0.159434
 0.0579363
 0.637823
 0.524799
 0.662409
 -0.705288
 0.454449
 0.177466
 0.34148
 -0.482261
 0.0538888
 0.354147
 0.233092
 -0.538613
 0.515833
 -0.337879
 -0.579697
 0.569183
 1.02523
 -0.201384
 0.281314
 -1.35757
 -0.0574402
 -0.568011
 -0.0910778
 -0.670318
 0.255788
 -0.533016
 0.0287134
 -0.281965
 0.459074
 -0.672637
 0.28557
 -0.0684347
 -0.600139
 -0.584041
 -0.759774
 -0.648052
 -1.02423
 -0.854006
 -1.9561
 0.505874
 0.140969
 -0.560452
 0.335447
 -0.350387
 -0.0914583
 -0.166264
 -0.206082
 0.104137
 -0.0628795
 0.576274
 -0.347648
 0.451785
 -0.912398
 -0.0620589
 0.274916
 0.278667
 -1.07774
 -1.24301
 0.735071
 -0.245548
 -0.459196
 0.319731
 0.0235081
 0.490548
 -0.204444
 0.642736
 0.477741
 0.211311
 -0.851408
 0.44872
 1.05893
 0.463251
 -0.603413
 0.273159
 -0.226936
 0.276858
 0.695502
 0.319666
 -0.0037256
 -0.0776194
 0.992289
 0.881832
 0.57654
 1.12894
 0.611933
 0.529312
 -0.302132
 0.588664
 0.048504
 0.0625287
 -0.476511
 -0.0528091
 -0.349388
 -0.358754
 0.142687
 0.239667
 -1.78158
 -0.588056
 -0.252014
 -1.92243
 -0.328875
 -0.281072
 -1.10372
 -0.337342
 -0.538081
 0.290481
 0.447099
 0.620516
 0.653726
 -0.458045
 0.0142684
 0.273889
 0.189914
 -0.435964
 0.727997
 0.472306
 -0.418734
 0.692468
 -0.485142
 0.475216
 0.289475
 -1.03419
 0.544622
 -1.3176
 -0.0974711
 -0.450488
 -0.475363
 -0.630735
 -0.638973
 0.406717
 -0.607074
 0.340453
 0.856427
 0.979991
 0.54567
 0.24895
 1.64941
 0.133332
 0.92869
 0.249774
 0.538251
 0.526528
 -0.622373
 0.0161516
 0.173054
 0.260979
 0.860274
 -0.404112
 0.471849
 1.74772
 -0.621702
 0.833591
 -0.840795
 0.355363
 0.534074
 -0.835245
 0.123958
 0.16082
 -0.572704
 1.84051
 0.394377
 -0.128567
 -0.629823
 0.362773
 0.382849
 0.0938709
 0.196477
 -0.410119
 -0.277699
 -0.158621
 0.553217
 -0.518517
 0.497254
 0.239643
 -0.48573
 -0.445369
 -0.663637
 -0.938662
 0.341339
 -0.853805
 -0.614255
 0.253506
 -0.85429
 -1.4508
 0.613554
 -0.0552034
 0.461773
 0.820493
 0.584489
 -0.508099
 0.866824
 1.56154
 0.388979
 1.3757
 0.616345
 0.0702791
 0.555766
 0.861508
 1.26608
 0.114734
 0.402774
 0.433147
 0.510121
 -0.160378
 0.994742
 -0.164239
 0.1771
 0.054816
 0.765113
 -0.553603
 0.00554642
 -1.29841
 -0.194278
 -0.439874
 -0.487002
 0.194754
 -0.937062
 -0.58832
 -1.80936
 -0.313854
 -0.689356
 -0.923587
 -0.748571
 -0.651581
 -0.33192
 -0.267961
 -0.09773
 -0.155654
 -0.552094
 1.98034
 -0.0593877
 1.41647
 0.0845463
 0.577992
 0.193677
 0.635299
 -0.21246
 -0.0890804
 0.266188
 0.38357
 0.639831
 0.544091
 -0.0544219
 0.83044
 -0.217667
 -0.657041
 0.348311
 1.08742
 0.423997
 -1.40457
 0.48783
 -0.751453
 0.184858
 0.14109
 0.601567
 0.944243
 0.107456
 0.239279
 -0.356587
 -0.276195
 0.645327
 1.35605
 -0.398345
 -0.362611
 0.334041
 0.337563
 0.0892321
 0.560076
 -0.604444
 0.256775
 0.290624
 -0.479545
 0.144682
 0.540805
 0.41495
 -0.459731
 -0.25569
 0.74146
 -1.6489
 0.206013
 -0.255931
 -0.538764
 -0.023141
 -1.04148
 0.0236652
 -0.305489
 0.137987
 0.147248
 0.6525
 -0.23696
 0.270988
 0.898204
 0.818307
 -0.0697451
 -0.182867
 -0.473732
 -0.538519
 0.0794194
 -0.676153
 0.635848
 -0.618813
 0.804978
 -0.534099
 0.717877
 0.342478
 0.987248
 0.0795144
 0.681013
 0.107862
 -1.97941
 0.078478
 -0.102329
 -0.505064
 -0.320682
 0.0492342
 -1.02212
 0.252868
 -0.865563
 -0.628371
 -0.382545
 -0.644404
 -0.491229
 0.522619
 -0.145347
 0.585531
 0.246029
 0.377854
 0.761127
 -0.451849
 -0.696904
 -0.383902
 0.290261
 0.0196199
 0.185783
 -0.671718
 0.347122
 -0.722276
 -0.699765
 -0.0496835
 -0.708827
 0.243827
 0.0479869
 0.393339
 -0.319284
 -0.164853
 -0.520796
 -1.88892
 -0.863181
 -0.188597
 0.427452
 -0.3857
 -0.50915
 -0.141231
 0.0139783
 -1.41517
 0.653649
 -0.180248
 -0.778132
 -0.19002
 -0.986851
 0.213831
 -0.544064
 0.130777
 -0.824381
 0.0863255
 0.79035
 0.24029
 0.460625
 -0.81137
 -0.073211
 1.28484
 -0.220231
 -1.0306
 -0.785144
 -0.724166
 -0.703783
 -1.67451
 0.0096593
 -0.581545
 -0.580351
 -0.594654
 0.322906
 -0.708915
 -0.0165845
 -0.63893
 -0.226758
 -0.744084
 -0.108667
 -0.883462
 -1.96985
 -0.462325
 -1.18978
 -0.757248
 -0.609027
 -0.550766
 0.60587
 0.684273
 -0.484392
 0.512726
 0.173297
 0.0704635
 -0.0533867
 -0.733319
 -0.157461
 -0.599671
 0.482513
 0.0705337
 -0.203978
 0.220455
 0.208007
 0.423127
 0.277559
 -0.688194
 0.1529
 0.0458627
 -0.884833
 -0.476409
 0.1037
 -1.81058
 -0.338722
 -0.358407
 -0.0702149
 1.41747
 -0.382075
 0.544772
 -0.17948
 0.495964
 0.0638814
 -0.312479
 0.773582
 -0.553223
 -1.96925
 -0.479132
 0.166456
 -0.378743
 0.452138
 0.322231
 0.40211
 -0.0591241
 -0.157752
 -0.217834
 -1.23487
 1.63994
 -1.95249
 1.87143
 -0.517427
 -1.131
 -0.564622
 0.0861394
 -1.62694
 2.16357
 -1.97151
 1.14634
 -1.15948
 0.776058
 1.02368
 -0.381339
 0.0564203
 0.387071
 0.595503
 -1.70801
 -0.0551015
 0.255193
 1.52699
 -0.31918
 0.315954
 0.0471936
 -0.467135
 0.830005
 -0.0636577
 0.787197
 -0.872778
 0.304883
 -0.216366
 -1.7714
 0.183215
 0.134404
 0.495932
 0.370381
 -0.172824
 0.156917
 -1.2321
 0.761156
 0.220248
 0.698436
 -0.617215
 -0.194295
 -0.273216
 -0.0752985
 -0.273162
 -0.714989
 0.530953
 1.73964
 -0.566315
 -0.0861169
 -0.662341
 0.0365117
 0.360518
 0.322021
 0.433386
 0.0789173
 0.483634
 -0.494053
 0.138138
 -0.363049
 0.588998
 1.21897
 -1.30979
 0.406586
 0.0804354
 0.391184
 1.11721
 -0.735128
 0.384351
 -0.210464
 0.985142
 -0.622502
 0.232177
 -0.0168996
 1.4577
 -0.282708
 -0.301289
 2.11716
 -1.95769
 1.1352
 -0.592646
 0.680622
 -0.860422
 0.55612
 -1.24808
 0.951759
 0.0774446
 0.0609211
 -0.0727514
 -0.784106
 0.0573781
 0.60503
 -0.40125
 0.590395
 0.10547
 0.207351
 -0.51865
 -0.129088
 -0.784611
 1.79488
 -0.170347
 -0.579888
 0.882777
 -0.735016
 0.665221
 -1.3907
 -0.711456
 -0.356799
 -0.323226
 1.84405
 -1.91772
 0.6322
 0.898747
 -0.726975
 0.383543
 1.10016
 0.407605
 0.40887
 0.00140943
 0.302294
 -0.656578
 0.177149
 -0.380704
 0.434037
 -1.63241
 0.337959
 -0.738135
 0.209419
 0.175031
 0.103776
 -0.784429
 0.849881
 -1.57889
 0.867488
 0.059366
 -0.699921
 0.355449
 -0.153051
 -0.324916
 0.475932
 0.569766
 0.206949
 -1.48582
 0.286008
 -0.161438
 -0.0645847
 0.517982
 0.450632
 -1.58866
 0.423711
 -0.419053
 0.0618361
 0.292635
 0.301397
 0.833112
 -1.19576
 0.217127
 0.276051
 -0.62172
 -0.39593
 0.123501
 -1.21903
 1.13307
 -0.608339
 -0.325962
 0.613584
 -0.737954
 1.11342
 -0.752181
 -0.479018
 -0.734149
 1.00581
 -0.0141426
 0.0585136
 -0.549681
 -0.685461
 0.327475
 -1.60854
 1.47484
 0.230929
 -0.94463
 0.941422
 0.128801
 0.288319
 -1.10972
 0.452369
 0.388862
 0.238586
 0.359959
 -1.4785
 1.08018
 0.206907
 0.381384
 -0.290193
 0.336359
 -0.874989
 0.0509808
 0.201981
 0.0139677
 -1.70534
 2.25404
 -0.611128
 0.811824
 -1.73887
 0.643313
 -0.705062
 0.4421
 0.00989948
 0.369344
 0.0857722
 -1.54983
 1.58812
 -1.35884
 0.880507
 0.492051
 -0.409488
 0.261993
 -0.497836
 0.100404
 -0.810765
 0.465256
 -0.709836
 0.488849
 0.333776
 -0.422564
 0.367888
 0.0989165
 -0.0431505
 -0.12996
 0.337709
 0.663113
 -0.73295
 0.0958945
 0.533814
 -0.44019
 -0.828775
 -0.126859
 1.08015
 0.0736072
 0.0565603
 0.0604442
 -0.545938
 0.537266
 -0.352264
 0.289886
 0.0369968
 0.00231562
 0.432467
 -0.655948
 0.428595
 0.932835
 -0.586249
 0.657287
 0.156385
 0.124061
 -0.578787
 1.2608
 -1.73216
 0.794393
 0.493443
 -0.266658
 -0.395178
 -1.76282
 0.891646
 0.214619
 -0.316698
 0.425434
 0.971005
 -0.625312
 1.32899
 0.562145
 -0.443377
 2.30931
 -0.834161
 1.49407
 -1.21843
 0.272912
 0.158455
 -0.722978
 0.26138
 -0.862636
 -1.68445
 1.03257
 -0.790677
 0.735338
 -0.167581
 -0.310633
 -0.125764
 0.870198
 -0.789222
 0.316206
 -0.332988
 1.50428
 -1.4659
 1.99543
 0.0260185
 1.01938
 -1.13458
 0.675918
 0.0652541
 -1.57949
 1.28654
 -0.706157
 -0.0416816
 -0.597155
 0.222744
 0.168533
 -0.45408
 -0.490393
 0.884786
 -0.397544
 0.929124
 0.30669
 0.233688
 0.97588
 -0.899848
 1.70539
 -1.92961
 2.23918
 -1.39063
 0.488196
 -0.302875
 -0.0668739
 0.163573
 -0.117513
 -0.609171
 1.08019
 -0.567979
 0.886258
 -0.346591
 0.44947
 0.652851
 -1.7444
 1.21027
 -0.894521
 1.05131
 -1.35874
 0.0234109
 0.308268
 0.161214
 -0.188587
 0.746266
 -0.0521859
 -0.648786
 0.967426
 -0.919704
 0.505458
 -0.645681
 0.578999
 0.296072
 -0.645686
 0.172152
 -1.71279
 0.854531
 -1.26262
 0.635769
 -1.41062
 0.48074
 -0.547765
 0.186043
 0.50712
 0.475388
 0.366335
 0.0932709
 0.15036
 0.0346963
 -0.0415076
 0.0738931
 0.173269
 -0.544129
 0.317291
 0.734988
 0.300406
 0.0520062
 -0.884272
 0.583235
 -0.487739
 0.304413
 -0.58665
 0.214946
 0.258517
 0.392781
 -0.668882
 -0.219397
 0.262702
 0.996684
 -1.47591
 0.914165
 -1.17448
 0.181395
 -1.34584
 0.605517
 -0.813589
 -1.00985
 0.0762151
 -1.73613
 1.01096
 -0.713754
 0.104561
 -1.01016
 0.138925
 -0.548473
 0.542337
 -0.690881
 0.150132
 -1.2288
 0.627088
 -0.19078
 1.39227
 -1.70373
 0.434696
 -0.468626
 -0.588802
 0.138659
 -0.631893
 0.227435
 -0.602226
 0.320965
 1.53389
 -0.576718
 1.65755
 -0.778302
 0.78064
 -0.508316
 -0.466655
 0.0489564
 0.0656389
 1.25968
 -0.5419
 0.142538
 0.45989
 -0.995563
 0.0662409
 -1.30212
 0.458862
 -0.642169
 0.85413
 -0.741895
 0.729265
 -0.670227
 0.0679479
 -0.899098
 0.922168
 -0.523141
 0.527528
 1.45718
 0.33042
 -0.599496
 0.235926
 0.169757
 -0.492924
 1.96415
 -1.76509
 0.444503
 -0.131654
 0.165861
 -0.280895
 -0.314624
 0.250627
 0.556894
 -0.41798
 0.304316
 -0.588758
 0.532372
 0.116656
 -0.772362
 0.374202
 -0.755103
 -0.639042
 0.839792
 -0.768822
 0.321941
 -0.0681529
 -0.218487
 0.612562
 1.89226
 -0.535736
 -0.00221712
 -0.855772
 0.389293
 -0.949155
 -0.437061
 -0.364483
 0.434748
 0.300783
 0.325374
 -1.28383
 1.37267
 -0.836044
 0.617692
 0.543514
 0.094362
 -0.266912
 0.160399
 0.1454
 0.149599
 -0.72199
