 11.9174
 445.63
 16.6448
 19.2586
 21.4601
 21.061
 26.0255
 27.7051
 27.3083
 31.7655
 41.6373
 104.173
 150.109
 152.5
 156.735
 190.99
 192.683
 192.335
 192.325
 192.257
 192.034
 197.55
 201.696
 201.426
 257.481
 273.332
 309.776
 41.5516
 42.3896
 47.4078
 48.1859
 51.8888
 51.0113
 67.069
 124.208
 185.86
 197.902
 197.693
 196.845
 236.103
 235.492
 254.099
 277.301
 276.453
 284.415
 284.779
 333.768
 1.58949
 64.8702
 80.5582
 93.473
 102.186
 101.541
 116.965
 116.81
 134.458
 136.14
 150.027
 205.629
 204.831
 284.798
 298.3
 346.076
 0
 25.8725
 27.4541
 31.2276
 36.7097
 45.3649
 76.9239
 104.086
 109.482
 117.425
 218.6
 218.263
 273.841
 277.367
 281.022
 289.109
 288.805
 324.135
 10.2258
 9.79234
 8.8772
 43.6848
 43.0642
 58.2692
 79.5218
 78.609
 78.582
 77.893
 124.457
 123.627
 135.48
 152.328
 151.95
 156.607
 168.291
 228.537
 228.869
 242.464
 248.779
 266.202
 273.976
 328.14
 12.2692
 33.1815
 125.098
 127.454
 126.538
 125.901
 132.103
 143.107
 145.292
 144.508
 145.258
 152.122
 153.114
 173.472
 178.987
 179.818
 184.975
 184.271
 192.959
 199.55
 243.168
 330.599
 0.284408
 11.9903
 84.575
 87.9958
 90.7013
 122.436
 123.797
 124.557
 134.133
 140.601
 141.935
 141.699
 162.003
 196.694
 199.968
 200.118
 199.305
 198.875
 222.52
 227.538
 260.836
 261.258
 260.661
 263.029
 265.485
 270.125
 322.851
 0
 2.96626
 22.6865
 23.9292
 58.0448
 185.43
 209.303
 213.478
 212.831
 218.687
 225.627
 233.769
 233.037
 245.832
 248.815
 250.712
 301.18
 16.4074
 43.5696
 63.3694
 90.828
 94.6904
 94.2364
 96.4789
 112.079
 111.37
 111.588
 113.377
 118.932
 130.509
 139.741
 143.868
 143.742
 143.749
 146.668
 156.579
 176.129
 199.191
 202.352
 201.451
 201.834
 201.044
 224.717
 231.732
 231.14
 239.599
 239.419
 238.59
 277.257
 281.005
 282.608
 367.839
 0
 10.7244
 49.1453
 50.635
 61.8561
 67.8627
 125.674
 144.815
 225.222
 224.965
 227.774
 233.316
 243.934
 246.999
 276.934
 279.762
 282.772
 282.728
 282.174
 293.16
 381.395
 22.026
 67.942
 68.7733
 68.0635
 67.6273
 68.9616
 90.8351
 90.2903
 127.533
 129.51
 128.93
 128.28
 129.186
 132.15
 136.423
 177.318
 177.097
 177.58
 178.411
 178.513
 202.417
 206.872
 225.224
 225.025
 229.668
 236.996
 239.109
 251.648
 252.054
 251.159
 255.143
 256.326
 288.055
 308.35
 120.729
 140.676
 156.087
 156.975
 158.167
 160.209
 160.61
 162.879
 163.87
 168.907
 221.655
 240.941
 241.869
 307.262
 0
 10.7049
 30.8343
 38.1966
 44.023
 60.1165
 66.8547
 68.836
 68.0392
 67.7189
 69.043
 69.599
 68.8239
 102.023
 101.75
 100.958
 116.705
 145.518
 172.752
 172.159
 172.88
 176.416
 301.432
 0.113685
 7.47461
 8.91839
 29.429
 37.4842
 39.5525
 45.7225
 47.2995
 46.9646
 46.6703
 48.9751
 81.727
 93.1776
 93.3786
 97.7893
 97.5254
 137.934
 138.172
 138.015
 140.903
 151.498
 169.602
 172.84
 176.335
 179.319
 188.377
 202.668
 204.102
 299.943
 309.475
 7.05252
 13.933
 23.5722
 23.3358
 22.7663
 37.6461
 42.7407
 41.854
 50.0066
 52.0376
 54.4627
 63.2754
 62.3634
 62.0745
 70.3309
 69.4315
 71.0491
 71.8663
 73.4776
 73.5982
 89.5069
 90.2973
 102.01
 106.221
 105.344
 112.006
 136.315
 135.833
 138.238
 144.839
 148
 161.68
 176.415
 188.199
 195.519
 206.085
 230.217
 243.922
 245.577
 244.954
 257.487
 309.787
 4.59788
 15.5492
 20.0082
 19.6671
 20.1905
 19.6658
 24.0805
 28.0557
 28.9578
 28.1293
 55.1794
 56.8123
 67.7441
 80.9089
 82.2705
 143.054
 222.043
 354.36
 70.0469
 260.008
 279.381
 284.045
 295.394
 294.949
 294.605
 317.626
 0.112138
 1.02467
 16.3418
 26.0738
 25.3798
 24.8893
 25.0729
 24.7777
 24.4452
 39.3275
 90.5052
 93.8045
 94.5355
 94.3268
 96.4893
 103.346
 114.944
 134.229
 136.992
 138.355
 144.779
 144.029
 147.481
 147.576
 156.403
 165.532
 169.977
 183.467
 186.994
 192.808
 202.795
 202.169
 201.5
 214.782
 226.988
 255.73
 259.414
 285.828
 380.099
 0
 0
 0
 12.2895
 11.9418
 29.8266
 36.0921
 37.2107
 37.6016
 36.6883
 38.9905
 38.487
 37.6181
 36.7337
 46.2956
 53.8921
 57.9899
 65.4247
 88.6294
 96.0616
 98.4458
 99.4055
 99.4855
 106.861
 110.058
 109.282
 113.915
 172.826
 177.682
 178.221
 177.444
 179.322
 180.061
 185.034
 186.189
 187.845
 196.308
 204.829
 212.828
 213.743
 272.159
 273.089
 352.2
 1.75202
 30.107
 45.5761
 53.9097
 79.507
 90.4825
 90.0716
 90.0012
 89.5644
 91.6009
 92.7966
 113.242
 112.374
 116.606
 122.278
 141.815
 147.733
 148.124
 161.133
 161.752
 160.837
 160.086
 160.025
 337.251
 2.63717
 214.68
 454.838
 293.489
 691.916
 187.8
 258.234
 268.984
 275.149
 275.238
 522.476
 51.0613
 55.8055
 207.275
 221.048
 223.299
 235.3
 235.358
 235.644
 251.145
 333.711
 32.8371
 110.432
 115.69
 171.327
 213.664
 228.891
 299.994
 394.088
 148.011
 348.359
 5.06531
 6.61382
 84.8072
 102.058
 252.189
 255.57
 284.959
 297.236
 419.782
 551.412
 220.344
 387.728
 0
 0
 1.60161
 3.52451
 74.5602
 101.024
 172.168
 306.867
 47.0961
 94.4318
 177.456
 226.031
 330.308
 63.2972
 225.515
 224.699
 230.011
 229.509
 235.295
 234.438
 235.197
 235.73
 234.892
 234.663
 296.003
 387.209
 65.0171
 136.139
 381.996
 4.0399
 37.4585
 120.257
 276.403
 309.103
 315.567
 74.726
 123.463
 337.954
 278.842
 397.925
 57.6148
 105.765
 224.839
 225.075
 226.286
 287.77
 370.227
 2.27499
 16.0892
 24.4399
 312.799
 37.1783
 51.3256
 295.155
 294.656
 355.586
 3.8809
 6.85409
 23.8152
 30.353
 181.062
 704.915
 95.382
 299.913
 305.231
 426.001
 8.3093
 32.7024
 158.677
 164.574
 194.243
 240.601
 443.016
 137.492
 173.985
 331.397
 98.7187
 174.828
 184.107
 184.51
 364.214
 6.12399
 46.7449
 50.736
 109.446
 137.005
 184.201
 255.267
 254.916
 386.421
 34.3142
 72.9853
 103.207
 105.598
 335.25
 169.413
 310.943
 29.2755
 214.595
 337.664
 0
 63.1533
 131.571
 275.486
 276.283
 276.622
 281.377
 305.499
 2.47462
 125.619
 394.551
 48.8019
 622.579
 51.4102
 137.831
 136.926
 339.144
 414.699
 32.1293
 50.0119
 85.0557
 172.641
 279.908
 371.049
 56.3978
 56.9791
 133.216
 307.46
 3.65486
 69.2685
 87.6196
 187.111
 241.85
 408.22
 36.6467
 452.763
 22.8219
 26.6403
 63.8464
 423.628
 5.00765
 8.43495
 37.5353
 46.5815
 1012.62
 0
 281.91
 352.228
 214.264
 233.637
 285.833
 661.432
 268.293
 403.821
 4.45982
 5.16808
 4.39216
 188.447
 206.101
 353.137
 350.378
 104.125
 687.845
 15.0371
 193.499
 200.67
 230.222
 230.521
 264.525
 315.572
 294.313
 675.388
 74.5772
 205.774
 243.938
 298.796
 541.62
 20.5418
 57.1879
 224.054
 344.607
 672.892
 18.3512
 394.003
 81.8844
 97.4113
 101.431
 201.293
 304.743
 298.91
 304.925
 22.1356
 136.063
 163.078
 200.896
 218.269
 218.473
 363.829
 58.9657
 61.1417
 337.045
 38.6257
 83.7851
 104.458
 132.753
 320.243
 74.7335
 79.1878
 114.416
 275.699
 295.715
 492.51
 0.848598
 246.737
 312.171
 33.1583
 259.201
 270.201
 269.373
 524.01
 0
 171.938
 336.996
 0
 427.868
 123.662
 143.984
 333.045
 151.185
 187.378
 209.984
 426.941
 7.97606
 7.13092
 182.888
 188.578
 223.873
 223.56
 274.488
 368.865
 301.697
 231.097
 230.279
 241.835
 348.587
 3.41993
 50.9935
 99.767
 128.866
 139.347
 247.906
 443.096
 304.162
 288.586
 297.37
 297.687
 298.685
 359.444
 282.619
 322.139
 30.9228
 79.3058
 377.152
 327.355
 52.836
 72.2
 117.62
 123.622
 132.151
 131.235
 217.51
 227.257
 226.908
 244.417
 252.527
 253.72
 281.949
 281.178
 302.415
 276.336
 276.434
 292.793
 349.15
 14.6046
 379.552
 47.1695
 46.9658
 48.9758
 52.6501
 62.2639
 148.946
 148.688
 150.905
 155.814
 258.911
 258.185
 342.702
 1.02245
 4.72002
 12.9599
 21.8018
 53.2611
 230.918
 296.643
 365.458
 249.919
 253.831
 253.185
 392.957
 78.9549
 173.202
 233.131
 235.566
 266.447
 271.685
 531.244
 242.977
 497.477
 109.189
 234.127
 233.211
 232.377
 346.922
 2.60266
 13.8344
 41.053
 87.1656
 94.5109
 94.3132
 101.643
 148.891
 163.434
 257.873
 542.384
 33.9261
 96.3294
 397.988
 29.1951
 38.5588
 38.4264
 298.013
 323.067
 2.93992
 107.422
 340.556
 18.7407
 367.958
 46.7647
 115.554
 159.039
 237.299
 435.656
 128.758
 307.044
 16.8147
 436.091
 0
 25.4493
 24.7946
 52.3151
 466.692
 17.3036
 16.4103
 37.0456
 62.5926
 90.2729
 89.3573
 122.32
 158.141
 287.861
 287.019
 292.614
 320.855
 31.6973
 32.5216
 40.0199
 59.9997
 130.418
 129.889
 138.122
 139.987
 164.385
 165.258
 168.101
 172.117
 238.234
 264.161
 267.611
 289.694
 602.135
 98.3109
 340.851
 0
 63.4968
 63.6961
 129.887
 187.014
 187.046
 228.71
 231.212
 240.636
 369.865
 7.90456
 8.46797
 42.257
 255.997
 270.658
 465.628
 87.8377
 242.614
 252.17
 252.944
 261.964
 261.828
 291.387
 335.831
 62.6254
 62.4149
 61.9454
 139.214
 139.933
 154.693
 156.147
 155.237
 156.056
 294.83
 330.525
 0.17887
 2.88179
 46.5801
 53.7271
 423.872
 126.922
 135.441
 138.471
 172.879
 177.43
 179.897
 246.709
 245.794
 244.903
 251.761
 252.702
 254.398
 290.572
 334.424
 6.30396
 7.22014
 90.9482
 336.422
 201.009
 265.078
 280.629
 301.123
 0
