 3.11854
 3.67084
 7.68737
 0
 7.74117
 1.03759
 16.0883
 5.12078
 8.27325
 45.6424
 4.01127
 34.8646
 2.43273
 1.78591
 5.5683
 5.73628
 4.16641
 8.71812
 0
 40.8228
 2.62454
 41.8611
 81.5352
 1.90347
 33.5921
 0
 2.24757
 1.35144
 0.451557
 9.98754
 22.5634
 0
 0
 5.1767
 1.35798
 15.7884
 13.2393
 11.5698
 2.47213
 1.77098
 21.9157
 5.35783
 29.9861
 0
 0.876317
 6.33978
 25.7375
 72.9306
 7.99335
 15.6452
 2.58978
 35.9683
 1.67954
 14.7654
 0.115925
 35.0869
 9.8621
 6.14368
 6.00676
 11.8471
 0.196032
 5.0131
 79.0194
 0
 7.67389
 0
 44.9392
 21.8321
 27.266
 4.92564
 15.5638
 0.339156
 1.82918
 7.46663
 63.0304
 0
 16.0855
 0
 25.3114
 26.2475
 18.2455
 4.30089
 9.32899
 21.3698
 2.00195
 32.6911
 12.8123
 0
 8.4586
 27.0734
 0
 8.18488
 12.5941
 25.2825
 8.86414
 0
 16.9053
 21.2308
 21.6425
 32.1529
 0
 4.36281
 7.28723
 22.7198
 8.51571
 8.91907
 7.23278
 0
 1.04295
 22.9069
 2.90674
 4.57288
 16.1333
 0.606132
 17.222
 1.28386
 0.467632
 2.07507
 1.38224
 0.557561
 5.64723
 20.0049
 1.86731
 10.5359
 0
 39.6017
 42.5224
 10.0221
 3.98853
 61.3874
 23.2614
 11.0339
 0
 2.81379
 8.29559
 0.171575
 40.1205
 0
 1.6925
 10.961
 0
 8.59126
 36.8607
 5.50966
 21.1577
 0
 0
 0
 33.1391
 0
 65.5508
 47.6404
 20.936
 18.6013
 56.5659
 18.488
 61.5791
 0.304318
 0
 21.6934
 0
 0
 3.93059
 3.56263
 3.88183
 8.69143
 11.4967
 12.8132
 0
 0
 14.0603
 0
 0
 0.269233
 16.1156
 36.6706
 0
 3.84552
 25.6941
 1.05896
 1.87592
 11.4081
 2.77849
 1.87185
 58.8836
 4.75449
 4.29025
 13.7915
 0
 0
 31.1201
 16.5625
 15.4031
 13.4474
 0.890318
 3.37776
 15
 0
 2.75617
 2.22457
 1.31432
 7.898
 1.5286
 1.66023
 0.898157
 10.9131
 7.41469
 6.5192
 33.5344
 14.9744
 0
 66.7077
 0
 8.30632
 4.3989
 3.73086
 2.82377
 12.7888
 0
 1.93781
 5.16795
 4.62871
 10.7989
 32.9859
 23.2438
 1.60103
 6.16006
 1.57956
 0.991658
 11.0731
 93.523
 1.03032
 25.4306
 3.05944
 25.2336
 46.9411
 0.0580351
 0.113351
 14.5456
 0
 14.0927
 20.6956
 5.51528
 0
 0
 50.23
 0
 1.43454
 14.0729
 12.1777
 0
 2.44306
 27.439
 17.1787
 16.0516
 56.1622
 0
 1.46413
 126.948
 0
 3.90343
 10.7492
 5.21301
 10.4045
 22.453
 0
 0
 51.8854
 6.1076
 3.26172
 38.9484
 66.4577
 0
 0.922803
 0.0995746
 8.7367
 33.1874
 4.50979
 11.2905
 7.60828
 0
 8.61252
 2.63985
 2.428
 6.40946
 23.3342
 1.84775
 40.8651
 6.22361
 87.822
 46.2507
 78.3895
 0
 21.0153
 1.28772
 55.1813
 0
 0
 1.44942
 0.729116
 14.71
 25.5167
 0.896283
 3.57136
 14.5713
 0.433389
 5.66691
 18.6579
 26.7472
 21.8948
 45.9059
 0
 0.591584
 52.236
 6.25265
 40.6432
 14.1302
 6.35084
 4.39819
 3.48408
 43.3988
 0.835925
 2.60399
 1.69839
 56.9722
 3.93446
 3.33702
 2.46987
 25.2262
 11.8609
 9.17607
 35.2425
 46.0297
 3.44384
 8.90747
 5.52412
 54.6412
 2.66736
 2.61241
 1.97743
 18.5359
 0.631946
 2.11491
 3.71439
 11.9782
 23.8041
 0
 12.2078
 22.5823
 5.63706
 0.831598
 1.5815
 30.8291
 0
 18.4998
 22.1671
 1.9271
 6.87755
 0
 31.2195
 57.2863
 35.3618
 0
 31.9774
 0
 72.9493
 1.87464
 1.02917
 7.99249
 1.56025
 6.57211
 11.2919
 0
 0
 4.20462
 3.31737
 4.24477
 6.11194
 14.9662
 29.3135
 14.9974
 10.6821
 0
 46.7033
 0
 15.8508
 64.5969
 29.2652
 3.63275
 31.5477
 10.0964
 0
 7.95044
 23.3375
 13.1774
 0
 0.652282
 21.7799
 10.7342
 0
 0.89796
 3.62607
 13.7493
 3.03976
 28.339
 10.0497
 147.185
 15.7298
 37.9038
 7.3482
 5.87879
 0
 2.10873
 47.3357
 3.25426
 2.94786
 16.0819
 5.42814
 0
 0.475099
 75.1951
 45.5959
 21.9144
 0.0597548
 3.00959
 8.74852
 0
 12.6729
 0
 0
 0.449603
 27.2611
 19.3839
 6.69162
 32.9374
 32.0051
 6.1671
 21.1176
 76.0377
 79.9774
 0
 11.738
 4.24017
 7.38067
 18.0524
 31.4131
 5.37907
 31.5856
 1.20808
 16.839
 13.6373
 0
 0.556759
 0.586832
 18.03
 37.1313
 0
 11.6825
 5.43074
 1.53873
 5.43638
 7.06164
 11.8472
 0
 0.0473442
 3.9773
 5.4242
 3.64897
 2.7464
 9.07846
 0
 3.91745
 3.05053
 14.1493
 34.112
 18.6482
 13.471
 44.5084
 3.4849
 20.8852
 64.6632
 3.46592
 2.58964
 35.8811
 32.5217
 0
 5.91822
 11.0974
 0
 0.85519
 3.81756
 17.2458
 12.2473
 0.0500474
 62.8478
 49.1823
 23.7991
 3.1548
 56.6238
 9.8048
 9.46582
 163.221
 70.1735
 40.7188
 120.499
 307.436
 0
 35.4277
 11.5714
 2.94268
 20.1426
 6.97509
 4.84741
 151.445
 94.5741
 22.2476
 9.82345
 115.593
 173.395
 15.4702
 178.31
 24.8034
 38.4181
 74.3767
 96.3813
 80.7175
 8.81667
 2.91865
 29.4503
 484.622
 124.73
 0.781499
 71.9475
 46.9156
 5.4061
 11.1734
 644.532
 140.401
 14.0105
 218.18
 25.9679
 228.193
 0
 922.801
 77.5341
 17.9957
 80.9653
 162.206
 374.929
 96.0436
 14.0288
 1.05903
 16.6093
 37.033
 14.5419
 294.386
 26.8747
 89.8894
 4.50636
 84.7491
 154.666
 144.347
 90.4917
 7.81095
 24.5818
 93.9414
 2.9049
 1.98864
 72.6193
 1.25424
 8.70453
 6.5344
 140.64
 192.443
 0
 301.971
 0
 82.0875
 162.885
 196.039
 39.5902
 6.05499
 74.6525
 219.832
 53.7438
 0.471799
 14.9329
 75.8569
 9.43736
 30.9786
 0
 15.452
 12.5154
 18.3335
 124.996
 147.005
 4.14695
 22.6339
 10.7365
 15.6156
 68.7933
 67.6752
 8.95492
 1.81542
 0.938333
 21.0299
 2.51405
 29.6944
 19.1679
 101.914
 12.2853
 1.98968
 108.126
 27.2586
 618.668
 126.603
 39.6357
 3.94188
 3.17074
 34.3223
 13.5606
 116.02
 363.099
 4.16923
 66.4134
 21.3518
 30.2741
 56.6374
 6.69013
 4.2854
 28.3086
 33.6799
 0
 40.946
 259.447
 175.077
 108.714
 6.71643
 225.247
 76.6548
 323.945
 8.30297
 38.0408
 29.8646
 199.403
 28.8347
 172.392
 8.42887
 27.1284
 42.9681
 0
 15.4999
 18.3378
 170.272
 130.71
 30.615
 32.1434
 565.53
 145.147
 25.837
 82.765
 0
 44.9719
 0
 8.19002
 124.43
 0.380718
 119.416
 24.4202
 10.1448
 9.16527
 23.4415
 94.9452
 16.468
 5.52105
 0
 136.556
 22.6011
 370.477
 92.7107
 32.5979
 368.188
 22.1354
 0.735969
 171.445
 123.403
 395.361
 27.348
 77.8493
 20.4047
 142.891
 0
 0.10694
 182.667
 17.7169
 121.165
 170.626
 25.1037
 0
 0
 4.60024
 17.1973
 0
 8.54525
 50.7345
 28.8765
 211.094
 251.836
 0
 12.6853
 75.6314
 6.73032
 1.67838
 86.3553
 20.3984
 58.1913
 0
 4.14159
 77.777
 27.6276
 1.86912
 11.7407
 4.08148
 4.7364
 32.7829
 0.504633
 18.0445
 47.934
 17.7163
 5.39189
 0
 0
 0
 170.36
 27.974
 0
 12.1486
 73.9243
 68.0582
 150.469
 0
 2.85698
 35.273
 19.8296
 36.8933
 0.817734
 7.7091
 103.556
 97.7502
 49.4741
 30.3214
 24.2671
 0.41397
 15.7745
 44.6279
 75.2452
 5.90098
 7.3222
 0.990133
 1.9436
 73.7311
 5.38213
 202.225
 127.072
 36.0563
 95.2301
 123.008
 12.9557
 88.7796
 154.223
 127.642
 8.34678
 0.298713
 45.436
 0
 6.39165
 14.148
 38.1387
 16.1528
 0
 23.6976
 63.1233
 0
 0
 25.6004
 260.719
 0.124914
 41.8495
 162
 43.7799
 0
 28.3322
 80.6044
 26.4686
 93.3945
 18.9659
 188.2
 303.921
 527.635
 9.563
 105.666
 3.07113
 76.6001
 4.52607
 7.04998
 401.256
 20.5983
 0.292608
 25.432
 111.6
 153.14
 11.2006
 6.87012
 0.407417
 0.303279
 1.39974
 6.79957
 8.14265
 23.8285
 801.071
 65.008
 59.2519
 23.1812
 17.7933
 52.0415
 44.8982
 64.2996
 0.296816
 79.3634
 88.4605
 79.6929
 46.9762
 7.53476
 76.5507
 133.926
 22.9888
 52.3209
 24.9827
 4.33561
 39.094
 249.352
 24.5218
 16.539
 102.351
 230.985
 111.938
 0
 1.42119
 5.28303
 5.04649
 10.593
 1.12421
 130.074
 0.41485
 95.7078
 200.498
 30.2986
 0
 0
 19.8634
 276.881
 177.481
 7.72021
 73.9215
 39.7841
 0
 9.09513
 203.708
 69.7859
 38.7313
 112.047
 29.6372
 99.3982
 39.1388
 17.3196
 7.82827
 42.8844
 26.5394
 268.675
 24.9182
 26.7864
 0.72847
 0.762121
 38.3075
 8.89275
 8.75393
 139.889
 45.8429
 97.1999
 106.631
 37.2585
 132.152
 6.6315
 47.769
 1.03928
 1.35229
 22.5462
 0.0206598
 8.1547
 23.9353
 0
 203.506
 235.781
 35.2714
 2.03795
 2.24235
 22.9958
 0.486329
 0.0906037
 81.6881
 15.2887
 16.2765
 39.0407
 77.6528
 24.9972
 79.9987
 30.8595
 21.988
 24.0373
 494.024
 13.1498
 48.0674
 164.052
 70.8309
 0
 18.1895
 14.3651
 7.41488
 173.3
 93.4253
 95.7957
 0
 2.77466
 46.5825
 116.889
 5.93705
 77.727
 61.7883
 3.29714
 2.48976
 251.734
 64.4596
 81.7924
 24.6655
 5.89786
 17.5863
 356.641
 29.1989
 583.058
 41.5115
 4.71207
 108.619
 12.639
 0
 47.9163
 29.0215
 60.6539
 4.98135
 0
 0
 0
 29.2942
 67.8027
 196.927
 10.7081
 15.6272
 2.94768
 32.8312
 20.033
 93.8126
 1.50844
 262.893
 0
 3.56664
 8.36486
 212.476
 5.60398
 0
 8.30495
 1.47879
 1.04279
 22.3965
 89.9123
 6.57818
 102.61
 2.99413
 39.9082
 60.5552
 109.573
 270.106
 191.382
 0.21996
 156.228
 0.712731
 1.01448
 27.0077
 88.136
 5.86278
 27.6691
 0
