 -0.110555
 -0.0971633
 -0.155705
 -0.173277
 -0.104265
 -0.0389569
 0.134118
 0.023857
 0.0754026
 0.139888
 0.00892807
 0.296713
 -0.0104067
 0.000915583
 -0.0151
 -0.165691
 -0.177151
 -0.0831867
 -0.0255283
 0.0481729
 0.0304853
 0.0584246
 -0.122001
 -0.119486
 0.13775
 -0.0943439
 0.0545399
 -0.179523
 -0.0122489
 -0.0521575
 0.00447502
 -0.00656592
 -0.0149557
 0.0837765
 -0.190297
 0.153369
 0.0110467
 0.0870115
 0.0364724
 0.199765
 0.0777441
 -0.093662
 -0.11176
 -0.052054
 -0.0437933
 0.124813
 -0.0601583
 0.0689122
 -0.117761
 -0.206299
 0.065685
 -0.139951
 -0.0524681
 0.10041
 0.0128465
 0.0149402
 0.0517899
 -0.0998236
 0.0316218
 -0.0747703
 0.0517846
 0.194194
 -0.0956732
 0.0260776
 -0.0931609
 -0.0380242
 -0.0384932
 0.0679431
 -0.00957763
 -0.144623
 0.109546
 0.0463115
 0.10298
 -0.209105
 -0.0872488
 -0.223447
 0.0240519
 0.137528
 0.00727963
 -0.0247867
 0.0887088
 -0.114358
 -0.0370421
 -0.0647158
 0.13516
 0.0695947
 -0.167261
 0.0333296
 -0.0267772
 -0.0323912
 -0.0593926
 0.14636
 0.032689
 0.140371
 -0.0318656
 0.0805556
 -0.0323057
 0.138258
 -0.157568
 -0.0765577
 -0.110452
 -0.0710664
 0.137114
 0.155534
 -0.114938
 0.0851095
 0.204934
 -0.167843
 0.0180143
 0.0321791
 0.00704863
 -0.0589271
 -0.064961
 -0.0111106
 -0.0467499
 -0.112216
 -0.045223
 -0.0113001
 -0.195213
 0.0182754
 0.0171034
 0.00573588
 0.0116807
 -0.124499
 -0.0428308
 -0.26949
 0.0910499
 0.0251091
 0.164387
 -0.149536
 0.0350775
 0.00509402
 -0.1376
 -0.0537645
 0.0382479
 -0.0115388
 0.0261574
 0.0020908
 -0.0727188
 0.047079
 -0.219892
 -0.053688
 -0.0974071
 0.014555
 0.0183535
 0.221415
 0.107153
 -0.1382
 0.0179088
 -0.0448242
 -0.123589
 -0.00887084
 -0.0453541
 -0.201723
 -0.0484843
 0.0686029
 -0.0527897
 0.0606927
 -0.105636
 -0.348842
 0.0636505
 -0.0234563
 -0.0232255
 0.0239099
 0.130693
 -0.0304936
 -0.0803931
 0.0840955
 0.02349
 0.0219692
 -0.147189
 0.0182216
 0.20768
 0.00168265
 0.109297
 0.0411858
 -0.0136482
 -0.126121
 -0.00915972
 -0.0335995
 -0.0566482
 0.0341244
 -0.0270579
 -0.122443
 -0.0139896
 0.0941557
 0.0339443
 -0.0123145
 -0.142084
 0.00869134
 0.115823
 -0.0713584
 0.037514
 -0.00990236
 0.0233678
 0.00658416
 -0.116621
 -0.104861
 0.008139
 0.0661633
 -0.00531925
 -0.0422393
 0.158605
 -0.0210147
 -0.1391
 0.178867
 0.0482037
 -0.0996261
 0.141879
 0.0720061
 -0.00191482
 -0.0190065
 -0.20632
 -0.0364026
 0.226693
 0.102528
 -0.0863964
 -0.0110747
 0.0758205
 -0.0785111
 0.0441988
 -0.029828
 -0.0361859
 0.0513092
 0.0167273
 0.0829796
 -0.236499
 0.0010778
 -0.130827
 -0.132567
 -0.115681
 -0.0455797
 0.0413314
 0.121439
 0.04883
 -0.166182
 -0.102227
 -0.0156389
 0.0187154
 0.0377538
 -0.000707177
 -0.140729
 0.0720529
 0.084053
 0.0152958
 0.00245185
 0.0562959
 0.0341525
 -0.103536
 0.065715
 0.0836655
 0.0627866
 0.0260719
 0.0841444
 0.178569
 0.00285671
 -0.0475705
 0.0412724
 0.053398
 0.145708
 -0.130526
 0.218145
 -0.106909
 -0.159209
 -0.00471593
 0.0134568
 0.105788
 -0.0320115
 0.00475032
 -0.0382848
 0.0839348
 0.206341
 -0.0154935
 0.000683866
 -0.226049
 -0.119834
 -0.0353817
 0.0924175
 0.0679774
 -0.0441513
 0.0774505
 -0.0936022
 -0.0233904
 -0.0343065
 0.0318959
 0.0114076
 -0.0269022
 -0.106008
 0.143828
 0.139394
 0.0353429
 0.0697395
 -0.198738
 0.0256657
 -0.0254987
 -0.0916401
 -0.141139
 0.221235
 0.099431
 -0.0729043
 -0.0562117
 0.0579863
 0.0880103
 0.0450576
 0.027768
 0.0233708
 0.0105851
 -0.0359846
 0.0632911
 -0.109148
 -0.22281
 -0.0289557
 0.0935852
 0.138897
 -0.0980577
 -0.006653
 -0.0021772
 -0.0461589
 0.143103
 -0.0812342
 0.0927865
 0.112055
 0.062205
 0.0757414
 -0.099075
 0.0161876
 -0.244152
 0.0095809
 0.0904781
 0.00517808
 0.128671
 0.0446279
 -0.0635672
 0.0951712
 0.103319
 0.133296
 0.0207294
 -0.0166898
 -0.0836516
 0.00012587
 0.0252747
 0.019843
 0.114088
 0.0962654
 0.0264855
 -0.0741247
 0.00455854
 -0.0197073
 0.0634652
 0.0413712
 -0.161883
 -0.0399664
 0.0231111
 0.119042
 -0.0709405
 -0.0533563
 0.0174539
 -0.0454369
 0.0253638
 -0.136465
 -0.0105061
 0.026861
 -0.0913929
 0.0910367
 -0.102773
 -0.205941
 -0.129761
 -0.14648
 0.025205
 -0.253318
 -0.00289098
 -0.100977
 -0.0669071
 0.0601867
 0.0232511
 -0.0164414
 -0.0107397
 -0.0413436
 -0.0236821
 0.00855081
 -0.143998
 -0.0826974
 0.0263809
 -0.071503
 0.0462679
 -0.0994635
 -0.0199951
 -0.0466352
 0.0769298
 -0.156823
 -0.200961
 -0.00976843
 -0.163172
 -0.0976689
 -0.0494424
 -0.147204
 -0.0874541
 -0.106726
 0.0211987
 -0.0940164
 -0.101917
 -0.10503
 -0.0650671
 -0.0113719
 -0.0664273
 0.0863467
 -0.0995679
 -0.0382659
 0.00171576
 0.0310341
 -0.0448127
 0.0859272
 0.0416957
 -0.0548851
 0.00865934
 0.0457527
 0.0417709
 -0.00151277
 0.015326
 -0.0203643
 -0.103845
 -0.169512
 -0.0772449
 0.0242336
 -0.00616296
 0.0328531
 -0.0318226
 -0.0301675
 -0.0122186
 -0.0868292
 0.109397
 -0.0739611
 0.089292
 -0.0583792
 -0.271963
 -0.072025
 -0.0226404
 0.00271682
 -0.0621004
 0.0632978
 -0.0479103
 0.0354034
 -0.00275281
 -0.044701
 -0.0573606
 -0.00246596
 0.0154195
 0.0254469
 0.0479694
 -0.0387779
 0.0124895
 -0.0716499
 0.012605
 -0.133751
 -0.191352
 0.0134087
 -0.0570509
 -0.0165551
 0.118771
 -0.0481918
 0.015573
 0.115934
 -0.109407
 0.0769842
 0.0368193
 0.0191166
 0.0706283
 0.107065
 -0.0942428
 -0.0477994
 -0.0584148
 0.0915731
 0.00675164
 0.04178
 -0.0736729
 0.183558
 0.087278
 -0.204355
 0.0143607
 0.158889
 0.140546
 0.0853236
 0.15428
 0.153434
 -0.0224983
 0.0621456
 -0.0343812
 0.0509116
 -0.0566611
 0.106613
 0.0920823
 -0.034312
 0.0965471
 -0.0464248
 -0.0346321
 -0.0616664
 -0.129695
 -0.072908
 0.0221957
 0.0673083
 0.0694828
 0.194732
 -0.0669701
 0.057546
 -0.0695055
 0.0783613
 0.0470705
 0.103962
 0.162408
 -0.0866164
 0.0907345
 -0.00737321
 -0.0558672
 -0.110667
 -0.04883
 -0.137424
 -0.0170536
 -0.00466515
 0.102809
 -0.223715
 -0.0632566
 -0.203942
 0.110194
 0.140271
 -0.00469031
 0.13378
 0.0176357
 0.0322085
 -0.0788973
 0.0341258
 0.0326919
 0.00581853
 0.146785
 0.123316
 0.0527605
 -0.0411219
 -0.100502
 -0.204342
 0.100502
 -0.175917
 0.0656724
 -0.0201995
 0.248326
 0.00262158
 -0.0412105
 0.037268
 0.0883136
 0.0950578
 -0.124365
 -0.0650719
 0.0931379
 -0.17867
 0.140654
 0.12125
 0.0776601
 0.137333
 0.0179292
 -0.135074
 -0.143963
 0.059013
 0.00956719
 -0.0132514
 0.164741
 -0.0221758
 0.0445707
 0.143646
 0.0138473
 0.163521
 -0.119857
 -0.0450019
 -0.041871
 -0.0492789
 0.127649
 -0.048392
 -0.112296
 0.0244323
 -0.000247218
 0.0909418
 0.0344266
 -0.0283645
 0.114079
 0.0174846
 0.129215
 -0.132397
 -0.0293598
 0.00265622
 0.0271021
 0.025612
 -0.138183
 -0.0333281
 0.0682697
 0.0506778
 -0.0680119
 -0.0883628
 -0.0655278
 -0.101235
 -0.0772007
 0.000410007
 0.2719
 -0.0839049
 -0.122894
 0.0488474
 0.0448935
 0.136207
 0.0272886
 -0.0448681
 0.140753
 -0.283908
 0.0023339
 -0.0932387
 0.24683
 0.0186307
 0.0579102
 0.150451
 -0.0706874
 0.138509
 0.135969
 -0.0127612
 0.111311
 0.00696116
 0.0175257
 -0.225898
 -0.114705
 -0.100636
 -0.0929566
 0.0137821
 0.0663489
 -0.0832573
 0.0549103
 0.0359761
 -0.0804966
 -0.172419
 -0.0055857
 0.0244409
 0.142004
 0.0535167
 0.129015
 0.0454955
 0.154653
 -0.104516
 -0.0812388
 0.000682254
 0.16904
 -0.0720324
 -0.0689346
 -0.0872551
 0.102766
 -0.0407983
 0.128133
 0.0486014
 -0.067865
 -0.234972
 0.00738815
 0.0813585
 -0.0163321
 0.033451
 -0.135015
 0.0740458
 -0.0248689
 0.0911513
 0.0282884
 -0.0951453
 -0.111561
 0.0488224
 -0.1795
 -0.132993
 0.0151199
 -0.0867064
 -0.186541
 0.0148331
 0.0175657
 -0.018385
 -0.173715
 -0.0143905
 -0.264761
 0.00117107
 -0.0623474
 0.106103
 0.0893505
 -0.00753844
 -0.0575788
 -0.0936267
 0.019291
 -0.0183072
 0.160759
 0.20824
 0.0837545
 -0.00689699
 -0.236176
 -0.00218604
 0.0951815
 -0.0583061
 -0.0144008
 -0.048248
 0.024551
 0.174736
 0.0669537
 -0.113847
 0.0583555
 -0.0320798
 -0.0176429
 -0.164701
 0.162585
 0.0343114
 0.0396272
 0.194378
 0.066527
 -0.218561
 0.0546242
 -0.0271904
 -0.0619473
 -0.0604134
 0.0645422
 0.0281606
 -0.128397
 -0.137561
 -0.197586
 0.0640016
 -0.188557
 0.0335989
 -0.0852159
 -0.0805044
 0.019168
 0.0240304
 0.0107254
 0.0759238
 0.0146825
 -0.0722943
 0.0329636
 -0.0120687
 0.043273
 -0.135303
 -0.00885313
 0.131432
 -0.0390045
 -0.0267127
 -0.0720123
 0.0534263
 0.0610703
 0.0168548
 -0.0150451
 -0.0257692
 -0.294561
 -0.228637
 -0.0179217
 -0.101875
 -0.0231996
 0.0321173
 0.00111315
 0.0126925
 -0.255891
 0.0629078
 0.17635
 -0.0180198
 0.0701266
 -0.107776
 0.0685299
 -0.0415695
 -0.19088
 -0.0968739
 0.101407
 -0.0682705
 -0.0446991
 0.0931078
 -0.0185771
 0.0763818
 -0.0337721
 -0.130501
 0.0792552
 -0.162949
 0.0422709
 0.168913
 -0.00275153
 0.0191196
 0.0426278
 -0.020143
 0.100661
 -0.00647915
 -0.0609537
 0.0127149
 0.00876533
 -0.0199844
 0.0629832
 -0.0705557
 -0.116042
 0.0156694
 -0.00813794
 -0.175897
 -0.0108163
 -0.0963202
 0.06816
 -0.127771
 0.0939849
 0.0210473
 -0.00151621
 -0.019667
 -0.11799
 0.159313
 -0.184289
 -0.064806
 -0.0207724
 0.227839
 0.246619
 -0.141929
 -0.0614444
 -0.069761
 -0.125665
 -0.151827
 -0.196179
 0.021587
 -0.0765548
 -0.245153
 0.104909
 0.178312
 0.0532996
 0.102658
 0.0435227
 -0.0995656
 0.0123131
 0.106091
 -0.102928
 -0.206573
 0.0634121
 -0.0343041
 0.142596
 0.0231308
 -0.095138
 -0.153144
 -0.073807
 -0.022676
 -0.100116
 -0.00359731
 -0.160594
 -0.0943852
 0.0185889
 0.228145
 0.123346
 0.0161107
 -0.0208507
 0.207017
 0.0809535
 0.152736
 0.013276
 0.0909452
 -0.152988
 -0.105592
 0.062614
 0.0814583
 -0.0997714
 -0.0204666
 -0.117209
 -0.0218861
 0.0662045
 0.0535231
 0.132336
 -0.111847
 0.0372098
 0.0464217
 -0.0135924
 0.0383877
 -0.172069
 0.164967
 -0.0105525
 0.144303
 -0.15197
 -0.0569865
 0.0443634
 0.0225067
 0.108767
 0.133449
 -0.0756352
 -0.0698416
 -0.0812127
 0.0940644
 0.0577328
 0.0535367
 0.0609487
 -0.133777
 0.0376926
 0.0924488
 0.140503
 0.00756084
 0.143234
 0.0294605
 -0.024563
 0.0285174
 0.0681327
 0.0138844
 -0.0339476
 -0.1942
 0.0322817
 -0.138513
 0.0714645
 0.0232874
 0.0706094
 -0.0306165
 0.0766458
 0.0156178
 0.0866375
 0.0217639
 0.0194955
 0.0732652
 0.00632069
 -0.0753307
 -0.149317
 0.189373
 -0.0822366
 -0.0824461
 -0.221325
 -0.0154418
 0.0170805
 -0.0134441
 0.223229
 -0.034803
 -0.0330314
 0.0933181
 0.140628
 -0.00559706
 -0.0638233
 -0.119372
 -0.0549301
 0.106067
 0.11578
 0.00988633
 -0.0904494
 0.0390203
 -0.112487
 -0.063113
 -0.13392
 0.0257942
 -0.0378005
 -0.0206547
 -0.0236244
 0.157893
 -0.0810507
 -0.00285273
 0.00915575
 -0.025417
 0.0727077
 -0.162454
 -0.020317
 0.0383119
 -0.0327257
 0.115169
 0.0135822
 0.151173
 -0.0434886
 0.0892998
 -0.0433677
 -0.0296705
 0.213553
 0.0447768
 -0.0328982
 -0.0737988
 0.0835113
 -0.0410458
 -0.0783432
 -0.013585
 -0.0911103
 0.110628
 0.119863
 -0.0720881
 0.00501295
 0.00439627
 0.0625904
 0.0925613
 0.0459497
 0.0276871
 0.129629
 -0.0118114
 0.0713813
 -0.126009
 0.0425702
 -0.105419
 -0.042142
 0.0310657
 0.0240213
 0.20639
 0.120224
 -0.0631148
 -0.040452
 -0.211734
 0.00462776
 -0.0498375
 -0.129756
 0.0125959
 -0.120341
 0.0881763
 -0.0902833
 -0.0552195
 0.095935
 -0.108808
 -0.000152248
 0.253095
 -0.120674
 0.107023
 -0.0239066
 -0.0720346
 -0.174037
 -0.0163409
 -0.165879
 0.047197
