 0.000679984
 -0.424386
 0.194897
 -0.0220758
 0.107254
 0.0467194
 -0.137063
 0.124418
 0.144097
 -0.0733329
 0.153717
 0.0990283
 -0.130596
 0.0604629
 0.00294283
 0.0350933
 -0.144732
 -0.019651
 -0.0179763
 -0.00759901
 0.0341389
 0.00510092
 0.0787911
 0.0781027
 -0.103805
 -0.0556468
 0.0807236
 -0.046351
 -0.00804991
 -0.212409
 0.113077
 -0.0912476
 -0.0622783
 -0.0464884
 -0.160446
 0.0477383
 0.0575344
 -0.0105804
 0.0499375
 0.0974639
 -0.187175
 0.0953341
 -0.01796
 0.0320415
 0.136848
 0.0814264
 -0.219133
 0.0138029
 0.190124
 -0.212975
 -0.0305123
 0.000791241
 -0.157446
 0.0972813
 0.104664
 0.0443397
 0.0699571
 0.00818735
 0.289146
 -0.0332575
 0.0353161
 -0.0628241
 0.033899
 -0.0499146
 0.0745938
 -0.0533577
 0.0744603
 -0.106635
 0.123458
 0.0879217
 0.120828
 -0.0695574
 -0.0670787
 0.0027083
 0.0624595
 0.0306046
 0.00751462
 -0.0665246
 0.0735363
 -0.171595
 0.144961
 -0.0948513
 -0.113114
 0.0690806
 -0.121828
 -0.0117624
 -0.0603783
 0.166608
 0.074592
 -0.151878
 0.0981865
 0.111979
 0.136996
 -0.159847
 -0.0416501
 0.0318724
 -0.110625
 0.0881447
 -0.0479875
 0.0779836
 0.164274
 -0.0368505
 -0.0602494
 -0.0126211
 -0.0302416
 0.116418
 0.0377179
 0.0950365
 -0.0476393
 0.0343593
 -0.206512
 -0.0721196
 -0.0702326
 0.162575
 -0.0395346
 -0.0279843
 -0.0936136
 0.0193504
 0.140108
 0.0771573
 0.177253
 -0.0634838
 -0.0668523
 0.140636
 0.0410772
 0.0175521
 0.0455776
 0.0208353
 0.0966293
 0.051023
 0.061302
 0.0430239
 0.066231
 -0.14512
 0.225737
 -0.119089
 -0.0605578
 -0.0339501
 0.379202
 -0.295243
 -0.0299117
 0.0277803
 -0.00109934
 0.00084118
 -0.115271
 0.157069
 -0.0723338
 0.132688
 0.0847792
 -0.185819
 -0.0440322
 0.101189
 0.131724
 -0.0601333
 0.132916
 -0.0310073
 -0.0143809
 -0.0289331
 -0.14532
 -0.1141
 0.0610652
 0.141418
 -0.0851456
 0.0717556
 -0.114133
 0.201796
 0.0783819
 -0.0417179
 -0.110373
 0.0921963
 0.0894048
 0.170948
 -0.0746738
 0.0405347
 0.0157777
 -0.0941681
 0.243251
 -0.0505795
 0.0798443
 -0.103396
 -0.026415
 0.0820766
 -0.127827
 0.0744628
 -0.04709
 0.222813
 -0.073912
 -0.1504
 -0.100289
 0.036645
 0.0963134
 -0.0541609
 0.102127
 0.21626
 -0.123704
 0.15391
 -0.104644
 0.0113796
 0.109514
 0.0682204
 0.149346
 -0.111685
 0.0770528
 0.0525588
 0.00133479
 -0.16804
 0.0234278
 -0.0532505
 -0.0131426
 -0.230757
 -0.0483408
 -0.259594
 0.138874
 -0.0132168
 -0.106553
 0.17314
 0.215129
 -0.0236141
 -0.105213
 0.0704021
 0.0879022
 -0.117813
 -0.0187864
 -0.221439
 -0.167542
 -0.127164
 0.242171
 -0.436853
 -0.166667
 -0.127734
 -0.310976
 -0.0363803
 -0.0543011
 0.0973782
 -0.0548646
 0.0634346
 0.178044
 -0.046559
 0.0485553
 -0.119636
 0.254433
 -0.115373
 0.0613036
 -0.118566
 0.0419761
 0.117076
 -0.0943342
 -0.0048401
 -0.348715
 0.306994
 -0.209176
 0.142435
 -0.104433
 -0.0662071
 0.0394828
 0.00141635
 -0.0112637
 0.0407394
 -0.0428312
 -0.0690029
 0.193528
 0.0862513
 -0.0518794
 -0.26916
 0.29168
 -0.118285
 0.068772
 0.084451
 -0.0187123
 0.180267
 0.128646
 -0.0188355
 0.0066973
 0.0561563
 0.0127392
 0.0300129
 -0.0158622
 -0.00539073
 -0.0775583
 0.285515
 -0.333049
 0.140719
 0.0662915
 0.0568846
 -0.149324
 -0.0676375
 0.24377
 -0.0601008
 0.0846225
 -0.12715
 0.147169
 -0.0850624
 -0.0460027
 0.0267418
 -0.0470032
 -0.00979966
 -0.125851
 0.0139354
 0.0399684
 -0.0877272
 0.00458167
 -0.0908918
 0.257022
 -0.205604
 0.00460049
 0.0921817
 0.0304804
 0.154793
 -0.199392
 0.0774407
 -0.148535
 0.182634
 -0.0897737
 -0.203715
 0.0945273
 -0.145145
 0.16775
 0.00840999
 -0.113961
 0.0986919
 -0.0544329
 -0.109053
 -0.0538529
 0.000460519
 0.0681407
 -0.133614
 -0.0447981
 -0.0790045
 -0.197876
 0.0974886
 -0.272489
 0.136856
 -0.0411935
 0.0255896
 0.170083
 -0.172904
 -0.0238258
 -0.0303011
 0.0183069
 0.0430651
 -0.0330502
 0.126473
 -0.113902
 -0.118354
 0.0292064
 0.161527
 -0.055633
 0.0649886
 0.038005
 0.137813
 -0.0345199
 0.123436
 -0.0128939
 0.136976
 0.0517143
 -0.202834
 0.0783593
 -0.295795
 -0.000729079
 0.197699
 0.0683198
 -0.287548
 0.0162394
 0.10592
 -0.0215523
 0.0390692
 0.178462
 0.142
 -0.0967892
 0.170861
 -0.010606
 0.133653
 0.0648892
 0.0372253
 -0.02482
 -0.0407735
 -0.020359
 0.00319014
 0.111762
 -0.033651
 0.142718
 0.161147
 0.0761191
 -0.0319509
 0.00455065
 -0.0803862
 0.0915034
 -0.085103
 0.177718
 -0.044315
 0.0362297
 0.132008
 0.126557
 0.101416
 -0.0931109
 -0.113024
 -0.0272516
 -0.171154
 -0.036402
 0.0336765
 0.168493
 0.151175
 -0.0222291
 0.249921
 -0.185412
 -0.116341
 0.0648042
 -0.104061
 -0.0804143
 -0.0772082
 -0.0615993
 0.321303
 -0.0606188
 -0.135939
 0.00652419
 0.154098
 -0.0926311
 -0.0223017
 -0.0272654
 0.279162
 0.137434
 -0.147941
 -0.0218407
 -0.020478
 0.161784
 -0.0791494
 0.15053
 0.481893
 0.108817
 -0.0589674
 -0.147254
 -0.0417258
 0.00890824
 -0.0739049
 0.179269
 0.00835183
 -0.193047
 -0.030447
 -0.0224034
 0.00698334
 0.0471803
 -0.0597232
 -0.259899
 0.216001
 -0.181393
 0.0862834
 -0.124419
 0.0223166
 0.1222
 -0.0454315
 0.0138543
 -0.0441663
 -0.00894768
 -0.105267
 0.0427214
 -0.00254532
 -0.0369124
 0.0939921
 -0.163288
 0.0203914
 0.0204674
 0.280352
 -0.153429
 0.0445996
 0.0707371
 -0.149263
 0.0299935
 0.0872539
 -0.206318
 0.0473467
 0.141619
 -0.055856
 -0.000166786
 0.154748
 -0.111521
 -0.100892
 0.00558198
 -0.228167
 0.111204
 -0.0730278
 -0.00582335
 0.0762019
 0.0996609
 -0.129447
 0.00485343
 0.0287
 -0.114425
 0.0257165
 -0.225103
 0.153385
 -0.0875105
 0.239441
 -0.0904685
 0.0300026
 0.265187
 0.107012
 -0.118416
 0.0141237
 0.0846019
 0.0854353
