 -0.110555
 -0.643375
 -0.129324
 -0.0579826
 -0.0544917
 -0.0221942
 0.0748383
 -0.049722
 0.0222424
 0.0715378
 -0.101362
 0.245827
 -0.211238
 -0.0561213
 -0.0700439
 -0.183019
 -0.0498491
 -0.0232744
 -0.0293711
 0.0284222
 0.0256947
 0.0782695
 -0.0694343
 -0.0248246
 0.232933
 -0.126367
 0.18863
 -0.201111
 0.0408755
 -0.0751788
 -0.040171
 -0.0663267
 -0.00607494
 0.127144
 -0.235139
 0.244109
 -0.111092
 0.0259606
 0.00804191
 0.195604
 0.017049
 -0.136359
 -0.151558
 0.00808694
 -0.0919546
 -0.0349165
 -0.218011
 0.0488514
 -0.247265
 -0.125752
 0.114771
 -0.0957637
 -0.0160774
 0.124747
 -0.0269257
 0.132969
 0.0497434
 -0.118739
 0.232006
 0.0105794
 0.277547
 0.117183
 -0.215345
 0.0154896
 -0.159728
 -0.0487751
 -0.0668316
 0.0780622
 -0.095476
 -0.175866
 0.163529
 -0.0775346
 0.0918566
 -0.311816
 -0.0234838
 -0.231957
 0.065049
 0.0659773
 -0.0925989
 0.0241506
 0.185798
 -0.103012
 -0.0214431
 0.00104751
 0.184453
 0.0167803
 -0.12391
 0.145304
 0.0018377
 0.0291029
 0.01471
 0.212647
 -0.0090753
 0.110281
 -0.130068
 0.0226378
 -0.0728588
 0.109547
 -0.24135
 -0.0344812
 -0.117557
 -0.0829899
 0.132158
 0.0909735
 -0.229037
 0.112061
 0.144184
 -0.297342
 0.0558273
 -0.000174279
 0.0163023
 -0.0823369
 -0.10655
 -0.0543473
 -0.0112352
 -0.0398346
 0.0860807
 0.0426309
 -0.142341
 0.0782628
 0.0407948
 0.0760509
 0.0142202
 -0.0956392
 0.0845582
 -0.205944
 0.29007
 -0.033816
 0.109641
 -0.264577
 0.0642695
 -0.0587305
 -0.176341
 -0.0465771
 0.0399476
 -0.0999662
 0.0838586
 0.0462986
 -0.0254391
 0.142163
 -0.18415
 0.0631777
 -0.0318671
 0.00991175
 0.0215129
 0.152944
 -0.0751772
 -0.180514
 0.0356998
 -0.0174262
 -0.0559276
 0.0566764
 -0.072745
 -0.226026
 -0.0160953
 0.0608084
 -0.140192
 0.0453446
 -0.182657
 -0.34956
 0.15365
 -0.0696396
 -0.0160115
 0.0803064
 0.0864996
 -0.0928819
 -0.0132388
 0.114276
 -0.0609347
 -0.0517654
 -0.221218
 0.128448
 0.163528
 -0.140462
 0.164389
 0.0674616
 -0.020983
 -0.0548491
 0.125418
 -0.0140742
 0.0328641
 0.0507581
 -0.0785078
 -0.109078
 0.0983092
 0.0693044
 0.0274361
 0.0296636
 -0.0604373
 0.101548
 0.13961
 -0.15112
 0.0623116
 -0.00378875
 -0.0351743
 -0.010984
 -0.153029
 -0.0869124
 -0.0175762
 0.0944957
 0.0264668
 -0.00912036
 0.194162
 -0.0666456
 -0.0489912
 0.286434
 0.0222495
 -0.105292
 0.193556
 -0.0478691
 -0.107515
 -0.0811988
 -0.236497
 0.138212
 0.278299
 0.0250654
 -0.0595588
 0.0784257
 0.104812
 -0.0615728
 0.171412
 -0.0597188
 -0.0611483
 0.0288204
 0.0185799
 0.106471
 -0.291387
 0.147817
 -0.211192
 -0.0407956
 -0.0140237
 0.0213828
 0.0462974
 0.147325
 -0.0188086
 -0.190636
 -0.05249
 0.0179015
 -0.0159131
 -0.0416677
 -0.0607924
 -0.0702942
 0.199551
 0.0257443
 0.0365044
 0.0407869
 0.031147
 -0.153748
 -0.071523
 0.135465
 0.0261388
 0.07276
 0.0886083
 0.0537194
 0.113202
 -0.0354819
 -0.00452149
 0.0683141
 0.0447128
 0.176326
 -0.142131
 0.340371
 -0.14096
 -0.124699
 0.0414555
 -0.0448049
 0.0530827
 -0.0354138
 0.0550775
 -0.042621
 0.0752965
 0.226073
 -0.138709
 -0.0419128
 -0.2513
 0.0259157
 0.105203
 0.141575
 0.0887943
 -0.0801347
 0.127279
 -0.0853812
 0.0525322
 -0.0106666
 0.0238246
 0.0461921
 0.0374462
 -0.0115952
 0.180251
 0.0247677
 0.010868
 0.125976
 -0.168265
 0.163736
 0.017563
 -0.0394886
 -0.0651153
 0.346317
 0.0313198
 -0.0887866
 0.0474097
 0.142852
 0.0924352
 -0.0533143
 -0.0821514
 0.0487302
 0.0235306
 -0.0243382
 0.0553873
 -0.179067
 -0.108526
 0.0326211
 0.0712273
 0.0249252
 -0.198385
 -0.0331626
 -0.0268865
 -0.0601925
 0.104706
 -0.134589
 0.0629003
 0.064819
 0.0609485
 0.0974623
 -0.120349
 0.0473076
 -0.303562
 0.0997526
 0.0871169
 0.0861712
 0.100264
 -0.0254467
 -0.0181727
 0.122654
 0.0756617
 0.00531164
 -0.0929354
 -0.0529807
 -0.0564118
 0.0962586
 0.00201079
 -0.0244443
 0.093466
 -0.00401627
 -0.049124
 -0.0406319
 0.0490638
 0.0314244
 0.126585
 0.0403162
 -0.109673
 0.069875
 0.00609777
 0.0849593
 -0.154997
 -0.0203353
 0.0562374
 -0.0846133
 0.0623149
 -0.117904
 0.12209
 0.109983
 -0.088562
 0.104575
 -0.154452
 -0.118007
 0.0494854
 -0.016712
 0.113174
 -0.225129
 0.0724679
 -0.106313
 -0.07155
 0.0234045
 -0.0370285
 -0.0193113
 -0.0712544
 -0.0682535
 0.0416146
 0.00914686
 -0.163201
 0.0492727
 0.106226
 -0.115804
 0.0465776
 -0.242408
 -0.275862
 -0.356215
 -0.259969
 -0.426367
 -0.139008
 0.0729011
 -0.108078
 0.021182
 0.0233399
 -0.150991
 0.0312963
 -0.0417341
 0.12434
 -0.100703
 -0.0145499
 0.0201387
 0.0323644
 -0.0243206
 -0.023581
 0.122663
 -0.22274
 0.0633633
 0.0396081
 0.025959
 -0.0541503
 0.0860419
 -0.109172
 -0.138705
 0.0591959
 0.0465875
 0.0836124
 -0.0125842
 0.0645012
 0.0310231
 -0.0963298
 -0.097814
 0.0714503
 0.117135
 -0.0650498
 0.0800627
 -0.101905
 -0.0166056
 0.0153559
 -0.116287
 0.111792
 -0.168065
 0.0661925
 -0.161334
 -0.301089
 0.011424
 -0.00988646
 -0.0240428
 -0.112147
 0.0232709
 -0.133812
 0.082703
 0.0440229
 0.0352839
 0.00167312
 0.0553649
 0.019826
 -0.00671847
 -0.005512
 -0.0998962
 0.0900412
 -0.0691036
 0.0891821
 -0.151566
 -0.0891679
 0.0560657
 -0.0422688
 -0.0308033
 0.0888627
 -0.0625901
 -0.0115601
 0.0726996
 -0.238701
 0.074144
 0.0372366
 -0.0114829
 0.0515936
 0.0396975
 -0.0748961
 -0.0444145
 -0.0494905
 0.0945119
 -0.0948054
 0.0921457
 -0.0417651
 0.237713
 0.0419246
 -0.276073
 0.0504107
 0.166965
 0.124921
 0.0938583
 0.158906
 0.106421
 -0.0219385
 0.0283839
 -0.0213687
 0.0530297
 -0.0448492
 0.142633
 -0.00679011
 -0.0700206
 0.0792121
 -0.139569
 -0.0806776
 -0.0352828
 -0.115163
 -0.0382455
 0.000803322
 -0.0125565
 0.0285367
 0.411897
 0.0581743
 0.450353
 -0.47916
 0.529515
 -0.616706
 0.423946
 -0.260678
 -0.105406
 -0.0821216
 -0.0309414
 -0.486145
 -0.222492
 -0.0734231
 -0.380958
 0.11828
 -0.0549244
 -0.110912
 0.0304672
 -0.0338397
 -0.125041
 0.281969
 -0.179293
 -0.273445
 0.0766841
 -0.232079
 0.202961
 0.123997
 0.261896
 0.300809
 0.376611
 0.437812
 -0.0754769
 0.0484503
 -0.274486
 0.131537
 -0.379281
 0.0639795
 -0.169889
 0.112093
 -0.342904
 0.725277
 -0.459047
 0.400357
 -0.0128681
 0.0198767
 -0.0489694
 -0.052
 0.261774
 -0.161482
 -0.261971
 0.359385
 -0.213837
 0.21437
 0.282743
 -0.217106
 0.316518
 -0.247297
 0.394165
 0.00978048
 -0.0770176
 0.0198605
 0.0798894
 0.0075141
 0.0399451
 -0.0371583
 0.00864276
 -0.0255775
 0.243498
 -0.296202
 0.250587
 0.261931
 -0.484791
 -0.0687036
 0.180831
 0.282361
 -0.38676
 0.17893
 -0.54901
 0.268403
 -0.21746
 0.452934
 -0.516174
 0.338061
 -0.236101
 0.21617
 -0.338049
 0.0331312
 0.0450085
 0.243779
 -0.281786
 -0.05513
 0.118444
 0.0939453
 0.524882
 0.190475
 -0.119776
 0.482795
 0.0199177
 0.242697
 0.0675925
 0.0608627
 0.130484
 -0.0842564
 0.380007
 0.706951
 -0.302841
 0.44234
 -0.0770533
 0.637643
 0.0937351
 0.155255
 0.347633
 0.0805507
 0.170673
 0.212186
 0.440056
 0.363066
 0.188755
 0.388315
 -0.308043
 0.270845
 -0.0985407
 -0.0354509
 0.414752
 -0.0818842
 -0.198895
 0.0683647
 -0.2383
 -0.16468
 -0.214059
 0.261828
 -0.0232044
 0.355128
 -0.183174
 0.194171
 -0.172207
 -0.0561268
 -0.468602
 -0.402764
 -0.368324
 0.16957
 -0.42115
 -0.34363
 -0.00656104
 0.24702
 -0.256968
 0.371395
 0.0404003
 -0.0345746
 0.0734941
 0.15442
 0.0568281
 -0.343733
 0.50695
 -0.217602
 0.739816
 0.223237
 0.288406
 0.0033487
 -0.439841
 0.629146
 0.177403
 0.133805
 0.185061
 -0.290323
 0.320985
 -0.296097
 0.233634
 0.0377653
 0.271071
 -0.408435
 -0.0659809
 -0.251718
 -0.135462
 -0.309235
 0.23023
 -0.399149
 0.189141
 -0.630217
 -0.150359
 -0.0671513
 -0.190544
 0.586107
 0.0751122
 0.0643176
 -0.169078
 0.0974067
 0.959643
 -0.0228285
 0.518998
 -0.260465
 0.452695
 -0.139009
 0.224907
 0.59882
 -0.506349
 0.360481
 -0.0715549
 -0.0393343
 -0.0115621
 0.419718
 -0.132987
 0.375376
 -0.578417
 0.316291
 -0.746188
 0.123263
 -0.413324
 0.0877582
 -0.170346
 0.0340138
 -0.182366
 -0.222461
 -0.530255
 -0.603159
 0.268139
 -0.354714
 -0.192924
 -0.230474
 0.481803
 -0.142955
 0.189139
 0.399741
 0.340125
 0.801076
 -0.135462
 0.598863
 0.280816
 0.125141
 -0.0685645
 -0.309804
 -0.315273
 -0.534368
 0.0812507
 -0.14817
 0.330718
 0.163101
 -0.192068
 0.131978
 -0.0326568
 -0.37324
 -0.23881
 0.0542683
 -0.513457
 0.194059
 -0.209479
 -0.143392
 0.166794
 -0.423597
 0.268417
 0.0715183
 -0.185536
 0.393033
 -0.141194
 0.433931
 -0.0409981
 -0.484822
 0.251377
 0.180144
 -0.464921
 -0.10653
 0.00920936
 -0.493339
 -0.00772602
 -0.405738
 -0.397581
 0.00595105
 -0.639035
 -0.34445
 0.142221
 -0.42536
 0.380602
 0.187995
 0.149676
 0.455519
 -0.0920267
 -0.00823156
 0.410195
 -0.0793199
 -0.185707
 -0.0239732
 -0.222206
 -0.301256
 0.536845
 -0.470069
 0.00966694
 -0.108989
 -0.320221
 0.064263
 -0.214897
 0.21754
 -0.169073
 0.104188
 -0.322896
 -0.432167
 0.539028
 -0.525087
 0.0961153
 0.0342721
 -0.0427035
 0.24236
 -0.519647
 -0.196242
 0.174135
 -0.216683
 0.533419
 -0.559142
 0.226258
 -0.138977
 -0.21007
 0.0811728
 -0.0948451
 -0.000124153
 0.288166
 -0.100773
 -0.0232537
 0.132469
 -0.0927173
 -0.0448134
 -0.166607
 -0.0117582
 -0.145253
 0.513857
 -0.0310922
 -0.128265
 0.233552
 -0.121581
 0.59029
 0.214
 0.0260495
 -0.0527923
 -0.0661208
 0.100143
 0.288837
 -0.0250392
 0.0546303
 -0.0744814
 0.314738
 -0.0134532
 0.285245
 -0.04297
 0.0662884
 -0.0933818
 -0.0964028
 0.175596
 -0.412395
 -0.251928
 0.257703
 -0.488765
 0.0678076
 0.0160667
 -0.366045
 0.275804
 -0.301051
 0.240725
 -0.0564942
 -0.174018
 -0.0765615
 -0.498068
 0.481953
 -0.493208
 0.323824
 -0.34621
 -0.00070671
 -0.00886543
 -0.331607
 0.0578911
 -0.107562
 -0.163692
 -0.211635
 -0.0887029
 -0.0261611
 0.0886175
 -0.214176
 -0.121338
 -0.301355
 -0.521378
 -0.182163
 -0.245569
 -0.536811
 0.169344
 0.0989468
 -0.0273228
 0.498095
 -0.157268
 0.0606018
 0.316828
 -0.472127
 0.136825
 -0.57746
 0.213097
 -0.257656
 0.205636
 -0.274602
 0.435642
 -0.351424
 0.413121
 -0.129949
 0.6326
 -0.0032616
 0.158461
 -0.0157843
 -0.164568
 0.628902
 -0.131728
 0.00468053
 -0.143267
 0.158755
 0.16503
 0.000832262
 0.179626
 -0.18705
 0.352726
 0.00839561
 -0.0787506
 0.166641
 -0.17624
 -0.0407142
 0.0895207
 0.141071
 -0.260649
 0.0191973
 0.0933469
 -0.0514627
 0.155272
 -0.0412757
 0.0598331
 0.0685433
 -0.252668
 0.159891
 0.0644866
 0.147999
 -0.546293
 -0.307412
 0.481522
 -0.0119286
 0.247681
 -0.0325961
 0.252808
 -0.235116
 -0.0300383
 -0.201378
 -0.0570532
 0.0992386
 -0.352062
 0.0916559
 -0.0375399
 0.181804
 0.452144
 -0.121801
 0.431924
 0.290736
 0.38507
 -0.0998665
 0.0401214
 0.0972812
 -0.0272525
 0.170364
 0.207847
 0.246
 0.0259278
 -0.0206275
 0.272876
 -0.0394649
 -0.122188
 0.0475157
 0.00229286
 -0.0406543
 0.364744
 -0.186729
 -0.0322957
 -0.05871
 -0.206131
 0.0876319
 -0.594468
 0.348928
 -0.094798
 -0.0612996
 -0.18342
 -0.0721539
 0.0567634
 -0.253975
 -0.00128644
 0.00494772
 0.0860423
 -0.0420639
 -0.0498739
 -0.187949
 0.206485
 0.0829242
 -0.0417757
 0.283925
 -0.484414
 0.438531
 -0.248779
 -0.12523
 0.142797
 0.00875853
