 0
 0
 -0.327419
 0.0701804
 -1.43466
 -1.02521
 -1.43678
 -0.275109
 -1.0177
 -1.39188
 -1.50047
 -1.35895
 -1.58613
 -0.872435
 -0.647136
 -0.24937
 0.270158
 -0.553702
 -0.650256
 -0.309007
 0.259337
 0.538689
 1.12823
 0.388591
 0.653172
 0.605492
 1.23628
 -0.303883
 -0.931431
 -0.743862
 -1.29481
 -0.621022
 0.0898967
 0.258842
 -0.17301
 -0.240725
 -0.74631
 -0.589604
 0.200588
 0.376683
 1.26718
 1.78333
 2.19109
 1.48246
 1.64933
 2.3203
 2.15816
 1.61238
 2.07764
 1.15318
 1.89795
 1.16067
 -0.636459
 -0.141204
 -0.823772
 -2.14829
 -1.86797
 -1.36696
 -2.29479
 -2.03012
 -2.42133
 -1.6768
 -0.458275
 -1.04324
 -0.973706
 -0.813589
 -0.599234
 -0.288808
 -0.782882
 -0.539111
 -0.435762
 -0.966939
 -0.12601
 -1.13057
 -0.986209
 -1.25513
 -1.12114
 -0.662665
 -0.147278
 0.856658
 1.1656
 0.489131
 -0.422165
 0.682809
 0.555289
 1.81244
 1.11681
 1.08534
 1.1277
 1.26208
 1.51466
 0.53621
 0.372265
 -0.521007
 -1.08621
 -1.37465
 -0.153109
 -0.768421
 -0.899469
 -1.72615
 -0.75045
 -0.928865
 -0.495532
 -0.28207
 -1.29364
 -1.34728
 -1.61349
 -1.78041
 -0.947014
 -1.33244
 -1.88654
 -1.78351
 -1.2526
 -0.714084
 0.448718
 0.616191
 0.960426
 0.368784
 0.445213
 -0.365908
 0.57315
 0.891206
 0.316362
 1.49217
 1.59103
 0.944248
 0.987487
 -0.45351
 -0.837836
 -0.738996
 -1.09608
 -1.35585
 -1.18219
 -1.64246
 -0.338802
 -0.549158
 0.877055
 1.05533
 1.56644
 1.20061
 1.16616
 0.131298
 0.387787
 -0.776795
 -0.171678
 -1.25366
 -1.01395
 0.00557173
 -0.507575
 0.355956
 0.0115261
 -1.51727
 -1.52602
 -0.990028
 -1.26488
 -0.802668
 -1.49687
 -1.00731
 -1.48444
 -1.21815
 -1.12056
 -0.14913
 -0.027005
 0.334809
 -0.388298
 0.0601098
 0.355773
 -0.459312
 -1.08551
 -0.973914
 -0.663517
 0.256526
 -0.474472
 -0.302136
 0.849071
 0.931191
 0.34334
 1.21229
 0.794152
 0.391049
 0.800874
 -0.29845
 -0.425158
 0.0177577
 0.421662
 -0.205388
 1.0081
 1.58432
 1.1389
 0.437861
 0.312712
 -0.343693
 -0.152673
 0.01045
 -0.925971
 -0.206464
 -0.61251
 -0.770359
 -0.913617
 0.49397
 0.663776
 0.295484
 0.249005
 0.521649
 1.00695
 0.52421
 0.748708
 -0.404071
 -1.58522
 -1.05367
 -1.20484
 -0.756062
 -0.20637
 1.1206
 0.67498
 1.58031
 1.21271
 1.02321
 0.740082
 1.43471
 1.03429
 -0.257978
 -0.648762
 -0.370309
 0.463531
 0.949429
 1.9596
 1.5218
 1.97281
 1.71045
 1.19086
 0.22265
 -0.08782
 0.429337
 -0.195551
 -0.208679
 -0.651909
 -0.774175
 -1.60821
 -0.87441
 -0.207314
 0.896502
 0.469858
 -0.0644581
 1.00227
 0.859499
 1.62441
 2.38539
 1.29483
 1.0264
 0.0201471
 1.3987
 0.964561
 -0.229357
 -0.14382
 0.555122
 0.35392
 0.0580322
 0.278327
 0.926518
 1.12557
 1.4637
 1.09618
 -0.629999
 -0.758973
 -0.828888
 -0.383328
 0.527021
 0.216217
 -0.112477
 -0.245831
 0.496139
 -0.81408
 -1.40858
 -0.158671
 0.574445
 1.09696
 0.467966
 0.91278
 -0.0297547
 0.417685
 0.450592
 0.243629
 0.0670547
 -0.118308
 1.05503
 1.41226
 1.18367
 -0.294116
 -0.402231
 0.700487
 0.999125
 0.868212
 0.67004
 1.02876
 0.850873
 1.72114
 1.01975
 1.2216
 0.517753
 1.07376
 0.148143
 -1.6516
 -1.14997
 -0.920819
 0.463277
 0.153847
 0.0435423
 -0.419772
 -0.404335
 0.36776
 -1.06875
 -0.855053
 -1.15703
 -0.792503
 -1.41485
 -0.367263
 -0.359465
 -0.746689
 -0.00655192
 -0.812827
 0.103471
 0.618031
 0.455729
 -0.0389912
 -0.675483
 -1.28253
 -0.594408
 -0.96912
 -2.23152
 -1.68392
 -1.4143
 -2.11601
 -1.6502
 -2.01824
 -1.19797
 -0.527792
 -0.248612
 0.200705
 0.406768
 -0.42347
 -0.445316
 -0.257441
 -0.55588
 -0.235212
 0.459854
 0.184434
 0.969166
 1.17306
 1.65721
 1.39614
 0.265872
 -0.665109
 -0.322193
 -0.325284
 -0.0864394
 -0.00114144
 -0.347231
 0.185367
 0.415705
 0.89338
 0.909896
 0.031784
 -0.396199
 -0.0117387
 0.509972
 1.04418
 0.705538
 0.178495
 0.0980636
 -1.37195
 -0.441292
 -1.43372
 -1.09144
 -0.352866
 -0.226326
 -1.19261
 -0.287984
 0.381086
 -0.197115
 -0.0364123
 0.909289
 1.03366
 1.9143
 1.95977
 1.97495
 2.48209
 2.4835
 2.51347
 2.3679
 0.594885
 0.71354
 0.683799
 0.701891
 1.32112
 2.0191
 1.58316
 0.999027
 0.853297
 0.159443
 0.626065
 0.849415
 0.32561
 -0.510276
 0.51214
 0.567549
 2.14202
 1.73892
 1.0496
 0.533304
 1.61989
 1.8844
 2.12092
 2.08388
 1.0784
 0.732318
 0.899016
 0.189852
 0.689292
 0.542532
 -0.0229713
 0.308399
 0.712421
 0.411101
 -0.571364
 0.337478
 -0.690381
 -0.0799632
 -0.145485
 -0.934675
 -1.15489
 -1.34847
 -1.46196
 -0.98718
 -0.92194
 -0.704113
 -0.441864
 -0.749554
 -1.03117
 -1.0784
 -0.498114
 0.428007
 0.896108
 0.979046
 0.428312
 0.30441
 -0.112043
 -0.444413
 -0.554802
 -0.316717
 0.590796
 0.0594507
 0.378829
 -0.170003
 0.188359
 -0.655525
 0.0924923
 -0.61197
 -0.401607
 0.218363
 -1.03799
 -0.892293
 -1.2902
 -0.536216
 0.340078
 -0.24148
 -0.179421
 -0.255001
 0.660597
 -0.645923
 -0.261274
 -0.424486
 -0.53875
 0.66196
 0.468107
 0.224179
 0.345802
 -0.680546
 -0.861854
 0.446808
 1.18754
 1.08085
 0.703633
 0.534652
 0.803182
 -0.499413
 0.511496
 -0.165138
 0.357124
 -0.125443
 -0.624026
 -0.131076
 -0.907605
 -1.3627
 -0.96553
 -0.401289
 -1.83651
 -0.798851
 -1.51787
 -0.985462
 -0.463832
 -1.52726
 -1.56769
 -1.84826
 -0.189519
 -1.26856
 0.895833
 -0.219289
 0.72719
 0.477767
 1.05711
 0.62071
 1.53144
 1.57725
 1.15876
 1.41399
 0.938125
 0.58559
 1.14198
 -0.175957
 0.118864
 0.00303816
 -0.201637
 0.525664
 1.11845
 1.0656
 1.16993
 0.425055
 -0.504529
 -0.898398
 -1.3908
 -1.80176
 -1.88399
 -1.06269
 -0.92243
 0.115751
 -0.512986
 0.288133
 0.965537
 0.447013
 0.478643
 1.19858
 -0.570996
 0.295189
 -0.960391
 -0.663972
 -0.32284
 0.167146
 -0.139404
 -0.939339
 0.14503
 0.428784
 -0.0120544
 0.676289
 0.0607249
 -0.715622
 0.0223041
 -1.30179
 -0.447406
 -0.973678
 -0.977946
 -0.547731
 0.279043
 -0.445438
 -0.215057
 0.170068
 -0.00147746
 0.604107
 -0.0762207
 -0.805325
 0.308278
 -0.465816
 -0.851137
 0.504942
 0.705914
 0.282316
 -0.896242
 0.836207
 0.0970743
 1.39709
 0.887697
 0.921197
 -0.402858
 0.527202
 -0.364975
 0.405499
 -0.293341
 0.845223
 0.267548
 0.162632
 -0.515036
 0.510513
 0.537637
 -0.143361
 -0.375117
 -1.70635
 -1.75296
 -0.7251
 -1.00085
 -1.4381
 -1.69001
 -1.09356
 -0.899503
 -0.735222
 -0.319923
 -1.27605
 -2.01019
 -1.5797
 -1.54466
 -1.19021
 -1.55355
 -1.69494
 -1.32723
 -1.45681
 -1.63347
 -1.06109
 -1.08355
 -1.89639
 -1.80289
 -1.68728
 -1.90548
 -1.13111
 -1.33323
 -0.889913
 -0.450897
 -1.34024
 -0.732531
 -0.184125
 0.061752
 0.823108
 0.955116
 1.01908
 0.214328
 0.179664
 -0.645992
 -0.0912161
 -0.283118
 0.161262
 0.81486
 1.3349
 1.83475
 1.99898
 1.22005
 1.16014
 1.70264
 1.11904
 0.273717
 0.597536
 -0.110652
 -0.489167
 -0.457718
 -1.10539
 -0.86628
 -0.723892
 0.554677
 -0.937779
 -0.560431
 -1.71671
 -1.86846
 -1.63213
 -1.3212
 0.322061
 -1.52369
 -1.31066
 -1.65887
 -1.68397
 0.0621921
 -1.14479
 -0.446235
 -0.525022
 -0.4985
 -1.28818
 -0.294494
 0.574443
 0.394829
 1.18261
 1.51582
 0.766777
 1.48381
 0.380481
 1.55465
 1.55697
 1.23327
 1.26251
 -0.398714
 -0.458573
 -0.695392
 -0.0169379
 -0.697609
 -2.13841
 -1.31956
 -2.08345
 -0.698855
 -1.64911
 -0.778646
 -0.462339
 -1.9173
 -0.451224
 -0.772405
 -0.72626
 -0.27621
 -0.575056
 -0.944068
 -0.519897
 -1.39417
 1.22329
 -0.0452884
 1.15254
 1.29935
 1.56979
 0.835543
 0.799995
 0.817777
 1.04671
 0.964801
 1.71844
 2.12907
 1.18121
 0.686613
 1.4902
 1.41432
 -0.609054
 -0.074714
 -0.403902
 -1.38981
 -1.51387
 -2.41504
 -1.52227
 -1.87927
 -1.961
 -1.4645
 -1.32387
 0.224939
 1.48043
 1.97868
 1.18625
 0.844754
 -0.0879243
 -0.707482
 0.0710776
 -0.332076
 -0.286084
 0.113075
 0.887596
 0.813903
 1.59654
 0.843499
 1.00681
 1.21924
 0.353935
 0.629304
 0.504683
 0.367665
 0.587179
 -0.503849
 -0.503595
 -1.17199
 -1.16516
 0.349233
 -0.23307
 -0.487414
 0.692034
 1.10156
 0.986891
 1.65493
 1.47519
 1.54321
 1.73646
 1.42929
 1.67835
 2.12145
 1.24367
 1.44722
 0.124861
 -0.597983
 -0.981218
 -1.59015
 -1.17279
 -0.76574
 -1.50725
 -1.02011
 -0.155917
 0.358552
 0.641584
 1.28721
 -0.53445
 0.728399
 0.227995
 0.664866
 1.21836
 1.15288
 0.843659
 0.474903
 0.666223
 0.138272
 0.902924
 1.65032
 0.275837
 0.555218
 0.600771
 0.181588
 1.03549
 0.359012
 0.81972
 1.47369
 0.361763
 0.597217
 -1.35466
 0.193837
 0.182109
 0.147493
 0.206001
 0.738851
 1.14335
 0.799316
 -0.199348
 0.00157267
 -0.212952
 -0.413435
 0.341705
 -0.0416494
 0.00364986
 0.723304
 0.871802
 -0.45703
 -0.683737
 -0.256302
 -1.17101
 -0.374988
 -1.63649
 -1.851
 -1.18478
 -1.12705
 -0.559259
 -0.42786
 -0.599948
 -0.456068
 -0.647696
 -0.290083
 -0.467784
 -0.50128
 -0.875461
 -0.841025
 -0.450958
 -0.726411
 -0.167279
 -0.369248
 1.08216
 1.3546
 0.198516
 1.06547
 0.996276
 0.652538
 1.49522
 0.711193
 0.628426
 0.154353
 0.180417
 0.637912
 0.893452
 1.49145
 0.493605
 1.1306
 0.579606
 0.4968
 0.673525
 0.642887
 1.3737
 1.19253
 1.18287
 0.861883
 1.15398
 0.980931
 1.14902
 0.474002
 0.940041
 1.22119
 1.10409
 2.05606
 1.88432
 1.67591
 1.9726
 1.34127
 0.16366
 0.115848
 -1.28224
 -0.486483
 -0.374437
 -1.35928
 -0.146793
 0.0735285
 1.26932
 1.00433
 1.16539
 0.44415
 0.854464
 -0.45192
 0.543665
 -0.546785
 -0.126292
 -1.69364
 -1.15856
 -1.2581
 -1.12785
 -0.471411
 -1.28152
 -1.26674
 -0.897656
 -0.722091
 -0.559153
 -0.910423
 -0.809028
 -0.411347
 -0.139054
 -1.13312
 -0.698734
 0.186405
 -0.662764
 -0.164038
 -0.0977421
 -0.301291
 -0.370933
 0.76581
 0.611854
 -0.269928
 0.299906
 -0.715817
 -0.41991
 -0.792332
 -0.558808
 0.325919
 -0.083567
 -0.41571
 -0.344919
 0.855384
 1.73407
 -0.178927
 -0.465939
 -0.780503
 -1.08934
 -1.30233
 -0.101627
 -0.0849477
 1.04215
 0.93295
 0.720066
 1.10358
 1.05457
 0.489748
 -0.200771
 -0.936357
 -0.591742
 -1.5438
 -1.81011
 -1.79772
 -1.25711
 -1.03738
 -0.92711
 -0.87108
 -0.586014
 -0.840175
 -1.61401
 -1.14304
 -0.651553
 -1.10661
 -0.640965
 0.0242283
 -0.052677
 0.353851
 0.250495
 -0.722719
 -0.672643
 0.185652
 -0.126723
 0.722967
 0.412605
 1.75858
 1.09121
 0.689206
 0.293229
 0.841302
 0.335204
 0.391468
 0.928138
 0.4915
 0.611247
 -0.342072
 0.385546
 -0.0150005
 0.658013
 0.431016
 -0.638287
 -0.147697
 -0.242855
 0.540384
 -0.229189
 0.0776149
 0.576819
 -0.461925
 -0.18485
