 0.110555
 0.643375
 -0.198095
 0.128163
 -1.38017
 -1.00301
 -1.51162
 -0.225387
 -1.03994
 -1.46342
 -1.39911
 -1.60478
 -1.37489
 -0.816314
 -0.577092
 -0.0663505
 0.320007
 -0.530428
 -0.620885
 -0.33743
 0.233642
 0.46042
 1.19766
 0.413416
 0.420238
 0.731859
 1.04765
 -0.102772
 -0.972306
 -0.668683
 -1.25464
 -0.554695
 0.0959716
 0.131697
 0.0621294
 -0.484834
 -0.635217
 -0.615564
 0.192546
 0.181079
 1.25013
 1.91969
 2.34265
 1.47438
 1.74129
 2.35522
 2.37617
 1.56352
 2.32491
 1.27893
 1.78318
 1.25643
 -0.620382
 -0.265951
 -0.796846
 -2.28126
 -1.91771
 -1.24822
 -2.5268
 -2.0407
 -2.69888
 -1.79398
 -0.24293
 -1.05873
 -0.813978
 -0.764814
 -0.532403
 -0.36687
 -0.687406
 -0.363245
 -0.599291
 -0.889404
 -0.217867
 -0.818757
 -0.962725
 -1.02317
 -1.18619
 -0.728642
 -0.0546789
 0.832508
 0.979804
 0.592143
 -0.400722
 0.681762
 0.370836
 1.79566
 1.24072
 0.940041
 1.12587
 1.23297
 1.49995
 0.323563
 0.381341
 -0.631288
 -0.956145
 -1.39729
 -0.0802507
 -0.877968
 -0.658119
 -1.69167
 -0.632893
 -0.845875
 -0.62769
 -0.373044
 -1.0646
 -1.45934
 -1.75767
 -1.48307
 -1.00284
 -1.33226
 -1.90285
 -1.70117
 -1.14605
 -0.659737
 0.459953
 0.656026
 0.874345
 0.326153
 0.587555
 -0.444171
 0.532355
 0.815155
 0.302141
 1.58781
 1.50647
 1.15019
 0.697418
 -0.419694
 -0.947477
 -0.474419
 -1.16034
 -1.29711
 -1.00585
 -1.59588
 -0.378749
 -0.449192
 0.793196
 1.00903
 1.59188
 1.05844
 1.35031
 0.06812
 0.419655
 -0.786706
 -0.193191
 -1.4066
 -0.938771
 0.186086
 -0.543275
 0.373382
 0.0674537
 -1.57395
 -1.45327
 -0.764002
 -1.24879
 -0.863477
 -1.35668
 -1.05266
 -1.30179
 -0.868588
 -1.27421
 -0.0794908
 -0.0109935
 0.254503
 -0.474798
 0.152992
 0.369012
 -0.573588
 -1.02457
 -0.922148
 -0.442298
 0.128079
 -0.638
 -0.161674
 0.684682
 0.86373
 0.364323
 1.26714
 0.668734
 0.405123
 0.76801
 -0.349209
 -0.34665
 0.126835
 0.323353
 -0.274692
 0.980665
 1.55466
 1.19933
 0.336314
 0.173101
 -0.192573
 -0.214985
 0.0142388
 -0.890797
 -0.19548
 -0.459481
 -0.683447
 -0.896041
 0.399475
 0.637309
 0.304605
 0.0548433
 0.588295
 1.05594
 0.237776
 0.726459
 -0.298779
 -1.77878
 -1.0058
 -1.09733
 -0.674863
 0.0301275
 0.982385
 0.39668
 1.55525
 1.27226
 0.944788
 0.63527
 1.49628
 0.862881
 -0.198259
 -0.587613
 -0.39913
 0.444951
 0.842958
 2.25099
 1.37399
 2.184
 1.75124
 1.20488
 0.201267
 -0.134117
 0.282012
 -0.176743
 -0.0180427
 -0.599419
 -0.792076
 -1.5923
 -0.832743
 -0.146522
 0.966796
 0.270307
 -0.0902023
 0.965769
 0.818712
 1.59327
 2.53914
 1.36635
 0.890933
 -0.00599177
 1.32594
 0.875953
 -0.283076
 -0.257021
 0.590604
 0.358441
 -0.0102819
 0.233614
 0.750191
 1.26771
 1.12333
 1.23714
 -0.505299
 -0.800428
 -0.784083
 -0.43641
 0.562435
 0.16114
 -0.0698561
 -0.321128
 0.270066
 -0.67537
 -1.36667
 0.0926289
 0.548529
 0.991752
 0.326391
 0.823986
 0.05038
 0.290407
 0.535973
 0.191097
 0.0777213
 -0.142133
 1.00884
 1.37481
 1.19526
 -0.474367
 -0.426998
 0.689619
 0.873149
 1.03648
 0.506304
 1.0112
 0.890362
 1.78626
 0.673432
 1.19028
 0.606539
 1.02635
 0.00529106
 -1.74403
 -1.09666
 -0.838668
 0.414547
 0.130317
 0.0678805
 -0.475159
 -0.225268
 0.476286
 -1.10137
 -0.92628
 -1.18196
 -0.594118
 -1.38169
 -0.340377
 -0.299273
 -0.851395
 0.128037
 -0.875728
 0.0386516
 0.557083
 0.358266
 0.0813576
 -0.722791
 -0.978964
 -0.694161
 -1.05624
 -2.31769
 -1.78419
 -1.38885
 -2.09784
 -1.77286
 -2.09391
 -1.20328
 -0.434856
 -0.195632
 0.257117
 0.310509
 -0.425481
 -0.420872
 -0.350907
 -0.551864
 -0.186088
 0.500486
 0.135371
 0.937742
 1.04647
 1.61689
 1.50581
 0.195997
 -0.671207
 -0.407152
 -0.170287
 -0.0661041
 -0.0573788
 -0.262618
 0.123052
 0.533609
 0.77129
 0.799913
 0.120346
 -0.500774
 0.142713
 0.627979
 0.994699
 0.72225
 0.0653214
 0.323192
 -1.44442
 -0.334979
 -1.36217
 -1.11484
 -0.315837
 -0.207015
 -1.12135
 -0.21973
 0.339471
 -0.206262
 0.126789
 0.860016
 0.927431
 2.0301
 1.91319
 2.21736
 2.75795
 2.83971
 2.77344
 2.79427
 0.733893
 0.640639
 0.791877
 0.680709
 1.29778
 2.17009
 1.55186
 1.04076
 0.728957
 0.260146
 0.640615
 0.829276
 0.293245
 -0.485956
 0.535721
 0.444886
 2.36476
 1.67555
 1.00999
 0.507345
 1.67404
 1.79835
 2.23009
 2.22258
 1.0192
 0.685731
 0.815403
 0.202436
 0.624791
 0.511509
 0.0733585
 0.406213
 0.640971
 0.293967
 -0.506314
 0.257415
 -0.588477
 -0.0633577
 -0.16084
 -0.818389
 -1.26668
 -1.1804
 -1.52815
 -0.825846
 -0.620851
 -0.715537
 -0.431977
 -0.725511
 -0.91902
 -1.10167
 -0.364301
 0.345304
 0.852085
 0.943762
 0.426639
 0.249045
 -0.131869
 -0.437695
 -0.54929
 -0.216821
 0.500755
 0.128554
 0.289647
 -0.0184364
 0.277527
 -0.711591
 0.134761
 -0.581167
 -0.49047
 0.280953
 -1.02643
 -0.964992
 -1.0515
 -0.61036
 0.302841
 -0.229997
 -0.231015
 -0.294699
 0.735493
 -0.601509
 -0.211783
 -0.518998
 -0.443945
 0.569814
 0.509872
 -0.0135334
 0.303877
 -0.404473
 -0.912265
 0.279842
 1.06261
 0.986995
 0.544727
 0.428231
 0.82512
 -0.527797
 0.532865
 -0.218168
 0.401973
 -0.268076
 -0.617236
 -0.0610557
 -0.986817
 -1.22313
 -0.884852
 -0.366006
 -1.72135
 -0.760606
 -1.51867
 -0.972906
 -0.492369
 -1.93916
 -1.62586
 -2.29861
 0.289641
 -1.79807
 1.51254
 -0.643235
 0.987868
 0.583172
 1.13923
 0.651651
 2.01758
 1.79975
 1.23218
 1.79495
 0.819845
 0.640515
 1.25289
 -0.206424
 0.152704
 0.12808
 -0.483606
 0.704957
 1.39189
 0.988915
 1.40201
 0.222095
 -0.628526
 -1.16029
 -1.69161
 -2.17837
 -2.3218
 -0.987208
 -0.97088
 0.390237
 -0.644523
 0.667414
 0.901557
 0.616901
 0.366549
 1.54148
 -1.29627
 0.754236
 -1.36075
 -0.651104
 -0.342717
 0.216115
 -0.0874037
 -1.20111
 0.306512
 0.690755
 -0.371439
 0.890126
 -0.153645
 -0.998365
 0.23941
 -1.6183
 -0.20011
 -1.36784
 -0.987727
 -0.470713
 0.259183
 -0.525327
 -0.222571
 0.130123
 0.0356808
 0.595465
 -0.0506432
 -1.04882
 0.60448
 -0.716403
 -1.11307
 0.989733
 0.774617
 0.101485
 -1.1786
 1.22297
 -0.0818562
 1.9461
 0.619293
 1.13866
 -0.855792
 1.04338
 -0.703037
 0.6416
 -0.509512
 1.18327
 0.234417
 0.117624
 -0.758815
 0.792299
 0.592767
 -0.261805
 -0.469063
 -2.23123
 -1.94344
 -0.605324
 -1.48365
 -1.45802
 -1.93271
 -1.16115
 -0.960366
 -0.865706
 -0.235667
 -1.65606
 -2.71714
 -1.27686
 -1.987
 -1.11316
 -2.19119
 -1.78867
 -1.48248
 -1.80445
 -1.71402
 -1.23176
 -1.29573
 -2.33645
 -2.16596
 -1.87604
 -2.29379
 -0.823065
 -1.60407
 -0.791373
 -0.415446
 -1.75499
 -0.650647
 0.01477
 -0.00661272
 1.06141
 1.1198
 1.23314
 -0.0475005
 0.202868
 -1.00112
 0.0919583
 -0.477289
 0.33347
 0.870987
 1.8035
 2.23751
 2.36731
 1.05048
 1.58129
 2.04627
 1.1256
 0.026697
 0.854504
 -0.482047
 -0.529567
 -0.423143
 -1.17888
 -1.0207
 -0.78072
 0.89841
 -1.44473
 -0.342828
 -2.45653
 -2.0917
 -1.92053
 -1.32455
 0.761902
 -2.15284
 -1.48806
 -1.79267
 -1.86904
 0.352515
 -1.46578
 -0.150138
 -0.758656
 -0.536265
 -1.55925
 0.11394
 0.640423
 0.646547
 1.31807
 1.82505
 0.536547
 1.88296
 0.19134
 2.18487
 1.70733
 1.30042
 1.45305
 -0.984821
 -0.533686
 -0.75971
 0.15214
 -0.795015
 -3.09805
 -1.29674
 -2.60244
 -0.43839
 -2.1018
 -0.639637
 -0.687246
 -2.51612
 0.055125
 -1.13289
 -0.654706
 -0.236875
 -0.563494
 -1.36379
 -0.38691
 -1.76955
 1.80171
 -0.361579
 1.89873
 1.17608
 1.98312
 0.747784
 0.970341
 0.783763
 1.22907
 1.18726
 2.24869
 2.73223
 0.913067
 1.04133
 1.68313
 1.6448
 -1.09086
 0.0682414
 -0.593041
 -1.78955
 -1.854
 -3.21611
 -1.38681
 -2.47814
 -2.24181
 -1.58964
 -1.25531
 0.534744
 1.7957
 2.51305
 1.105
 0.992924
 -0.418642
 -0.870583
 0.263145
 -0.464054
 -0.253427
 0.486315
 1.12641
 0.759635
 2.11
 0.64944
 1.21629
 1.36263
 0.187141
 1.0529
 0.236267
 0.296147
 0.772715
 -0.896882
 -0.3624
 -1.60592
 -1.12416
 0.834055
 -0.484448
 -0.667559
 1.15695
 1.20809
 0.977682
 2.14827
 1.48292
 1.94895
 2.13404
 1.42334
 2.31739
 2.4659
 1.10145
 1.87258
 -0.255741
 -0.785978
 -1.13089
 -2.04567
 -1.08076
 -0.757508
 -1.91745
 -0.94079
 0.0297897
 0.382526
 0.863791
 1.58847
 -1.0713
 1.19847
 0.218328
 0.773855
 1.53858
 1.08862
 1.05856
 0.257363
 0.835296
 0.034084
 1.22582
 2.08249
 -0.26319
 1.0803
 0.504656
 0.147316
 1.0782
 0.116652
 1.33937
 1.66994
 0.187628
 0.8139
 -1.88808
 0.752979
 -0.0441487
 0.28647
 0.416072
 0.657678
 1.2382
 0.79944
 -0.487514
 0.102345
 -0.189699
 -0.545905
 0.434422
 0.00316407
 0.170257
 0.735063
 1.01706
 -0.970887
 -0.652645
 -0.128037
 -1.40457
 -0.253407
 -2.22678
 -2.065
 -1.21083
 -1.07426
 -0.493138
 -0.528003
 -0.888785
 -0.431029
 -0.702327
 -0.215601
 -0.782522
 -0.487827
 -1.16071
 -0.798055
 -0.517246
 -0.633029
 -0.0708767
 -0.544844
 1.49455
 1.60653
 -0.0591869
 1.55423
 0.928468
 0.636471
 1.86126
 0.435389
 0.929476
 -0.0863726
 0.236912
 0.81193
 0.970014
 1.98952
 0.0116513
 1.62381
 0.255782
 0.843009
 0.674232
 0.651753
 1.70531
 1.13464
 1.29044
 1.02558
 1.36562
 1.06963
 1.17518
 0.385384
 1.15422
 1.34252
 1.40545
 2.57743
 2.06648
 1.92148
 2.50941
 1.17193
 0.0647131
 0.143171
 -1.78033
 -0.329215
 -0.435039
 -1.67611
 0.325335
 -0.0632961
 1.84678
 0.791232
 1.42305
 0.238513
 1.12907
 -0.887562
 0.895089
 -0.959906
 0.00365636
 -2.32624
 -1.1553
 -1.41657
 -1.11207
 -0.306843
 -1.91043
 -1.13501
 -0.902336
 -0.578824
 -0.717908
 -1.07545
 -0.80986
 -0.590973
 0.0479967
 -1.48584
 -0.70713
 0.265156
 -0.829405
 0.0122026
 -0.057028
 -0.390812
 -0.512004
 1.02646
 0.592656
 -0.363275
 0.351369
 -0.87109
 -0.378634
 -0.852165
 -0.627351
 0.578586
 -0.243458
 -0.480197
 -0.492919
 1.40168
 2.04148
 -0.660449
 -0.45401
 -1.02818
 -1.05674
 -1.55513
 0.133489
 -0.0549094
 1.24353
 0.990003
 0.620828
 1.45564
 0.962919
 0.527288
 -0.382575
 -1.3885
 -0.469941
 -1.97572
 -2.10084
 -2.18279
 -1.15725
 -1.0775
 -1.02439
 -0.843828
 -0.756378
 -1.04802
 -1.86001
 -1.16896
 -0.630925
 -1.37949
 -0.6015
 0.146416
 -0.100193
 0.351558
 0.291149
 -1.08746
 -0.485914
 0.217948
 -0.0680134
 0.929098
 0.324973
 2.35305
 0.742285
 0.784004
 0.354528
 1.02472
 0.407358
 0.334705
 1.18211
 0.492787
 0.606299
 -0.428115
 0.427609
 0.0348735
 0.845962
 0.224531
 -0.721212
 -0.105922
 -0.52678
 1.0248
 -0.66772
 0.326394
 0.702049
 -0.604722
 -0.193608
