 0.685516
 -0.288875
 0.0796085
 -1.35415
 -0.951662
 -1.28554
 -0.268407
 -0.978291
 -1.47795
 -1.53553
 -1.29249
 -1.66939
 -0.773964
 -0.561629
 -0.213046
 0.316924
 -0.49103
 -0.613844
 -0.228885
 0.267809
 0.508426
 1.02525
 0.364543
 0.634598
 0.525232
 1.22276
 -0.401429
 -0.901827
 -0.669389
 -1.16318
 -0.52709
 0.167752
 0.241409
 -0.262275
 -0.186013
 -0.795812
 -0.531124
 0.202707
 0.378831
 1.15303
 1.77781
 2.31025
 1.45623
 1.70249
 2.5869
 2.20376
 1.61872
 2.13757
 1.1702
 2.05518
 1.07303
 -0.656227
 -0.113906
 -0.816732
 -2.34822
 -1.86714
 -1.2837
 -2.41641
 -2.17155
 -2.55169
 -1.60429
 -0.414641
 -0.968925
 -1.01602
 -0.70956
 -0.52285
 -0.246341
 -0.791195
 -0.517218
 -0.331797
 -0.97318
 -0.135338
 -1.1456
 -0.88949
 -1.14648
 -0.923741
 -0.567571
 -0.136493
 0.83838
 1.09583
 0.312313
 -0.425854
 0.690816
 0.637776
 1.77949
 0.990495
 1.05419
 1.06926
 1.24436
 1.48772
 0.47977
 0.225244
 -0.539871
 -1.15793
 -1.26924
 -0.0937889
 -0.671658
 -1.00774
 -1.65798
 -0.63092
 -0.744125
 -0.420074
 -0.334696
 -1.39762
 -1.31789
 -1.62415
 -1.84048
 -0.765163
 -1.30306
 -1.9892
 -1.77643
 -1.09349
 -0.553273
 0.477077
 0.594005
 0.898336
 0.303321
 0.365096
 -0.263982
 0.562942
 0.879607
 0.268297
 1.47291
 1.62814
 0.852285
 1.01348
 -0.536878
 -0.848422
 -0.736172
 -0.952095
 -1.33456
 -1.1195
 -1.51424
 -0.228336
 -0.447811
 0.853219
 1.01045
 1.48867
 1.13009
 1.03406
 0.173958
 0.361648
 -0.677951
 -0.175092
 -1.19142
 -1.06023
 0.0357697
 -0.385548
 0.305153
 -0.00436453
 -1.58058
 -1.52931
 -0.826403
 -1.06589
 -0.737331
 -1.48976
 -0.950272
 -1.46286
 -1.12042
 -0.844303
 -0.108684
 0.0220575
 0.274023
 -0.420658
 -0.0263451
 0.353838
 -0.455379
 -1.14703
 -0.907524
 -0.556425
 0.355018
 -0.465756
 -0.404466
 0.854394
 0.821848
 0.240647
 1.15282
 0.792174
 0.327433
 0.759819
 -0.286676
 -0.444449
 0.0875875
 0.482417
 -0.188549
 0.953061
 1.58028
 1.01724
 0.390508
 0.254734
 -0.379703
 -0.0972412
 0.0101553
 -0.885619
 -0.203187
 -0.550927
 -0.702331
 -0.785703
 0.540118
 0.623447
 0.20297
 0.207265
 0.424672
 0.969791
 0.526763
 0.579308
 -0.489176
 -1.64284
 -1.03025
 -1.08531
 -0.664784
 -0.111455
 1.21267
 0.644915
 1.41546
 1.06804
 0.945167
 0.696648
 1.38293
 0.99334
 -0.367303
 -0.638337
 -0.255713
 0.505569
 0.966282
 1.97122
 1.57137
 2.00725
 1.7388
 1.15494
 0.210495
 -0.0609383
 0.433346
 -0.22603
 -0.253611
 -0.546776
 -0.712978
 -1.57437
 -0.775393
 -0.0895525
 0.885231
 0.449283
 -0.168641
 0.928609
 0.837184
 1.65357
 2.57578
 1.14669
 0.949215
 -0.0194212
 1.3795
 0.900715
 -0.323513
 -0.185722
 0.501214
 0.33345
 0.0373105
 0.251038
 0.894239
 1.01765
 1.46176
 0.881503
 -0.678369
 -0.704173
 -0.693929
 -0.272569
 0.501986
 0.192504
 -0.179544
 -0.22131
 0.43617
 -0.92767
 -1.44192
 -0.0543121
 0.76667
 1.09381
 0.399689
 0.767065
 -0.0943002
 0.390716
 0.405966
 0.250543
 0.0485155
 -0.0786208
 1.05394
 1.3965
 1.07117
 -0.343339
 -0.475722
 0.696531
 0.977488
 0.740144
 0.684802
 0.966754
 0.836426
 1.7635
 1.01958
 1.03477
 0.417024
 1.03796
 0.10978
 -1.83232
 -1.12183
 -0.737212
 0.505627
 0.133232
 -0.0469153
 -0.420342
 -0.407702
 0.414002
 -0.956862
 -0.84769
 -1.09542
 -0.804259
 -1.30391
 -0.30791
 -0.291316
 -0.71041
 -0.0845496
 -0.717554
 0.0583588
 0.57663
 0.349414
 -0.157332
 -0.666473
 -1.27037
 -0.389078
 -0.934292
 -2.48332
 -1.65575
 -1.3788
 -2.23436
 -1.6249
 -2.0634
 -1.13798
 -0.479019
 -0.236739
 0.170399
 0.380681
 -0.46417
 -0.466449
 -0.228376
 -0.564158
 -0.247511
 0.446338
 0.207414
 0.917648
 1.15737
 1.59708
 1.27565
 0.212252
 -0.688103
 -0.266284
 -0.287619
 -0.0251858
 0.0236073
 -0.341902
 0.204528
 0.405465
 0.90953
 0.832353
 -0.0622771
 -0.378525
 -0.0137249
 0.590846
 1.10331
 0.683796
 0.17501
 0.027316
 -1.25417
 -0.40951
 -1.28496
 -0.999805
 -0.269009
 -0.218054
 -1.19291
 -0.250301
 0.4394
 -0.203601
 -0.0665148
 0.970266
 1.06421
 1.95528
 2.0324
 2.02663
 2.84625
 2.81465
 2.86775
 2.53093
 0.561943
 0.782481
 0.729876
 0.789358
 1.39903
 2.14114
 1.58063
 0.932879
 0.831591
 0.13346
 0.657295
 0.880208
 0.314642
 -0.492827
 0.52675
 0.666547
 2.25306
 1.73598
 0.921419
 0.477186
 1.664
 2.00519
 2.18543
 2.10287
 0.990207
 0.665216
 0.852579
 0.164906
 0.658992
 0.511353
 -0.0429035
 0.343326
 0.781092
 0.393501
 -0.601184
 0.317772
 -0.642732
 -0.071866
 -0.105051
 -0.938808
 -1.10564
 -1.34644
 -1.35037
 -0.932484
 -0.804345
 -0.525573
 -0.37145
 -0.713419
 -1.02252
 -0.984836
 -0.431428
 0.497015
 0.839316
 0.87246
 0.344646
 0.259918
 -0.124727
 -0.440115
 -0.518335
 -0.269974
 0.614414
 0.0385335
 0.33997
 -0.182242
 0.212161
 -0.527363
 0.0821944
 -0.52444
 -0.376483
 0.169267
 -1.0098
 -0.915646
 -1.25217
 -0.383787
 0.344889
 -0.268548
 -0.238095
 -0.260461
 0.57708
 -0.598864
 -0.27138
 -0.332835
 -0.527616
 0.667018
 0.418366
 0.183819
 0.195693
 -0.737842
 -0.741741
 0.524182
 1.15479
 0.90745
 0.535185
 0.388059
 0.6639
 -0.493916
 0.447961
 -0.092374
 0.291338
 -0.100178
 -0.675291
 -0.161308
 -0.862604
 -1.41356
 -0.837425
 -0.32594
 -1.84927
 -0.711207
 -1.38428
 -0.929183
 -0.432695
 -1.58216
 -1.84657
 -1.95138
 -0.418178
 -1.08732
 0.573161
 0.0220943
 0.506909
 0.544964
 1.08673
 0.711485
 1.61076
 1.84462
 1.38048
 1.56727
 1.17246
 0.67039
 1.19862
 -0.0588597
 0.13584
 0.0822569
 -0.088587
 0.434198
 1.14878
 1.17455
 1.17387
 0.522963
 -0.5353
 -0.934183
 -1.52444
 -2.05309
 -2.15822
 -1.30543
 -0.987015
 -0.0510771
 -0.424732
 0.19781
 1.10472
 0.462898
 0.567354
 1.1857
 -0.365953
 -0.0204278
 -0.775543
 -0.828886
 -0.316699
 0.0954133
 -0.176702
 -0.913409
 0.0337262
 0.458185
 0.104773
 0.525397
 0.108444
 -0.793737
 -0.158104
 -1.21692
 -0.613479
 -0.849802
 -1.15136
 -0.592329
 0.222832
 -0.468311
 -0.301702
 0.134182
 -0.0323229
 0.549134
 -0.0913213
 -0.783932
 0.193936
 -0.324276
 -0.936489
 0.351279
 0.837891
 0.319212
 -0.909583
 0.677994
 0.292647
 1.32013
 1.10367
 0.865242
 -0.262072
 0.333072
 -0.108427
 0.281067
 -0.144485
 0.720172
 0.399443
 0.166469
 -0.454983
 0.387707
 0.610092
 -0.101679
 -0.427458
 -1.80215
 -2.01379
 -0.811606
 -1.00956
 -1.7761
 -1.85276
 -1.22272
 -0.973326
 -0.833045
 -0.486676
 -1.36101
 -2.36543
 -1.93851
 -1.53025
 -1.41682
 -1.64717
 -2.09376
 -1.51507
 -1.64598
 -1.91693
 -1.19559
 -1.26294
 -2.20874
 -2.1467
 -1.98925
 -2.16894
 -1.38139
 -1.29245
 -1.0257
 -0.48465
 -1.35559
 -0.932627
 -0.215444
 0.0944363
 0.757295
 1.02121
 1.09637
 0.377425
 0.132905
 -0.579417
 -0.258582
 -0.224965
 0.0492443
 0.840096
 1.37308
 2.13179
 2.37114
 1.47725
 1.2246
 1.9628
 1.35592
 0.411812
 0.543507
 0.0289334
 -0.600331
 -0.508158
 -1.09574
 -0.885914
 -0.745634
 0.419658
 -0.803143
 -0.839467
 -1.71769
 -2.29603
 -1.8189
 -1.49253
 0.161891
 -1.42014
 -1.65715
 -1.82324
 -1.81727
 -0.0714148
 -1.03462
 -0.654473
 -0.413322
 -0.617547
 -1.32897
 -0.444547
 0.687369
 0.442092
 1.30866
 1.65799
 0.960249
 1.48431
 0.582684
 1.59074
 1.87304
 1.44159
 1.37399
 -0.235841
 -0.653508
 -0.721413
 -0.126738
 -0.698095
 -2.38923
 -1.68694
 -2.28107
 -0.986095
 -1.64207
 -1.02821
 -0.511168
 -2.17083
 -0.778323
 -0.614591
 -0.90341
 -0.319437
 -0.59115
 -0.945169
 -0.730153
 -1.38794
 0.989546
 0.183134
 0.987785
 1.6136
 1.66925
 1.03009
 0.866202
 0.952248
 1.09864
 1.09287
 1.96475
 2.58791
 1.53952
 0.759569
 1.71963
 1.60526
 -0.426149
 -0.203616
 -0.322564
 -1.50829
 -1.79531
 -2.87933
 -1.91034
 -2.04201
 -2.37717
 -1.69414
 -1.45558
 0.16885
 1.61032
 2.17127
 1.39906
 0.905317
 0.0386084
 -0.760955
 -0.0143089
 -0.24851
 -0.342735
 0.1163
 1.02831
 1.00945
 1.68041
 1.08567
 1.04916
 1.3334
 0.484751
 0.6055
 0.72048
 0.356763
 0.524082
 -0.408811
 -0.6681
 -1.11628
 -1.33409
 0.278945
 -0.0424887
 -0.547891
 0.583718
 1.25291
 1.09503
 1.7441
 1.73065
 1.70479
 2.02035
 1.75008
 1.89593
 2.60724
 1.52992
 1.50964
 0.327519
 -0.679516
 -1.04373
 -1.68795
 -1.38187
 -0.822454
 -1.57428
 -1.22119
 -0.188889
 0.362407
 0.615664
 1.34893
 -0.32459
 0.535383
 0.43735
 0.706528
 1.31065
 1.32542
 0.885578
 0.612205
 0.630657
 0.246031
 0.896382
 1.83966
 0.519917
 0.411481
 0.798753
 0.256884
 1.03635
 0.406886
 0.698155
 1.67622
 0.54132
 0.565124
 -1.19367
 0.0134617
 0.447636
 0.0876634
 0.255197
 0.852199
 1.15811
 0.808904
 -0.171423
 -0.111597
 -0.175393
 -0.375783
 0.270224
 -0.0114528
 0.0139497
 0.80321
 0.892351
 -0.364438
 -0.875968
 -0.299187
 -1.10317
 -0.509508
 -1.63889
 -2.21703
 -1.30385
 -1.1835
 -0.605541
 -0.432512
 -0.663831
 -0.641232
 -0.710891
 -0.382178
 -0.456384
 -0.671845
 -0.932251
 -1.00665
 -0.507956
 -0.7779
 -0.191945
 -0.284058
 0.982238
 1.48365
 0.353665
 1.01874
 1.21849
 0.741132
 1.54356
 0.88003
 0.565521
 0.303939
 0.153406
 0.658257
 0.985403
 1.56847
 0.757506
 1.02876
 0.771722
 0.428626
 0.813961
 0.73689
 1.43232
 1.36077
 1.23002
 0.934573
 1.27146
 1.15265
 1.2713
 0.565807
 0.939536
 1.33765
 1.23722
 2.40004
 2.25838
 1.94482
 2.25279
 1.61552
 0.217794
 0.086974
 -1.21041
 -0.669899
 -0.354316
 -1.41561
 -0.321976
 0.275551
 1.20792
 1.22883
 1.1558
 0.572989
 0.792929
 -0.266749
 0.360879
 -0.362935
 -0.341358
 -1.69594
 -1.45573
 -1.31488
 -1.25543
 -0.552833
 -1.24694
 -1.58032
 -0.926408
 -0.75849
 -0.53328
 -0.970999
 -0.912124
 -0.456421
 -0.298393
 -1.11176
 -0.855174
 0.112205
 -0.653037
 -0.300318
 -0.0493281
 -0.272862
 -0.369986
 0.659395
 0.654081
 -0.256277
 0.241282
 -0.636156
 -0.498739
 -0.743657
 -0.570123
 0.254649
 -0.00668667
 -0.475556
 -0.35452
 0.766837
 1.97552
 -0.0152236
 -0.632656
 -0.753678
 -1.20668
 -1.30364
 -0.22803
 -0.00696713
 0.986318
 0.9882
 0.760195
 1.08169
 1.19901
 0.511616
 -0.156896
 -0.955475
 -0.80354
 -1.60436
 -2.13312
 -2.0049
 -1.47491
 -1.09653
 -1.01014
 -0.95897
 -0.634243
 -0.970568
 -1.82046
 -1.30031
 -0.718429
 -1.14437
 -0.806411
 -0.0493041
 -0.0559161
 0.28014
 0.20246
 -0.705457
 -0.813267
 0.214884
 -0.0819064
 0.697709
 0.550063
 1.80435
 1.31785
 0.623152
 0.331734
 0.874087
 0.468538
 0.49182
 0.950603
 0.625346
 0.648905
 -0.256126
 0.348795
 0.0523392
 0.647413
 0.516409
 -0.669388
 -0.197517
 -0.181428
 0.3545
 -0.0515512
 -0.0809073
 0.613648
 -0.360008
 -0.221527
 -0.315835
