 0.546212
 -0.626905
 0.131786
 -1.46188
 -0.299752
 -0.85652
 0.487222
 -0.86377
 -0.841265
 -0.728412
 -0.612975
 -0.731266
 -0.12275
 -0.184493
 0.0640548
 0.258877
 -0.685043
 -0.339606
 0.0339499
 0.408756
 0.386781
 0.816238
 -0.2439
 0.411023
 0.358521
 0.783437
 -0.833392
 -0.843408
 -0.228563
 -0.889745
 0.0638216
 0.361646
 0.174966
 -0.235904
 -0.267381
 -0.458438
 -0.216467
 0.493295
 0.266335
 1.13746
 1.16209
 1.31788
 0.306877
 0.98633
 1.63128
 1.076
 0.474429
 1.39093
 -0.0309382
 1.31255
 0.192045
 -1.23109
 0.170884
 -0.701229
 -1.87432
 -0.732761
 -0.415082
 -1.82116
 -0.867881
 -1.58936
 -0.276239
 0.461289
 -0.863346
 -0.390815
 -0.349269
 -0.169477
 -0.0134795
 -0.54752
 -0.159376
 -0.235811
 -0.59822
 0.306659
 -0.970419
 -0.536043
 -0.721634
 -0.53883
 -0.0100439
 0.248158
 0.83142
 0.664653
 -0.0564715
 -0.676656
 0.835928
 0.197473
 1.61226
 0.140826
 0.436643
 0.612403
 0.651037
 0.840263
 -0.250354
 0.179069
 -0.697932
 -0.742552
 -0.822729
 0.545811
 -0.683432
 -0.445833
 -1.36039
 0.140769
 -0.545269
 -0.0321049
 0.0277777
 -1.07078
 -0.784466
 -0.865621
 -0.874546
 -0.159369
 -0.807671
 -1.24576
 -0.8122
 -0.330964
 -0.065341
 0.748627
 0.337208
 0.557217
 -0.0997078
 0.234916
 -0.622067
 0.762406
 0.546162
 -0.0966235
 1.3064
 0.731989
 0.14888
 0.348117
 -0.788818
 -0.585798
 -0.232409
 -0.81329
 -0.729387
 -0.497436
 -1.07792
 0.484322
 -0.29048
 1.04972
 0.601448
 1.0136
 0.345941
 0.577654
 -0.550775
 0.315031
 -0.933275
 0.211238
 -1.09777
 -0.239023
 0.463695
 -0.549309
 0.591241
 -0.220414
 -1.55475
 -0.707215
 -0.216412
 -0.814412
 -0.146237
 -1.01203
 -0.28723
 -0.911442
 -0.513719
 -0.601843
 0.502332
 0.0172546
 0.295522
 -0.483311
 0.29455
 0.22737
 -0.633802
 -0.756338
 -0.399637
 -0.139397
 0.441044
 -0.503471
 0.0551693
 0.873974
 0.507926
 -0.101783
 0.965684
 0.0890638
 0.0417367
 0.5256
 -0.670765
 -0.216166
 0.191246
 0.307168
 -0.335218
 1.10488
 1.03504
 0.286076
 -0.183619
 0.116422
 -0.408394
 -0.0455051
 0.0930719
 -0.869597
 0.244819
 -0.481654
 -0.500258
 -0.493748
 0.909589
 0.39917
 -0.0536294
 0.0822655
 0.460556
 0.633196
 -0.0417758
 0.566341
 -0.785736
 -1.4377
 -0.115344
 -0.632344
 -0.144249
 0.170742
 1.03408
 0.150382
 1.34609
 0.35698
 0.340779
 0.244234
 1.06223
 0.198194
 -0.681627
 -0.509756
 -0.0359208
 0.635589
 0.695098
 1.55152
 0.36782
 1.36564
 0.592089
 0.279861
 -0.388912
 -0.17063
 0.449844
 -0.329638
 -0.120269
 -0.609534
 -0.456892
 -1.16973
 -0.00819663
 0.250266
 0.899681
 -0.0706733
 -0.177329
 0.98414
 0.330631
 1.23898
 1.74851
 -0.0238263
 0.325239
 -0.40065
 1.34989
 0.207661
 -0.649944
 0.0210137
 0.632687
 0.0141405
 -0.124445
 0.271517
 0.752394
 0.68923
 0.772885
 0.459495
 -1.22962
 -0.47289
 -0.368055
 0.0546912
 0.695735
 -0.099322
 -0.191086
 -0.183122
 0.595003
 -0.929067
 -1.02056
 0.549573
 0.495405
 0.742023
 -0.0593771
 0.682559
 -0.439753
 0.364743
 0.258442
 -0.0534789
 -0.0404384
 -0.131944
 1.07536
 0.837787
 0.4153
 -0.875166
 -0.122335
 0.868765
 0.580408
 0.366295
 0.1131
 0.719715
 0.305872
 1.24576
 0.0721083
 0.842374
 -0.111219
 0.703323
 -0.421793
 -1.68766
 -0.223591
 -0.285098
 0.843367
 -0.0780568
 -0.0385551
 -0.427816
 -0.128482
 0.420684
 -1.25707
 -0.26753
 -0.626712
 -0.170646
 -1.04226
 0.351618
 -0.174155
 -0.535576
 0.400949
 -0.806343
 0.542178
 0.543934
 0.124364
 -0.234721
 -0.697745
 -0.869814
 -0.0730223
 -0.623469
 -1.82964
 -0.499258
 -0.516467
 -1.4893
 -0.59698
 -1.15174
 -0.0746926
 0.120866
 -0.00525788
 0.279626
 0.223903
 -0.555524
 -0.200926
 -0.0363043
 -0.337189
 0.0681966
 0.506162
 -0.0732515
 0.84807
 0.65092
 1.1033
 0.514797
 -0.515934
 -0.726111
 0.0359371
 -0.097172
 0.00115326
 0.0198053
 -0.288092
 0.302443
 0.322936
 0.562212
 0.446381
 -0.384434
 -0.424214
 0.244809
 0.402067
 0.653919
 0.143302
 -0.197359
 0.0246112
 -1.48224
 0.287698
 -1.2111
 -0.340117
 0.234743
 -0.077163
 -1.02036
 0.304972
 0.446326
 -0.355605
 0.0816467
 0.785923
 0.565153
 1.48169
 0.98016
 1.13817
 1.67901
 1.4241
 1.45383
 1.21226
 -0.78579
 0.364404
 0.31327
 0.268687
 0.956818
 1.39872
 0.452965
 0.20183
 0.283138
 -0.208948
 0.455633
 0.454897
 -0.133945
 -0.611416
 0.717958
 0.296586
 1.99958
 0.504692
 0.193061
 0.0325265
 1.36004
 1.06967
 1.32965
 1.0318
 -0.0559876
 0.217553
 0.491433
 -0.227663
 0.539655
 0.171086
 -0.276059
 0.251944
 0.445376
 0.0363372
 -0.671577
 0.546507
 -0.765434
 0.216624
 -0.126297
 -0.818688
 -0.704675
 -0.675723
 -0.811677
 -0.164795
 -0.450701
 -0.341155
 -0.0608365
 -0.495486
 -0.619723
 -0.547814
 0.106975
 0.586813
 0.658978
 0.474395
 -0.0802526
 0.0619399
 -0.239739
 -0.354023
 -0.295197
 -0.00493817
 0.641044
 -0.199718
 0.2738
 -0.303314
 0.162269
 -0.741269
 0.426801
 -0.636577
 -0.0728377
 0.41861
 -1.12724
 -0.343629
 -0.736378
 0.0470777
 0.606348
 -0.38071
 -0.0549465
 -0.107441
 0.735068
 -0.969934
 0.0544562
 -0.292326
 -0.223481
 0.830191
 0.130402
 -0.0480757
 0.306143
 -0.804406
 -0.59349
 0.887683
 0.983795
 0.470738
 0.162848
 0.232161
 0.51179
 -0.866962
 0.731309
 -0.416499
 0.42894
 -0.334119
 -0.444422
 0.167209
 -0.842586
 -0.824419
 -0.284707
 0.0320699
 -1.6372
 0.0920066
 -1.07972
 -0.157361
 0.0299126
 -1.24602
 -0.586158
 -0.996178
 0.95762
 -1.30699
 1.72819
 -0.942199
 1.01422
 -0.0561298
 0.701204
 0.0209256
 1.17113
 0.505871
 0.242011
 0.76132
 -0.0185508
 0.167467
 0.741271
 -0.791422
 0.217512
 -0.0861326
 -0.239629
 0.737096
 0.688991
 0.306496
 0.613068
 -0.32537
 -0.596125
 -0.551755
 -0.782738
 -0.95935
 -0.777675
 0.159727
 -0.347267
 0.577268
 -0.656845
 0.596847
 0.550374
 -0.0428895
 0.151235
 0.932267
 -1.29185
 0.914879
 -1.2717
 0.0622453
 0.0375103
 0.313125
 -0.262397
 -0.828786
 0.737673
 0.223043
 -0.347735
 0.804835
 -0.41548
 -0.587885
 0.491325
 -1.34432
 0.38044
 -0.811996
 -0.231246
 0.00365353
 0.475647
 -0.542475
 0.0683939
 0.259121
 -0.0623976
 0.524444
 -0.392852
 -0.720411
 0.792516
 -0.747847
 -0.430413
 1.02432
 0.136894
 -0.146603
 -0.887007
 1.35952
 -0.503132
 1.38675
 -0.161066
 0.563896
 -0.931891
 0.910191
 -0.84849
 0.721753
 -0.57467
 1.03578
 -0.363006
 0.0258419
 -0.523352
 0.84875
 0.0737619
 -0.437532
 -0.25679
 -1.47512
 -0.61029
 0.289575
 -0.649492
 -0.66861
 -0.917601
 -0.0603604
 -0.256656
 -0.194116
 0.111694
 -1.14053
 -1.2328
 -0.194692
 -0.860202
 -0.152902
 -0.957972
 -0.569903
 -0.385392
 -0.672651
 -0.684076
 -0.143501
 -0.437956
 -1.26381
 -0.6286
 -0.601252
 -0.958378
 0.0636932
 -0.853068
 -0.0233002
 -0.0445704
 -1.06215
 0.204504
 0.159758
 0.058958
 0.766597
 0.350434
 0.386477
 -0.416746
 0.181323
 -0.694836
 0.410738
 -0.300722
 0.395073
 0.597255
 0.847261
 0.933415
 0.921324
 0.0253712
 0.642498
 0.873366
 0.0354806
 -0.278363
 0.534981
 -0.543405
 -0.217149
 -0.178947
 -0.834534
 -0.218847
 -0.137647
 0.879828
 -1.32308
 0.162711
 -1.53111
 -0.660949
 -0.550783
 -0.272551
 0.939206
 -1.85556
 -0.219312
 -0.894681
 -0.725673
 0.977606
 -1.24021
 0.313973
 -0.41106
 -0.104849
 -0.941635
 0.520746
 0.468514
 0.049121
 0.805965
 0.787918
 -0.170502
 1.17927
 -0.573108
 1.45385
 0.392901
 0.366328
 0.553493
 -1.10103
 0.0618471
 -0.366595
 0.345158
 -0.788438
 -1.84618
 0.248976
 -1.47141
 0.626847
 -1.37404
 0.328528
 -0.146405
 -1.56637
 0.832759
 -0.74655
 -0.1068
 0.0634818
 -0.42924
 -0.597931
 0.177144
 -1.10973
 2.0436
 -0.923639
 1.3055
 0.279015
 0.957554
 -0.208662
 0.405007
 0.280958
 0.595058
 0.30732
 1.12978
 1.05648
 -0.207324
 0.260169
 0.921673
 0.500871
 -1.39368
 0.480778
 -0.437654
 -1.06737
 -0.634759
 -1.65171
 0.101154
 -1.22544
 -0.736639
 -0.299591
 -0.44102
 0.872283
 1.18871
 1.07891
 -0.113379
 0.27269
 -0.589766
 -0.447789
 0.489112
 -0.442213
 -0.028319
 0.236679
 0.572781
 0.209163
 1.16948
 -0.269873
 0.668061
 0.528244
 -0.344313
 0.497924
 -0.0709504
 0.23065
 0.370319
 -0.860073
 -0.0405705
 -0.930219
 -0.283596
 0.875743
 -0.644935
 -0.196779
 0.979828
 0.442176
 0.349354
 1.13878
 0.353179
 0.811089
 0.747106
 0.357735
 1.00224
 1.02211
 0.0116286
 0.881893
 -0.836813
 -0.446457
 -0.556687
 -0.978206
 -0.0819557
 -0.196315
 -1.06822
 0.0145301
 0.33987
 0.314719
 0.407486
 0.768433
 -1.27988
 1.22725
 -0.39481
 0.529874
 0.757675
 0.311176
 0.251712
 -0.0814606
 0.486192
 -0.282574
 0.849907
 0.972445
 -0.775805
 0.67711
 -0.00582718
 -0.0667009
 0.88769
 -0.206963
 0.725573
 0.721267
 -0.490271
 0.449501
 -1.70287
 1.12625
 -0.214972
 0.157997
 0.047115
 0.483663
 0.739441
 0.103203
 -0.579447
 0.24164
 -0.258713
 -0.277828
 0.576649
 -0.2643
 0.00968993
 0.583309
 0.416795
 -0.942619
 -0.153835
 0.0654161
 -1.03294
 0.322601
 -1.48989
 -0.743135
 -0.0941942
 -0.448312
 0.0213589
 -0.154038
 -0.289952
 0.0161692
 -0.380268
 0.0761828
 -0.326628
 -0.0850863
 -0.574667
 -0.200567
 -0.0242227
 -0.40919
 0.154671
 -0.281425
 1.29795
 0.513392
 -0.595022
 1.05489
 0.134337
 0.178132
 1.11675
 -0.278334
 0.381262
 -0.327127
 0.219939
 0.469051
 0.435166
 0.938033
 -0.522932
 1.08925
 -0.290387
 0.350712
 0.19409
 0.276781
 0.985543
 0.271072
 0.572985
 0.169999
 0.586289
 0.243238
 0.553596
 -0.13679
 0.704425
 0.57114
 0.407097
 1.41378
 0.608119
 0.7018
 1.06141
 0.0404826
 -0.402434
 0.0510866
 -1.29366
 0.439161
 -0.207581
 -1.07105
 0.704401
 -0.0689871
 1.23127
 0.00611495
 0.724992
 -0.295747
 0.674206
 -0.971529
 0.940117
 -0.949016
 0.330039
 -1.65675
 0.0509574
 -0.620878
 -0.344481
 0.0982415
 -1.06641
 -0.2548
 -0.268685
 -0.219827
 -0.238053
 -0.49407
 -0.210084
 0.0313632
 0.140761
 -1.08962
 0.104018
 0.509064
 -0.741353
 0.261343
 -0.107564
 -0.255387
 -0.130762
 0.960863
 0.0224447
 -0.539282
 0.440894
 -0.84198
 0.0357439
 -0.54658
 -0.07751
 0.601117
 -0.38179
 -0.265546
 -0.0593677
 1.06296
 0.984511
 -1.19329
 -0.109843
 -0.511259
 -0.529611
 -0.689896
 0.685376
 -0.123954
 1.0018
 0.231598
 0.193006
 0.732965
 0.247245
 -0.030135
 -0.467289
 -0.692019
 0.115936
 -1.28288
 -0.835953
 -0.722825
 -0.106182
 -0.397643
 -0.32861
 -0.297107
 -0.127344
 -0.432346
 -1.04858
 -0.141359
 -0.0318238
 -0.716882
 0.106793
 0.319168
 -0.120492
 0.3696
 0.0276745
 -0.825536
 -0.0742016
 0.404628
 -0.216922
 0.69548
 -0.0624564
 1.57075
 -0.17133
 0.307064
 -0.114786
 0.598974
 -0.211794
 0.172515
 0.687578
 -0.145076
 0.312414
 -0.612788
 0.564295
 -0.223788
 0.584606
 -0.0535038
 -0.707323
 0.220668
 -0.157606
 0.743548
 -0.7234
 0.416311
 0.341979
 -0.781262
 0.128165
 -0.232651
