 0.546212
 -0.353799
 -0.0451141
 -1.48444
 -1.04197
 -1.37751
 -0.20153
 -0.964535
 -1.32353
 -1.39018
 -1.30806
 -1.3853
 -0.815398
 -0.592192
 -0.232041
 0.142856
 -0.613615
 -0.646413
 -0.289257
 0.264127
 0.518844
 1.07566
 0.29393
 0.557989
 0.637515
 1.10219
 -0.282295
 -0.984555
 -0.720841
 -1.25017
 -0.561261
 0.0810159
 0.215474
 -0.128167
 -0.331465
 -0.624171
 -0.528553
 0.229019
 0.380844
 1.32788
 1.82603
 2.23089
 1.42232
 1.69749
 2.48003
 2.31601
 1.63244
 2.20715
 1.07264
 1.84887
 1.11648
 -0.67285
 -0.165541
 -0.783999
 -2.26632
 -1.86592
 -1.34804
 -2.49518
 -2.11547
 -2.64709
 -1.59978
 -0.338603
 -1.03265
 -0.907139
 -0.802838
 -0.570896
 -0.298927
 -0.696984
 -0.507868
 -0.489745
 -0.843093
 -0.114887
 -1.02786
 -1.04997
 -1.24662
 -1.16214
 -0.591114
 -0.0473992
 0.807721
 1.06851
 0.477785
 -0.437764
 0.617046
 0.505996
 1.86526
 1.07346
 0.97337
 1.09909
 1.20058
 1.44055
 0.469923
 0.41403
 -0.490917
 -0.988011
 -1.31673
 -0.112556
 -0.73971
 -0.815687
 -1.76823
 -0.743345
 -0.916942
 -0.490576
 -0.21751
 -1.17954
 -1.37423
 -1.55274
 -1.65091
 -0.984827
 -1.30008
 -1.8958
 -1.7601
 -1.21101
 -0.670848
 0.413203
 0.54381
 0.829122
 0.314853
 0.392342
 -0.425896
 0.549458
 0.820891
 0.313822
 1.46331
 1.46364
 0.880702
 0.788468
 -0.394584
 -0.78309
 -0.623954
 -1.12527
 -1.29202
 -1.14345
 -1.64965
 -0.340501
 -0.460731
 0.819353
 1.01112
 1.51916
 1.10552
 1.13041
 0.0144321
 0.322247
 -0.772151
 -0.174838
 -1.18519
 -0.831618
 0.0478858
 -0.525366
 0.328558
 -0.0561349
 -1.58282
 -1.49863
 -0.965725
 -1.29727
 -0.794874
 -1.40947
 -0.991964
 -1.40742
 -1.21743
 -1.21056
 -0.102947
 -0.034219
 0.278413
 -0.344105
 0.122498
 0.288619
 -0.489492
 -1.00108
 -0.900179
 -0.589487
 0.1463
 -0.43032
 -0.159991
 0.793979
 0.904915
 0.350675
 1.14102
 0.659575
 0.371524
 0.711362
 -0.315084
 -0.373708
 0.00439198
 0.309364
 -0.180536
 1.01461
 1.54234
 1.05725
 0.345005
 0.288924
 -0.263932
 -0.177471
 0.00433642
 -0.867429
 -0.188896
 -0.576102
 -0.788308
 -0.887902
 0.465638
 0.63199
 0.262365
 0.213448
 0.56728
 0.916836
 0.416642
 0.774662
 -0.398405
 -1.6369
 -0.933794
 -1.09924
 -0.693869
 -0.176193
 0.945982
 0.623373
 1.65777
 1.18587
 0.933713
 0.711091
 1.41777
 0.907079
 -0.228087
 -0.623799
 -0.34782
 0.461679
 0.925938
 2.01449
 1.37506
 2.05317
 1.61868
 1.0892
 0.155687
 -0.0927861
 0.403451
 -0.127913
 -0.184225
 -0.701646
 -0.807715
 -1.57358
 -0.794989
 -0.147229
 0.826067
 0.34236
 -0.00614933
 0.981065
 0.821164
 1.64956
 2.57329
 1.26282
 0.956648
 0.0776737
 1.38873
 0.902025
 -0.198932
 -0.0784521
 0.593461
 0.310871
 0.0309905
 0.287012
 0.8959
 1.13718
 1.34148
 1.13023
 -0.664508
 -0.805144
 -0.770627
 -0.330622
 0.530424
 0.16589
 -0.108141
 -0.237193
 0.476407
 -0.690864
 -1.36599
 -0.133421
 0.428695
 0.956371
 0.418808
 0.891963
 0.00622876
 0.367857
 0.442371
 0.167707
 0.0434149
 -0.110237
 1.02025
 1.34791
 1.08925
 -0.330539
 -0.287605
 0.724962
 0.942889
 0.837739
 0.531969
 0.985699
 0.798722
 1.64512
 0.894668
 1.28971
 0.533635
 0.970141
 0.0632774
 -1.65602
 -1.0516
 -0.8109
 0.437917
 0.140902
 0.0318959
 -0.411868
 -0.334416
 0.253476
 -1.13033
 -0.832695
 -1.04306
 -0.692175
 -1.38834
 -0.342554
 -0.345432
 -0.708292
 0.0468028
 -0.782941
 0.150707
 0.619288
 0.434008
 -0.0177175
 -0.706603
 -1.22312
 -0.68458
 -0.965759
 -2.31252
 -1.65552
 -1.34423
 -2.16141
 -1.67768
 -1.99059
 -1.06999
 -0.414127
 -0.212321
 0.173466
 0.310635
 -0.400206
 -0.401029
 -0.236819
 -0.455598
 -0.159603
 0.426361
 0.139929
 0.918034
 1.10994
 1.65826
 1.34393
 0.15603
 -0.648096
 -0.288111
 -0.241227
 -0.11946
 -0.039925
 -0.308055
 0.148416
 0.397144
 0.760784
 0.826774
 0.028953
 -0.409737
 0.0399404
 0.422037
 0.864938
 0.575771
 0.0905264
 0.0698744
 -1.44731
 -0.435956
 -1.42908
 -1.05466
 -0.292586
 -0.223456
 -1.13209
 -0.261074
 0.315789
 -0.197711
 -0.0172087
 0.777319
 0.953812
 1.9586
 1.95946
 2.1179
 2.73796
 2.79307
 2.85037
 2.63744
 0.532932
 0.63087
 0.628705
 0.58304
 1.24834
 2.02289
 1.46441
 0.934035
 0.750155
 0.16613
 0.538698
 0.724246
 0.228178
 -0.497327
 0.469294
 0.531233
 2.26519
 1.63729
 1.0117
 0.538379
 1.62923
 1.88428
 2.27179
 2.1677
 1.02786
 0.731483
 0.857174
 0.200924
 0.640117
 0.491145
 -0.0304863
 0.236701
 0.563726
 0.3182
 -0.512477
 0.290269
 -0.620299
 -0.0935252
 -0.173059
 -0.905218
 -1.15728
 -1.25437
 -1.43886
 -0.884225
 -0.892814
 -0.787562
 -0.454618
 -0.722794
 -0.981121
 -1.03837
 -0.412212
 0.380707
 0.849332
 0.899061
 0.369278
 0.246579
 -0.11645
 -0.412248
 -0.501321
 -0.255599
 0.513245
 0.0569045
 0.302252
 -0.152188
 0.0861748
 -0.698182
 0.0777102
 -0.597722
 -0.371699
 0.232761
 -1.01086
 -0.849058
 -1.16091
 -0.533376
 0.339661
 -0.21088
 -0.160387
 -0.187634
 0.641251
 -0.649308
 -0.270198
 -0.427425
 -0.437193
 0.611594
 0.4362
 0.170024
 0.391155
 -0.608829
 -0.897904
 0.438731
 1.20316
 1.07232
 0.699008
 0.581664
 0.802622
 -0.465651
 0.498484
 -0.167257
 0.345312
 -0.161463
 -0.525153
 -0.0953677
 -0.89027
 -1.26955
 -0.919484
 -0.427672
 -1.85104
 -0.833514
 -1.49647
 -0.905598
 -0.422886
 -1.74442
 -1.69283
 -2.24107
 0.220136
 -1.71971
 1.55961
 -0.539273
 1.15028
 0.496556
 1.22996
 0.644278
 1.96172
 1.68908
 1.18335
 1.65752
 0.802791
 0.63585
 1.3557
 -0.430139
 0.0894471
 -0.0758621
 -0.373412
 0.845228
 1.3872
 1.12269
 1.41964
 0.254303
 -0.707423
 -1.12617
 -1.65892
 -2.17255
 -2.17502
 -0.863892
 -0.918119
 0.349115
 -0.745025
 0.463073
 1.00206
 0.440984
 0.432222
 1.52128
 -1.04795
 0.756857
 -1.40196
 -0.613836
 -0.254403
 0.311173
 -0.211769
 -1.26619
 0.399649
 0.512085
 -0.230786
 1.01138
 -0.0759845
 -0.861032
 0.257339
 -1.75338
 -0.344072
 -1.30883
 -0.97816
 -0.483965
 0.423923
 -0.547503
 -0.178
 0.27377
 0.0495282
 0.758985
 -0.1705
 -1.09383
 0.562609
 -0.765682
 -0.985419
 0.941341
 0.662322
 0.125917
 -1.17885
 1.31391
 -0.0474296
 1.91773
 0.733373
 1.15614
 -0.726577
 0.910979
 -0.732397
 0.644256
 -0.482409
 1.20888
 0.0962338
 0.0842956
 -0.690545
 0.842977
 0.524755
 -0.350168
 -0.53459
 -2.33247
 -2.02064
 -0.604914
 -1.21175
 -1.54193
 -2.0556
 -1.11231
 -0.915472
 -0.729499
 -0.208378
 -1.70093
 -2.57639
 -1.56076
 -1.98466
 -1.2064
 -1.94436
 -1.77004
 -1.42457
 -1.654
 -1.7847
 -1.09325
 -1.15976
 -2.34921
 -2.05465
 -1.86908
 -2.27627
 -1.04896
 -1.71878
 -0.892009
 -0.508403
 -1.74121
 -0.584298
 -0.0684873
 0.0482976
 1.09738
 1.0393
 1.06072
 -0.0530862
 0.227309
 -0.859116
 0.145475
 -0.348274
 0.378965
 1.02564
 1.69899
 2.15627
 2.36799
 1.21952
 1.50925
 1.97734
 1.03834
 0.129463
 0.813705
 -0.353914
 -0.480966
 -0.491008
 -1.41385
 -1.01331
 -0.699362
 0.882078
 -1.41128
 -0.477843
 -2.38248
 -2.11657
 -1.82938
 -1.29626
 0.666757
 -2.2644
 -1.43924
 -1.97217
 -2.00203
 0.367635
 -1.55248
 -0.336679
 -0.743823
 -0.5187
 -1.57764
 -0.0597746
 0.626033
 0.381786
 1.31924
 1.76271
 0.64265
 1.97231
 0.183802
 2.12729
 1.61371
 1.31971
 1.43475
 -0.824063
 -0.325445
 -0.675955
 0.145243
 -1.03119
 -3.10024
 -1.20155
 -2.66075
 -0.45279
 -2.15005
 -0.615086
 -0.51251
 -2.44917
 -0.0587218
 -1.07453
 -0.686785
 -0.254518
 -0.728195
 -1.2012
 -0.352598
 -1.72992
 1.99609
 -0.295052
 1.68017
 1.23071
 1.95593
 0.685837
 0.909928
 0.848305
 1.25723
 1.05887
 2.11113
 2.53464
 0.977069
 0.85277
 1.71673
 1.55958
 -1.17136
 0.0874094
 -0.569011
 -1.77883
 -1.77808
 -3.20143
 -1.4591
 -2.44517
 -2.25388
 -1.54637
 -1.39061
 0.525891
 1.92713
 2.47405
 1.07829
 0.920912
 -0.365216
 -0.809513
 0.28
 -0.479099
 -0.279196
 0.191753
 0.897769
 0.741713
 2.00813
 0.62624
 1.24841
 1.36374
 0.199833
 0.79701
 0.299174
 0.472497
 0.754695
 -0.826755
 -0.470176
 -1.5374
 -1.16573
 0.643174
 -0.581322
 -0.566152
 1.08868
 1.16339
 1.07079
 2.12969
 1.5593
 1.91517
 2.00354
 1.5026
 2.15444
 2.50817
 1.27037
 1.86983
 -0.236621
 -0.743351
 -1.15104
 -1.94501
 -1.08724
 -0.818462
 -1.90473
 -0.932025
 0.00980526
 0.445509
 0.793235
 1.47242
 -1.05563
 1.19033
 0.0424318
 0.763039
 1.44226
 1.15678
 0.930786
 0.351348
 0.856343
 0.0325678
 1.20615
 1.9645
 -0.103878
 0.896016
 0.43985
 0.126544
 1.30604
 0.363271
 1.19744
 1.60849
 0.117867
 0.688235
 -2.03991
 0.556799
 -0.0225617
 0.209915
 0.170919
 0.762587
 1.41651
 0.85274
 -0.384857
 0.145868
 -0.289264
 -0.533592
 0.540513
 -0.0997638
 -0.036316
 0.798475
 0.982751
 -0.828291
 -0.629514
 -0.223175
 -1.55771
 -0.327214
 -2.24946
 -2.16512
 -1.21443
 -1.23485
 -0.587523
 -0.509414
 -0.66064
 -0.307683
 -0.686216
 -0.236452
 -0.575505
 -0.406874
 -1.00797
 -0.784779
 -0.426301
 -0.786017
 -0.176469
 -0.48223
 1.57601
 1.50675
 -0.0796534
 1.43702
 0.906582
 0.702676
 1.91479
 0.567725
 0.817629
 -0.0491628
 0.283333
 0.798338
 1.0084
 1.81745
 0.176618
 1.61325
 0.400084
 0.691039
 0.617246
 0.696116
 1.72782
 1.24341
 1.42388
 0.94994
 1.29577
 0.988421
 1.26924
 0.443117
 1.20775
 1.40347
 1.27167
 2.61513
 2.15893
 2.06199
 2.51697
 1.31516
 0.0941735
 0.118608
 -1.75182
 -0.261082
 -0.421155
 -1.71005
 0.131135
 -0.0310144
 1.70827
 0.862697
 1.44634
 0.309123
 1.09845
 -0.810916
 0.910707
 -0.873269
 0.0254202
 -2.30675
 -1.08203
 -1.41025
 -1.1874
 -0.45616
 -1.72105
 -1.21725
 -0.984782
 -0.800149
 -0.733349
 -1.05837
 -0.823304
 -0.367744
 0.0131937
 -1.51887
 -0.613812
 0.405784
 -0.835002
 -0.0516207
 -0.1764
 -0.445742
 -0.405937
 1.14224
 0.602543
 -0.453724
 0.390389
 -0.983577
 -0.441747
 -0.986085
 -0.601557
 0.540786
 -0.264113
 -0.503821
 -0.335025
 1.32063
 2.03863
 -0.651293
 -0.479427
 -0.955476
 -1.21919
 -1.57545
 0.171801
 -0.0876351
 1.3587
 1.00359
 0.772
 1.41215
 1.05222
 0.48392
 -0.412245
 -1.17495
 -0.425164
 -2.00862
 -2.17464
 -2.09928
 -1.19829
 -1.15585
 -1.03798
 -0.934938
 -0.64575
 -0.928159
 -1.9321
 -1.16395
 -0.626529
 -1.3169
 -0.508939
 0.192366
 -0.0725056
 0.481187
 0.279338
 -1.01608
 -0.611923
 0.260518
 -0.173432
 0.886956
 0.356039
 2.37707
 0.948674
 0.904227
 0.291413
 0.98427
 0.195623
 0.339333
 1.13227
 0.363031
 0.618895
 -0.548455
 0.515786
 -0.0554098
 0.790743
 0.320466
 -0.830019
 -0.106074
 -0.273686
 0.904125
 -0.560697
 0.302487
 0.630015
 -0.778759
 -0.209949
 -0.430686
