 -0.448542
 -0.7596
 -0.109556
 -1.33994
 0.488598
 -0.373566
 -0.814264
 1.05448
 -0.435715
 0.224676
 -0.242816
 0.0505154
 -0.256665
 0.0237983
 0.825744
 -0.0232357
 0.673033
 0.621125
 2.21157
 -0.408711
 1.09422
 0.156788
 -0.12799
 0.00393831
 1.0119
 1.62468
 0.682181
 0.77796
 -0.221101
 0.620103
 0.26701
 -0.387427
 0.668603
 0.294739
 -0.998918
 0.580475
 0.333613
 2.13841
 2.13142
 -0.472751
 1.17295
 0.751922
 0.210204
 0.137874
 1.71562
 0.237602
 -2.04794
 1.09176
 -0.727331
 0.232581
 -0.404232
 1.8561
 1.22106
 -1.79627
 1.90356
 0.0104784
 2.35324
 0.625662
 0.241225
 0.413106
 0.536561
 0.903703
 0.261673
 -1.60657
 -1.66284
 -1.22611
 0.338253
 -0.267813
 0.108614
 -1.65277
 2.11562
 -0.504762
 1.78867
 0.545073
 -0.788522
 0.0492274
 0.276674
 -0.860398
 0.385868
 0.856846
 -0.775442
 -1.43544
 -0.494465
 1.35477
 0.251888
 -0.730689
 -0.528987
 -0.926751
 0.162768
 0.465432
 0.988094
 -0.450701
 0.552377
 1.13847
 0.120044
 1.14666
 1.22128
 1.59989
 1.03011
 0.395066
 2.09821
 1.54282
 0.40321
 0.24323
 1.35647
 0.468027
 -0.0217533
 0.0600772
 0.14164
 -0.622884
 -0.445195
 1.35223
 -0.631452
 1.60735
 -1.14039
 1.22645
 0.665159
 1.10247
 -0.558398
 -0.729571
 0.54292
 -1.32332
 -0.0924713
 -0.882334
 -0.83651
 -0.226491
 -0.289184
 -0.211463
 0.267637
 -0.256665
 -1.0451
 -0.365967
 -0.633211
 -0.412614
 -1.68837
 0.675636
 0.151959
 -1.9292
 0.331866
 -0.590863
 -0.744408
 -1.76608
 -0.41835
 1.2985
 -1.92634
 1.05626
 -0.26965
 -0.3118
 -0.324826
 -0.360346
 2.10762
 0.0798912
 0.718172
 1.08073
 0.944411
 0.801936
 -0.558931
 0.494316
 -1.0246
 -0.0593714
 0.340621
 -0.521455
 0.411845
 -0.0335105
 0.869934
 -0.822284
 -1.12849
 -0.161512
 0.904382
 -0.732852
 2.09409
 -0.825157
 0.967492
 -0.66371
 -0.00480155
 -0.188174
 0.641028
 -1.54993
 0.164866
 0.791615
 -0.678461
 -0.811433
 0.484766
 -0.221407
 -0.840945
 -0.369098
 0.117027
 0.289119
 0.314368
 -1.02248
 0.729021
 -0.276042
 -0.796481
 -1.29755
 -0.754107
 -0.334751
 -0.690804
 -0.452742
 -1.90443
 0.274039
 -0.171727
