 -2.10435
 1.76347
 -1.08562
 -0.736335
 0.0936171
 -0.189356
 -0.924016
 1.1228
 -0.466999
 0.246726
 -0.254602
 0.0575411
 -0.260669
 0.0257685
 0.824947
 -0.0225761
 0.672937
 0.621516
 2.21037
 -0.408276
 1.09453
 0.156532
 -0.127971
 0.00377514
 1.01239
 1.62465
 0.681967
 0.777998
 -0.220893
 0.620276
 0.266923
 -0.387203
 0.668842
 0.294686
 -0.999012
 0.580474
 0.333539
 2.13753
 2.13027
 -0.472459
 1.17321
 0.751735
 0.209946
 0.137767
 1.71552
 0.23723
 -2.04729
 1.09185
 -0.727078
 0.232266
 -0.404317
 1.85588
 1.22128
 -1.7962
 1.90322
 0.0103367
 2.35179
 0.62507
 0.240689
 0.412924
 0.536601
 0.904011
 0.261498
 -1.60737
 -1.66314
 -1.22583
 0.338324
 -0.268058
 0.10825
 -1.65341
 2.11448
 -0.504181
 1.78855
 0.544778
 -0.788127
 0.0490002
 0.276571
 -0.860276
 0.385672
 0.857248
 -0.775154
 -1.43594
 -0.494288
 1.3549
 0.251814
 -0.730414
 -0.528975
 -0.926602
 0.162442
 0.465344
 0.988575
 -0.450318
 0.552523
 1.1389
 0.119822
 1.14709
 1.22139
 1.59963
 1.02992
 0.394604
 2.09721
 1.54234
 0.402392
 0.242874
 1.35653
 0.46777
 -0.021794
 0.0599871
 0.141426
 -0.622654
 -0.445278
 1.35256
 -0.630977
 1.60753
 -1.14075
 1.22692
 0.665351
 1.10276
 -0.557738
 -0.729366
 0.542938
 -1.32391
 -0.0927791
 -0.882071
 -0.836158
 -0.226639
 -0.289364
 -0.211765
 0.26736
 -0.256827
 -1.04519
 -0.366091
 -0.633086
 -0.412677
 -1.68872
 0.675721
 0.151647
 -1.92932
 0.331733
 -0.590783
 -0.744157
 -1.76624
 -0.418084
 1.29857
 -1.92649
 1.05642
 -0.269714
 -0.311927
 -0.32502
 -0.360525
 2.10685
 0.0796346
 0.718386
 1.08096
 0.944559
 0.801912
 -0.558272
 0.494427
 -1.02476
 -0.0597308
 0.340416
 -0.521365
 0.4117
 -0.0337827
 0.870363
 -0.821992
 -1.12864
 -0.161779
 0.904634
 -0.732609
 2.09336
 -0.824783
 0.967974
 -0.663226
 -0.00511207
 -0.18838
 0.641193
 -1.55073
 0.16453
 0.791879
 -0.678179
 -0.81125
 0.484625
 -0.221527
 -0.840783
 -0.36924
 0.116658
 0.28886
 0.314272
 -1.02262
 0.729152
 -0.276091
 -0.796313
 -1.29774
 -0.753683
 -0.334782
 -0.690516
 -0.452758
 -1.90442
 0.274072
 -0.172033
 -1.50748
 0.186169
 0.0360715
 -0.482047
 -0.91995
 -0.400744
 0.196858
 -0.0712323
 -1.31275
 0.37373
 -1.66423
 0.94611
 0.422847
 1.65688
 0.565545
 0.401499
 -0.264597
 0.798958
 1.03298
 -0.745691
 0.50469
 0.376497
 0.571637
 1.00403
 -0.0138429
 -0.270431
 -0.804273
 1.121
 0.374534
 1.83742
 1.07222
 1.43903
 0.136698
 1.80055
 -0.385328
 1.24291
 -0.117308
 1.28302
 0.918759
 -0.344597
 -0.486791
 1.66568
 0.55732
 0.0941157
 1.21984
 -0.232156
 -0.369338
 -0.32334
 -0.415415
 0.0873947
 -1.80268
 -0.45062
 -1.86514
 -0.171346
 -0.682866
 -0.388747
 1.06198
 -0.907743
 -0.784287
 0.395798
 0.527872
 -0.963576
 0.0241448
 -1.04708
 -0.325777
 -2.04731
 -0.425553
 -1.20793
 -0.493732
 1.14532
 0.43254
 -0.741529
 0.311448
 -0.244144
 1.14174
 -0.483085
 -0.998509
 -0.438683
 -0.95656
 0.470153
 0.415971
 0.639401
 0.182993
 0.258633
 0.187354
 -0.421362
 1.90931
 -0.0534938
 0.544702
 -0.34062
 -0.269358
 0.259501
 -1.33897
 -0.801936
 -0.381032
 0.508713
 1.08658
 -0.237814
 -0.266371
 1.00188
 0.360805
 -0.797902
 0.49974
 0.0342477
 1.41217
 -1.96803
 1.06354
 -1.35973
 -1.15979
 -2.1676
 -0.692807
 -0.0362476
 0.56083
 0.942112
 0.571925
 -0.582466
 0.0495031
 -0.143995
 -0.699246
 -0.18903
 0.420001
 -0.766133
 1.03793
 -1.88326
 -0.85994
 -1.22432
 -0.53118
 -0.104022
 1.06278
 -0.587856
 0.953418
 -0.0150976
 1.73289
 0.623847
 -0.194471
 0.45194
 0.643683
 -1.90642
 0.681559
 0.596331
 -0.351944
 0.499429
 0.474376
 -0.295481
 -1.81269
 -0.561573
 -0.854595
 -0.389494
 -1.04025
 -1.24021
 0.154001
 -0.686245
 -0.211652
 -0.448791
 0.611375
 -0.368954
 -0.504426
 -1.10598
 -0.123057
 -0.922373
 -0.174207
 -0.575779
 0.243816
 0.154905
 0.318112
 -0.379754
 -0.134402
 -0.576158
 -0.224372
 -0.974756
 -0.240267
 -0.713977
 -0.298036
 0.618317
 0.664283
 0.805987
 0.874028
 0.557115
 -0.475906
 0.217782
 -0.991998
 -0.676983
 -1.37038
 0.205368
 1.68887
 -1.99443
 0.379641
 -0.419778
 0.0181134
 -0.353987
 -1.74703
 0.512338
 -0.165164
 -1.12543
 -0.892696
 -1.15128
 -0.502849
 1.30333
 -1.43253
 0.6749
 0.590596
 -1.25765
 0.0498416
 -0.0819294
 -0.92176
 -0.760092
 0.321634
 -0.159034
 0.48207
 0.528889
 0.33938
 -1.16985
 0.862516
 -1.29829
 -0.423259
 0.429925
 0.220266
 -1.13982
 0.933746
 -0.585884
 -0.242298
 0.138604
 -0.139482
 1.26107
 0.338762
 1.57303
 1.25007
 -0.431742
 -0.515298
 -0.392438
 -0.592285
 -1.72405
 -0.762393
 -0.54412
 -1.27373
 -2.11585
 0.816792
 -0.00151587
 -0.789931
 0.422272
 0.203697
 -0.49031
 0.388395
 -0.30346
 0.46654
 -0.300194
 0.380534
 0.0577547
 1.14855
 0.755739
 0.292986
 2.02188
 -1.44045
 -0.181572
 -1.42987
 0.861284
 -2.02745
 -1.65525
 0.171851
 -1.10585
 -0.708389
 -0.697235
 0.713091
 -0.746696
 -1.35988
 0.550343
 -0.175102
 0.244856
 -0.013229
 -1.72834
 0.515372
 -0.380712
 0.652283
 -0.170866
 -0.760488
 -0.748827
 -0.695066
 -1.14397
 0.688888
 -0.580552
 -0.20791
 -1.46119
 -0.489638
 -0.760525
 -1.20467
 -1.06515
 -1.7217
 0.217739
 -1.01635
 -0.873482
 -0.0290209
 -1.39411
 1.16689
 0.885741
 0.477338
 -0.641778
 1.29982
 1.0362
 0.758666
 1.24756
 -0.246963
 0.694516
 1.12886
 -2.14276
 0.279395
 0.969443
 0.0351275
 0.704702
 0.777109
 -1.35351
 -0.0229942
 -0.455202
 -0.387269
 0.572921
 0.200099
 -0.0940005
 0.241657
 -0.689101
 -0.269395
 0.688858
 0.587322
 0.506527
 0.300463
 -0.811113
 2.20971
 -0.204039
 2.33708
 -0.254828
 1.97863
 0.340137
 0.0996464
 0.856381
 0.418701
 2.23195
 -0.142822
 2.2201
 -1.31402
 1.94515
 0.105665
 -0.809774
 0.385496
 0.119335
 0.657145
 0.212923
 -0.170133
 -0.0330323
 -1.10221
 1.61497
 -0.846604
 1.41696
 -0.0764906
 -0.0379612
 -0.399729
 0.0495662
 -0.555365
 -0.700629
 -0.440614
 0.777991
 -1.36786
 1.03044
 -0.68041
 1.73053
 -0.351382
 1.32916
 -0.252076
 1.27703
 0.708551
 0.51379
 -0.681279
 0.566908
 0.459129
 -0.546114
 1.21167
 -0.425924
 0.257172
 -0.518324
 -0.946008
 0.130861
 0.31953
 -2.13574
 -0.0271188
 -0.814446
 0.461489
 -1.48979
 0.296187
 -0.752476
 -0.0972575
 0.411455
 -0.879423
 0.148279
 -0.156841
 -0.394826
 -0.114648
 0.0461843
 -1.97989
 0.347895
 0.184193
 -1.76114
 -0.989553
 -1.0834
 0.194949
 -0.769292
 1.12272
 -1.58549
 1.25884
 -1.58675
 1.35514
 0.584091
 0.300654
 -0.30849
 -0.198853
 0.629536
 -0.818044
 1.24934
 -0.535019
 2.10772
 1.15555
 -0.676017
 -0.4382
 1.07454
 0.406916
 1.29794
 0.429877
 -0.683236
 0.516164
 -0.408545
 0.203882
 -0.31517
 -0.949678
 -0.285303
 -0.852668
 0.485175
 -0.998609
 -0.218801
 1.20511
 -0.744007
 0.099618
 0.362823
 0.305532
 0.418429
 -0.0968674
 -1.30189
 0.44054
 0.647417
 -0.514484
 1.94659
 -0.704244
 0.756446
 -0.382774
 -0.474542
 -0.892683
 -1.9205
 -0.457859
 -0.448671
 -1.65245
 -0.0947713
 -2.02659
 -0.188945
 -1.20676
 -1.61874
 0.085628
 -0.272396
 0.416037
 -0.10079
 -0.718549
 0.265534
 0.721579
 -0.500793
 0.389532
 1.01703
 -0.0745834
 0.978262
 -0.854064
 1.18159
 0.655521
 0.846155
 0.0746431
 1.78016
 -0.273616
 -0.440419
 0.785465
 -0.767236
 1.03561
 0.0618934
 0.988324
 0.288683
 1.24598
 0.353552
 -0.0463065
 -0.194225
 1.52162
 0.289504
 1.0336
 0.0444833
 0.1143
 1.26303
 0.438472
 -2.0068
 0.435972
 -1.47083
 0.98761
 -1.3877
 0.820566
 -1.55064
 0.650638
 -1.43171
 1.261
 -0.976025
 0.27547
 -0.579663
 -0.747976
 0.526777
 -0.710764
 -0.89886
 0.772222
 -0.92808
 -0.359783
 -0.65205
 -0.485059
 -1.16674
 1.28791
 -2.08592
 -1.22391
 -0.511051
 -0.429598
 0.132981
 -1.15216
 -1.26991
 -0.251375
 -0.344025
 -1.99338
 -1.3765
 0.289895
 -2.04144
 1.02773
 -2.14983
 0.763683
 -1.75948
 0.259794
 0.567601
 1.56033
 0.182005
 1.85076
 -0.280114
 0.484707
 1.33074
 -0.135163
 1.92621
 -0.397476
 1.11776
 1.10959
 0.489971
 0.648008
 1.19819
 0.00712343
 1.43765
 0.849243
 -0.92443
 -0.543875
 0.82683
 -1.40571
 0.837403
 -1.38012
 1.1506
 -2.25926
 -0.0666157
 -0.561205
 -0.485446
 -0.0340066
 0.403844
 -0.216183
 -0.478425
 -0.084467
 0.376162
 -1.07105
 1.54095
 -1.68249
 0.143979
 -1.13175
 1.4369
 2.23135
 -0.800542
 0.20408
 -2.15351
 -1.25406
 -0.0136041
 0.23793
 1.01641
 -0.00526862
 0.120113
 -0.176232
 -0.749281
 -1.35075
 1.54711
 -0.534189
 -0.954303
 0.625542
 -1.48967
 0.674588
 -0.503369
 -0.336895
 -1.6269
 0.707135
 -0.691671
 0.51418
 -1.06917
 0.381628
 -0.732182
 -0.980549
 0.0698846
 -0.531855
 -0.564534
 1.69645
 0.493495
 0.278571
 1.77773
 -1.5604
 0.736483
 -0.0336342
 0.431256
 -1.19068
 1.32999
 -1.18695
 -2.07758
 -0.632243
 0.0549059
 -0.473136
 -0.876211
 -0.897127
 -0.193005
 0.0878794
 -1.0831
 0.163059
 -1.17581
 0.191153
 -1.27774
 1.87865
 -1.14646
 0.117014
 -0.599681
 -0.751551
 0.409852
 0.627914
 -0.365906
 -0.160031
 -0.0841035
 -0.653789
 0.610668
 -0.0309576
 -0.110515
 -0.44584
 1.96447
 0.327791
 1.38895
 0.566486
 1.29407
 -0.124656
 -0.746152
 2.17936
 0.0111691
 -0.038099
 0.189639
 0.932618
 -0.612543
 2.01363
 -1.13956
 -0.130522
 0.652878
 0.0702075
 -0.168905
 0.967835
 2.07578
 0.451396
 -1.86027
 1.09143
 -1.12907
 -0.172456
 -2.03363
 -0.499077
 -0.852465
 -0.00249346
 -1.31769
 0.46445
 -1.86511
 0.774573
 -1.96859
 -0.589414
 -0.469526
 0.338728
 -1.06509
 0.76245
 0.744476
 0.844734
 -0.559729
 -0.331628
 0.164764
 0.595774
 -1.30351
 0.0710613
 0.62712
 0.389141
 0.371251
 -0.670595
 0.603255
 1.10648
 0.369142
 1.54529
 1.00515
 0.848112
 0.677068
 -1.59269
 -0.129553
 0.396057
 -0.211065
 0.758977
 -1.82399
 0.831929
 -1.83268
 0.298821
 -1.14548
 1.1959
 -0.495605
 -0.0237042
 -0.157576
 -1.36883
 0.860621
 0.285556
 0.938272
 1.65196
 -0.340817
 1.158
 0.220888
 1.54927
 -1.71804
 0.319025
 -0.621383
 -1.17869
 -1.06185
 0.60061
 -0.613691
 2.16703
 0.0402859
 0.0265279
 -0.0574349
 -0.434779
 0.524539
 -0.331325
 0.629401
 0.175234
 0.493537
 0.68498
 0.0627972
 1.42686
 0.942441
 0.460305
 -0.767522
 1.4566
 0.0156614
 -0.196026
 0.655743
 -0.680556
 1.73982
 -0.377654
 -0.180095
 0.951065
 0.335567
 -0.217237
 1.94066
 0.423129
 1.94689
 -0.663532
 -0.0849588
 0.754447
 -0.29508
 1.01811
 -0.617051
 -0.294033
 1.4971
 -0.349095
 -1.22286
 -0.417908
 -0.200639
 0.321291
 -1.5473
 1.28856
 -0.690057
 -0.11937
 -1.1864
 -1.12308
 -1.5407
 1.19515
 -0.992721
 -0.619896
 0.585475
 -0.362657
 1.68597
 0.45796
 0.455808
 -2.10589
 -0.292736
