 -0.0451254 1.00314 1.00833 0.111673 0.676533 0.470168 1.02907 0.48268
 0.0707592 0.68002 0.467435 -0.346258 2.18999 4.91595 0.477048 5.04677
 -0.153495 2.18219 4.7855 -0.0495902 2.67058 7.13447 4.88393 7.32433
 -0.224916 2.65203 7.08385 0.225978 0.793578 0.680832 7.22954 0.69895
 0.319057 0.813611 0.76376 -0.0935939 0.454343 0.215187 0.779469 0.220914
 -0.0890159 0.464115 0.223327 -0.0554251 0.424318 0.183117 0.22792 0.18799
 -0.0418353 0.432846 0.189106 -0.0336676 0.413088 0.171775 0.192995 0.176346
 -0.0266539 0.41986 0.176993 -0.0359704 0.403779 0.164331 0.180633 0.168704
 -0.030663 0.409393 0.168543 -0.0275267 0.396076 0.157634 0.17201 0.161829
 -0.0243745 0.401271 0.161613 -0.025605 0.388619 0.15168 0.164937 0.155717
 -0.0236266 0.39347 0.155377 -0.0220429 0.381398 0.14595 0.158573 0.149834
 -0.0211019 0.386052 0.149481 -0.0199657 0.374195 0.140421 0.152556 0.144158
 -0.0197575 0.378656 0.143771 -0.0177867 0.367003 0.135008 0.146728 0.138601
 -0.0181956 0.371288 0.138186 -0.0159946 0.359801 0.129713 0.141028 0.133165
 -0.0169049 0.363903 0.132711 -0.014259 0.352603 0.124532 0.135441 0.127846
 -0.0156067 0.356525 0.127353 -0.0126395 0.345424 0.119478 0.129973 0.122657
 -0.0143735 0.349176 0.122131 -0.0110629 0.338286 0.11456 0.124643 0.117608
 -0.0131503 0.341893 0.117064 -0.00953545 0.331205 0.109787 0.119471 0.112709
 -0.0119522 0.334705 0.112171 -0.00804496 0.324194 0.105167 0.114478 0.107965
 -0.0107749 0.32764 0.107464 -0.00659587 0.317264 0.1007 0.109674 0.10338
 -0.00962824 0.320713 0.10295 -0.00518901 0.310415 0.0963846 0.105067 0.0989495
 -0.00851699 0.313933 0.0986264 -0.0038269 0.303647 0.0922163 0.100655 0.0946703
 -0.0074464 0.307297 0.0944868 -0.00250941 0.296954 0.0881882 0.0964301 0.0905349
 -0.00641825 0.300797 0.0905198 -0.00123517 0.29033 0.0842929 0.0923815 0.086536
 -0.00543226 0.294419 0.0867119 -1.30254e-06 0.283766 0.0805234 0.0884953 0.0826662
 -0.00448606 0.288147 0.0830491 0.00119548 0.277259 0.0768742 0.0847572 0.0789199
 -0.00357619 0.281967 0.0795184 0.00235826 0.270806 0.0733415 0.0811539 0.0752932
 -0.00269887 0.275865 0.0761086 0.00348916 0.264408 0.0699238 0.0776739 0.0717845
 -0.00185072 0.269829 0.0728109 0.00458887 0.258072 0.066622 0.0743084 0.0683949
 -0.00102931 0.263853 0.0696196 0.00565636 0.251808 0.0634392 0.0710514 0.0651274
 -0.000233509 0.257937 0.0665315 0.00668888 0.245633 0.0603803 0.0678999 0.061987
 0.000536378 0.252084 0.0635465 0.00768214 0.239566 0.057451 0.0648535 0.0589798
 0.00127864 0.246302 0.0606664 0.00863074 0.23363 0.0546574 0.0619141 0.0561119
 0.00199037 0.240605 0.0578949 0.00952866 0.227847 0.0520053 0.0590856 0.0533892
 0.00266774 0.235009 0.0552365 0.0103698 0.222241 0.0494988 0.0563725 0.050816
 0.00330643 0.229532 0.052696 0.0111485 0.216832 0.0471404 0.0537798 0.0483949
 0.00390197 0.224194 0.050278 0.0118601 0.211637 0.0449307 0.051312 0.0461263
 0.00445015 0.219011 0.0479857 0.0125009 0.206667 0.0428676 0.0489726 0.0440084
 0.00494734 0.214002 0.0458212 0.0130688 0.201932 0.0409473 0.0467636 0.0420369
 0.0053908 0.209179 0.0437848 0.0135633 0.197433 0.0391638 0.0446853 0.040206
 0.00577888 0.204552 0.0418749 0.0139851 0.193169 0.0375099 0.0427361 0.0385081
 0.00611114 0.200127 0.0400883 0.0143366 0.189134 0.0359772 0.0409128 0.0369346
 0.00638834 0.195907 0.0384203 0.0146212 0.185319 0.0345568 0.0392105 0.0354764
 0.0066124 0.191889 0.036865 0.0148434 0.181712 0.0332395 0.0376232 0.034124
 0.00678625 0.188068 0.0354158 0.0150083 0.1783 0.0320162 0.0361442 0.0328682
 0.00691362 0.184439 0.0340655 0.0151218 0.17507 0.0308783 0.0347661 0.0317
 0.00699881 0.180991 0.0328068 0.0151895 0.172009 0.0298177 0.0334816 0.0306112
 0.00704645 0.177716 0.0316326 0.0152173 0.169102 0.028827 0.0322832 0.0295941
 0.00706127 0.174602 0.0305359 0.0152107 0.166338 0.0278996 0.0311639 0.028642
 0.00704794 0.171641 0.0295102 0.0151751 0.163705 0.0270295 0.0301171 0.0277488
 0.0070109 0.168821 0.0285496 0.0151152 0.161192 0.0262115 0.0291367 0.026909
 0.00695424 0.166133 0.0276485 0.0150353 0.158792 0.025441 0.0282172 0.026118
 0.00688169 0.163569 0.0268021 0.0149392 0.156495 0.0247139 0.0273533 0.0253716
 0.0067965 0.16112 0.0260058 0.01483 0.154295 0.0240268 0.0265407 0.0246661
 0.00670151 0.158779 0.0252556 0.0147105 0.152184 0.0233763 0.025775 0.0239984
 0.00659914 0.156539 0.0245479 0.014583 0.150157 0.0227599 0.0250528 0.0233656
 0.00649141 0.154393 0.0238794 0.0144494 0.14821 0.022175 0.0243706 0.0227651
 0.00638001 0.152337 0.0232472 0.0143112 0.146337 0.0216193 0.0237253 0.0221946
 0.0062663 0.150364 0.0226486 0.0141697 0.144534 0.0210909 0.0231144 0.0216521
 0.00615139 0.14847 0.0220811 0.014026 0.142798 0.0205879 0.0225353 0.0211358
 0.00603615 0.14665 0.0215426 0.0138807 0.141124 0.0201088 0.0219857 0.0206439
 0.0059213 0.1449 0.0210311 0.0137346 0.139511 0.019652 0.0214636 0.0201749
 0.00580734 0.143217 0.0205447 0.0135882 0.137955 0.0192161 0.0209672 0.0197274
 0.00569475 0.141596 0.0200818 0.0134416 0.136452 0.0187999 0.0204948 0.0193001
 0.00558375 0.140034 0.0196408 0.0132955 0.135001 0.0184021 0.0200447 0.0188918
 0.00547474 0.138529 0.0192203 0.0131497 0.1336 0.0180218 0.0196156 0.0185014
 0.00536759 0.137077 0.018819 0.013005 0.132245 0.017658 0.0192061 0.0181278
 0.00526297 0.135677 0.0184358 0.0128604 0.130936 0.0173096 0.018815 0.0177702
 0.00515997 0.134324 0.0180696 0.0127179 0.129669 0.0169758 0.0184412 0.0174276
 0.00506042 0.133018 0.0177193 0.0125741 0.128444 0.016656 0.0180837 0.0170992
 0.00496113 0.131755 0.017384 0.0124354 0.127258 0.0163492 0.0177416 0.0167843
 0.00486796 0.130534 0.0170629 0.0122903 0.12611 0.0160548 0.0174138 0.0164821
 0.00477015 0.129354 0.0167551 0.01216 0.124998 0.0157723 0.0170997 0.016192
 0.00468753 0.128211 0.01646 0.0120052 0.123922 0.0155008 0.0167985 0.0159133
 0.0045832 0.127105 0.0161768 0.0118993 0.122876 0.0152401 0.0165095 0.0156457
 0.00452606 0.126033 0.0159049 0.0117041 0.121869 0.0149891 0.016232 0.015388
 0.00438637 0.124998 0.0156436 0.0116813 0.12088 0.0147485 0.0159654 0.015141
 0.00440951 0.123988 0.0153926 0.0113327 0.119946 0.0145155 0.0157092 0.0149018
 0.00412845 0.123021 0.0151512 0.0116115 0.118993 0.0142942 0.0154628 0.0146746
 0.00443632 0.122063 0.014919 0.0106847 0.11816 0.0140758 0.0152258 0.0144504
 0.00361612 0.121172 0.0146957 0.0120938 0.117178 0.013877 0.0149979 0.0142462
 0.0049841 0.120236 0.0144815 0.00896481 0.116567 0.0136683 0.0147793 0.014032
 0.00210488 0.119473 0.0142783 0.0146981 0.115345 0.0135205 0.014572 0.0138803
 0.00752046 0.118484 0.0140949 0.00305589 0.115513 0.0133525 0.0143848 0.0137079
 -0.00332066 0.118131 0.013966 0.025605 0.113548 0.0135488 0.0142533 0.0139094
 0.0178201 0.117101 0.0140301 0.00308857 0.11434 0.0130832 0.0143186 0.0134313
 -0.0032069 0.116944 0.0136862 0.0140754 0.113057 0.0129799 0.0139677 0.0133253
 0.00709206 0.116127 0.0135358 0.0085789 0.113058 0.0128558 0.0138142 0.0131979
 0.00197974 0.115888 0.013434 0.0112027 0.1125 0.0127817 0.0137103 0.0131218
 0.00445918 0.115434 0.0133449 0.00980876 0.11224 0.012694 0.0136194 0.0130318
 0.00318326 0.115108 0.0132601 0.0104096 0.111844 0.0126174 0.0135328 0.0129531
 0.00377198 0.11473 0.0131773 0.010017 0.111523 0.0125378 0.0134483 0.0128715
 0.00343251 0.114387 0.0130961 0.0101212 0.111173 0.0124619 0.0133655 0.0127935
 0.00355747 0.114034 0.0130163 0.00997665 0.110845 0.0123861 0.0132841 0.0127157
 0.00345012 0.113693 0.0129379 0.00995759 0.110513 0.0123122 0.013204 0.0126398
 0.00346017 0.113353 0.0128609 0.00987554 0.11019 0.0122393 0.0131254 0.012565
 0.00341152 0.11302 0.0127851 0.00982572 0.109869 0.0121677 0.0130481 0.0124915
 0.00339311 0.11269 0.0127106 0.00975989 0.109554 0.0120973 0.012972 0.0124192
 0.00335987 0.112366 0.0126374 0.00970256 0.109242 0.0120281 0.0128973 0.0123481
 0.0033347 0.112046 0.0125653 0.00964124 0.108936 0.01196 0.0128238 0.0122783
 0.00330591 0.11173 0.0124945 0.00958232 0.108634 0.0118931 0.0127515 0.0122096
 0.00327948 0.111418 0.0124248 0.00952252 0.108336 0.0118273 0.0126804 0.012142
 0.00325233 0.111111 0.0123563 0.00946353 0.108042 0.0117626 0.0126104 0.0120756
 0.00322604 0.110808 0.0122889 0.00940449 0.107752 0.0116989 0.0125416 0.0120102
 0.00319979 0.110509 0.0122226 0.00934584 0.107466 0.0116363 0.012474 0.011946
 0.00317398 0.110215 0.0121574 0.00928735 0.107185 0.0115748 0.0124074 0.0118828
 0.00314841 0.109924 0.0120932 0.00922914 0.106907 0.0115142 0.0123419 0.0118206
 0.00312318 0.109637 0.0120301 0.00917115 0.106633 0.0114547 0.0122775 0.0117595
 0.00309822 0.109354 0.011968 0.00911342 0.106363 0.0113961 0.0122141 0.0116994
 0.00307356 0.109075 0.0119069 0.00905592 0.106097 0.0113385 0.0121518 0.0116403
 0.00304918 0.1088 0.0118467 0.00899868 0.105834 0.0112819 0.0120904 0.0115821
 0.00302508 0.108528 0.0117876 0.00894168 0.105575 0.0112261 0.01203 0.0115249
 0.00300126 0.10826 0.0117293 0.00888493 0.10532 0.0111713 0.0119706 0.0114686
 0.00297771 0.107996 0.011672 0.00882843 0.105069 0.0111173 0.0119121 0.0114132
 0.00295443 0.107735 0.0116156 0.00877218 0.10482 0.0110643 0.0118545 0.0113587
 0.00293141 0.107478 0.0115601 0.00871618 0.104576 0.0110121 0.0117979 0.0113051
 0.00290866 0.107224 0.0115055 0.00866044 0.104334 0.0109607 0.0117421 0.0112524
 0.00288615 0.106974 0.0114517 0.00860495 0.104097 0.0109101 0.0116872 0.0112005
 0.0028639 0.106726 0.0113987 0.00854972 0.103862 0.0108604 0.0116332 0.0111494
 0.0028419 0.106482 0.0113466 0.00849474 0.103631 0.0108115 0.01158 0.0110992
 0.00282014 0.106242 0.0112953 0.00844003 0.103403 0.0107633 0.0115276 0.0110497
 0.00279862 0.106004 0.0112448 0.00838557 0.103178 0.0107159 0.011476 0.0110011
 0.00277734 0.10577 0.011195 0.00833138 0.102956 0.0106693 0.0114253 0.0109532
 0.00275629 0.105539 0.011146 0.00827744 0.102737 0.0106234 0.0113753 0.0109061
 0.00273547 0.105311 0.0110978 0.00822378 0.102521 0.0105783 0.0113261 0.0108598
 0.00271488 0.105085 0.0110503 0.00817037 0.102309 0.0105339 0.0112776 0.0108142
 0.0026945 0.104863 0.0110036 0.00811723 0.102099 0.0104901 0.0112299 0.0107693
 0.00267435 0.104644 0.0109575 0.00806436 0.101892 0.0104471 0.0111829 0.0107251
 0.00265441 0.104428 0.0109122 0.00801176 0.101688 0.0104047 0.0111366 0.0106816
 0.00263469 0.104214 0.0108675 0.00795942 0.101487 0.0103631 0.011091 0.0106388
 0.00261517 0.104003 0.0108235 0.00790736 0.101289 0.010322 0.0110461 0.0105967
 0.00259587 0.103795 0.0107802 0.00785557 0.101094 0.0102816 0.0110019 0.0105552
 0.00257676 0.10359 0.0107375 0.00780404 0.100901 0.0102419 0.0109584 0.0105144
 0.00255786 0.103387 0.0106955 0.00775279 0.100711 0.0102028 0.0109155 0.0104743
 0.00253915 0.103187 0.0106541 0.00770182 0.100523 0.0101643 0.0108732 0.0104347
 0.00252064 0.10299 0.0106133 0.00765112 0.100338 0.0101264 0.0108316 0.0103958
 0.00250232 0.102795 0.0105731 0.00760069 0.100156 0.010089 0.0107906 0.0103575
 0.00248419 0.102603 0.0105335 0.00755054 0.0999765 0.0100523 0.0107502 0.0103198
 0.00246625 0.102413 0.0104945 0.00750066 0.0997992 0.0100161 0.0107104 0.0102827
 0.00244849 0.102226 0.0104561 0.00745106 0.0996244 0.00998055 0.0106711 0.0102461
 0.00243091 0.102041 0.0104182 0.00740174 0.0994521 0.00994551 0.0106325 0.0102102
 0.00241351 0.101858 0.0103809 0.00735269 0.0992821 0.00991101 0.0105944 0.0101747
 0.00239629 0.101678 0.0103442 0.00730393 0.0991146 0.00987704 0.0105569 0.0101399
 0.00237924 0.1015 0.010308 0.00725544 0.0989493 0.00984361 0.01052 0.0101056
 0.00236236 0.101325 0.0102723 0.00720723 0.0987863 0.00981069 0.0104836 0.0100718
 0.00234565 0.101151 0.0102371 0.0071593 0.0986256 0.00977827 0.0104477 0.0100385
 0.00232911 0.10098 0.0102025 0.00711165 0.0984672 0.00974636 0.0104123 0.0100057
 0.00231274 0.100811 0.0101683 0.00706428 0.0983109 0.00971494 0.0103774 0.00997347
 0.00229653 0.100645 0.0101346 0.00701718 0.0981568 0.00968401 0.0103431 0.00994171
 0.00228047 0.10048 0.0101015 0.00697037 0.0980049 0.00965354 0.0103092 0.00991044
 0.00226458 0.100318 0.0100688 0.00692384 0.0978551 0.00962355 0.0102758 0.00987964
 0.00224884 0.100157 0.0100365 0.00687758 0.0977073 0.00959402 0.010243 0.00984932
 0.00223326 0.0999989 0.0100048 0.00683161 0.0975616 0.00956493 0.0102105 0.00981947
 0.00221783 0.0998425 0.00997345 0.00678591 0.0974179 0.0095363 0.0101786 0.00979007
 0.00220255 0.0996882 0.00994258 0.0067405 0.0972762 0.0095081 0.0101471 0.00976112
 0.00218742 0.0995358 0.00991215 0.00669536 0.0971365 0.00948032 0.010116 0.00973261
 0.00217244 0.0993853 0.00988215 0.0066505 0.0969987 0.00945298 0.0100854 0.00970453
 0.0021576 0.0992367 0.00985258 0.00660592 0.0968628 0.00942604 0.0100552 0.00967688
 0.0021429 0.09909 0.00982342 0.00656162 0.0967288 0.00939952 0.0100255 0.00964965
 0.00212834 0.0989452 0.00979468 0.00651759 0.0965967 0.0093734 0.00999613 0.00962284
 0.00211393 0.0988022 0.00976634 0.00647385 0.0964664 0.00934767 0.0099672 0.00959643
 0.00209965 0.098661 0.00973839 0.00643037 0.0963379 0.00932234 0.00993868 0.00957041
 0.00208551 0.0985215 0.00971084 0.00638718 0.0962112 0.00929738 0.00991056 0.0095448
 0.0020715 0.0983838 0.00968367 0.00634426 0.0960862 0.0092728 0.00988284 0.00951956
 0.00205763 0.0982479 0.00965688 0.00630161 0.0959629 0.0092486 0.00985549 0.00949471
 0.00204388 0.0981136 0.00963046 0.00625924 0.0958414 0.00922475 0.00982853 0.00947023
 0.00203027 0.0979811 0.00960441 0.00621714 0.0957215 0.00920127 0.00980194 0.00944612
 0.00201678 0.0978501 0.00957872 0.00617532 0.0956033 0.00917813 0.00977572 0.00942237
 0.00200342 0.0977209 0.00955338 0.00613376 0.0954868 0.00915534 0.00974986 0.00939898
 0.00199019 0.0975932 0.00952839 0.00609248 0.0953718 0.0091329 0.00972436 0.00937593
 0.00197708 0.0974671 0.00950374 0.00605147 0.0952584 0.00911078 0.00969921 0.00935323
 0.00196409 0.0973426 0.00947943 0.00601072 0.0951466 0.009089 0.0096744 0.00933087
 0.00195122 0.0972196 0.00945546 0.00597025 0.0950363 0.00906754 0.00964993 0.00930884
 0.00193847 0.0970981 0.0094318 0.00593004 0.0949275 0.0090464 0.00962579 0.00928714
 0.00192584 0.0969782 0.00940848 0.0058901 0.0948203 0.00902558 0.00960198 0.00926576
 0.00191333 0.0968597 0.00938546 0.00585042 0.0947145 0.00900506 0.00957849 0.00924469
 0.00190093 0.0967427 0.00936276 0.00581101 0.0946101 0.00898484 0.00955533 0.00922394
 0.00188865 0.0966271 0.00934037 0.00577186 0.0945072 0.00896493 0.00953247 0.00920349
 0.00187648 0.096513 0.00931827 0.00573298 0.0944057 0.00894531 0.00950992 0.00918335
 0.00186442 0.0964002 0.00929648 0.00569435 0.0943056 0.00892597 0.00948768 0.0091635
 0.00185247 0.0962888 0.00927497 0.00565599 0.0942069 0.00890692 0.00946573 0.00914395
 0.00184062 0.0961788 0.00925375 0.00561788 0.0941095 0.00888816 0.00944408 0.00912468
 0.00182889 0.0960702 0.00923282 0.00558003 0.0940134 0.00886966 0.00942271 0.00910569
 0.00181726 0.0959628 0.00921216 0.00554244 0.0939187 0.00885144 0.00940163 0.00908698
 0.00180574 0.0958568 0.00919178 0.0055051 0.0938252 0.00883348 0.00938083 0.00906855
 0.00179433 0.095752 0.00917167 0.00546801 0.0937331 0.00881579 0.0093603 0.00905038
 0.00178301 0.0956486 0.00915182 0.00543118 0.0936421 0.00879835 0.00934005 0.00903248
 0.0017718 0.0955463 0.00913224 0.0053946 0.0935525 0.00878116 0.00932006 0.00901484
 0.00176069 0.0954453 0.00911291 0.00535827 0.093464 0.00876423 0.00930034 0.00899745
 0.00174968 0.0953456 0.00909384 0.00532219 0.0933767 0.00874754 0.00928087 0.00898032
 0.00173876 0.095247 0.00907502 0.00528635 0.0932907 0.00873109 0.00926166 0.00896344
 0.00172795 0.0951496 0.00905644 0.00525076 0.0932058 0.00871488 0.0092427 0.0089468
 0.00171723 0.0950534 0.0090381 0.00521542 0.093122 0.00869891 0.00922399 0.00893039
 0.0017066 0.0949584 0.00902 0.00518031 0.0930394 0.00868316 0.00920552 0.00891423
 0.00169607 0.0948644 0.00900214 0.00514545 0.0929579 0.00866764 0.00918728 0.0088983
 0.00168564 0.0947716 0.0089845 0.00511083 0.0928775 0.00865234 0.00916929 0.00888259
 0.0016753 0.0946799 0.0089671 0.00507645 0.0927981 0.00863727 0.00915153 0.00886711
 0.00166504 0.0945893 0.00894992 0.00504231 0.0927199 0.0086224 0.00913399 0.00885186
 0.00165488 0.0944998 0.00893296 0.0050084 0.0926427 0.00860775 0.00911668 0.00883682
 0.00164481 0.0944114 0.00891621 0.00497472 0.0925665 0.00859331 0.00909959 0.00882199
