 0.000000
 0.000000
 0.000000
 0.000000
 0.000000
 0.000000
 0.000000
 0.000000
 0.000000
 0.000000
 0.000000
 0.000000
 0.000000
 0.000000
 0.000000
 0.000000
 0.000000
 0.000000
 0.000000
 0.000000
 0.000000
 0.000000
 0.000000
 0.000000
 0.000000
 0.000000
 0.000000
 0.000000
 0.000000
 0.000000
 0.000000
 0.000000
 0.000000
 0.000000
 0.000000
 0.000000
 0.000000
 0.000000
 0.000000
 0.000000
 0.000000
 0.000000
 0.000000
 0.000000
 0.000000
 0.000000
 0.664967
 0.000000
 0.000000
 0.000000
 0.000000
 0.401522
 0.000000
 0.000000
 0.000000
 0.000000
 0.000000
 0.000000
 0.000000
 0.000000
 0.000000
 0.000000
 0.000000
 0.000000
 0.000000
 0.000000
 0.000000
 0.000000
 0.029352
 0.000000
 0.000000
 0.000000
 4.000000
 0.000000
 0.000000
 0.000000
 0.000000
 0.000000
 0.000000
 0.000000
 0.000000
 0.000000
 0.000000
 0.000000
 0.000000
 0.000000
 0.000000
 0.000000
 0.000000
 0.000000
 0.000000
 0.000000
 0.000000
 0.000000
 0.000000
 0.000000
 0.000000
 0.000000
 0.000000
 0.000000
 0.000000
 0.000000
 0.000000
 0.000000
 0.000000
 0.000000
 0.000000
 0.000000
 0.000000
 0.000000
 0.000000
 0.000000
 0.000000
 0.000000
 0.000000
 0.000000
 0.000000
 0.000000
 0.000000
 0.000000
 0.000000
 0.000000
 0.000000
 0.000000
 0.000000
 0.000000
 0.000000
 0.000000
 0.000000
 0.000000
 0.000000
 0.000000
 0.000000
 0.000000
 0.000000
 0.000000
 0.000000
 0.000000
 0.000000
 0.000000
 0.000000
 0.000000
 0.000000
 0.000000
 0.000000
 0.000000
 0.000000
 0.000000
 0.000000
 0.000000
 0.000000
 0.000000
 0.000000
 0.000000
 0.000000
 0.000000
 0.000000
 0.000000
 0.000000
 0.000000
 0.000000
 0.000000
 0.000000
 0.000000
 0.089296
 0.000000
 0.000000
 0.000000
 0.000000
 0.000000
 0.000000
 0.000000
 0.000000
 0.000000
 0.000000
 0.000000
 0.000000
 1.016070
 0.000000
 0.000000
 0.000000
 0.000000
 0.000000
 0.000000
 0.000000
 0.000000
 0.000000
 0.000000
 0.000000
 0.000000
 0.000000
 0.000000
 0.000000
 0.000000
 0.000000
 0.000000
 0.000000
 0.000000
 0.000000
 0.000000
 0.000000
 0.000000
 0.000000
 0.000000
 0.000000
 0.000000
 0.000000
 0.000000
 0.000000
 0.000000
 0.000000
 0.000000
 0.000000
 0.000000
 0.000000
 0.000000
 0.000000
 0.000000
 0.000000
 0.000000
 0.000000
 0.000000
 0.000000
 0.000000
 0.000000
 0.000000
 0.000000
 0.000000
 0.000000
 0.000000
 0.000000
 0.000000
 0.000000
 0.000000
 0.000000
 0.000000
 0.000000
 0.000000
 0.000000
 0.000000
 0.000000
 0.000000
 0.000000
 0.000000
 0.000000
 0.000000
 0.000000
 0.000000
 0.000000
 0.000000
 0.000000
 0.000000
 0.000000
 0.000000
 0.000000
 0.000000
 0.000000
 0.000000
 0.000000
 0.000000
 0.000000
 0.000000
 0.000000
 0.000000
 0.000000
 0.000000
 0.000000
 0.000000
 0.000000
 0.000000
 0.000000
 1.042500
 0.417805
 0.000000
 0.000000
 0.000000
 0.000000
 0.000000
 0.000000
 0.000000
 0.000000
 0.000000
 0.000000
 0.000000
 0.000000
 0.000000
 0.000000
 0.000000
 0.000000
 0.000000
 0.000000
 0.000000
 0.000000
 0.000000
 0.000000
 0.000000
 0.000000
 0.000000
 0.000000
 0.000000
 0.000000
 0.000000
 0.000000
 0.000000
 0.000000
 0.000000
 0.000000
 0.000000
 0.000000
 0.000000
 0.000000
 0.000000
 0.000000
 0.000000
 0.000000
 0.000000
 0.000000
 0.000000
 0.000000
 0.000000
 0.000000
 0.000000
 0.000000
 0.000000
 0.000000
 0.000000
 0.000000
 0.000000
 0.000000
 0.000000
 0.000000
 0.000000
 0.000000
 0.000000
 0.654768
 0.424504
 0.000000
 0.000000
 0.000000
 0.000000
 0.000000
 0.000000
 0.000000
 0.000000
 0.000000
 0.000000
 0.000000
 0.218023
 0.000000
 0.000000
 0.000000
 0.000000
 0.000000
 0.000000
 0.000000
 0.000000
 0.005227
 0.000000
 0.000000
 0.000000
 0.000000
 0.000000
 0.000000
 0.000000
 0.000000
 0.000000
 0.000000
 0.000000
 0.000000
 0.000000
 0.000000
 0.000000
 0.000000
 0.000000
 0.000000
 0.000000
 0.000000
 0.000000
 0.000000
 0.000000
 0.000000
 0.000000
 0.000000
 0.000000
 0.000000
 0.000000
 0.000000
 0.000000
 0.000000
 0.000000
 0.000000
 0.000000
 0.000000
 0.000000
 0.000000
 0.000000
 0.000000
 0.000000
 0.000000
 0.000000
 0.000000
 0.000000
 0.000000
 0.000000
 0.000000
 0.000000
 0.000000
 0.000000
 0.000000
 0.000000
 0.000000
 0.000000
 0.000000
 0.000000
 0.000000
 0.000000
 0.000000
 0.000000
 0.000000
 0.000000
 0.000000
 0.000000
 0.000000
 0.000000
 0.000000
 1.662331
 0.000000
 0.000000
 0.000000
 0.000000
 0.000000
 0.000000
 0.205265
 0.000000
 0.000000
 0.000000
 0.000000
 0.000000
 0.000000
 0.000000
 0.000000
 0.000000
 0.000000
 0.000000
 0.000000
 0.000000
 0.000000
 0.000000
 0.000000
 0.000000
 0.000000
 0.000000
 0.000000
 0.000000
 0.000000
 0.000000
 0.000000
 0.000000
 0.000000
 0.000000
 0.000000
 0.000000
 0.000000
 0.000000
 0.000000
 0.000000
 0.000000
 0.000000
 0.000000
 0.000000
 0.000000
 0.000000
 0.000000
 0.029430
 0.000000
 0.000000
 0.000000
 0.000000
 0.000000
 0.000000
 0.000000
 0.000000
 0.000000
 0.000000
 0.000000
 0.000000
 0.000000
 0.000000
 0.000000
 0.000000
 0.000000
 0.000000
 0.000000
 0.000000
 0.000000
 0.000000
 0.000000
 0.000000
 0.000000
 0.000000
 0.000000
 1.245516
 0.552132
 1.006707
 4.000000
 3.247089
 1.573115
 4.000000
 4.000000
 4.000000
 3.551268
 2.378872
 0.906581
 0.000000
 1.075886
 0.000000
 2.181759
 1.441078
 0.951820
 0.339938
 1.769121
 1.848935
 0.629248
 4.000000
 0.469981
 4.000000
 4.000000
 4.000000
 4.000000
 4.000000
 1.143181
 0.412915
 0.000000
 0.000000
 0.000000
 0.000000
 0.000000
 0.000000
 0.000000
 4.000000
 4.000000
 0.333194
 0.000000
 4.000000
 4.000000
 4.000000
 4.000000
 4.000000
 1.345451
 4.000000
 2.077741
 2.969969
 1.847097
 2.903107
 3.138255
 4.000000
 4.000000
 0.000000
 0.000000
 0.000000
 0.000000
 0.000000
 0.043280
 4.000000
 4.000000
 4.000000
 4.000000
 4.000000
 0.000000
 0.000000
 0.000000
 0.000000
 0.000000
 0.000000
 0.367529
 3.628895
 4.000000
 4.000000
 0.877032
 4.000000
 4.000000
 4.000000
 4.000000
 4.000000
 3.824136
 4.000000
 4.000000
 3.236457
 2.226802
 2.034210
 0.360250
 0.000000
 3.373064
 2.346706
 1.913329
 2.679462
 4.000000
 4.000000
 4.000000
 4.000000
 0.000000
 0.000000
 1.247628
 0.000000
 3.938589
 3.523093
 4.000000
 0.014786
 0.765607
 0.536375
 0.000000
 0.000000
 0.000000
 3.068209
 3.467840
 4.000000
 0.000000
 4.000000
 4.000000
 4.000000
 3.326769
 4.000000
 2.010434
 0.336458
 0.000000
 0.000000
 2.237525
 1.289986
 4.000000
 2.843739
 4.000000
 0.000000
 0.000000
 0.000000
 1.644838
 0.721156
 0.000000
 0.000000
 0.065977
 0.000000
 0.000000
 4.000000
 4.000000
 0.415518
 0.000000
 0.000000
 0.000000
 0.000000
 4.000000
 4.000000
 1.494517
 0.696271
 2.008970
 0.463556
 0.000000
 4.000000
 4.000000
 4.000000
 1.519334
 0.027316
 0.709348
 0.000000
 0.000000
 0.000000
 0.000000
 0.000000
 4.000000
 1.191818
 2.074499
 4.000000
 0.120781
 3.759117
 2.955987
 4.000000
 4.000000
 4.000000
 0.365991
 0.000000
 0.000000
 1.365635
 2.262979
 1.794103
 4.000000
 0.000000
 0.000000
 4.000000
 0.000000
 4.000000
 0.000000
 0.231064
 4.000000
 4.000000
 1.525939
 4.000000
 4.000000
 4.000000
 0.000000
 0.000000
 0.000000
 2.348905
 1.511569
 0.100811
 2.340982
 0.667716
 0.000000
 0.000000
 0.000000
 1.643209
 3.138533
 4.000000
 0.000000
 4.000000
 0.000000
 4.000000
 0.000000
 4.000000
 0.000000
 4.000000
 0.554178
 4.000000
 0.000000
 0.155845
 0.000000
 4.000000
 4.000000
 0.000000
 0.000000
 0.000000
 0.000000
 0.000000
 0.000000
 1.237357
 4.000000
 4.000000
 0.067303
 1.877378
 1.822195
 4.000000
 0.000000
 4.000000
 0.000000
 0.000000
 3.758402
 4.000000
 4.000000
 0.000000
 4.000000
 4.000000
 4.000000
 4.000000
 3.540998
 4.000000
 4.000000
 0.530007
 1.729485
 4.000000
 4.000000
 1.117409
 2.779944
 1.212944
 4.000000
 0.000000
 4.000000
 2.527853
 3.587939
 2.466155
 4.000000
 0.000000
 0.000000
 4.000000
 0.538571
 2.818794
 4.000000
 4.000000
 0.000000
 0.000000
 0.000000
 4.000000
 4.000000
 4.000000
 4.000000
 4.000000
 0.311247
 0.121470
 0.266281
 1.018809
 4.000000
 0.000000
 0.000000
 0.000000
 0.000000
 4.000000
 4.000000
 0.069988
 0.610835
 0.000000
 0.000000
 0.184481
 4.000000
 0.073658
 1.038857
 4.000000
 0.000000
 0.396911
 0.000000
 2.277340
 4.000000
 4.000000
 0.000000
 0.000000
 0.178464
 2.753841
 1.176371
 4.000000
 0.000000
 0.000000
 4.000000
 4.000000
 0.783620
 0.137638
 4.000000
 4.000000
 0.000000
 2.581955
 4.000000
 0.000000
 2.105380
 1.801227
 4.000000
 4.000000
 4.000000
 4.000000
 4.000000
 4.000000
 0.000000
 0.000000
 0.000000
 0.000000
 0.000000
 0.000000
 0.781954
 1.637524
 4.000000
 4.000000
 4.000000
 4.000000
 4.000000
 2.170439
 1.545210
 0.185012
 0.000000
 0.000000
 0.000000
 0.000000
 4.000000
 0.000000
 0.000000
 0.000000
 0.000000
 0.000000
 4.000000
 4.000000
 4.000000
 4.000000
 4.000000
 4.000000
 1.995696
 2.150850
 0.482431
 1.653146
 4.000000
 0.000000
 4.000000
 0.000000
 0.000000
 0.000000
 4.000000
 4.000000
 3.413108
 4.000000
 1.980056
 4.000000
 0.000000
 4.000000
 4.000000
 3.936539
 2.485312
 3.794026
 2.490411
 4.000000
 0.594585
 1.971525
 4.000000
 4.000000
 4.000000
 4.000000
 0.000000
 0.868819
 0.000000
 4.000000
 1.827742
 3.057687
 4.000000
 0.000000
 0.356536
 0.000000
 4.000000
 4.000000
 4.000000
 2.350225
 1.394875
 2.274447
 4.000000
 0.000000
 4.000000
 3.326664
 4.000000
 0.000000
 0.000000
 1.524990
 0.213213
 2.687909
 1.284040
 0.046160
 0.000000
 0.000000
 0.000000
 0.000000
 0.000000
 0.000000
 0.000000
 0.000000
 0.000000
 0.779275
 1.671996
 0.002537
 0.000000
 0.000000
 0.000000
 4.000000
 4.000000
 4.000000
 0.000000
 4.000000
 4.000000
 0.000000
 0.000000
 0.000000
 0.000000
 0.000000
 0.558152
 0.000000
 1.571120
 4.000000
 4.000000
 4.000000
 0.554893
 0.000000
 0.000000
 0.000000
 4.000000
 4.000000
 0.753103
 4.000000
 4.000000
 4.000000
 4.000000
 4.000000
 4.000000
 0.402757
 0.000000
 3.460543
 2.487892
 0.819047
 0.000000
 0.000000
 4.000000
 0.000000
 0.000000
 4.000000
 4.000000
 1.198777
 0.000000
 1.391739
 4.000000
 4.000000
 4.000000
 4.000000
 0.000000
 0.000000
 4.000000
 0.000000
 0.000000
 0.000000
 0.000000
 0.000000
 4.000000
 0.000000
 0.000000
 3.484909
 1.891763
 0.233488
 0.033313
 0.000000
 4.000000
 4.000000
 4.000000
 0.000000
 4.000000
 0.000000
 4.000000
 3.011040
 4.000000
 4.000000
 2.428388
 4.000000
 4.000000
 0.000000
 4.000000
 2.564937
 4.000000
 2.333509
 4.000000
 0.000000
 4.000000
 1.024897
 0.000000
 0.000000
 4.000000
 1.171120
 1.955277
 0.505827
 4.000000
 0.000000
 0.000000
 0.000000
 0.000000
 0.000000
 3.089961
 4.000000
 0.000000
 2.129991
 0.876684
 4.000000
 0.464223
 2.770612
 4.000000
 0.000000
 1.991644
 4.000000
 4.000000
 4.000000
 4.000000
 4.000000
 0.000000
 0.000000
 4.000000
 0.691958
 0.000000
 0.000000
 0.000000
 4.000000
 0.000000
 0.147476
 0.000000
 2.662216
 4.000000
