 -0.832508
 -0.273323
 -0.947288
 -1.32118
 0.225871
 -0.359846
 1.83596
 0.639125
 1.47065
 0.528146
 0.234915
 0.0770268
 0.0361355
 0.0795815
 -0.757872
 -0.338434
 -0.306863
 -1.00106
 0.85719
 -1.21453
 -0.296916
 -2.23676
 1.98394
 -1.35393
 0.121388
 1.18177
 -0.107436
 -0.491345
 -0.349923
 -0.160935
 -0.410429
 0.525054
 -0.549175
 -1.36452
 1.1879
 -2.1708
 0.288271
 -0.00686887
 -1.09196
 1.20619
 -1.07419
 0.221383
 1.38299
 0.253371
 1.8479
 -2.49485
 2.3187
 -1.66232
 2.71239
 -0.798254
 1.40242
 0.375311
 -1.4584
 1.68783
 -0.0768019
 -0.149031
 1.02279
 0.737886
 -0.556574
 0.470091
 1.0832
 0.801344
 -0.520982
 1.12346
 -1.76125
 1.17656
 -3.06835
 0.476791
 0.504015
 -0.623449
 0.112701
 1.5359
 -1.77093
 1.00531
 0.617982
 -0.978083
 0.446302
 -0.138782
 -0.534627
 2.23275
 -0.480769
 -0.0693981
 -0.406493
 1.57439
 1.08109
 -2.60602
 -0.650816
 0.227677
 0.707618
 -0.189164
 -0.47698
 1.33548
 -0.902686
 -0.225894
 0.31011
 0.125846
 0.655157
 1.25971
 1.89238
 -0.963298
 0.113048
 1.02439
 -2.37929
 2.3332
 -1.50053
 2.18398
 -0.526879
 0.695466
 0.0494736
 1.85744
 -1.96371
 -0.797808
 0.433373
 -0.752916
 -0.627991
 0.304485
 0.210176
 -0.9209
 0.93239
 0.111256
 0.521899
 -0.166732
 1.39387
 1.42814
 -0.818903
 0.337706
 -0.793384
 -0.0515546
 -1.48876
 0.971014
 0.779712
 0.284385
 -0.234716
 0.917638
 -0.786783
 0.641343
 0.459699
 -0.633567
 -0.572345
 -1.59883
 0.71604
 -0.202942
 -0.532089
 -0.635315
 -1.05011
 2.60381
 -0.569234
 0.671578
 0.189344
 -0.0641253
 0.585518
 -0.175968
 1.03471
 -0.775676
 0.680546
 1.41751
 -1.81237
 0.638374
 -0.0595213
 0.204723
 -1.60819
 1.28958
 -2.07425
 -0.422371
 0.106595
 -0.851984
 0.166418
 -0.20954
 1.72707
 0.108938
 1.82136
 0.287532
 -1.5667
 1.40079
 -2.41609
 3.16237
 -0.804123
 -0.726358
 -1.14723
 -2.76929
 0.162197
 0.118764
 0.0168398
 -1.37506
 -0.568784
 0.0958445
 -0.175809
 -1.35558
 1.24978
 -0.910063
 0.224182
 -0.385254
 -0.474712
 0.544789
 -1.58035
 1.2224
 -1.36754
 0.618066
 -1.86431
 2.04912
 -0.800988
 1.35598
 -3.25456
 1.65961
 -1.40245
 0.0402674
 -0.280841
 -0.775719
 -0.530992
 -0.137872
 -0.245626
 0.714166
 -0.253729
 -1.10472
 1.16975
 0.558612
 -2.70214
 0.190508
 -0.727095
 0.17975
 -0.484771
 1.2197
 -1.21505
 0.54344
 0.131293
 -0.179274
 -0.663345
 -0.370477
 1.01719
 0.569333
 0.0637852
 -1.23721
 1.94557
 -1.43686
 0.305239
 0.850685
 0.0288134
 -1.0294
 1.22395
 -0.22483
 0.509161
 0.305672
 -1.7829
 -0.621761
 -0.32372
 0.603866
 -0.698587
 0.10515
 0.310779
 -1.42034
 1.09184
 -0.0560868
 -0.340852
 -0.991794
 0.605102
 -0.48461
 -0.0639703
 0.374638
 -0.956683
 0.209319
 0.619329
 -0.73095
 1.66133
 -1.41474
 1.31787
 -1.78785
 0.624944
 -0.50141
 -0.348401
 -1.26591
 0.401984
 -1.06347
 -0.100134
 -0.629434
 1.08729
 -2.42718
 0.368922
 -1.47335
 0.122707
 0.853549
 -1.03448
 1.9985
 -0.868374
 -0.147308
 0.648523
 -1.14877
 -0.327876
 -0.307076
 -0.144896
 1.41439
 -1.91654
 2.09256
 -1.75176
 2.35533
 0.286907
 -0.187651
 -0.288191
 0.63429
 -0.871837
 0.305698
 -0.729248
 0.6763
 -0.744524
 0.537822
 -0.216863
 0.907069
 -0.982077
 1.41083
 0.305628
 -1.67272
 0.034374
 0.192955
 -0.161982
 -0.253646
 -0.172306
 -0.716928
 0.561038
 -0.763743
 0.694974
 0.736849
 -0.553154
 0.896406
 -1.08875
 1.60371
 -0.339108
 1.13343
 1.88401
 1.83674
 -0.530859
 1.97488
 -1.1062
 -0.363326
 -0.822058
 1.64275
 0.248704
 -0.283073
 0.440467
 0.465556
 -0.432118
 1.44994
 -1.02649
 1.61713
 -0.626828
 1.41927
 -0.673848
 0.974948
 -0.584225
 0.931583
 0.712401
 -0.396713
 0.195057
 -1.37459
 0.841068
 -1.72256
 2.17354
 -0.562555
 0.646009
 -1.49844
 -0.0173932
 1.20245
 -1.41251
 0.529892
 -2.18936
 1.23575
 2.3066
 -0.61205
 1.47267
 -0.717174
 0.255692
 -1.38298
 1.90923
 0.732676
 -1.47781
 1.32952
 -1.09242
 0.539882
 -1.28494
 0.259735
 0.76998
 -1.24325
 -0.0837648
 -0.0448959
 0.998401
 -0.013167
 1.53212
 -1.23343
 0.303455
 -1.54927
 3.58594
 -1.31709
 1.90476
 -0.117492
 0.257107
 0.259799
 1.61762
 0.275571
 1.84871
 0.359816
 -0.383929
 0.4696
