 2.11456
 1.60464
 1.74624
 0.660263
 -1.76218
 -2.2109
 -4.21953
 -2.38262
 -2.37877
 -0.749716
 -0.22202
 0.28824
 0.776991
 1.21375
 2.02478
 1.45404
 1.59675
 1.81698
 0.702073
 2.85329
 1.86791
 2.19768
 -1.82339
 1.34999
 -0.73572
 -0.80127
 1.0012
 1.17829
 0.848084
 0.710148
 0.996312
 0.709974
 2.17519
 2.07545
 0.185075
 2.88395
 -0.300114
 0.227112
 0.402491
 -1.57056
 0.0853618
 -2.0792
 -2.76018
 -1.4685
 -1.64784
 1.37436
 -3.03402
 0.0604498
 -3.82065
 -0.138005
 -1.91419
 -0.158462
 0.470367
 -2.68287
 -0.803483
 -1.40089
 -2.32719
 -1.33127
 -0.459511
 -1.75568
 -1.65101
 -0.431335
 0.98878
 0.249316
 2.9369
 0.742518
 4.059
 -0.853389
 -0.365268
 0.461582
 -0.801351
 -1.05857
 1.59152
 -1.57063
 -0.282762
 0.618234
 -0.945488
 -0.395222
 -1.08133
 -2.62578
 0.626167
 -0.143879
 -0.378256
 -1.58741
 0.864414
 4.02795
 0.369431
 -1.01932
 -0.636399
 0.168047
 -0.0977875
 -1.39219
 0.589346
 -0.886374
 -1.79262
 -2.08961
 -2.9172
 -2.94701
 -1.76988
 1.13026
 -0.354754
 -0.406002
 1.54789
 -2.81863
 0.453511
 -2.79284
 0.0443257
 -1.11015
 -0.398067
 -0.483965
 3.5077
 1.27396
 0.261121
 1.31586
 0.559079
 -0.811472
 -0.513804
 -0.180681
 -1.97686
 -1.24627
 -1.55329
 -1.36209
 -2.45005
 -0.998686
 1.54339
 0.52174
 1.50417
 0.585783
 0.660697
 -2.27541
 -1.36033
 -0.341337
 0.106152
 -0.552458
 1.10221
 -0.298253
 0.882906
 2.21468
 2.17387
 2.03795
 -0.289595
 0.9385
 1.01873
 0.498794
 -0.689205
 -3.57833
 -0.351538
 -1.34437
 -0.731928
 -0.638957
 -1.15633
 -0.424549
 -1.18659
 0.190029
 -1.21316
 -0.400226
 2.36622
 -0.176029
 0.985966
 1.19718
 2.27512
 0.118382
 3.16612
 0.541281
 -0.131429
 0.250212
 -1.42626
 -2.02786
 -3.18711
 -1.27183
 -1.86763
 0.857508
 1.91975
 -0.38373
 2.54983
 -1.95225
 3.44476
 3.64793
 4.26377
 4.42391
 0.491379
 1.06688
 1.75457
 2.71079
 1.1583
 0.628864
 1.13661
 1.6122
 -0.653476
 1.59218
 0.552321
 1.00384
 1.02549
 0.583742
 1.98576
 -0.275285
 2.00976
 0.242117
 1.60874
 -1.76075
 1.55583
 0.733857
 4.46768
 -0.663622
 2.55375
 1.00582
 1.38417
 1.69144
 0.863641
 0.392312
 0.244506
 -0.108772
 1.08463
 1.28183
 -0.490049
 1.79826
 4.16843
 0.532267
 0.998089
 -0.146968
 0.250872
 -0.732952
 1.15347
 -0.710553
 0.177048
 0.495532
 0.425578
 -0.77299
 -1.76737
 -0.721323
 0.181515
 0.604036
 -1.85598
 1.25641
 -0.960507
 -0.972675
 0.217075
 0.651892
 -1.21685
 0.533676
 0.453047
 1.70838
 3.26753
 1.16547
 0.512462
 0.0716693
 1.10848
 0.314645
 0.392239
 1.45946
 -0.765333
 0.930931
 1.16832
 1.23254
 -0.318329
 0.686231
 0.0724439
 0.124216
 0.800435
 -0.636718
 -0.583113
 0.381489
 -1.07619
 1.98039
 -0.110623
 2.8048
 0.493883
 2.18543
 2.07633
 2.54504
 0.865932
 2.03739
 0.988153
 1.23881
 0.798109
 3.79809
 0.574585
 1.39127
 -0.848878
 -1.01934
 0.217502
 -1.65218
 1.5362
 0.425589
 0.396892
 2.03066
 0.61087
 0.270474
 -0.413094
 -0.930651
 1.44084
 -2.36678
 0.666454
 -3.18023
 -0.0817559
 0.467804
 0.538497
 0.171432
 1.30891
 0.00076783
 0.68167
 -0.581306
 0.515424
 -0.890418
 -0.174459
 -0.810375
 0.66137
 -1.09196
 1.06842
 2.19967
 -0.0522441
 0.0631692
 0.513023
 0.533827
 0.387935
 0.498121
 -0.967339
 -0.235855
 -1.88874
 -1.23566
 -0.518116
 -1.72924
 -0.894871
 -3.96437
 -2.2703
 -4.54806
 -4.45012
 -2.59938
 -0.416825
 -1.62414
 1.77115
 0.0512478
 -0.6292
 -2.44812
 -0.731565
 -0.515553
 -1.43068
 -1.2318
 -0.682637
 -1.9322
 -0.222052
 -2.30511
 -0.314108
 -1.9245
 0.122832
 -1.20932
 -0.106669
 -1.31253
 -0.103259
 1.10651
 0.96774
 1.56053
 -0.278434
 1.11954
 -2.22087
 0.997159
 0.473124
 1.70769
 -0.291091
 -0.602145
 1.57511
 -0.521857
 0.390966
 -3.75951
 -2.99379
 -0.124823
 -1.25568
 1.11172
 -0.0619818
 0.556969
 -2.53336
 0.109053
 1.5593
 -0.624699
 1.77629
 0.390604
 1.55466
 -0.432669
 -0.130258
 1.25419
 -0.566451
 -1.15126
 -1.9556
 -0.857355
 -1.49959
 0.762193
 -1.1523
 -1.07096
 -4.87999
 -0.111826
 -3.30395
 -1.37151
 -2.13932
 -2.74231
 -3.42589
 -1.91437
 -2.36469
 0.114917
 0.940921
 0.647628
