 1.28205
 1.33132
 0.798954
 -0.660916
 -1.53631
 -2.57074
 -2.38357
 -1.7435
 -0.908116
 -0.22157
 0.0128946
 0.365267
 0.813127
 1.29334
 1.2669
 1.1156
 1.28988
 0.815917
 1.55926
 1.63876
 1.57099
 -0.0390735
 0.160554
 -0.00394256
 -0.614333
 0.380502
 0.893769
 0.686947
 0.498161
 0.549213
 0.585882
 1.23503
 1.62602
 0.710931
 1.37297
 0.713146
 -0.0118437
 0.220243
 -0.689468
 -0.364366
 -0.988827
 -1.85781
 -1.37719
 -1.21513
 0.200054
 -1.12049
 -0.715326
 -1.60187
 -1.10827
 -0.93626
 -0.511773
 0.216849
 -0.988034
 -0.995033
 -0.880285
 -1.54992
 -1.30441
 -0.593379
 -1.01609
 -1.28559
 -0.567809
 0.370009
 0.467797
 1.37278
 1.17565
 1.91908
 0.990648
 -0.376598
 0.138747
 -0.161868
 -0.68865
 0.47733
 -0.179409
 -0.565328
 0.33522
 -0.359849
 -0.499186
 -0.534004
 -1.61595
 -0.393028
 0.145399
 -0.213278
 -0.784749
 -0.0130148
 1.9455
 1.42193
 -0.281386
 -0.79164
 0.0712199
 -0.0211171
 -0.574768
 -0.0567113
 -0.31334
 -1.11227
 -1.48251
 -1.96376
 -2.26204
 -1.6873
 0.122501
 0.166963
 -0.241706
 0.618384
 -0.831402
 -0.485438
 -1.04702
 -0.608861
 -0.482553
 -0.414683
 -0.348593
 1.37348
 1.54399
 0.476154
 0.694495
 0.562949
 -0.0689121
 -0.506987
 -0.303628
 -1.10158
 -1.04447
 -1.13501
 -1.03139
 -1.52883
 -1.05618
 0.42945
 0.724486
 0.859446
 0.710789
 0.534228
 -0.828061
 -1.3044
 -0.580616
 -0.0569513
 -0.128564
 0.36518
 0.315423
 0.34309
 1.34261
 1.58111
 1.60152
 0.439122
 0.426445
 0.735558
 0.486642
 -0.13652
 -1.73931
 -0.974525
 -0.920773
 -0.672796
 -0.542584
 -0.703082
 -0.570809
 -0.600517
 -0.151881
 -0.585647
 -0.532614
 1.01729
 0.553842
 0.462345
 0.926445
 1.4019
 0.666928
 1.40796
 1.09187
 0.11891
 -0.0248342
 -0.601772
 -1.25984
 -2.2374
 -1.46004
 -1.16289
 -0.0462662
 1.14504
 0.353053
 1.01706
 0.133748
 1.21012
 2.64064
 2.92157
 3.11654
 1.65462
 0.653576
 1.18565
 1.77141
 1.33573
 0.589518
 0.724708
 0.960796
 0.256622
 0.596308
 0.682115
 0.776503
 0.618589
 0.550773
 1.12853
 0.405411
 0.947116
 0.64222
 0.860184
 -0.255569
 0.288364
 0.754845
 2.08984
 1.21311
 0.995984
 1.15129
 1.04609
 1.10333
 0.915725
 0.33265
 0.25444
 -0.00111993
 0.605394
 0.830898
 0.177114
 0.679705
 2.35687
 1.46629
 0.722775
 0.270994
 0.0327812
 -0.2339
 0.486752
 -0.0615778
 -0.167113
 0.308341
 0.316258
 -0.237767
 -1.14347
 -0.750177
 -0.15199
 0.2453
 -0.633172
 0.089594
 -0.180458
 -0.655269
 -0.12199
 0.245888
 -0.377512
 0.00710087
 0.308846
 0.962208
 2.01405
 1.48463
 0.543711
 0.188742
 0.675535
 0.409891
 0.419795
 0.703019
 0.0391149
 0.326505
 0.874844
 0.827466
 0.240749
 0.286773
 0.201621
 0.00847357
 0.498854
 -0.156248
 -0.427399
 0.0362162
 -0.349461
 0.585135
 0.565646
 1.20725
 1.01695
 1.11883
 1.68402
 1.72793
 1.27912
 1.26792
 0.973916
 0.888019
 0.609377
 1.8854
 1.37091
 0.943508
 -0.0820815
 -0.726171
 -0.165789
 -0.816976
 0.346316
 0.667824
 0.278281
 1.04541
 0.881888
 0.282994
 -0.0366014
 -0.55799
 0.483742
 -0.475703
 -0.27422
 -1.08531
 -0.8249
 0.205151
 0.280153
 0.250306
 0.805721
 0.437076
 0.306466
 -0.0475782
 0.0949938
 -0.2291
 -0.352596
 -0.391321
 0.096694
 -0.320708
 0.318869
 1.37404
 0.526952
 -0.0178701
 0.256124
 0.351041
 0.280181
 0.21563
 -0.218808
 -0.406301
 -0.999599
 -1.19376
 -0.498806
 -1.07127
 -0.83283
 -1.98362
 -2.36067
 -2.6094
 -3.41463
 -2.56611
 -0.762644
 -0.947685
 0.350737
 0.664947
 -0.312079
 -1.45126
 -0.805367
 -0.482861
 -0.798626
 -0.990215
 -0.766244
 -1.11476
 -0.48226
 -1.24854
 -0.687972
 -0.940935
 -0.505236
 -0.551016
 -0.234376
 -0.690895
 -0.380949
 0.609142
 0.7098
 1.1628
 0.185942
 0.562634
 -0.603022
 -0.0473316
 0.434603
 1.11913
 0.209249
 -0.308484
 0.600301
 0.162605
 0.00803442
 -1.79839
 -2.52376
 -0.687191
 -0.736873
 0.216992
 0.394551
 0.19371
 -0.826011
 -0.62413
 0.841729
 0.0814857
 0.704825
 0.683875
 0.930486
 0.269728
 -0.172934
 0.639722
 0.0109409
 -0.650216
 -1.19616
 -0.957196
 -0.870522
 0.0325333
 -0.471242
 -0.848848
 -2.62023
 -1.29405
 -1.42891
 -1.3992
 -1.489
 -1.88221
 -2.48251
 -1.80827
 -1.6388
 -0.515985
 0.474733
 0.556991
 1.11723
