 0.0547072
 0.374547
 -0.288346
 -1.13274
 -0.509553
 -1.33112
 0.246534
 -0.30608
 0.457562
 0.239456
 0.182943
 0.236515
 0.35098
 0.53492
 0.099117
 0.274855
 0.345479
 -0.32307
 1.2457
 -0.0627376
 0.44693
 -1.72991
 1.30379
 -0.822889
 -0.170095
 0.817293
 0.311641
 0.0262024
 0.0383568
 0.177503
 0.037056
 0.78513
 0.345158
 -0.615356
 1.40765
 -1.17418
 0.201757
 0.135408
 -0.92554
 0.531733
 -1.07477
 -0.608329
 0.296542
 -0.358986
 1.22134
 -1.97372
 1.08695
 -1.90345
 1.16368
 -0.821565
 0.582823
 0.326332
 -1.52464
 0.541636
 -0.450987
 -0.684908
 0.153577
 0.217833
 -0.722564
 -0.217762
 0.380525
 0.575479
 -0.118129
 1.35275
 -0.631374
 1.73279
 -1.85899
 0.159522
 0.359694
 -0.518991
 -0.214379
 1.13641
 -1.32899
 0.34411
 0.469564
 -0.736165
 0.103708
 -0.342513
 -0.91789
 1.18504
 -0.280808
 -0.126317
 -0.600985
 0.902897
 1.67581
 -1.18041
 -0.572335
 -0.17122
 0.430587
 -0.126079
 -0.574423
 0.72353
 -0.690964
 -0.60845
 -0.435647
 -0.673337
 -0.513483
 0.160376
 1.21143
 -0.591131
 -0.00337777
 0.823694
 -1.95278
 1.20883
 -1.606
 1.04504
 -0.57147
 0.250799
 -0.0982452
 1.90865
 -0.607887
 -0.359406
 0.497698
 -0.265113
 -0.487765
 0.0155115
 0.0353969
 -0.988766
 0.183779
 -0.427925
 -0.0542286
 -0.686997
 0.38045
 1.02439
 -0.222014
 0.507196
 -0.207929
 0.22816
 -1.45115
 0.126828
 0.239748
 0.179288
 -0.218705
 0.640075
 -0.434542
 0.483364
 0.79526
 0.288597
 0.32553
 -0.811154
 0.549797
 0.218278
 -0.115882
 -0.516909
 -1.56324
 1.15582
 -0.703624
 0.165084
 -0.0817478
 -0.364397
 0.153316
 -0.401451
 0.517796
 -0.706288
 0.20907
 1.37231
 -0.911721
 0.521737
 0.342842
 0.654185
 -0.741818
 1.51501
 -0.860067
 -0.246017
 0.0873129
 -0.744646
 -0.441934
 -0.952596
 0.426143
 -0.441152
 1.06544
 0.590613
 -0.822909
 1.35818
 -1.78355
 2.33366
 0.631012
 0.830454
 0.663758
 -1.18975
 0.359081
 0.514049
 0.713108
 -0.352023
 -0.0851152
 0.350953
 0.301327
 -0.740038
 0.979304
 -0.326341
 0.424129
 0.0694814
 -0.0295032
 0.744654
 -0.81216
 1.16444
 -0.639097
 0.666438
 -1.49421
 1.42916
 -0.188898
 1.93904
 -1.87995
 1.55644
 -0.450072
 0.425845
 0.297769
 -0.0806531
 -0.215869
 0.0649839
 -0.161896
 0.616806
 0.224034
 -0.651328
 0.963944
 1.50385
 -1.26526
 0.392189
 -0.412127
 0.16005
 -0.460729
 0.897689
 -0.764592
 0.269631
 0.244155
 0.0683949
 -0.565339
 -0.676456
 0.29667
 0.289104
 0.187523
 -1.02642
 1.23358
 -0.962441
 -0.0464166
 0.436829
 0.168176
 -0.766005
 0.680655
 0.0309278
 0.644058
 1.0712
 -0.5412
 -0.159256
 -0.122487
 0.581381
 -0.31544
 0.26637
 0.441019
 -0.849025
 0.731934
 0.328765
 0.177748
 -0.583001
 0.448414
 -0.25336
 -0.0139761
 0.407235
 -0.673982
 -0.0160096
 0.380107
 -0.628084
 1.30231
 -0.681877
 1.41048
 -0.712375
 0.795451
 0.388488
 0.48055
 -0.295975
 0.717362
 -0.289008
 0.313163
 -0.12537
 1.64544
 -1.01127
 0.555142
 -0.943525
 -0.224952
 0.423309
 -0.940405
 1.42481
 -0.299528
 0.0710512
 0.774404
 -0.401788
 -0.0681767
 -0.231491
 -0.358637
 1.04412
 -1.67932
 1.14557
 -1.81665
 1.06069
 0.283634
 0.042744
 -0.0550316
 0.652636
 -0.437827
 0.321908
 -0.539072
 0.423417
 -0.601752
 0.197086
 -0.335511
 0.535543
 -0.727316
 0.95148
 0.705588
 -0.824196
 0.042881
 0.256469
 0.0975483
 -0.0083809
 0.0174049
 -0.585948
 0.19112
 -0.823389
 -0.000397858
 0.243893
 -0.735666
 0.223962
 -1.73072
 0.136132
 -1.33367
 -0.6144
 0.220748
 0.741098
 -0.694293
 1.40917
 -0.487405
 -0.409856
 -1.09738
 0.592532
 -0.0121842
 -0.544747
 -0.0971886
 0.018096
 -0.694682
 0.623634
 -1.19329
 0.633731
 -0.73393
 0.595674
 -0.655271
 0.458968
 -0.652996
 0.37767
 0.617285
 0.100506
 0.545978
 -0.770547
 0.675548
 -1.5644
 1.32834
 -0.177564
 0.810658
 -0.83391
 -0.131522
 0.945251
 -0.798804
 0.330696
 -1.97708
 -0.199408
 1.09195
 -0.675781
 0.944275
 -0.340208
 0.265587
 -1.32207
 0.852774
 0.731904
 -0.871284
 1.10491
 -0.468048
 0.648999
 -0.704295
 0.116186
 0.664611
 -0.756999
 -0.35476
 -0.54583
 0.236336
 -0.402349
 0.895049
 -0.935652
 -0.137907
 -1.97084
 1.59019
 -1.64674
 0.528856
 -0.657568
 -0.599036
 -0.746059
 0.292628
 -0.51645
 0.860199
 0.3935
 0.0423372
 0.689396
