 1.57274
 1.85001
 0.718315
 -1.76265
 -2.25296
 -4.23932
 -2.47446
 -2.34428
 -0.725871
 -0.0291984
 0.345448
 0.714843
 1.20235
 1.91149
 1.53627
 1.6251
 1.82853
 0.633831
 2.93509
 1.92909
 2.24422
 -1.88887
 1.28537
 -0.746018
 -0.862403
 1.0309
 1.34491
 0.993844
 0.772405
 0.895689
 0.701094
 2.06103
 2.13303
 0.262412
 2.99899
 -0.249056
 0.229175
 0.431238
 -1.54921
 -0.0209831
 -2.16423
 -2.73162
 -1.31905
 -1.6413
 1.29376
 -3.0418
 0.0446316
 -3.77565
 -0.315604
 -1.86405
 -0.139191
 0.55523
 -2.66063
 -0.779169
 -1.44739
 -2.38299
 -1.36094
 -0.516991
 -1.80702
 -1.70044
 -0.429259
 0.850477
 0.359076
 2.95686
 0.807052
 4.03051
 -0.896616
 -0.308587
 0.503376
 -0.685618
 -0.90869
 1.63674
 -1.51226
 -0.370362
 0.679874
 -0.996419
 -0.490076
 -1.02808
 -2.55544
 0.581273
 -0.154724
 -0.36094
 -1.45463
 0.787555
 3.90292
 0.371217
 -0.884817
 -0.961812
 0.187905
 -0.120625
 -1.23328
 0.583761
 -0.973296
 -1.89821
 -2.20004
 -2.8867
 -3.04766
 -1.81261
 1.15403
 -0.374444
 -0.268866
 1.45918
 -2.88413
 0.398767
 -2.93287
 0.0370702
 -1.11699
 -0.280297
 -0.392698
 3.54242
 1.26392
 0.16593
 1.11155
 0.247856
 -0.802032
 -0.530399
 -0.300486
 -2.18787
 -1.16395
 -1.67062
 -1.27789
 -2.26852
 -0.827062
 1.46984
 0.584861
 1.42379
 0.580797
 0.862879
 -2.29829
 -1.35515
 -0.469108
 0.0302
 -0.41627
 0.988762
 -0.17695
 0.842862
 2.18052
 2.10356
 2.12355
 -0.135822
 1.00452
 1.13972
 0.566041
 -0.637589
 -3.57279
 -0.189301
 -1.53976
 -0.747663
 -0.686859
 -1.2096
 -0.540085
 -1.18096
 0.20892
 -1.26633
 -0.468293
 2.41682
 -0.13167
 0.951305
 1.3516
 2.25449
 0.0945058
 3.09618
 0.447192
 -0.178999
 0.0493262
 -1.45476
 -1.9022
 -3.23674
 -1.41343
 -1.8717
 0.820694
 1.75571
 -0.416819
 2.42459
 -1.86989
 3.3584
 3.61291
 4.18994
 4.26048
 0.602824
 1.14014
 1.82619
 2.70455
 1.18914
 0.662168
 1.16542
 1.41845
 -0.48716
 1.6176
 0.479636
 1.184
 0.967765
 0.618429
 1.92221
 -0.278775
 2.13374
 0.215428
 1.48368
 -1.94985
 1.49343
 0.667604
 4.34539
 -0.718119
 2.6102
 0.926996
 1.50059
 1.64595
 0.990857
 0.261862
 0.313271
 -0.104502
 1.16046
 1.26039
 -0.420383
 1.63362
 4.15123
 0.375352
 1.04712
 -0.091267
 0.256213
 -0.742109
 1.2759
 -0.636053
 0.0940247
 0.554128
 0.52468
 -0.763403
 -1.8873
 -0.727767
 0.0687704
 0.423186
 -1.75661
 1.23754
 -1.05861
 -0.833857
 0.289958
 0.539321
 -1.15448
 0.553171
 0.449076
 1.60247
 3.26413
 1.20249
 0.523233
 0.121289
 1.24766
 0.242485
 0.702479
 1.37377
 -0.736407
 0.948383
 1.3214
 1.28048
 -0.26967
 0.708059
 -0.0110779
 -0.0357066
 0.789476
 -0.79533
 -0.58875
 0.348089
 -1.01251
 1.89586
 -0.0366505
 2.79531
 0.531969
 1.96328
 2.15127
 2.46699
 1.13494
 2.22918
 0.982414
 1.31401
 0.66907
 3.75923
 0.608927
 1.53653
 -0.811477
 -1.01794
 0.134061
 -1.78697
 1.59875
 0.520067
 0.506149
 1.90311
 0.528603
 0.233669
 -0.299414
 -0.926864
 1.43943
 -2.35104
 0.645417
 -3.1815
 -0.105663
 0.493304
 0.430801
 0.191497
 1.43932
 0.131871
 0.736126
 -0.562856
 0.452836
 -0.886518
 -0.226391
 -0.829495
 0.490439
 -1.11132
 1.12503
 2.1987
 -0.109304
 0.00924937
 0.519412
 0.558685
 0.374318
 0.296832
 -0.964113
 -0.292638
 -1.85163
 -1.29693
 -0.420068
 -1.76538
 -0.78784
 -4.01293
 -2.53678
 -4.44309
 -4.33896
 -2.59578
 -0.33485
 -1.62298
 1.68226
 0.202769
 -0.677774
 -2.66919
 -0.683372
 -0.502728
 -1.4414
 -1.20336
 -0.80616
 -1.95368
 -0.120305
 -2.47079
 -0.462094
 -1.79133
 -0.0625811
 -1.35435
 -0.0301084
 -1.32707
 -0.173608
 1.11304
 0.980142
 1.77806
 -0.296456
 1.14358
 -2.3283
 1.02688
 0.363686
 1.8759
 -0.354693
 -0.511329
 1.53257
 -0.524807
 0.294027
 -3.74835
 -3.02266
 0.0680419
 -1.30393
 0.975797
 0.00264181
 0.533023
 -2.27102
 0.115832
 1.54489
 -0.661145
 1.74702
 0.286814
 1.49877
 -0.359453
 -0.0192459
 1.31575
 -0.592974
 -1.1246
 -1.87888
 -0.842545
 -1.39448
 0.813962
 -1.30153
 -1.18688
 -4.7725
 -0.160362
 -3.40573
 -1.3263
 -2.24355
 -2.76855
 -3.43011
 -1.81582
 -2.30397
 0.107616
 0.862332
 0.688307
 1.86061
