 1.260143
 -6.930419
 6.930711
 -6.930847
 6.930711
 -6.930374
 6.930711
 -6.930600
 6.930711
 -6.930637
 6.930711
 -6.930645
 6.930711
 -6.930647
 6.930711
 -6.930648
 6.930711
 -6.930648
 6.930711
 -6.930648
 6.930711
 -6.930648
 6.930711
 -6.930648
 6.930711
 -6.930847
 6.930711
 -6.930847
 6.930711
 -6.930847
 6.930711
 -6.930847
 6.930711
 -6.930847
 6.930711
 -6.930847
 6.930711
 -6.930847
 6.930711
 -6.930847
 6.930711
 -6.930847
 6.930711
 -6.930847
 6.930711
 -6.930847
 6.930711
 -6.930847
 6.930711
 -6.930847
 6.930711
 -6.930847
 6.930711
 -6.930847
 6.930711
 -6.930847
 6.930711
 -6.930847
 6.930711
 -6.930847
 6.930711
 -6.930847
 6.930711
 -6.930847
 6.930711
 -6.930648
 6.930711
 -6.930648
 6.930711
 -6.930648
 6.930711
 -6.930648
 6.930711
 -6.930648
 6.930711
 -6.930648
 6.930711
 -6.930648
 6.930711
 -6.930648
 6.930711
 -6.930648
 6.930711
 -6.930648
 6.930711
 -6.930847
 6.930711
 -6.930847
 6.930711
 -6.930847
 6.930711
 -6.930847
 6.930711
 -6.930847
 6.930711
 -6.930847
 6.930711
 -6.930847
 6.930711
 -6.930847
 6.930711
 -6.930847
 6.930711
 -6.930847
 6.930711
 -6.930847
 6.930711
 -6.930847
 6.930711
 -6.930847
 6.930711
 -6.930847
 6.930711
 -6.930847
 6.930711
 -6.930847
 6.930711
 -6.930847
 6.930711
 -6.930847
 6.930711
 -6.930847
 6.930711
 -6.930847
 6.930711
 -6.930847
 6.930711
 -6.930847
 6.930711
 -6.930847
 6.930711
 -6.930847
 6.930711
 -6.930847
 6.930711
 -6.930847
 6.930711
 -6.930847
 6.930711
 -6.930847
 6.930711
 -6.930847
 6.930711
 -6.930847
 6.930711
