 0.369893
 1.00093
 1.2425
 1.61766
 1.45249
 0.189429
 0.712776
 0.855397
 0.435732
 0.12273
 -0.549187
 -0.383859
 0.197558
 -0.154153
 0.393404
 0.874911
 1.21556
 1.63727
 0.380533
 0.861458
 0.690059
 1.11655
 1.39144
 0.681884
 0.57791
 0.547
 1.01189
 0.856757
 1.34498
 0.247474
 0.144715
 0.011331
 -0.238937
 0.400679
 0.151541
 0.317614
 1.04571
 0.983924
 1.00704
 0.716238
 2.43365
 1.4194
 0.515049
 1.87157
 0.773429
 0.837249
 0.393513
 -0.297706
 -0.508546
 0.542049
 0.531414
 1.59284
 0.0180579
 -0.122347
 -0.0115645
 0.560635
 -0.098053
 -0.495666
 -0.338258
 -1.65322
 -1.49199
 -1.70605
 -2.44068
 -2.22213
 -2.63582
 -2.69976
 -2.19027
 -2.18446
 -0.457809
 -0.0259874
 0.26516
 -0.261808
 -0.152698
 -0.237323
 -0.703017
 -0.904127
 1.62545
 0.846618
 0.355982
 2.02224
 0.637227
 -0.0935906
 0.643506
 0.678315
 -0.423551
 -0.674213
 -0.102127
 0.838344
 0.517621
 0.810183
 1.62254
 1.48717
 1.30009
 0.251052
 0.311708
 0.876539
 1.81942
 0.808063
 0.653502
 1.04954
 0.829788
 1.66966
 1.69785
 1.00494
 0.370379
 1.05785
 0.903074
 0.407956
 0.640775
 1.02312
 0.555059
 0.256206
 0.247
 0.368876
 0.474447
 0.448922
 0.276657
 1.08199
 0.180633
 0.695095
 0.108421
 0.48975
 0.951327
 0.483869
 0.612759
 0.59229
 -0.151117
 1.27419
 2.28148
 1.98882
 2.08928
 0.856404
 0.908293
 0.279553
 0.47745
 0.400927
 -0.249499
 0.0491251
 -0.53622
 -0.316591
 1.04755
 0.0245948
 0.493086
 1.17918
 1.27615
 0.40911
 1.33141
 1.68542
 0.810681
 -0.275703
 0.473639
 -0.131387
 -0.946129
 0.992531
 0.487592
 0.543133
 0.0349101
 -0.28928
 0.628774
 1.15175
 0.726211
 0.755277
 0.380614
 -0.0410689
 -0.522359
 -0.0314862
 -0.5546
 -0.272397
 -0.0971839
 1.19705
 0.505477
 0.285811
 0.4429
 1.05443
 0.688446
 1.50749
 0.401695
 -0.262593
 -0.342901
 -0.706086
 -1.06641
 -0.848755
 -1.53069
 -1.80278
 -1.12267
 0.42519
 1.04972
 1.06871
 0.522816
 2.08835
 0.879023
 -0.173127
 0.0746258
 -1.08296
 -1.01006
 -1.05248
 -1.14761
 -0.183734
 0.207008
 0.371849
 0.785721
 -0.371993
 -0.0817222
 -0.383773
 1.11228
 2.12652
 1.41146
 2.03114
 2.34335
 1.3016
 2.0622
 1.20553
 -0.939529
 0.563072
 0.490979
 0.768301
 1.35839
 0.759696
 0.803727
 0.318819
 -0.0221679
 0.314316
 0.779729
 0.971585
 0.914736
 0.917918
 1.01601
 0.40109
 1.92826
 1.6426
 0.973049
 -0.397407
 0.233311
 0.842435
 -0.0153931
 0.146043
 0.0282902
 0.761029
 -0.0743489
 1.02422
 1.02573
 0.394621
 0.645722
 0.557243
 1.20108
 1.81165
 1.4059
 -0.0338874
 0.528052
 1.23182
 0.641492
 0.108097
 0.693154
 1.21491
 0.62907
 0.49675
 0.880323
 0.743265
 -0.167628
 0.36467
 0.564108
 -0.558324
 -0.755134
 -0.716529
 -1.73066
 -0.763177
 -1.12925
 -1.9427
 -0.894602
 -0.015581
 -0.624408
 -1.05647
 -0.540795
 0.363805
 0.590733
 0.309872
 0.146536
 0.730447
 1.23785
 1.46206
 1.69581
 1.92829
 1.1918
 0.80193
 1.00145
 -1.0472
 -2.25129
 -1.7197
 -1.5589
 -1.18242
 -1.18741
 -0.97989
 -1.09855
 -0.830151
 -0.448856
 -0.210225
 0.280901
 0.86952
 1.36483
 1.68411
 1.75129
 0.280397
 0.185951
 0.158554
 1.02363
 -0.804514
 -0.677326
 -0.967978
 -0.85066
 -0.629008
 -0.963418
 -1.13615
 -1.45184
 -1.45982
 -1.12043
 -1.63102
 -1.84383
 -0.354496
 -0.223506
 -0.448488
 -0.0374974
 0.569941
 0.668851
 0.0911791
 0.857613
 0.819749
 0.675298
 0.586553
 1.33869
 1.68046
 2.01565
 0.740624
 0.490805
 0.855531
 -0.257855
 -0.480682
 -0.198088
 -0.084248
 0.419716
 1.83685
 1.66865
 0.194413
 -1.66543
 -1.92287
 -2.53217
 -1.53219
 -1.84643
 -1.52467
 -1.67478
 -0.426951
 0.308385
 0.0797199
 0.391243
 0.614774
 0.820582
 1.37159
 1.96316
 2.32642
 2.2095
 2.27375
 1.95783
 1.88745
 1.67879
 1.12448
 1.59764
 1.70713
 1.44871
 0.870843
 0.615846
 0.00922809
 0.22769
 -0.0338636
 0.414983
 0.941006
 0.480633
 0.19015
 1.3259
 0.201613
 0.525763
 0.595534
 0.76561
 1.5184
 1.60589
 1.11967
 0.614234
 1.90307
 1.03057
 1.59985
 1.40177
 1.45925
 1.05259
 0.898546
 -0.0532422
 -0.397248
 -1.1804
 -0.936691
 -0.17151
 0.586057
 0.475774
 1.54404
 0.177976
 1.12507
 1.81236
 1.32993
 0.813341
 0.245493
 0.506679
 1.25128
 0.556654
 -0.467584
 -0.680854
 -0.868166
 -0.0268557
 -0.134651
 -0.156541
 -0.309993
 -0.79476
 -1.95063
 -1.66036
 -1.49694
 -1.52073
 -1.83048
 -0.887438
 -0.208241
 -0.916983
 -0.907472
 -1.96069
 -1.36569
 -0.985936
 -1.21338
 -1.87744
 -1.1996
 -0.287428
 -0.149508
 0.561338
 -0.22186
 0.859983
 0.224996
 -0.125959
 -0.41731
 -0.490714
 -0.217083
 -0.114626
 0.155086
 0.684002
 0.59375
 0.479696
 -0.0280799
 -0.158032
 -0.207079
 -0.291241
 -0.459464
 -0.522146
 -0.466796
 -1.00869
 -1.03734
 -0.874264
 -0.211725
 0.158266
 0.753348
 0.685771
 1.41776
 0.165145
 0.477806
 0.919579
 -0.144242
 -1.43475
 -1.57597
 -2.1988
 -1.66416
 -1.56045
 -0.030189
 -0.492799
 -0.351738
 -1.19777
 -0.471577
 -0.45836
 -0.43622
 0.424516
 1.09714
 1.28225
 1.31918
 0.873114
 0.660195
 1.13081
 0.346555
 0.556552
 1.22852
 -0.880041
 -1.18216
 -1.39731
 -1.21687
 -0.688421
 -0.662254
 -0.623729
 0.450872
 1.28582
 0.359942
 0.892994
 0.878638
 0.529769
 0.263566
 -0.578584
 -0.987439
 -0.921731
 0.014932
 0.568632
 0.914425
 0.722199
 1.27378
 1.22692
 0.397836
 0.455806
 0.527322
 1.19352
 0.624741
 1.80382
 1.09292
 1.34022
 0.626981
 0.781721
 0.910626
 -0.00384583
 0.254327
 0.376386
 0.408356
 0.277884
 0.919411
 0.456059
 0.0488088
 1.28645
 1.3372
 1.14169
 1.17406
 0.353279
 0.794912
 1.01537
 1.62218
 0.671317
 0.960592
 2.34759
 0.922662
 1.85109
 0.637321
 -0.413587
 -0.699403
 -2.37166
 -2.78445
 -1.91208
 0.0273903
 1.3484
 2.09062
 2.47609
 1.57067
 0.62841
 -0.433571
 -0.890562
 -0.727204
 -0.204026
 1.56067
 1.75029
 1.16078
 2.09407
 1.26563
 0.968374
 1.38671
 0.31505
 0.777351
 0.367594
 -0.0904484
 0.0420195
 1.55674
 1.38303
 0.93676
 1.36149
 1.88253
 0.836946
 -0.0734229
 -0.260583
 -0.488169
 -0.382269
 0.0160632
 0.71504
 0.483435
 1.31023
 1.49311
 1.97353
 1.24836
 1.32829
 0.427704
 0.330809
 1.25273
 1.68272
 0.369088
 1.09891
 1.17921
 1.46559
 1.24532
 -0.11218
 0.705228
 -0.568114
 -1.51991
 -1.84997
 -0.924773
 -1.08857
 0.13148
 -0.0931561
 -0.830956
 -0.259935
 -0.210761
 -0.54932
 0.597644
 0.662607
 0.87759
 1.06695
 0.687618
 1.19524
 1.21606
 0.476943
 1.87926
 1.11124
 1.10252
 0.765333
 0.365439
 -0.533502
 -0.110742
 -0.85842
 -0.81448
 -1.27483
 -1.37225
 -1.16902
 -1.56777
 -1.03724
 -1.31449
 -1.85873
 -1.00303
 0.160964
 0.849681
 0.235802
 0.97129
 0.466568
 1.34411
 0.0558576
 0.742783
 0.296996
 -0.758344
 0.473402
 0.849717
 0.163908
 0.833242
 0.180341
 0.405853
 0.602149
 0.792046
 0.710891
 0.617249
 0.573725
 0.230351
 -0.178541
 0.0596174
 -0.562769
 -0.518569
 -0.909382
 -1.42489
 -0.875862
 -0.210216
 -0.485717
 -0.0999218
 -0.138424
 -0.389225
 -0.85449
 -1.17286
 -0.851236
 -1.21813
 0.738534
 -0.149425
 -0.0468814
 0.765088
 0.301007
 0.528706
 0.6583
 1.1762
 0.52874
 0.603162
 0.544533
 1.99048
 1.22157
 0.577321
 0.421029
 0.956242
 0.299991
 0.760456
 0.294927
 -0.621239
 -0.639235
 0.334544
 -0.0896426
 -0.352599
 0.12611
 -0.293047
 -0.890167
 0.0537532
 -0.01562
 0.646257
 0.658926
 0.549638
 0.795675
 0.759603
 0.64819
 0.958639
 0.596216
 0.117507
 -0.479899
 -0.39634
 0.331912
 0.948308
 0.991063
 -0.0261959
 -0.729608
 -1.74192
 -1.75769
 -1.80922
 0.0471536
 -0.617391
 -0.327831
 0.164845
 -0.0516126
 -0.270655
 0.0634808
 0.429802
 0.613067
 1.28335
 2.36911
 1.83776
 0.920813
 -0.124858
 0.110824
 -0.180212
 0.556555
 -0.927168
 -0.827039
 -2.25509
 -1.848
 -2.06065
 -1.34135
 -1.42064
 -0.747707
 -0.654366
 -0.700884
 -0.707576
 0.431493
 0.274555
 -0.302628
 0.215033
 0.115529
 0.302831
 1.6826
 1.30309
 0.382644
 1.12417
 2.09272
 1.22643
 1.34299
 2.33033
 2.21553
 1.96771
 0.995933
 1.0641
 0.607716
 0.357668
 0.601963
 -0.749291
 -0.415269
 -0.698559
 -0.697349
 -2.42893
 -1.3873
 -0.964764
 -1.0878
 -0.882341
 -0.458435
 -0.633983
 -0.61057
 -0.858116
 -0.0208869
 -0.210359
 -1.72884
 -0.781927
 -0.213189
 -0.703782
 -0.276862
 -1.241
 -1.10628
 -1.17031
 -0.97707
 -1.77778
 -0.72381
 -0.279431
 -0.828771
 -1.63342
 0.155471
 -0.876321
 -0.303248
 -0.35474
 -2.2687
 -1.36677
 -1.21642
 -0.144885
 -0.508414
 -1.49094
 -1.25167
 -0.529309
 0.100073
 -0.0328656
 0.329354
 0.281709
 0.700863
 0.650634
 0.650417
 1.61399
 1.54597
 0.709209
 0.396953
 -0.0285045
 0.267154
 0.329257
 -0.17211
 1.54629
 1.42038
 1.30132
 0.0257066
 0.162827
 0.613279
 1.54174
 1.40255
 1.07444
 0.922779
 0.76411
 -0.248538
 -0.39694
 0.281475
 -0.395834
 1.03327
 -0.103776
 0.396668
 0.36547
 0.366853
 0.392475
 0.636977
 -0.0914082
 1.27146
 1.18297
 1.23198
 1.03236
 1.95565
 1.74067
 0.612535
 1.25781
 0.303511
 0.812859
 -0.770426
 -1.20835
 -0.748195
 0.623529
 0.275049
 0.829282
 0.557754
 1.19344
 0.39965
 1.52064
 0.888127
 0.90211
 -0.526592
 0.0582666
 0.272474
 0.0356
 0.425436
 0.528721
 0.690471
 0.57834
 0.770658
 1.21151
 1.00362
 0.614722
 1.05593
 0.214292
 0.445725
 0.992779
 0.376506
 -0.628624
 -0.674174
 0.745303
 1.03963
 1.73484
 0.918621
 -0.226281
 -0.665173
 -0.840739
 -0.736447
 -1.52817
 -1.07554
 0.36787
 -0.399337
 -0.397125
 -1.40157
 0.473798
 0.458858
 1.53632
 -0.0418186
 -0.0321721
 0.130218
 1.11235
 0.476814
 0.366248
 0.0432401
 0.687654
 -0.0336013
 -0.42383
 -1.26659
 -1.14713
 -0.774262
 -0.300287
 -0.0336979
 -0.691683
 0.0995972
 -0.213003
 -0.447297
 -0.335169
 -1.58667
 -1.83236
 -0.811895
 -0.828053
 -0.20363
 -0.591175
 -1.10277
 -0.794973
 -0.751238
 -0.358034
 -2.02055
 -1.05041
 -1.11866
 -1.07529
 -1.69284
 -1.63095
 -0.986165
 -0.519998
 0.153013
 0.112869
 -0.535168
 0.361587
 1.05539
 0.402969
 0.347201
 1.804
 1.73644
 0.803106
 0.789425
 0.560066
 0.806754
 0.279079
 0.81379
 0.993383
 1.32198
 1.7528
 1.61286
 1.24566
 0.421636
 0.246865
 0.587387
 1.14085
 0.590295
 0.660813
 0.290269
 -0.306346
 -0.807121
 -0.77824
 -1.82724
 -0.498742
 -0.9326
 -1.04795
 -1.21735
 -0.516752
 -0.148447
 0.275109
 0.929742
 0.320758
 0.192389
 2.72635
 2.34333
 1.29251
 0.698678
 0.864725
 1.56552
 0.561997
 1.27282
 1.46482
 1.63376
 1.74351
 1.2558
 1.07245
 1.04352
