 0.0504535
 -0.046124
 -0.0122074
 -0.085834
 -0.00686379
 -0.0432422
 0.0488556
 0.130716
 0.075791
 -2.36093e-05
 0.0282278
 -0.0532963
 -0.00266174
 -0.236328
 0.165891
 -0.0852993
 0.130455
 -0.0122907
 0.0218325
 -0.0771176
 -0.0605157
 -0.154186
 -0.104086
 -0.00781382
 0.0389401
 -0.258304
 -0.167002
 -0.022
 -0.0133149
 -0.0585095
 -0.0326093
 -0.0505785
 -0.131376
 0.119017
 0.149476
 0.122916
 0.0420752
 -0.0747789
 0.144067
 0.04878
 0.0339856
 -0.18035
 -0.0118408
 -0.0160993
 0.104229
 -0.116368
 -0.23287
 -0.0713745
 -0.0415946
 0.0274065
 0.077478
 0.0317399
 -0.149566
 0.1068
 0.0859987
 0.00709484
 -0.113711
 -0.141955
 -0.00743774
 0.0313326
 -0.0682245
 0.134236
 -0.0493537
 -0.05454
 0.0538623
 0.0292418
 0.101133
 0.0395658
 0.0142836
 0.0803963
 0.0219357
 0.0570011
 -0.191347
 0.0398613
 -0.186502
 -0.000553373
 0.111894
 0.0236218
 0.060066
 -0.0469209
 -0.0825289
 0.035317
 0.0646631
 0.0389678
 0.0226222
 0.130171
 -0.0191763
 -0.0240728
 0.0152421
 0.0989136
 0.0413716
 0.0737616
 -0.033558
 -0.0521817
 -0.117411
 0.00127733
 -0.104296
 -0.0609261
 0.0479142
 0.0323467
 0.105182
 -0.0465547
 -0.189166
 0.13235
 -0.211897
 -0.0577741
 -0.0897411
 -0.0496694
 0.08662
 0.0139553
 0.0445555
 0.2027
 0.0659122
 -0.0497934
 -0.0067439
 0.0448193
 0.100757
 0.129734
 -0.183444
 -0.076079
 -0.0162707
 -0.0824804
 -0.0943574
 -0.182201
 -0.133589
 0.00142572
 -0.0354501
 0.160749
 -0.228544
 0.0296611
 0.0770775
 -0.02246
 0.0567658
 -0.0844089
 0.121751
 -0.0521172
 -0.120473
 -0.061513
 0.0506355
 0.0449139
 -0.064209
 -0.122177
 0.00382669
 -0.170006
 -0.150882
 0.0311885
 -0.00972343
 -0.0176753
 0.148527
 0.0346473
 0.0226393
 -0.051602
 -0.0398142
 -0.0368396
 0.0496318
 -0.0759472
 -0.105233
 0.00887376
 0.0398645
 -0.0294126
 0.128984
 0.0900061
 0.0251028
 -0.108487
 0.245818
 -0.0797527
 0.0466036
 0.0664498
 0.0533068
 0.00433046
 -0.100569
 -0.162334
 -0.0625692
 -0.0648371
 0.02401
 0.0891605
 0.17229
 0.223137
 0.0599355
 -0.211526
 -0.0679408
 0.0912718
 -0.190973
 -0.0380675
 -0.0304824
 0.0418859
 -0.0243852
 -0.12542
 -0.0194125
 0.075984
 0.0747504
 0.0501697
 0.0647058
 0.0866158
 0.0328663
 -0.0672755
 0.161452
 0.214635
 -0.00661382
 -0.047397
 -0.184315
 0.180721
 0.119209
 -0.0376194
 -0.0257347
 -0.0569358
 0.0578814
 -0.012715
 0.0207731
 0.0971055
 0.105568
 -0.150341
 -0.00636285
 -0.0241634
 -0.0941229
 0.0836694
 0.136924
 0.00409456
 0.0561175
 0.00212037
 -0.0112673
 0.112297
 -0.0663773
 -0.026864
 -0.0842345
 0.106677
 -0.0184031
 0.112856
 0.0525583
 -0.0244047
 0.0903486
 -0.0928707
 0.0500613
 0.0794198
 0.238261
 -0.0267678
 0.0327436
 -0.00895428
 -0.055604
 0.048197
 0.0179959
 0.144147
 -0.240445
 -0.0844896
 -0.00540454
 0.0340714
 -0.0760783
 -0.0980961
 0.0993405
 0.0130871
 0.0391359
 -0.161733
 -0.11714
 -0.00978478
 0.0973359
 0.105903
 0.0993419
 -0.0231338
 -0.0148197
 -0.160525
 0.0558979
 0.100228
 0.0244907
 -0.115684
 -0.0929126
 0.0241269
 0.00395641
 -0.0577959
 -0.0747254
 0.0708935
 0.0716574
 -0.0800142
 -0.0302187
 0.0419514
 -0.0340803
 -0.0416305
 -0.154548
 0.104165
 -0.0477328
 0.0296227
 0.0415265
 -0.196537
 0.020617
 0.000945677
 -0.0650812
 -0.0489055
 -0.0326439
 0.0904128
 0.0780553
 -0.190713
 -0.0478332
 -0.0558389
 0.0252571
 -0.175088
 -0.090042
 -0.0818613
 -0.119862
 -0.0721453
 -0.128324
 -0.0361704
 -0.0220957
 -0.0565635
 -0.0688075
 0.0674468
 -0.178417
 0.0593551
 -0.0569304
 0.152223
 -6.20123e-05
 0.0450566
 -0.0642555
 -0.0374204
 0.0139323
 -0.209764
 -0.0805409
 -0.0934098
 -0.0465247
 0.0489874
 0.0323885
 -0.0368718
 -0.0998803
 0.0698825
 -0.0738489
 0.235176
 -0.0739184
 0.00500745
 -0.178115
 0.15833
 0.0844742
 0.258394
 0.231537
 -0.171962
 -0.0334798
 -0.0888465
 -0.0201481
 -0.144434
 0.106868
 0.0118035
 0.0203705
 0.0570076
 -0.0563418
 -0.129596
 0.112546
 0.060465
 -0.155302
 0.108638
 -0.0759103
 -0.0310335
 -0.0230459
 -0.0337244
 -0.0386221
 -0.0314339
 0.0349891
 -0.0214341
 -0.0274639
 0.0100174
 0.0832806
 -0.0425792
 -0.0824518
 -0.0281828
 0.0574177
 0.107668
 0.207803
 0.0705256
 0.0133497
 -0.159627
 0.188471
 -0.00342136
 -0.0218156
 0.0981783
 0.0599187
 0.0899771
 -0.120595
 0.066703
 -0.157365
 -0.09308
 -0.0890923
 -0.112519
 -0.159397
 -0.169555
 -0.137277
 0.0881147
 0.0603107
 -0.10813
 -0.0177397
 0.0889992
 -0.137621
 0.097284
 0.0442302
 -0.0714938
 -0.0143515
 0.133882
 0.0226465
 -0.0617978
 -0.0942887
 0.0162766
 0.177661
 0.0652012
 -0.149869
 -0.0969949
 -0.0866185
 -0.124158
 -0.0533914
 0.115493
 -0.201117
 -0.0188141
 -0.0908319
 -0.0269448
 0.168244
 -0.0545145
 -0.11838
 -0.0947715
 0.143995
 0.135529
 -0.143974
 -0.103104
 -0.00235119
 0.106938
 0.00686079
 -0.089846
 -0.122543
 -0.048665
 0.0320932
 0.0766786
 0.141193
 -0.061214
 -0.0809838
 -0.0413714
 -0.0434902
 -0.154904
 -0.0840672
 -0.0406144
 -0.028075
 0.0810125
 -0.107318
 0.0282183
 -0.125662
 -0.0614459
 -0.118567
 -0.100397
 0.283904
 -0.118817
 -0.0466332
 -0.121957
 -0.127412
 0.112374
 0.0339874
 0.0336131
 -0.0316591
 -0.0678704
 0.179743
 -0.0207141
 -0.155868
 -0.13902
 0.0505195
 0.196291
 -0.0500706
 -0.0945727
 0.0380145
 0.0225365
 0.126069
 0.0601139
 0.027229
 -0.0651035
 -0.183031
 -0.0260201
 0.181911
 -0.0207277
 0.0102401
 -0.0739846
 -0.0964278
 -0.174107
 0.00836213
 -0.082687
 0.179478
 -0.040707
 -0.0473307
 -0.0103312
 -0.0425208
 -0.0374634
 -0.179459
 -0.355524
 0.0907869
 -0.174806
 -0.0864827
 0.0532054
 -0.0195746
 -0.149352
 0.15718
 0.118537
 0.032717
 0.013139
 -0.132846
 0.103256
 0.101327
 0.107597
 0.0229706
 -0.0662854
 0.0617513
 0.00685705
 -0.0668039
 0.0541959
 -0.0532517
 -0.0738055
 -0.0555468
 0.07762
 -0.0197424
 0.0874634
 0.0292666
 0.0374239
 0.0576909
 0.000219133
 0.204884
 -0.09068
 0.0409065
 0.032172
 0.0414591
 0.0126688
 -0.0499251
 -0.0204627
 -0.0439867
 -0.0224074
 -0.253237
 0.0564383
 0.0494599
 0.0617435
 -0.0677702
 -0.1211
 0.0353612
 -0.0651316
 -0.159804
 0.16827
 -0.119888
 -0.00233297
 -0.132507
 -0.0574021
 0.0707503
 -0.124585
 -0.0842855
 -0.108439
 0.117722
 -0.111612
 0.119506
 0.0116618
 -0.00510202
 0.0324072
 -0.119986
 -0.0503446
 0.149687
 0.00460381
 0.2414
 -0.0300921
 0.0218844
 0.0532476
 0.0880787
 -0.0409932
 0.00187647
 0.215452
 -0.163577
 0.145934
 -0.0240989
 -0.0428694
 0.0437656
 0.0849367
 0.0865118
 -0.108778
 0.0907783
 -0.0733763
 -0.126426
 0.0582376
 -0.25852
 -0.162552
 0.0983185
 0.00429447
 0.0373032
 0.00399867
 0.0443869
 -0.131991
 -0.0903081
 0.160667
 0.0443729
 -0.113169
 -0.0784523
 0.0917973
 0.0699904
 -0.0696539
 0.00163722
 0.00865126
 -0.144931
 0.0525061
 0.00213865
 -0.0239662
 0.063503
 0.0103174
 0.182817
 0.0389914
 -0.191055
 0.0557286
 0.0406239
 -0.0985456
 0.0559313
 0.0467814
 0.139487
 -0.0404269
 -0.0700657
 0.0833278
 -0.081238
 0.105767
 -0.0321826
 0.00368802
 -0.050169
 -0.0297003
 0.0385087
 -0.0525144
 0.140055
 -0.144521
 0.0194583
 0.0146675
 -0.0346423
 -0.0382112
 -0.131064
 -0.0570214
 -0.0775802
 -0.0706267
 -0.0977067
 -0.0061952
 -0.0804511
 -0.134572
 -0.0914147
 0.188155
 0.00272713
 0.0898819
 -0.0067587
 0.196433
 -0.0906256
 0.174667
 0.0767275
 -0.116006
 0.205834
 -0.044763
 -0.177968
 0.140359
 0.0160764
 0.0483914
 -0.121924
 -0.063341
 -0.0329873
 0.0588862
 -0.115202
 0.157765
 -0.0412146
 -0.0136209
 -0.0507234
 0.0123196
 -0.16753
 -0.0630046
 -0.110555
 0.14294
 -0.137079
 -0.155297
 0.0304633
 -0.0456186
 -0.0282863
 -0.138859
 0.0426213
 0.0904573
 0.00267002
 0.000506171
 0.0553805
 -0.172646
 0.129755
 -0.1184
 -0.0677242
 0.0798208
 0.0178039
 0.0426094
 0.153036
 -0.0853913
 -0.0335079
 0.106194
 0.246397
 0.0363049
 -0.0323114
 0.14034
 0.171821
 0.0911748
 0.0744216
 0.105836
 0.0564207
 -0.258735
 -0.133932
 0.104855
 -0.22385
 -0.218237
 0.097272
 0.031633
 -0.0491391
 -0.0108522
 0.0298864
 0.121335
 -0.138519
 -0.00597341
 -0.0366355
 -0.0404669
 0.0367665
 -0.0770644
 0.0899998
 -0.135973
 0.129496
 0.0596103
 0.0240757
 0.0418344
 0.0265391
 0.213032
 -0.168736
 -0.0776081
 -0.117287
 -0.0370225
 0.0216353
 0.13528
 0.0462743
 0.0185671
 -0.0439781
 0.0888314
 0.0975011
 -0.0379823
 -0.0326348
 0.11599
 -0.237456
 -0.0226973
 -0.0936805
 -0.128056
 0.0233344
 -0.0687596
 0.0742588
 -0.0152259
 -0.027532
 0.214688
 -0.00776254
 0.0261193
 -0.00835429
 -0.0582769
 -0.164503
 0.0929625
 0.191009
 0.115609
 -0.0291128
 0.0234235
 -0.0470822
 0.094195
 0.069764
 0.0266366
 0.125196
 0.0980162
 -0.0777612
 0.0452714
 0.0576212
 0.112345
 -0.0919937
 0.0423634
 -0.13968
 0.0137929
 -0.018716
 -0.0428911
 0.134696
 0.0140513
 0.067923
 -0.094517
 0.0790693
 -0.0217301
 -0.0295354
 0.130043
 0.10626
 0.252683
 0.012868
 -0.0540038
 0.014709
 0.0693253
 0.0136318
 -0.157239
 0.257552
 -0.241166
 0.0812268
 0.0813838
 0.00704053
 -0.0877733
 0.0419034
 -0.0163815
 -0.0127746
 -0.0278562
 -0.154395
 -0.17265
 0.134109
 -0.0891969
 0.131556
 -0.0551594
 -0.0203702
 0.103334
 -0.0148843
 0.0767319
 0.265276
 -0.0297463
 0.0921782
 0.228127
 0.00709562
 -0.103643
 -0.0880679
 0.0584002
 0.0182648
 0.0410642
 -0.0425433
 0.0623336
 -0.0992344
 0.30472
 0.0700867
 -0.0543809
 -0.0788475
 0.052141
 0.0915622
 0.178825
 0.183091
 0.133912
 -0.0217426
 0.116281
 -0.14678
 0.0561623
 -0.0471674
 0.0545313
 -0.0437222
 0.159569
 0.0600634
 -0.124622
 -0.141162
 0.0333069
 -0.0844372
 -0.0323154
 0.0860374
 0.00146312
 0.132674
 -0.00757798
 0.0191801
 0.000219427
 -0.00830693
 -0.0245515
 -0.0195941
 0.0828258
 0.0637579
 -0.0919633
 -0.0194714
 0.0356908
 0.0207478
 -0.141737
 -0.0835834
 0.110079
 0.24703
 0.0371062
 -0.0234889
 -0.0257968
 -0.0245658
 -0.0421931
 -0.121953
 -0.012692
 -0.00631409
 -0.0600596
 0.126481
 -0.0323633
 -0.0404829
 0.00679817
 0.186088
 -0.0213078
 0.0631351
 0.119507
 -0.0146323
 0.00897096
 0.0874329
 -0.00805945
 -0.0679242
 -0.0239026
 -0.0335135
 0.121612
 -0.13456
 0.00447244
 -0.00132189
 0.115336
 0.0223598
 -0.0613831
 -0.198411
 0.0581018
 -0.0368479
 -0.0704897
 0.18302
 -0.211627
 0.0369831
 -0.0855162
 -0.0772843
 0.0443252
 -0.0518798
 -0.0166427
 -0.136668
 -0.0472133
 -0.0109876
 -0.0677161
 0.0802793
 0.0545356
 0.0692748
 0.131325
 -0.0866913
 -0.091593
 -0.0419214
 0.0024702
 0.0782666
 0.042318
 0.0692288
 0.0600546
 -0.0740267
 0.127555
 -0.133626
 -0.13381
 -0.00998083
 -0.0515443
 -0.10525
 0.0662901
 0.052021
 0.139526
 -0.0567994
 0.00345946
 0.116355
 0.0851409
 -0.119861
 -0.112224
 0.0260949
 0.0417718
 0.158105
 -0.0329459
 -0.0687471
 0.0705106
 -0.0336513
 0.16344
 0.123374
 -0.0418889
 0.0136499
 -0.109293
 -0.0868929
 0.0566474
 -0.120965
 -0.0250288
 0.0667688
 -0.0104664
 -0.00653332
 0.0727311
 -0.128939
 -0.106039
 0.0243373
 0.196378
 0.146734
 0.000762104
 -0.185524
 -0.0513688
 0.041324
 -0.00317348
 -0.0845969
 -0.000791212
 -0.019634
 0.0754143
 0.0202605
 0.112677
 0.0329739
 0.0121949
 0.118905
 -0.0551265
 0.0023529
 0.00942053
 -0.0452131
 0.0451752
 -0.146474
 -0.180909
 -0.0126268
 -0.0754629
 0.0600868
 -0.125598
 0.00722699
 -0.0188945
 -0.0852392
 0.0642806
 -0.122307
 -0.181865
 -0.136974
 0.0469287
 -0.0360452
 -0.0258872
 -0.167138
 -0.116005
 0.00876062
 -0.0367945
 0.0480581
 -0.00159453
 0.00364554
 -0.0929979
 0.0341806
 -0.208297
 0.105728
 0.0631876
 0.0550457
