 0.362707
 0.880599
 1.10404
 1.53621
 1.71901
 0.386052
 0.641396
 0.691996
 0.43279
 -0.122728
 -1.06932
 -0.774289
 -0.158766
 -0.532637
 0.115037
 0.465712
 0.819179
 1.35302
 0.214692
 0.61164
 0.508789
 0.777399
 1.12032
 0.615477
 0.583482
 0.53877
 0.741014
 0.596454
 1.21508
 0.130917
 -0.271093
 -0.406468
 -0.550126
 0.197107
 -0.330091
 -0.187347
 0.289465
 0.377129
 0.318625
 0.150512
 1.81298
 1.09029
 0.262025
 1.50457
 0.691825
 0.824879
 0.370654
 -0.623532
 -0.675973
 0.513914
 0.50832
 1.38175
 -0.0375242
 -0.11726
 -0.108685
 0.415996
 -0.366612
 -0.65147
 -0.269035
 -1.64078
 -1.54329
 -1.89865
 -2.57439
 -2.66492
 -3.13757
 -3.29006
 -2.93297
 -2.78519
 -1.23678
 -0.73252
 -0.341368
 -0.956398
 -0.608757
 -0.685533
 -0.994764
 -1.17708
 1.39502
 0.789278
 0.43175
 1.72038
 0.708911
 -0.236287
 0.467099
 0.379905
 -0.962386
 -0.97046
 -0.514151
 0.628507
 0.190524
 0.0252189
 1.11729
 1.08349
 1.13473
 0.400979
 0.207345
 0.418007
 1.37584
 0.495507
 0.511439
 0.749776
 0.719052
 1.49048
 1.62674
 1.30876
 0.651004
 1.08256
 1.05151
 0.252503
 0.267108
 0.530795
 0.322712
 -0.234778
 -0.367875
 -0.315155
 -0.236327
 -0.488142
 -0.786661
 0.170865
 -0.562556
 -0.111556
 -0.895206
 -0.187928
 0.100071
 -0.338448
 -0.313232
 -0.494394
 -1.32829
 0.304377
 1.50334
 1.57543
 1.78581
 0.981753
 0.95576
 0.425088
 0.398553
 0.0229535
 -0.653564
 -0.341018
 -1.04748
 -0.583515
 0.82164
 -0.0746376
 0.515711
 0.836045
 1.02734
 0.465152
 1.07077
 1.5259
 0.966888
 -0.271366
 0.450242
 -0.165058
 -0.904921
 0.718396
 0.407629
 0.449246
 -0.296092
 -0.528628
 0.33249
 0.840366
 0.639021
 0.597241
 0.154243
 -0.357239
 -0.932568
 -0.469768
 -0.854315
 -0.610628
 -0.221667
 1.20758
 0.585584
 0.250957
 0.194877
 0.532626
 0.261471
 1.05588
 0.155147
 -0.587451
 -0.604466
 -0.658277
 -0.976943
 -0.762359
 -1.36639
 -1.80402
 -1.09938
 0.172059
 0.720284
 0.941405
 0.529568
 1.92442
 1.00481
 -0.0245629
 0.0635451
 -1.32326
 -1.21373
 -1.31508
 -1.31997
 -0.574808
 0.0343919
 0.150008
 0.182977
 -0.843478
 -0.583436
 -0.72268
 0.950488
 1.98503
 1.67982
 2.33214
 2.71277
 1.83566
 2.48274
 1.52442
 -0.578228
 1.0156
 0.713148
 0.680774
 1.33021
 0.807491
 0.90098
 0.33189
 -0.170808
 0.164027
 0.0736945
 0.306488
 0.320771
 0.381209
 0.46672
 0.0475324
 1.40845
 1.26234
 1.00255
 -0.248703
 0.47614
 0.76374
 -0.0697032
 -0.096162
 -0.258896
 0.270669
 -0.524886
 0.71395
 0.770328
 0.303642
 0.380038
 -0.000936502
 0.879902
 1.63702
 1.38881
 0.0521467
 0.470847
 1.09033
 0.759367
 0.0372206
 0.376758
 0.821962
 0.441919
 0.165595
 0.515412
 0.546187
 -0.321848
 0.183332
 0.173002
 -1.02101
 -0.956532
 -0.846559
 -1.99417
 -1.29902
 -1.63057
 -2.39769
 -1.42126
 -0.44626
 -0.954847
 -1.22636
 -0.830121
 0.0657799
 0.120239
 -0.252442
 -0.444083
 0.21009
 0.46752
 0.827526
 1.29637
 1.80758
 1.33922
 1.05363
 1.11675
 -0.846065
 -2.04199
 -1.83774
 -1.8338
 -1.5429
 -1.46406
 -1.51089
 -1.65641
 -1.31702
 -0.839021
 -0.555458
 0.0778812
 0.148569
 0.641663
 1.1523
 1.54551
 0.374694
 -0.081073
 -0.224643
 0.491796
 -1.39197
 -1.17496
 -1.19368
 -0.956533
 -0.842025
 -1.13993
 -1.19383
 -1.54171
 -1.63142
 -1.30502
 -1.81664
 -2.0785
 -0.667765
 -0.559211
 -0.589922
 -0.128829
 0.466789
 0.493852
 0.0443661
 0.498898
 0.531527
 0.649471
 0.226328
 0.784806
 1.36063
 2.00582
 0.988201
 0.693724
 0.859946
 -0.348007
 -0.511439
 0.0304318
 0.0705855
 0.362803
 1.71853
 1.69751
 0.31043
 -2.03086
 -2.28926
 -3.08339
 -2.31074
 -2.5069
 -2.34602
 -2.46158
 -1.15665
 -0.285683
 -0.665599
 -0.289584
 -0.195017
 -0.177983
 0.305602
 1.15867
 1.82324
 2.07728
 2.4032
 2.22739
 2.36
 1.89978
 1.66859
 2.09099
 2.14227
 2.02602
 1.4421
 1.0427
 0.301815
 0.303072
 -0.315633
 0.0560573
 0.364964
 -0.0909867
 -0.482564
 0.467714
 -0.312462
 -0.292876
 -0.23632
 -0.0938001
 0.560737
 0.770729
 0.521503
 0.116573
 1.22838
 0.614606
 1.3549
 1.4614
 1.44253
 1.31635
 1.16607
 0.165967
 -0.358276
 -0.952888
 -0.606396
 0.196105
 0.740588
 0.322738
 1.18969
 0.191204
 0.756389
 1.43739
 1.36115
 1.03503
 0.484983
 0.288337
 0.998512
 0.228048
 -0.795599
 -0.957311
 -0.951999
 -0.284901
 -0.297756
 -0.34166
 -0.312832
 -0.532316
 -1.56198
 -1.35851
 -1.32465
 -1.57867
 -1.97274
 -1.06972
 -0.570321
 -1.13561
 -1.1776
 -2.20948
 -1.88316
 -1.4935
 -1.59803
 -2.13636
 -1.65122
 -0.777845
 -0.355737
 0.371836
 -0.439993
 0.505106
 0.180462
 -0.554123
 -0.709523
 -0.760355
 -0.215221
 0.00782128
 0.24024
 0.43285
 0.390809
 0.0462131
 -0.536663
 -0.680711
 -0.415835
 -0.389821
 -0.537063
 -0.42145
 -0.129151
 -0.629868
 -0.5151
 -0.294231
 0.437736
 0.390846
 0.494426
 0.366455
 1.10758
 -0.00797264
 0.085424
 0.460102
 -0.804779
 -1.77614
 -2.03384
 -2.62609
 -2.20451
 -1.9674
 -0.701842
 -0.882633
 -0.64612
 -1.45669
 -0.710034
 -0.643059
 -0.508841
 0.574388
 1.10099
 1.26182
 1.25062
 1.2563
 0.667656
 1.1949
 0.287194
 0.266297
 0.745914
 -1.25904
 -1.59972
 -1.93363
 -1.68739
 -1.06988
 -0.957262
 -0.787902
 0.347023
 0.884021
 0.220362
 0.419363
 0.330759
 -0.0521059
 -0.443007
 -1.29808
 -1.6753
 -1.37384
 -0.373521
 0.168625
 0.294067
 0.1549
 0.700122
 0.757396
 0.133342
 -0.00868883
 -0.039439
 0.344727
 -0.0525668
 1.15779
 0.752655
 0.971076
 0.563513
 0.569022
 0.592791
 -0.262001
 0.0996724
 -0.0571403
 -0.236905
 -0.422628
 -0.029329
 -0.490799
 -1.10641
 0.491891
 0.776195
 0.605545
 0.775346
 0.199881
 0.397631
 0.761512
 1.34701
 0.923799
 1.12562
 2.35422
 1.28803
 2.09419
 1.00705
 -0.307063
 -0.428823
 -1.77282
 -2.50778
 -2.02633
 -0.164247
 0.953571
 1.99163
 2.57174
 1.97877
 1.02674
 -0.0954016
 -0.513766
 -0.265314
 0.519904
 1.74961
 2.18522
 1.615
 2.31536
 1.75913
 1.49451
 1.79585
 0.744999
 0.673541
 0.359405
 -0.329773
 -0.312299
 1.19522
 1.18337
 1.00492
 1.36887
 1.92592
 1.27106
 0.100971
 -0.375818
 -0.339943
 -0.0641154
 0.324846
 0.673178
 0.397313
 1.24101
 1.53255
 2.13973
 1.50461
 1.58244
 0.588
 0.35371
 1.02368
 1.64572
 0.481008
 1.06336
 1.12178
 1.40301
 1.26535
 0.124538
 0.583445
 -0.711379
 -1.48779
 -1.95529
 -1.23182
 -1.49491
 -0.194211
 -0.545219
 -1.09065
 -0.453838
 -0.266454
 -0.529454
 0.754394
 0.724184
 0.888231
 1.14972
 0.566067
 1.20946
 1.27356
 0.515033
 1.75816
 1.3025
 1.33436
 0.948254
 0.534065
 -0.643113
 -0.189195
 -0.988953
 -0.663007
 -1.075
 -1.14504
 -1.05038
 -1.59482
 -1.15232
 -1.49742
 -1.90996
 -1.26517
 -0.313362
 0.404029
 -0.243237
 0.303267
 -0.283599
 0.478397
 -0.361477
 0.0154553
 -0.317082
 -1.29724
 -0.163895
 0.0135508
 -0.579459
 0.00208683
 -0.770644
 -0.366644
 -0.173
 -0.158861
 -0.253077
 -0.183228
 -0.428636
 -0.961895
 -1.14497
 -0.641175
 -1.3248
 -1.17617
 -1.51112
 -1.84529
 -1.38509
 -0.741003
 -0.8848
 -0.375283
 -0.079464
 -0.485065
 -0.579804
 -0.930136
 -0.597632
 -0.919466
 0.947174
 -0.00540638
 0.0600672
 0.513344
 0.168091
 0.397183
 0.23185
 0.73069
 0.11602
 0.0930383
 0.00072693
 1.158
 0.911409
 0.370932
 0.0845704
 0.390405
 -0.185755
 0.133029
 -0.396053
 -1.46358
 -1.24173
 -0.141002
 -0.837246
 -0.898271
 -0.319696
 -0.826115
 -1.28206
 -0.22788
 -0.320584
 0.162696
 0.269297
 -0.0150686
 -0.0195102
 -0.116896
 -0.271261
 -0.199015
 -0.280412
 -0.813832
 -1.28858
 -1.1301
 -0.298509
 0.264334
 0.212112
 -0.580675
 -1.11755
 -2.02834
 -2.15731
 -2.37728
 -0.561786
 -1.09138
 -0.727322
 0.105712
 -0.456395
 -0.524215
 -0.0695702
 0.199127
 -0.00208667
 0.557959
 1.91903
 1.59973
 1.00716
 -0.0464705
 0.0568475
 -0.242591
 0.505137
 -1.01359
 -1.03006
 -2.26889
 -2.0246
 -2.40855
 -1.65605
 -2.14142
 -1.28204
 -1.07993
 -1.10377
 -1.07823
 0.149421
 -0.126829
 -0.952379
 -0.400457
 -0.570804
 -0.383091
 0.930955
 0.823077
 0.143422
 0.4596
 1.57128
 1.00284
 1.23978
 2.4101
 2.29896
 2.41699
 1.62675
 1.6726
 0.959399
 0.67005
 0.597913
 -0.853104
 -0.347627
 -0.606949
 -0.487808
 -2.05
 -1.5031
 -1.18857
 -1.17477
 -0.874565
 -0.587019
 -0.565731
 -0.340169
 -0.41836
 0.410416
 -0.0819532
 -1.68088
 -0.790097
 -0.419811
 -0.706168
 -0.224284
 -1.02564
 -1.01673
 -0.942729
 -0.75375
 -1.40528
 -0.670687
 -0.0708512
 -0.586571
 -1.37377
 0.232757
 -0.921669
 -0.338576
 -0.141303
 -2.06104
 -1.38984
 -1.44695
 -0.298611
 -0.58044
 -1.57944
 -1.28645
 -0.654259
 -0.0244246
 -0.202122
 0.0380855
 -0.277625
 -0.00586473
 -0.241171
 -0.505831
 0.403194
 0.644157
 0.0952931
 -0.0545755
 -0.823481
 -0.277868
 -0.472226
 -0.963256
 0.880973
 0.929101
 1.03135
 -0.152689
 -0.0687109
 0.132164
 0.828721
 1.07287
 1.01218
 1.01379
 0.874835
 -0.296959
 -0.0216741
 0.720426
 -0.0790258
 1.35733
 0.13165
 0.549925
 0.0581704
 -0.148116
 -0.204607
 -0.345561
 -1.1181
 0.392088
 0.634516
 0.83712
 0.745062
 1.93608
 1.88359
 0.876079
 1.53275
 0.641965
 0.803404
 -0.771988
 -1.19003
 -0.730153
 0.629821
 0.207707
 0.362065
 0.297192
 0.805305
 0.113816
 1.10637
 0.661114
 0.606268
 -0.681194
 0.0688871
 0.0806399
 -0.390588
 0.00163734
 -0.268536
 -0.199054
 -0.173832
 -0.27424
 0.209312
 0.133355
 -0.136598
 0.131303
 -0.536668
 -0.379237
 -0.0115102
 -0.411889
 -1.48729
 -1.53426
 -0.0430655
 0.210244
 1.11239
 0.572155
 -0.405855
 -0.645974
 -0.806866
 -0.488213
 -1.17898
 -0.85426
 0.500924
 -0.372302
 -0.209517
 -0.958706
 0.748063
 0.415522
 1.34428
 -0.11835
 0.0986214
 0.0678439
 0.845265
 0.319657
 -0.133911
 -0.73508
 0.176813
 -0.709033
 -1.01493
 -1.76442
 -1.639
 -1.32852
 -0.668165
 -0.304009
 -0.835896
 -0.0530796
 -0.638098
 -0.724958
 -0.455822
 -1.55913
 -1.93342
 -1.04127
 -1.05219
 -0.339292
 -0.567009
 -0.946843
 -0.64031
 -0.618609
 -0.00604393
 -1.45278
 -0.772479
 -0.902208
 -0.773627
 -1.35655
 -1.45803
 -0.882766
 -0.541595
 0.357725
 -0.00967684
 -0.886581
 0.112345
 0.665958
 0.098787
 -0.201717
 1.04284
 1.34837
 0.54945
 0.715453
 0.360524
 0.559428
 0.0135946
 0.231722
 0.434846
 0.852494
 1.51674
 1.68459
 1.50328
 0.62167
 0.37185
 0.332795
 0.882904
 0.318045
 0.324033
 -0.113775
 -0.809529
 -1.31232
 -1.11098
 -2.32436
 -1.05222
 -1.42533
 -1.45558
 -1.62293
 -0.799081
 -0.580929
 0.363306
 0.528547
 0.175215
 -0.378324
 1.96892
 2.10858
 1.39727
 1.03455
 0.988937
 1.71148
 0.988995
 1.35797
 1.68393
 1.82503
 2.14661
 1.7251
 1.56596
 1.43777
