 -0.246076
 -0.113778
 0.0112677
 0.153518
 0.272606
 -0.105415
 -0.139689
 -0.131371
 -0.274086
 -0.438057
 -0.403089
 -0.278135
 -0.505536
 -0.297995
 -0.507214
 -0.420641
 -0.244493
 -0.0257075
 -0.324925
 -0.25933
 -0.278004
 -0.179141
 -0.0331516
 -0.116774
 -0.182224
 -0.238225
 -0.165651
 -0.186561
 -0.00119259
 -0.330314
 -0.487288
 -0.413885
 -0.207513
 -0.424133
 -0.539752
 -0.718839
 -0.627999
 -0.531917
 -0.516168
 -0.594267
 -0.192048
 -0.0539225
 -0.311293
 -0.0491217
 -0.0874002
 -0.052602
 -0.266971
 -0.147249
 -0.0386757
 -0.178199
 -0.251741
 -0.0149061
 -0.207656
 -0.124451
 -0.221765
 -0.313988
 -0.207078
 -0.0566115
 0.169981
 -0.0514269
 -0.156129
 -0.301468
 -0.454238
 -0.576356
 -0.673934
 -0.735818
 -0.758603
 -0.751416
 -0.66789
 -0.533505
 -0.702451
 -0.576669
 -0.366793
 -0.260372
 -0.218055
 -0.219946
 0.000474728
 -0.0219636
 -0.228814
 0.0286468
 -0.051068
 -0.0739398
 -0.208319
 -0.317159
 -0.33412
 -0.252453
 -0.203779
 -0.190972
 -0.416908
 -0.613161
 -0.288119
 -0.114822
 0.0147085
 -0.230105
 -0.427423
 -0.405022
 -0.127483
 -0.215099
 -0.256974
 -0.174115
 -0.137374
 0.0619951
 0.191004
 0.228393
 -0.0153024
 0.0665193
 0.100191
 -0.244137
 -0.396569
 -0.341718
 -0.421237
 -0.629761
 -0.73575
 -0.872908
 -0.960369
 -1.05998
 -0.955059
 -0.810958
 -0.75359
 -0.859418
 -0.744255
 -0.879894
 -0.804117
 -0.964186
 -1.06195
 -1.17237
 -1.00292
 -0.788752
 -0.364184
 -0.0731978
 0.113464
 0.101646
 0.0882442
 -0.183191
 -0.311285
 -0.556249
 -0.331218
 -0.379168
 -0.367788
 -0.164422
 -0.0982466
 -0.253224
 -0.29073
 -0.168084
 -0.0453322
 -0.220009
 -0.0628182
 0.10637
 0.0917361
 0.189783
 -0.101135
 -0.055536
 0.0132022
 -0.0482966
 -0.238491
 -0.308016
 -0.353161
 -0.137865
 -0.309288
 -0.172547
 -0.173526
 -0.191172
 -0.435156
 -0.328333
 -0.286086
 -0.273761
 -0.200465
 -0.117673
 -0.103282
 0.050974
 -0.106794
 -0.346791
 -0.494661
 -0.392749
 -0.471921
 -0.220475
 -0.450299
 -0.233809
 -0.0989566
 0.0669825
 0.0686909
 0.129165
 0.0214655
 -0.159576
 -0.0928494
 -0.37891
 -0.247714
 -0.0963663
 -0.202344
 0.0790202
 0.0920863
 0.0780871
 -0.216784
 -0.236324
 -0.216043
 -0.239936
 -0.230924
 -0.160086
 -0.421382
 -0.551656
 -0.592637
 -0.420548
 -0.324638
 -0.205477
 -0.0751071
 0.150183
 0.266716
 0.374769
 0.446035
 0.43916
 0.472317
 0.409205
 0.435758
 0.243192
 0.0374608
 -0.0489031
 0.0982888
 0.0310038
 0.0324076
 -0.245643
 -0.263032
 -0.461463
 -0.608806
 -0.558621
 -0.52299
 -0.473446
 -0.411295
 -0.595277
 -0.230994
 -0.0485822
 0.0276858
 0.265593
 -0.0797532
 -0.0720729
 -0.195577
 -0.418098
 -0.402611
 -0.46998
 -0.337992
 -0.22797
 -0.149239
 -0.345606
 -0.387497
 -0.616591
 -0.315958
 -0.00830125
 0.129162
 -0.0897728
 -0.225117
 -0.0477969
 -0.0694922
 -0.316872
 -0.37239
 -0.21912
 -0.294255
 -0.482189
 -0.383709
 -0.320112
 -0.131927
 -0.391717
 -0.524854
 -0.418637
 -0.257918
 -0.128175
 -0.314291
 -0.363597
 -0.415455
 -0.533977
 -0.48075
 -0.384318
 -0.28766
 -0.235266
 -0.171548
 -0.46262
 -0.588158
 -0.752246
 -0.693778
 -0.649487
 -0.525592
 -0.33358
 -0.0972137
 0.125314
 0.198727
 0.163005
 0.167078
 0.184424
 -0.0743969
 -0.236727
 -0.345464
 -0.36609
 -0.345313
 -0.396954
 -0.445776
 -0.415666
 -0.301625
 -0.170532
 -0.441002
 -0.556563
 -0.416078
 -0.187756
 0.0407539
 -0.225797
 -0.462136
 -0.567107
 -0.446242
 -0.451267
 -0.410351
 -0.305354
 -0.169209
 -0.112803
 -0.132491
 -0.122075
 -0.199322
 -0.272186
 -0.246974
 -0.331996
 -0.423791
 -0.230268
 -0.129105
 0.00670878
 -0.122616
 -0.239051
 -0.276265
 -0.40733
 -0.353805
 -0.310811
 -0.241532
 -0.419987
 -0.277404
 -0.0461785
 0.178488
 0.129682
 -0.0265878
 -0.00912975
 0.0992212
 0.187973
 0.148422
 -0.0263436
 -0.255148
 0.0375746
 0.196113
 -0.166397
 -0.354251
 -0.480991
 -0.626816
 -0.661971
 -0.68721
 -0.698578
 -0.711542
 -0.626355
 -0.775851
 -0.644096
 -0.832923
 -0.941499
 -0.985527
 -0.794169
 -0.433222
 -0.0910202
 0.150513
 0.311018
 0.390102
 0.444663
 0.432464
 0.412076
 0.442082
 0.458269
 0.462746
 0.384573
 0.233436
 -0.0898162
 -0.31525
 -0.275753
 -0.525042
 -0.484121
 -0.705166
 -0.714514
 -0.572258
 -0.664142
 -0.889719
 -0.988465
 -0.965689
 -0.689549
 -0.471215
 -0.393581
 -0.554974
 -0.271849
 -0.240036
 -0.0177055
 0.141799
 0.212385
 0.240768
 0.218109
 -0.0411865
 0.175867
 0.164398
 0.295475
 0.122037
 0.00169963
 -0.255595
 -0.0698199
 -0.328056
 -0.213981
 -0.0113077
 0.127188
 0.12264
 -0.14726
 -0.34503
 -0.141197
 -0.370418
 -0.244737
 -0.198118
 -0.107547
 -0.180631
 -0.0935922
 -0.0334005
 0.142183
 0.297844
 0.117183
 0.0500408
 -0.00653523
 -0.142286
 -0.297404
 -0.212875
 -0.134692
 -0.154901
 -0.187615
 -0.371492
 -0.457552
 -0.445776
 -0.430034
 -0.484615
 -0.470046
 -0.348322
 -0.170396
 -0.310135
 -0.114668
 -0.204478
 -0.4111
 -0.27855
 -0.16118
 -0.108718
 0.0413832
 -0.0300139
 -0.289718
 -0.330638
 -0.378119
 -0.585256
 -0.437447
 -0.328636
 -0.125932
 0.0490747
 0.136597
 0.285592
 0.495036
 0.462273
 0.518024
 0.660832
 0.274005
 -0.101133
 -0.203221
 -0.321239
 -0.112197
 -0.381773
 -0.567192
 -0.455139
 -0.406506
 -0.432122
 -0.500319
 -0.59458
 -0.612482
 -0.574377
 -0.474062
 -0.341018
 -0.17586
 -0.245047
 -0.124428
 -0.0236288
 0.109742
 -0.0944516
 0.0306892
 0.126474
 0.168105
 0.201803
 0.0211
 0.113468
 -0.223267
 -0.391232
 -0.263087
 -0.285946
 -0.356568
 -0.459483
 -0.466181
 -0.364806
 -0.265019
 -0.129056
 -0.311231
 -0.172667
 -0.395542
 -0.388931
 -0.431534
 -0.664271
 -0.768504
 -0.654243
 -0.600064
 -0.489161
 -0.41843
 -0.540405
 -0.528138
 -0.597645
 -0.393723
 -0.259049
 -0.479577
 -0.6613
 -0.772578
 -0.642379
 -0.772314
 -0.387584
 -0.242054
 -0.111506
 -0.183378
 -0.208277
 -0.210947
 -0.260746
 -0.471793
 -0.665425
 -0.836071
 -0.867454
 -0.867072
 -1.01776
 -0.868687
 -0.630844
 -0.386396
 -0.313306
 -0.204124
 -0.420043
 -0.410768
 -0.243582
 -0.0249136
 0.00163637
 0.0890761
 0.269983
 0.261695
 0.35624
 0.212637
 0.340541
 0.44285
 0.200979
 -0.124452
 -0.291775
 -0.345542
 -0.171241
 0.106819
 0.294874
 0.37278
 0.225093
 0.448383
 0.485428
 0.636399
 0.2304
 0.309827
 0.394586
 0.385662
 0.429427
 0.422042
 0.377808
 0.398362
 0.0901046
 -0.0253232
 -0.260346
 -0.184692
 -0.298958
 -0.0915906
 0.0323215
 0.0692789
 0.166862
 0.283144
 0.260369
 0.0115532
 0.101226
 0.306701
 0.44571
 0.0134052
 -0.0667087
 -0.253024
 -0.0235197
 0.147088
 0.297214
 0.316761
 0.337429
 0.0253955
 -0.239684
 -0.0797318
 0.125733
 -0.13297
 -0.000160416
 0.078973
 0.170696
 0.200201
 0.0212152
 -0.102286
 -0.0181774
 -0.109595
 -0.271528
 -0.265422
 -0.327771
 -0.473636
 -0.330693
 -0.257877
 -0.0681973
 0.0477707
 0.176027
 0.035355
 -0.0392213
 -0.00519389
 0.0905761
 -0.0765252
 0.064985
 0.151388
 -0.0908696
 0.123531
 0.192266
 0.233992
 0.147124
 -0.101334
 0.0160809
 -0.0211735
 -0.0420935
 0.125513
 0.0995308
 0.0749738
 0.0609148
 -0.105247
 -0.114221
 -0.20601
 -0.30194
 -0.273878
 -0.47485
 -0.435287
 -0.622124
 -0.566971
 -0.822184
 -0.624016
 -0.532511
 -0.677748
 -0.797635
 -0.606132
 -0.797535
 -0.809417
 -0.735276
 -0.784821
 -0.737409
 -0.904319
 -0.965634
 -0.988514
 -1.0504
 -1.04449
 -1.13911
 -0.957014
 -0.817986
 -0.645519
 -0.60798
 -0.548679
 -0.514927
 -0.509727
 -0.460478
 -0.35002
 -0.282947
 -0.190782
 -0.100111
 0.065721
 0.243481
 0.20827
 0.302496
 0.253919
 0.154776
 0.0744753
 -0.104076
 -0.195253
 -0.424355
 -0.427456
 -0.506629
 -0.320466
 -0.520753
 -0.631865
 -0.737654
 -0.411597
 -0.203557
 -0.325883
 -0.537226
 -0.477821
 -0.678003
 -0.684067
 -0.805339
 -0.710756
 -0.581822
 -0.735471
 -0.582004
 -0.454772
 -0.528349
 -0.404876
 -0.363587
 -0.407013
 -0.342757
 -0.502912
 -0.523935
 -0.692118
 -0.775883
 -0.872107
 -0.999623
 -1.0197
 -1.07356
 -0.84106
 -0.723787
 -0.631676
 -0.795823
 -0.673326
 -0.642337
 -0.476825
 -0.37831
 -0.447978
 -0.516425
 -0.594406
 -0.513507
 -0.42542
 -0.279755
 -0.44664
 -0.332626
 -0.13527
 -0.312594
 -0.47565
 -0.661503
 -0.494451
 -0.103026
 0.0857905
 0.0967081
 0.020883
 -0.2721
 -0.0838395
 -0.203149
 -0.124803
 -0.125666
 -0.309614
 -0.395084
 -0.512183
 -0.460143
 -0.556875
 -0.483276
 -0.390869
 -0.339053
 -0.298376
 -0.492728
 -0.658429
 -0.540115
 -0.660583
 -0.612776
 -0.775401
 -0.458486
 -0.27426
 -0.481717
 -0.430127
 -0.124715
 -0.0267244
 0.0861461
 0.276208
 0.365686
 0.434039
 0.404276
 0.397515
 0.215423
 -0.0174509
 -0.123659
 -0.0535179
 0.186172
 0.241671
 0.351432
 0.0471136
 -0.112359
 -0.154891
 -0.136496
 -0.0291596
 0.0626084
 0.187413
 0.40064
 0.517247
 0.0688019
 0.123039
 -0.0750807
 0.0195637
 0.0515198
 0.109929
 0.211754
 0.159467
 0.104538
 0.131605
 0.20107
 0.0986092
 0.163276
 0.256219
 0.327841
 0.141737
 -0.205648
 -0.0920659
 0.0972017
 0.299796
 -0.0203065
 -0.101727
 -0.20003
 -0.0922719
 0.0549028
 -0.118135
 -0.130276
 -0.00761809
 -0.282679
 -0.26568
 -0.514572
 -0.700274
 -0.774515
 -0.936504
 -1.12619
 -0.862955
 -0.604284
 -0.669531
 -0.767935
 -0.615682
 -0.740057
 -0.864329
 -0.685637
 -0.406692
 -0.223156
 -0.0744915
 -0.235933
 -0.449201
 -0.574191
 -0.373262
 -0.148312
 -0.0228568
 0.0444357
 0.0282214
 0.126013
 0.375511
 0.0632832
 0.335605
 0.31105
 0.065263
 -0.131043
 -0.445831
 -0.682352
 -0.828351
 -1.01034
 -0.848973
 -0.667959
 -0.445841
 -0.251784
 -0.172174
 0.109122
 0.258313
 0.120752
 0.233364
 -0.0290323
 -0.031991
 0.0484668
 -0.0118739
 0.0774727
 -0.0603265
 -0.338715
 -0.38883
 -0.457787
 -0.26606
 -0.492228
 -0.213926
 -0.182241
 -0.191406
 -0.057621
 -0.27162
 -0.488386
 -0.441186
 -0.633958
 -0.865612
 -0.961631
 -0.993234
 -1.06239
 -0.857408
 -0.777001
 -0.883998
 -0.794189
 -0.780908
 -0.94863
 -0.898485
 -0.974589
 -0.79954
 -0.710194
 -0.799158
 -0.70934
 -0.359982
 -0.296775
 -0.0911981
 0.0656245
 0.0984891
 0.290612
 0.190698
 0.198809
 -0.0884467
 0.145495
 0.340518
 0.293866
 0.0723825
 -0.177509
 0.0187627
 -0.112534
 -0.218478
 -0.403242
 -0.213634
 -0.364696
 -0.636851
 -0.560133
 -0.602349
 -0.488443
 -0.447963
 -0.476129
 -0.471192
 -0.449799
 -0.265271
 -0.251033
 -0.127149
 -0.342659
 -0.23256
 -0.137227
 0.0368398
 -0.098144
 -0.261458
 -0.204773
 -0.176652
 -0.0291482
 0.126027
 0.123525
 0.217313
 0.265612
 0.401258
 0.237112
 0.261104
 0.218751
 0.257086
 0.128767
 0.00266592
 0.0658457
 0.165584
 -0.163241
 -0.370257
 -0.275459
 -0.494372
 -0.32996
 -0.531358
 -0.732909
 -0.415586
 -0.127854
 -0.189373
 -0.147284
 -0.304378
 -0.272921
 -0.512597
 -0.54602
 -0.461902
 -0.266435
 -0.00627107
 0.1764
 0.256204
 -0.00296644
 -0.249242
 -0.367487
 -0.183745
 -0.342202
 -0.414178
 -0.624095
 -0.438163
 -0.416963
 -0.328412
 -0.487624
 -0.438719
 -0.424897
 -0.401845
 -0.415974
 -0.251398
 -0.194504
 -0.347838
 -0.312084
 -0.482177
 -0.609504
 -0.203946
 0.086276
 0.187029
 0.143164
 0.118949
 0.247387
 0.141512
 0.206819
 0.292945
 0.348383
 0.410436
 0.408246
 0.384703
 0.35119
