-0.0389309
0.192566
0.00125739
-0.0156938
-0.0774603
-0.205964
-0.0433648
-0.122806
-0.137744
0.0676097
-0.0207447
0.0560345
-0.0993689
0.10381
0.0562773
-0.00360716
0.0539277
-0.0112759
0.157352
-0.0535224
-0.0520366
0.127997
0.0943265
-0.101252
0.032317
0.132727
0.0383487
0.0932078
0.221718
-0.0968094
0.167167
0.0282771
0.0641425
0.0211796
-0.0566029
-0.0520675
-0.0465282
0.0798918
0.0101477
-0.105834
-0.167841
-0.00433142
-0.0789177
-0.0103573
-0.0130569
-0.0715646
-0.143321
-0.0360376
-0.146869
0.0361453
-0.196926
0.0620791
0.0315926
0.134473
-0.0602894
0.125116
0.0145572
-0.243362
0.00668121
0.00970881
-0.288526
0.0727789
0.0128614
0.0903218
0.0945436
0.0551074
0.111269
0.0628903
-0.0269927
0.00188363
0.00028987
0.0161973
0.0349556
0.0488483
-0.135411
0.0451922
-0.0834125
-0.00104842
-0.11937
0.0387802
0.0205358
-0.203415
-0.0374515
-0.0913695
-0.199741
-0.232096
0.0638249
-0.0934703
0.0222136
0.0552462
0.0208115
0.0615706
-0.00895435
0.095361
0.0381501
-0.0792615
0.0709925
0.0123063
0.159253
0.0731641
0.0613728
-0.180863
0.092089
-0.11406
0.165408
-0.107071
-0.0902455
-0.0623801
0.000927171
0.0425719
-0.16539
-0.0220915
-0.00620409
-0.0453866
0.0279798
0.0395305
0.0149884
-0.132182
-0.0227041
0.0546575
0.0617212
0.00897506
-0.000520911
-0.040941
0.0868708
-0.114883
-0.287305
0.198104
0.172784
0.0839409
-0.14038
-0.148051
0.0641055
-0.150805
0.0212661
-0.0785972
-0.0598032
-0.0311279
-0.0566094
-0.0203134
-0.0099629
0.00466781
-0.0473808
-0.0619519
0.0224239
0.0372536
0.102964
0.0610872
0.11407
2.06249e-05
0.00684561
0.0233939
-0.0161316
-0.0547539
-0.0122031
0.0596707
-0.0290105
0.0290313
-0.128345
-0.0547315
-0.1624
-0.0745507
0.224188
-0.0156824
0.044504
0.0310626
0.0270462
0.0443811
-0.103074
-0.0787738
-0.206709
0.0898773
-0.0634915
-0.000654858
0.00820593
0.0879612
0.127856
0.104561
-0.135683
-0.0396465
0.113056
0.0426279
0.051625
-0.159845
-0.0558169
-0.00331524
-0.04669
-0.0117066
0.0652044
0.048344
0.126493
0.0898544
0.105637
0.14403
-0.0893545
0.0137064
-0.0429841
-0.121462
-0.137847
0.0975478
-0.0883529
-0.0263897
-0.181572
0.0302197
0.0999643
0.282549
-0.0643425
-0.0654282
0.142255
0.0772567
0.00976681
-0.0832953
0.0784746
-0.0467702
-0.169034
-0.0141638
-0.019857
-0.0137139
0.116719
-0.060043
0.0884907
-0.0274065
-0.00354928
-0.0119265
-0.0435337
0.0400803
-0.0100548
0.05097
-0.130457
-0.073183
0.0674049
-0.015907
0.0688337
0.0472532
0.0460244
-0.0997555
0.0688172
-0.0518064
-0.121556
-0.100572
0.0134047
-0.0285603
-0.0527957
-0.0579226
-0.111174
-0.0795141
0.0543277
0.187994
0.0472711
0.0307435
0.0445376
0.0685372
0.0526503
-0.0820219
0.0392918
-0.0839383
-0.214781
0.00467297
0.098799
-0.0522186
0.0754722
-0.0160251
0.0434
-0.102634
0.00287997
-0.0221447
-0.145024
0.00891751
-0.105497
-0.145626
-0.032481
-0.104298
0.0254732
0.0541618
0.0633162
0.0211034
-0.00511107
0.247453
0.127652
-0.0398815
-0.11871
-0.00122659
0.0588091
0.0287401
0.136281
0.0407155
-0.139718
-0.137383
-0.0208995
-0.0991634
0.0830906
0.105273
-0.0856507
-0.113872
0.0281043
-0.168543
0.137369
-0.0723416
-0.201045
-0.0523726
-0.0741111
-0.102167
-0.0391799
-0.211492
0.253619
0.0138855
0.0622257
0.0313047
-0.113192
-0.186169
-0.110853
0.00956918
-0.162358
-0.141394
-0.125696
-0.0119594
-0.111739
-0.0185768
-0.0849025
-0.0971617
0.0894948
0.118367
-0.064984
-0.00457625
-0.137691
-0.126126
-0.0804631
-0.058695
0.0613303
0.10435
-0.0902917
-0.0347668
0.0611642
-0.0578723
0.126241
-0.0802325
-0.0253383
0.0054783
-0.0305811
0.155357
0.0824827
0.223131
0.0320288
0.055804
-0.143767
-0.11825
-0.0155041
-0.068244
-0.146252
0.0446123
-0.136431
-0.0532584
-0.199453
-0.15802
0.00487714
-0.110195
-0.109714
0.101859
0.202062
0.168327
0.0342245
0.0805208
-0.139462
-0.0755343
0.0127236
-0.00955881
-0.0972283
0.0352015
-0.132128
0.085368
0.0236152
-0.131136
-0.034123
0.173963
0.0702379
0.0211534
-0.0728531
-0.0721851
0.269111
0.00790643
-0.161446
-0.141202
0.046196
-0.0362826
-0.0802968
0.00888407
-0.0251766
0.130892
-0.0524132
0.0129526
0.0523616
-0.0496916
-0.189561
0.0181153
-0.211629
-0.114943
0.0251379
-0.00879981
0.0372248
-0.110419
0.0267491
-0.127647
0.0585257
-0.210052
0.0030663
-0.0616674
0.111261
0.000171174
-0.091522
0.304464
-0.0296424
0.0803381
-0.0945916
-0.0655825
-0.071889
0.0115383
-0.0419774
-0.0167827
0.0815782
0.060586
-0.0617616
0.0298548
0.0413161
0.00635172
0.0449999
0.0973634
-0.00420164
-0.0449535
-0.0569694
-0.0321689
0.0644556
-0.0754511
-0.0362207
0.0755815
-0.186903
-0.0679484
0.198301
0.0878645
-0.0609574
0.182912
-0.0408066
-0.112251
0.19692
0.0714932
0.160875
-0.0173505
-0.12718
-0.186066
0.120233
0.0683675
0.0921164
-0.203257
0.0674774
-0.0157865
-0.0743812
0.059548
0.153783
0.0108369
-0.0403188
0.0619867
-0.0758278
0.0612754
0.136455
0.0798141
-0.0313054
0.0705524
0.0911616
-0.00116975
-0.0287598
-0.00933222
-0.147966
0.0456671
0.0515804
0.127755
0.0716202
-0.142413
0.153346
-0.188551
-0.100949
0.0496164
0.11038
-0.026682
-0.0301388
0.20313
0.0181106
0.000329712
0.0436225
-0.116998
-0.0357171
-0.0433687
-0.0963692
0.108225
0.0286796
0.114572
-0.00598622
-0.00964728
-0.069152
-0.094163
-0.052572
-0.0416917
0.0298181
0.136432
0.0322102
0.229273
-0.00883069
-0.144545
-0.133286
-0.135757
0.0117641
0.0910076
-0.0185548
-0.0815106
-0.0479185
0.071032
-0.127496
-0.00497492
0.0794965
-0.0758157
0.130825
-0.106049
-0.109969
0.0567333
0.000334176
-0.166146
0.0955104
0.126696
-0.181703
-0.092017
0.00594119
-0.0064835
-0.0813882
-0.0666947
-0.0456324
-0.0840699
0.102579
0.0369773
-0.0385826
0.0971509
0.000408429
0.0611632
-0.0695492
-0.0175764
-0.205446
-0.0718321
0.134001
-0.0333651
-0.108221
0.0280508
0.180612
0.00972278
-0.00375937
0.0883062
-0.0101257
-0.0866278
-0.0898971
-0.220037
-0.0583935
-0.0510341
0.028914
-0.177381
-0.0498365
0.14298
0.10782
0.0318597
-0.11807
0.156396
-0.044831
-0.118516
0.0565083
0.011398
0.125051
-0.0530931
0.0160252
-0.104838
0.0370885
-0.0614552
0.0994273
0.00570174
0.0210805
-0.093742
0.0223643
-0.039888
0.0263161
-0.205896
-0.00804067
0.257159
0.0956102
0.0897647
0.142495
0.0761121
0.0749195
-0.0214213
0.0930685
-0.0960168
-0.0215608
-0.0765813
-0.124054
-0.0527585
0.028
0.17426
-0.125694
0.11504
0.0369165
0.0142144
-0.0464371
-0.0255667
0.0422375
0.0494647
-0.056703
-0.013971
-0.0909558
-0.0336663
-0.0251703
0.0991709
-0.0838724
0.111073
0.0538216
0.171085
0.12775
-0.171795
0.0748926
-0.00203264
0.00488221
-0.0568595
-0.0358189
0.00755219
0.0838031
-0.190977
0.090837
-0.0171543
0.0159707
-0.145458
-0.0546521
0.106211
0.0610896
-0.050015
0.0463276
0.128952
0.171465
-0.0580291
0.142017
-0.140647
-0.0790181
-0.0172427
0.0997833
0.0638554
-0.0371586
-0.0117115
0.171133
0.14577
-0.12764
-0.0510017
-0.088384
-0.0306891
-0.0928018
-0.142834
-0.053445
-0.00388264
-0.00219203
0.0110239
-0.077752
-0.0177395
0.0254248
-0.00665609
-0.12783
0.118212
-0.0714749
0.13497
0.05364
0.0226504
-0.196361
0.0186024
-0.0110724
-0.246123
0.116145
-0.075201
0.0154312
0.0224611
0.0804189
0.159701
-0.0171531
0.0380261
-0.0595734
-0.139855
0.0487825
0.0753574
0.0946069
-0.0436278
-0.0434175
0.00892071
-0.0285446
0.00737023
-0.17742
-0.0831245
-0.0192434
0.0240481
-0.00382115
-0.139681
0.0149999
-0.137987
0.136368
-0.0139091
0.0397574
0.0705042
0.116338
0.165118
-0.0604048
0.138629
0.0173739
0.0345905
-0.0436971
0.000403725
-0.0363358
-0.0970302
-0.0573113
-0.0122156
-0.101555
-0.0338772
-0.0830848
0.012283
-0.10565
0.0292959
-0.041814
0.0331793
-0.255742
-0.0118658
0.129083
-0.0914395
-0.0610643
0.222941
0.0262054
0.062576
0.133418
0.0444887
0.0644041
0.132446
-0.0291772
0.0337606
-0.158062
-0.00812738
0.0206866
-0.0188392
-0.00357019
-0.0559324
0.132108
0.0328307
-0.0640114
-0.10837
0.0702306
-0.133554
-0.0698256
-0.127492
0.10027
0.0857099
-0.0199068
0.0198255
-0.0959404
0.0153732
0.0638202
0.0202263
0.00166355
-0.0296361
-0.189129
-0.0972119
-0.0493088
0.105463
0.0605194
0.0531953
0.104544
0.0323161
-0.131094
0.151675
-0.0937631
0.0307917
-0.0948864
0.128871
-0.0342473
0.089557
-0.0498109
-0.117396
-0.0453511
0.0160644
-0.198202
0.171686
0.0662151
0.167602
0.0243399
-0.159878
0.0370056
0.16011
-0.0262966
0.142271
-0.260029
0.258502
-0.0439089
-0.15196
0.0226298
-0.129138
0.0210734
0.104398
0.109325
-0.026562
0.0873858
0.0879804
0.0878109
0.0635067
0.12674
0.0982159
-0.00283266
0.020471
0.0567258
0.167674
-0.0375134
0.0659204
-0.0210673
-0.0322053
0.101377
-0.0365323
-0.115396
-0.0278476
0.173804
0.105145
-0.00315388
0.0813521
0.0333633
-0.0311179
-0.0291098
-0.157301
0.0767085
-0.057346
-0.0546073
-0.0447328
0.0763783
-0.0671752
-0.0646466
-0.00515864
0.0233171
0.00138392
0.0348307
-0.103672
-0.0841811
-0.00271012
0.119267
-0.0576747
-0.0831932
-0.08866
0.0584294
-0.0112325
0.0928173
0.0644438
0.026018
-0.0994199
-0.158098
-0.0209162
0.0367166
0.0808053
0.0510923
0.0171459
-0.0480968
0.0768965
0.0913892
0.0471701
-0.0234692
0.00680619
0.126166
-0.105514
-0.114303
-0.0478325
-0.0796936
-0.0524336
0.124049
-0.163473
0.0121628
0.102718
0.209085
0.0992865
-0.0695693
0.144759
-0.025717
0.219681
0.0979072
0.147975
-0.113555
-0.203264
0.00149827
-0.163265
-0.0256494
0.00408414
0.0485458
-0.0231071
-0.0103519
-0.0196302
-0.180931
0.132717
0.268293
0.0208635
0.0606182
-0.213126
0.0603955
-0.0394498
0.0935866
0.111341
0.23718
-0.189722
-0.0891675
-0.00695805
-0.0881502
-0.0108487
0.0555665
-0.068032
-0.0926507
0.147438
0.180265
-0.078632
-0.00257517
-0.005017
0.0557317
0.0162773
0.0813398
-0.0510104
-0.0713904
0.0717048
0.00381859
0.0587732
0.115475
0.114117
0.175522
0.118765
-0.134224
-0.154636
-0.0418018
0.103289
-0.0706292
-0.0136684
0.0896372
-0.35764
-0.059551
0.0340813
0.207706
0.180806
-0.105874
0.074763
-0.132331
0.0503579
0.0682564
-0.176673
0.176385
0.115092
-0.141296
-0.0582181
-0.0151526
0.122184
-0.182255
-0.041339
-0.0924891
0.0693226
0.0233278
-0.186539
0.0524044
-0.00755964
0.00305249
0.00689219
0.0034656
-0.036528
0.140543
0.153946
-0.0315017
-0.124386
-0.0097444
-0.0500881
0.154634
0.132503
0.10357
0.0945826
-0.0424083
-0.217607
0.00549259
-0.0334088
0.0466916
-0.0886154
-0.110659
-0.0106496
0.0447191
-0.122458
0.0564259
0.0466031
0.0767559
-0.0175731
-0.0803955
-0.0826854
0.039344
-0.263036
0.0265225
-0.0617954
-0.109685
0.0457989
0.0860632
0.0252839
0.142864
0.159491
-0.0622645
0.198424
-0.0166713
-0.197823
-0.0940963
0.0850255
0.0402698
-0.0730999
0.0461008
0.168236
0.151474
-0.183063
-0.0217061
0.0174001
-0.0948795
0.0430729
-0.100268
-0.0738878
0.128539
0.0173493
-0.0659734
0.0644758
-0.0988071
0.0104132
-0.0260583
-0.0775111
-0.0400218
0.31325
0.0371507
-0.0463236
-0.0814976
0.0499274
-0.100904
-0.019198
-0.0987256
-0.00379597
-0.0136793
0.100477
0.0870075
-0.0358038
0.0272435
-0.0575858
-0.097419
0.0326943
-0.0506904
-0.0260612
-0.0415447
-0.0341691
0.000555286
0.263562
-0.0324591
0.0302166
-0.0791209
-0.0300951
0.010006
0.027004
-0.0595629
0.0364093
-0.0373426
-0.0889212
-0.0987903
-0.0328864
0.110398
-0.121544
-0.0458858
0.0213843
-0.109895
0.159341
-0.0361025
-0.0281903
-0.014679
0.0301954
0.00138406
-0.0900365
0.0611268
0.0184869
0.0813183
0.0797898
0.128043
0.0607203
-0.102176
0.131194
0.0518409
0.0334771
0.0416158
0.0585324
0.140708
-0.11069
0.0411829
-0.223234
-0.109741
0.059346
-0.00754881
0.00775282
-0.273874
-0.0162877
-0.0528571
-0.154232
0.247325
-0.101443
0.158876
0.140203
0.0504947
-0.0199157
0.00981087
0.00951747
-0.00430363
0.109576
0.0136795
0.0184236
0.0822761
-0.131658
0.0778948
0.192227
-0.189781
-0.172937
-0.0442762
0.10689
0.0055208
0.156319
0.111897
0.101639
-0.121042
-0.138285
0.0128279
0.180174
0.0891916
0.0681678
0.0583134
0.0892364
0.0853072
-0.117835
-0.0839451
-0.139954
0.052668
0.101794
0.146202
0.0835844
-0.18992
-0.134116
-0.00410375
0.115037
-0.147825
0.0894613
-0.0184504
0.0133021
-0.0265742
-0.0159031
0.0250211
-0.0862757
0.0687895
0.0890542
0.192189
-0.0291668
-0.00857262
0.085124
0.169711
-0.0534301
-0.192319
-0.156812
0.0871108
-0.028752
0.258435
-0.0403107
0.139107
-0.168948
0.0396059
0.117038
0.0632896
0.0302232
0.00920485
0.0171199
-0.16948
0.0771809
0.116533
0.108084
-0.0702329
0.0121352
-0.0261469
-0.0168887
0.00155827
-0.0472433
-0.117834
-0.00428561
-0.219892
-0.0325373
0.0449052
-0.133024
-0.014969
0.117708
0.0437024
-0.016167
-0.0339964
0.147715
0.0634067
0.0397805
0.0318625
0.0598735
-0.0457286
-0.018783
-0.111721
0.0213025
0.00438547
0.009691
-0.0596444
0.153158
-0.177679
-0.0162325
-0.00737384
0.0986651
-0.0153763
-0.133803
0.0546411
-0.123464
0.105287
-0.0230319
-0.00017891
0.00878282
-0.0383737
0.0804984
-0.0542431
0.0378835
-0.0508052
-0.0319609
0.0583065
-0.0147141
-0.0131434
-0.0944293
0.167998
0.150652
-0.121863
-0.00164328
-0.0954115
-0.0544426
-0.292872
0.0958638
-0.0229543
0.165323
0.0695273
-0.00563321
-0.0256179
-0.0507449
-0.0533212
0.0280839
0.0298717
0.042418
0.0116767
0.12144
0.0437078
-0.028181
-0.0186135
0.00394111
0.0812876
0.0489
-0.00383643
0.195379
0.0786816
-0.203829
-0.0706512
-0.0240549
-0.00523943
0.0158094
-0.049425
-0.0420986
-0.0257386
-0.204827
0.00147754
-0.113199
-0.0673439
0.0802343
0.000637286
-0.184466
-0.0158045
-0.0170633
0.106502
0.0820781
-0.0197784
-0.0516632
-0.00346192
0.187523
0.00155038
0.13626
0.0578708
-0.061768
0.0380742
0.000125922
-0.218844
0.0726063
0.102851
0.0201725
0.0926019
0.0203604
0.0868123
0.0168999
-0.132454
0.0627175
0.142992
0.0944908
-0.0585092
0.0314555
0.182734
-0.056702
-0.0544132
-0.0414103
0.0228188
-0.106568
-0.0018853
-0.0947073
-0.091351
-0.184514
0.103736
-0.0245223
0.15212
0.0184749
0.079935
0.155318
-0.00726248
-0.104432
-0.0954259
0.124708
-0.0728814
0.0275645
0.0379247
-0.0044634
-0.0499588
0.0719442
0.0304189
0.0802099
0.0318002
0.0866489
-0.171395
0.164086
0.0378833
0.0615287
0.0263918
0.0639997
0.140277
0.0962379
0.0518164
0.0454336
-0.0491453
0.010232
-0.0818043
0.0183649
-0.207073
0.111786
-0.0307147
0.0243782
0.0713588
-0.152285
0.0734699
-0.0505676
-0.14101
-0.0268257
-0.177345
-0.0915624
-0.0408309
0.113165
0.134534
-0.0854091
0.0186694
-0.130811
-0.117356
0.00106175
0.0230526
-0.0649968
0.134184
-0.103778
0.0605768
0.0963399
0.0348991
0.0139497
-0.0886419
-0.0103258
-0.0831619
0.0209962
-0.172733
0.0658216
-0.12844
-0.014261
0.184966
-0.171313
0.0317006
0.0396508
-0.147025
-0.133001
-0.0542146
-0.144146
-0.229814
-0.0422266
-0.103574
0.0989817
0.0631371
0.163869
-0.0999278
-0.0794531
0.169358
0.131619
-0.0356509
-0.107164
0.016888
0.00567993
-0.0144025
-0.0176751
-0.202751
0.116601
-0.117545
-0.00232187
0.118762
0.158129
-0.00323092
0.0948052
-0.0284485
-0.100598
0.0320615
0.0856301
0.0388701
-0.140323
0.0575929
-0.135755
-0.149631
-0.0275471
-0.00826416
-0.202653
0.0795195
-0.10085
0.00262297
0.128489
-0.0372888
0.156355
0.0663968
-0.0567413
-0.0129946
0.0109132
-0.0553931
-0.168994
-0.0302469
0.0583528
-0.1925
-0.0172606
-0.0167749
0.0301497
0.0428636
0.0735879
0.185433
-0.101806
-0.0982621
-0.071355
0.0407821
0.00307539
0.15746
0.0361458
0.109557
-0.184263
-0.00967097
-0.133822
-0.0030325
0.0979348
-0.0265164
0.077196
-0.111835
0.0118241
0.031172
-0.0975438
-0.0976308
0.1049
0.033006
-0.0264211
-0.00788739
0.0970922
-0.102475
0.0193074
0.0446809
-0.0913841
-0.114672
-0.051288
0.0682766
-0.0682328
0.20019
-0.0611683
0.13561
-0.120085
0.0711617
-0.00547219
0.187877
-0.0305761
-0.00633443
0.123577
-0.0261433
0.0107646
-0.0969416
0.0885402
-0.0361694
-0.0750383
-0.0156389
0.104277
0.0525177
-0.142048
0.0988108
0.0131457
-0.0120359
0.219179
-0.0854066
0.00707895
-0.0547723
-0.0703101
-0.124314
0.215595
-0.0421142
-0.00901685
-0.134208
-0.00755168
-0.064665
0.158829
0.0346204
-0.0936779
0.0888898
0.0644739
0.0932574
0.0204482
-0.111613
-0.117526
-0.0427848
-0.0226078
0.0568379
-0.0340968
0.0989297
-0.0943794
0.00713496
-0.178734
-0.00631193
-0.00780196
-0.124533
-0.061523
0.113608
0.036105
0.0145975
0.0210512
0.0807965
0.0992189
-0.120946
0.116101
-0.0304346
0.0863322
-0.0366641
-0.0611929
-0.177065
-0.159033
0.138881
0.055987
-0.178158
0.135049
-0.0846018
0.186418
0.120071
-0.0988933
-0.17192
0.0489335
-0.0894773
0.0959084
-0.00439901
-0.000923491
-0.0870269
-0.00943743
-0.0469495
0.0729455
0.019512
-0.227828
0.101478
0.0363597
-0.0512032
0.00873097
0.00123935
0.0439897
0.0920722
-0.120653
-0.0441426
0.0373993
0.0376638
-0.140962
0.0231795
-0.0601838
0.0234246
0.0164081
-0.0240602
-0.0506921
-0.0750417
-0.135006
-0.0026861
-0.23662
-0.132378
0.0392629
-0.182742
-0.100019
-0.0460863
0.125103
0.0852008
-0.0279874
-0.192481
0.172077
-0.0187416
0.13063
-0.0896925
-0.240584
0.135127
0.00758284
0.199914
-0.178838
-0.0772402
-0.062201
-0.0396688
0.100462
-0.107155
0.111084
0.0872349
0.157885
-0.0320187
-0.000159773
-0.113141
0.113198
0.0047914
-0.0457067
-0.0584738
0.0472216
-0.0281069
-0.080852
-0.0143729
-0.229307
0.113094
-0.0923239
-0.0207213
0.0909809
0.00267289
-0.208008
0.0729064
0.141639
-0.0805357
-0.036381
-0.0809575
-0.229849
0.00458669
0.0701199
0.0337662
0.0564129
-0.0265451
0.135428
-0.0848485
0.0193617
0.225244
-0.114837
-0.000657965
-0.112288
0.00201691
-0.0655374
0.110123
0.0604697
0.0451891
0.0794364
-0.00646109
-0.0763011
-0.0074609
-0.137333
0.0964825
-0.169341
-0.0433904
-0.0541182
-0.00730298
-0.0264221
-0.0129519
-0.0152158
-0.0250483
-0.0682153
0.119236
-0.00771831
0.0149805
0.0523548
0.0620261
-0.00477576
0.196593
-0.0043313
-0.0428924
-0.103462
0.118978
0.13324
-0.193361
-0.0637837
0.107288
-0.13761
-0.0535865
0.141343
-0.0173492
0.0555165
-0.0710844
-0.107067
0.0097857
0.0812703
0.0678556
0.0278718
-0.154543
0.0508146
0.0531945
0.0077334
0.134157
-0.164771
-0.182816
-0.200151
0.0442422
-0.20032
-0.0185679
0.0465344
-0.264071
0.0804891
0.118343
-0.0147769
0.0768433
0.0317924
0.0300077
-0.0282374
-0.0808039
-0.0446217
-0.0448253
0.0282194
0.0325599
-0.050496
-0.0873826
0.0342921
-0.0472268
-0.0504831
-0.0734969
-0.0341297
-0.160166
-0.0607172
0.0633076
0.11834
0.203872
0.0869082
0.0699945
0.0386191
-0.209907
0.0369152
0.0388208
0.0194677
-0.1998
-0.0393176
0.274151
-0.0180491
-0.0566294
0.053036
0.153697
-0.175862
-0.0428223
-0.239415
-0.0876562
-0.0858316
0.025335
-0.0590113
-0.019069
0.107845
0.167769
-0.0608402
-0.00948102
-0.0826858
-0.175183
0.131644
-0.000888066
-0.00784418
-0.101994
-0.280506
0.0920099
0.0607007
0.0528301
-0.0120538
-0.0123864
0.171513
-0.0118066
-0.129407
0.205699
-0.0337337
0.165877
0.00505063
-0.0434967
-0.00123652
0.0243749
-0.0716354
0.0684508
0.0533165
0.0682911
-0.0980275
0.193293
-0.0612898
0.0297673
-0.0534566
0.0786978
0.0444026
0.0738033
-0.0633407
-0.0500598
-0.00690917
0.0327886
-0.181421
-0.0249887
0.0867992
-0.038118
-0.008331
0.0294732
0.0817092
-0.0939487
0.0637756
-0.00357897
0.0283394
0.1016
0.254663
-0.0173412
-0.06367
0.158935
-0.0835475
0.141884
0.148686
0.101274
-0.100246
0.239348
-0.0749255
-0.0388304
0.128773
-0.101378
-0.082714
-0.19124
0.0143241
0.0202953
0.117562
-0.14731
-0.122899
0.188732
0.0289188
-0.0440642
0.0504743
0.120729
-0.156554
-0.0998453
0.0781786
-0.0623323
-0.0588864
0.0237263
0.0418788
-0.0510462
-0.0335083
0.126558
-0.0756751
-0.0185074
-0.0392525
-0.00934707
0.00355373
-0.0545008
0.118915
0.0674971
0.10324
-0.0337713
0.00705846
0.0267651
0.0306203
0.0238081
-0.0647465
0.12747
-0.0442502
0.00563186
0.136917
0.0725091
-0.0640798
0.138675
-0.0697625
-0.0477177
0.122486
-0.0426385
0.0678844
-0.0953164
-0.0465911
-0.0251231
0.10191
-0.114212
-0.201922
0.148849
0.0815225
0.00145921
-0.106011
0.160391
0.0843713
-0.0967816
-0.034453
-0.0022955
-0.206469
-0.0624533
0.111006
0.104813
-0.00372416
0.00236112
-0.163013
-0.100457
0.0349808
0.0660663
0.122627
0.0675291
-0.144973
-0.0614584
-0.110928
0.0366575
0.0537026
-0.067931
0.0159506
0.0216778
-0.00803375
-0.0305785
0.0161654
-0.0453207
0.0643594
-0.00867069
-0.0275001
-0.183174
-0.105483
-0.0798034
-0.16308
0.00350342
-0.334122
0.18847
-0.227889
0.0329729
0.0287258
0.226349
-0.0875718
-0.149385
0.0785079
-0.098093
-0.0874989
-0.0393404
0.0953978
-0.140647
-0.0410518
-0.0481196
0.0146101
0.174992
0.0508342
0.0160926
-0.0697156
-0.0276328
-0.029703
0.127273
0.0872037
-0.201554
0.138067
0.149609
-0.00702305
0.100898
-0.0609916
-0.0303653
-0.0144598
-0.0150057
0.0774401
-0.0625762
0.0149623
0.121127
0.140954
0.104917
0.117211
-0.00504849
0.162404
0.0236039
-0.0171077
-0.0225417
0.094248
-0.0720573
0.0352
-0.162328
-0.0303938
0.175025
0.110494
0.0449645
0.105461
-0.0250699
0.103656
0.0907454
0.00618541
-0.0777787
0.0158126
-0.0514145
-0.0893251
-0.0376944
-0.044414
0.0206143
0.076967
-0.106769
-0.0924551
0.10026
0.0130808
-0.0258416
0.0030696
-0.0423869
0.041126
-0.0233015
-0.0773651
0.0103987
-0.0318859
