-0.674525
-0.803515
0.317998
-0.215374
-0.35587
1.55771
0.197552
0.824627
-1.53792
-1.8356
-1.6426
-2.19989
-1.99097
0.233222
-1.16814
0.159934
1.58761
0.468211
1.12163
3.00307
0.554056
-1.1702
-1.42269
-0.497683
-2.08365
-0.394657
0.203645
1.66269
0.285569
-1.00715
0.619498
0.44986
0.511822
-1.38897
-0.317089
-1.39188
-1.1268
0.143613
-0.256537
-2.67241
-3.35625
-1.98867
-0.365842
0.943486
0.569662
-0.782661
1.07921
2.58063
2.75973
0.758241
-0.125885
-0.534621
-0.352596
-0.80153
0.44968
-0.97543
-0.814785
-0.213016
0.0632805
-0.574598
-1.22973
-0.420877
-0.0463421
0.783088
0.719211
-2.21568
-1.09758
-0.515847
-0.425356
-1.08564
0.103931
-0.470557
-2.15599
-0.75775
-1.9791
-2.23772
-1.75376
-1.22148
-0.905323
-0.303235
-0.498349
0.558867
2.31244
1.74887
1.37358
0.818682
0.996397
0.831245
1.35099
1.76274
1.02726
-0.640416
0.00877913
-0.565879
0.493281
2.77314
0.724448
0.401773
0.597299
-0.793302
-1.24909
-0.0628817
-0.925461
-1.39033
-0.171912
-1.0653
-0.145286
-0.852985
-2.03957
-0.31172
-1.00989
-1.03155
-0.43211
-1.91366
-0.974269
-1.09819
-0.943204
0.48795
-0.545392
0.233905
-0.685921
-1.75009
-3.43788
-2.29844
-2.11509
-1.03179
-1.06091
0.226914
0.253375
0.100203
0.943893
1.24487
1.86062
1.92945
1.19423
1.27751
-0.194151
1.02082
0.49876
0.417244
0.0656225
-2.25392
-1.26472
-1.14759
-0.507955
0.422427
-0.43935
0.837857
-0.868801
-2.0845
-1.04842
-1.39838
-1.20173
-1.88947
-0.211238
-0.00697211
-1.04747
0.229518
1.0954
0.654273
0.261141
1.19218
0.427155
0.0882113
-1.74213
-2.75103
-3.51843
-4.13917
-2.61894
-0.466333
-2.07817
-2.55922
-1.40207
-0.791426
-0.828078
0.514299
0.246034
-0.038193
0.182374
-0.182941
-0.528104
0.0175537
-0.529573
0.126077
0.918642
-0.87503
0.05584
0.174986
0.650469
0.560109
0.506941
0.875548
-0.133324
-1.20114
-1.30339
1.3762
-0.488587
-2.07305
-0.907869
0.324051
0.19867
-0.177888
-0.547273
-0.83104
0.856197
0.125675
1.61727
1.43846
0.255939
0.42911
0.410717
0.887556
1.57531
3.93285
3.21179
2.07714
1.19688
1.54991
3.47669
2.26617
0.103914
-0.111115
1.18166
1.12132
-0.169867
-1.2401
-0.774761
0.887557
0.418862
1.12535
0.0498351
-0.939198
-1.07748
1.05442
1.43349
1.71862
2.32219
2.42093
3.91032
2.61494
1.47138
3.62899
1.49712
0.682413
1.04972
0.539269
0.225739
-0.314528
1.40929
1.69106
0.918723
0.00242536
-0.180309
0.441975
0.593975
1.00233
1.55874
0.808006
0.0242972
1.3803
1.60169
1.77097
1.92104
0.99017
0.190388
-0.0619224
-0.18756
-1.81788
-2.18336
-1.42963
0.857146
2.50764
3.13851
1.87194
0.649223
1.09326
0.798547
1.19936
-0.13756
0.947123
1.30894
1.41263
0.152627
0.673349
1.06617
0.00441016
0.832943
-0.00112016
0.222041
0.970831
0.589506
0.75338
-0.778098
0.39276
1.48659
2.14141
1.69533
1.88027
1.89592
1.58021
3.96277
5.56668
4.02354
2.43267
2.30233
2.685
2.06965
0.813168
-0.749016
-0.412696
0.776371
1.08193
0.153059
1.7972
0.246451
1.1955
-1.19251
-0.0640726
-0.44565
-1.40062
0.364103
-0.340381
0.00523262
-2.52374
-1.01282
-2.06107
-1.87644
-2.06238
-0.653386
0.563445
0.0578597
-0.48093
1.88598
2.31976
0.337506
1.39579
-0.152335
-1.68582
-2.57018
-0.138277
-2.64349
-1.88885
-0.384492
-0.126556
0.514082
-0.418618
1.61428
2.21473
1.15791
1.40204
0.719613
2.18834
1.49251
1.47621
0.594829
0.080929
-0.962689
-0.096923
0.519156
1.27182
0.412604
0.917577
0.783198
-0.584529
0.24323
-1.79927
-1.3153
-2.38489
-2.14715
-1.11215
1.44952
1.63731
1.68108
-0.460348
-0.361066
-1.58813
-1.8448
-0.303476
0.426863
0.806025
0.779551
0.856146
0.979098
0.38149
0.0877144
0.264742
-1.08717
-1.59302
-1.87693
-0.145296
-0.57419
-0.540036
-0.188209
-0.4189
-1.59529
-2.05207
-0.874061
-0.684251
0.453525
0.646139
-0.192646
-0.287578
0.5226
1.08517
1.39835
0.863161
0.82531
1.41504
1.51729
2.0953
0.576086
-0.947276
-0.538279
-1.53835
0.252199
-0.778686
-0.453569
0.0290783
0.924167
-0.134848
-0.812496
-1.10086
-1.00766
0.0291159
0.986879
0.362228
1.13905
-0.0272733
-1.09667
-1.50345
-1.17358
-2.07211
-0.538379
0.157477
-0.54668
0.0113848
0.869181
0.788554
0.327543
1.86357
1.24375
0.177756
1.6392
0.490517
0.337913
1.2527
1.23899
1.63176
-0.280977
-0.52277
-1.7058
-0.817052
-0.832345
-1.24789
-0.193923
-0.106949
-0.401154
0.320896
-0.9235
1.14835
0.297871
-0.417616
0.942077
0.101844
0.616162
0.0813717
-0.00581817
-0.607289
-1.19508
0.51523
0.493349
-0.222565
-1.54309
-1.77111
0.799066
1.35224
1.30026
0.465582
-1.36132
-1.3957
-0.488106
-0.196932
-0.625486
-1.90411
-1.01321
-0.0550865
-0.474784
0.338195
0.188451
-1.26052
0.0200174
0.0317401
1.48006
0.35271
-1.42506
-1.15469
-1.28482
-3.19161
-0.620456
-0.367546
-0.0878656
-0.312637
1.24268
0.420418
-0.872259
-1.13042
0.366988
-0.172071
0.0552667
-0.670277
0.813102
1.15981
0.898573
1.2701
0.161937
-0.466813
-0.712885
-3.32277
-4.17148
-3.89593
-3.67251
-3.23067
-0.0335109
0.000517658
1.19104
-0.589575
-0.858669
-1.20274
0.24585
0.542223
1.36971
1.00111
0.243552
-0.554333
-0.340148
0.33634
-0.702228
1.0372
-1.47612
-2.35175
-1.28508
-1.67414
-0.225632
-0.911033
-0.655307
-1.36499
-0.240679
-0.249812
1.13312
2.62578
0.672576
0.163893
-0.925105
-1.62119
-1.52352
-1.31048
-1.87476
-1.23957
-0.781763
0.225444
-1.47106
-1.27555
-1.3054
0.0542106
-1.77053
-1.97
0.63217
0.633171
0.859624
-0.430174
-1.06173
0.0994738
1.2591
-0.439454
1.82228
0.958021
0.697412
-0.473527
-0.380072
-0.213895
1.39132
0.905325
-0.361662
-0.334354
0.0954321
-0.156562
0.720119
0.623235
2.85546
2.69821
3.55317
1.13925
-0.983447
0.727193
0.0872507
-0.896353
1.01958
0.0995844
1.34168
2.46859
0.964795
0.319277
-0.335218
0.492484
0.0819714
-0.201234
-0.534112
-1.98042
-1.09318
-1.00396
-0.588849
-1.02868
-0.479535
-0.435274
-0.645568
-0.241477
-0.236279
0.744744
0.559268
-0.0799301
0.327665
-0.220423
0.416613
1.84875
1.59323
3.68882
3.0401
1.26495
0.87602
0.190864
0.880827
0.914119
-1.224
-0.883737
-1.8496
0.589035
0.198231
0.438851
2.14281
2.48785
1.96258
1.48364
0.521479
1.95407
1.06729
2.74639
2.78891
2.79974
0.955261
1.14968
-0.261661
-2.99545
-2.64962
-1.4864
-1.17144
0.446327
0.333493
0.631869
1.14749
0.576744
1.22126
0.905257
1.55719
1.20274
1.08729
0.646851
-1.07843
-1.97471
-1.22485
0.261683
2.35876
2.63048
2.24289
1.74619
1.29869
1.74669
0.382736
-0.285558
-0.111399
0.310619
0.181869
0.725709
0.14046
-0.116137
-0.230004
-0.585863
0.786882
2.23564
1.32601
0.357055
0.981934
2.27487
2.77693
2.94561
4.31322
2.23075
0.123471
0.10268
-0.368018
2.84125
2.58569
0.70756
0.477683
-0.50574
0.609238
-2.83977
-1.52974
-2.44509
-2.71106
-2.06589
0.521918
-0.0422897
-0.601404
-1.22551
-0.474435
-2.29379
-1.63458
-0.418206
-0.307178
0.655249
-0.100212
0.669226
1.55381
2.69759
3.11514
1.2978
2.24557
2.47704
1.39093
1.99908
2.74308
1.50586
1.22308
-0.335445
0.0611316
1.4701
0.611012
0.507731
-0.412805
0.54537
2.26832
3.06163
2.72316
0.9665
0.137872
0.368385
-0.544609
-1.54417
-1.3964
-1.05919
-0.740335
-0.235267
-1.20486
-1.99571
-1.37636
-0.735816
0.308619
1.52251
0.465293
0.0855016
-0.209604
0.437272
0.514899
-1.19729
-1.67559
-1.90273
-2.08688
-0.747004
-0.118625
0.743639
1.04281
1.50492
-0.0548515
-0.195641
0.498137
-0.41948
-1.78922
-0.77411
-0.971953
-2.7479
-2.17215
-0.661761
0.203236
1.51396
0.232493
0.77442
0.364335
-0.0528258
1.0825
0.494555
0.205943
2.07552
2.14515
1.11039
1.69705
2.58553
2.72297
2.21672
2.25448
2.07315
-0.11212
0.923874
1.60891
1.70555
1.12715
1.81746
1.73856
0.384644
-0.0412717
0.0187543
-0.92922
-2.02625
-2.33706
-1.09074
0.391224
-0.294152
-0.0600187
0.325807
1.95651
3.94587
3.98959
2.46686
2.19649
0.986456
-0.78716
1.13696
0.0157203
-0.0962572
-0.431297
-1.06993
-1.37948
-1.49707
-1.46199
-1.15454
0.14829
-0.0140842
0.327958
-0.0225626
-0.155431
-1.8658
0.115903
0.568365
0.586936
0.364563
1.58399
0.541695
-1.07537
-2.04616
-2.25376
-1.68476
-1.50641
0.928891
0.927639
0.785556
1.22581
0.974835
0.656716
0.245378
-1.68083
-2.1411
-1.90121
-2.31394
-3.13207
-2.78724
-3.62476
-3.11102
-0.632407
0.570176
-0.486148
-1.30953
-0.994732
-0.461454
-1.17777
0.206923
-0.664058
0.247959
-0.178887
-0.456822
-0.213146
1.1469
1.59331
2.43377
1.43369
1.87243
0.29429
-0.176549
-2.1531
-1.27781
-0.638928
-1.12629
-0.937134
-0.409793
0.54372
-0.688987
-0.719
0.969835
2.2692
1.17922
1.84727
1.70787
0.550373
2.01441
0.619561
0.572746
0.785992
2.47025
1.42281
-0.511546
-0.174417
0.0632964
1.10913
0.253349
0.528755
-0.125945
-1.24418
-0.996416
0.531682
1.0227
0.575425
2.4969
3.46367
1.79726
1.09957
1.21939
0.796977
-0.799108
-1.29134
-1.75526
-0.660226
0.497516
1.51774
0.382084
1.27201
-0.639951
-0.240556
1.58702
1.78045
1.33695
0.703205
-0.887347
1.16957
-0.0144013
-0.631554
-1.22704
-1.26244
-0.340823
-0.730807
0.515829
0.171069
-1.16523
-0.910974
-1.90488
-0.826881
-1.43122
-1.14434
1.07449
0.447581
-1.38496
-0.259048
-1.81921
-0.362271
0.107175
1.61838
1.45191
0.795653
1.23528
1.89804
2.55277
3.38499
0.384165
-0.722754
-1.01131
-1.26121
-1.12417
-1.14283
-2.27266
-2.49359
-1.70832
-1.80035
-0.369154
0.857531
-0.180506
1.10932
0.604125
0.0669938
0.197976
0.715049
-0.0426302
1.06661
0.50591
-0.361814
-2.18276
-3.28629
-2.01482
-2.90537
-1.4961
-1.16185
-1.39954
-2.07336
-0.760024
-0.771261
-0.903039
-1.11138
-2.89082
-3.05818
-2.68711
-1.2152
-1.42981
-1.73896
-0.902495
-0.520634
0.241582
1.73538
0.302923
2.1404
1.25705
2.0237
1.66787
-0.767273
-1.756
-0.413557
1.06339
1.57535
1.91234
2.65703
2.32164
1.69731
2.01285
2.27012
1.57825
1.9846
0.186903
-1.08831
-0.713651
-1.6408
-0.824164
1.32128
3.56578
1.80951
1.25224
0.845015
0.0500314
-0.511143
-0.191393
-1.28611
1.6168
0.915665
1.24078
-0.2183
-0.4459
-0.859729
-0.229494
-0.243324
-0.558078
-0.92109
-1.72771
-0.473486
-0.709176
-0.272501
0.747485
1.15598
1.16257
1.08564
-0.00571919
0.34838
0.997771
0.0493152
-0.729836
0.206234
0.434328
0.712741
0.0793603
0.505787
-1.08882
-3.5065
-1.63117
-0.71786
-1.95519
-0.705061
-1.66413
-3.43527
-3.03228
-1.18346
-1.89427
0.241395
1.2667
0.641106
-0.515136
-0.0458603
-0.0220175
-1.15848
-2.0149
-2.49975
-1.88046
-1.383
-1.70188
-0.941908
-0.509918
-0.339522
0.291327
0.725794
0.72189
1.26746
0.398385
-0.95341
1.00971
0.814333
0.154016
-0.853805
-0.356276
-0.875923
-1.75561
-2.39219
0.657249
0.648573
1.61205
-0.187588
-0.998222
-1.23653
-2.48525
-1.03773
0.305849
-1.50489
-0.864913
-1.53863
-1.97841
-1.02366
0.23989
-0.326304
-1.175
-1.46366
-2.59129
-2.25439
-0.584481
-0.675788
2.00138
0.948233
0.715445
1.96053
2.2484
0.738437
0.80308
-0.561337
-0.385774
0.458589
0.751661
0.400057
0.76248
0.306524
0.330587
0.608716
0.931506
0.652374
2.22193
2.78774
2.5493
0.535792
-0.39999
-0.434097
-0.792016
-0.0989155
-0.543583
-0.198916
-2.58844
-2.28476
-0.107036
-1.16461
-1.15066
-0.264292
-0.306664
0.622907
0.0629676
0.0166992
-0.868848
0.506694
-1.9266
-1.12266
-1.49167
-1.99138
-2.43256
-0.934944
-1.84498
-1.27435
-0.467993
0.977231
0.689665
-0.528443
0.457994
-0.317757
0.136807
0.47733
0.459077
2.53095
2.49837
3.53338
2.77368
1.42719
0.27754
-0.0258958
1.07611
1.74323
1.08141
-0.794068
-0.212287
0.601439
-0.385776
-0.835631
0.0876313
0.305991
0.701753
0.139023
0.288864
-0.934299
-0.667148
-0.19153
-1.39646
-0.108521
0.675812
1.88751
1.04279
1.24204
1.13215
1.42612
0.162913
-0.130714
-0.276699
-0.216949
0.663575
-0.0226893
-0.0791739
0.800889
1.38013
1.89849
1.99695
1.36023
0.588236
0.142314
0.409712
0.609945
0.552212
-1.82346
-2.77458
-0.296534
-0.880561
-0.201443
-1.1394
-0.776227
-1.10037
0.791459
-0.124119
-1.59204
-2.51595
-3.72301
-2.88893
-2.30514
0.47844
0.415971
0.310191
-0.529824
-1.74679
-1.56298
-2.54317
-1.49614
0.763432
0.747216
0.418216
0.419666
-0.507025
-1.49365
-1.27473
-1.74784
-1.43478
-0.658025
0.717889
2.1387
0.317987
-1.68575
-0.657776
0.0705056
0.0473874
-1.17755
0.640455
-0.208645
-0.740531
-0.0347555
-0.450019
-1.53671
-1.89865
-0.740727
-0.392707
0.443105
-1.08924
0.295898
-0.886177
-0.359583
-0.988002
-1.64079
-1.63023
-0.779049
-0.268927
0.317434
-0.00510599
-1.92835
-1.16629
-1.26196
-0.234563
0.270586
1.05515
0.919208
2.30095
2.55723
3.53014
2.5356
1.6544
0.976311
1.28448
-0.00586335
-0.14832
-0.238586
-1.53643
0.0611076
-0.321477
0.200714
-1.42336
-1.54455
-3.89975
-2.18131
-2.77116
-2.39035
-1.06286
-0.299985
-0.303117
-1.5454
-1.7914
-1.08848
-2.76668
-1.27904
-1.24391
-1.18349
-0.484756
-0.726636
0.151123
-0.355453
-0.835394
-0.669635
-0.646974
-1.35236
-2.43152
-3.11792
-1.9567
-1.64749
-3.64965
-0.645032
0.998944
1.44547
1.50856
1.24666
0.50296
-0.997636
1.32686
-0.409875
0.689074
0.954826
3.58048
2.05824
-0.167121
0.227624
2.23433
1.91308
-0.130767
0.0490894
-0.45455
0.0372412
0.962221
0.509151
-0.28841
0.1199
0.594837
0.540879
0.807545
2.29218
0.710599
0.465073
-0.290948
-0.375558
0.801068
1.33225
1.96183
2.29455
1.60867
1.12386
1.13913
0.57198
-0.138239
0.382596
-1.28774
0.515476
2.98034
0.14152
-1.00037
-1.66383
-1.14079
0.283381
-0.276211
-0.456079
-1.48639
-2.1573
-1.83068
1.20101
-0.917109
-1.43034
-0.611162
0.260343
-0.884965
-0.950935
-0.401825
-0.407065
-0.683865
0.917633
0.419179
0.955474
-0.148951
-1.23602
-0.380613
0.737428
1.85907
2.4503
1.26645
-0.0189755
-0.811888
-1.67288
-1.77101
0.00509839
1.01578
-0.61963
-0.756148
-1.48556
-1.79569
-1.36828
-2.45215
-1.10212
0.275664
-0.248725
-0.51669
-1.95215
-1.79595
-0.122586
-1.00351
-1.569
-1.82757
-0.682683
-0.293271
-0.85556
-1.33947
1.61247
2.5404
1.80738
0.163113
-1.37626
-2.40721
-0.365865
-0.829959
0.749646
-0.225916
0.870033
-0.895218
-2.49886
1.31524
1.58504
1.18466
1.11258
1.06524
-0.199857
1.2631
-0.313434
0.967043
0.118846
-0.115411
0.123973
0.425933
2.14073
1.06281
2.54037
1.55328
0.665893
0.960972
0.298471
0.0476235
-1.62338
-2.57185
-2.36115
-1.67676
-1.07268
-1.69351
-1.3955
0.270699
-0.495878
-0.681601
0.218547
-1.70956
-0.0679848
0.370755
0.496652
-0.674966
0.125655
0.173252
-0.761122
-0.530539
0.612378
0.0326581
0.130286
0.127018
1.48149
0.856522
-0.323823
-0.451276
-0.827434
-0.615994
0.954594
0.998001
-0.413192
-0.62428
-0.233547
1.82319
0.417975
-0.9297
-1.93056
-1.98461
-1.5779
-1.26856
-1.15838
-0.298486
-0.33551
0.357199
1.46413
0.19427
0.138776
-0.548145
-0.7799
-1.80921
0.478467
0.410222
0.494564
-0.586164
0.0287392
1.70679
1.26701
-1.0679
-0.647986
-0.804322
0.509711
0.475714
-1.19209
-1.58035
-1.68053
-1.64278
-0.138772
-0.245287
-0.429999
1.1181
-0.169163
-0.974787
-0.504285
1.34685
1.66131
0.779319
1.36817
0.805738
0.645695
1.60445
1.003
1.24202
-0.774454
-1.95226
-0.0947085
-1.04549
-0.903451
-2.35307
-2.67979
-1.59968
-1.94352
-3.15594
-1.0318
1.02915
-0.243075
-3.24907
-2.91142
-1.43901
-1.06401
-2.24448
-0.30413
-0.568193
-1.52122
-1.45957
-0.148562
0.35557
-1.26728
0.743553
2.55042
2.08964
1.46122
2.23412
1.46778
-1.10539
-1.80416
-0.668462
-0.829485
0.0648754
1.5673
0.858938
2.10633
1.16507
1.60145
-0.114915
0.0661766
0.326452
0.411869
1.69419
0.915132
-0.633608
0.271453
0.445869
1.43409
-0.376472
-0.156264
0.776712
0.89947
1.27528
0.128157
-0.107977
-1.73123
-2.55206
-0.246841
1.1487
1.83407
0.376168
-0.125596
1.78504
1.03304
0.744497
1.40815
0.914479
1.63322
2.21952
1.5593
0.414627
1.7355
1.1636
0.94896
1.75698
0.705077
-0.0672497
-0.00171416
0.0423955
1.01765
-0.0722726
0.639483
1.13995
-0.638406
0.595983
0.782555
-0.438903
-0.0663104
-1.42009
1.17436
0.195795
0.329683
0.410893
1.29423
0.354536
1.08679
-0.347933
0.0699495
-2.23762
-1.44417
-1.68789
-1.27009
-1.39594
-1.07767
0.140353
-0.523065
-0.561641
-1.08012
-2.04492
-2.10412
-0.910166
0.243793
0.371459
-0.552979
1.31891
-0.215799
0.457149
0.635789
0.0358831
-1.10402
-1.37382
0.0819675
0.553747
0.173221
0.566279
1.57736
1.53325
1.60586
0.245095
0.955771
-0.138248
-0.186309
1.62967
1.71802
-0.0753811
1.06625
2.32202
3.03084
3.00841
2.34284
2.76145
2.04615
1.16311
0.866851
-0.0336171
1.82895
1.79752
2.75714
2.99118
1.28658
2.33037
0.296938
0.192712
2.25622
2.80543
-0.794647
-1.11194
-0.624597
0.453869
-0.286304
-0.293316
-1.19239
-0.445635
-2.34897
-2.12644
-0.754505
-1.26057
-1.45757
-1.3638
-0.416442
-0.0578591
0.205845
0.976863
0.0793926
-0.385339
-0.924802
1.69209
1.27964
1.40649
0.28336
1.13554
1.41973
1.51463
0.964736
0.742835
0.767599
0.429952
-0.0721957
0.55509
0.618523
1.27654
1.26902
0.34558
-1.04571
-0.40283
0.629404
2.66643
2.74883
2.03575
2.25072
0.95728
-1.49774
-0.145788
-1.97316
-2.0435
-3.34547
-2.86315
-1.33495
-1.26019
-1.89869
-1.30614
0.0629148
-1.08214
0.34336
-1.12457
-2.78523
-1.1629
-0.33098
-1.15856
-0.0715858
0.129745
-0.585339
1.01897
-0.0965104
-0.225227
0.144681
1.12466
0.306376
0.960464
0.119256
-0.00796051
-0.0794043
1.18957
0.956999
-0.221377
0.712552
1.63913
1.27337
1.23953
1.03762
1.43953
2.16051
-0.675194
-0.937886
-2.71186
-1.39637
0.757318
0.275622
0.250741
0.526664
-0.11386
-0.248718
0.0774741
0.811403
0.475086
1.34677
1.56895
0.704104
1.20351
1.41764
0.513461
-0.441655
-0.763151
1.55069
3.1649
2.38234
-1.91787
-1.07717
0.427438
-0.192679
-0.297946
-0.129626
-0.955713
-0.195443
-0.660928
-0.437818
0.88041
0.0224583
-0.514298
-0.67868
-0.679181
-0.221816
0.772714
2.76815
2.59066
0.958175
0.97993
0.446799
0.00585387
0.529513
0.832707
1.77376
-0.590705
-0.842063
-1.34338
-1.60253
-1.08744
-2.71552
-2.73382
-1.78335
-0.828357
-2.40986
-1.38942
-1.27339
-0.876089
-1.14696
-3.29734
-1.65364
-0.257251
-1.51488
-1.6751
-0.512277
-1.17907
-1.37226
-0.599972
0.206664
-0.584142
-2.21443
-1.9826
-1.08145
0.923362
-1.11122
0.262096
-0.374804
-0.636375
0.444127
0.703325
-1.9204
-1.48368
-0.728319
-1.39718
-2.22121
-0.882795
-1.18462
-0.999635
-1.7214
-0.359048
-1.22434
0.133076
1.80334
0.33116
1.9239
0.919769
-0.058471
0.736184
0.342036
1.33657
-0.783018
-1.50727
-0.409226
1.16026
1.61865
0.53621
-0.694933
-0.859886
-0.397189
-0.344114
-1.02064
-0.785623
-2.07991
-1.83619
-2.38044
-1.39236
0.379892
0.702917
2.98146
1.72392
-0.62527
-2.39585
-2.26502
-1.26206
-1.937
-1.39975
-0.267989
-0.0508646
-1.27767
-0.995052
-0.70633
-3.63068
-2.58952
-2.70691
-1.05965
-0.990781
1.51736
-0.162302
0.153105
-0.352008
-1.0627
-0.215077
-0.211622
-0.664927
-0.00655919
-0.895659
-0.741585
0.028433
0.393958
0.866717
0.271153
0.740646
0.883208
0.494134
0.513322
0.0191917
-1.05791
1.75459
3.25755
3.43418
1.57761
2.38235
0.886875
0.841684
-0.955876
-1.30285
-2.26068
-1.2425
-1.38406
-2.13601
-1.72907
-2.09556
-0.648184
-1.34099
-1.60252
-0.116253
0.756646
0.0306877
