0.831487
1.35258
1.03484
0.890135
0.961873
0.256881
-1.1756
-0.916247
-0.113231
0.856769
0.315898
0.00810821
-1.00575
-1.06704
-0.155586
-1.17936
-0.983333
-0.909065
-0.946007
-1.44631
-0.548151
-0.291405
-0.0618708
-0.288826
0.437668
-0.208377
-0.111294
-0.47158
-0.530607
-0.131365
-0.521758
-0.0638959
-0.535617
-0.692307
-0.359715
-0.805876
-0.861781
-0.923927
-2.01366
-1.38144
-1.11449
-0.65754
0.196627
0.267592
1.25113
1.44978
0.99033
0.0368028
0.629741
-0.795395
-1.19339
-1.4508
1.11501
1.28553
-0.527339
-0.336333
0.835025
1.45159
1.26736
0.965716
0.809766
1.52882
1.07831
0.334568
0.297956
-0.583818
-0.87812
-0.366755
-0.839391
-0.496535
-1.14483
-1.25166
-1.03378
-0.933406
-1.75493
-1.17724
-0.521865
-0.787617
0.513933
1.43043
1.12266
0.192192
0.543137
0.735553
0.372395
0.0319714
-1.31033
-1.1287
-1.3509
-2.43127
-1.19408
-1.5065
-0.697753
-0.257406
-0.0774011
0.849625
-0.786913
-0.23233
0.0967013
-0.228325
-1.19147
-1.64159
-1.45579
-1.73417
-0.964631
-1.41136
-0.677676
-2.08542
-0.678448
-0.0718734
0.300931
0.422538
0.55169
0.128124
-1.08994
-2.05219
0.00243364
-1.77778
-1.27099
-0.581187
0.277855
0.56586
-0.313633
-0.17867
-0.0149148
-0.371491
-0.371656
0.44926
0.355445
-0.475013
0.130692
1.73271
1.39461
0.621339
-0.4012
-0.611943
-0.682736
0.33514
-0.539534
-0.735388
-0.123258
-0.902835
-0.199015
-1.05842
-0.529288
-0.725996
0.083357
0.55701
1.09031
0.767338
0.393314
1.17958
0.915092
0.929722
0.943418
1.55337
1.05794
0.275535
0.808538
-0.0155785
0.384644
-1.52549
-0.773574
0.212878
1.41548
0.866311
-0.21745
-0.578484
-0.362639
-0.331994
0.964178
2.0565
0.849814
0.125965
-0.126744
0.109421
-0.333261
0.785508
0.944795
-0.307112
-0.0776365
1.25642
1.42178
1.91074
2.28064
1.9363
1.657
1.74926
1.37159
1.41554
0.619847
1.27067
0.268627
0.115632
0.786968
1.68001
2.78883
3.00475
2.66147
2.82922
3.24532
1.73494
0.330426
-0.285297
-0.773448
-0.263279
-0.0207495
0.458653
1.97344
0.663627
1.72171
-0.00237513
-0.450351
-1.42477
-2.81759
-2.28682
-1.45762
-1.65903
-0.814976
-0.975772
-0.715968
-1.88548
-2.01992
-1.01216
-1.33555
-0.436697
-0.114269
-0.167494
-0.627207
-0.361006
0.475792
-1.13728
-0.337524
-0.417549
-1.30468
-0.604023
-0.440712
-0.778953
-1.13585
-1.58695
-0.862273
-0.960506
0.967699
1.37777
0.755301
0.988635
2.06722
1.40192
1.99199
1.25315
1.97683
1.59189
0.612213
0.025992
1.00929
0.815197
0.945117
1.31761
1.25506
1.30305
1.59837
1.36119
1.57224
1.04828
0.343241
0.515947
0.381183
-0.132673
-0.119106
0.170295
0.951787
-0.13803
0.147346
-0.861596
-0.510474
-0.64575
0.508897
0.719219
0.775525
0.273122
-1.94068
-0.886129
-0.932512
-0.803739
-0.717296
-1.08705
-1.18863
-1.79245
-2.37107
-0.986773
-0.134799
0.331355
-0.383412
-0.828616
-0.0190329
0.980406
1.63912
0.572115
1.77201
0.45797
0.935334
1.43426
-0.34102
-0.185101
-0.609988
-0.407349
0.490945
-0.267076
-0.0302196
0.287749
0.00762312
-0.1334
2.44978
0.334476
0.281177
-0.0097306
0.422541
-0.699615
-0.165625
-0.20589
-1.01795
-0.826093
0.35187
-1.45606
-0.649829
0.535024
-0.776393
-1.71908
-0.706209
-0.822654
-1.37073
-1.13238
-0.520009
-1.48418
-0.894551
0.0739249
-0.363094
-0.757827
0.27806
-0.0424609
-1.02177
0.354348
0.512819
1.39843
2.19152
2.13705
0.681443
-0.123454
-0.956024
-1.14035
-0.332748
-0.694128
-0.37531
-1.32739
-1.32987
-0.636742
0.154461
-0.110807
1.33666
0.325639
1.37961
2.16589
1.1992
0.039611
0.638054
0.0299948
-1.49918
-0.649424
-0.420486
-0.689458
-0.674901
-0.0767432
-1.71139
-1.7465
-0.715504
-0.460146
0.313661
-0.761518
-0.782927
-0.740996
-0.583699
-0.628329
0.721028
0.511845
0.594941
0.647522
-1.17126
-1.24739
0.54276
-0.517981
-0.912418
0.442589
0.412097
1.54617
1.08311
1.35295
1.12823
0.199157
0.959985
0.667759
0.0325548
-0.144313
-1.16905
-0.92833
-1.40681
-0.851014
-1.2816
-1.0829
1.01964
1.59873
0.905162
0.226064
0.47171
0.764057
1.16899
-0.0473382
-0.771016
-0.658692
-0.952321
-1.81537
-1.48707
-0.146921
-0.098739
-0.430668
-0.504667
-0.0320932
-0.878653
0.456955
-0.138161
-0.952966
0.113576
-0.182637
0.468581
0.236415
0.490995
0.411297
0.721617
0.139464
-0.441991
0.408703
0.139825
-0.493496
-2.02475
-1.83566
-2.12937
-0.761083
-1.00583
-1.12341
-0.291933
-0.608736
0.646893
0.615796
-0.517451
0.0758028
-0.289186
-0.232154
-0.800647
-1.16856
-0.598843
-0.018458
-0.442517
0.609792
-0.657547
-0.192108
-0.149583
-0.334656
0.655449
0.966349
-0.683014
0.416502
1.03236
1.01781
0.990098
1.46016
-0.265982
0.425521
0.313675
0.920945
0.52276
-0.493723
-0.414798
-0.974482
-1.06662
-1.29158
-0.381412
0.016442
-0.601881
-0.0341992
0.393457
0.874112
0.267962
-0.178289
0.655007
0.519402
-0.268094
0.460676
0.689765
1.94259
0.643099
0.741271
