0
-1.5765
-2.12883
-0.958131
0.151819
0.275997
0.184046
-0.879924
-1.3918
-2.5774
-1.05113
-2.90391
-4.23177
-4.15742
-2.55549
0.53672
0.0912404
-0.315772
-1.55883
-2.51778
-1.41085
-0.878765
-0.359428
1.5534
0.879304
0.798767
0.478491
-1.16603
1.43534
2.09055
2.50986
1.67821
2.1043
1.52403
0.868827
-0.354402
-1.00699
-2.03948
-1.11628
0.310326
2.41647
1.08742
1.78567
2.8283
2.50842
3.92491
3.16281
2.43606
1.26908
2.58919
4.82444
3.21919
1.26333
1.45202
0.281791
-0.0124737
0.00878485
0.109924
-0.395747
0.514388
0.865032
-1.39444
-0.653949
-1.18971
0.772709
0.794268
1.94711
1.93529
1.37182
0.941032
-0.0791552
0.159748
-0.137493
0.164116
0.294873
1.49255
-0.0930242
-0.0325511
-0.642053
0.186619
-1.36992
-0.151292
-1.77421
-1.93275
-3.02796
-1.58267
0.739443
-0.542972
-0.383511
0.69124
1.67132
1.63753
3.18558
2.03921
1.10859
1.69864
2.01386
2.43877
2.16033
3.59762
1.46297
1.43288
2.0358
0.835408
-0.865796
2.09384
-0.277766
0.482649
0.945882
0.286527
-0.477405
-1.7257
-1.55189
-0.0920739
-0.0731419
-0.69192
-1.23389
0.382622
0.0221157
2.5901
2.5269
4.32013
3.90793
4.62221
3.83003
2.85266
2.89732
4.16532
2.66306
0.44386
0.338405
1.30606
2.15428
4.49098
2.27697
2.55196
0.488687
-2.08055
-1.00371
-1.26673
-0.764384
0.148899
1.74267
1.87823
1.10681
0.659814
0.584542
-0.819334
-0.146302
2.20663
1.67971
0.341103
0.136701
-0.220274
-0.580211
-0.317113
1.74295
1.00378
1.60732
1.94382
0.846884
0.668263
-1.29106
-0.488505
0.086286
-0.561282
0.708085
0.646358
0.872787
1.84321
2.50521
1.03348
0.219916
1.08541
1.17776
1.90936
1.74591
0.960049
1.10744
-0.449206
-3.15029
-2.8486
-1.36571
-1.83413
-0.671254
-1.52089
-1.11989
-1.48994
-2.83369
-1.5703
-1.51252
-1.44454
-2.68016
-0.675516
-1.37017
-1.15393
-0.332359
0.446644
1.11255
0.231351
1.33888
0.146756
1.20282
1.21259
0.489912
-0.645629
0.767168
-0.962897
-0.86033
0.0786898
-2.21811
-1.89134
-2.58956
-1.36798
-2.11446
-1.21943
-0.580673
-0.11888
-1.03017
0.730046
-0.146042
0.0231165
-0.0994467
-0.659899
-0.679896
-0.580492
-1.48386
-0.750025
0.0526471
-1.73012
-1.48202
-1.35877
-2.00908
-1.93365
-2.42393
-2.93932
-0.793676
-2.42867
-2.38647
-1.36854
-2.4804
0.0242695
1.1678
1.33117
0.334747
-0.906818
-1.30288
-0.121081
0.162303
-0.158407
1.00854
0.94333
-0.349216
0.752898
-1.38708
0.44269
0.116979
0.661043
0.237565
-0.264025
2.17494
2.1291
1.35745
1.19954
0.671084
1.12101
1.31836
0.564343
1.12311
2.00498
1.86191
2.66049
2.61786
2.59482
1.29249
0.201414
0.979226
2.09131
1.83139
-0.819759
-0.164254
1.33924
1.76389
1.58877
-0.614836
-0.428089
0.336999
0.797681
0.981505
1.62811
0.279243
-1.22539
-1.29635
-0.870718
-0.831523
-2.28839
-3.07333
-2.54401
-2.75282
-0.965486
0.26272
-0.0962192
0.563422
-0.132714
-1.1389
-1.30146
0.649398
0.0942003
1.46436
0.668629
-0.549701
-0.1495
0.253403
1.18457
0.783903
-0.494119
-1.15954
-2.51275
-0.835251
-0.0299202
0.659581
2.33276
2.16181
0.97913
0.877696
2.49522
0.631246
1.69321
0.988851
-0.778008
0.221093
-0.588171
-0.274706
0.765434
-0.0319492
0.179591
-0.681852
0.0529393
-0.797299
0.25565
0.423746
1.39382
1.86954
2.58753
0.533793
2.56155
3.54023
0.41157
0.31263
1.49716
2.2493
-0.507654
0.638128
1.00351
0.0911864
0.0651658
0.447138
0.0857638
0.306438
-0.58493
-0.392054
-1.11988
-2.2386
-1.22498
0.0806271
-1.021
-3.45287
-2.40442
-0.95613
-0.243852
2.18914
1.11239
2.21318
2.32274
2.2364
0.917698
1.18493
0.201841
-0.221163
-2.11474
-1.37603
-2.63716
-1.11934
0.759608
0.934378
0.512624
-0.706316
-0.460638
-0.254426
-0.342959
-0.242559
-0.226915
-0.183418
0.484563
1.41395
3.06782
1.10303
1.08873
0.886247
-1.36416
1.8741
2.01144
-0.0881235
0.802094
0.714632
0.78329
-0.50439
-0.69226
-0.60851
1.26684
1.02381
0.0638315
-0.697762
-0.060048
0.355072
2.32115
2.58072
-0.174336
-0.204247
-1.64844
-2.92657
-1.11433
-0.503163
0.136217
0.830679
-0.959029
-0.455909
0.202467
-0.660335
-0.145872
-1.20339
2.05248
-0.314941
0.428803
-0.449919
-0.465651
0.125985
-0.018276
-0.44411
-0.509571
-0.697878
-2.20398
-1.34953
0.156363
-0.801488
1.04967
1.33164
2.82124
1.80588
2.75459
0.887107
0.955344
1.26028
0.536198
0.887552
1.17731
1.03409
0.368563
0.532893
2.16507
0.721696
1.3478
-0.321555
0.298725
-0.3465
0.127875
0.256043
0.482253
-0.565132
0.095276
-0.1703
-1.11799
-0.977908
-0.0749085
-0.47818
0.167346
0.13698
0.498495
0.849362
1.24496
0.155313
0.385767
0.642634
1.44275
1.95972
1.73872
1.48354
1.04773
0.993948
-0.091799
-0.792181
-0.928648
-0.2703
-1.6012
-0.843866
1.56529
1.96977
0.237776
-2.01653
0.504271
