-0.532243
-0.04371
1.25565
-0.0889691
0.64003
-0.0239999
1.39059
0.73752
-0.621854
-1.44494
1.64373
-1.0106
0.888203
-0.35708
-1.2572
0.532736
0.00655588
1.61587
-0.488578
-0.480179
-1.71975
0.854727
2.31275
0.689817
0.610337
-0.571396
1.31512
0.92404
0.0188944
-0.0103214
0.58423
-0.194401
-0.749266
-0.0583912
1.04772
-0.10768
0.429087
-1.42358
0.446826
-0.791561
0.438348
1.72838
-0.158006
-1.78973
-0.559387
0.0369349
0.248375
0.146806
0.88959
-0.262919
-0.133781
0.322575
0.538878
-0.00361728
-0.745586
-0.483504
0.014207
-1.5602
1.4874
-1.02127
-1.392
0.877644
-1.0299
0.899133
0.147697
-1.16739
0.10494
-0.728408
-0.706668
0.61968
-0.513289
1.25904
-1.45306
1.12867
0.516485
0.308955
0.502316
-1.81092
1.11726
0.0201668
-0.533201
-0.589823
-0.382645
0.510528
0.786428
0.768754
2.51478
-0.962305
1.19925
0.549743
1.04424
0.387109
-0.750499
-0.326464
-0.187836
0.384627
-1.21264
0.0760453
-0.812162
0.626603
0.696644
-1.81459
0.669943
0.856594
-0.58132
-0.854939
-0.599018
1.75997
-0.543252
1.10586
1.9854
0.259732
1.42858
0.927352
0.716719
0.910449
0.795708
0.767759
0.560388
-0.463241
-2.01922
0.509398
-0.634678
-0.62603
-1.3199
-0.337711
-0.0443515
-0.308999
0.523177
0.853477
-2.37842
-0.328154
-1.73043
-2.04934
0.352487
-0.208557
-0.583093
1.08446
-1.06689
-1.22666
-0.935947
-1.36432
1.47472
1.6465
-1.00553
0.948577
-2.12423
0.476925
-0.409827
-1.64311
-0.916915
0.805982
-0.410839
0.0316896
-0.571626
-0.654818
-1.29977
-1.06432
-0.0599082
-0.846205
-1.52435
0.247489
-0.0704953
0.136948
0.317855
-1.0768
0.918802
-0.225211
-0.219804
1.53232
0.0265332
-1.3865
0.263637
-1.20169
-0.112998
-2.07177
0.0560976
0.855413
-1.34514
-0.28178
0.308009
1.59105
-0.924559
0.0430546
0.765967
-1.64727
0.801431
-0.819393
1.18209
0.565534
-1.11784
0.0127198
-0.307108
0.881555
1.68734
-3.13288
1.32849
0.0406364
-1.74251
-0.671478
-0.309019
-0.626366
0.610821
0.51526
-0.647317
-0.57873
-1.58995
-0.0961143
-1.10541
0.707699
0.983504
-1.33277
-0.0660409
0.365646
1.47226
1.82278
1.11212
0.0749272
0.635363
-1.05911
-0.962976
0.33483
-0.113301
-1.96712
-1.87358
0.320076
-0.427448
-0.57474
-0.543619
-0.259678
-0.0730743
1.67103
-0.530815
-0.533719
-0.296138
-0.688004
-0.973135
2.34661
0.544623
-1.21719
0.289563
-0.354309
-2.36004
0.875371
-0.0598609
0.584078
0.472756
-0.275616
-1.30743
1.04943
-0.19863
-1.16506
0.809722
-0.904019
-0.519884
-1.56345
-0.707532
-0.288468
-1.3032
1.34483
1.0065
0.73603
0.851065
-1.17817
0.271892
0.041752
-0.205822
-1.47377
-1.04413
-0.717809
0.199162
0.583196
0.396549
-0.604937
-0.945783
-0.252585
0.254197
0.436269
-0.991438
0.474422
-0.746615
0.497013
1.05887
0.56681
-1.80287
-0.469969
-0.617575
0.993523
-1.18769
0.292928
-0.32279
0.446393
-0.185285
-0.375086
-2.3664
0.2672
0.220206
0.0842068
-0.527994
-1.41991
0.155019
-1.29376
-0.193999
1.35195
1.18476
0.448793
1.06596
-1.94053
-0.0277577
0.381475
1.44822
-0.188692
-0.0252074
-0.281767
-0.411402
-0.0647039
1.88536
1.5094
0.962242
0.888573
-1.062
-0.352831
2.10604
0.0626885
0.958272
-0.273766
0.430816
-1.04148
-0.140966
0.472137
-1.95029
0.387274
-3.16047
-0.616759
-0.635787
-0.421903
1.24778
0.839549
-0.0590045
0.957209
0.123695
-1.44728
-0.904411
0.127626
-0.0039076
-2.04725
2.49091
-1.49637
-0.362657
0.371534
0.681515
-1.61877
0.0565121
0.471141
-0.131614
-0.0574241
0.745117
0.843118
-0.657324
0.254213
-0.122928
-1.0364
-0.0575112
1.35211
0.53149
0.0842747
0.576237
0.350725
-0.057025
0.915539
0.638737
1.17998
1.49861
0.159337
-0.156728
-3.01067
-0.0500933
0.320305
0.429352
-1.12006
2.2171
-0.582222
-2.02876
-0.219337
-1.5651
0.291996
0.321102
0.766108
-0.685301
0.935428
-0.173892
2.22547
-0.0799665
-0.753407
-2.02551
0.239272
-1.59269
1.04674
-0.878065
-0.0361447
0.72881
-0.0879114
2.32805
0.0763685
0.0384942
-0.299523
-0.662023
-0.823791
-1.76841
-0.484081
-0.572933
1.47341
-0.932228
1.19048
-0.593582
0.0621402
0.692469
1.69487
-0.893704
2.3427
0.760926
-1.15097
-0.495179
0.451746
-1.73558
0.644833
1.08202
-0.212365
0.135974
-1.21816
0.521125
2.00124
0.276445
-0.163034
0.140581
-0.217015
-0.380934
0.631652
-1.21962
0.0108385
-0.843723
-0.740396
0.97234
0.313619
-1.36442
1.33031
0.720046
-0.249628
1.05924
1.70758
-0.787035
-0.656016
0.612352
-0.203672
-0.581009
-1.18382
-0.570341
-0.0189363
-1.02496
1.13664
-0.379615
1.40164
-0.856767
-0.510551
-0.39988
-0.262136
-0.33227
1.21074
0.81515
0.501269
-0.56397
1.05424
0.858991
0.212008
-0.355767
-1.07284
-0.569499
0.203981
0.600771
-0.378572
-0.591969
-0.307105
-2.04227
-0.0178584
0.775194
-1.88349
-0.462069
-0.232099
-1.44411
1.18184
0.100407
-1.34969
-0.72524
0.700422
-0.878433
1.57727
0.469011
-0.141347
0.0513896
-0.906511
