 0
 2.29963
 1.70779
 1.26079
 0.580444
 0
 0
 0
 0.528815
 0
 0.374281
 1.13183
 0.614077
 0
 0
 0
 0.671106
 0.0569003
 0
 0
 0
 0
 0
 0
 0
 0
 0
 0
 0
 0
 0.204405
 0
 0
 0
 0
 0
 0
 0
 0
 0
 0
 0
 0
 0
 0
 0
 0
 0
 0
 0
 0
 0
 0
 0
 0.602758
 0.429816
 0.193288
 0
 0.747441
 0.0761231
 0
 0
 0.272881
 0.7937
 0.81998
 0.709201
 0.417958
 0
 0
 0
 0
 0
 0
 0
 0
 0
 0
 0.569742
 0
 0
 0
 0.539482
 0.00125338
 0
 0
 0
 0
 0
 0
 0
 0
 0
 0
 0
 0
 0
 0
 0
 0
 0.262014
 0.679181
 0.000978102
 0
 0
 1.23309
 1.74709
 1.14876
 0.795337
 0.103233
 0.0386892
 0
 3.9894
 3.92594
 3.4219
 2.81304
 2.32768
 1.64753
 1.07859
 0.453477
 0
 0
 0
 0
 0
 0.0140579
 0
 0.325804
 0
 0
 0
 0.109112
 0
 1.90115
 1.30589
 1.65781
 1.06119
 0.399912
 0
 0
 0.209693
 0
 0
 0
 0
 0
 0
 0
 0
 0
 0
 0
 0
 0
 0
 0
 0
 0
 0
 0
 0
 0
 0
 0
 0
 0.386534
 0
 0
 0
 0
 0.0451941
 0
 0
 0
 0
 0
 0
 0.65349
 0.587843
 0.0623172
 0
 0.397854
 0
 1.03368
 0.719888
 0.356656
 0
 0.453919
 0
 0
 0
 0
 0.801333
 0.208193
 0.345082
 0
 0
 0
 0
 0.0369764
 0
 0
 0
 0
 0
 0
 0
 0
 0
 0
 0
 0
 0
 1.16477
 0.55953
 0
 0
 0
 0
 0.167805
 0.0824742
 0.68022
 0.150955
 0
 0
 0
 0
 1.5538
 0.923209
 0.66421
 0
 0.33315
 0
 0
 0
 0.944778
 0.274256
 0.121893
 0
 0
 0.231782
 0
 1.18044
 0.511696
 0
 0
 0
 0
 0
 0
 0
 0
 0
 0
 0
 0
 0
 0
 0
 0
 0.197275
 0
 0
 0.931514
 0.562308
 0.565724
 0
 0
 0
 0
 0
 0
 0.363268
 0
 0
 0
 0
 0
 0
 0
 1.20139
 0.534411
 0.897311
 0.581043
 0
 0
 0
 0
 0
 0
 0
 0.454776
 0
 0
 0.0399218
 0
 0
 0.0759957
 0
 0
 0
 0
 0
 0
 3.06698
 2.50921
 1.81736
 1.88247
 2.57124
 1.90091
 1.28009
 0.617324
 0.0216054
 0.161826
 0
 0
 0
 0.00343722
 0
 0
 0
 0
 0
 0
 0
 0
 0.31573
 0
 0
 0
 0
 0
 0
 0
 1.02225
 0.722946
 0.0311728
 0
 0
 0
 0.0816862
 0
 0
 0
 0
 0
 0
 0
 0
 0
 1.29669
 1.24347
 0.759422
 0.0663627
 0
 0
 0.117449
 0
 0
 0
 0
 0.00544429
 0
 0.648684
 0.209992
 0
 0
 0
 0
 0
 0
 0
 0
 0
 0
 0
 0
 0
 0
 0
 0
 0
 0
 0
 0
 0
 0
 0
 0
 0
 0
 0
 0
 0.0103782
 0.416391
 0.586259
 0.0343383
 0
 0
 0
 0
 0
 0
 0
 0
 0
 0
 0
 0
 0
 0
 0
 0
 0
 0
 0
 0.0740074
 0
 0
 0
 0
 0
 0.634223
 0.00833528
 0
 0
 0
 0
 0
 1.63943
 2.12979
 2.53677
 2.00589
 1.31825
 0.63531
 0
 0.590529
 0.737905
 1.16503
 0.495311
 0
 0
 0
 0
 0.861162
 1.36215
 0.702952
 0.0114697
 0
 0
 0
 0
 0.254237
 0
 0
 0.854071
 0.710713
 0.081233
 0
 0
 0.0579332
 0
 0
 0.491635
 0
 0
 0
 0
 0
 0
 0.0614621
 0
 0.0888348
 0.156125
 0
 0
 0
 0
 0
 0
 0
 0
 1.13571
 0.671906
 0.037148
 0
 0
 0.287634
 0
 0
 0
 0
 0
 0
 0
 0.241734
 0
 0
 0
 0.529153
 0
 0
 0
 0
 0
 0.87449
 1.99782
 1.92421
 2.14966
 1.52248
 1.16294
 1.08986
 0.546321
 0.00288524
 0
 0
 0
 0
 0
 0.0138368
 0.448269
 0
 0
 0
 0
 0
 1.07403
 0.531135
 0
 0
 0
 0
 0
 0
 0
 0
 0
 0
 0
 0
 0
 0
 0.240673
 0.0228357
 0
 0.5134
 0
 0
 0
 0
 0
 0
 0
 0
 0
 0
 0
 0
 0
 0
 0.0418784
 0
 0
 0
 0
 0
 0
 0
 0
 0
 0
 0
 0.315779
 0.78843
 0.88334
 0.370296
 0
 0
 0
 0
 0.430303
 1.06745
 3.78538
 3.8657
 4.38648
 4.69164
 4.91131
 4.99157
 5.54658
 0
 0
 0
 0
 0
 0
 0
 0.736859
 0.360971
 0
 0
 0
 0
 0
 0
 0
 0
 0
 0
 0
 0.397832
 0.397832
 0.210177
 0
 0
 0
 0
 0
 0
 0
 0.24746
 0.604389
 0.844813
 0.591765
 0
 0
 0
 0
 0.11193
 0
 0
 0
 0
 0
 0
 0
 0
 0
 0
 0
 0
 0
 0
 0.277655
 1.52096
 1.82708
 2.65671
 2.78113
 2.82121
 2.99943
 2.36639
 1.74056
 1.13095
 0.580415
 0.62228
 0.272621
 0
 0
 0
 0
 0
 0
 0
 0
 0
 0
 0
 0
 0
 0
 0
 0
 0
 0
 0
 0
 0
 0
 0
 0
 0
 0
 0
 0
 0
 0.349572
 0.219769
 1.33869
 1.45147
 1.29353
 0.630624
 0
 0.00455359
 0
 0
 0
 0
 0
 0
 0
 0.741698
 0.974334
 0.434184
 0
 0.462362
 0.466374
 0
 0
 1.58585
 2.54906
 5.58707
 0.0323059
 1.00628
 0.699281
 0.0121877
 0
 0
 0
 0
 0
 0
 0
 0
 0
 0
 0
 0
 0.135244
 0.225423
 0
 0
 0
 0
 0.914854
 1.39317
 0.817632
 0.379243
 0
 0
 0
 0
 0
 0
 0
 0
 0
 0
 0
 0
 0
 0
 0.334595
 0
 0
 0
 0.542527
 0.356944
 0
 0
 0
 0.300922
 0
 0
 0
 0
 0
 0
 0
 0
 0
 0.373613
 0
 0
 0
 0.170697
 0.270978
 0
 0
 0
 0
 0
 0
 0
 0
 0
 0
 0
 0.077629
 0
 0
 0.809849
 1.88777
 2.62664
 2.39514
 1.87114
 1.22653
 0.893907
 1.36777
 1.20378
 0.538808
 0.0979172
 0
 0
 0
 0
 0
 0
 0
 0
 0
 0
 0
 0
 0
 0
 0.245435
 0
 0
 0
 0
 0
 0
 0
 0
 0.383125
 0
 0
 0
 0
 0.574007
 0.256448
 1.77799
 3.10019
 3.18492
 2.56722
 1.90863
 1.24823
 1.04936
 0.521609
 0.38298
 0.721303
 3.40255
 3.72135
 3.04437
 2.58417
 2.78376
 3.97726
 4.55468
 5.32085
 0
 0
 0
 0
 0
 0
 0.179704
 1.29665
 2.2425
 1.80159
 1.11065
 0.649225
 0
 0
 0
 0
 0.558481
 0.22709
 1.30591
 1.6735
 0.980359
 0.348633
 0.421803
 0
 0
 0.267553
 0
 0
 0
 0
 1.32469
 1.04188
 0.357069
 0
 0
 0
 0
 0
 0
 0
 0
 0
 0
 0
 0
 0
 0.0755174
 0
 0
 0
 0
 0
 0
 0
 0
 0
 0.117694
 0.534237
 0.0877555
 0
 0
 0
 0
 0.0167384
 1.19086
 0.692139
 0.123131
 0
 0
 0
 0.635073
 0.488458
 0.15723
 0
 0
 0
 0
 0
 0.939302
 1.64915
 2.43394
 3.21349
 3.11504
 3.00872
 2.31604
 1.70968
 1.08218
 2.3128
 3.86812
 3.17857
 2.86625
 2.73952
 3.4032
 5.39475
 1.09382
 4.85792
 6.9098
