 0
 0.16247
 0
 0
 0
 0
 0
 0
 0
 0
 0
 0
 0
 0
 0
 0
 0
 0
 0.143663
 0
 0
 0
 1.58271
 1.00612
 0.317082
 0
 0
 1.84904
 1.16449
 1.83932
 1.5963
 0.954262
 0.264256
 0
 0
 0
 0
 0.120701
 0
 0.588067
 0
 0
 0
 0
 0.0191887
 0
 0
 0.179343
 0
 0
 0.00952331
 0
 0
 0
 0
 0
 0
 0
 0
 0
 0
 0.742871
 0.0899795
 0
 0
 0
 0
 0
 0
 0
 0
 3.89458
 3.30498
 2.92242
 2.3164
 1.63562
 2.57689
 1.99904
 1.82146
 1.14522
 0.687324
 0.0471067
 0
 2.30395
 1.86418
 1.76334
 1.53067
 0.883523
 0.477781
 0.307342
 0
 0
 0
 0
 0
 0
 0
 0
 0
 0
 0.314866
 0
 1.93984
 1.87269
 1.17955
 0.602535
 0.440265
 0
 0.618453
 0.125347
 0
 0
 0
 0
 0
 0
 0
 0
 0.0903308
 0
 0
 0
 0
 0
 0
 0
 0
 0
 0.233868
 0
 0.209707
 0
 0
 0.0409493
 1.62706
 1.67897
 0.992129
 0.758473
 0.273307
 2.81442
 2.95693
 2.40681
 1.74901
 1.08095
 0.4009
 0
 0
 0
 0.312321
 0
 0
 0
 0
 0
 0.334415
 1.54353
 0.86275
 1.28877
 0.664467
 0
 0
 0
 0
 0
 0.15529
 0.0823867
 0
 0
 0
 0
 0
 0
 0
 0.105139
 0
 0
 0.102393
 2.89426
 2.31018
 1.66484
 1.38089
 1.99231
 1.38113
 1.00599
 0.885012
 0.225119
 0
 0
 0.172258
 0
 0
 0
 0.416429
 0
 0
 0
 0
 0
 0.259078
 0
 0
 0
 0
 0
 0.28599
 0
 0
 0
 0.872266
 0.350958
 0
 0
 0
 0
 0
 0
 0
 0
 0
 0
 0
 0
 0
 0
 0
 0
 0.533071
 0.0157654
 0.967178
 0.356892
 0
 0.375886
 0
 0.873105
 0.296386
 0
 0
 0
 0
 0.417439
 0
 0
 0
 0
 0
 0
 0.128999
 0
 0
 0
 0
 0
 0
 0
 0
 0
 0
 0
 0
 0.688709
 0.129048
 0
 0
 0
 0
 0
 0
 0.283075
 0
 0
 0
 0
 0
 0
 0
 0
 0
 0
 1.06885
 0.378241
 0.810541
 0.716404
 0.106916
 0
 0.240009
 0
 0
 0
 0
 0
 0
 0
 0
 0
 0
 0.582076
 0.469051
 0
 0.190893
 0
 0
 0
 0
 0
 0
 0
 0
 0
 0.390727
 0
 1.01473
 0.672684
 0
 0
 0
 0
 0
 0
 0
 0
 0
 0
 0
 0
 0
 0
 0
 0.721329
 0.553204
 0.188056
 0
 0
 0
 0
 0
 0
 0
 0
 0
 0
 0
 0
 0
 0
 0
 0
 0
 0
 0
 0
 0
 0
 0.357197
 1.07322
 0.780206
 1.87292
 1.53668
 0.84811
 0.289875
 0
 0
 0
 0
 0
 0
 0
 0.432925
 0
 0
 0
 0
 0
 0
 0
 0
 0
 0
 0
 0
 0
 0
 0
 0
 0
 0
 0
 0
 0
 0
 0
 0
 0
 0
 0
 0.130062
 0
 0
 0
 0
 0
 0
 0
 0
 0
 0
 0
 0
 0
 0
 0
 0
 0
 0
 0.26728
 0
 0
 0.827594
 0.145407
 0
 0.429076
 0.508127
 0.901737
 0.212332
 0
 0
 0.565321
 0.0440054
 0
 0
 0
 0
 0
 0
 0
 0
 0
 0
 0
 0
 0
 0
 0
 0
 0
 0.587931
 0.207565
 0
 0
 0
 0
 0
 0
 0
 0
 0
 0
 0
 0
 0
 0.185533
 0
 0.448001
 0.799068
 0.148525
 2.68806
 2.02927
 1.33617
 0.85123
 0.64147
 0
 0
 0
 0
 0
 0
 0
 0
 0
 0
 0.600176
 1.32094
 0.741488
 0.0581347
 0
 0
 0
 0
 0
 0
 0
 0
 0
 0
 0
 0
 0
 0
 0
 0
 0
 0
 0
 0.0799132
 0.284566
 0.170676
 0
 0.265079
 0
 0.599153
 1.72385
 2.88628
 3.26266
 3.62376
 3.79575
 3.11998
 3.04016
 3.2822
 2.64713
 1.96208
 1.29081
 1.04322
 2.15273
 1.54397
 0.871177
 0.189057
 0
 0.112725
 0.698584
 1.02452
 1.55664
 1.50369
 1.90178
 1.55529
 1.83837
 1.20353
 0.554369
 0
 0.182276
 0.346172
 0.205378
 0
 0.630735
 2.37596
 2.09182
 1.66968
 1.16385
 0.471031
 0
 0
 0.282092
 3.93062
 4.48661
 5.01888
 0
 0.377749
 1.11504
 1.44861
 1.65996
 1.28862
 0.83331
 1.91455
 1.32169
 0.628566
 3.46853
 5.57711
 2.7724
 3.84405
 5.76228
 0.909988
 2.57785
 2.83921
 2.23487
 1.85779
 8.28324
 6.77983
