-0.48334
0.454543
1.14616
0.408147
0.530613
2.41195
1.47101
0.767784
-0.498606
-0.236384
2.14304
2.08917
0.653574
-0.13027
0.707717
0.312921
-0.236145
0.729287
0.854969
0.584393
0.677323
2.26236
1.67888
1.01342
0.559652
1.25725
0.439082
2.35951
1.90064
0.247541
-0.90048
0.590975
0.0692235
0.83183
0.30119
1.50253
-0.630991
-2.11385
-1.50055
-2.43525
-1.8033
0.164394
1.95543
0.594476
0.168251
-0.441654
-1.18311
-1.15572
-0.307987
1.62258
3.19604
0.701017
0.658325
1.34841
1.85738
0.408451
-1.12501
-1.12646
-1.55989
-2.60683
-1.69204
-2.23217
-1.34502
0.924867
0.592004
-0.728714
0.313671
0.84979
0.742236
3.10686
1.50546
1.65622
1.1742
1.49694
0.594406
1.33091
0.0764291
-0.178363
0.759128
-0.437646
-0.479877
-0.0518365
-1.03433
-0.560459
-0.353089
-0.666739
-0.54205
-2.29423
-1.93782
-0.40984
3.35364
2.18111
2.7018
1.66242
0.825087
0.971288
1.55726
1.25728
1.61087
0.755938
0.627908
0.695262
0.442893
0.750854
2.07742
2.75311
1.60648
0.192759
-0.532717
-0.859921
0.0339042
-2.14361
-2.20562
-2.37588
-1.65701
-2.03552
0.319958
1.20877
1.10911
0.503346
1.46906
1.47508
0.820127
-1.71021
-0.468163
-1.40979
-1.4837
0.0467822
2.19005
0.907139
1.06751
1.16901
0.64254
0.833978
0.184975
1.32839
-0.195947
2.18662
-0.50378
-0.00286269
-0.85581
-2.23381
-1.42098
0.181117
-1.82806
-1.49326
-0.709497
-0.783727
-0.563961
-0.65946
-2.16923
-0.539107
0.277168
1.88785
2.42077
0.31172
0.385903
0.132095
-0.945361
-0.129388
-0.482417
0.1794
1.58326
3.10285
2.57806
1.46327
2.34575
2.31507
0.61673
3.5469
3.56196
3.10124
2.02394
1.97012
0.931192
0.608869
-1.84578
-1.89763
-1.35586
-0.683875
-1.65226
0.113926
-0.974264
-0.977398
-0.360339
1.49697
2.83106
2.49257
1.40057
1.6874
0.186623
-1.01473
-0.709089
-0.186348
-0.179285
-0.331046
-0.932631
-1.86218
-0.185214
-2.38311
-1.96221
0.330604
-0.193623
1.5959
0.428443
-1.0783
-2.51889
-2.24485
-0.234829
-1.8949
-0.201148
0.959065
1.18111
0.896629
0.0893719
1.48998
0.713283
0.515791
0.0570346
-0.109423
0.757986
0.295147
-1.50926
-0.964268
-0.232304
-1.24644
0.338995
2.14625
2.19305
2.97625
2.59982
-0.227019
-1.76274
-1.03725
0.512355
2.04209
1.13466
0.65991
0.494969
0.0505421
-0.665247
0.0938589
-1.51269
-1.0148
-1.34444
-0.0836002
0.130453
0.569381
-0.283216
0.71539
-0.130521
-0.622421
-0.553782
-0.605438
0.278008
-0.761934
-1.45488
-1.36691
-1.47529
-0.370573
1.08118
-1.0507
-1.13694
-0.213022
-0.288087
-1.66507
-1.36676
-0.93433
-1.13353
-1.15948
0.686854
0.806506
0.783232
1.21248
-0.651502
-1.52041
-2.37343
-0.799585
0.201649
-1.03942
-1.22163
0.823317
2.12764
2.94577
0.190144
0.894972
0.123054
1.61193
2.19412
0.301449
0.117627
1.36422
0.144901
1.12248
-0.312887
-0.911725
-0.192047
-2.67248
-0.470156
-0.237892
1.37629
3.01423
2.02143
2.00623
0.903
1.84458
-1.88236
-1.66943
-1.65808
-1.78376
-1.73757
-3.12957
-3.76427
-3.765
-2.87726
-0.668287
0.629104
1.21783
0.585555
-1.23008
-0.227029
0.426739
0.123601
-0.828186
-1.61318
0.216743
-1.87775
-1.9407
-0.694605
-0.964484
-1.89617
0.811165
-1.28158
0.944024
1.76747
1.20243
1.38681
-0.193128
-1.11576
-2.21827
-1.28779
-2.9313
-0.666803
-0.649382
0.0384053
-0.243401
-1.01831
0.713
1.33448
1.23359
1.09878
1.40192
1.50703
1.9683
1.22434
0.801906
0.0886026
-2.66815
-2.71988
-2.08784
-0.809615
-1.79551
-2.58785
-1.2244
0.617059
1.93603
0.670703
1.23784
0.528788
-1.22418
-1.30351
0.468832
-1.47917
-0.667748
-0.865312
-1.19095
-1.49882
-1.88882
-0.99657
-0.0690497
0.972377
0.415729
1.49738
1.41475
1.40494
-0.348554
-0.523638
1.49543
1.56286
1.20727
0.915963
-0.586245
-0.24844
0.494909
0.811875
-0.223683
-0.42637
-0.796774
-1.44868
-1.71753
-1.65401
-0.753662
-1.38346
-1.75958
-1.44064
-1.7317
-0.961173
-1.60193
-1.36985
-0.297485
-0.483744
-1.21994
-2.83422
-2.75665
-1.26576
0.189
-0.125246
-0.388854
-0.731408
-2.46518
-2.0553
-1.1514
-0.695392
0.752052
0.38266
-1.05627
-1.94587
-3.04211
-1.06503
0.193756
0.883083
0.994914
0.784314
0.953593
1.79567
0.492139
0.62428
-0.571989
0.154739
-0.488934
0.196786
0.66488
-1.22132
-0.0724626
1.84849
-0.0125295
0.0960146
1.403
1.64056
0.202036
0.0585532
1.07672
0.137914
-0.926177
-0.118737
0.11831
-0.201254
0.476503
-0.271267
-1.02352
-2.44851
-2.21215
-2.19959
-0.970615
-2.07569
-1.29337
-2.11175
-1.13574
-0.460693
-0.282089
-2.30925
-2.4154
-2.6503
-1.24942
-1.69676
-1.40276
-3.00123
-3.6399
-2.94807
-2.28626
-2.73449
-2.15347
-0.790229
-0.318936
-2.67699
-0.0238837
1.51647
0.0216842
0.483721
0.149779
1.77932
1.07074
-0.109347
-0.585672
-0.327219
-0.26027
-0.333506
0.0647477
-0.720024
-0.1797
