 0
 0
 0.0759356
 0
 0
 0
 0
 0
 0
 0.468875
 0
 0
 0
 0
 0
 0
 0
 0
 0
 0
 0
 0
 0
 0
 0.467808
 0
 0
 0
 0
 0.120841
 0
 0
 0
 0.624748
 0.749765
 0.205986
 0
 0
 0
 0
 0
 0.251429
 0.651876
 0
 0
 0
 0
 0
 0
 0
 0
 0
 0
 0
 0
 0
 0
 0
 0.126683
 0
 0
 0
 0
 0
 0.00376645
 0
 0
 0.136161
 0
 0
 0
 0.0176011
 0
 0
 0
 0
 0
 0
 0
 0
 0
 0
 0
 0.386004
 0
 0
 0
 0
 0.0388084
 0
 0
 0.454209
 0.0773405
 1.67371
 1.12243
 0.450352
 0
 0
 0
 0
 0
 0
 0
 0
 0
 0
 0
 0
 1.55788
 1.04915
 0.368697
 0
 0
 0
 0
 1.10482
 0.411779
 0.650704
 0.331153
 0
 0
 0.30612
 0
 0
 0
 0
 0
 0
 0
 0
 0
 1.14431
 0.607072
 0
 0
 0
 0
 0
 1.23883
 0.737631
 0.13425
 0.328548
 0
 0
 0
 0
 0
 0.309651
 0
 0
 0
 0
 0
 0
 0
 0
 0.804899
 0.197763
 0.63905
 0.102151
 0
 0.116603
 0
 0.533414
 0
 0
 0
 0
 0.418029
 0
 0
 0
 0
 0
 0
 0.858157
 0.574034
 0.291564
 1.25464
 0.61559
 0.932973
 1.06871
 1.33689
 0.783303
 0.111306
 0
 0
 0.557669
 0
 0
 0
 0
 0
 0
 0
 0
 0
 0
 0
 0
 0
 0
 0
 0
 0
 0.43736
 0
 0
 0
 0
 0
 0
 0
 0
 0
 0
 0
 0
 0
 0
 0
 0
 0
 0
 1.7915
 1.22866
 1.03118
 0.369436
 0
 0
 0.498171
 0
 0
 0
 0
 0
 0
 0
 0
 0
 0
 0
 0.357734
 0.729692
 0.148579
 0.517927
 0
 0
 0
 0
 0
 0
 0
 0
 0
 0.427688
 0
 0
 0.216253
 0
 0
 0.580867
 1.188
 1.19378
 0.715773
 0.244605
 0.596493
 0.833133
 1.45504
 1.38172
 1.01828
 0.442917
 0
 0
 0
 1.43103
 0.816598
 0.140468
 0
 0
 0.135609
 0.0582905
 0.659488
 0.616279
 0.154062
 0
 0
 0
 0
 0
 1.18665
 2.7746
 2.76018
 3.14599
 2.97872
 2.2985
 1.69105
 1.22999
 0.844273
 0.633972
 0.0470812
 0.667835
 0
 0
 0
 0
 0.515566
 1.40081
 0.711941
 0.269448
 0
 0
 0
 0
 0.152584
 0
 0.44861
 0
 0
 0.963799
 0.286227
 0
 0
 0
 0
 0
 0
 0
 0.3423
 0.0653528
 0
 0
 0
 0
 0
 0
 0
 0.0955673
 0
 0.134914
 0
 0
 0
 0.145578
 0.0705794
 0
 0
 0
 0.0762506
 0
 0
 0
 0.133539
 0
 0
 0
 0
 0
 0
 0
 0
 0
 0
 0
 0
 0
 0
 0
 0.028509
 0
 0
 0
 0
 0.320706
 0
 0
 0
 0.151564
 0
 0
 0.260213
 0
 0
 0
 0
 0
 0
 0
 0
 0.966219
 0.877066
 1.1507
 0.45789
 0
 0
 0
 0
 0
 0
 0
 0.910271
 0.250358
 0
 0.758894
 0.754485
 0.070151
 0
 0
 1.28223
 1.10162
 0.445526
 0
 0
 0
 0
 0
 0.063315
 0
 0
 0
 0
 0
 0
 0
 0
 0
 0
 0
 0.220524
 0.657591
 0.453545
 0.177989
 0
 0
 0
 0
 0
 0
 0
 0.359692
 0
 0.272972
 0.179107
 0
 0.974444
 0.506065
 0.630824
 0
 0
 0
 0
 0
 0
 0
 0
 0.431393
 0
 0.615991
 0
 0
 0
 0
 0
 0
 0
 0
 0
 0
 0
 0
 0
 0
 0
 0
 0
 0
 0
 0
 0
 0
 0.977708
 0.310267
 0.626461
 0.698116
 0.0952648
 0
 0
 0.426839
 1.04008
 0.347677
 0.163141
 0
 0.0293256
 0
 0.0901252
 0.177963
 0.317401
 0
 0
 0
 0
 0
 0
 0
 0
 0
 0
 0
 1.99473
 3.95586
 3.28446
 2.91129
 2.26647
 1.57406
 0.989297
 0.30356
 0.462202
 0.307884
 0
 0
 0
 0
 0
 1.08817
 0.405534
 0
 0
 0
 0
 0
 0
 0
 0
 0
 0
 0.32763
 0
 0
 0.282453
 0.545243
 0
 0
 0
 0
 0
 0
 0
 0
 0
 0.641017
 2.28142
 2.60056
 2.1981
 2.95378
 2.37668
 1.68538
 1.19305
 0.634286
 0.0615668
 0.368295
 0
 0.178921
 5.52602
 5.55558
 0.462775
 0.026778
 0
 0
 0
 0
 0
 0
 0
 0
 0.135049
 0
 0
 0
 0
 0
 0
 0
 0
 0
 0
 0
 0
 0
 0
 0
 0
 0
 0
 1.73073
 1.42834
 4.12138
 5.30534
 0
 0.470693
 0.829637
 0.191018
 0
 0
 0.538354
 0.71942
 0.421258
 0
 0
 0.390156
 1.48951
 3.83344
 4.2537
 3.63027
 3.16588
 3.29439
 2.72381
 3.26649
 4.14335
 4.07584
 3.97219
 3.37628
 2.69392
 2.22265
 1.74833
 1.49936
 1.38025
 1.1594
 1.71822
 1.21111
 0.975795
 2.25444
 1.80897
 1.77423
 1.24978
 1.07491
 0.46891
 0
 0
 0
 0
 0
 1.39333
 1.23898
 0.957402
 0.270059
 0.0679088
 0
 0
 0
 0
 0
 0
 0
 0
 0
 0
 0
 0
 0
 0
 0.120159
 0
 0
 0
 0
 0
 0
 0
 0.260203
 0.0140623
 0.608176
 0.0213975
 0
 0.735573
 0.0527724
 0
 0
 0
 0
 0
 0
 0
 2.13299
 1.45504
 0.839147
 0.317312
 0.263428
 0.232093
 0.480486
 0.089683
 0
 0
 0
 0
 0.0010128
 0
 0
 0
 0
 0
 0
 0
 0
 0.166887
 0.320715
 0
 0
 0
 0
 0
 0
 0
 0.601996
 0
 0
 0
 0
 0
 0
 1.35109
 0.673792
 0.299534
 0
 0
 1.13831
 1.11408
 1.94827
 3.50248
 3.04009
 3.08538
 2.39492
 1.70715
 1.015
 0.548259
 0
 0
 0
 0
 0
 0
 0
 0
 0.22028
 0.174765
 0
 0
 0
 0.226214
 1.66207
 2.45261
 1.75997
 1.67036
 2.10052
 2.57792
 2.56757
 2.2576
 1.58767
 1.11765
 1.48755
 1.00462
 0.389217
 0
 0
 0
 0
 0
 0.153203
 0
 0
 0
 0.122035
 0
 0
 0.0898285
 0
 0
 0
 0
 0
 0
 0
 0.309016
 0
 0
 0
 0.120457
 0.272507
 0
 0
 0
 0
 0
 0
 0
 0
 0
 0
 0
 0
 0
 0.105574
 0.92376
 0.279093
 0.0872901
 0.459847
 0.988249
 0.838237
 0.183875
 0.639685
 2.41655
 3.43159
 3.92399
 3.29499
 3.01985
 2.51429
 1.82448
 1.15705
 0.554805
 0.075414
 0
 0
 1.93104
 4.27928
 3.94649
 4.09814
 4.75952
 4.92144
 5.08235
 0.491344
 0
 0
 0.249967
 0.371084
 1.31363
 0.645537
 1.22592
 0.556414
 0
 0
 0
 0.127949
 1.71659
 2.37997
 1.86823
 1.18523
 2.22441
 1.5329
 1.10157
 0.499891
 0
 0
 0
 0.871712
 0.178788
 0.762018
 2.80565
 3.17419
 2.79801
 2.98959
 2.30343
 2.73207
 2.64229
 2.00538
 1.52032
 1.20896
 0.549994
 0.634787
 0.649571
 1.45025
 3.38028
 4.71029
 6.3911
