 0.709992
 0.187829
 0.127321
 0.37903
 -1.12534
 -0.709364
 0.778627
 -0.253398
 0.570178
 -0.534012
 0.0974265
 0.273605
 -0.163503
 -0.112481
 0.518431
 -0.0311738
 -0.913009
 0.189747
 0.176708
 -0.292905
 0.912404
 -0.469383
 0.578375
 0.306722
 -0.940141
 0.822362
 0.435203
 0.0796662
 0.763907
 -0.0402031
 -0.0234251
 -0.855711
 0.180405
 -0.782285
 0.742538
 -0.316923
 0.526533
 0.506626
 0.502098
 0.328286
 0.133629
 -0.890056
 0.174123
 0.381509
 -0.690355
 -0.713786
 0.51681
 -0.82557
 -0.118284
 0.0214092
 -0.672599
 0.292966
 0.275066
 1.20038
 -1.70155
 0.605263
 -1.37486
 0.160496
 0.272797
 0.428006
 1.48644
 -2.18204
 0.495685
 -0.335184
 -0.024598
 1.79762
 -1.38714
 0.811303
 -0.263184
 0.141109
 -0.792708
 1.11471
 0.573429
 -0.198331
 0.662112
 0.339922
 -0.864805
 0.947764
 -1.30027
 1.3994
 -0.311824
 -0.265742
 0.0735634
 -1.6889
 0.331313
 -0.187727
 0.632972
 -0.850235
 -1.59421
 1.41111
 -0.984337
 1.61635
 -1.20368
 1.07359
 0.12847
 -1.48359
 1.7378
 -0.669716
 0.229476
 0.335269
 -0.354275
 -0.381675
 0.633633
 -1.00103
 2.75909
 -1.61857
 1.34936
 -0.285129
 0.493164
 -0.953029
 0.118417
 -0.0180934
 0.314877
 -0.136206
 0.777492
 0.339218
 -1.19271
 -0.153498
 0.678306
 -0.0778676
 -2.07095
 0.88724
 -0.390805
 -0.915244
 -0.00575736
 -1.02533
 1.30577
 -0.655204
 0.100962
 0.547673
 0.134062
 1.42416
 1.07558
 0.375568
 -1.11399
 -0.199687
 -0.954316
 -0.342312
 0.856274
 -0.511655
 0.121319
 0.369727
 0.541999
 -0.116952
 0.920778
 -1.02433
 0.399716
 0.117113
 -0.877881
 0.418359
 -0.332422
 0.120496
 0.227935
 -1.18153
 0.228782
 -0.753875
 0.271839
 1.40311
 -0.876543
 -0.0634434
 1.25128
 0.0959561
 -0.113061
 0.766423
 -0.417621
 0.221872
 0.0714042
 -0.383961
 0.472586
 0.289849
 -0.935984
 0.408189
 -1.54506
 -0.423775
 -0.257751
 -0.557059
 0.663798
 0.258308
 -0.816776
 0.696256
 0.751901
 0.332618
 0.233138
 0.485142
 -1.91306
 1.60668
 -0.761119
 0.4882
 0.536797
 -0.213169
 -0.20304
 -0.446352
 0.373293
 -0.589265
 0.862298
 0.613843
 -1.56257
 0.674671
 -0.281551
 -0.247771
 0.889034
 -0.671313
 0.581503
 0.336853
 -1.12862
 0.377496
 -2.00757
 1.90154
 -0.305342
 0.131812
 -0.0312727
 0.436127
 0.500427
 -0.429296
 -0.970863
 0.375917
 -0.277739
 -0.186085
 0.816129
 -0.445875
 0.0107857
 0.632953
 0.157288
 -1.38149
 0.0949195
 0.353458
 -0.975134
 0.895058
 -1.38548
 0.00975082
 0.761148
 0.0273358
 0.468717
 0.0606265
 -0.135828
 0.247553
 -0.279862
 0.320149
 -0.240782
 0.110677
 -0.444425
 0.154057
 0.290099
 -0.260654
 0.441084
 -0.213181
 1.52708
 -0.0109005
 -1.25286
 1.07792
 -0.335737
 -0.187336
 0.90709
 -0.981233
 0.130132
 -0.625538
 0.239779
 0.421346
 0.173473
 0.598459
 -1.23201
 1.01711
 -0.852084
 0.172844
 -0.029048
 0.0626575
 0.780571
 -0.344545
 0.0953804
 -0.355862
 0.245884
 -0.212963
 0.201665
 -0.609373
 0.554152
 0.183431
 -0.1053
 0.99459
 -0.319053
 -0.121658
 0.331303
 -0.893892
 -0.954134
 0.022261
 -1.35359
 1.11043
 -0.0251012
 -0.980574
 1.35413
 -0.0497838
 1.27122
 -0.617954
 0.364568
 -0.850061
 0.554415
 -1.39582
 1.24844
 -1.25802
 0.618548
 -1.6996
 0.870511
 -0.159579
 0.161139
 0.559232
 -0.940096
 0.330105
 0.208602
 0.143846
 0.045544
 -0.253091
 0.163329
 0.353438
 0.29258
 -1.15975
 0.630668
 0.819334
 -0.918193
 0.529087
 -0.0615307
 -0.215834
 0.0208263
 1.1714
 -0.372379
 -0.848933
 0.604556
 -0.987525
 0.372351
 -0.365023
 0.282043
 0.882
 -0.585273
 -0.232098
 0.125677
 1.25976
 0.57384
 -2.0567
 0.0277929
 -0.299667
 -0.1785
 -0.246896
 1.3271
 -0.140456
 1.04123
 -0.255327
 -0.229808
 0.460865
 -0.256628
 -0.451303
 -0.684184
 -0.572901
 0.584961
 -1.13441
 -0.157394
 0.0959486
 0.707882
 0.0607181
 0.0673665
 0.0654211
 0.209585
 -0.21419
 -0.772434
 0.559702
 0.450535
 -0.513448
 0.573078
 0.552196
 -0.202332
 0.380333
 -0.149098
 -0.996607
 0.274196
 0.700798
 -0.299854
 0.765722
 -0.379035
 1.47937
 -1.0352
 -0.119133
 -0.45227
 0.519559
 -0.556184
 0.0844622
 0.615898
 -0.556766
 0.156118
 -0.862426
 0.77691
 -0.37527
 0.612539
 -0.329554
 -0.893919
 0.523694
 -0.0755067
 0.881281
 -1.07635
 0.586813
 0.287255
 -1.06206
 0.383195
 -0.122227
