 0.0448935
 0.136207
 0.0272886
 -0.0448681
 0.140753
 -0.283908
 0.0023339
 -0.0932387
 0.24683
 0.0186307
 0.0579102
 0.150451
 -0.0706874
 0.138509
 0.135969
 -0.0127612
 0.111311
 0.00696116
 0.0175257
 -0.225898
 -0.114705
 -0.100636
 -0.0929566
 0.0137821
 0.0663489
 -0.0832573
 0.0549103
 0.0359761
 -0.0804966
 -0.172419
 -0.0055857
 0.0244409
 0.142004
 0.0535167
 0.129015
 0.0454955
 0.154653
 -0.104516
 -0.0812388
 0.000682254
 0.16904
 -0.0720324
 -0.0689346
 -0.0872551
 0.102766
 -0.0407983
 0.128133
 0.0486014
 -0.067865
 -0.234972
 0.00738815
 0.0813585
 -0.0163321
 0.033451
 -0.135015
 0.0740458
 -0.0248689
 0.0911513
 0.0282884
 -0.0951453
 -0.111561
 0.0488224
 -0.1795
 -0.132993
 0.0151199
 -0.0867064
 -0.186541
 0.0148331
 0.0175657
 -0.018385
 -0.173715
 -0.0143905
 -0.264761
 0.00117107
 -0.0623474
 0.106103
 0.0893505
 -0.00753844
 -0.0575788
 -0.0936267
 0.019291
 -0.0183072
 0.160759
 0.20824
 0.0837545
 -0.00689699
 -0.236176
 -0.00218604
 0.0951815
 -0.0583061
 -0.0144008
 -0.048248
 0.024551
 0.174736
 0.0669537
 -0.113847
 0.0583555
 -0.0320798
 -0.0176429
 -0.164701
 0.162585
 0.0343114
 0.0396272
 0.194378
 0.066527
 -0.218561
 0.0546242
 -0.0271904
 -0.0619473
 -0.0604134
 0.0645422
 0.0281606
 -0.128397
 -0.137561
 -0.197586
 0.0640016
 -0.188557
 0.0335989
 -0.0852159
 -0.0805044
 0.019168
 0.0240304
 0.0107254
 0.0759238
 0.0146825
 -0.0722943
 0.0329636
 -0.0120687
 0.043273
 -0.135303
 -0.00885313
 0.131432
 -0.0390045
 -0.0267127
 -0.0720123
 0.0534263
 0.0610703
 0.0168548
 -0.0150451
 -0.0257692
 -0.294561
 -0.228637
 -0.0179217
 -0.101875
 -0.0231996
 0.0321173
 0.00111315
 0.0126925
 -0.255891
 0.0629078
 0.17635
 -0.0180198
 0.0701266
 -0.107776
 0.0685299
 -0.0415695
 -0.19088
 -0.0968739
 0.101407
 -0.0682705
 -0.0446991
 0.0931078
 -0.0185771
 0.0763818
 -0.0337721
 -0.130501
 0.0792552
 -0.162949
 0.0422709
 0.168913
 -0.00275153
 0.0191196
 0.0426278
 -0.020143
 0.100661
 -0.00647915
 -0.0609537
 0.0127149
 0.00876533
 -0.0199844
 0.0629832
 -0.0705557
 -0.116042
 0.0156694
 -0.00813794
 -0.175897
 -0.0108163
 -0.0963202
 0.06816
 -0.127771
 0.0939849
 0.0210473
 -0.00151621
 -0.019667
 -0.11799
 0.159313
 -0.184289
 -0.064806
 -0.0207724
 0.227839
 0.246619
 -0.141929
 -0.0614444
 -0.069761
 -0.125665
 -0.151827
 -0.196179
 0.021587
 -0.0765548
 -0.245153
 0.104909
 0.178312
 0.0532996
 0.102658
 0.0435227
 -0.0995656
 0.0123131
 0.106091
 -0.102928
 -0.206573
 0.0634121
 -0.0343041
 0.142596
 0.0231308
 -0.095138
 -0.153144
 -0.073807
 -0.022676
 -0.100116
 -0.00359731
 -0.160594
 -0.0943852
 0.0185889
 0.228145
 0.123346
 0.0161107
 -0.0208507
 0.207017
 0.0809535
 0.152736
 0.013276
 0.0909452
 -0.152988
 -0.105592
 0.062614
 0.0814583
 -0.0997714
 -0.0204666
 -0.117209
 -0.0218861
 0.0662045
 0.0535231
 0.132336
 -0.111847
 0.0372098
 0.0464217
 -0.0135924
 0.0383877
 -0.172069
 0.164967
 -0.0105525
 0.144303
 -0.15197
 -0.0569865
 0.0443634
 0.0225067
 0.108767
 0.133449
 -0.0756352
 -0.0698416
 -0.0812127
 0.0940644
 0.0577328
 0.0535367
 0.0609487
 -0.133777
 0.0376926
 0.0924488
 0.140503
 0.00756084
 0.143234
 0.0294605
 -0.024563
 0.0285174
 0.0681327
 0.0138844
 -0.0339476
 -0.1942
 0.0322817
 -0.138513
 0.0714645
 0.0232874
 0.0706094
 -0.0306165
 0.0766458
 0.0156178
 0.0866375
 0.0217639
 0.0194955
 0.0732652
 0.00632069
 -0.0753307
 -0.149317
 0.189373
 -0.0822366
 -0.0824461
 -0.221325
 -0.0154418
 0.0170805
 -0.0134441
 0.223229
 -0.034803
 -0.0330314
 0.0933181
 0.140628
 -0.00559706
 -0.0638233
 -0.119372
 -0.0549301
 0.106067
 0.11578
 0.00988633
 -0.0904494
 0.0390203
 -0.112487
 -0.063113
 -0.13392
 0.0257942
 -0.0378005
 -0.0206547
 -0.0236244
 0.157893
 -0.0810507
 -0.00285273
 0.00915575
 -0.025417
 0.0727077
 -0.162454
 -0.020317
 0.0383119
 -0.0327257
 0.115169
 0.0135822
 0.151173
 -0.0434886
 0.0892998
 -0.0433677
 -0.0296705
 0.213553
 0.0447768
 -0.0328982
 -0.0737988
 0.0835113
 -0.0410458
 -0.0783432
 -0.013585
 -0.0911103
 0.110628
 0.119863
 -0.0720881
 0.00501295
 0.00439627
 0.0625904
 0.0925613
 0.0459497
 0.0276871
 0.129629
 -0.0118114
 0.0713813
 -0.126009
 0.0425702
 -0.105419
 -0.042142
 0.0310657
 0.0240213
 0.20639
 0.120224
 -0.0631148
 -0.040452
 -0.211734
 0.00462776
 -0.0498375
 -0.129756
 0.0125959
 -0.120341
 0.0881763
 -0.0902833
 -0.0552195
 0.095935
 -0.108808
 -0.000152248
 0.253095
 -0.120674
 0.107023
 -0.0239066
 -0.0720346
 -0.174037
 -0.0163409
 -0.165879
 0.047197
