 -1.22272
 -0.973326
 -0.833045
 -0.486676
 -1.36101
 -2.36543
 -1.93851
 -1.53025
 -1.41682
 -1.64717
 -2.09376
 -1.51507
 -1.64598
 -1.91693
 -1.19559
 -1.26294
 -2.20874
 -2.1467
 -1.98925
 -2.16894
 -1.38139
 -1.29245
 -1.0257
 -0.48465
 -1.35559
 -0.932627
 -0.215444
 0.0944363
 0.757295
 1.02121
 1.09637
 0.377425
 0.132905
 -0.579417
 -0.258582
 -0.224965
 0.0492443
 0.840096
 1.37308
 2.13179
 2.37114
 1.47725
 1.2246
 1.9628
 1.35592
 0.411812
 0.543507
 0.0289334
 -0.600331
 -0.508158
 -1.09574
 -0.885914
 -0.745634
 0.419658
 -0.803143
 -0.839467
 -1.71769
 -2.29603
 -1.8189
 -1.49253
 0.161891
 -1.42014
 -1.65715
 -1.82324
 -1.81727
 -0.0714148
 -1.03462
 -0.654473
 -0.413322
 -0.617547
 -1.32897
 -0.444547
 0.687369
 0.442092
 1.30866
 1.65799
 0.960249
 1.48431
 0.582684
 1.59074
 1.87304
 1.44159
 1.37399
 -0.235841
 -0.653508
 -0.721413
 -0.126738
 -0.698095
 -2.38923
 -1.68694
 -2.28107
 -0.986095
 -1.64207
 -1.02821
 -0.511168
 -2.17083
 -0.778323
 -0.614591
 -0.90341
 -0.319437
 -0.59115
 -0.945169
 -0.730153
 -1.38794
 0.989546
 0.183134
 0.987785
 1.6136
 1.66925
 1.03009
 0.866202
 0.952248
 1.09864
 1.09287
 1.96475
 2.58791
 1.53952
 0.759569
 1.71963
 1.60526
 -0.426149
 -0.203616
 -0.322564
 -1.50829
 -1.79531
 -2.87933
 -1.91034
 -2.04201
 -2.37717
 -1.69414
 -1.45558
 0.16885
 1.61032
 2.17127
 1.39906
 0.905317
 0.0386084
 -0.760955
 -0.0143089
 -0.24851
 -0.342735
 0.1163
 1.02831
 1.00945
 1.68041
 1.08567
 1.04916
 1.3334
 0.484751
 0.6055
 0.72048
 0.356763
 0.524082
 -0.408811
 -0.6681
 -1.11628
 -1.33409
 0.278945
 -0.0424887
 -0.547891
 0.583718
 1.25291
 1.09503
 1.7441
 1.73065
 1.70479
 2.02035
 1.75008
 1.89593
 2.60724
 1.52992
 1.50964
 0.327519
 -0.679516
 -1.04373
 -1.68795
 -1.38187
 -0.822454
 -1.57428
 -1.22119
 -0.188889
 0.362407
 0.615664
 1.34893
 -0.32459
 0.535383
 0.43735
 0.706528
 1.31065
 1.32542
 0.885578
 0.612205
 0.630657
 0.246031
 0.896382
 1.83966
 0.519917
 0.411481
 0.798753
 0.256884
 1.03635
 0.406886
 0.698155
 1.67622
 0.54132
 0.565124
 -1.19367
 0.0134617
 0.447636
 0.0876634
 0.255197
 0.852199
 1.15811
 0.808904
 -0.171423
 -0.111597
 -0.175393
 -0.375783
 0.270224
 -0.0114528
 0.0139497
 0.80321
 0.892351
 -0.364438
 -0.875968
 -0.299187
 -1.10317
 -0.509508
 -1.63889
 -2.21703
 -1.30385
 -1.1835
 -0.605541
 -0.432512
 -0.663831
 -0.641232
 -0.710891
 -0.382178
 -0.456384
 -0.671845
 -0.932251
 -1.00665
 -0.507956
 -0.7779
 -0.191945
 -0.284058
 0.982238
 1.48365
 0.353665
 1.01874
 1.21849
 0.741132
 1.54356
 0.88003
 0.565521
 0.303939
 0.153406
 0.658257
 0.985403
 1.56847
 0.757506
 1.02876
 0.771722
 0.428626
 0.813961
 0.73689
 1.43232
 1.36077
 1.23002
 0.934573
 1.27146
 1.15265
 1.2713
 0.565807
 0.939536
 1.33765
 1.23722
 2.40004
 2.25838
 1.94482
 2.25279
 1.61552
 0.217794
 0.086974
 -1.21041
 -0.669899
 -0.354316
 -1.41561
 -0.321976
 0.275551
 1.20792
 1.22883
 1.1558
 0.572989
 0.792929
 -0.266749
 0.360879
 -0.362935
 -0.341358
 -1.69594
 -1.45573
 -1.31488
 -1.25543
 -0.552833
 -1.24694
 -1.58032
 -0.926408
 -0.75849
 -0.53328
 -0.970999
 -0.912124
 -0.456421
 -0.298393
 -1.11176
 -0.855174
 0.112205
 -0.653037
 -0.300318
 -0.0493281
 -0.272862
 -0.369986
 0.659395
 0.654081
 -0.256277
 0.241282
 -0.636156
 -0.498739
 -0.743657
 -0.570123
 0.254649
 -0.00668667
 -0.475556
 -0.35452
 0.766837
 1.97552
 -0.0152236
 -0.632656
 -0.753678
 -1.20668
 -1.30364
 -0.22803
 -0.00696713
 0.986318
 0.9882
 0.760195
 1.08169
 1.19901
 0.511616
 -0.156896
 -0.955475
 -0.80354
 -1.60436
 -2.13312
 -2.0049
 -1.47491
 -1.09653
 -1.01014
 -0.95897
 -0.634243
 -0.970568
 -1.82046
 -1.30031
 -0.718429
 -1.14437
 -0.806411
 -0.0493041
 -0.0559161
 0.28014
 0.20246
 -0.705457
 -0.813267
 0.214884
 -0.0819064
 0.697709
 0.550063
 1.80435
 1.31785
 0.623152
 0.331734
 0.874087
 0.468538
 0.49182
 0.950603
 0.625346
 0.648905
 -0.256126
 0.348795
 0.0523392
 0.647413
 0.516409
 -0.669388
 -0.197517
 -0.181428
 0.3545
 -0.0515512
 -0.0809073
 0.613648
 -0.360008
 -0.221527
 -0.315835
