 -0.0603604
 -0.256656
 -0.194116
 0.111694
 -1.14053
 -1.2328
 -0.194692
 -0.860202
 -0.152902
 -0.957972
 -0.569903
 -0.385392
 -0.672651
 -0.684076
 -0.143501
 -0.437956
 -1.26381
 -0.6286
 -0.601252
 -0.958378
 0.0636932
 -0.853068
 -0.0233002
 -0.0445704
 -1.06215
 0.204504
 0.159758
 0.058958
 0.766597
 0.350434
 0.386477
 -0.416746
 0.181323
 -0.694836
 0.410738
 -0.300722
 0.395073
 0.597255
 0.847261
 0.933415
 0.921324
 0.0253712
 0.642498
 0.873366
 0.0354806
 -0.278363
 0.534981
 -0.543405
 -0.217149
 -0.178947
 -0.834534
 -0.218847
 -0.137647
 0.879828
 -1.32308
 0.162711
 -1.53111
 -0.660949
 -0.550783
 -0.272551
 0.939206
 -1.85556
 -0.219312
 -0.894681
 -0.725673
 0.977606
 -1.24021
 0.313973
 -0.41106
 -0.104849
 -0.941635
 0.520746
 0.468514
 0.049121
 0.805965
 0.787918
 -0.170502
 1.17927
 -0.573108
 1.45385
 0.392901
 0.366328
 0.553493
 -1.10103
 0.0618471
 -0.366595
 0.345158
 -0.788438
 -1.84618
 0.248976
 -1.47141
 0.626847
 -1.37404
 0.328528
 -0.146405
 -1.56637
 0.832759
 -0.74655
 -0.1068
 0.0634818
 -0.42924
 -0.597931
 0.177144
 -1.10973
 2.0436
 -0.923639
 1.3055
 0.279015
 0.957554
 -0.208662
 0.405007
 0.280958
 0.595058
 0.30732
 1.12978
 1.05648
 -0.207324
 0.260169
 0.921673
 0.500871
 -1.39368
 0.480778
 -0.437654
 -1.06737
 -0.634759
 -1.65171
 0.101154
 -1.22544
 -0.736639
 -0.299591
 -0.44102
 0.872283
 1.18871
 1.07891
 -0.113379
 0.27269
 -0.589766
 -0.447789
 0.489112
 -0.442213
 -0.028319
 0.236679
 0.572781
 0.209163
 1.16948
 -0.269873
 0.668061
 0.528244
 -0.344313
 0.497924
 -0.0709504
 0.23065
 0.370319
 -0.860073
 -0.0405705
 -0.930219
 -0.283596
 0.875743
 -0.644935
 -0.196779
 0.979828
 0.442176
 0.349354
 1.13878
 0.353179
 0.811089
 0.747106
 0.357735
 1.00224
 1.02211
 0.0116286
 0.881893
 -0.836813
 -0.446457
 -0.556687
 -0.978206
 -0.0819557
 -0.196315
 -1.06822
 0.0145301
 0.33987
 0.314719
 0.407486
 0.768433
 -1.27988
 1.22725
 -0.39481
 0.529874
 0.757675
 0.311176
 0.251712
 -0.0814606
 0.486192
 -0.282574
 0.849907
 0.972445
 -0.775805
 0.67711
 -0.00582718
 -0.0667009
 0.88769
 -0.206963
 0.725573
 0.721267
 -0.490271
 0.449501
 -1.70287
 1.12625
 -0.214972
 0.157997
 0.047115
 0.483663
 0.739441
 0.103203
 -0.579447
 0.24164
 -0.258713
 -0.277828
 0.576649
 -0.2643
 0.00968993
 0.583309
 0.416795
 -0.942619
 -0.153835
 0.0654161
 -1.03294
 0.322601
 -1.48989
 -0.743135
 -0.0941942
 -0.448312
 0.0213589
 -0.154038
 -0.289952
 0.0161692
 -0.380268
 0.0761828
 -0.326628
 -0.0850863
 -0.574667
 -0.200567
 -0.0242227
 -0.40919
 0.154671
 -0.281425
 1.29795
 0.513392
 -0.595022
 1.05489
 0.134337
 0.178132
 1.11675
 -0.278334
 0.381262
 -0.327127
 0.219939
 0.469051
 0.435166
 0.938033
 -0.522932
 1.08925
 -0.290387
 0.350712
 0.19409
 0.276781
 0.985543
 0.271072
 0.572985
 0.169999
 0.586289
 0.243238
 0.553596
 -0.13679
 0.704425
 0.57114
 0.407097
 1.41378
 0.608119
 0.7018
 1.06141
 0.0404826
 -0.402434
 0.0510866
 -1.29366
 0.439161
 -0.207581
 -1.07105
 0.704401
 -0.0689871
 1.23127
 0.00611495
 0.724992
 -0.295747
 0.674206
 -0.971529
 0.940117
 -0.949016
 0.330039
 -1.65675
 0.0509574
 -0.620878
 -0.344481
 0.0982415
 -1.06641
 -0.2548
 -0.268685
 -0.219827
 -0.238053
 -0.49407
 -0.210084
 0.0313632
 0.140761
 -1.08962
 0.104018
 0.509064
 -0.741353
 0.261343
 -0.107564
 -0.255387
 -0.130762
 0.960863
 0.0224447
 -0.539282
 0.440894
 -0.84198
 0.0357439
 -0.54658
 -0.07751
 0.601117
 -0.38179
 -0.265546
 -0.0593677
 1.06296
 0.984511
 -1.19329
 -0.109843
 -0.511259
 -0.529611
 -0.689896
 0.685376
 -0.123954
 1.0018
 0.231598
 0.193006
 0.732965
 0.247245
 -0.030135
 -0.467289
 -0.692019
 0.115936
 -1.28288
 -0.835953
 -0.722825
 -0.106182
 -0.397643
 -0.32861
 -0.297107
 -0.127344
 -0.432346
 -1.04858
 -0.141359
 -0.0318238
 -0.716882
 0.106793
 0.319168
 -0.120492
 0.3696
 0.0276745
 -0.825536
 -0.0742016
 0.404628
 -0.216922
 0.69548
 -0.0624564
 1.57075
 -0.17133
 0.307064
 -0.114786
 0.598974
 -0.211794
 0.172515
 0.687578
 -0.145076
 0.312414
 -0.612788
 0.564295
 -0.223788
 0.584606
 -0.0535038
 -0.707323
 0.220668
 -0.157606
 0.743548
 -0.7234
 0.416311
 0.341979
 -0.781262
 0.128165
 -0.232651
