 -1.11231
 -0.915472
 -0.729499
 -0.208378
 -1.70093
 -2.57639
 -1.56076
 -1.98466
 -1.2064
 -1.94436
 -1.77004
 -1.42457
 -1.654
 -1.7847
 -1.09325
 -1.15976
 -2.34921
 -2.05465
 -1.86908
 -2.27627
 -1.04896
 -1.71878
 -0.892009
 -0.508403
 -1.74121
 -0.584298
 -0.0684873
 0.0482976
 1.09738
 1.0393
 1.06072
 -0.0530862
 0.227309
 -0.859116
 0.145475
 -0.348274
 0.378965
 1.02564
 1.69899
 2.15627
 2.36799
 1.21952
 1.50925
 1.97734
 1.03834
 0.129463
 0.813705
 -0.353914
 -0.480966
 -0.491008
 -1.41385
 -1.01331
 -0.699362
 0.882078
 -1.41128
 -0.477843
 -2.38248
 -2.11657
 -1.82938
 -1.29626
 0.666757
 -2.2644
 -1.43924
 -1.97217
 -2.00203
 0.367635
 -1.55248
 -0.336679
 -0.743823
 -0.5187
 -1.57764
 -0.0597746
 0.626033
 0.381786
 1.31924
 1.76271
 0.64265
 1.97231
 0.183802
 2.12729
 1.61371
 1.31971
 1.43475
 -0.824063
 -0.325445
 -0.675955
 0.145243
 -1.03119
 -3.10024
 -1.20155
 -2.66075
 -0.45279
 -2.15005
 -0.615086
 -0.51251
 -2.44917
 -0.0587218
 -1.07453
 -0.686785
 -0.254518
 -0.728195
 -1.2012
 -0.352598
 -1.72992
 1.99609
 -0.295052
 1.68017
 1.23071
 1.95593
 0.685837
 0.909928
 0.848305
 1.25723
 1.05887
 2.11113
 2.53464
 0.977069
 0.85277
 1.71673
 1.55958
 -1.17136
 0.0874094
 -0.569011
 -1.77883
 -1.77808
 -3.20143
 -1.4591
 -2.44517
 -2.25388
 -1.54637
 -1.39061
 0.525891
 1.92713
 2.47405
 1.07829
 0.920912
 -0.365216
 -0.809513
 0.28
 -0.479099
 -0.279196
 0.191753
 0.897769
 0.741713
 2.00813
 0.62624
 1.24841
 1.36374
 0.199833
 0.79701
 0.299174
 0.472497
 0.754695
 -0.826755
 -0.470176
 -1.5374
 -1.16573
 0.643174
 -0.581322
 -0.566152
 1.08868
 1.16339
 1.07079
 2.12969
 1.5593
 1.91517
 2.00354
 1.5026
 2.15444
 2.50817
 1.27037
 1.86983
 -0.236621
 -0.743351
 -1.15104
 -1.94501
 -1.08724
 -0.818462
 -1.90473
 -0.932025
 0.00980526
 0.445509
 0.793235
 1.47242
 -1.05563
 1.19033
 0.0424318
 0.763039
 1.44226
 1.15678
 0.930786
 0.351348
 0.856343
 0.0325678
 1.20615
 1.9645
 -0.103878
 0.896016
 0.43985
 0.126544
 1.30604
 0.363271
 1.19744
 1.60849
 0.117867
 0.688235
 -2.03991
 0.556799
 -0.0225617
 0.209915
 0.170919
 0.762587
 1.41651
 0.85274
 -0.384857
 0.145868
 -0.289264
 -0.533592
 0.540513
 -0.0997638
 -0.036316
 0.798475
 0.982751
 -0.828291
 -0.629514
 -0.223175
 -1.55771
 -0.327214
 -2.24946
 -2.16512
 -1.21443
 -1.23485
 -0.587523
 -0.509414
 -0.66064
 -0.307683
 -0.686216
 -0.236452
 -0.575505
 -0.406874
 -1.00797
 -0.784779
 -0.426301
 -0.786017
 -0.176469
 -0.48223
 1.57601
 1.50675
 -0.0796534
 1.43702
 0.906582
 0.702676
 1.91479
 0.567725
 0.817629
 -0.0491628
 0.283333
 0.798338
 1.0084
 1.81745
 0.176618
 1.61325
 0.400084
 0.691039
 0.617246
 0.696116
 1.72782
 1.24341
 1.42388
 0.94994
 1.29577
 0.988421
 1.26924
 0.443117
 1.20775
 1.40347
 1.27167
 2.61513
 2.15893
 2.06199
 2.51697
 1.31516
 0.0941735
 0.118608
 -1.75182
 -0.261082
 -0.421155
 -1.71005
 0.131135
 -0.0310144
 1.70827
 0.862697
 1.44634
 0.309123
 1.09845
 -0.810916
 0.910707
 -0.873269
 0.0254202
 -2.30675
 -1.08203
 -1.41025
 -1.1874
 -0.45616
 -1.72105
 -1.21725
 -0.984782
 -0.800149
 -0.733349
 -1.05837
 -0.823304
 -0.367744
 0.0131937
 -1.51887
 -0.613812
 0.405784
 -0.835002
 -0.0516207
 -0.1764
 -0.445742
 -0.405937
 1.14224
 0.602543
 -0.453724
 0.390389
 -0.983577
 -0.441747
 -0.986085
 -0.601557
 0.540786
 -0.264113
 -0.503821
 -0.335025
 1.32063
 2.03863
 -0.651293
 -0.479427
 -0.955476
 -1.21919
 -1.57545
 0.171801
 -0.0876351
 1.3587
 1.00359
 0.772
 1.41215
 1.05222
 0.48392
 -0.412245
 -1.17495
 -0.425164
 -2.00862
 -2.17464
 -2.09928
 -1.19829
 -1.15585
 -1.03798
 -0.934938
 -0.64575
 -0.928159
 -1.9321
 -1.16395
 -0.626529
 -1.3169
 -0.508939
 0.192366
 -0.0725056
 0.481187
 0.279338
 -1.01608
 -0.611923
 0.260518
 -0.173432
 0.886956
 0.356039
 2.37707
 0.948674
 0.904227
 0.291413
 0.98427
 0.195623
 0.339333
 1.13227
 0.363031
 0.618895
 -0.548455
 0.515786
 -0.0554098
 0.790743
 0.320466
 -0.830019
 -0.106074
 -0.273686
 0.904125
 -0.560697
 0.302487
 0.630015
 -0.778759
 -0.209949
 -0.430686
