 -1.08979
 0.092583
 -0.325514
 1.88043
 -1.37696
 2.37124
 -1.49045
 1.15014
 -0.442903
 0.503553
 -0.427744
 0.959108
 -0.172964
 -0.419261
 0.335081
 -0.622492
 -0.149455
 0.558106
 -1.31175
 0.342264
 -0.0704468
 -0.216666
 0.917804
 0.443822
 -0.217342
 0.184958
 -0.879044
 -0.757394
 -0.305658
 -0.36415
 -0.361478
 0.0201512
 1.01637
 0.000193595
 0.919803
 -0.814969
 0.842333
 0.437308
 -0.438659
 -0.0495473
 0.819148
 -1.90744
 1.27585
 -1.52978
 0.531862
 0.334405
 0.43813
 -0.392817
 -0.826005
 1.23484
 0.151674
 -0.585982
 0.896836
 -0.781682
 -0.640092
 0.840261
 -1.45632
 1.00483
 -0.649692
 0.216487
 0.395397
 0.693545
 -0.727494
 0.223626
 0.356753
 -0.162446
 0.513453
 -0.686786
 -0.733289
 1.24276
 -0.928757
 -0.220086
 1.46435
 -0.151843
 -0.455405
 -1.01107
 1.8566
 -0.93032
 1.40199
 -0.842425
 0.245948
 -1.40073
 1.18886
 -1.1518
 0.984104
 -0.786085
 1.22968
 -0.783828
 -0.0679482
 -0.572607
 1.14652
 -0.182207
 -0.694446
 -0.165653
 -1.33309
 0.217441
 1.13183
 -0.404235
 -0.29245
 -0.394741
