 -0.0669701
 0.057546
 -0.0695055
 0.0783613
 0.0470705
 0.103962
 0.162408
 -0.0866164
 0.0907345
 -0.00737321
 -0.0558672
 -0.110667
 -0.04883
 -0.137424
 -0.0170536
 -0.00466515
 0.102809
 -0.223715
 -0.0632566
 -0.203942
 0.110194
 0.140271
 -0.00469031
 0.13378
 0.0176357
 0.0322085
 -0.0788973
 0.0341258
 0.0326919
 0.00581853
 0.146785
 0.123316
 0.0527605
 -0.0411219
 -0.100502
 -0.204342
 0.100502
 -0.175917
 0.0656724
 -0.0201995
 0.248326
 0.00262158
 -0.0412105
 0.037268
 0.0883136
 0.0950578
 -0.124365
 -0.0650719
 0.0931379
 -0.17867
 0.140654
 0.12125
 0.0776601
 0.137333
 0.0179292
 -0.135074
 -0.143963
 0.059013
 0.00956719
 -0.0132514
 0.164741
 -0.0221758
 0.0445707
 0.143646
 0.0138473
 0.163521
 -0.119857
 -0.0450019
 -0.041871
 -0.0492789
 0.127649
 -0.048392
 -0.112296
 0.0244323
 -0.000247218
 0.0909418
 0.0344266
 -0.0283645
 0.114079
 0.0174846
 0.129215
 -0.132397
 -0.0293598
 0.00265622
 0.0271021
 0.025612
 -0.138183
 -0.0333281
 0.0682697
 0.0506778
 -0.0680119
 -0.0883628
 -0.0655278
 -0.101235
 -0.0772007
 0.000410007
 0.2719
 -0.0839049
 -0.122894
 0.0488474
