 -0.492369
 -1.93916
 -1.62586
 -2.29861
 0.289641
 -1.79807
 1.51254
 -0.643235
 0.987868
 0.583172
 1.13923
 0.651651
 2.01758
 1.79975
 1.23218
 1.79495
 0.819845
 0.640515
 1.25289
 -0.206424
 0.152704
 0.12808
 -0.483606
 0.704957
 1.39189
 0.988915
 1.40201
 0.222095
 -0.628526
 -1.16029
 -1.69161
 -2.17837
 -2.3218
 -0.987208
 -0.97088
 0.390237
 -0.644523
 0.667414
 0.901557
 0.616901
 0.366549
 1.54148
 -1.29627
 0.754236
 -1.36075
 -0.651104
 -0.342717
 0.216115
 -0.0874037
 -1.20111
 0.306512
 0.690755
 -0.371439
 0.890126
 -0.153645
 -0.998365
 0.23941
 -1.6183
 -0.20011
 -1.36784
 -0.987727
 -0.470713
 0.259183
 -0.525327
 -0.222571
 0.130123
 0.0356808
 0.595465
 -0.0506432
 -1.04882
 0.60448
 -0.716403
 -1.11307
 0.989733
 0.774617
 0.101485
 -1.1786
 1.22297
 -0.0818562
 1.9461
 0.619293
 1.13866
 -0.855792
 1.04338
 -0.703037
 0.6416
 -0.509512
 1.18327
 0.234417
 0.117624
 -0.758815
 0.792299
 0.592767
 -0.261805
 -0.469063
 -2.23123
 -1.94344
 -0.605324
 -1.48365
 -1.45802
