 -1.58216
 -1.84657
 -1.95138
 -0.418178
 -1.08732
 0.573161
 0.0220943
 0.506909
 0.544964
 1.08673
 0.711485
 1.61076
 1.84462
 1.38048
 1.56727
 1.17246
 0.67039
 1.19862
 -0.0588597
 0.13584
 0.0822569
 -0.088587
 0.434198
 1.14878
 1.17455
 1.17387
 0.522963
 -0.5353
 -0.934183
 -1.52444
 -2.05309
 -2.15822
 -1.30543
 -0.987015
 -0.0510771
 -0.424732
 0.19781
 1.10472
 0.462898
 0.567354
 1.1857
 -0.365953
 -0.0204278
 -0.775543
 -0.828886
 -0.316699
 0.0954133
 -0.176702
 -0.913409
 0.0337262
 0.458185
 0.104773
 0.525397
 0.108444
 -0.793737
 -0.158104
 -1.21692
 -0.613479
 -0.849802
 -1.15136
 -0.592329
 0.222832
 -0.468311
 -0.301702
 0.134182
 -0.0323229
 0.549134
 -0.0913213
 -0.783932
 0.193936
 -0.324276
 -0.936489
 0.351279
 0.837891
 0.319212
 -0.909583
 0.677994
 0.292647
 1.32013
 1.10367
 0.865242
 -0.262072
 0.333072
 -0.108427
 0.281067
 -0.144485
 0.720172
 0.399443
 0.166469
 -0.454983
 0.387707
 0.610092
 -0.101679
 -0.427458
 -1.80215
 -2.01379
 -0.811606
 -1.00956
 -1.7761
 -1.85276
