 -1.24602
 -0.586158
 -0.996178
 0.95762
 -1.30699
 1.72819
 -0.942199
 1.01422
 -0.0561298
 0.701204
 0.0209256
 1.17113
 0.505871
 0.242011
 0.76132
 -0.0185508
 0.167467
 0.741271
 -0.791422
 0.217512
 -0.0861326
 -0.239629
 0.737096
 0.688991
 0.306496
 0.613068
 -0.32537
 -0.596125
 -0.551755
 -0.782738
 -0.95935
 -0.777675
 0.159727
 -0.347267
 0.577268
 -0.656845
 0.596847
 0.550374
 -0.0428895
 0.151235
 0.932267
 -1.29185
 0.914879
 -1.2717
 0.0622453
 0.0375103
 0.313125
 -0.262397
 -0.828786
 0.737673
 0.223043
 -0.347735
 0.804835
 -0.41548
 -0.587885
 0.491325
 -1.34432
 0.38044
 -0.811996
 -0.231246
 0.00365353
 0.475647
 -0.542475
 0.0683939
 0.259121
 -0.0623976
 0.524444
 -0.392852
 -0.720411
 0.792516
 -0.747847
 -0.430413
 1.02432
 0.136894
 -0.146603
 -0.887007
 1.35952
 -0.503132
 1.38675
 -0.161066
 0.563896
 -0.931891
 0.910191
 -0.84849
 0.721753
 -0.57467
 1.03578
 -0.363006
 0.0258419
 -0.523352
 0.84875
 0.0737619
 -0.437532
 -0.25679
 -1.47512
 -0.61029
 0.289575
 -0.649492
 -0.66861
 -0.917601
