 -1.74442
 -1.69283
 -2.24107
 0.220136
 -1.71971
 1.55961
 -0.539273
 1.15028
 0.496556
 1.22996
 0.644278
 1.96172
 1.68908
 1.18335
 1.65752
 0.802791
 0.63585
 1.3557
 -0.430139
 0.0894471
 -0.0758621
 -0.373412
 0.845228
 1.3872
 1.12269
 1.41964
 0.254303
 -0.707423
 -1.12617
 -1.65892
 -2.17255
 -2.17502
 -0.863892
 -0.918119
 0.349115
 -0.745025
 0.463073
 1.00206
 0.440984
 0.432222
 1.52128
 -1.04795
 0.756857
 -1.40196
 -0.613836
 -0.254403
 0.311173
 -0.211769
 -1.26619
 0.399649
 0.512085
 -0.230786
 1.01138
 -0.0759845
 -0.861032
 0.257339
 -1.75338
 -0.344072
 -1.30883
 -0.97816
 -0.483965
 0.423923
 -0.547503
 -0.178
 0.27377
 0.0495282
 0.758985
 -0.1705
 -1.09383
 0.562609
 -0.765682
 -0.985419
 0.941341
 0.662322
 0.125917
 -1.17885
 1.31391
 -0.0474296
 1.91773
 0.733373
 1.15614
 -0.726577
 0.910979
 -0.732397
 0.644256
 -0.482409
 1.20888
 0.0962338
 0.0842956
 -0.690545
 0.842977
 0.524755
 -0.350168
 -0.53459
 -2.33247
 -2.02064
 -0.604914
 -1.21175
 -1.54193
 -2.0556
