 0 0.486938 2.00239 1.73067 363.7 358.149 0
 1 0.486938 2.00239 1.73067 363.73 358.558 0
 2 0.486073 2.00268 1.73124 363.791 358.875 0.00022219
 3 0.483964 2.00332 1.73272 363.872 359.081 0.000540984
 4 0.480706 2.00413 1.73516 363.962 359.174 0.000893702
 5 0.47673 2.00489 1.73838 364.046 359.171 0.00122388
 6 0.472633 2.00531 1.74205 364.112 359.097 0.00148726
 7 0.469003 2.00523 1.74576 364.155 358.984 0.00165834
 8 0.466282 2.00456 1.74916 364.171 358.863 0.0017325
 9 0.464693 2.00334 1.75197 364.165 358.755 0.0017233
 10 0.464234 2.00169 1.75407 364.141 358.674 0.00165607
 11 0.464728 1.9998 1.75547 364.108 358.627 0.00156026
 12 0.465887 1.99785 1.75626 364.072 358.609 0.00146278
 13 0.467395 1.99601 1.7566 364.039 358.612 0.00138368
 14 0.468958 1.99438 1.75666 364.013 358.627 0.00133444
 15 0.470354 1.99304 1.7566 363.995 358.644 0.00131823
 16 0.471445 1.992 1.75655 363.985 358.654 0.00133149
 17 0.472182 1.99124 1.75658 363.982 358.652 0.00136624
 18 0.472592 1.99069 1.75672 363.982 358.637 0.00141244
 19 0.472753 1.99029 1.75695 363.984 358.61 0.00146018
 20 0.472771 1.98998 1.75725 363.985 358.573 0.0015014
 21 0.472754 1.9897 1.75754 363.983 358.53 0.00153089
 22 0.472791 1.98943 1.75778 363.978 358.486 0.00154662
 23 0.472939 1.98913 1.75793 363.971 358.445 0.00154938
 24 0.473223 1.98882 1.75796 363.96 358.409 0.00154206
 25 0.473635 1.98851 1.75785 363.949 358.378 0.00152864
 26 0.474147 1.98822 1.75763 363.936 358.354 0.00151325
 27 0.474715 1.98797 1.75732 363.924 358.335 0.0014994
 28 0.475294 1.98778 1.75693 363.914 358.319 0.00148952
 29 0.475848 1.98765 1.7565 363.904 358.305 0.00148476
 30 0.476347 1.98759 1.75606 363.897 358.291 0.00148512
 31 0.476779 1.9876 1.75562 363.89 358.277 0.00148967
 32 0.477143 1.98766 1.75519 363.885 358.261 0.00149696
 33 0.477448 1.98777 1.75478 363.88 358.244 0.00150537
 34 0.477711 1.98791 1.75438 363.876 358.225 0.00151343
 35 0.477948 1.98807 1.75398 363.871 358.206 0.00152004
 36 0.478178 1.98824 1.75359 363.867 358.187 0.00152461
 37 0.478411 1.98841 1.75318 363.862 358.168 0.001527
 38 0.478657 1.98859 1.75276 363.856 358.15 0.0015275
 39 0.478917 1.98877 1.75232 363.851 358.134 0.00152664
 40 0.479188 1.98895 1.75186 363.845 358.118 0.00152507
 41 0.479466 1.98914 1.75139 363.839 358.105 0.00152342
 42 0.479743 1.98934 1.75091 363.834 358.092 0.00152218
 43 0.480013 1.98955 1.75043 363.829 358.08 0.00152165
 44 0.48027 1.98978 1.74995 363.824 358.068 0.00152195
 45 0.480512 1.99001 1.74948 363.82 358.057 0.001523
 46 0.480737 1.99025 1.74901 363.816 358.046 0.00152462
 47 0.480945 1.9905 1.74856 363.813 358.035 0.00152657
 48 0.48114 1.99075 1.74811 363.809 358.024 0.00152857
 49 0.481325 1.99101 1.74767 363.806 358.013 0.00153041
 50 0.481501 1.99126 1.74724 363.802 358.002 0.00153195
 51 0.481672 1.99152 1.74681 363.799 357.992 0.00153313
 52 0.481841 1.99177 1.74639 363.796 357.982 0.00153394
 53 0.482007 1.99202 1.74598 363.792 357.972 0.00153445
 54 0.482171 1.99226 1.74557 363.789 357.963 0.00153477
 55 0.482332 1.99251 1.74516 363.786 357.955 0.00153499
 56 0.48249 1.99275 1.74476 363.783 357.946 0.00153522
 57 0.482644 1.99299 1.74437 363.78 357.938 0.00153552
 58 0.482793 1.99322 1.74398 363.777 357.931 0.00153593
 59 0.482936 1.99346 1.74361 363.775 357.923 0.00153647
 60 0.483073 1.99369 1.74324 363.772 357.916 0.0015371
 61 0.483204 1.99392 1.74288 363.77 357.909 0.0015378
 62 0.483329 1.99415 1.74252 363.768 357.902 0.00153853
 63 0.483449 1.99437 1.74218 363.765 357.896 0.00153923
 64 0.483564 1.99459 1.74185 363.763 357.889 0.00153989
 65 0.483675 1.9948 1.74152 363.761 357.883 0.00154047
 66 0.483783 1.99501 1.7412 363.759 357.877 0.00154099
 67 0.483888 1.99522 1.74089 363.757 357.871 0.00154143
 68 0.48399 1.99542 1.74059 363.755 357.866 0.00154182
 69 0.484089 1.99562 1.74029 363.753 357.86 0.00154217
 70 0.484185 1.99581 1.74 363.751 357.855 0.00154251
 71 0.484278 1.996 1.73972 363.75 357.85 0.00154284
 72 0.484369 1.99619 1.73945 363.748 357.846 0.00154317
 73 0.484456 1.99637 1.73918 363.746 357.841 0.00154352
 74 0.48454 1.99654 1.73892 363.745 357.836 0.00154387
 75 0.484621 1.99672 1.73866 363.743 357.832 0.00154423
 76 0.484699 1.99688 1.73842 363.742 357.828 0.0015446
 77 0.484774 1.99705 1.73818 363.74 357.824 0.00154495
 78 0.484846 1.99721 1.73795 363.739 357.82 0.00154529
 79 0.484916 1.99736 1.73772 363.738 357.816 0.00154562
 80 0.484984 1.99751 1.7375 363.737 357.812 0.00154592
 81 0.485049 1.99766 1.73729 363.735 357.809 0.00154621
 82 0.485113 1.99781 1.73708 363.734 357.805 0.00154648
 83 0.485174 1.99795 1.73688 363.733 357.802 0.00154673
 84 0.485233 1.99808 1.73668 363.732 357.799 0.00154697
 85 0.485291 1.99822 1.73649 363.731 357.796 0.00154721
 86 0.485346 1.99834 1.73631 363.73 357.793 0.00154743
 87 0.4854 1.99847 1.73613 363.729 357.79 0.00154766
 88 0.485452 1.99859 1.73596 363.728 357.787 0.00154788
 89 0.485502 1.99871 1.73579 363.727 357.784 0.00154809
 90 0.48555 1.99882 1.73563 363.726 357.782 0.0015483
 91 0.485597 1.99894 1.73547 363.725 357.779 0.00154851
 92 0.485642 1.99904 1.73531 363.724 357.777 0.00154871
 93 0.485685 1.99915 1.73516 363.723 357.774 0.0015489
 94 0.485728 1.99925 1.73502 363.723 357.772 0.00154908
 95 0.485768 1.99935 1.73488 363.722 357.77 0.00154926
 96 0.485808 1.99945 1.73474 363.721 357.768 0.00154943
 97 0.485846 1.99954 1.73461 363.72 357.766 0.00154959
 98 0.485882 1.99963 1.73449 363.72 357.764 0.00154975
 99 0.485918 1.99972 1.73436 363.719 357.762 0.0015499
 100 0.485952 1.99981 1.73424 363.718 357.76 0.00155004
 101 0.485985 1.99989 1.73413 363.718 352.508 0.02
 102 0.486017 1.99997 1.73401 363.357 349.595 0.0144075
 103 0.496075 1.99659 1.72733 362.773 347.613 0.0121963
 104 0.516283 1.99053 1.71319 362.07 346.41 0.00982641
 105 0.544132 1.98328 1.69259 361.346 345.842 0.00746958
 106 0.576519 1.97626 1.66722 360.674 345.76 0.00538146
 107 0.610528 1.97057 1.63891 360.105 346.019 0.00369487
 108 0.643655 1.967 1.60935 359.667 346.494 0.00246339
 109 0.673823 1.96612 1.58006 359.371 347.074 0.00169724
 110 0.699369 1.9683 1.55233 359.217 347.658 0.00137887
 111 0.719048 1.97371 1.52725 359.195 348.164 0.00146783
 112 0.732068 1.98229 1.50564 359.284 348.523 0.00190179
 113 0.738165 1.99375 1.48808 359.458 348.691 0.0025974
 114 0.737672 2.00754 1.47479 359.685 348.652 0.00345301
 115 0.731562 2.02284 1.4656 359.93 348.415 0.00435461
 116 0.721401 2.03865 1.45995 360.157 348.019 0.00518604
 117 0.709181 2.05391 1.45691 360.336 347.522 0.00584323
 118 0.697025 2.06767 1.45531 360.447 346.993 0.00625014
 119 0.686824 2.07922 1.45396 360.48 346.499 0.0063721
 120 0.679937 2.08823 1.45183 360.436 346.093 0.00622107
 121 0.677018 2.09474 1.44824 360.331 345.811 0.00584995
 122 0.678034 2.09908 1.44289 360.184 345.666 0.00533758
 123 0.682411 2.10177 1.43582 360.018 345.654 0.00477047
 124 0.689235 2.10343 1.42733 359.855 345.754 0.00422736
 125 0.697444 2.10465 1.41791 359.714 345.936 0.00376994
 126 0.705976 2.10594 1.40809 359.607 346.167 0.00343928
 127 0.713883 2.10771 1.39841 359.542 346.411 0.00325594
 128 0.720398 2.11022 1.38938 359.521 346.637 0.003222
 129 0.724987 2.11363 1.38138 359.541 346.817 0.00332371
 130 0.727372 2.11792 1.37471 359.593 346.934 0.0035346
 131 0.727545 2.12296 1.36949 359.668 346.977 0.00381905
 132 0.725751 2.12853 1.36572 359.753 346.948 0.00413631
 133 0.722445 2.13432 1.36324 359.838 346.856 0.00444515
 134 0.71823 2.14 1.36177 359.91 346.718 0.00470865
 135 0.713767 2.14527 1.36097 359.963 346.554 0.0048986
 136 0.709684 2.14986 1.36045 359.99 346.387 0.00499872
 137 0.70649 2.15363 1.35988 359.992 346.237 0.0050061
 138 0.704517 2.15652 1.35896 359.969 346.119 0.00493035
 139 0.703897 2.15858 1.35753 359.928 346.042 0.00479091
 140 0.704573 2.15993 1.3555 359.875 346.011 0.00461305
 141 0.706332 2.16076 1.35291 359.818 346.022 0.00442361
 142 0.708854 2.16127 1.34988 359.764 346.068 0.00424727
 143 0.71177 2.16167 1.34656 359.718 346.138 0.0041038
 144 0.714712 2.16213 1.34315 359.686 346.221 0.00400645
 145 0.717349 2.1628 1.33985 359.668 346.304 0.0039614
 146 0.719426 2.16376 1.33682 359.665 346.377 0.00396804
 147 0.720779 2.16503 1.33419 359.676 346.431 0.00401986
 148 0.721347 2.16661 1.33204 359.697 346.461 0.00410584
 149 0.721165 2.16842 1.33041 359.724 346.465 0.00421214
 150 0.720356 2.17038 1.32926 359.754 346.444 0.00432391
 151 0.719105 2.17238 1.32852 359.781 346.405 0.00442716
 152 0.71763 2.17429 1.32808 359.804 346.351 0.00451032
 153 0.716154 2.17603 1.32782 359.818 346.292 0.00456548
 154 0.714876 2.17751 1.32761 359.824 346.234 0.00458902
 155 0.713948 2.17871 1.32734 359.821 346.184 0.00458164
 156 0.713459 2.1796 1.32694 359.81 346.146 0.0045478
 157 0.713435 2.18023 1.32634 359.793 346.123 0.00449477
 158 0.71384 2.18063 1.32553 359.774 346.116 0.0044313
 159 0.71459 2.18086 1.32455 359.753 346.122 0.0043664
 160 0.715568 2.18102 1.32341 359.735 346.14 0.00430817
 161 0.716645 2.18115 1.3222 359.719 346.165 0.00426293
 162 0.717693 2.18133 1.32098 359.709 346.193 0.0042347
 163 0.718601 2.18159 1.31981 359.704 346.22 0.004225
 164 0.719289 2.18196 1.31875 359.704 346.243 0.00423298
 165 0.719709 2.18244 1.31785 359.709 346.258 0.00425576
 166 0.719854 2.18303 1.31712 359.717 346.264 0.00428904
 167 0.719745 2.18369 1.31657 359.726 346.261 0.00432772
 168 0.719436 2.18439 1.31618 359.736 346.251 0.00436659
 169 0.718995 2.18509 1.31592 359.745 346.234 0.004401
 170 0.718501 2.18575 1.31575 359.751 346.213 0.00442732
 171 0.71803 2.18634 1.31563 359.755 346.191 0.00444329
 172 0.717646 2.18684 1.31551 359.755 346.171 0.00444818
 173 0.717394 2.18724 1.31537 359.753 346.153 0.00444267
 174 0.7173 2.18753 1.31517 359.748 346.141 0.00442865
 175 0.717365 2.18773 1.3149 359.742 346.133 0.00440882
 176 0.717573 2.18787 1.31456 359.734 346.131 0.00438627
 177 0.717889 2.18795 1.31416 359.727 346.134 0.00436408
 178 0.718272 2.18801 1.31372 359.72 346.141 0.00434494
 179 0.718675 2.18807 1.31325 359.715 346.149 0.00433085
 180 0.719054 2.18815 1.31279 359.712 346.158 0.00432298
 181 0.719375 2.18827 1.31236 359.71 346.167 0.00432162
 182 0.71961 2.18842 1.31197 359.711 346.173 0.00432624
 183 0.719749 2.18862 1.31163 359.712 346.177 0.00433566
 184 0.719791 2.18885 1.31136 359.715 346.177 0.00434825
 185 0.719748 2.1891 1.31115 359.718 346.175 0.00436216
 186 0.719641 2.18936 1.311 359.721 346.17 0.00437561
 187 0.719495 2.18961 1.31089 359.724 346.162 0.00438706
 188 0.719338 2.18985 1.31081 359.726 346.154 0.00439537
 189 0.719196 2.19007 1.31074 359.726 346.146 0.00439992
 190 0.719089 2.19024 1.31067 359.726 346.139 0.0044006
 191 0.719032 2.19039 1.31058 359.725 346.132 0.00439778
 192 0.719031 2.19049 1.31048 359.723 346.128 0.00439223
 193 0.719084 2.19057 1.31035 359.72 346.125 0.00438494
 194 0.719183 2.19062 1.3102 359.717 346.125 0.00437701
 195 0.719317 2.19066 1.31002 359.714 346.126 0.0043695
 196 0.719469 2.19069 1.30984 359.712 346.128 0.00436329
 197 0.719623 2.19073 1.30965 359.71 346.13 0.004359
 198 0.719764 2.19077 1.30946 359.709 346.133 0.00435696
 199 0.719881 2.19083 1.30929 359.709 346.136 0.00435718
 200 0.719966 2.1909 1.30914 359.709 346.137 0.00435941
 201 0.720016 2.19098 1.309 359.709 347.138 0
 202 0.720032 2.19108 1.30889 359.779 348.065 0
 203 0.718272 2.19192 1.3098 359.918 348.929 0
 204 0.71359 2.1939 1.31251 360.123 349.739 0
 205 0.705373 2.19706 1.31757 360.384 350.505 0
 206 0.693483 2.20121 1.32531 360.687 351.233 0
 207 0.678204 2.20598 1.33581 361.018 351.93 0
 208 0.66018 2.21086 1.34896 361.362 352.6 0
 209 0.640319 2.21526 1.36442 361.702 353.246 0
 210 0.619672 2.21866 1.38167 362.026 353.87 0
 211 0.599281 2.22059 1.40013 362.323 354.266 0.0007717
 212 0.580044 2.22077 1.41918 362.574 354.458 0.00150009
 213 0.563014 2.21895 1.43804 362.762 354.511 0.00203033
 214 0.549124 2.21502 1.45585 362.883 354.493 0.00232893
 215 0.538916 2.20912 1.47197 362.939 354.463 0.00240955
 216 0.532416 2.20159 1.48599 362.943 354.464 0.00232119
 217 0.529187 2.19296 1.49785 362.914 354.516 0.00213187
 218 0.528479 2.18377 1.50775 362.868 354.621 0.00191072
 219 0.529408 2.17455 1.51604 362.823 354.767 0.00171438
 220 0.531119 2.16571 1.52317 362.789 354.934 0.00158025
 221 0.532889 2.15754 1.52957 362.772 355.099 0.00152552
 222 0.534195 2.15018 1.53562 362.776 355.244 0.00154975
 223 0.534738 2.14367 1.5416 362.796 355.352 0.00163915
 224 0.534438 2.13791 1.54765 362.828 355.417 0.00177147
 225 0.533396 2.13278 1.55382 362.866 355.439 0.00192097
 226 0.531845 2.1281 1.56006 362.902 355.422 0.00206303
 227 0.53008 2.1237 1.56622 362.932 355.378 0.002178
 228 0.5284 2.11943 1.57217 362.951 355.319 0.00225369
 229 0.527045 2.11522 1.57774 362.96 355.258 0.00228627
 230 0.526169 2.11102 1.58281 362.957 355.204 0.00227959
 231 0.525823 2.10685 1.58733 362.946 355.165 0.00224315
 232 0.525968 2.10275 1.59129 362.929 355.143 0.00218942
 233 0.526497 2.09879 1.59472 362.911 355.137 0.00213118
 234 0.527264 2.09503 1.5977 362.894 355.144 0.00207929
 235 0.528116 2.09155 1.60034 362.879 355.16 0.00204139
 236 0.528919 2.08836 1.60272 362.87 355.179 0.00202127
 237 0.529573 2.08549 1.60494 362.865 355.197 0.0020191
 238 0.53002 2.08292 1.60706 362.864 355.209 0.0020321
 239 0.53025 2.08063 1.60912 362.867 355.213 0.00205556
 240 0.530287 2.07857 1.61114 362.871 355.21 0.00208397
 241 0.530183 2.0767 1.61311 362.876 355.199 0.00211201
 242 0.530003 2.07498 1.61502 362.88 355.184 0.00213538
 243 0.529812 2.07335 1.61684 362.882 355.165 0.00215133
 244 0.529664 2.07181 1.61853 362.882 355.147 0.00215882
 245 0.529596 2.07032 1.62008 362.88 355.13 0.00215834
 246 0.529624 2.0689 1.62148 362.876 355.116 0.0021516
 247 0.529745 2.06753 1.62272 362.871 355.106 0.00214099
 248 0.529941 2.06624 1.62382 362.865 355.099 0.00212906
 249 0.530186 2.06503 1.62479 362.86 355.096 0.0021181
 250 0.530448 2.0639 1.62565 362.856 355.095 0.00210978
 251 0.5307 2.06287 1.62643 362.852 355.095 0.00210504
 252 0.530921 2.06193 1.62715 362.85 355.095 0.00210405
 253 0.531097 2.06109 1.62781 362.848 355.094 0.00210636
 254 0.531224 2.06033 1.62845 362.847 355.092 0.00211105
 255 0.531307 2.05964 1.62905 362.847 355.088 0.00211699
 256 0.531355 2.05902 1.62962 362.847 355.083 0.00212307
 257 0.531383 2.05845 1.63017 362.847 355.077 0.00212834
 258 0.531403 2.05792 1.63068 362.846 355.07 0.00213218
 259 0.531427 2.05742 1.63115 362.845 355.064 0.00213429
 260 0.531465 2.05695 1.63158 362.844 355.058 0.00213473
 261 0.53152 2.05651 1.63197 362.842 355.052 0.00213379
 262 0.531592 2.0561 1.63231 362.84 355.047 0.00213194
 263 0.53168 2.05571 1.63261 362.838 355.043 0.00212971
 264 0.531776 2.05535 1.63287 362.836 355.04 0.00212758
 265 0.531876 2.05502 1.6331 362.835 355.038 0.00212592
 266 0.531974 2.05472 1.63331 362.833 355.035 0.00212498
 267 0.532064 2.05444 1.63349 362.832 355.033 0.0021248
 268 0.532144 2.0542 1.63366 362.831 355.031 0.00212533
 269 0.532212 2.05398 1.63381 362.83 355.029 0.0021264
 270 0.53227 2.05378 1.63395 362.829 355.026 0.00212777
 271 0.532319 2.0536 1.63408 362.828 355.023 0.0021292
 272 0.532361 2.05344 1.6342 362.828 355.02 0.00213051
 273 0.5324 2.05329 1.63431 362.827 355.017 0.00213153
 274 0.532438 2.05316 1.6344 362.826 355.014 0.0021322
 275 0.532478 2.05304 1.63448 362.826 355.011 0.00213251
 276 0.53252 2.05292 1.63456 362.825 355.009 0.00213252
 277 0.532565 2.05282 1.63462 362.824 355.006 0.0021323
 278 0.532612 2.05272 1.63466 362.823 355.004 0.00213198
 279 0.53266 2.05264 1.6347 362.822 355.002 0.00213166
 280 0.532708 2.05256 1.63473 362.821 355 0.00213141
 281 0.532755 2.05249 1.63475 362.82 354.998 0.0021313
 282 0.5328 2.05243 1.63477 362.82 354.996 0.00213135
 283 0.532842 2.05238 1.63478 362.819 354.995 0.00213155
 284 0.53288 2.05233 1.63479 362.818 354.993 0.00213186
 285 0.532916 2.05229 1.63479 362.818 354.991 0.00213224
 286 0.532949 2.05226 1.63479 362.817 354.99 0.00213264
 287 0.532979 2.05223 1.63479 362.817 354.988 0.00213302
 288 0.533008 2.05221 1.63478 362.816 354.986 0.00213334
 289 0.533037 2.05219 1.63478 362.816 354.985 0.00213359
 290 0.533064 2.05217 1.63476 362.815 354.983 0.00213376
 291 0.533092 2.05216 1.63475 362.815 354.982 0.00213386
 292 0.533119 2.05215 1.63473 362.814 354.98 0.00213391
 293 0.533146 2.05214 1.63471 362.814 354.979 0.00213393
 294 0.533174 2.05213 1.63469 362.813 354.978 0.00213394
 295 0.5332 2.05213 1.63467 362.813 354.976 0.00213396
 296 0.533226 2.05213 1.63465 362.812 354.975 0.002134
 297 0.533251 2.05213 1.63462 362.812 354.974 0.00213407
 298 0.533274 2.05213 1.63459 362.811 354.973 0.00213417
 299 0.533297 2.05214 1.63457 362.811 354.972 0.0021343
 300 0.533318 2.05214 1.63454 362.811 354.971 0.00213444
 301 0.533339 2.05215 1.63451 362.81 350.123 0.02
 302 0.533358 2.05216 1.63448 362.478 346.095 0.02
 303 0.54243 2.04888 1.62869 361.845 342.722 0.02
 304 0.563475 2.04187 1.61465 360.983 339.873 0.02
 305 0.595891 2.03195 1.59216 359.97 337.442 0.02
 306 0.637779 2.02014 1.56208 358.873 335.615 0.0185679
 307 0.687099 2.00721 1.52569 357.758 334.576 0.0153769
 308 0.741725 1.99382 1.48445 356.693 334.144 0.0122943
 309 0.799376 1.98064 1.43998 355.727 334.165 0.0095384
 310 0.857917 1.96831 1.39377 354.892 334.519 0.00718002
 311 0.915445 1.95742 1.34713 354.206 335.107 0.00525624
 312 0.970283 1.94856 1.30116 353.68 335.846 0.00378825
 313 1.02095 1.94229 1.25676 353.317 336.659 0.00278623
 314 1.06611 1.93915 1.21474 353.115 337.473 0.00225
 315 1.10459 1.93964 1.17577 353.068 338.219 0.00216822
 316 1.13536 1.9442 1.14044 353.164 338.832 0.00251691
 317 1.15757 1.95313 1.1093 353.387 339.255 0.00325772
 318 1.17059 1.9666 1.08281 353.717 339.445 0.00433647
 319 1.17414 1.98453 1.06133 354.128 339.376 0.00568189
 320 1.16836 2.00654 1.0451 354.589 339.044 0.00720537
 321 1.15397 2.03193 1.03411 355.067 338.47 0.00880208
 322 1.13235 2.05961 1.02804 355.524 337.698 0.0103545
 323 1.10558 2.0882 1.02623 355.925 336.794 0.0117395
 324 1.07632 2.1161 1.02758 356.234 335.832 0.0128398
 325 1.04757 2.14172 1.03071 356.426 334.894 0.013559
 326 1.02222 2.1637 1.03408 356.488 334.051 0.0138382
 327 1.00266 2.18109 1.03625 356.416 333.359 0.0136675
 328 0.990438 2.19345 1.03611 356.226 332.855 0.0130888
 329 0.986129 2.20088 1.03299 355.939 332.556 0.0121857
 330 0.989442 2.20387 1.02669 355.588 332.459 0.0110662
 331 0.99944 2.2032 1.01736 355.204 332.549 0.0098429
 332 1.01479 2.19975 1.00546 354.819 332.802 0.00861889
 333 1.03396 2.19446 0.991575 354.459 333.186 0.00747994
 334 1.05543 2.18821 0.976354 354.146 333.667 0.00649257
 335 1.07772 2.18183 0.960458 353.897 334.208 0.00570509
 336 1.09945 2.17603 0.944516 353.722 334.772 0.00514944
 337 1.11943 2.17146 0.929108 353.626 335.321 0.00484303
 338 1.1366 2.16864 0.914762 353.611 335.82 0.00478994
 339 1.1501 2.16797 0.901938 353.674 336.234 0.0049817
 340 1.15925 2.16971 0.891034 353.807 336.537 0.00539776
 341 1.16364 2.174 0.882361 353.998 336.709 0.00600602
 342 1.16309 2.18077 0.876139 354.233 336.737 0.00676354
 343 1.15773 2.18981 0.872463 354.496 336.622 0.00761785
 344 1.14802 2.20069 0.871289 354.767 336.375 0.00850907
 345 1.13475 2.21284 0.872405 355.026 336.018 0.0093732
 346 1.11902 2.22555 0.875432 355.254 335.583 0.0101465
 347 1.10213 2.23803 0.879833 355.435 335.106 0.0107711
 348 1.08551 2.24953 0.884957 355.555 334.626 0.011201
 349 1.07053 2.25936 0.890106 355.607 334.179 0.0114074
 350 1.05837 2.26701 0.894614 355.589 333.798 0.0113826
 351 1.04988 2.2722 0.897926 355.506 333.506 0.0111402
 352 1.04552 2.27483 0.89965 355.368 333.317 0.010713
 353 1.04535 2.27506 0.899584 355.188 333.236 0.0101474
 354 1.0491 2.27319 0.897706 354.983 333.261 0.0094969
 355 1.05622 2.26963 0.894151 354.77 333.383 0.00881623
 356 1.06596 2.26487 0.889172 354.563 333.586 0.00815623
 357 1.07749 2.25942 0.883095 354.377 333.851 0.00756077
 358 1.08993 2.25377 0.876291 354.222 334.159 0.00706502
 359 1.10245 2.24841 0.869143 354.107 334.485 0.0066947
 360 1.11424 2.24373 0.862026 354.037 334.809 0.00646604
 361 1.12461 2.2401 0.855293 354.014 335.107 0.00638597
 362 1.13298 2.23776 0.849258 354.037 335.361 0.00645252
 363 1.1389 2.23692 0.844189 354.102 335.554 0.00665533
 364 1.14208 2.23763 0.840295 354.204 335.674 0.00697629
 365 1.1424 2.23988 0.837719 354.333 335.715 0.0073905
 366 1.13994 2.24353 0.836524 354.48 335.675 0.00786747
 367 1.13495 2.24837 0.836686 354.635 335.559 0.0083728
 368 1.12786 2.25405 0.838091 354.785 335.379 0.00887026
 369 1.11925 2.26021 0.840539 354.921 335.151 0.00932432
 370 1.10983 2.26641 0.843751 355.032 334.892 0.00970293
 371 1.10035 2.27226 0.847396 355.111 334.624 0.00998021
 372 1.09153 2.27735 0.851115 355.154 334.366 0.0101389
 373 1.08405 2.2814 0.854557 355.159 334.138 0.0101717
 374 1.0784 2.28418 0.857416 355.126 333.953 0.0100821
 375 1.07494 2.28561 0.859451 355.06 333.822 0.00988334
 376 1.07379 2.2857 0.860509 354.968 333.751 0.00959646
 377 1.07492 2.28455 0.860527 354.858 333.741 0.00924808
 378 1.0781 2.28237 0.859529 354.738 333.789 0.00886742
 379 1.083 2.27938 0.857614 354.618 333.888 0.00848369
 380 1.08917 2.27589 0.854939 354.506 334.028 0.00812395
 381 1.09613 2.27217 0.851701 354.409 334.198 0.00781146
 382 1.10336 2.26852 0.84812 354.333 334.384 0.00756458
 383 1.11038 2.26519 0.844423 354.282 334.574 0.0073962
 384 1.11675 2.26242 0.840831 354.258 334.753 0.00731342
 385 1.12207 2.26038 0.837547 354.261 334.911 0.00731761
 386 1.12605 2.2592 0.83475 354.289 335.036 0.00740459
 387 1.12847 2.25895 0.832579 354.34 335.122 0.00756516
 388 1.12925 2.25962 0.831132 354.409 335.163 0.00778567
 389 1.12839 2.26115 0.830462 354.491 335.157 0.00804896
 390 1.12601 2.26342 0.830565 354.579 335.108 0.00833544
 391 1.12234 2.26627 0.831389 354.667 335.02 0.00862433
 392 1.11769 2.26948 0.832831 354.748 334.9 0.00889512
 393 1.11244 2.27281 0.834746 354.818 334.76 0.00912908
 394 1.107 2.27604 0.836957 354.871 334.609 0.00931064
 395 1.10178 2.27895 0.839273 354.904 334.459 0.00942861
 396 1.09716 2.28134 0.841499 354.916 334.322 0.00947704
 397 1.09346 2.28308 0.843458 354.907 334.205 0.00945551
 398 1.0909 2.28409 0.845002 354.877 334.116 0.00936897
 399 1.08963 2.28434 0.846025 354.831 334.06 0.00922707
 400 1.08967 2.28387 0.846466 354.772 334.039 0.00904307
 401 1.09094 2.28275 0.846312 354.706 335.568 0
 402 1.0933 2.2811 0.845596 354.741 336.979 0
 403 1.09433 2.28029 0.845378 354.883 338.289 0
 404 1.09207 2.28132 0.846609 355.133 339.512 0
 405 1.08491 2.28493 0.850157 355.489 340.664 0
 406 1.0716 2.29157 0.85683 355.945 341.757 0
 407 1.0512 2.30142 0.867372 356.492 342.803 0
 408 1.02319 2.31437 0.882442 357.115 343.813 0
 409 0.98747 2.32997 0.902558 357.798 344.794 0
 410 0.94457 2.34742 0.928006 358.516 345.752 0
 411 0.89571 2.36557 0.958719 359.243 346.694 0
 412 0.84289 2.38296 0.994154 359.946 347.619 0
 413 0.788811 2.39797 1.03322 360.592 348.528 0
 414 0.736575 2.40908 1.07434 361.153 349.16 0.001072
 415 0.689166 2.41516 1.11567 361.591 349.472 0.00234586
 416 0.649383 2.41548 1.15514 361.88 349.595 0.00314412
 417 0.619246 2.40993 1.19082 362.017 349.664 0.00340725
 418 0.599338 2.39918 1.22148 362.023 349.784 0.00321446
 419 0.588746 2.38449 1.24676 361.939 350.014 0.00272731
 420 0.585525 2.36738 1.26709 361.811 350.365 0.00213125
 421 0.587296 2.34931 1.2834 361.681 350.814 0.00158436
 422 0.591723 2.33149 1.29678 361.579 351.316 0.00119256
 423 0.596801 2.31483 1.30837 361.525 351.816 0.00100832
 424 0.600988 2.29985 1.31916 361.526 352.266 0.00104015
 425 0.60326 2.28682 1.32992 361.577 352.622 0.00126344
 426 0.603123 2.27568 1.3412 361.668 352.858 0.00163017
 427 0.600588 2.26619 1.35322 361.782 352.965 0.00207778
 428 0.596104 2.25793 1.36597 361.902 352.951 0.00253837
 429 0.590434 2.25041 1.37916 362.008 352.84 0.0029484
 430 0.584495 2.24316 1.39234 362.088 352.665 0.00325808
 431 0.57917 2.23582 1.40501 362.133 352.465 0.00343862
 432 0.575146 2.22816 1.4167 362.142 352.274 0.00348536
 433 0.572817 2.22013 1.42706 362.119 352.118 0.00341581
 434 0.572259 2.21182 1.43592 362.071 352.015 0.00326319
 435 0.573273 2.20344 1.44329 362.009 351.967 0.00306783
 436 0.57547 2.19522 1.44931 361.945 351.97 0.00286891
 437 0.578367 2.18739 1.45425 361.886 352.012 0.00269839
 438 0.581477 2.18015 1.45837 361.84 352.078 0.00257772
 439 0.584369 2.17364 1.46199 361.809 352.149 0.00251705
 440 0.586723 2.16792 1.46536 361.795 352.213 0.00251606
 441 0.588347 2.16298 1.46868 361.796 352.257 0.00256599
 442 0.589188 2.15874 1.47207 361.808 352.275 0.00265226
 443 0.589312 2.15511 1.47558 361.827 352.265 0.0027573
 444 0.58888 2.15193 1.47919 361.847 352.23 0.00286346
 445 0.588113 2.14906 1.48283 361.864 352.176 0.00295551
 446 0.587245 2.14637 1.48638 361.874 352.111 0.00302255
 447 0.586488 2.14377 1.48974 361.878 352.043 0.00305901
 448 0.586003 2.14119 1.4928 361.872 351.979 0.00306475
 449 0.585885 2.13862 1.4955 361.86 351.926 0.00304427
 450 0.586153 2.13606 1.49779 361.843 351.887 0.00300522
 451 0.586768 2.13355 1.49968 361.822 351.862 0.00295679
 452 0.587643 2.13114 1.50122 361.802 351.851 0.002908
 453 0.588664 2.12887 1.50246 361.783 351.85 0.00286639
 454 0.589716 2.1268 1.50348 361.768 351.855 0.00283722
 455 0.590695 2.12495 1.50435 361.756 351.862 0.00282302
 456 0.591522 2.12333 1.50515 361.749 351.867 0.00282375
 457 0.592152 2.12194 1.50591 361.746 351.868 0.00283719
 458 0.592574 2.12075 1.50668 361.746 351.863 0.00285964
 459 0.592807 2.11973 1.50746 361.748 351.851 0.00288667
 460 0.592894 2.11885 1.50825 361.749 351.834 0.00291384
 461 0.592889 2.11807 1.50904 361.751 351.812 0.0029374
 462 0.592853 2.11735 1.5098 361.75 351.788 0.00295468
 463 0.592838 2.11666 1.5105 361.748 351.763 0.00296435
 464 0.592884 2.116 1.51112 361.745 351.74 0.00296639
 465 0.593015 2.11535 1.51164 361.739 351.72 0.0029619
 466 0.593237 2.11471 1.51205 361.732 351.703 0.00295277
 467 0.593541 2.1141 1.51236 361.725 351.69 0.00294124
 468 0.593906 2.11352 1.51257 361.717 351.681 0.00292956
 469 0.594303 2.11298 1.51271 361.71 351.675 0.00291963
 470 0.594704 2.1125 1.51279 361.704 351.67 0.00291279
 471 0.595083 2.11208 1.51283 361.699 351.667 0.00290971
 472 0.595418 2.11173 1.51285 361.695 351.663 0.0029104
 473 0.5957 2.11144 1.51286 361.693 351.658 0.00291434
 474 0.595924 2.1112 1.51288 361.691 351.651 0.00292058
 475 0.596096 2.11101 1.51289 361.689 351.644 0.002928
 476 0.596227 2.11086 1.51292 361.688 351.635 0.00293548
 477 0.59633 2.11073 1.51294 361.687 351.624 0.00294205
 478 0.596421 2.11063 1.51295 361.685 351.614 0.00294702
 479 0.596514 2.11053 1.51296 361.683 351.603 0.00295004
 480 0.596618 2.11044 1.51294 361.681 351.593 0.00295109
 481 0.596742 2.11036 1.5129 361.678 351.584 0.00295045
 482 0.596885 2.11028 1.51284 361.675 351.576 0.00294858
 483 0.597047 2.1102 1.51275 361.672 351.569 0.00294605
 484 0.597222 2.11014 1.51264 361.668 351.563 0.00294343
 485 0.597403 2.11008 1.51251 361.665 351.558 0.00294123
 486 0.597583 2.11004 1.51237 361.663 351.554 0.0029398
 487 0.597755 2.11002 1.51223 361.66 351.55 0.00293931
 488 0.597914 2.11001 1.51208 361.658 351.545 0.00293979
 489 0.598057 2.11001 1.51193 361.656 351.541 0.00294111
 490 0.598182 2.11003 1.51179 361.655 351.537 0.00294302
 491 0.598292 2.11006 1.51164 361.653 351.532 0.00294525
 492 0.598389 2.1101 1.51151 361.652 351.527 0.0029475
 493 0.598476 2.11015 1.51138 361.651 351.522 0.00294952
 494 0.598558 2.1102 1.51124 361.649 351.516 0.00295112
 495 0.598638 2.11025 1.51111 361.648 351.511 0.00295222
 496 0.598719 2.1103 1.51098 361.646 351.506 0.00295279
 497 0.598803 2.11035 1.51084 361.645 351.502 0.00295291
 498 0.598891 2.11041 1.5107 361.643 351.497 0.0029527
 499 0.598982 2.11046 1.51056 361.642 351.493 0.00295229
